MATCHER,NRACTIONS,NRROOTS,NR_INSERT,NR_DELETE,NR_UPDATE,NR_MOVE,NR_TREEINSERT,NR_TREEDELETE,TIME,NROPTIONS,TIMEOUT,GT_BUM_SMT,GT_BUM_SMT_SBUP,GT_BUM_SZT,GT_CD_LSIM,GT_CD_ML,GT_CD_SSIM1,GT_CD_SSIM2,GT_STM_MH,GT_XYM_SIM,GUMTREE_MATCH_GT_MINH,
SimpleGumtree,49,2,0,49,0,0,0,0,4,2,0,,0.1,,,,,,1,,,
SimpleGumtree,49,2,0,49,0,0,0,0,6,2,0,,0.3,,,,,,1,,,
SimpleGumtree,49,2,0,49,0,0,0,0,6,2,0,,0.5,,,,,,1,,,
SimpleGumtree,49,2,0,49,0,0,0,0,6,2,0,,0.7,,,,,,1,,,
SimpleGumtree,49,2,0,49,0,0,0,0,4,2,0,,0.899,,,,,,1,,,
SimpleGumtree,49,2,0,49,0,0,0,0,6,2,0,,0.1,,,,,,2,,,
SimpleGumtree,49,2,0,49,0,0,0,0,6,2,0,,0.3,,,,,,2,,,
SimpleGumtree,49,2,0,49,0,0,0,0,5,2,0,,0.5,,,,,,2,,,
SimpleGumtree,49,2,0,49,0,0,0,0,6,2,0,,0.7,,,,,,2,,,
SimpleGumtree,49,2,0,49,0,0,0,0,6,2,0,,0.899,,,,,,2,,,
SimpleGumtree,49,2,0,49,0,0,0,0,4,2,0,,0.1,,,,,,3,,,
SimpleGumtree,49,2,0,49,0,0,0,0,4,2,0,,0.3,,,,,,3,,,
SimpleGumtree,49,2,0,49,0,0,0,0,6,2,0,,0.5,,,,,,3,,,
SimpleGumtree,49,2,0,49,0,0,0,0,6,2,0,,0.7,,,,,,3,,,
SimpleGumtree,49,2,0,49,0,0,0,0,6,2,0,,0.899,,,,,,3,,,
SimpleGumtree,93,3,22,71,0,0,0,0,6,2,0,,0.1,,,,,,4,,,
SimpleGumtree,93,3,22,71,0,0,0,0,5,2,0,,0.3,,,,,,4,,,
SimpleGumtree,93,3,22,71,0,0,0,0,5,2,0,,0.5,,,,,,4,,,
SimpleGumtree,93,3,22,71,0,0,0,0,5,2,0,,0.7,,,,,,4,,,
SimpleGumtree,93,3,22,71,0,0,0,0,4,2,0,,0.899,,,,,,4,,,
SimpleGumtree,93,3,22,71,0,0,0,0,4,2,0,,0.1,,,,,,5,,,
SimpleGumtree,93,3,22,71,0,0,0,0,6,2,0,,0.3,,,,,,5,,,
SimpleGumtree,93,3,22,71,0,0,0,0,4,2,0,,0.5,,,,,,5,,,
SimpleGumtree,93,3,22,71,0,0,0,0,4,2,0,,0.7,,,,,,5,,,
SimpleGumtree,93,3,22,71,0,0,0,0,4,2,0,,0.899,,,,,,5,,,
ClassicGumtree,53,6,2,51,0,0,0,0,6,3,0,0.1,,100,,,,,1,,,
ClassicGumtree,53,6,2,51,0,0,0,0,6,3,0,0.2,,100,,,,,1,,,
ClassicGumtree,53,6,2,51,0,0,0,0,4,3,0,0.3,,100,,,,,1,,,
ClassicGumtree,53,6,2,51,0,0,0,0,6,3,0,0.4,,100,,,,,1,,,
ClassicGumtree,53,6,2,51,0,0,0,0,4,3,0,0.5,,100,,,,,1,,,
ClassicGumtree,53,6,2,51,0,0,0,0,6,3,0,0.6,,100,,,,,1,,,
ClassicGumtree,53,6,2,51,0,0,0,0,4,3,0,0.7,,100,,,,,1,,,
ClassicGumtree,58,10,3,52,0,3,0,0,5,3,0,0.799,,100,,,,,1,,,
ClassicGumtree,72,23,4,53,0,15,0,0,6,3,0,0.899,,100,,,,,1,,,
ClassicGumtree,111,54,5,54,0,52,0,0,6,3,0,0.999,,100,,,,,1,,,
ClassicGumtree,53,6,2,51,0,0,0,0,76,3,0,0.1,,200,,,,,1,,,
ClassicGumtree,53,6,2,51,0,0,0,0,34,3,0,0.2,,200,,,,,1,,,
ClassicGumtree,53,6,2,51,0,0,0,0,76,3,0,0.3,,200,,,,,1,,,
ClassicGumtree,53,6,2,51,0,0,0,0,76,3,0,0.4,,200,,,,,1,,,
ClassicGumtree,53,6,2,51,0,0,0,0,76,3,0,0.5,,200,,,,,1,,,
ClassicGumtree,53,6,2,51,0,0,0,0,59,3,0,0.6,,200,,,,,1,,,
ClassicGumtree,53,6,2,51,0,0,0,0,77,3,0,0.7,,200,,,,,1,,,
ClassicGumtree,58,10,3,52,0,3,0,0,76,3,0,0.799,,200,,,,,1,,,
ClassicGumtree,72,23,4,53,0,15,0,0,5,3,0,0.899,,200,,,,,1,,,
ClassicGumtree,111,54,5,54,0,52,0,0,6,3,0,0.999,,200,,,,,1,,,
ClassicGumtree,53,6,2,51,0,0,0,0,77,3,0,0.1,,300,,,,,1,,,
ClassicGumtree,53,6,2,51,0,0,0,0,74,3,0,0.2,,300,,,,,1,,,
ClassicGumtree,53,6,2,51,0,0,0,0,34,3,0,0.3,,300,,,,,1,,,
ClassicGumtree,53,6,2,51,0,0,0,0,42,3,0,0.4,,300,,,,,1,,,
ClassicGumtree,53,6,2,51,0,0,0,0,33,3,0,0.5,,300,,,,,1,,,
ClassicGumtree,53,6,2,51,0,0,0,0,71,3,0,0.6,,300,,,,,1,,,
ClassicGumtree,53,6,2,51,0,0,0,0,77,3,0,0.7,,300,,,,,1,,,
ClassicGumtree,58,10,3,52,0,3,0,0,76,3,0,0.799,,300,,,,,1,,,
ClassicGumtree,72,23,4,53,0,15,0,0,6,3,0,0.899,,300,,,,,1,,,
ClassicGumtree,111,54,5,54,0,52,0,0,5,3,0,0.999,,300,,,,,1,,,
ClassicGumtree,53,6,2,51,0,0,0,0,76,3,0,0.1,,400,,,,,1,,,
ClassicGumtree,53,6,2,51,0,0,0,0,76,3,0,0.2,,400,,,,,1,,,
ClassicGumtree,53,6,2,51,0,0,0,0,71,3,0,0.3,,400,,,,,1,,,
ClassicGumtree,53,6,2,51,0,0,0,0,77,3,0,0.4,,400,,,,,1,,,
ClassicGumtree,53,6,2,51,0,0,0,0,76,3,0,0.5,,400,,,,,1,,,
ClassicGumtree,53,6,2,51,0,0,0,0,34,3,0,0.6,,400,,,,,1,,,
ClassicGumtree,53,6,2,51,0,0,0,0,41,3,0,0.7,,400,,,,,1,,,
ClassicGumtree,58,10,3,52,0,3,0,0,33,3,0,0.799,,400,,,,,1,,,
ClassicGumtree,72,23,4,53,0,15,0,0,4,3,0,0.899,,400,,,,,1,,,
ClassicGumtree,111,54,5,54,0,52,0,0,6,3,0,0.999,,400,,,,,1,,,
ClassicGumtree,53,6,2,51,0,0,0,0,41,3,0,0.1,,500,,,,,1,,,
ClassicGumtree,53,6,2,51,0,0,0,0,72,3,0,0.2,,500,,,,,1,,,
ClassicGumtree,53,6,2,51,0,0,0,0,76,3,0,0.3,,500,,,,,1,,,
ClassicGumtree,53,6,2,51,0,0,0,0,76,3,0,0.4,,500,,,,,1,,,
ClassicGumtree,53,6,2,51,0,0,0,0,76,3,0,0.5,,500,,,,,1,,,
ClassicGumtree,53,6,2,51,0,0,0,0,70,3,0,0.6,,500,,,,,1,,,
ClassicGumtree,53,6,2,51,0,0,0,0,76,3,0,0.7,,500,,,,,1,,,
ClassicGumtree,58,10,3,52,0,3,0,0,75,3,0,0.799,,500,,,,,1,,,
ClassicGumtree,72,23,4,53,0,15,0,0,5,3,0,0.899,,500,,,,,1,,,
ClassicGumtree,111,54,5,54,0,52,0,0,5,3,0,0.999,,500,,,,,1,,,
ClassicGumtree,53,6,2,51,0,0,0,0,34,3,0,0.1,,600,,,,,1,,,
ClassicGumtree,53,6,2,51,0,0,0,0,77,3,0,0.2,,600,,,,,1,,,
ClassicGumtree,53,6,2,51,0,0,0,0,41,3,0,0.3,,600,,,,,1,,,
ClassicGumtree,53,6,2,51,0,0,0,0,33,3,0,0.4,,600,,,,,1,,,
ClassicGumtree,53,6,2,51,0,0,0,0,62,3,0,0.5,,600,,,,,1,,,
ClassicGumtree,53,6,2,51,0,0,0,0,70,3,0,0.6,,600,,,,,1,,,
ClassicGumtree,53,6,2,51,0,0,0,0,39,3,0,0.7,,600,,,,,1,,,
ClassicGumtree,58,10,3,52,0,3,0,0,75,3,0,0.799,,600,,,,,1,,,
ClassicGumtree,72,23,4,53,0,15,0,0,5,3,0,0.899,,600,,,,,1,,,
ClassicGumtree,111,54,5,54,0,52,0,0,6,3,0,0.999,,600,,,,,1,,,
ClassicGumtree,53,6,2,51,0,0,0,0,34,3,0,0.1,,700,,,,,1,,,
ClassicGumtree,53,6,2,51,0,0,0,0,74,3,0,0.2,,700,,,,,1,,,
ClassicGumtree,53,6,2,51,0,0,0,0,75,3,0,0.3,,700,,,,,1,,,
ClassicGumtree,53,6,2,51,0,0,0,0,75,3,0,0.4,,700,,,,,1,,,
ClassicGumtree,53,6,2,51,0,0,0,0,75,3,0,0.5,,700,,,,,1,,,
ClassicGumtree,53,6,2,51,0,0,0,0,74,3,0,0.6,,700,,,,,1,,,
ClassicGumtree,53,6,2,51,0,0,0,0,34,3,0,0.7,,700,,,,,1,,,
ClassicGumtree,58,10,3,52,0,3,0,0,33,3,0,0.799,,700,,,,,1,,,
ClassicGumtree,72,23,4,53,0,15,0,0,4,3,0,0.899,,700,,,,,1,,,
ClassicGumtree,111,54,5,54,0,52,0,0,3,3,0,0.999,,700,,,,,1,,,
ClassicGumtree,53,6,2,51,0,0,0,0,41,3,0,0.1,,800,,,,,1,,,
ClassicGumtree,53,6,2,51,0,0,0,0,67,3,0,0.2,,800,,,,,1,,,
ClassicGumtree,53,6,2,51,0,0,0,0,34,3,0,0.3,,800,,,,,1,,,
ClassicGumtree,53,6,2,51,0,0,0,0,34,3,0,0.4,,800,,,,,1,,,
ClassicGumtree,53,6,2,51,0,0,0,0,42,3,0,0.5,,800,,,,,1,,,
ClassicGumtree,53,6,2,51,0,0,0,0,41,3,0,0.6,,800,,,,,1,,,
ClassicGumtree,53,6,2,51,0,0,0,0,76,3,0,0.7,,800,,,,,1,,,
ClassicGumtree,58,10,3,52,0,3,0,0,75,3,0,0.799,,800,,,,,1,,,
ClassicGumtree,72,23,4,53,0,15,0,0,5,3,0,0.899,,800,,,,,1,,,
ClassicGumtree,111,54,5,54,0,52,0,0,6,3,0,0.999,,800,,,,,1,,,
ClassicGumtree,53,6,2,51,0,0,0,0,75,3,0,0.1,,900,,,,,1,,,
ClassicGumtree,53,6,2,51,0,0,0,0,74,3,0,0.2,,900,,,,,1,,,
ClassicGumtree,53,6,2,51,0,0,0,0,40,3,0,0.3,,900,,,,,1,,,
ClassicGumtree,53,6,2,51,0,0,0,0,34,3,0,0.4,,900,,,,,1,,,
ClassicGumtree,53,6,2,51,0,0,0,0,34,3,0,0.5,,900,,,,,1,,,
ClassicGumtree,53,6,2,51,0,0,0,0,51,3,0,0.6,,900,,,,,1,,,
ClassicGumtree,53,6,2,51,0,0,0,0,41,3,0,0.7,,900,,,,,1,,,
ClassicGumtree,58,10,3,52,0,3,0,0,40,3,0,0.799,,900,,,,,1,,,
ClassicGumtree,72,23,4,53,0,15,0,0,3,3,0,0.899,,900,,,,,1,,,
ClassicGumtree,111,54,5,54,0,52,0,0,3,3,0,0.999,,900,,,,,1,,,
ClassicGumtree,53,6,2,51,0,0,0,0,34,3,0,0.1,,1000,,,,,1,,,
ClassicGumtree,53,6,2,51,0,0,0,0,35,3,0,0.2,,1000,,,,,1,,,
ClassicGumtree,53,6,2,51,0,0,0,0,41,3,0,0.3,,1000,,,,,1,,,
ClassicGumtree,53,6,2,51,0,0,0,0,45,3,0,0.4,,1000,,,,,1,,,
ClassicGumtree,53,6,2,51,0,0,0,0,72,3,0,0.5,,1000,,,,,1,,,
ClassicGumtree,53,6,2,51,0,0,0,0,41,3,0,0.6,,1000,,,,,1,,,
ClassicGumtree,53,6,2,51,0,0,0,0,53,3,0,0.7,,1000,,,,,1,,,
ClassicGumtree,58,10,3,52,0,3,0,0,66,3,0,0.799,,1000,,,,,1,,,
ClassicGumtree,72,23,4,53,0,15,0,0,4,3,0,0.899,,1000,,,,,1,,,
ClassicGumtree,111,54,5,54,0,52,0,0,4,3,0,0.999,,1000,,,,,1,,,
ClassicGumtree,53,6,2,51,0,0,0,0,36,3,0,0.1,,1100,,,,,1,,,
ClassicGumtree,53,6,2,51,0,0,0,0,41,3,0,0.2,,1100,,,,,1,,,
ClassicGumtree,53,6,2,51,0,0,0,0,37,3,0,0.3,,1100,,,,,1,,,
ClassicGumtree,53,6,2,51,0,0,0,0,36,3,0,0.4,,1100,,,,,1,,,
ClassicGumtree,53,6,2,51,0,0,0,0,41,3,0,0.5,,1100,,,,,1,,,
ClassicGumtree,53,6,2,51,0,0,0,0,40,3,0,0.6,,1100,,,,,1,,,
ClassicGumtree,53,6,2,51,0,0,0,0,41,3,0,0.7,,1100,,,,,1,,,
ClassicGumtree,58,10,3,52,0,3,0,0,36,3,0,0.799,,1100,,,,,1,,,
ClassicGumtree,72,23,4,53,0,15,0,0,3,3,0,0.899,,1100,,,,,1,,,
ClassicGumtree,111,54,5,54,0,52,0,0,3,3,0,0.999,,1100,,,,,1,,,
ClassicGumtree,53,6,2,51,0,0,0,0,36,3,0,0.1,,1200,,,,,1,,,
ClassicGumtree,53,6,2,51,0,0,0,0,41,3,0,0.2,,1200,,,,,1,,,
ClassicGumtree,53,6,2,51,0,0,0,0,36,3,0,0.3,,1200,,,,,1,,,
ClassicGumtree,53,6,2,51,0,0,0,0,40,3,0,0.4,,1200,,,,,1,,,
ClassicGumtree,53,6,2,51,0,0,0,0,41,3,0,0.5,,1200,,,,,1,,,
ClassicGumtree,53,6,2,51,0,0,0,0,41,3,0,0.6,,1200,,,,,1,,,
ClassicGumtree,53,6,2,51,0,0,0,0,41,3,0,0.7,,1200,,,,,1,,,
ClassicGumtree,58,10,3,52,0,3,0,0,41,3,0,0.799,,1200,,,,,1,,,
ClassicGumtree,72,23,4,53,0,15,0,0,4,3,0,0.899,,1200,,,,,1,,,
ClassicGumtree,111,54,5,54,0,52,0,0,3,3,0,0.999,,1200,,,,,1,,,
ClassicGumtree,49,2,0,49,0,0,0,0,4050,3,0,0.1,,1300,,,,,1,,,
ClassicGumtree,49,2,0,49,0,0,0,0,4037,3,0,0.2,,1300,,,,,1,,,
ClassicGumtree,49,2,0,49,0,0,0,0,4037,3,0,0.3,,1300,,,,,1,,,
ClassicGumtree,49,2,0,49,0,0,0,0,4038,3,0,0.4,,1300,,,,,1,,,
ClassicGumtree,49,2,0,49,0,0,0,0,4045,3,0,0.5,,1300,,,,,1,,,
ClassicGumtree,49,2,0,49,0,0,0,0,4050,3,0,0.6,,1300,,,,,1,,,
ClassicGumtree,49,2,0,49,0,0,0,0,4052,3,0,0.7,,1300,,,,,1,,,
ClassicGumtree,49,2,0,49,0,0,0,0,4057,3,0,0.799,,1300,,,,,1,,,
ClassicGumtree,49,2,0,49,0,0,0,0,4027,3,0,0.899,,1300,,,,,1,,,
ClassicGumtree,49,2,0,49,0,0,0,0,2024,3,0,0.999,,1300,,,,,1,,,
ClassicGumtree,49,2,0,49,0,0,0,0,4011,3,0,0.1,,1400,,,,,1,,,
ClassicGumtree,49,2,0,49,0,0,0,0,4061,3,0,0.2,,1400,,,,,1,,,
ClassicGumtree,49,2,0,49,0,0,0,0,4087,3,0,0.3,,1400,,,,,1,,,
ClassicGumtree,49,2,0,49,0,0,0,0,4086,3,0,0.4,,1400,,,,,1,,,
ClassicGumtree,49,2,0,49,0,0,0,0,4062,3,0,0.5,,1400,,,,,1,,,
ClassicGumtree,49,2,0,49,0,0,0,0,4070,3,0,0.6,,1400,,,,,1,,,
ClassicGumtree,49,2,0,49,0,0,0,0,4085,3,0,0.7,,1400,,,,,1,,,
ClassicGumtree,49,2,0,49,0,0,0,0,4065,3,0,0.799,,1400,,,,,1,,,
ClassicGumtree,49,2,0,49,0,0,0,0,4038,3,0,0.899,,1400,,,,,1,,,
ClassicGumtree,49,2,0,49,0,0,0,0,2004,3,0,0.999,,1400,,,,,1,,,
ClassicGumtree,49,2,0,49,0,0,0,0,4067,3,0,0.1,,1500,,,,,1,,,
ClassicGumtree,49,2,0,49,0,0,0,0,4075,3,0,0.2,,1500,,,,,1,,,
ClassicGumtree,49,2,0,49,0,0,0,0,4019,3,0,0.3,,1500,,,,,1,,,
ClassicGumtree,49,2,0,49,0,0,0,0,4016,3,0,0.4,,1500,,,,,1,,,
ClassicGumtree,49,2,0,49,0,0,0,0,4014,3,0,0.5,,1500,,,,,1,,,
ClassicGumtree,49,2,0,49,0,0,0,0,4003,3,0,0.6,,1500,,,,,1,,,
ClassicGumtree,49,2,0,49,0,0,0,0,4012,3,0,0.7,,1500,,,,,1,,,
ClassicGumtree,49,2,0,49,0,0,0,0,4008,3,0,0.799,,1500,,,,,1,,,
ClassicGumtree,49,2,0,49,0,0,0,0,3974,3,0,0.899,,1500,,,,,1,,,
ClassicGumtree,49,2,0,49,0,0,0,0,1986,3,0,0.999,,1500,,,,,1,,,
ClassicGumtree,49,2,0,49,0,0,0,0,4047,3,0,0.1,,1600,,,,,1,,,
ClassicGumtree,49,2,0,49,0,0,0,0,4045,3,0,0.2,,1600,,,,,1,,,
ClassicGumtree,49,2,0,49,0,0,0,0,4048,3,0,0.3,,1600,,,,,1,,,
ClassicGumtree,49,2,0,49,0,0,0,0,4045,3,0,0.4,,1600,,,,,1,,,
ClassicGumtree,49,2,0,49,0,0,0,0,4043,3,0,0.5,,1600,,,,,1,,,
ClassicGumtree,49,2,0,49,0,0,0,0,4038,3,0,0.6,,1600,,,,,1,,,
ClassicGumtree,49,2,0,49,0,0,0,0,4039,3,0,0.7,,1600,,,,,1,,,
ClassicGumtree,49,2,0,49,0,0,0,0,4044,3,0,0.799,,1600,,,,,1,,,
ClassicGumtree,49,2,0,49,0,0,0,0,4010,3,0,0.899,,1600,,,,,1,,,
ClassicGumtree,49,2,0,49,0,0,0,0,2016,3,0,0.999,,1600,,,,,1,,,
ClassicGumtree,49,2,0,49,0,0,0,0,4011,3,0,0.1,,1700,,,,,1,,,
ClassicGumtree,49,2,0,49,0,0,0,0,4010,3,0,0.2,,1700,,,,,1,,,
ClassicGumtree,49,2,0,49,0,0,0,0,4008,3,0,0.3,,1700,,,,,1,,,
ClassicGumtree,49,2,0,49,0,0,0,0,4023,3,0,0.4,,1700,,,,,1,,,
ClassicGumtree,49,2,0,49,0,0,0,0,4062,3,0,0.5,,1700,,,,,1,,,
ClassicGumtree,49,2,0,49,0,0,0,0,4062,3,0,0.6,,1700,,,,,1,,,
ClassicGumtree,49,2,0,49,0,0,0,0,4051,3,0,0.7,,1700,,,,,1,,,
ClassicGumtree,49,2,0,49,0,0,0,0,4069,3,0,0.799,,1700,,,,,1,,,
ClassicGumtree,49,2,0,49,0,0,0,0,4037,3,0,0.899,,1700,,,,,1,,,
ClassicGumtree,49,2,0,49,0,0,0,0,1991,3,0,0.999,,1700,,,,,1,,,
ClassicGumtree,49,2,0,49,0,0,0,0,4059,3,0,0.1,,1800,,,,,1,,,
ClassicGumtree,49,2,0,49,0,0,0,0,4050,3,0,0.2,,1800,,,,,1,,,
ClassicGumtree,49,2,0,49,0,0,0,0,4063,3,0,0.3,,1800,,,,,1,,,
ClassicGumtree,49,2,0,49,0,0,0,0,4061,3,0,0.4,,1800,,,,,1,,,
ClassicGumtree,49,2,0,49,0,0,0,0,4058,3,0,0.5,,1800,,,,,1,,,
ClassicGumtree,49,2,0,49,0,0,0,0,4026,3,0,0.6,,1800,,,,,1,,,
ClassicGumtree,49,2,0,49,0,0,0,0,4014,3,0,0.7,,1800,,,,,1,,,
ClassicGumtree,49,2,0,49,0,0,0,0,4019,3,0,0.799,,1800,,,,,1,,,
ClassicGumtree,49,2,0,49,0,0,0,0,4004,3,0,0.899,,1800,,,,,1,,,
ClassicGumtree,49,2,0,49,0,0,0,0,1995,3,0,0.999,,1800,,,,,1,,,
ClassicGumtree,49,2,0,49,0,0,0,0,4048,3,0,0.1,,1900,,,,,1,,,
ClassicGumtree,49,2,0,49,0,0,0,0,4050,3,0,0.2,,1900,,,,,1,,,
ClassicGumtree,49,2,0,49,0,0,0,0,4073,3,0,0.3,,1900,,,,,1,,,
ClassicGumtree,49,2,0,49,0,0,0,0,4082,3,0,0.4,,1900,,,,,1,,,
ClassicGumtree,49,2,0,49,0,0,0,0,4044,3,0,0.5,,1900,,,,,1,,,
ClassicGumtree,49,2,0,49,0,0,0,0,4053,3,0,0.6,,1900,,,,,1,,,
ClassicGumtree,49,2,0,49,0,0,0,0,4087,3,0,0.7,,1900,,,,,1,,,
ClassicGumtree,49,2,0,49,0,0,0,0,4043,3,0,0.799,,1900,,,,,1,,,
ClassicGumtree,49,2,0,49,0,0,0,0,4046,3,0,0.899,,1900,,,,,1,,,
ClassicGumtree,49,2,0,49,0,0,0,0,2029,3,0,0.999,,1900,,,,,1,,,
ClassicGumtree,49,2,0,49,0,0,0,0,4027,3,0,0.1,,2000,,,,,1,,,
ClassicGumtree,49,2,0,49,0,0,0,0,4029,3,0,0.2,,2000,,,,,1,,,
ClassicGumtree,49,2,0,49,0,0,0,0,4013,3,0,0.3,,2000,,,,,1,,,
ClassicGumtree,49,2,0,49,0,0,0,0,4021,3,0,0.4,,2000,,,,,1,,,
ClassicGumtree,49,2,0,49,0,0,0,0,4045,3,0,0.5,,2000,,,,,1,,,
ClassicGumtree,49,2,0,49,0,0,0,0,4055,3,0,0.6,,2000,,,,,1,,,
ClassicGumtree,49,2,0,49,0,0,0,0,4019,3,0,0.7,,2000,,,,,1,,,
ClassicGumtree,49,2,0,49,0,0,0,0,4067,3,0,0.799,,2000,,,,,1,,,
ClassicGumtree,49,2,0,49,0,0,0,0,4036,3,0,0.899,,2000,,,,,1,,,
ClassicGumtree,49,2,0,49,0,0,0,0,2001,3,0,0.999,,2000,,,,,1,,,
ClassicGumtree,61,10,6,55,0,0,0,0,3,3,0,0.1,,100,,,,,2,,,
ClassicGumtree,61,10,6,55,0,0,0,0,4,3,0,0.2,,100,,,,,2,,,
ClassicGumtree,61,10,6,55,0,0,0,0,3,3,0,0.3,,100,,,,,2,,,
ClassicGumtree,61,10,6,55,0,0,0,0,3,3,0,0.4,,100,,,,,2,,,
ClassicGumtree,61,10,6,55,0,0,0,0,3,3,0,0.5,,100,,,,,2,,,
ClassicGumtree,61,10,6,55,0,0,0,0,3,3,0,0.6,,100,,,,,2,,,
ClassicGumtree,61,10,6,55,0,0,0,0,3,3,0,0.7,,100,,,,,2,,,
ClassicGumtree,69,13,9,58,0,2,0,0,3,3,0,0.799,,100,,,,,2,,,
ClassicGumtree,82,23,10,59,0,13,0,0,3,3,0,0.899,,100,,,,,2,,,
ClassicGumtree,120,51,11,60,0,49,0,0,4,3,0,0.999,,100,,,,,2,,,
ClassicGumtree,57,8,4,53,0,0,0,0,38,3,0,0.1,,200,,,,,2,,,
ClassicGumtree,57,8,4,53,0,0,0,0,38,3,0,0.2,,200,,,,,2,,,
ClassicGumtree,57,8,4,53,0,0,0,0,38,3,0,0.3,,200,,,,,2,,,
ClassicGumtree,57,8,4,53,0,0,0,0,38,3,0,0.4,,200,,,,,2,,,
ClassicGumtree,57,8,4,53,0,0,0,0,38,3,0,0.5,,200,,,,,2,,,
ClassicGumtree,57,8,4,53,0,0,0,0,38,3,0,0.6,,200,,,,,2,,,
ClassicGumtree,57,8,4,53,0,0,0,0,39,3,0,0.7,,200,,,,,2,,,
ClassicGumtree,65,11,7,56,0,2,0,0,37,3,0,0.799,,200,,,,,2,,,
ClassicGumtree,82,23,10,59,0,13,0,0,3,3,0,0.899,,200,,,,,2,,,
ClassicGumtree,120,51,11,60,0,49,0,0,3,3,0,0.999,,200,,,,,2,,,
ClassicGumtree,57,8,4,53,0,0,0,0,38,3,0,0.1,,300,,,,,2,,,
ClassicGumtree,57,8,4,53,0,0,0,0,38,3,0,0.2,,300,,,,,2,,,
ClassicGumtree,57,8,4,53,0,0,0,0,37,3,0,0.3,,300,,,,,2,,,
ClassicGumtree,57,8,4,53,0,0,0,0,37,3,0,0.4,,300,,,,,2,,,
ClassicGumtree,57,8,4,53,0,0,0,0,38,3,0,0.5,,300,,,,,2,,,
ClassicGumtree,57,8,4,53,0,0,0,0,37,3,0,0.6,,300,,,,,2,,,
ClassicGumtree,57,8,4,53,0,0,0,0,39,3,0,0.7,,300,,,,,2,,,
ClassicGumtree,65,11,7,56,0,2,0,0,38,3,0,0.799,,300,,,,,2,,,
ClassicGumtree,82,23,10,59,0,13,0,0,3,3,0,0.899,,300,,,,,2,,,
ClassicGumtree,120,51,11,60,0,49,0,0,3,3,0,0.999,,300,,,,,2,,,
ClassicGumtree,57,8,4,53,0,0,0,0,38,3,0,0.1,,400,,,,,2,,,
ClassicGumtree,57,8,4,53,0,0,0,0,39,3,0,0.2,,400,,,,,2,,,
ClassicGumtree,57,8,4,53,0,0,0,0,38,3,0,0.3,,400,,,,,2,,,
ClassicGumtree,57,8,4,53,0,0,0,0,38,3,0,0.4,,400,,,,,2,,,
ClassicGumtree,57,8,4,53,0,0,0,0,38,3,0,0.5,,400,,,,,2,,,
ClassicGumtree,57,8,4,53,0,0,0,0,39,3,0,0.6,,400,,,,,2,,,
ClassicGumtree,57,8,4,53,0,0,0,0,38,3,0,0.7,,400,,,,,2,,,
ClassicGumtree,65,11,7,56,0,2,0,0,37,3,0,0.799,,400,,,,,2,,,
ClassicGumtree,82,23,10,59,0,13,0,0,3,3,0,0.899,,400,,,,,2,,,
ClassicGumtree,120,51,11,60,0,49,0,0,3,3,0,0.999,,400,,,,,2,,,
ClassicGumtree,57,8,4,53,0,0,0,0,38,3,0,0.1,,500,,,,,2,,,
ClassicGumtree,57,8,4,53,0,0,0,0,37,3,0,0.2,,500,,,,,2,,,
ClassicGumtree,57,8,4,53,0,0,0,0,38,3,0,0.3,,500,,,,,2,,,
ClassicGumtree,57,8,4,53,0,0,0,0,38,3,0,0.4,,500,,,,,2,,,
ClassicGumtree,57,8,4,53,0,0,0,0,38,3,0,0.5,,500,,,,,2,,,
ClassicGumtree,57,8,4,53,0,0,0,0,37,3,0,0.6,,500,,,,,2,,,
ClassicGumtree,57,8,4,53,0,0,0,0,37,3,0,0.7,,500,,,,,2,,,
ClassicGumtree,65,11,7,56,0,2,0,0,38,3,0,0.799,,500,,,,,2,,,
ClassicGumtree,82,23,10,59,0,13,0,0,3,3,0,0.899,,500,,,,,2,,,
ClassicGumtree,120,51,11,60,0,49,0,0,4,3,0,0.999,,500,,,,,2,,,
ClassicGumtree,57,8,4,53,0,0,0,0,38,3,0,0.1,,600,,,,,2,,,
ClassicGumtree,57,8,4,53,0,0,0,0,38,3,0,0.2,,600,,,,,2,,,
ClassicGumtree,57,8,4,53,0,0,0,0,37,3,0,0.3,,600,,,,,2,,,
ClassicGumtree,57,8,4,53,0,0,0,0,38,3,0,0.4,,600,,,,,2,,,
ClassicGumtree,57,8,4,53,0,0,0,0,38,3,0,0.5,,600,,,,,2,,,
ClassicGumtree,57,8,4,53,0,0,0,0,39,3,0,0.6,,600,,,,,2,,,
ClassicGumtree,57,8,4,53,0,0,0,0,38,3,0,0.7,,600,,,,,2,,,
ClassicGumtree,65,11,7,56,0,2,0,0,38,3,0,0.799,,600,,,,,2,,,
ClassicGumtree,82,23,10,59,0,13,0,0,3,3,0,0.899,,600,,,,,2,,,
ClassicGumtree,120,51,11,60,0,49,0,0,3,3,0,0.999,,600,,,,,2,,,
ClassicGumtree,57,8,4,53,0,0,0,0,38,3,0,0.1,,700,,,,,2,,,
ClassicGumtree,57,8,4,53,0,0,0,0,38,3,0,0.2,,700,,,,,2,,,
ClassicGumtree,57,8,4,53,0,0,0,0,39,3,0,0.3,,700,,,,,2,,,
ClassicGumtree,57,8,4,53,0,0,0,0,39,3,0,0.4,,700,,,,,2,,,
ClassicGumtree,57,8,4,53,0,0,0,0,38,3,0,0.5,,700,,,,,2,,,
ClassicGumtree,57,8,4,53,0,0,0,0,37,3,0,0.6,,700,,,,,2,,,
ClassicGumtree,57,8,4,53,0,0,0,0,38,3,0,0.7,,700,,,,,2,,,
ClassicGumtree,65,11,7,56,0,2,0,0,37,3,0,0.799,,700,,,,,2,,,
ClassicGumtree,82,23,10,59,0,13,0,0,3,3,0,0.899,,700,,,,,2,,,
ClassicGumtree,120,51,11,60,0,49,0,0,3,3,0,0.999,,700,,,,,2,,,
ClassicGumtree,57,8,4,53,0,0,0,0,38,3,0,0.1,,800,,,,,2,,,
ClassicGumtree,57,8,4,53,0,0,0,0,37,3,0,0.2,,800,,,,,2,,,
ClassicGumtree,57,8,4,53,0,0,0,0,38,3,0,0.3,,800,,,,,2,,,
ClassicGumtree,57,8,4,53,0,0,0,0,38,3,0,0.4,,800,,,,,2,,,
ClassicGumtree,57,8,4,53,0,0,0,0,38,3,0,0.5,,800,,,,,2,,,
ClassicGumtree,57,8,4,53,0,0,0,0,38,3,0,0.6,,800,,,,,2,,,
ClassicGumtree,57,8,4,53,0,0,0,0,38,3,0,0.7,,800,,,,,2,,,
ClassicGumtree,65,11,7,56,0,2,0,0,38,3,0,0.799,,800,,,,,2,,,
ClassicGumtree,82,23,10,59,0,13,0,0,3,3,0,0.899,,800,,,,,2,,,
ClassicGumtree,120,51,11,60,0,49,0,0,4,3,0,0.999,,800,,,,,2,,,
ClassicGumtree,57,8,4,53,0,0,0,0,38,3,0,0.1,,900,,,,,2,,,
ClassicGumtree,57,8,4,53,0,0,0,0,38,3,0,0.2,,900,,,,,2,,,
ClassicGumtree,57,8,4,53,0,0,0,0,38,3,0,0.3,,900,,,,,2,,,
ClassicGumtree,57,8,4,53,0,0,0,0,37,3,0,0.4,,900,,,,,2,,,
ClassicGumtree,57,8,4,53,0,0,0,0,38,3,0,0.5,,900,,,,,2,,,
ClassicGumtree,57,8,4,53,0,0,0,0,38,3,0,0.6,,900,,,,,2,,,
ClassicGumtree,57,8,4,53,0,0,0,0,38,3,0,0.7,,900,,,,,2,,,
ClassicGumtree,65,11,7,56,0,2,0,0,37,3,0,0.799,,900,,,,,2,,,
ClassicGumtree,82,23,10,59,0,13,0,0,3,3,0,0.899,,900,,,,,2,,,
ClassicGumtree,120,51,11,60,0,49,0,0,3,3,0,0.999,,900,,,,,2,,,
ClassicGumtree,57,8,4,53,0,0,0,0,38,3,0,0.1,,1000,,,,,2,,,
ClassicGumtree,57,8,4,53,0,0,0,0,38,3,0,0.2,,1000,,,,,2,,,
ClassicGumtree,57,8,4,53,0,0,0,0,38,3,0,0.3,,1000,,,,,2,,,
ClassicGumtree,57,8,4,53,0,0,0,0,38,3,0,0.4,,1000,,,,,2,,,
ClassicGumtree,57,8,4,53,0,0,0,0,38,3,0,0.5,,1000,,,,,2,,,
ClassicGumtree,57,8,4,53,0,0,0,0,39,3,0,0.6,,1000,,,,,2,,,
ClassicGumtree,57,8,4,53,0,0,0,0,38,3,0,0.7,,1000,,,,,2,,,
ClassicGumtree,65,11,7,56,0,2,0,0,38,3,0,0.799,,1000,,,,,2,,,
ClassicGumtree,82,23,10,59,0,13,0,0,3,3,0,0.899,,1000,,,,,2,,,
ClassicGumtree,120,51,11,60,0,49,0,0,3,3,0,0.999,,1000,,,,,2,,,
ClassicGumtree,57,8,4,53,0,0,0,0,38,3,0,0.1,,1100,,,,,2,,,
ClassicGumtree,57,8,4,53,0,0,0,0,38,3,0,0.2,,1100,,,,,2,,,
ClassicGumtree,57,8,4,53,0,0,0,0,38,3,0,0.3,,1100,,,,,2,,,
ClassicGumtree,57,8,4,53,0,0,0,0,38,3,0,0.4,,1100,,,,,2,,,
ClassicGumtree,57,8,4,53,0,0,0,0,38,3,0,0.5,,1100,,,,,2,,,
ClassicGumtree,57,8,4,53,0,0,0,0,38,3,0,0.6,,1100,,,,,2,,,
ClassicGumtree,57,8,4,53,0,0,0,0,38,3,0,0.7,,1100,,,,,2,,,
ClassicGumtree,65,11,7,56,0,2,0,0,37,3,0,0.799,,1100,,,,,2,,,
ClassicGumtree,82,23,10,59,0,13,0,0,3,3,0,0.899,,1100,,,,,2,,,
ClassicGumtree,120,51,11,60,0,49,0,0,3,3,0,0.999,,1100,,,,,2,,,
ClassicGumtree,57,8,4,53,0,0,0,0,38,3,0,0.1,,1200,,,,,2,,,
ClassicGumtree,57,8,4,53,0,0,0,0,38,3,0,0.2,,1200,,,,,2,,,
ClassicGumtree,57,8,4,53,0,0,0,0,38,3,0,0.3,,1200,,,,,2,,,
ClassicGumtree,57,8,4,53,0,0,0,0,38,3,0,0.4,,1200,,,,,2,,,
ClassicGumtree,57,8,4,53,0,0,0,0,38,3,0,0.5,,1200,,,,,2,,,
ClassicGumtree,57,8,4,53,0,0,0,0,38,3,0,0.6,,1200,,,,,2,,,
ClassicGumtree,57,8,4,53,0,0,0,0,38,3,0,0.7,,1200,,,,,2,,,
ClassicGumtree,65,11,7,56,0,2,0,0,38,3,0,0.799,,1200,,,,,2,,,
ClassicGumtree,82,23,10,59,0,13,0,0,3,3,0,0.899,,1200,,,,,2,,,
ClassicGumtree,120,51,11,60,0,49,0,0,4,3,0,0.999,,1200,,,,,2,,,
ClassicGumtree,49,2,0,49,0,0,0,0,4065,3,0,0.1,,1300,,,,,2,,,
ClassicGumtree,49,2,0,49,0,0,0,0,4071,3,0,0.2,,1300,,,,,2,,,
ClassicGumtree,49,2,0,49,0,0,0,0,4066,3,0,0.3,,1300,,,,,2,,,
ClassicGumtree,49,2,0,49,0,0,0,0,4064,3,0,0.4,,1300,,,,,2,,,
ClassicGumtree,49,2,0,49,0,0,0,0,4063,3,0,0.5,,1300,,,,,2,,,
ClassicGumtree,49,2,0,49,0,0,0,0,4066,3,0,0.6,,1300,,,,,2,,,
ClassicGumtree,49,2,0,49,0,0,0,0,4066,3,0,0.7,,1300,,,,,2,,,
ClassicGumtree,49,2,0,49,0,0,0,0,4063,3,0,0.799,,1300,,,,,2,,,
ClassicGumtree,49,2,0,49,0,0,0,0,3969,3,0,0.899,,1300,,,,,2,,,
ClassicGumtree,49,2,0,49,0,0,0,0,1989,3,0,0.999,,1300,,,,,2,,,
ClassicGumtree,49,2,0,49,0,0,0,0,4053,3,0,0.1,,1400,,,,,2,,,
ClassicGumtree,49,2,0,49,0,0,0,0,4057,3,0,0.2,,1400,,,,,2,,,
ClassicGumtree,49,2,0,49,0,0,0,0,4061,3,0,0.3,,1400,,,,,2,,,
ClassicGumtree,49,2,0,49,0,0,0,0,4061,3,0,0.4,,1400,,,,,2,,,
ClassicGumtree,49,2,0,49,0,0,0,0,4062,3,0,0.5,,1400,,,,,2,,,
ClassicGumtree,49,2,0,49,0,0,0,0,4069,3,0,0.6,,1400,,,,,2,,,
ClassicGumtree,49,2,0,49,0,0,0,0,4061,3,0,0.7,,1400,,,,,2,,,
ClassicGumtree,49,2,0,49,0,0,0,0,4060,3,0,0.799,,1400,,,,,2,,,
ClassicGumtree,49,2,0,49,0,0,0,0,4023,3,0,0.899,,1400,,,,,2,,,
ClassicGumtree,49,2,0,49,0,0,0,0,2039,3,0,0.999,,1400,,,,,2,,,
ClassicGumtree,49,2,0,49,0,0,0,0,4010,3,0,0.1,,1500,,,,,2,,,
ClassicGumtree,49,2,0,49,0,0,0,0,4006,3,0,0.2,,1500,,,,,2,,,
ClassicGumtree,49,2,0,49,0,0,0,0,4082,3,0,0.3,,1500,,,,,2,,,
ClassicGumtree,49,2,0,49,0,0,0,0,4089,3,0,0.4,,1500,,,,,2,,,
ClassicGumtree,49,2,0,49,0,0,0,0,4090,3,0,0.5,,1500,,,,,2,,,
ClassicGumtree,49,2,0,49,0,0,0,0,4090,3,0,0.6,,1500,,,,,2,,,
ClassicGumtree,49,2,0,49,0,0,0,0,4062,3,0,0.7,,1500,,,,,2,,,
ClassicGumtree,49,2,0,49,0,0,0,0,4090,3,0,0.799,,1500,,,,,2,,,
ClassicGumtree,49,2,0,49,0,0,0,0,4034,3,0,0.899,,1500,,,,,2,,,
ClassicGumtree,49,2,0,49,0,0,0,0,1994,3,0,0.999,,1500,,,,,2,,,
ClassicGumtree,49,2,0,49,0,0,0,0,4080,3,0,0.1,,1600,,,,,2,,,
ClassicGumtree,49,2,0,49,0,0,0,0,4061,3,0,0.2,,1600,,,,,2,,,
ClassicGumtree,49,2,0,49,0,0,0,0,4082,3,0,0.3,,1600,,,,,2,,,
ClassicGumtree,49,2,0,49,0,0,0,0,4015,3,0,0.4,,1600,,,,,2,,,
ClassicGumtree,49,2,0,49,0,0,0,0,4020,3,0,0.5,,1600,,,,,2,,,
ClassicGumtree,49,2,0,49,0,0,0,0,4010,3,0,0.6,,1600,,,,,2,,,
ClassicGumtree,49,2,0,49,0,0,0,0,4016,3,0,0.7,,1600,,,,,2,,,
ClassicGumtree,49,2,0,49,0,0,0,0,4010,3,0,0.799,,1600,,,,,2,,,
ClassicGumtree,49,2,0,49,0,0,0,0,3976,3,0,0.899,,1600,,,,,2,,,
ClassicGumtree,49,2,0,49,0,0,0,0,1997,3,0,0.999,,1600,,,,,2,,,
ClassicGumtree,49,2,0,49,0,0,0,0,4049,3,0,0.1,,1700,,,,,2,,,
ClassicGumtree,49,2,0,49,0,0,0,0,4081,3,0,0.2,,1700,,,,,2,,,
ClassicGumtree,49,2,0,49,0,0,0,0,4037,3,0,0.3,,1700,,,,,2,,,
ClassicGumtree,49,2,0,49,0,0,0,0,4054,3,0,0.4,,1700,,,,,2,,,
ClassicGumtree,49,2,0,49,0,0,0,0,4043,3,0,0.5,,1700,,,,,2,,,
ClassicGumtree,49,2,0,49,0,0,0,0,4039,3,0,0.6,,1700,,,,,2,,,
ClassicGumtree,49,2,0,49,0,0,0,0,4074,3,0,0.7,,1700,,,,,2,,,
ClassicGumtree,49,2,0,49,0,0,0,0,4073,3,0,0.799,,1700,,,,,2,,,
ClassicGumtree,49,2,0,49,0,0,0,0,4026,3,0,0.899,,1700,,,,,2,,,
ClassicGumtree,49,2,0,49,0,0,0,0,2021,3,0,0.999,,1700,,,,,2,,,
ClassicGumtree,49,2,0,49,0,0,0,0,4011,3,0,0.1,,1800,,,,,2,,,
ClassicGumtree,49,2,0,49,0,0,0,0,4021,3,0,0.2,,1800,,,,,2,,,
ClassicGumtree,49,2,0,49,0,0,0,0,4006,3,0,0.3,,1800,,,,,2,,,
ClassicGumtree,49,2,0,49,0,0,0,0,4031,3,0,0.4,,1800,,,,,2,,,
ClassicGumtree,49,2,0,49,0,0,0,0,4039,3,0,0.5,,1800,,,,,2,,,
ClassicGumtree,49,2,0,49,0,0,0,0,4041,3,0,0.6,,1800,,,,,2,,,
ClassicGumtree,49,2,0,49,0,0,0,0,4038,3,0,0.7,,1800,,,,,2,,,
ClassicGumtree,49,2,0,49,0,0,0,0,4042,3,0,0.799,,1800,,,,,2,,,
ClassicGumtree,49,2,0,49,0,0,0,0,3999,3,0,0.899,,1800,,,,,2,,,
ClassicGumtree,49,2,0,49,0,0,0,0,1987,3,0,0.999,,1800,,,,,2,,,
ClassicGumtree,49,2,0,49,0,0,0,0,4039,3,0,0.1,,1900,,,,,2,,,
ClassicGumtree,49,2,0,49,0,0,0,0,4043,3,0,0.2,,1900,,,,,2,,,
ClassicGumtree,49,2,0,49,0,0,0,0,4044,3,0,0.3,,1900,,,,,2,,,
ClassicGumtree,49,2,0,49,0,0,0,0,4043,3,0,0.4,,1900,,,,,2,,,
ClassicGumtree,49,2,0,49,0,0,0,0,4008,3,0,0.5,,1900,,,,,2,,,
ClassicGumtree,49,2,0,49,0,0,0,0,4006,3,0,0.6,,1900,,,,,2,,,
ClassicGumtree,49,2,0,49,0,0,0,0,4017,3,0,0.7,,1900,,,,,2,,,
ClassicGumtree,49,2,0,49,0,0,0,0,4010,3,0,0.799,,1900,,,,,2,,,
ClassicGumtree,49,2,0,49,0,0,0,0,3969,3,0,0.899,,1900,,,,,2,,,
ClassicGumtree,49,2,0,49,0,0,0,0,1986,3,0,0.999,,1900,,,,,2,,,
ClassicGumtree,49,2,0,49,0,0,0,0,4041,3,0,0.1,,2000,,,,,2,,,
ClassicGumtree,49,2,0,49,0,0,0,0,4052,3,0,0.2,,2000,,,,,2,,,
ClassicGumtree,49,2,0,49,0,0,0,0,4046,3,0,0.3,,2000,,,,,2,,,
ClassicGumtree,49,2,0,49,0,0,0,0,4048,3,0,0.4,,2000,,,,,2,,,
ClassicGumtree,49,2,0,49,0,0,0,0,4038,3,0,0.5,,2000,,,,,2,,,
ClassicGumtree,49,2,0,49,0,0,0,0,4044,3,0,0.6,,2000,,,,,2,,,
ClassicGumtree,49,2,0,49,0,0,0,0,4038,3,0,0.7,,2000,,,,,2,,,
ClassicGumtree,49,2,0,49,0,0,0,0,4045,3,0,0.799,,2000,,,,,2,,,
ClassicGumtree,49,2,0,49,0,0,0,0,4007,3,0,0.899,,2000,,,,,2,,,
ClassicGumtree,49,2,0,49,0,0,0,0,2018,3,0,0.999,,2000,,,,,2,,,
ClassicGumtree,269,48,110,159,0,0,0,0,4,3,0,0.1,,100,,,,,3,,,
ClassicGumtree,269,48,110,159,0,0,0,0,3,3,0,0.2,,100,,,,,3,,,
ClassicGumtree,269,48,110,159,0,0,0,0,3,3,0,0.3,,100,,,,,3,,,
ClassicGumtree,294,50,122,171,0,1,0,0,3,3,0,0.4,,100,,,,,3,,,
ClassicGumtree,294,50,122,171,0,1,0,0,3,3,0,0.5,,100,,,,,3,,,
ClassicGumtree,294,50,122,171,0,1,0,0,3,3,0,0.6,,100,,,,,3,,,
ClassicGumtree,294,50,122,171,0,1,0,0,3,3,0,0.7,,100,,,,,3,,,
ClassicGumtree,303,48,123,172,0,8,0,0,3,3,0,0.799,,100,,,,,3,,,
ClassicGumtree,326,31,124,173,0,29,0,0,4,3,0,0.899,,100,,,,,3,,,
ClassicGumtree,326,31,124,173,0,29,0,0,4,3,0,0.999,,100,,,,,3,,,
ClassicGumtree,227,38,89,138,0,0,0,0,38,3,0,0.1,,200,,,,,3,,,
ClassicGumtree,227,38,89,138,0,0,0,0,38,3,0,0.2,,200,,,,,3,,,
ClassicGumtree,227,38,89,138,0,0,0,0,38,3,0,0.3,,200,,,,,3,,,
ClassicGumtree,252,40,101,150,0,1,0,0,38,3,0,0.4,,200,,,,,3,,,
ClassicGumtree,252,40,101,150,0,1,0,0,38,3,0,0.5,,200,,,,,3,,,
ClassicGumtree,252,40,101,150,0,1,0,0,38,3,0,0.6,,200,,,,,3,,,
ClassicGumtree,252,40,101,150,0,1,0,0,38,3,0,0.7,,200,,,,,3,,,
ClassicGumtree,303,48,123,172,0,8,0,0,3,3,0,0.799,,200,,,,,3,,,
ClassicGumtree,326,31,124,173,0,29,0,0,4,3,0,0.899,,200,,,,,3,,,
ClassicGumtree,326,31,124,173,0,29,0,0,3,3,0,0.999,,200,,,,,3,,,
ClassicGumtree,227,38,89,138,0,0,0,0,38,3,0,0.1,,300,,,,,3,,,
ClassicGumtree,227,38,89,138,0,0,0,0,38,3,0,0.2,,300,,,,,3,,,
ClassicGumtree,227,38,89,138,0,0,0,0,38,3,0,0.3,,300,,,,,3,,,
ClassicGumtree,252,40,101,150,0,1,0,0,37,3,0,0.4,,300,,,,,3,,,
ClassicGumtree,252,40,101,150,0,1,0,0,38,3,0,0.5,,300,,,,,3,,,
ClassicGumtree,252,40,101,150,0,1,0,0,38,3,0,0.6,,300,,,,,3,,,
ClassicGumtree,252,40,101,150,0,1,0,0,38,3,0,0.7,,300,,,,,3,,,
ClassicGumtree,303,48,123,172,0,8,0,0,3,3,0,0.799,,300,,,,,3,,,
ClassicGumtree,326,31,124,173,0,29,0,0,3,3,0,0.899,,300,,,,,3,,,
ClassicGumtree,326,31,124,173,0,29,0,0,3,3,0,0.999,,300,,,,,3,,,
ClassicGumtree,227,38,89,138,0,0,0,0,38,3,0,0.1,,400,,,,,3,,,
ClassicGumtree,227,38,89,138,0,0,0,0,38,3,0,0.2,,400,,,,,3,,,
ClassicGumtree,227,38,89,138,0,0,0,0,38,3,0,0.3,,400,,,,,3,,,
ClassicGumtree,252,40,101,150,0,1,0,0,37,3,0,0.4,,400,,,,,3,,,
ClassicGumtree,252,40,101,150,0,1,0,0,38,3,0,0.5,,400,,,,,3,,,
ClassicGumtree,252,40,101,150,0,1,0,0,38,3,0,0.6,,400,,,,,3,,,
ClassicGumtree,252,40,101,150,0,1,0,0,38,3,0,0.7,,400,,,,,3,,,
ClassicGumtree,303,48,123,172,0,8,0,0,3,3,0,0.799,,400,,,,,3,,,
ClassicGumtree,326,31,124,173,0,29,0,0,3,3,0,0.899,,400,,,,,3,,,
ClassicGumtree,326,31,124,173,0,29,0,0,3,3,0,0.999,,400,,,,,3,,,
ClassicGumtree,227,38,89,138,0,0,0,0,38,3,0,0.1,,500,,,,,3,,,
ClassicGumtree,227,38,89,138,0,0,0,0,39,3,0,0.2,,500,,,,,3,,,
ClassicGumtree,227,38,89,138,0,0,0,0,39,3,0,0.3,,500,,,,,3,,,
ClassicGumtree,252,40,101,150,0,1,0,0,37,3,0,0.4,,500,,,,,3,,,
ClassicGumtree,252,40,101,150,0,1,0,0,38,3,0,0.5,,500,,,,,3,,,
ClassicGumtree,252,40,101,150,0,1,0,0,37,3,0,0.6,,500,,,,,3,,,
ClassicGumtree,252,40,101,150,0,1,0,0,38,3,0,0.7,,500,,,,,3,,,
ClassicGumtree,303,48,123,172,0,8,0,0,3,3,0,0.799,,500,,,,,3,,,
ClassicGumtree,326,31,124,173,0,29,0,0,3,3,0,0.899,,500,,,,,3,,,
ClassicGumtree,326,31,124,173,0,29,0,0,3,3,0,0.999,,500,,,,,3,,,
ClassicGumtree,227,38,89,138,0,0,0,0,38,3,0,0.1,,600,,,,,3,,,
ClassicGumtree,227,38,89,138,0,0,0,0,38,3,0,0.2,,600,,,,,3,,,
ClassicGumtree,227,38,89,138,0,0,0,0,38,3,0,0.3,,600,,,,,3,,,
ClassicGumtree,252,40,101,150,0,1,0,0,37,3,0,0.4,,600,,,,,3,,,
ClassicGumtree,252,40,101,150,0,1,0,0,38,3,0,0.5,,600,,,,,3,,,
ClassicGumtree,252,40,101,150,0,1,0,0,37,3,0,0.6,,600,,,,,3,,,
ClassicGumtree,252,40,101,150,0,1,0,0,38,3,0,0.7,,600,,,,,3,,,
ClassicGumtree,303,48,123,172,0,8,0,0,3,3,0,0.799,,600,,,,,3,,,
ClassicGumtree,326,31,124,173,0,29,0,0,4,3,0,0.899,,600,,,,,3,,,
ClassicGumtree,326,31,124,173,0,29,0,0,3,3,0,0.999,,600,,,,,3,,,
ClassicGumtree,227,38,89,138,0,0,0,0,38,3,0,0.1,,700,,,,,3,,,
ClassicGumtree,227,38,89,138,0,0,0,0,38,3,0,0.2,,700,,,,,3,,,
ClassicGumtree,227,38,89,138,0,0,0,0,39,3,0,0.3,,700,,,,,3,,,
ClassicGumtree,252,40,101,150,0,1,0,0,38,3,0,0.4,,700,,,,,3,,,
ClassicGumtree,252,40,101,150,0,1,0,0,37,3,0,0.5,,700,,,,,3,,,
ClassicGumtree,252,40,101,150,0,1,0,0,37,3,0,0.6,,700,,,,,3,,,
ClassicGumtree,252,40,101,150,0,1,0,0,38,3,0,0.7,,700,,,,,3,,,
ClassicGumtree,303,48,123,172,0,8,0,0,3,3,0,0.799,,700,,,,,3,,,
ClassicGumtree,326,31,124,173,0,29,0,0,3,3,0,0.899,,700,,,,,3,,,
ClassicGumtree,326,31,124,173,0,29,0,0,4,3,0,0.999,,700,,,,,3,,,
ClassicGumtree,227,38,89,138,0,0,0,0,37,3,0,0.1,,800,,,,,3,,,
ClassicGumtree,227,38,89,138,0,0,0,0,37,3,0,0.2,,800,,,,,3,,,
ClassicGumtree,227,38,89,138,0,0,0,0,38,3,0,0.3,,800,,,,,3,,,
ClassicGumtree,252,40,101,150,0,1,0,0,38,3,0,0.4,,800,,,,,3,,,
ClassicGumtree,252,40,101,150,0,1,0,0,37,3,0,0.5,,800,,,,,3,,,
ClassicGumtree,252,40,101,150,0,1,0,0,37,3,0,0.6,,800,,,,,3,,,
ClassicGumtree,252,40,101,150,0,1,0,0,38,3,0,0.7,,800,,,,,3,,,
ClassicGumtree,303,48,123,172,0,8,0,0,4,3,0,0.799,,800,,,,,3,,,
ClassicGumtree,326,31,124,173,0,29,0,0,3,3,0,0.899,,800,,,,,3,,,
ClassicGumtree,326,31,124,173,0,29,0,0,3,3,0,0.999,,800,,,,,3,,,
ClassicGumtree,227,38,89,138,0,0,0,0,38,3,0,0.1,,900,,,,,3,,,
ClassicGumtree,227,38,89,138,0,0,0,0,39,3,0,0.2,,900,,,,,3,,,
ClassicGumtree,227,38,89,138,0,0,0,0,38,3,0,0.3,,900,,,,,3,,,
ClassicGumtree,252,40,101,150,0,1,0,0,38,3,0,0.4,,900,,,,,3,,,
ClassicGumtree,252,40,101,150,0,1,0,0,38,3,0,0.5,,900,,,,,3,,,
ClassicGumtree,252,40,101,150,0,1,0,0,38,3,0,0.6,,900,,,,,3,,,
ClassicGumtree,252,40,101,150,0,1,0,0,38,3,0,0.7,,900,,,,,3,,,
ClassicGumtree,303,48,123,172,0,8,0,0,3,3,0,0.799,,900,,,,,3,,,
ClassicGumtree,326,31,124,173,0,29,0,0,3,3,0,0.899,,900,,,,,3,,,
ClassicGumtree,326,31,124,173,0,29,0,0,3,3,0,0.999,,900,,,,,3,,,
ClassicGumtree,227,38,89,138,0,0,0,0,38,3,0,0.1,,1000,,,,,3,,,
ClassicGumtree,227,38,89,138,0,0,0,0,38,3,0,0.2,,1000,,,,,3,,,
ClassicGumtree,227,38,89,138,0,0,0,0,38,3,0,0.3,,1000,,,,,3,,,
ClassicGumtree,252,40,101,150,0,1,0,0,38,3,0,0.4,,1000,,,,,3,,,
ClassicGumtree,252,40,101,150,0,1,0,0,37,3,0,0.5,,1000,,,,,3,,,
ClassicGumtree,252,40,101,150,0,1,0,0,37,3,0,0.6,,1000,,,,,3,,,
ClassicGumtree,252,40,101,150,0,1,0,0,37,3,0,0.7,,1000,,,,,3,,,
ClassicGumtree,303,48,123,172,0,8,0,0,3,3,0,0.799,,1000,,,,,3,,,
ClassicGumtree,326,31,124,173,0,29,0,0,3,3,0,0.899,,1000,,,,,3,,,
ClassicGumtree,326,31,124,173,0,29,0,0,4,3,0,0.999,,1000,,,,,3,,,
ClassicGumtree,227,38,89,138,0,0,0,0,38,3,0,0.1,,1100,,,,,3,,,
ClassicGumtree,227,38,89,138,0,0,0,0,37,3,0,0.2,,1100,,,,,3,,,
ClassicGumtree,227,38,89,138,0,0,0,0,38,3,0,0.3,,1100,,,,,3,,,
ClassicGumtree,252,40,101,150,0,1,0,0,37,3,0,0.4,,1100,,,,,3,,,
ClassicGumtree,252,40,101,150,0,1,0,0,38,3,0,0.5,,1100,,,,,3,,,
ClassicGumtree,252,40,101,150,0,1,0,0,38,3,0,0.6,,1100,,,,,3,,,
ClassicGumtree,252,40,101,150,0,1,0,0,38,3,0,0.7,,1100,,,,,3,,,
ClassicGumtree,303,48,123,172,0,8,0,0,4,3,0,0.799,,1100,,,,,3,,,
ClassicGumtree,326,31,124,173,0,29,0,0,3,3,0,0.899,,1100,,,,,3,,,
ClassicGumtree,326,31,124,173,0,29,0,0,3,3,0,0.999,,1100,,,,,3,,,
ClassicGumtree,227,38,89,138,0,0,0,0,39,3,0,0.1,,1200,,,,,3,,,
ClassicGumtree,227,38,89,138,0,0,0,0,38,3,0,0.2,,1200,,,,,3,,,
ClassicGumtree,227,38,89,138,0,0,0,0,38,3,0,0.3,,1200,,,,,3,,,
ClassicGumtree,252,40,101,150,0,1,0,0,38,3,0,0.4,,1200,,,,,3,,,
ClassicGumtree,252,40,101,150,0,1,0,0,38,3,0,0.5,,1200,,,,,3,,,
ClassicGumtree,252,40,101,150,0,1,0,0,38,3,0,0.6,,1200,,,,,3,,,
ClassicGumtree,252,40,101,150,0,1,0,0,37,3,0,0.7,,1200,,,,,3,,,
ClassicGumtree,303,48,123,172,0,8,0,0,3,3,0,0.799,,1200,,,,,3,,,
ClassicGumtree,326,31,124,173,0,29,0,0,3,3,0,0.899,,1200,,,,,3,,,
ClassicGumtree,326,31,124,173,0,29,0,0,4,3,0,0.999,,1200,,,,,3,,,
ClassicGumtree,49,2,0,49,0,0,0,0,4074,3,0,0.1,,1300,,,,,3,,,
ClassicGumtree,49,2,0,49,0,0,0,0,4051,3,0,0.2,,1300,,,,,3,,,
ClassicGumtree,49,2,0,49,0,0,0,0,4074,3,0,0.3,,1300,,,,,3,,,
ClassicGumtree,49,2,0,49,0,0,0,0,4070,3,0,0.4,,1300,,,,,3,,,
ClassicGumtree,49,2,0,49,0,0,0,0,4046,3,0,0.5,,1300,,,,,3,,,
ClassicGumtree,49,2,0,49,0,0,0,0,4055,3,0,0.6,,1300,,,,,3,,,
ClassicGumtree,49,2,0,49,0,0,0,0,4046,3,0,0.7,,1300,,,,,3,,,
ClassicGumtree,49,2,0,49,0,0,0,0,4023,3,0,0.799,,1300,,,,,3,,,
ClassicGumtree,49,2,0,49,0,0,0,0,2015,3,0,0.899,,1300,,,,,3,,,
ClassicGumtree,49,2,0,49,0,0,0,0,1995,3,0,0.999,,1300,,,,,3,,,
ClassicGumtree,49,2,0,49,0,0,0,0,4064,3,0,0.1,,1400,,,,,3,,,
ClassicGumtree,49,2,0,49,0,0,0,0,4048,3,0,0.2,,1400,,,,,3,,,
ClassicGumtree,49,2,0,49,0,0,0,0,4022,3,0,0.3,,1400,,,,,3,,,
ClassicGumtree,49,2,0,49,0,0,0,0,4030,3,0,0.4,,1400,,,,,3,,,
ClassicGumtree,49,2,0,49,0,0,0,0,4041,3,0,0.5,,1400,,,,,3,,,
ClassicGumtree,49,2,0,49,0,0,0,0,4028,3,0,0.6,,1400,,,,,3,,,
ClassicGumtree,49,2,0,49,0,0,0,0,4039,3,0,0.7,,1400,,,,,3,,,
ClassicGumtree,49,2,0,49,0,0,0,0,3986,3,0,0.799,,1400,,,,,3,,,
ClassicGumtree,49,2,0,49,0,0,0,0,1993,3,0,0.899,,1400,,,,,3,,,
ClassicGumtree,49,2,0,49,0,0,0,0,1995,3,0,0.999,,1400,,,,,3,,,
ClassicGumtree,49,2,0,49,0,0,0,0,4042,3,0,0.1,,1500,,,,,3,,,
ClassicGumtree,49,2,0,49,0,0,0,0,4034,3,0,0.2,,1500,,,,,3,,,
ClassicGumtree,49,2,0,49,0,0,0,0,4033,3,0,0.3,,1500,,,,,3,,,
ClassicGumtree,49,2,0,49,0,0,0,0,4040,3,0,0.4,,1500,,,,,3,,,
ClassicGumtree,49,2,0,49,0,0,0,0,4039,3,0,0.5,,1500,,,,,3,,,
ClassicGumtree,49,2,0,49,0,0,0,0,4046,3,0,0.6,,1500,,,,,3,,,
ClassicGumtree,49,2,0,49,0,0,0,0,4037,3,0,0.7,,1500,,,,,3,,,
ClassicGumtree,49,2,0,49,0,0,0,0,4007,3,0,0.799,,1500,,,,,3,,,
ClassicGumtree,49,2,0,49,0,0,0,0,2019,3,0,0.899,,1500,,,,,3,,,
ClassicGumtree,49,2,0,49,0,0,0,0,2018,3,0,0.999,,1500,,,,,3,,,
ClassicGumtree,49,2,0,49,0,0,0,0,4020,3,0,0.1,,1600,,,,,3,,,
ClassicGumtree,49,2,0,49,0,0,0,0,4030,3,0,0.2,,1600,,,,,3,,,
ClassicGumtree,49,2,0,49,0,0,0,0,4011,3,0,0.3,,1600,,,,,3,,,
ClassicGumtree,49,2,0,49,0,0,0,0,4020,3,0,0.4,,1600,,,,,3,,,
ClassicGumtree,49,2,0,49,0,0,0,0,4066,3,0,0.5,,1600,,,,,3,,,
ClassicGumtree,49,2,0,49,0,0,0,0,4054,3,0,0.6,,1600,,,,,3,,,
ClassicGumtree,49,2,0,49,0,0,0,0,4038,3,0,0.7,,1600,,,,,3,,,
ClassicGumtree,49,2,0,49,0,0,0,0,4009,3,0,0.799,,1600,,,,,3,,,
ClassicGumtree,49,2,0,49,0,0,0,0,1994,3,0,0.899,,1600,,,,,3,,,
ClassicGumtree,49,2,0,49,0,0,0,0,1995,3,0,0.999,,1600,,,,,3,,,
ClassicGumtree,49,2,0,49,0,0,0,0,4041,3,0,0.1,,1700,,,,,3,,,
ClassicGumtree,49,2,0,49,0,0,0,0,4033,3,0,0.2,,1700,,,,,3,,,
ClassicGumtree,49,2,0,49,0,0,0,0,4033,3,0,0.3,,1700,,,,,3,,,
ClassicGumtree,49,2,0,49,0,0,0,0,4042,3,0,0.4,,1700,,,,,3,,,
ClassicGumtree,49,2,0,49,0,0,0,0,4034,3,0,0.5,,1700,,,,,3,,,
ClassicGumtree,49,2,0,49,0,0,0,0,4035,3,0,0.6,,1700,,,,,3,,,
ClassicGumtree,49,2,0,49,0,0,0,0,4003,3,0,0.7,,1700,,,,,3,,,
ClassicGumtree,49,2,0,49,0,0,0,0,3969,3,0,0.799,,1700,,,,,3,,,
ClassicGumtree,49,2,0,49,0,0,0,0,1988,3,0,0.899,,1700,,,,,3,,,
ClassicGumtree,49,2,0,49,0,0,0,0,1989,3,0,0.999,,1700,,,,,3,,,
ClassicGumtree,49,2,0,49,0,0,0,0,4033,3,0,0.1,,1800,,,,,3,,,
ClassicGumtree,49,2,0,49,0,0,0,0,4035,3,0,0.2,,1800,,,,,3,,,
ClassicGumtree,49,2,0,49,0,0,0,0,4040,3,0,0.3,,1800,,,,,3,,,
ClassicGumtree,49,2,0,49,0,0,0,0,4029,3,0,0.4,,1800,,,,,3,,,
ClassicGumtree,49,2,0,49,0,0,0,0,4032,3,0,0.5,,1800,,,,,3,,,
ClassicGumtree,49,2,0,49,0,0,0,0,4045,3,0,0.6,,1800,,,,,3,,,
ClassicGumtree,49,2,0,49,0,0,0,0,4044,3,0,0.7,,1800,,,,,3,,,
ClassicGumtree,49,2,0,49,0,0,0,0,4012,3,0,0.799,,1800,,,,,3,,,
ClassicGumtree,49,2,0,49,0,0,0,0,2016,3,0,0.899,,1800,,,,,3,,,
ClassicGumtree,49,2,0,49,0,0,0,0,2015,3,0,0.999,,1800,,,,,3,,,
ClassicGumtree,49,2,0,49,0,0,0,0,4007,3,0,0.1,,1900,,,,,3,,,
ClassicGumtree,49,2,0,49,0,0,0,0,4009,3,0,0.2,,1900,,,,,3,,,
ClassicGumtree,49,2,0,49,0,0,0,0,4011,3,0,0.3,,1900,,,,,3,,,
ClassicGumtree,49,2,0,49,0,0,0,0,4011,3,0,0.4,,1900,,,,,3,,,
ClassicGumtree,49,2,0,49,0,0,0,0,4007,3,0,0.5,,1900,,,,,3,,,
ClassicGumtree,49,2,0,49,0,0,0,0,4016,3,0,0.6,,1900,,,,,3,,,
ClassicGumtree,49,2,0,49,0,0,0,0,4007,3,0,0.7,,1900,,,,,3,,,
ClassicGumtree,49,2,0,49,0,0,0,0,3982,3,0,0.799,,1900,,,,,3,,,
ClassicGumtree,49,2,0,49,0,0,0,0,1988,3,0,0.899,,1900,,,,,3,,,
ClassicGumtree,49,2,0,49,0,0,0,0,1986,3,0,0.999,,1900,,,,,3,,,
ClassicGumtree,49,2,0,49,0,0,0,0,4034,3,0,0.1,,2000,,,,,3,,,
ClassicGumtree,49,2,0,49,0,0,0,0,4044,3,0,0.2,,2000,,,,,3,,,
ClassicGumtree,49,2,0,49,0,0,0,0,4050,3,0,0.3,,2000,,,,,3,,,
ClassicGumtree,49,2,0,49,0,0,0,0,4037,3,0,0.4,,2000,,,,,3,,,
ClassicGumtree,49,2,0,49,0,0,0,0,4038,3,0,0.5,,2000,,,,,3,,,
ClassicGumtree,49,2,0,49,0,0,0,0,4038,3,0,0.6,,2000,,,,,3,,,
ClassicGumtree,49,2,0,49,0,0,0,0,4048,3,0,0.7,,2000,,,,,3,,,
ClassicGumtree,49,2,0,49,0,0,0,0,4010,3,0,0.799,,2000,,,,,3,,,
ClassicGumtree,49,2,0,49,0,0,0,0,2030,3,0,0.899,,2000,,,,,3,,,
ClassicGumtree,49,2,0,49,0,0,0,0,2030,3,0,0.999,,2000,,,,,3,,,
ClassicGumtree,409,55,180,229,0,0,0,0,3,3,0,0.1,,100,,,,,4,,,
ClassicGumtree,409,55,180,229,0,0,0,0,2,3,0,0.2,,100,,,,,4,,,
ClassicGumtree,409,55,180,229,0,0,0,0,3,3,0,0.3,,100,,,,,4,,,
ClassicGumtree,409,55,180,229,0,0,0,0,3,3,0,0.4,,100,,,,,4,,,
ClassicGumtree,409,55,180,229,0,0,0,0,3,3,0,0.5,,100,,,,,4,,,
ClassicGumtree,409,55,180,229,0,0,0,0,3,3,0,0.6,,100,,,,,4,,,
ClassicGumtree,409,55,180,229,0,0,0,0,2,3,0,0.7,,100,,,,,4,,,
ClassicGumtree,418,53,181,230,0,7,0,0,3,3,0,0.799,,100,,,,,4,,,
ClassicGumtree,438,27,182,231,0,25,0,0,4,3,0,0.899,,100,,,,,4,,,
ClassicGumtree,438,27,182,231,0,25,0,0,3,3,0,0.999,,100,,,,,4,,,
ClassicGumtree,367,45,159,208,0,0,0,0,37,3,0,0.1,,200,,,,,4,,,
ClassicGumtree,367,45,159,208,0,0,0,0,37,3,0,0.2,,200,,,,,4,,,
ClassicGumtree,367,45,159,208,0,0,0,0,38,3,0,0.3,,200,,,,,4,,,
ClassicGumtree,367,45,159,208,0,0,0,0,38,3,0,0.4,,200,,,,,4,,,
ClassicGumtree,367,45,159,208,0,0,0,0,38,3,0,0.5,,200,,,,,4,,,
ClassicGumtree,367,45,159,208,0,0,0,0,37,3,0,0.6,,200,,,,,4,,,
ClassicGumtree,367,45,159,208,0,0,0,0,38,3,0,0.7,,200,,,,,4,,,
ClassicGumtree,418,53,181,230,0,7,0,0,3,3,0,0.799,,200,,,,,4,,,
ClassicGumtree,438,27,182,231,0,25,0,0,4,3,0,0.899,,200,,,,,4,,,
ClassicGumtree,438,27,182,231,0,25,0,0,3,3,0,0.999,,200,,,,,4,,,
ClassicGumtree,367,45,159,208,0,0,0,0,37,3,0,0.1,,300,,,,,4,,,
ClassicGumtree,367,45,159,208,0,0,0,0,38,3,0,0.2,,300,,,,,4,,,
ClassicGumtree,367,45,159,208,0,0,0,0,38,3,0,0.3,,300,,,,,4,,,
ClassicGumtree,367,45,159,208,0,0,0,0,38,3,0,0.4,,300,,,,,4,,,
ClassicGumtree,367,45,159,208,0,0,0,0,37,3,0,0.5,,300,,,,,4,,,
ClassicGumtree,367,45,159,208,0,0,0,0,37,3,0,0.6,,300,,,,,4,,,
ClassicGumtree,367,45,159,208,0,0,0,0,38,3,0,0.7,,300,,,,,4,,,
ClassicGumtree,418,53,181,230,0,7,0,0,3,3,0,0.799,,300,,,,,4,,,
ClassicGumtree,438,27,182,231,0,25,0,0,3,3,0,0.899,,300,,,,,4,,,
ClassicGumtree,438,27,182,231,0,25,0,0,4,3,0,0.999,,300,,,,,4,,,
ClassicGumtree,367,45,159,208,0,0,0,0,37,3,0,0.1,,400,,,,,4,,,
ClassicGumtree,367,45,159,208,0,0,0,0,37,3,0,0.2,,400,,,,,4,,,
ClassicGumtree,367,45,159,208,0,0,0,0,38,3,0,0.3,,400,,,,,4,,,
ClassicGumtree,367,45,159,208,0,0,0,0,38,3,0,0.4,,400,,,,,4,,,
ClassicGumtree,367,45,159,208,0,0,0,0,38,3,0,0.5,,400,,,,,4,,,
ClassicGumtree,367,45,159,208,0,0,0,0,38,3,0,0.6,,400,,,,,4,,,
ClassicGumtree,367,45,159,208,0,0,0,0,38,3,0,0.7,,400,,,,,4,,,
ClassicGumtree,418,53,181,230,0,7,0,0,3,3,0,0.799,,400,,,,,4,,,
ClassicGumtree,438,27,182,231,0,25,0,0,3,3,0,0.899,,400,,,,,4,,,
ClassicGumtree,438,27,182,231,0,25,0,0,3,3,0,0.999,,400,,,,,4,,,
ClassicGumtree,367,45,159,208,0,0,0,0,38,3,0,0.1,,500,,,,,4,,,
ClassicGumtree,367,45,159,208,0,0,0,0,37,3,0,0.2,,500,,,,,4,,,
ClassicGumtree,367,45,159,208,0,0,0,0,37,3,0,0.3,,500,,,,,4,,,
ClassicGumtree,367,45,159,208,0,0,0,0,38,3,0,0.4,,500,,,,,4,,,
ClassicGumtree,367,45,159,208,0,0,0,0,38,3,0,0.5,,500,,,,,4,,,
ClassicGumtree,367,45,159,208,0,0,0,0,38,3,0,0.6,,500,,,,,4,,,
ClassicGumtree,367,45,159,208,0,0,0,0,38,3,0,0.7,,500,,,,,4,,,
ClassicGumtree,418,53,181,230,0,7,0,0,3,3,0,0.799,,500,,,,,4,,,
ClassicGumtree,438,27,182,231,0,25,0,0,3,3,0,0.899,,500,,,,,4,,,
ClassicGumtree,438,27,182,231,0,25,0,0,3,3,0,0.999,,500,,,,,4,,,
ClassicGumtree,367,45,159,208,0,0,0,0,38,3,0,0.1,,600,,,,,4,,,
ClassicGumtree,367,45,159,208,0,0,0,0,38,3,0,0.2,,600,,,,,4,,,
ClassicGumtree,367,45,159,208,0,0,0,0,37,3,0,0.3,,600,,,,,4,,,
ClassicGumtree,367,45,159,208,0,0,0,0,37,3,0,0.4,,600,,,,,4,,,
ClassicGumtree,367,45,159,208,0,0,0,0,38,3,0,0.5,,600,,,,,4,,,
ClassicGumtree,367,45,159,208,0,0,0,0,38,3,0,0.6,,600,,,,,4,,,
ClassicGumtree,367,45,159,208,0,0,0,0,38,3,0,0.7,,600,,,,,4,,,
ClassicGumtree,418,53,181,230,0,7,0,0,3,3,0,0.799,,600,,,,,4,,,
ClassicGumtree,438,27,182,231,0,25,0,0,3,3,0,0.899,,600,,,,,4,,,
ClassicGumtree,438,27,182,231,0,25,0,0,3,3,0,0.999,,600,,,,,4,,,
ClassicGumtree,367,45,159,208,0,0,0,0,38,3,0,0.1,,700,,,,,4,,,
ClassicGumtree,367,45,159,208,0,0,0,0,38,3,0,0.2,,700,,,,,4,,,
ClassicGumtree,367,45,159,208,0,0,0,0,38,3,0,0.3,,700,,,,,4,,,
ClassicGumtree,367,45,159,208,0,0,0,0,37,3,0,0.4,,700,,,,,4,,,
ClassicGumtree,367,45,159,208,0,0,0,0,37,3,0,0.5,,700,,,,,4,,,
ClassicGumtree,367,45,159,208,0,0,0,0,38,3,0,0.6,,700,,,,,4,,,
ClassicGumtree,367,45,159,208,0,0,0,0,38,3,0,0.7,,700,,,,,4,,,
ClassicGumtree,418,53,181,230,0,7,0,0,3,3,0,0.799,,700,,,,,4,,,
ClassicGumtree,438,27,182,231,0,25,0,0,3,3,0,0.899,,700,,,,,4,,,
ClassicGumtree,438,27,182,231,0,25,0,0,3,3,0,0.999,,700,,,,,4,,,
ClassicGumtree,367,45,159,208,0,0,0,0,38,3,0,0.1,,800,,,,,4,,,
ClassicGumtree,367,45,159,208,0,0,0,0,38,3,0,0.2,,800,,,,,4,,,
ClassicGumtree,367,45,159,208,0,0,0,0,38,3,0,0.3,,800,,,,,4,,,
ClassicGumtree,367,45,159,208,0,0,0,0,37,3,0,0.4,,800,,,,,4,,,
ClassicGumtree,367,45,159,208,0,0,0,0,37,3,0,0.5,,800,,,,,4,,,
ClassicGumtree,367,45,159,208,0,0,0,0,38,3,0,0.6,,800,,,,,4,,,
ClassicGumtree,367,45,159,208,0,0,0,0,37,3,0,0.7,,800,,,,,4,,,
ClassicGumtree,418,53,181,230,0,7,0,0,3,3,0,0.799,,800,,,,,4,,,
ClassicGumtree,438,27,182,231,0,25,0,0,4,3,0,0.899,,800,,,,,4,,,
ClassicGumtree,438,27,182,231,0,25,0,0,4,3,0,0.999,,800,,,,,4,,,
ClassicGumtree,367,45,159,208,0,0,0,0,37,3,0,0.1,,900,,,,,4,,,
ClassicGumtree,367,45,159,208,0,0,0,0,37,3,0,0.2,,900,,,,,4,,,
ClassicGumtree,367,45,159,208,0,0,0,0,38,3,0,0.3,,900,,,,,4,,,
ClassicGumtree,367,45,159,208,0,0,0,0,38,3,0,0.4,,900,,,,,4,,,
ClassicGumtree,367,45,159,208,0,0,0,0,38,3,0,0.5,,900,,,,,4,,,
ClassicGumtree,367,45,159,208,0,0,0,0,37,3,0,0.6,,900,,,,,4,,,
ClassicGumtree,367,45,159,208,0,0,0,0,37,3,0,0.7,,900,,,,,4,,,
ClassicGumtree,418,53,181,230,0,7,0,0,3,3,0,0.799,,900,,,,,4,,,
ClassicGumtree,438,27,182,231,0,25,0,0,3,3,0,0.899,,900,,,,,4,,,
ClassicGumtree,438,27,182,231,0,25,0,0,3,3,0,0.999,,900,,,,,4,,,
ClassicGumtree,367,45,159,208,0,0,0,0,38,3,0,0.1,,1000,,,,,4,,,
ClassicGumtree,367,45,159,208,0,0,0,0,37,3,0,0.2,,1000,,,,,4,,,
ClassicGumtree,367,45,159,208,0,0,0,0,38,3,0,0.3,,1000,,,,,4,,,
ClassicGumtree,367,45,159,208,0,0,0,0,38,3,0,0.4,,1000,,,,,4,,,
ClassicGumtree,367,45,159,208,0,0,0,0,39,3,0,0.5,,1000,,,,,4,,,
ClassicGumtree,367,45,159,208,0,0,0,0,38,3,0,0.6,,1000,,,,,4,,,
ClassicGumtree,367,45,159,208,0,0,0,0,38,3,0,0.7,,1000,,,,,4,,,
ClassicGumtree,418,53,181,230,0,7,0,0,3,3,0,0.799,,1000,,,,,4,,,
ClassicGumtree,438,27,182,231,0,25,0,0,3,3,0,0.899,,1000,,,,,4,,,
ClassicGumtree,438,27,182,231,0,25,0,0,3,3,0,0.999,,1000,,,,,4,,,
ClassicGumtree,367,45,159,208,0,0,0,0,39,3,0,0.1,,1100,,,,,4,,,
ClassicGumtree,367,45,159,208,0,0,0,0,38,3,0,0.2,,1100,,,,,4,,,
ClassicGumtree,367,45,159,208,0,0,0,0,38,3,0,0.3,,1100,,,,,4,,,
ClassicGumtree,367,45,159,208,0,0,0,0,38,3,0,0.4,,1100,,,,,4,,,
ClassicGumtree,367,45,159,208,0,0,0,0,38,3,0,0.5,,1100,,,,,4,,,
ClassicGumtree,367,45,159,208,0,0,0,0,38,3,0,0.6,,1100,,,,,4,,,
ClassicGumtree,367,45,159,208,0,0,0,0,38,3,0,0.7,,1100,,,,,4,,,
ClassicGumtree,418,53,181,230,0,7,0,0,3,3,0,0.799,,1100,,,,,4,,,
ClassicGumtree,438,27,182,231,0,25,0,0,3,3,0,0.899,,1100,,,,,4,,,
ClassicGumtree,438,27,182,231,0,25,0,0,4,3,0,0.999,,1100,,,,,4,,,
ClassicGumtree,367,45,159,208,0,0,0,0,37,3,0,0.1,,1200,,,,,4,,,
ClassicGumtree,367,45,159,208,0,0,0,0,37,3,0,0.2,,1200,,,,,4,,,
ClassicGumtree,367,45,159,208,0,0,0,0,38,3,0,0.3,,1200,,,,,4,,,
ClassicGumtree,367,45,159,208,0,0,0,0,38,3,0,0.4,,1200,,,,,4,,,
ClassicGumtree,367,45,159,208,0,0,0,0,38,3,0,0.5,,1200,,,,,4,,,
ClassicGumtree,367,45,159,208,0,0,0,0,38,3,0,0.6,,1200,,,,,4,,,
ClassicGumtree,367,45,159,208,0,0,0,0,38,3,0,0.7,,1200,,,,,4,,,
ClassicGumtree,418,53,181,230,0,7,0,0,3,3,0,0.799,,1200,,,,,4,,,
ClassicGumtree,438,27,182,231,0,25,0,0,3,3,0,0.899,,1200,,,,,4,,,
ClassicGumtree,438,27,182,231,0,25,0,0,3,3,0,0.999,,1200,,,,,4,,,
ClassicGumtree,49,2,0,49,0,0,0,0,4059,3,0,0.1,,1300,,,,,4,,,
ClassicGumtree,49,2,0,49,0,0,0,0,4036,3,0,0.2,,1300,,,,,4,,,
ClassicGumtree,49,2,0,49,0,0,0,0,4038,3,0,0.3,,1300,,,,,4,,,
ClassicGumtree,49,2,0,49,0,0,0,0,4033,3,0,0.4,,1300,,,,,4,,,
ClassicGumtree,49,2,0,49,0,0,0,0,4033,3,0,0.5,,1300,,,,,4,,,
ClassicGumtree,49,2,0,49,0,0,0,0,4036,3,0,0.6,,1300,,,,,4,,,
ClassicGumtree,49,2,0,49,0,0,0,0,4036,3,0,0.7,,1300,,,,,4,,,
ClassicGumtree,49,2,0,49,0,0,0,0,4007,3,0,0.799,,1300,,,,,4,,,
ClassicGumtree,49,2,0,49,0,0,0,0,1991,3,0,0.899,,1300,,,,,4,,,
ClassicGumtree,49,2,0,49,0,0,0,0,1988,3,0,0.999,,1300,,,,,4,,,
ClassicGumtree,49,2,0,49,0,0,0,0,4040,3,0,0.1,,1400,,,,,4,,,
ClassicGumtree,49,2,0,49,0,0,0,0,4035,3,0,0.2,,1400,,,,,4,,,
ClassicGumtree,49,2,0,49,0,0,0,0,4008,3,0,0.3,,1400,,,,,4,,,
ClassicGumtree,49,2,0,49,0,0,0,0,4008,3,0,0.4,,1400,,,,,4,,,
ClassicGumtree,49,2,0,49,0,0,0,0,4007,3,0,0.5,,1400,,,,,4,,,
ClassicGumtree,49,2,0,49,0,0,0,0,4019,3,0,0.6,,1400,,,,,4,,,
ClassicGumtree,49,2,0,49,0,0,0,0,4006,3,0,0.7,,1400,,,,,4,,,
ClassicGumtree,49,2,0,49,0,0,0,0,3977,3,0,0.799,,1400,,,,,4,,,
ClassicGumtree,49,2,0,49,0,0,0,0,1992,3,0,0.899,,1400,,,,,4,,,
ClassicGumtree,49,2,0,49,0,0,0,0,1990,3,0,0.999,,1400,,,,,4,,,
ClassicGumtree,49,2,0,49,0,0,0,0,4059,3,0,0.1,,1500,,,,,4,,,
ClassicGumtree,49,2,0,49,0,0,0,0,4042,3,0,0.2,,1500,,,,,4,,,
ClassicGumtree,49,2,0,49,0,0,0,0,4065,3,0,0.3,,1500,,,,,4,,,
ClassicGumtree,49,2,0,49,0,0,0,0,4060,3,0,0.4,,1500,,,,,4,,,
ClassicGumtree,49,2,0,49,0,0,0,0,4053,3,0,0.5,,1500,,,,,4,,,
ClassicGumtree,49,2,0,49,0,0,0,0,4041,3,0,0.6,,1500,,,,,4,,,
ClassicGumtree,49,2,0,49,0,0,0,0,4048,3,0,0.7,,1500,,,,,4,,,
ClassicGumtree,49,2,0,49,0,0,0,0,4014,3,0,0.799,,1500,,,,,4,,,
ClassicGumtree,49,2,0,49,0,0,0,0,2021,3,0,0.899,,1500,,,,,4,,,
ClassicGumtree,49,2,0,49,0,0,0,0,2018,3,0,0.999,,1500,,,,,4,,,
ClassicGumtree,49,2,0,49,0,0,0,0,4038,3,0,0.1,,1600,,,,,4,,,
ClassicGumtree,49,2,0,49,0,0,0,0,4035,3,0,0.2,,1600,,,,,4,,,
ClassicGumtree,49,2,0,49,0,0,0,0,4061,3,0,0.3,,1600,,,,,4,,,
ClassicGumtree,49,2,0,49,0,0,0,0,4060,3,0,0.4,,1600,,,,,4,,,
ClassicGumtree,49,2,0,49,0,0,0,0,4060,3,0,0.5,,1600,,,,,4,,,
ClassicGumtree,49,2,0,49,0,0,0,0,4056,3,0,0.6,,1600,,,,,4,,,
ClassicGumtree,49,2,0,49,0,0,0,0,4063,3,0,0.7,,1600,,,,,4,,,
ClassicGumtree,49,2,0,49,0,0,0,0,4022,3,0,0.799,,1600,,,,,4,,,
ClassicGumtree,49,2,0,49,0,0,0,0,1988,3,0,0.899,,1600,,,,,4,,,
ClassicGumtree,49,2,0,49,0,0,0,0,1989,3,0,0.999,,1600,,,,,4,,,
ClassicGumtree,49,2,0,49,0,0,0,0,4057,3,0,0.1,,1700,,,,,4,,,
ClassicGumtree,49,2,0,49,0,0,0,0,4057,3,0,0.2,,1700,,,,,4,,,
ClassicGumtree,49,2,0,49,0,0,0,0,4007,3,0,0.3,,1700,,,,,4,,,
ClassicGumtree,49,2,0,49,0,0,0,0,4011,3,0,0.4,,1700,,,,,4,,,
ClassicGumtree,49,2,0,49,0,0,0,0,4017,3,0,0.5,,1700,,,,,4,,,
ClassicGumtree,49,2,0,49,0,0,0,0,4011,3,0,0.6,,1700,,,,,4,,,
ClassicGumtree,49,2,0,49,0,0,0,0,4013,3,0,0.7,,1700,,,,,4,,,
ClassicGumtree,49,2,0,49,0,0,0,0,3967,3,0,0.799,,1700,,,,,4,,,
ClassicGumtree,49,2,0,49,0,0,0,0,1990,3,0,0.899,,1700,,,,,4,,,
ClassicGumtree,49,2,0,49,0,0,0,0,1993,3,0,0.999,,1700,,,,,4,,,
ClassicGumtree,49,2,0,49,0,0,0,0,4063,3,0,0.1,,1800,,,,,4,,,
ClassicGumtree,49,2,0,49,0,0,0,0,4070,3,0,0.2,,1800,,,,,4,,,
ClassicGumtree,49,2,0,49,0,0,0,0,4047,3,0,0.3,,1800,,,,,4,,,
ClassicGumtree,49,2,0,49,0,0,0,0,4041,3,0,0.4,,1800,,,,,4,,,
ClassicGumtree,49,2,0,49,0,0,0,0,4071,3,0,0.5,,1800,,,,,4,,,
ClassicGumtree,49,2,0,49,0,0,0,0,4036,3,0,0.6,,1800,,,,,4,,,
ClassicGumtree,49,2,0,49,0,0,0,0,4047,3,0,0.7,,1800,,,,,4,,,
ClassicGumtree,49,2,0,49,0,0,0,0,4016,3,0,0.799,,1800,,,,,4,,,
ClassicGumtree,49,2,0,49,0,0,0,0,2013,3,0,0.899,,1800,,,,,4,,,
ClassicGumtree,49,2,0,49,0,0,0,0,2017,3,0,0.999,,1800,,,,,4,,,
ClassicGumtree,49,2,0,49,0,0,0,0,4013,3,0,0.1,,1900,,,,,4,,,
ClassicGumtree,49,2,0,49,0,0,0,0,4015,3,0,0.2,,1900,,,,,4,,,
ClassicGumtree,49,2,0,49,0,0,0,0,4036,3,0,0.3,,1900,,,,,4,,,
ClassicGumtree,49,2,0,49,0,0,0,0,4046,3,0,0.4,,1900,,,,,4,,,
ClassicGumtree,49,2,0,49,0,0,0,0,4043,3,0,0.5,,1900,,,,,4,,,
ClassicGumtree,49,2,0,49,0,0,0,0,4045,3,0,0.6,,1900,,,,,4,,,
ClassicGumtree,49,2,0,49,0,0,0,0,4033,3,0,0.7,,1900,,,,,4,,,
ClassicGumtree,49,2,0,49,0,0,0,0,4005,3,0,0.799,,1900,,,,,4,,,
ClassicGumtree,49,2,0,49,0,0,0,0,1990,3,0,0.899,,1900,,,,,4,,,
ClassicGumtree,49,2,0,49,0,0,0,0,1992,3,0,0.999,,1900,,,,,4,,,
ClassicGumtree,49,2,0,49,0,0,0,0,4045,3,0,0.1,,2000,,,,,4,,,
ClassicGumtree,49,2,0,49,0,0,0,0,4033,3,0,0.2,,2000,,,,,4,,,
ClassicGumtree,49,2,0,49,0,0,0,0,4049,3,0,0.3,,2000,,,,,4,,,
ClassicGumtree,49,2,0,49,0,0,0,0,4039,3,0,0.4,,2000,,,,,4,,,
ClassicGumtree,49,2,0,49,0,0,0,0,4011,3,0,0.5,,2000,,,,,4,,,
ClassicGumtree,49,2,0,49,0,0,0,0,4005,3,0,0.6,,2000,,,,,4,,,
ClassicGumtree,49,2,0,49,0,0,0,0,4034,3,0,0.7,,2000,,,,,4,,,
ClassicGumtree,49,2,0,49,0,0,0,0,3975,3,0,0.799,,2000,,,,,4,,,
ClassicGumtree,49,2,0,49,0,0,0,0,1991,3,0,0.899,,2000,,,,,4,,,
ClassicGumtree,49,2,0,49,0,0,0,0,1987,3,0,0.999,,2000,,,,,4,,,
ClassicGumtree,573,67,262,311,0,0,0,0,3,3,0,0.1,,100,,,,,5,,,
ClassicGumtree,573,67,262,311,0,0,0,0,3,3,0,0.2,,100,,,,,5,,,
ClassicGumtree,573,67,262,311,0,0,0,0,3,3,0,0.3,,100,,,,,5,,,
ClassicGumtree,573,67,262,311,0,0,0,0,3,3,0,0.4,,100,,,,,5,,,
ClassicGumtree,579,56,263,312,0,4,0,0,3,3,0,0.5,,100,,,,,5,,,
ClassicGumtree,579,56,263,312,0,4,0,0,3,3,0,0.6,,100,,,,,5,,,
ClassicGumtree,579,56,263,312,0,4,0,0,3,3,0,0.7,,100,,,,,5,,,
ClassicGumtree,596,21,264,313,0,19,0,0,3,3,0,0.799,,100,,,,,5,,,
ClassicGumtree,596,21,264,313,0,19,0,0,3,3,0,0.899,,100,,,,,5,,,
ClassicGumtree,596,21,264,313,0,19,0,0,4,3,0,0.999,,100,,,,,5,,,
ClassicGumtree,423,51,187,236,0,0,0,0,38,3,0,0.1,,200,,,,,5,,,
ClassicGumtree,423,51,187,236,0,0,0,0,37,3,0,0.2,,200,,,,,5,,,
ClassicGumtree,423,51,187,236,0,0,0,0,37,3,0,0.3,,200,,,,,5,,,
ClassicGumtree,423,51,187,236,0,0,0,0,38,3,0,0.4,,200,,,,,5,,,
ClassicGumtree,579,56,263,312,0,4,0,0,3,3,0,0.5,,200,,,,,5,,,
ClassicGumtree,579,56,263,312,0,4,0,0,3,3,0,0.6,,200,,,,,5,,,
ClassicGumtree,579,56,263,312,0,4,0,0,3,3,0,0.7,,200,,,,,5,,,
ClassicGumtree,596,21,264,313,0,19,0,0,3,3,0,0.799,,200,,,,,5,,,
ClassicGumtree,596,21,264,313,0,19,0,0,3,3,0,0.899,,200,,,,,5,,,
ClassicGumtree,596,21,264,313,0,19,0,0,4,3,0,0.999,,200,,,,,5,,,
ClassicGumtree,423,51,187,236,0,0,0,0,38,3,0,0.1,,300,,,,,5,,,
ClassicGumtree,423,51,187,236,0,0,0,0,37,3,0,0.2,,300,,,,,5,,,
ClassicGumtree,423,51,187,236,0,0,0,0,37,3,0,0.3,,300,,,,,5,,,
ClassicGumtree,423,51,187,236,0,0,0,0,38,3,0,0.4,,300,,,,,5,,,
ClassicGumtree,579,56,263,312,0,4,0,0,4,3,0,0.5,,300,,,,,5,,,
ClassicGumtree,579,56,263,312,0,4,0,0,3,3,0,0.6,,300,,,,,5,,,
ClassicGumtree,579,56,263,312,0,4,0,0,3,3,0,0.7,,300,,,,,5,,,
ClassicGumtree,596,21,264,313,0,19,0,0,3,3,0,0.799,,300,,,,,5,,,
ClassicGumtree,596,21,264,313,0,19,0,0,3,3,0,0.899,,300,,,,,5,,,
ClassicGumtree,596,21,264,313,0,19,0,0,3,3,0,0.999,,300,,,,,5,,,
ClassicGumtree,423,51,187,236,0,0,0,0,38,3,0,0.1,,400,,,,,5,,,
ClassicGumtree,423,51,187,236,0,0,0,0,38,3,0,0.2,,400,,,,,5,,,
ClassicGumtree,423,51,187,236,0,0,0,0,37,3,0,0.3,,400,,,,,5,,,
ClassicGumtree,423,51,187,236,0,0,0,0,38,3,0,0.4,,400,,,,,5,,,
ClassicGumtree,579,56,263,312,0,4,0,0,4,3,0,0.5,,400,,,,,5,,,
ClassicGumtree,579,56,263,312,0,4,0,0,3,3,0,0.6,,400,,,,,5,,,
ClassicGumtree,579,56,263,312,0,4,0,0,3,3,0,0.7,,400,,,,,5,,,
ClassicGumtree,596,21,264,313,0,19,0,0,3,3,0,0.799,,400,,,,,5,,,
ClassicGumtree,596,21,264,313,0,19,0,0,3,3,0,0.899,,400,,,,,5,,,
ClassicGumtree,596,21,264,313,0,19,0,0,3,3,0,0.999,,400,,,,,5,,,
ClassicGumtree,423,51,187,236,0,0,0,0,37,3,0,0.1,,500,,,,,5,,,
ClassicGumtree,423,51,187,236,0,0,0,0,38,3,0,0.2,,500,,,,,5,,,
ClassicGumtree,423,51,187,236,0,0,0,0,37,3,0,0.3,,500,,,,,5,,,
ClassicGumtree,423,51,187,236,0,0,0,0,38,3,0,0.4,,500,,,,,5,,,
ClassicGumtree,579,56,263,312,0,4,0,0,3,3,0,0.5,,500,,,,,5,,,
ClassicGumtree,579,56,263,312,0,4,0,0,3,3,0,0.6,,500,,,,,5,,,
ClassicGumtree,579,56,263,312,0,4,0,0,3,3,0,0.7,,500,,,,,5,,,
ClassicGumtree,596,21,264,313,0,19,0,0,3,3,0,0.799,,500,,,,,5,,,
ClassicGumtree,596,21,264,313,0,19,0,0,4,3,0,0.899,,500,,,,,5,,,
ClassicGumtree,596,21,264,313,0,19,0,0,3,3,0,0.999,,500,,,,,5,,,
ClassicGumtree,423,51,187,236,0,0,0,0,37,3,0,0.1,,600,,,,,5,,,
ClassicGumtree,423,51,187,236,0,0,0,0,38,3,0,0.2,,600,,,,,5,,,
ClassicGumtree,423,51,187,236,0,0,0,0,38,3,0,0.3,,600,,,,,5,,,
ClassicGumtree,423,51,187,236,0,0,0,0,38,3,0,0.4,,600,,,,,5,,,
ClassicGumtree,579,56,263,312,0,4,0,0,3,3,0,0.5,,600,,,,,5,,,
ClassicGumtree,579,56,263,312,0,4,0,0,3,3,0,0.6,,600,,,,,5,,,
ClassicGumtree,579,56,263,312,0,4,0,0,3,3,0,0.7,,600,,,,,5,,,
ClassicGumtree,596,21,264,313,0,19,0,0,3,3,0,0.799,,600,,,,,5,,,
ClassicGumtree,596,21,264,313,0,19,0,0,3,3,0,0.899,,600,,,,,5,,,
ClassicGumtree,596,21,264,313,0,19,0,0,3,3,0,0.999,,600,,,,,5,,,
ClassicGumtree,423,51,187,236,0,0,0,0,37,3,0,0.1,,700,,,,,5,,,
ClassicGumtree,423,51,187,236,0,0,0,0,38,3,0,0.2,,700,,,,,5,,,
ClassicGumtree,423,51,187,236,0,0,0,0,38,3,0,0.3,,700,,,,,5,,,
ClassicGumtree,423,51,187,236,0,0,0,0,38,3,0,0.4,,700,,,,,5,,,
ClassicGumtree,579,56,263,312,0,4,0,0,3,3,0,0.5,,700,,,,,5,,,
ClassicGumtree,579,56,263,312,0,4,0,0,3,3,0,0.6,,700,,,,,5,,,
ClassicGumtree,579,56,263,312,0,4,0,0,3,3,0,0.7,,700,,,,,5,,,
ClassicGumtree,596,21,264,313,0,19,0,0,3,3,0,0.799,,700,,,,,5,,,
ClassicGumtree,596,21,264,313,0,19,0,0,3,3,0,0.899,,700,,,,,5,,,
ClassicGumtree,596,21,264,313,0,19,0,0,3,3,0,0.999,,700,,,,,5,,,
ClassicGumtree,423,51,187,236,0,0,0,0,38,3,0,0.1,,800,,,,,5,,,
ClassicGumtree,423,51,187,236,0,0,0,0,38,3,0,0.2,,800,,,,,5,,,
ClassicGumtree,423,51,187,236,0,0,0,0,38,3,0,0.3,,800,,,,,5,,,
ClassicGumtree,423,51,187,236,0,0,0,0,38,3,0,0.4,,800,,,,,5,,,
ClassicGumtree,579,56,263,312,0,4,0,0,3,3,0,0.5,,800,,,,,5,,,
ClassicGumtree,579,56,263,312,0,4,0,0,3,3,0,0.6,,800,,,,,5,,,
ClassicGumtree,579,56,263,312,0,4,0,0,3,3,0,0.7,,800,,,,,5,,,
ClassicGumtree,596,21,264,313,0,19,0,0,3,3,0,0.799,,800,,,,,5,,,
ClassicGumtree,596,21,264,313,0,19,0,0,3,3,0,0.899,,800,,,,,5,,,
ClassicGumtree,596,21,264,313,0,19,0,0,3,3,0,0.999,,800,,,,,5,,,
ClassicGumtree,423,51,187,236,0,0,0,0,38,3,0,0.1,,900,,,,,5,,,
ClassicGumtree,423,51,187,236,0,0,0,0,38,3,0,0.2,,900,,,,,5,,,
ClassicGumtree,423,51,187,236,0,0,0,0,37,3,0,0.3,,900,,,,,5,,,
ClassicGumtree,423,51,187,236,0,0,0,0,38,3,0,0.4,,900,,,,,5,,,
ClassicGumtree,579,56,263,312,0,4,0,0,4,3,0,0.5,,900,,,,,5,,,
ClassicGumtree,579,56,263,312,0,4,0,0,3,3,0,0.6,,900,,,,,5,,,
ClassicGumtree,579,56,263,312,0,4,0,0,3,3,0,0.7,,900,,,,,5,,,
ClassicGumtree,596,21,264,313,0,19,0,0,3,3,0,0.799,,900,,,,,5,,,
ClassicGumtree,596,21,264,313,0,19,0,0,3,3,0,0.899,,900,,,,,5,,,
ClassicGumtree,596,21,264,313,0,19,0,0,3,3,0,0.999,,900,,,,,5,,,
ClassicGumtree,423,51,187,236,0,0,0,0,37,3,0,0.1,,1000,,,,,5,,,
ClassicGumtree,423,51,187,236,0,0,0,0,38,3,0,0.2,,1000,,,,,5,,,
ClassicGumtree,423,51,187,236,0,0,0,0,37,3,0,0.3,,1000,,,,,5,,,
ClassicGumtree,423,51,187,236,0,0,0,0,37,3,0,0.4,,1000,,,,,5,,,
ClassicGumtree,579,56,263,312,0,4,0,0,3,3,0,0.5,,1000,,,,,5,,,
ClassicGumtree,579,56,263,312,0,4,0,0,3,3,0,0.6,,1000,,,,,5,,,
ClassicGumtree,579,56,263,312,0,4,0,0,3,3,0,0.7,,1000,,,,,5,,,
ClassicGumtree,596,21,264,313,0,19,0,0,3,3,0,0.799,,1000,,,,,5,,,
ClassicGumtree,596,21,264,313,0,19,0,0,3,3,0,0.899,,1000,,,,,5,,,
ClassicGumtree,596,21,264,313,0,19,0,0,3,3,0,0.999,,1000,,,,,5,,,
ClassicGumtree,423,51,187,236,0,0,0,0,38,3,0,0.1,,1100,,,,,5,,,
ClassicGumtree,423,51,187,236,0,0,0,0,38,3,0,0.2,,1100,,,,,5,,,
ClassicGumtree,423,51,187,236,0,0,0,0,38,3,0,0.3,,1100,,,,,5,,,
ClassicGumtree,423,51,187,236,0,0,0,0,38,3,0,0.4,,1100,,,,,5,,,
ClassicGumtree,579,56,263,312,0,4,0,0,3,3,0,0.5,,1100,,,,,5,,,
ClassicGumtree,579,56,263,312,0,4,0,0,3,3,0,0.6,,1100,,,,,5,,,
ClassicGumtree,579,56,263,312,0,4,0,0,3,3,0,0.7,,1100,,,,,5,,,
ClassicGumtree,596,21,264,313,0,19,0,0,3,3,0,0.799,,1100,,,,,5,,,
ClassicGumtree,596,21,264,313,0,19,0,0,4,3,0,0.899,,1100,,,,,5,,,
ClassicGumtree,596,21,264,313,0,19,0,0,3,3,0,0.999,,1100,,,,,5,,,
ClassicGumtree,423,51,187,236,0,0,0,0,37,3,0,0.1,,1200,,,,,5,,,
ClassicGumtree,423,51,187,236,0,0,0,0,38,3,0,0.2,,1200,,,,,5,,,
ClassicGumtree,423,51,187,236,0,0,0,0,38,3,0,0.3,,1200,,,,,5,,,
ClassicGumtree,423,51,187,236,0,0,0,0,37,3,0,0.4,,1200,,,,,5,,,
ClassicGumtree,579,56,263,312,0,4,0,0,3,3,0,0.5,,1200,,,,,5,,,
ClassicGumtree,579,56,263,312,0,4,0,0,3,3,0,0.6,,1200,,,,,5,,,
ClassicGumtree,579,56,263,312,0,4,0,0,3,3,0,0.7,,1200,,,,,5,,,
ClassicGumtree,596,21,264,313,0,19,0,0,3,3,0,0.799,,1200,,,,,5,,,
ClassicGumtree,596,21,264,313,0,19,0,0,3,3,0,0.899,,1200,,,,,5,,,
ClassicGumtree,596,21,264,313,0,19,0,0,3,3,0,0.999,,1200,,,,,5,,,
ClassicGumtree,49,2,0,49,0,0,0,0,4031,3,0,0.1,,1300,,,,,5,,,
ClassicGumtree,49,2,0,49,0,0,0,0,4040,3,0,0.2,,1300,,,,,5,,,
ClassicGumtree,49,2,0,49,0,0,0,0,4046,3,0,0.3,,1300,,,,,5,,,
ClassicGumtree,49,2,0,49,0,0,0,0,4038,3,0,0.4,,1300,,,,,5,,,
ClassicGumtree,49,2,0,49,0,0,0,0,3996,3,0,0.5,,1300,,,,,5,,,
ClassicGumtree,49,2,0,49,0,0,0,0,4006,3,0,0.6,,1300,,,,,5,,,
ClassicGumtree,49,2,0,49,0,0,0,0,4000,3,0,0.7,,1300,,,,,5,,,
ClassicGumtree,49,2,0,49,0,0,0,0,2011,3,0,0.799,,1300,,,,,5,,,
ClassicGumtree,49,2,0,49,0,0,0,0,2010,3,0,0.899,,1300,,,,,5,,,
ClassicGumtree,49,2,0,49,0,0,0,0,2015,3,0,0.999,,1300,,,,,5,,,
ClassicGumtree,49,2,0,49,0,0,0,0,4010,3,0,0.1,,1400,,,,,5,,,
ClassicGumtree,49,2,0,49,0,0,0,0,4008,3,0,0.2,,1400,,,,,5,,,
ClassicGumtree,49,2,0,49,0,0,0,0,4021,3,0,0.3,,1400,,,,,5,,,
ClassicGumtree,49,2,0,49,0,0,0,0,4059,3,0,0.4,,1400,,,,,5,,,
ClassicGumtree,49,2,0,49,0,0,0,0,4003,3,0,0.5,,1400,,,,,5,,,
ClassicGumtree,49,2,0,49,0,0,0,0,4022,3,0,0.6,,1400,,,,,5,,,
ClassicGumtree,49,2,0,49,0,0,0,0,4024,3,0,0.7,,1400,,,,,5,,,
ClassicGumtree,49,2,0,49,0,0,0,0,1991,3,0,0.799,,1400,,,,,5,,,
ClassicGumtree,49,2,0,49,0,0,0,0,1993,3,0,0.899,,1400,,,,,5,,,
ClassicGumtree,49,2,0,49,0,0,0,0,1989,3,0,0.999,,1400,,,,,5,,,
ClassicGumtree,49,2,0,49,0,0,0,0,4060,3,0,0.1,,1500,,,,,5,,,
ClassicGumtree,49,2,0,49,0,0,0,0,4044,3,0,0.2,,1500,,,,,5,,,
ClassicGumtree,49,2,0,49,0,0,0,0,4041,3,0,0.3,,1500,,,,,5,,,
ClassicGumtree,49,2,0,49,0,0,0,0,4035,3,0,0.4,,1500,,,,,5,,,
ClassicGumtree,49,2,0,49,0,0,0,0,3999,3,0,0.5,,1500,,,,,5,,,
ClassicGumtree,49,2,0,49,0,0,0,0,4010,3,0,0.6,,1500,,,,,5,,,
ClassicGumtree,49,2,0,49,0,0,0,0,3979,3,0,0.7,,1500,,,,,5,,,
ClassicGumtree,49,2,0,49,0,0,0,0,1989,3,0,0.799,,1500,,,,,5,,,
ClassicGumtree,49,2,0,49,0,0,0,0,1986,3,0,0.899,,1500,,,,,5,,,
ClassicGumtree,49,2,0,49,0,0,0,0,1994,3,0,0.999,,1500,,,,,5,,,
ClassicGumtree,49,2,0,49,0,0,0,0,4041,3,0,0.1,,1600,,,,,5,,,
ClassicGumtree,49,2,0,49,0,0,0,0,4046,3,0,0.2,,1600,,,,,5,,,
ClassicGumtree,49,2,0,49,0,0,0,0,4049,3,0,0.3,,1600,,,,,5,,,
ClassicGumtree,49,2,0,49,0,0,0,0,4048,3,0,0.4,,1600,,,,,5,,,
ClassicGumtree,49,2,0,49,0,0,0,0,4009,3,0,0.5,,1600,,,,,5,,,
ClassicGumtree,49,2,0,49,0,0,0,0,4006,3,0,0.6,,1600,,,,,5,,,
ClassicGumtree,49,2,0,49,0,0,0,0,4009,3,0,0.7,,1600,,,,,5,,,
ClassicGumtree,49,2,0,49,0,0,0,0,1987,3,0,0.799,,1600,,,,,5,,,
ClassicGumtree,49,2,0,49,0,0,0,0,1997,3,0,0.899,,1600,,,,,5,,,
ClassicGumtree,49,2,0,49,0,0,0,0,2030,3,0,0.999,,1600,,,,,5,,,
ClassicGumtree,49,2,0,49,0,0,0,0,4056,3,0,0.1,,1700,,,,,5,,,
ClassicGumtree,49,2,0,49,0,0,0,0,4068,3,0,0.2,,1700,,,,,5,,,
ClassicGumtree,49,2,0,49,0,0,0,0,4020,3,0,0.3,,1700,,,,,5,,,
ClassicGumtree,49,2,0,49,0,0,0,0,4029,3,0,0.4,,1700,,,,,5,,,
ClassicGumtree,49,2,0,49,0,0,0,0,3990,3,0,0.5,,1700,,,,,5,,,
ClassicGumtree,49,2,0,49,0,0,0,0,3990,3,0,0.6,,1700,,,,,5,,,
ClassicGumtree,49,2,0,49,0,0,0,0,3992,3,0,0.7,,1700,,,,,5,,,
ClassicGumtree,49,2,0,49,0,0,0,0,1993,3,0,0.799,,1700,,,,,5,,,
ClassicGumtree,49,2,0,49,0,0,0,0,1992,3,0,0.899,,1700,,,,,5,,,
ClassicGumtree,49,2,0,49,0,0,0,0,2007,3,0,0.999,,1700,,,,,5,,,
ClassicGumtree,49,2,0,49,0,0,0,0,4072,3,0,0.1,,1800,,,,,5,,,
ClassicGumtree,49,2,0,49,0,0,0,0,4053,3,0,0.2,,1800,,,,,5,,,
ClassicGumtree,49,2,0,49,0,0,0,0,4076,3,0,0.3,,1800,,,,,5,,,
ClassicGumtree,49,2,0,49,0,0,0,0,4092,3,0,0.4,,1800,,,,,5,,,
ClassicGumtree,49,2,0,49,0,0,0,0,4037,3,0,0.5,,1800,,,,,5,,,
ClassicGumtree,49,2,0,49,0,0,0,0,4027,3,0,0.6,,1800,,,,,5,,,
ClassicGumtree,49,2,0,49,0,0,0,0,4030,3,0,0.7,,1800,,,,,5,,,
ClassicGumtree,49,2,0,49,0,0,0,0,2039,3,0,0.799,,1800,,,,,5,,,
ClassicGumtree,49,2,0,49,0,0,0,0,2044,3,0,0.899,,1800,,,,,5,,,
ClassicGumtree,49,2,0,49,0,0,0,0,2044,3,0,0.999,,1800,,,,,5,,,
ClassicGumtree,49,2,0,49,0,0,0,0,4019,3,0,0.1,,1900,,,,,5,,,
ClassicGumtree,49,2,0,49,0,0,0,0,4017,3,0,0.2,,1900,,,,,5,,,
ClassicGumtree,49,2,0,49,0,0,0,0,4017,3,0,0.3,,1900,,,,,5,,,
ClassicGumtree,49,2,0,49,0,0,0,0,4017,3,0,0.4,,1900,,,,,5,,,
ClassicGumtree,49,2,0,49,0,0,0,0,4011,3,0,0.5,,1900,,,,,5,,,
ClassicGumtree,49,2,0,49,0,0,0,0,4006,3,0,0.6,,1900,,,,,5,,,
ClassicGumtree,49,2,0,49,0,0,0,0,4018,3,0,0.7,,1900,,,,,5,,,
ClassicGumtree,49,2,0,49,0,0,0,0,1996,3,0,0.799,,1900,,,,,5,,,
ClassicGumtree,49,2,0,49,0,0,0,0,1989,3,0,0.899,,1900,,,,,5,,,
ClassicGumtree,49,2,0,49,0,0,0,0,1988,3,0,0.999,,1900,,,,,5,,,
ClassicGumtree,49,2,0,49,0,0,0,0,4046,3,0,0.1,,2000,,,,,5,,,
ClassicGumtree,49,2,0,49,0,0,0,0,3994,3,0,0.2,,2000,,,,,5,,,
ClassicGumtree,49,2,0,49,0,0,0,0,3976,3,0,0.3,,2000,,,,,5,,,
ClassicGumtree,49,2,0,49,0,0,0,0,3987,3,0,0.4,,2000,,,,,5,,,
ClassicGumtree,49,2,0,49,0,0,0,0,3986,3,0,0.5,,2000,,,,,5,,,
ClassicGumtree,49,2,0,49,0,0,0,0,3937,3,0,0.6,,2000,,,,,5,,,
ClassicGumtree,49,2,0,49,0,0,0,0,3945,3,0,0.7,,2000,,,,,5,,,
ClassicGumtree,49,2,0,49,0,0,0,0,1992,3,0,0.799,,2000,,,,,5,,,
ClassicGumtree,49,2,0,49,0,0,0,0,1997,3,0,0.899,,2000,,,,,5,,,
ClassicGumtree,49,2,0,49,0,0,0,0,1996,3,0,0.999,,2000,,,,,5,,,
CompleteGumtreeMatcher,113,53,8,53,1,51,0,0,4,3,0,0.1,,100,,,,,1,,,
CompleteGumtreeMatcher,74,21,8,53,0,13,0,0,6,3,0,0.2,,100,,,,,1,,,
CompleteGumtreeMatcher,74,21,8,53,0,13,0,0,4,3,0,0.3,,100,,,,,1,,,
CompleteGumtreeMatcher,74,21,8,53,0,13,0,0,4,3,0,0.4,,100,,,,,1,,,
CompleteGumtreeMatcher,74,21,8,53,0,13,0,0,4,3,0,0.5,,100,,,,,1,,,
CompleteGumtreeMatcher,74,21,8,53,0,13,0,0,6,3,0,0.6,,100,,,,,1,,,
CompleteGumtreeMatcher,74,21,8,53,0,13,0,0,4,3,0,0.7,,100,,,,,1,,,
CompleteGumtreeMatcher,74,21,8,53,0,13,0,0,4,3,0,0.799,,100,,,,,1,,,
CompleteGumtreeMatcher,74,21,8,53,0,13,0,0,5,3,0,0.899,,100,,,,,1,,,
CompleteGumtreeMatcher,113,52,9,54,0,50,0,0,6,3,0,0.999,,100,,,,,1,,,
CompleteGumtreeMatcher,112,53,8,52,1,51,0,0,247,3,0,0.1,,200,,,,,1,,,
CompleteGumtreeMatcher,74,21,8,53,0,13,0,0,4,3,0,0.2,,200,,,,,1,,,
CompleteGumtreeMatcher,74,21,8,53,0,13,0,0,4,3,0,0.3,,200,,,,,1,,,
CompleteGumtreeMatcher,74,21,8,53,0,13,0,0,4,3,0,0.4,,200,,,,,1,,,
CompleteGumtreeMatcher,74,21,8,53,0,13,0,0,4,3,0,0.5,,200,,,,,1,,,
CompleteGumtreeMatcher,74,21,8,53,0,13,0,0,4,3,0,0.6,,200,,,,,1,,,
CompleteGumtreeMatcher,74,21,8,53,0,13,0,0,6,3,0,0.7,,200,,,,,1,,,
CompleteGumtreeMatcher,74,21,8,53,0,13,0,0,6,3,0,0.799,,200,,,,,1,,,
CompleteGumtreeMatcher,74,21,8,53,0,13,0,0,6,3,0,0.899,,200,,,,,1,,,
CompleteGumtreeMatcher,113,52,9,54,0,50,0,0,7,3,0,0.999,,200,,,,,1,,,
CompleteGumtreeMatcher,112,53,8,52,1,51,0,0,246,3,0,0.1,,300,,,,,1,,,
CompleteGumtreeMatcher,74,21,8,53,0,13,0,0,3,3,0,0.2,,300,,,,,1,,,
CompleteGumtreeMatcher,74,21,8,53,0,13,0,0,3,3,0,0.3,,300,,,,,1,,,
CompleteGumtreeMatcher,74,21,8,53,0,13,0,0,4,3,0,0.4,,300,,,,,1,,,
CompleteGumtreeMatcher,74,21,8,53,0,13,0,0,4,3,0,0.5,,300,,,,,1,,,
CompleteGumtreeMatcher,74,21,8,53,0,13,0,0,4,3,0,0.6,,300,,,,,1,,,
CompleteGumtreeMatcher,74,21,8,53,0,13,0,0,3,3,0,0.7,,300,,,,,1,,,
CompleteGumtreeMatcher,74,21,8,53,0,13,0,0,5,3,0,0.799,,300,,,,,1,,,
CompleteGumtreeMatcher,74,21,8,53,0,13,0,0,5,3,0,0.899,,300,,,,,1,,,
CompleteGumtreeMatcher,113,52,9,54,0,50,0,0,6,3,0,0.999,,300,,,,,1,,,
CompleteGumtreeMatcher,112,53,8,52,1,51,0,0,223,3,0,0.1,,400,,,,,1,,,
CompleteGumtreeMatcher,74,21,8,53,0,13,0,0,4,3,0,0.2,,400,,,,,1,,,
CompleteGumtreeMatcher,74,21,8,53,0,13,0,0,5,3,0,0.3,,400,,,,,1,,,
CompleteGumtreeMatcher,74,21,8,53,0,13,0,0,4,3,0,0.4,,400,,,,,1,,,
CompleteGumtreeMatcher,74,21,8,53,0,13,0,0,4,3,0,0.5,,400,,,,,1,,,
CompleteGumtreeMatcher,74,21,8,53,0,13,0,0,3,3,0,0.6,,400,,,,,1,,,
CompleteGumtreeMatcher,74,21,8,53,0,13,0,0,6,3,0,0.7,,400,,,,,1,,,
CompleteGumtreeMatcher,74,21,8,53,0,13,0,0,6,3,0,0.799,,400,,,,,1,,,
CompleteGumtreeMatcher,74,21,8,53,0,13,0,0,6,3,0,0.899,,400,,,,,1,,,
CompleteGumtreeMatcher,113,52,9,54,0,50,0,0,4,3,0,0.999,,400,,,,,1,,,
CompleteGumtreeMatcher,112,53,8,52,1,51,0,0,247,3,0,0.1,,500,,,,,1,,,
CompleteGumtreeMatcher,74,21,8,53,0,13,0,0,4,3,0,0.2,,500,,,,,1,,,
CompleteGumtreeMatcher,74,21,8,53,0,13,0,0,6,3,0,0.3,,500,,,,,1,,,
CompleteGumtreeMatcher,74,21,8,53,0,13,0,0,4,3,0,0.4,,500,,,,,1,,,
CompleteGumtreeMatcher,74,21,8,53,0,13,0,0,4,3,0,0.5,,500,,,,,1,,,
CompleteGumtreeMatcher,74,21,8,53,0,13,0,0,6,3,0,0.6,,500,,,,,1,,,
CompleteGumtreeMatcher,74,21,8,53,0,13,0,0,6,3,0,0.7,,500,,,,,1,,,
CompleteGumtreeMatcher,74,21,8,53,0,13,0,0,6,3,0,0.799,,500,,,,,1,,,
CompleteGumtreeMatcher,74,21,8,53,0,13,0,0,6,3,0,0.899,,500,,,,,1,,,
CompleteGumtreeMatcher,113,52,9,54,0,50,0,0,4,3,0,0.999,,500,,,,,1,,,
CompleteGumtreeMatcher,112,53,8,52,1,51,0,0,247,3,0,0.1,,600,,,,,1,,,
CompleteGumtreeMatcher,74,21,8,53,0,13,0,0,6,3,0,0.2,,600,,,,,1,,,
CompleteGumtreeMatcher,74,21,8,53,0,13,0,0,6,3,0,0.3,,600,,,,,1,,,
CompleteGumtreeMatcher,74,21,8,53,0,13,0,0,5,3,0,0.4,,600,,,,,1,,,
CompleteGumtreeMatcher,74,21,8,53,0,13,0,0,4,3,0,0.5,,600,,,,,1,,,
CompleteGumtreeMatcher,74,21,8,53,0,13,0,0,6,3,0,0.6,,600,,,,,1,,,
CompleteGumtreeMatcher,74,21,8,53,0,13,0,0,5,3,0,0.7,,600,,,,,1,,,
CompleteGumtreeMatcher,74,21,8,53,0,13,0,0,3,3,0,0.799,,600,,,,,1,,,
CompleteGumtreeMatcher,74,21,8,53,0,13,0,0,6,3,0,0.899,,600,,,,,1,,,
CompleteGumtreeMatcher,113,52,9,54,0,50,0,0,6,3,0,0.999,,600,,,,,1,,,
CompleteGumtreeMatcher,112,53,8,52,1,51,0,0,314,3,0,0.1,,700,,,,,1,,,
CompleteGumtreeMatcher,74,21,8,53,0,13,0,0,4,3,0,0.2,,700,,,,,1,,,
CompleteGumtreeMatcher,74,21,8,53,0,13,0,0,6,3,0,0.3,,700,,,,,1,,,
CompleteGumtreeMatcher,74,21,8,53,0,13,0,0,5,3,0,0.4,,700,,,,,1,,,
CompleteGumtreeMatcher,74,21,8,53,0,13,0,0,4,3,0,0.5,,700,,,,,1,,,
CompleteGumtreeMatcher,74,21,8,53,0,13,0,0,6,3,0,0.6,,700,,,,,1,,,
CompleteGumtreeMatcher,74,21,8,53,0,13,0,0,3,3,0,0.7,,700,,,,,1,,,
CompleteGumtreeMatcher,74,21,8,53,0,13,0,0,6,3,0,0.799,,700,,,,,1,,,
CompleteGumtreeMatcher,74,21,8,53,0,13,0,0,5,3,0,0.899,,700,,,,,1,,,
CompleteGumtreeMatcher,113,52,9,54,0,50,0,0,7,3,0,0.999,,700,,,,,1,,,
CompleteGumtreeMatcher,112,53,8,52,1,51,0,0,247,3,0,0.1,,800,,,,,1,,,
CompleteGumtreeMatcher,74,21,8,53,0,13,0,0,6,3,0,0.2,,800,,,,,1,,,
CompleteGumtreeMatcher,74,21,8,53,0,13,0,0,6,3,0,0.3,,800,,,,,1,,,
CompleteGumtreeMatcher,74,21,8,53,0,13,0,0,5,3,0,0.4,,800,,,,,1,,,
CompleteGumtreeMatcher,74,21,8,53,0,13,0,0,6,3,0,0.5,,800,,,,,1,,,
CompleteGumtreeMatcher,74,21,8,53,0,13,0,0,5,3,0,0.6,,800,,,,,1,,,
CompleteGumtreeMatcher,74,21,8,53,0,13,0,0,6,3,0,0.7,,800,,,,,1,,,
CompleteGumtreeMatcher,74,21,8,53,0,13,0,0,6,3,0,0.799,,800,,,,,1,,,
CompleteGumtreeMatcher,74,21,8,53,0,13,0,0,5,3,0,0.899,,800,,,,,1,,,
CompleteGumtreeMatcher,113,52,9,54,0,50,0,0,7,3,0,0.999,,800,,,,,1,,,
CompleteGumtreeMatcher,112,53,8,52,1,51,0,0,302,3,0,0.1,,900,,,,,1,,,
CompleteGumtreeMatcher,74,21,8,53,0,13,0,0,6,3,0,0.2,,900,,,,,1,,,
CompleteGumtreeMatcher,74,21,8,53,0,13,0,0,5,3,0,0.3,,900,,,,,1,,,
CompleteGumtreeMatcher,74,21,8,53,0,13,0,0,6,3,0,0.4,,900,,,,,1,,,
CompleteGumtreeMatcher,74,21,8,53,0,13,0,0,6,3,0,0.5,,900,,,,,1,,,
CompleteGumtreeMatcher,74,21,8,53,0,13,0,0,5,3,0,0.6,,900,,,,,1,,,
CompleteGumtreeMatcher,74,21,8,53,0,13,0,0,6,3,0,0.7,,900,,,,,1,,,
CompleteGumtreeMatcher,74,21,8,53,0,13,0,0,6,3,0,0.799,,900,,,,,1,,,
CompleteGumtreeMatcher,74,21,8,53,0,13,0,0,6,3,0,0.899,,900,,,,,1,,,
CompleteGumtreeMatcher,113,52,9,54,0,50,0,0,7,3,0,0.999,,900,,,,,1,,,
CompleteGumtreeMatcher,112,53,8,52,1,51,0,0,335,3,0,0.1,,1000,,,,,1,,,
CompleteGumtreeMatcher,74,21,8,53,0,13,0,0,5,3,0,0.2,,1000,,,,,1,,,
CompleteGumtreeMatcher,74,21,8,53,0,13,0,0,6,3,0,0.3,,1000,,,,,1,,,
CompleteGumtreeMatcher,74,21,8,53,0,13,0,0,6,3,0,0.4,,1000,,,,,1,,,
CompleteGumtreeMatcher,74,21,8,53,0,13,0,0,5,3,0,0.5,,1000,,,,,1,,,
CompleteGumtreeMatcher,74,21,8,53,0,13,0,0,6,3,0,0.6,,1000,,,,,1,,,
CompleteGumtreeMatcher,74,21,8,53,0,13,0,0,5,3,0,0.7,,1000,,,,,1,,,
CompleteGumtreeMatcher,74,21,8,53,0,13,0,0,6,3,0,0.799,,1000,,,,,1,,,
CompleteGumtreeMatcher,74,21,8,53,0,13,0,0,5,3,0,0.899,,1000,,,,,1,,,
CompleteGumtreeMatcher,113,52,9,54,0,50,0,0,7,3,0,0.999,,1000,,,,,1,,,
CompleteGumtreeMatcher,112,53,8,52,1,51,0,0,279,3,0,0.1,,1100,,,,,1,,,
CompleteGumtreeMatcher,74,21,8,53,0,13,0,0,3,3,0,0.2,,1100,,,,,1,,,
CompleteGumtreeMatcher,74,21,8,53,0,13,0,0,3,3,0,0.3,,1100,,,,,1,,,
CompleteGumtreeMatcher,74,21,8,53,0,13,0,0,3,3,0,0.4,,1100,,,,,1,,,
CompleteGumtreeMatcher,74,21,8,53,0,13,0,0,3,3,0,0.5,,1100,,,,,1,,,
CompleteGumtreeMatcher,74,21,8,53,0,13,0,0,3,3,0,0.6,,1100,,,,,1,,,
CompleteGumtreeMatcher,74,21,8,53,0,13,0,0,3,3,0,0.7,,1100,,,,,1,,,
CompleteGumtreeMatcher,74,21,8,53,0,13,0,0,4,3,0,0.799,,1100,,,,,1,,,
CompleteGumtreeMatcher,74,21,8,53,0,13,0,0,4,3,0,0.899,,1100,,,,,1,,,
CompleteGumtreeMatcher,113,52,9,54,0,50,0,0,4,3,0,0.999,,1100,,,,,1,,,
CompleteGumtreeMatcher,112,53,8,52,1,51,0,0,248,3,0,0.1,,1200,,,,,1,,,
CompleteGumtreeMatcher,74,21,8,53,0,13,0,0,3,3,0,0.2,,1200,,,,,1,,,
CompleteGumtreeMatcher,74,21,8,53,0,13,0,0,4,3,0,0.3,,1200,,,,,1,,,
CompleteGumtreeMatcher,74,21,8,53,0,13,0,0,3,3,0,0.4,,1200,,,,,1,,,
CompleteGumtreeMatcher,74,21,8,53,0,13,0,0,4,3,0,0.5,,1200,,,,,1,,,
CompleteGumtreeMatcher,74,21,8,53,0,13,0,0,3,3,0,0.6,,1200,,,,,1,,,
CompleteGumtreeMatcher,74,21,8,53,0,13,0,0,3,3,0,0.7,,1200,,,,,1,,,
CompleteGumtreeMatcher,74,21,8,53,0,13,0,0,3,3,0,0.799,,1200,,,,,1,,,
CompleteGumtreeMatcher,74,21,8,53,0,13,0,0,3,3,0,0.899,,1200,,,,,1,,,
CompleteGumtreeMatcher,113,52,9,54,0,50,0,0,4,3,0,0.999,,1200,,,,,1,,,
CompleteGumtreeMatcher,53,4,4,49,0,0,0,0,4036,3,0,0.1,,1300,,,,,1,,,
CompleteGumtreeMatcher,53,4,4,49,0,0,0,0,3974,3,0,0.2,,1300,,,,,1,,,
CompleteGumtreeMatcher,53,4,4,49,0,0,0,0,4042,3,0,0.3,,1300,,,,,1,,,
CompleteGumtreeMatcher,53,4,4,49,0,0,0,0,4042,3,0,0.4,,1300,,,,,1,,,
CompleteGumtreeMatcher,53,4,4,49,0,0,0,0,4034,3,0,0.5,,1300,,,,,1,,,
CompleteGumtreeMatcher,53,4,4,49,0,0,0,0,4034,3,0,0.6,,1300,,,,,1,,,
CompleteGumtreeMatcher,53,4,4,49,0,0,0,0,4010,3,0,0.7,,1300,,,,,1,,,
CompleteGumtreeMatcher,53,4,4,49,0,0,0,0,3999,3,0,0.799,,1300,,,,,1,,,
CompleteGumtreeMatcher,53,4,4,49,0,0,0,0,4023,3,0,0.899,,1300,,,,,1,,,
CompleteGumtreeMatcher,53,4,4,49,0,0,0,0,1998,3,0,0.999,,1300,,,,,1,,,
CompleteGumtreeMatcher,53,4,4,49,0,0,0,0,4008,3,0,0.1,,1400,,,,,1,,,
CompleteGumtreeMatcher,53,4,4,49,0,0,0,0,3988,3,0,0.2,,1400,,,,,1,,,
CompleteGumtreeMatcher,53,4,4,49,0,0,0,0,3975,3,0,0.3,,1400,,,,,1,,,
CompleteGumtreeMatcher,53,4,4,49,0,0,0,0,3978,3,0,0.4,,1400,,,,,1,,,
CompleteGumtreeMatcher,53,4,4,49,0,0,0,0,3977,3,0,0.5,,1400,,,,,1,,,
CompleteGumtreeMatcher,53,4,4,49,0,0,0,0,3976,3,0,0.6,,1400,,,,,1,,,
CompleteGumtreeMatcher,53,4,4,49,0,0,0,0,3984,3,0,0.7,,1400,,,,,1,,,
CompleteGumtreeMatcher,53,4,4,49,0,0,0,0,3977,3,0,0.799,,1400,,,,,1,,,
CompleteGumtreeMatcher,53,4,4,49,0,0,0,0,4017,3,0,0.899,,1400,,,,,1,,,
CompleteGumtreeMatcher,53,4,4,49,0,0,0,0,1992,3,0,0.999,,1400,,,,,1,,,
CompleteGumtreeMatcher,53,4,4,49,0,0,0,0,3997,3,0,0.1,,1500,,,,,1,,,
CompleteGumtreeMatcher,53,4,4,49,0,0,0,0,4030,3,0,0.2,,1500,,,,,1,,,
CompleteGumtreeMatcher,53,4,4,49,0,0,0,0,4039,3,0,0.3,,1500,,,,,1,,,
CompleteGumtreeMatcher,53,4,4,49,0,0,0,0,4015,3,0,0.4,,1500,,,,,1,,,
CompleteGumtreeMatcher,53,4,4,49,0,0,0,0,4039,3,0,0.5,,1500,,,,,1,,,
CompleteGumtreeMatcher,53,4,4,49,0,0,0,0,4012,3,0,0.6,,1500,,,,,1,,,
CompleteGumtreeMatcher,53,4,4,49,0,0,0,0,4025,3,0,0.7,,1500,,,,,1,,,
CompleteGumtreeMatcher,53,4,4,49,0,0,0,0,4025,3,0,0.799,,1500,,,,,1,,,
CompleteGumtreeMatcher,53,4,4,49,0,0,0,0,4039,3,0,0.899,,1500,,,,,1,,,
CompleteGumtreeMatcher,53,4,4,49,0,0,0,0,1991,3,0,0.999,,1500,,,,,1,,,
CompleteGumtreeMatcher,53,4,4,49,0,0,0,0,4020,3,0,0.1,,1600,,,,,1,,,
CompleteGumtreeMatcher,53,4,4,49,0,0,0,0,4003,3,0,0.2,,1600,,,,,1,,,
CompleteGumtreeMatcher,53,4,4,49,0,0,0,0,4016,3,0,0.3,,1600,,,,,1,,,
CompleteGumtreeMatcher,53,4,4,49,0,0,0,0,4010,3,0,0.4,,1600,,,,,1,,,
CompleteGumtreeMatcher,53,4,4,49,0,0,0,0,4001,3,0,0.5,,1600,,,,,1,,,
CompleteGumtreeMatcher,53,4,4,49,0,0,0,0,3997,3,0,0.6,,1600,,,,,1,,,
CompleteGumtreeMatcher,53,4,4,49,0,0,0,0,3998,3,0,0.7,,1600,,,,,1,,,
CompleteGumtreeMatcher,53,4,4,49,0,0,0,0,4000,3,0,0.799,,1600,,,,,1,,,
CompleteGumtreeMatcher,53,4,4,49,0,0,0,0,3998,3,0,0.899,,1600,,,,,1,,,
CompleteGumtreeMatcher,53,4,4,49,0,0,0,0,2017,3,0,0.999,,1600,,,,,1,,,
CompleteGumtreeMatcher,53,4,4,49,0,0,0,0,3978,3,0,0.1,,1700,,,,,1,,,
CompleteGumtreeMatcher,53,4,4,49,0,0,0,0,3978,3,0,0.2,,1700,,,,,1,,,
CompleteGumtreeMatcher,53,4,4,49,0,0,0,0,3978,3,0,0.3,,1700,,,,,1,,,
CompleteGumtreeMatcher,53,4,4,49,0,0,0,0,3972,3,0,0.4,,1700,,,,,1,,,
CompleteGumtreeMatcher,53,4,4,49,0,0,0,0,4009,3,0,0.5,,1700,,,,,1,,,
CompleteGumtreeMatcher,53,4,4,49,0,0,0,0,4001,3,0,0.6,,1700,,,,,1,,,
CompleteGumtreeMatcher,53,4,4,49,0,0,0,0,4040,3,0,0.7,,1700,,,,,1,,,
CompleteGumtreeMatcher,53,4,4,49,0,0,0,0,4012,3,0,0.799,,1700,,,,,1,,,
CompleteGumtreeMatcher,53,4,4,49,0,0,0,0,4005,3,0,0.899,,1700,,,,,1,,,
CompleteGumtreeMatcher,53,4,4,49,0,0,0,0,1990,3,0,0.999,,1700,,,,,1,,,
CompleteGumtreeMatcher,53,4,4,49,0,0,0,0,4000,3,0,0.1,,1800,,,,,1,,,
CompleteGumtreeMatcher,53,4,4,49,0,0,0,0,4011,3,0,0.2,,1800,,,,,1,,,
CompleteGumtreeMatcher,53,4,4,49,0,0,0,0,4001,3,0,0.3,,1800,,,,,1,,,
CompleteGumtreeMatcher,53,4,4,49,0,0,0,0,4007,3,0,0.4,,1800,,,,,1,,,
CompleteGumtreeMatcher,53,4,4,49,0,0,0,0,4006,3,0,0.5,,1800,,,,,1,,,
CompleteGumtreeMatcher,53,4,4,49,0,0,0,0,3987,3,0,0.6,,1800,,,,,1,,,
CompleteGumtreeMatcher,53,4,4,49,0,0,0,0,3976,3,0,0.7,,1800,,,,,1,,,
CompleteGumtreeMatcher,53,4,4,49,0,0,0,0,3977,3,0,0.799,,1800,,,,,1,,,
CompleteGumtreeMatcher,53,4,4,49,0,0,0,0,3974,3,0,0.899,,1800,,,,,1,,,
CompleteGumtreeMatcher,53,4,4,49,0,0,0,0,1989,3,0,0.999,,1800,,,,,1,,,
CompleteGumtreeMatcher,53,4,4,49,0,0,0,0,3997,3,0,0.1,,1900,,,,,1,,,
CompleteGumtreeMatcher,53,4,4,49,0,0,0,0,4004,3,0,0.2,,1900,,,,,1,,,
CompleteGumtreeMatcher,53,4,4,49,0,0,0,0,4011,3,0,0.3,,1900,,,,,1,,,
CompleteGumtreeMatcher,53,4,4,49,0,0,0,0,4009,3,0,0.4,,1900,,,,,1,,,
CompleteGumtreeMatcher,53,4,4,49,0,0,0,0,4014,3,0,0.5,,1900,,,,,1,,,
CompleteGumtreeMatcher,53,4,4,49,0,0,0,0,4005,3,0,0.6,,1900,,,,,1,,,
CompleteGumtreeMatcher,53,4,4,49,0,0,0,0,4002,3,0,0.7,,1900,,,,,1,,,
CompleteGumtreeMatcher,53,4,4,49,0,0,0,0,4010,3,0,0.799,,1900,,,,,1,,,
CompleteGumtreeMatcher,53,4,4,49,0,0,0,0,4005,3,0,0.899,,1900,,,,,1,,,
CompleteGumtreeMatcher,53,4,4,49,0,0,0,0,2013,3,0,0.999,,1900,,,,,1,,,
CompleteGumtreeMatcher,53,4,4,49,0,0,0,0,3980,3,0,0.1,,2000,,,,,1,,,
CompleteGumtreeMatcher,53,4,4,49,0,0,0,0,3981,3,0,0.2,,2000,,,,,1,,,
CompleteGumtreeMatcher,53,4,4,49,0,0,0,0,3971,3,0,0.3,,2000,,,,,1,,,
CompleteGumtreeMatcher,53,4,4,49,0,0,0,0,3977,3,0,0.4,,2000,,,,,1,,,
CompleteGumtreeMatcher,53,4,4,49,0,0,0,0,3994,3,0,0.5,,2000,,,,,1,,,
CompleteGumtreeMatcher,53,4,4,49,0,0,0,0,3970,3,0,0.6,,2000,,,,,1,,,
CompleteGumtreeMatcher,53,4,4,49,0,0,0,0,3974,3,0,0.7,,2000,,,,,1,,,
CompleteGumtreeMatcher,53,4,4,49,0,0,0,0,4035,3,0,0.799,,2000,,,,,1,,,
CompleteGumtreeMatcher,53,4,4,49,0,0,0,0,4024,3,0,0.899,,2000,,,,,1,,,
CompleteGumtreeMatcher,53,4,4,49,0,0,0,0,1990,3,0,0.999,,2000,,,,,1,,,
CompleteGumtreeMatcher,120,52,10,59,1,50,0,0,3,3,0,0.1,,100,,,,,2,,,
CompleteGumtreeMatcher,82,23,10,59,0,13,0,0,3,3,0,0.2,,100,,,,,2,,,
CompleteGumtreeMatcher,82,23,10,59,0,13,0,0,2,3,0,0.3,,100,,,,,2,,,
CompleteGumtreeMatcher,82,23,10,59,0,13,0,0,3,3,0,0.4,,100,,,,,2,,,
CompleteGumtreeMatcher,82,23,10,59,0,13,0,0,3,3,0,0.5,,100,,,,,2,,,
CompleteGumtreeMatcher,82,23,10,59,0,13,0,0,2,3,0,0.6,,100,,,,,2,,,
CompleteGumtreeMatcher,82,23,10,59,0,13,0,0,2,3,0,0.7,,100,,,,,2,,,
CompleteGumtreeMatcher,82,23,10,59,0,13,0,0,2,3,0,0.799,,100,,,,,2,,,
CompleteGumtreeMatcher,82,23,10,59,0,13,0,0,3,3,0,0.899,,100,,,,,2,,,
CompleteGumtreeMatcher,120,51,11,60,0,49,0,0,4,3,0,0.999,,100,,,,,2,,,
CompleteGumtreeMatcher,116,53,8,56,1,51,0,0,229,3,0,0.1,,200,,,,,2,,,
CompleteGumtreeMatcher,82,23,10,59,0,13,0,0,3,3,0,0.2,,200,,,,,2,,,
CompleteGumtreeMatcher,82,23,10,59,0,13,0,0,2,3,0,0.3,,200,,,,,2,,,
CompleteGumtreeMatcher,82,23,10,59,0,13,0,0,2,3,0,0.4,,200,,,,,2,,,
CompleteGumtreeMatcher,82,23,10,59,0,13,0,0,3,3,0,0.5,,200,,,,,2,,,
CompleteGumtreeMatcher,82,23,10,59,0,13,0,0,3,3,0,0.6,,200,,,,,2,,,
CompleteGumtreeMatcher,82,23,10,59,0,13,0,0,3,3,0,0.7,,200,,,,,2,,,
CompleteGumtreeMatcher,82,23,10,59,0,13,0,0,3,3,0,0.799,,200,,,,,2,,,
CompleteGumtreeMatcher,82,23,10,59,0,13,0,0,2,3,0,0.899,,200,,,,,2,,,
CompleteGumtreeMatcher,120,51,11,60,0,49,0,0,3,3,0,0.999,,200,,,,,2,,,
CompleteGumtreeMatcher,116,53,8,56,1,51,0,0,228,3,0,0.1,,300,,,,,2,,,
CompleteGumtreeMatcher,82,23,10,59,0,13,0,0,3,3,0,0.2,,300,,,,,2,,,
CompleteGumtreeMatcher,82,23,10,59,0,13,0,0,2,3,0,0.3,,300,,,,,2,,,
CompleteGumtreeMatcher,82,23,10,59,0,13,0,0,3,3,0,0.4,,300,,,,,2,,,
CompleteGumtreeMatcher,82,23,10,59,0,13,0,0,3,3,0,0.5,,300,,,,,2,,,
CompleteGumtreeMatcher,82,23,10,59,0,13,0,0,2,3,0,0.6,,300,,,,,2,,,
CompleteGumtreeMatcher,82,23,10,59,0,13,0,0,2,3,0,0.7,,300,,,,,2,,,
CompleteGumtreeMatcher,82,23,10,59,0,13,0,0,3,3,0,0.799,,300,,,,,2,,,
CompleteGumtreeMatcher,82,23,10,59,0,13,0,0,3,3,0,0.899,,300,,,,,2,,,
CompleteGumtreeMatcher,120,51,11,60,0,49,0,0,3,3,0,0.999,,300,,,,,2,,,
CompleteGumtreeMatcher,116,53,8,56,1,51,0,0,229,3,0,0.1,,400,,,,,2,,,
CompleteGumtreeMatcher,82,23,10,59,0,13,0,0,3,3,0,0.2,,400,,,,,2,,,
CompleteGumtreeMatcher,82,23,10,59,0,13,0,0,3,3,0,0.3,,400,,,,,2,,,
CompleteGumtreeMatcher,82,23,10,59,0,13,0,0,2,3,0,0.4,,400,,,,,2,,,
CompleteGumtreeMatcher,82,23,10,59,0,13,0,0,3,3,0,0.5,,400,,,,,2,,,
CompleteGumtreeMatcher,82,23,10,59,0,13,0,0,3,3,0,0.6,,400,,,,,2,,,
CompleteGumtreeMatcher,82,23,10,59,0,13,0,0,3,3,0,0.7,,400,,,,,2,,,
CompleteGumtreeMatcher,82,23,10,59,0,13,0,0,2,3,0,0.799,,400,,,,,2,,,
CompleteGumtreeMatcher,82,23,10,59,0,13,0,0,3,3,0,0.899,,400,,,,,2,,,
CompleteGumtreeMatcher,120,51,11,60,0,49,0,0,3,3,0,0.999,,400,,,,,2,,,
CompleteGumtreeMatcher,116,53,8,56,1,51,0,0,229,3,0,0.1,,500,,,,,2,,,
CompleteGumtreeMatcher,82,23,10,59,0,13,0,0,3,3,0,0.2,,500,,,,,2,,,
CompleteGumtreeMatcher,82,23,10,59,0,13,0,0,3,3,0,0.3,,500,,,,,2,,,
CompleteGumtreeMatcher,82,23,10,59,0,13,0,0,2,3,0,0.4,,500,,,,,2,,,
CompleteGumtreeMatcher,82,23,10,59,0,13,0,0,3,3,0,0.5,,500,,,,,2,,,
CompleteGumtreeMatcher,82,23,10,59,0,13,0,0,3,3,0,0.6,,500,,,,,2,,,
CompleteGumtreeMatcher,82,23,10,59,0,13,0,0,3,3,0,0.7,,500,,,,,2,,,
CompleteGumtreeMatcher,82,23,10,59,0,13,0,0,2,3,0,0.799,,500,,,,,2,,,
CompleteGumtreeMatcher,82,23,10,59,0,13,0,0,3,3,0,0.899,,500,,,,,2,,,
CompleteGumtreeMatcher,120,51,11,60,0,49,0,0,3,3,0,0.999,,500,,,,,2,,,
CompleteGumtreeMatcher,116,53,8,56,1,51,0,0,229,3,0,0.1,,600,,,,,2,,,
CompleteGumtreeMatcher,82,23,10,59,0,13,0,0,3,3,0,0.2,,600,,,,,2,,,
CompleteGumtreeMatcher,82,23,10,59,0,13,0,0,2,3,0,0.3,,600,,,,,2,,,
CompleteGumtreeMatcher,82,23,10,59,0,13,0,0,2,3,0,0.4,,600,,,,,2,,,
CompleteGumtreeMatcher,82,23,10,59,0,13,0,0,3,3,0,0.5,,600,,,,,2,,,
CompleteGumtreeMatcher,82,23,10,59,0,13,0,0,3,3,0,0.6,,600,,,,,2,,,
CompleteGumtreeMatcher,82,23,10,59,0,13,0,0,3,3,0,0.7,,600,,,,,2,,,
CompleteGumtreeMatcher,82,23,10,59,0,13,0,0,3,3,0,0.799,,600,,,,,2,,,
CompleteGumtreeMatcher,82,23,10,59,0,13,0,0,2,3,0,0.899,,600,,,,,2,,,
CompleteGumtreeMatcher,120,51,11,60,0,49,0,0,3,3,0,0.999,,600,,,,,2,,,
CompleteGumtreeMatcher,116,53,8,56,1,51,0,0,230,3,0,0.1,,700,,,,,2,,,
CompleteGumtreeMatcher,82,23,10,59,0,13,0,0,3,3,0,0.2,,700,,,,,2,,,
CompleteGumtreeMatcher,82,23,10,59,0,13,0,0,3,3,0,0.3,,700,,,,,2,,,
CompleteGumtreeMatcher,82,23,10,59,0,13,0,0,2,3,0,0.4,,700,,,,,2,,,
CompleteGumtreeMatcher,82,23,10,59,0,13,0,0,3,3,0,0.5,,700,,,,,2,,,
CompleteGumtreeMatcher,82,23,10,59,0,13,0,0,3,3,0,0.6,,700,,,,,2,,,
CompleteGumtreeMatcher,82,23,10,59,0,13,0,0,2,3,0,0.7,,700,,,,,2,,,
CompleteGumtreeMatcher,82,23,10,59,0,13,0,0,3,3,0,0.799,,700,,,,,2,,,
CompleteGumtreeMatcher,82,23,10,59,0,13,0,0,3,3,0,0.899,,700,,,,,2,,,
CompleteGumtreeMatcher,120,51,11,60,0,49,0,0,3,3,0,0.999,,700,,,,,2,,,
CompleteGumtreeMatcher,116,53,8,56,1,51,0,0,229,3,0,0.1,,800,,,,,2,,,
CompleteGumtreeMatcher,82,23,10,59,0,13,0,0,3,3,0,0.2,,800,,,,,2,,,
CompleteGumtreeMatcher,82,23,10,59,0,13,0,0,3,3,0,0.3,,800,,,,,2,,,
CompleteGumtreeMatcher,82,23,10,59,0,13,0,0,2,3,0,0.4,,800,,,,,2,,,
CompleteGumtreeMatcher,82,23,10,59,0,13,0,0,3,3,0,0.5,,800,,,,,2,,,
CompleteGumtreeMatcher,82,23,10,59,0,13,0,0,3,3,0,0.6,,800,,,,,2,,,
CompleteGumtreeMatcher,82,23,10,59,0,13,0,0,3,3,0,0.7,,800,,,,,2,,,
CompleteGumtreeMatcher,82,23,10,59,0,13,0,0,2,3,0,0.799,,800,,,,,2,,,
CompleteGumtreeMatcher,82,23,10,59,0,13,0,0,3,3,0,0.899,,800,,,,,2,,,
CompleteGumtreeMatcher,120,51,11,60,0,49,0,0,3,3,0,0.999,,800,,,,,2,,,
CompleteGumtreeMatcher,116,53,8,56,1,51,0,0,229,3,0,0.1,,900,,,,,2,,,
CompleteGumtreeMatcher,82,23,10,59,0,13,0,0,3,3,0,0.2,,900,,,,,2,,,
CompleteGumtreeMatcher,82,23,10,59,0,13,0,0,3,3,0,0.3,,900,,,,,2,,,
CompleteGumtreeMatcher,82,23,10,59,0,13,0,0,2,3,0,0.4,,900,,,,,2,,,
CompleteGumtreeMatcher,82,23,10,59,0,13,0,0,3,3,0,0.5,,900,,,,,2,,,
CompleteGumtreeMatcher,82,23,10,59,0,13,0,0,3,3,0,0.6,,900,,,,,2,,,
CompleteGumtreeMatcher,82,23,10,59,0,13,0,0,3,3,0,0.7,,900,,,,,2,,,
CompleteGumtreeMatcher,82,23,10,59,0,13,0,0,3,3,0,0.799,,900,,,,,2,,,
CompleteGumtreeMatcher,82,23,10,59,0,13,0,0,3,3,0,0.899,,900,,,,,2,,,
CompleteGumtreeMatcher,120,51,11,60,0,49,0,0,3,3,0,0.999,,900,,,,,2,,,
CompleteGumtreeMatcher,116,53,8,56,1,51,0,0,229,3,0,0.1,,1000,,,,,2,,,
CompleteGumtreeMatcher,82,23,10,59,0,13,0,0,3,3,0,0.2,,1000,,,,,2,,,
CompleteGumtreeMatcher,82,23,10,59,0,13,0,0,2,3,0,0.3,,1000,,,,,2,,,
CompleteGumtreeMatcher,82,23,10,59,0,13,0,0,3,3,0,0.4,,1000,,,,,2,,,
CompleteGumtreeMatcher,82,23,10,59,0,13,0,0,3,3,0,0.5,,1000,,,,,2,,,
CompleteGumtreeMatcher,82,23,10,59,0,13,0,0,2,3,0,0.6,,1000,,,,,2,,,
CompleteGumtreeMatcher,82,23,10,59,0,13,0,0,3,3,0,0.7,,1000,,,,,2,,,
CompleteGumtreeMatcher,82,23,10,59,0,13,0,0,2,3,0,0.799,,1000,,,,,2,,,
CompleteGumtreeMatcher,82,23,10,59,0,13,0,0,3,3,0,0.899,,1000,,,,,2,,,
CompleteGumtreeMatcher,120,51,11,60,0,49,0,0,3,3,0,0.999,,1000,,,,,2,,,
CompleteGumtreeMatcher,116,53,8,56,1,51,0,0,228,3,0,0.1,,1100,,,,,2,,,
CompleteGumtreeMatcher,82,23,10,59,0,13,0,0,3,3,0,0.2,,1100,,,,,2,,,
CompleteGumtreeMatcher,82,23,10,59,0,13,0,0,3,3,0,0.3,,1100,,,,,2,,,
CompleteGumtreeMatcher,82,23,10,59,0,13,0,0,2,3,0,0.4,,1100,,,,,2,,,
CompleteGumtreeMatcher,82,23,10,59,0,13,0,0,2,3,0,0.5,,1100,,,,,2,,,
CompleteGumtreeMatcher,82,23,10,59,0,13,0,0,3,3,0,0.6,,1100,,,,,2,,,
CompleteGumtreeMatcher,82,23,10,59,0,13,0,0,3,3,0,0.7,,1100,,,,,2,,,
CompleteGumtreeMatcher,82,23,10,59,0,13,0,0,2,3,0,0.799,,1100,,,,,2,,,
CompleteGumtreeMatcher,82,23,10,59,0,13,0,0,3,3,0,0.899,,1100,,,,,2,,,
CompleteGumtreeMatcher,120,51,11,60,0,49,0,0,3,3,0,0.999,,1100,,,,,2,,,
CompleteGumtreeMatcher,116,53,8,56,1,51,0,0,229,3,0,0.1,,1200,,,,,2,,,
CompleteGumtreeMatcher,82,23,10,59,0,13,0,0,3,3,0,0.2,,1200,,,,,2,,,
CompleteGumtreeMatcher,82,23,10,59,0,13,0,0,3,3,0,0.3,,1200,,,,,2,,,
CompleteGumtreeMatcher,82,23,10,59,0,13,0,0,3,3,0,0.4,,1200,,,,,2,,,
CompleteGumtreeMatcher,82,23,10,59,0,13,0,0,2,3,0,0.5,,1200,,,,,2,,,
CompleteGumtreeMatcher,82,23,10,59,0,13,0,0,3,3,0,0.6,,1200,,,,,2,,,
CompleteGumtreeMatcher,82,23,10,59,0,13,0,0,3,3,0,0.7,,1200,,,,,2,,,
CompleteGumtreeMatcher,82,23,10,59,0,13,0,0,2,3,0,0.799,,1200,,,,,2,,,
CompleteGumtreeMatcher,82,23,10,59,0,13,0,0,3,3,0,0.899,,1200,,,,,2,,,
CompleteGumtreeMatcher,120,51,11,60,0,49,0,0,3,3,0,0.999,,1200,,,,,2,,,
CompleteGumtreeMatcher,49,2,0,49,0,0,0,0,4030,3,0,0.1,,1300,,,,,2,,,
CompleteGumtreeMatcher,49,2,0,49,0,0,0,0,4018,3,0,0.2,,1300,,,,,2,,,
CompleteGumtreeMatcher,49,2,0,49,0,0,0,0,4041,3,0,0.3,,1300,,,,,2,,,
CompleteGumtreeMatcher,49,2,0,49,0,0,0,0,4018,3,0,0.4,,1300,,,,,2,,,
CompleteGumtreeMatcher,49,2,0,49,0,0,0,0,4026,3,0,0.5,,1300,,,,,2,,,
CompleteGumtreeMatcher,49,2,0,49,0,0,0,0,4034,3,0,0.6,,1300,,,,,2,,,
CompleteGumtreeMatcher,49,2,0,49,0,0,0,0,4024,3,0,0.7,,1300,,,,,2,,,
CompleteGumtreeMatcher,49,2,0,49,0,0,0,0,4023,3,0,0.799,,1300,,,,,2,,,
CompleteGumtreeMatcher,49,2,0,49,0,0,0,0,3985,3,0,0.899,,1300,,,,,2,,,
CompleteGumtreeMatcher,49,2,0,49,0,0,0,0,1990,3,0,0.999,,1300,,,,,2,,,
CompleteGumtreeMatcher,49,2,0,49,0,0,0,0,4032,3,0,0.1,,1400,,,,,2,,,
CompleteGumtreeMatcher,49,2,0,49,0,0,0,0,4020,3,0,0.2,,1400,,,,,2,,,
CompleteGumtreeMatcher,49,2,0,49,0,0,0,0,4009,3,0,0.3,,1400,,,,,2,,,
CompleteGumtreeMatcher,49,2,0,49,0,0,0,0,4020,3,0,0.4,,1400,,,,,2,,,
CompleteGumtreeMatcher,49,2,0,49,0,0,0,0,4006,3,0,0.5,,1400,,,,,2,,,
CompleteGumtreeMatcher,49,2,0,49,0,0,0,0,4009,3,0,0.6,,1400,,,,,2,,,
CompleteGumtreeMatcher,49,2,0,49,0,0,0,0,4026,3,0,0.7,,1400,,,,,2,,,
CompleteGumtreeMatcher,49,2,0,49,0,0,0,0,4011,3,0,0.799,,1400,,,,,2,,,
CompleteGumtreeMatcher,49,2,0,49,0,0,0,0,4031,3,0,0.899,,1400,,,,,2,,,
CompleteGumtreeMatcher,49,2,0,49,0,0,0,0,2031,3,0,0.999,,1400,,,,,2,,,
CompleteGumtreeMatcher,49,2,0,49,0,0,0,0,3973,3,0,0.1,,1500,,,,,2,,,
CompleteGumtreeMatcher,49,2,0,49,0,0,0,0,3973,3,0,0.2,,1500,,,,,2,,,
CompleteGumtreeMatcher,49,2,0,49,0,0,0,0,3991,3,0,0.3,,1500,,,,,2,,,
CompleteGumtreeMatcher,49,2,0,49,0,0,0,0,4002,3,0,0.4,,1500,,,,,2,,,
CompleteGumtreeMatcher,49,2,0,49,0,0,0,0,4032,3,0,0.5,,1500,,,,,2,,,
CompleteGumtreeMatcher,49,2,0,49,0,0,0,0,4013,3,0,0.6,,1500,,,,,2,,,
CompleteGumtreeMatcher,49,2,0,49,0,0,0,0,3997,3,0,0.7,,1500,,,,,2,,,
CompleteGumtreeMatcher,49,2,0,49,0,0,0,0,4031,3,0,0.799,,1500,,,,,2,,,
CompleteGumtreeMatcher,49,2,0,49,0,0,0,0,4001,3,0,0.899,,1500,,,,,2,,,
CompleteGumtreeMatcher,49,2,0,49,0,0,0,0,1988,3,0,0.999,,1500,,,,,2,,,
CompleteGumtreeMatcher,49,2,0,49,0,0,0,0,3997,3,0,0.1,,1600,,,,,2,,,
CompleteGumtreeMatcher,49,2,0,49,0,0,0,0,4002,3,0,0.2,,1600,,,,,2,,,
CompleteGumtreeMatcher,49,2,0,49,0,0,0,0,4000,3,0,0.3,,1600,,,,,2,,,
CompleteGumtreeMatcher,49,2,0,49,0,0,0,0,3971,3,0,0.4,,1600,,,,,2,,,
CompleteGumtreeMatcher,49,2,0,49,0,0,0,0,3978,3,0,0.5,,1600,,,,,2,,,
CompleteGumtreeMatcher,49,2,0,49,0,0,0,0,3985,3,0,0.6,,1600,,,,,2,,,
CompleteGumtreeMatcher,49,2,0,49,0,0,0,0,3974,3,0,0.7,,1600,,,,,2,,,
CompleteGumtreeMatcher,49,2,0,49,0,0,0,0,3972,3,0,0.799,,1600,,,,,2,,,
CompleteGumtreeMatcher,49,2,0,49,0,0,0,0,3975,3,0,0.899,,1600,,,,,2,,,
CompleteGumtreeMatcher,49,2,0,49,0,0,0,0,1988,3,0,0.999,,1600,,,,,2,,,
CompleteGumtreeMatcher,49,2,0,49,0,0,0,0,4002,3,0,0.1,,1700,,,,,2,,,
CompleteGumtreeMatcher,49,2,0,49,0,0,0,0,4006,3,0,0.2,,1700,,,,,2,,,
CompleteGumtreeMatcher,49,2,0,49,0,0,0,0,4024,3,0,0.3,,1700,,,,,2,,,
CompleteGumtreeMatcher,49,2,0,49,0,0,0,0,4030,3,0,0.4,,1700,,,,,2,,,
CompleteGumtreeMatcher,49,2,0,49,0,0,0,0,3999,3,0,0.5,,1700,,,,,2,,,
CompleteGumtreeMatcher,49,2,0,49,0,0,0,0,4006,3,0,0.6,,1700,,,,,2,,,
CompleteGumtreeMatcher,49,2,0,49,0,0,0,0,4006,3,0,0.7,,1700,,,,,2,,,
CompleteGumtreeMatcher,49,2,0,49,0,0,0,0,4011,3,0,0.799,,1700,,,,,2,,,
CompleteGumtreeMatcher,49,2,0,49,0,0,0,0,3998,3,0,0.899,,1700,,,,,2,,,
CompleteGumtreeMatcher,49,2,0,49,0,0,0,0,2024,3,0,0.999,,1700,,,,,2,,,
CompleteGumtreeMatcher,49,2,0,49,0,0,0,0,3984,3,0,0.1,,1800,,,,,2,,,
CompleteGumtreeMatcher,49,2,0,49,0,0,0,0,3973,3,0,0.2,,1800,,,,,2,,,
CompleteGumtreeMatcher,49,2,0,49,0,0,0,0,3971,3,0,0.3,,1800,,,,,2,,,
CompleteGumtreeMatcher,49,2,0,49,0,0,0,0,4015,3,0,0.4,,1800,,,,,2,,,
CompleteGumtreeMatcher,49,2,0,49,0,0,0,0,4018,3,0,0.5,,1800,,,,,2,,,
CompleteGumtreeMatcher,49,2,0,49,0,0,0,0,3997,3,0,0.6,,1800,,,,,2,,,
CompleteGumtreeMatcher,49,2,0,49,0,0,0,0,4015,3,0,0.7,,1800,,,,,2,,,
CompleteGumtreeMatcher,49,2,0,49,0,0,0,0,4001,3,0,0.799,,1800,,,,,2,,,
CompleteGumtreeMatcher,49,2,0,49,0,0,0,0,4021,3,0,0.899,,1800,,,,,2,,,
CompleteGumtreeMatcher,49,2,0,49,0,0,0,0,1988,3,0,0.999,,1800,,,,,2,,,
CompleteGumtreeMatcher,49,2,0,49,0,0,0,0,3995,3,0,0.1,,1900,,,,,2,,,
CompleteGumtreeMatcher,49,2,0,49,0,0,0,0,4002,3,0,0.2,,1900,,,,,2,,,
CompleteGumtreeMatcher,49,2,0,49,0,0,0,0,3998,3,0,0.3,,1900,,,,,2,,,
CompleteGumtreeMatcher,49,2,0,49,0,0,0,0,3996,3,0,0.4,,1900,,,,,2,,,
CompleteGumtreeMatcher,49,2,0,49,0,0,0,0,3983,3,0,0.5,,1900,,,,,2,,,
CompleteGumtreeMatcher,49,2,0,49,0,0,0,0,3987,3,0,0.6,,1900,,,,,2,,,
CompleteGumtreeMatcher,49,2,0,49,0,0,0,0,3972,3,0,0.7,,1900,,,,,2,,,
CompleteGumtreeMatcher,49,2,0,49,0,0,0,0,3983,3,0,0.799,,1900,,,,,2,,,
CompleteGumtreeMatcher,49,2,0,49,0,0,0,0,3969,3,0,0.899,,1900,,,,,2,,,
CompleteGumtreeMatcher,49,2,0,49,0,0,0,0,1994,3,0,0.999,,1900,,,,,2,,,
CompleteGumtreeMatcher,49,2,0,49,0,0,0,0,4023,3,0,0.1,,2000,,,,,2,,,
CompleteGumtreeMatcher,49,2,0,49,0,0,0,0,3999,3,0,0.2,,2000,,,,,2,,,
CompleteGumtreeMatcher,49,2,0,49,0,0,0,0,4018,3,0,0.3,,2000,,,,,2,,,
CompleteGumtreeMatcher,49,2,0,49,0,0,0,0,4005,3,0,0.4,,2000,,,,,2,,,
CompleteGumtreeMatcher,49,2,0,49,0,0,0,0,3999,3,0,0.5,,2000,,,,,2,,,
CompleteGumtreeMatcher,49,2,0,49,0,0,0,0,3999,3,0,0.6,,2000,,,,,2,,,
CompleteGumtreeMatcher,49,2,0,49,0,0,0,0,4005,3,0,0.7,,2000,,,,,2,,,
CompleteGumtreeMatcher,49,2,0,49,0,0,0,0,4004,3,0,0.799,,2000,,,,,2,,,
CompleteGumtreeMatcher,49,2,0,49,0,0,0,0,4012,3,0,0.899,,2000,,,,,2,,,
CompleteGumtreeMatcher,49,2,0,49,0,0,0,0,2018,3,0,0.999,,2000,,,,,2,,,
CompleteGumtreeMatcher,303,48,123,172,0,8,0,0,3,3,0,0.1,,100,,,,,3,,,
CompleteGumtreeMatcher,303,48,123,172,0,8,0,0,2,3,0,0.2,,100,,,,,3,,,
CompleteGumtreeMatcher,303,48,123,172,0,8,0,0,3,3,0,0.3,,100,,,,,3,,,
CompleteGumtreeMatcher,303,48,123,172,0,8,0,0,3,3,0,0.4,,100,,,,,3,,,
CompleteGumtreeMatcher,303,48,123,172,0,8,0,0,3,3,0,0.5,,100,,,,,3,,,
CompleteGumtreeMatcher,303,48,123,172,0,8,0,0,3,3,0,0.6,,100,,,,,3,,,
CompleteGumtreeMatcher,303,48,123,172,0,8,0,0,2,3,0,0.7,,100,,,,,3,,,
CompleteGumtreeMatcher,326,31,124,173,0,29,0,0,3,3,0,0.799,,100,,,,,3,,,
CompleteGumtreeMatcher,326,31,124,173,0,29,0,0,3,3,0,0.899,,100,,,,,3,,,
CompleteGumtreeMatcher,326,31,124,173,0,29,0,0,3,3,0,0.999,,100,,,,,3,,,
CompleteGumtreeMatcher,303,48,123,172,0,8,0,0,3,3,0,0.1,,200,,,,,3,,,
CompleteGumtreeMatcher,303,48,123,172,0,8,0,0,3,3,0,0.2,,200,,,,,3,,,
CompleteGumtreeMatcher,303,48,123,172,0,8,0,0,3,3,0,0.3,,200,,,,,3,,,
CompleteGumtreeMatcher,303,48,123,172,0,8,0,0,2,3,0,0.4,,200,,,,,3,,,
CompleteGumtreeMatcher,303,48,123,172,0,8,0,0,2,3,0,0.5,,200,,,,,3,,,
CompleteGumtreeMatcher,303,48,123,172,0,8,0,0,3,3,0,0.6,,200,,,,,3,,,
CompleteGumtreeMatcher,303,48,123,172,0,8,0,0,3,3,0,0.7,,200,,,,,3,,,
CompleteGumtreeMatcher,326,31,124,173,0,29,0,0,4,3,0,0.799,,200,,,,,3,,,
CompleteGumtreeMatcher,326,31,124,173,0,29,0,0,3,3,0,0.899,,200,,,,,3,,,
CompleteGumtreeMatcher,326,31,124,173,0,29,0,0,3,3,0,0.999,,200,,,,,3,,,
CompleteGumtreeMatcher,303,48,123,172,0,8,0,0,3,3,0,0.1,,300,,,,,3,,,
CompleteGumtreeMatcher,303,48,123,172,0,8,0,0,3,3,0,0.2,,300,,,,,3,,,
CompleteGumtreeMatcher,303,48,123,172,0,8,0,0,3,3,0,0.3,,300,,,,,3,,,
CompleteGumtreeMatcher,303,48,123,172,0,8,0,0,2,3,0,0.4,,300,,,,,3,,,
CompleteGumtreeMatcher,303,48,123,172,0,8,0,0,3,3,0,0.5,,300,,,,,3,,,
CompleteGumtreeMatcher,303,48,123,172,0,8,0,0,3,3,0,0.6,,300,,,,,3,,,
CompleteGumtreeMatcher,303,48,123,172,0,8,0,0,3,3,0,0.7,,300,,,,,3,,,
CompleteGumtreeMatcher,326,31,124,173,0,29,0,0,4,3,0,0.799,,300,,,,,3,,,
CompleteGumtreeMatcher,326,31,124,173,0,29,0,0,3,3,0,0.899,,300,,,,,3,,,
CompleteGumtreeMatcher,326,31,124,173,0,29,0,0,3,3,0,0.999,,300,,,,,3,,,
CompleteGumtreeMatcher,303,48,123,172,0,8,0,0,2,3,0,0.1,,400,,,,,3,,,
CompleteGumtreeMatcher,303,48,123,172,0,8,0,0,3,3,0,0.2,,400,,,,,3,,,
CompleteGumtreeMatcher,303,48,123,172,0,8,0,0,3,3,0,0.3,,400,,,,,3,,,
CompleteGumtreeMatcher,303,48,123,172,0,8,0,0,3,3,0,0.4,,400,,,,,3,,,
CompleteGumtreeMatcher,303,48,123,172,0,8,0,0,3,3,0,0.5,,400,,,,,3,,,
CompleteGumtreeMatcher,303,48,123,172,0,8,0,0,3,3,0,0.6,,400,,,,,3,,,
CompleteGumtreeMatcher,303,48,123,172,0,8,0,0,3,3,0,0.7,,400,,,,,3,,,
CompleteGumtreeMatcher,326,31,124,173,0,29,0,0,3,3,0,0.799,,400,,,,,3,,,
CompleteGumtreeMatcher,326,31,124,173,0,29,0,0,3,3,0,0.899,,400,,,,,3,,,
CompleteGumtreeMatcher,326,31,124,173,0,29,0,0,3,3,0,0.999,,400,,,,,3,,,
CompleteGumtreeMatcher,303,48,123,172,0,8,0,0,3,3,0,0.1,,500,,,,,3,,,
CompleteGumtreeMatcher,303,48,123,172,0,8,0,0,3,3,0,0.2,,500,,,,,3,,,
CompleteGumtreeMatcher,303,48,123,172,0,8,0,0,3,3,0,0.3,,500,,,,,3,,,
CompleteGumtreeMatcher,303,48,123,172,0,8,0,0,2,3,0,0.4,,500,,,,,3,,,
CompleteGumtreeMatcher,303,48,123,172,0,8,0,0,3,3,0,0.5,,500,,,,,3,,,
CompleteGumtreeMatcher,303,48,123,172,0,8,0,0,3,3,0,0.6,,500,,,,,3,,,
CompleteGumtreeMatcher,303,48,123,172,0,8,0,0,3,3,0,0.7,,500,,,,,3,,,
CompleteGumtreeMatcher,326,31,124,173,0,29,0,0,3,3,0,0.799,,500,,,,,3,,,
CompleteGumtreeMatcher,326,31,124,173,0,29,0,0,3,3,0,0.899,,500,,,,,3,,,
CompleteGumtreeMatcher,326,31,124,173,0,29,0,0,4,3,0,0.999,,500,,,,,3,,,
CompleteGumtreeMatcher,303,48,123,172,0,8,0,0,3,3,0,0.1,,600,,,,,3,,,
CompleteGumtreeMatcher,303,48,123,172,0,8,0,0,3,3,0,0.2,,600,,,,,3,,,
CompleteGumtreeMatcher,303,48,123,172,0,8,0,0,2,3,0,0.3,,600,,,,,3,,,
CompleteGumtreeMatcher,303,48,123,172,0,8,0,0,3,3,0,0.4,,600,,,,,3,,,
CompleteGumtreeMatcher,303,48,123,172,0,8,0,0,3,3,0,0.5,,600,,,,,3,,,
CompleteGumtreeMatcher,303,48,123,172,0,8,0,0,3,3,0,0.6,,600,,,,,3,,,
CompleteGumtreeMatcher,303,48,123,172,0,8,0,0,3,3,0,0.7,,600,,,,,3,,,
CompleteGumtreeMatcher,326,31,124,173,0,29,0,0,3,3,0,0.799,,600,,,,,3,,,
CompleteGumtreeMatcher,326,31,124,173,0,29,0,0,3,3,0,0.899,,600,,,,,3,,,
CompleteGumtreeMatcher,326,31,124,173,0,29,0,0,3,3,0,0.999,,600,,,,,3,,,
CompleteGumtreeMatcher,303,48,123,172,0,8,0,0,3,3,0,0.1,,700,,,,,3,,,
CompleteGumtreeMatcher,303,48,123,172,0,8,0,0,3,3,0,0.2,,700,,,,,3,,,
CompleteGumtreeMatcher,303,48,123,172,0,8,0,0,3,3,0,0.3,,700,,,,,3,,,
CompleteGumtreeMatcher,303,48,123,172,0,8,0,0,3,3,0,0.4,,700,,,,,3,,,
CompleteGumtreeMatcher,303,48,123,172,0,8,0,0,3,3,0,0.5,,700,,,,,3,,,
CompleteGumtreeMatcher,303,48,123,172,0,8,0,0,3,3,0,0.6,,700,,,,,3,,,
CompleteGumtreeMatcher,303,48,123,172,0,8,0,0,3,3,0,0.7,,700,,,,,3,,,
CompleteGumtreeMatcher,326,31,124,173,0,29,0,0,3,3,0,0.799,,700,,,,,3,,,
CompleteGumtreeMatcher,326,31,124,173,0,29,0,0,3,3,0,0.899,,700,,,,,3,,,
CompleteGumtreeMatcher,326,31,124,173,0,29,0,0,3,3,0,0.999,,700,,,,,3,,,
CompleteGumtreeMatcher,303,48,123,172,0,8,0,0,3,3,0,0.1,,800,,,,,3,,,
CompleteGumtreeMatcher,303,48,123,172,0,8,0,0,3,3,0,0.2,,800,,,,,3,,,
CompleteGumtreeMatcher,303,48,123,172,0,8,0,0,3,3,0,0.3,,800,,,,,3,,,
CompleteGumtreeMatcher,303,48,123,172,0,8,0,0,3,3,0,0.4,,800,,,,,3,,,
CompleteGumtreeMatcher,303,48,123,172,0,8,0,0,2,3,0,0.5,,800,,,,,3,,,
CompleteGumtreeMatcher,303,48,123,172,0,8,0,0,2,3,0,0.6,,800,,,,,3,,,
CompleteGumtreeMatcher,303,48,123,172,0,8,0,0,3,3,0,0.7,,800,,,,,3,,,
CompleteGumtreeMatcher,326,31,124,173,0,29,0,0,4,3,0,0.799,,800,,,,,3,,,
CompleteGumtreeMatcher,326,31,124,173,0,29,0,0,3,3,0,0.899,,800,,,,,3,,,
CompleteGumtreeMatcher,326,31,124,173,0,29,0,0,3,3,0,0.999,,800,,,,,3,,,
CompleteGumtreeMatcher,303,48,123,172,0,8,0,0,3,3,0,0.1,,900,,,,,3,,,
CompleteGumtreeMatcher,303,48,123,172,0,8,0,0,3,3,0,0.2,,900,,,,,3,,,
CompleteGumtreeMatcher,303,48,123,172,0,8,0,0,3,3,0,0.3,,900,,,,,3,,,
CompleteGumtreeMatcher,303,48,123,172,0,8,0,0,2,3,0,0.4,,900,,,,,3,,,
CompleteGumtreeMatcher,303,48,123,172,0,8,0,0,2,3,0,0.5,,900,,,,,3,,,
CompleteGumtreeMatcher,303,48,123,172,0,8,0,0,3,3,0,0.6,,900,,,,,3,,,
CompleteGumtreeMatcher,303,48,123,172,0,8,0,0,3,3,0,0.7,,900,,,,,3,,,
CompleteGumtreeMatcher,326,31,124,173,0,29,0,0,4,3,0,0.799,,900,,,,,3,,,
CompleteGumtreeMatcher,326,31,124,173,0,29,0,0,3,3,0,0.899,,900,,,,,3,,,
CompleteGumtreeMatcher,326,31,124,173,0,29,0,0,4,3,0,0.999,,900,,,,,3,,,
CompleteGumtreeMatcher,303,48,123,172,0,8,0,0,3,3,0,0.1,,1000,,,,,3,,,
CompleteGumtreeMatcher,303,48,123,172,0,8,0,0,3,3,0,0.2,,1000,,,,,3,,,
CompleteGumtreeMatcher,303,48,123,172,0,8,0,0,2,3,0,0.3,,1000,,,,,3,,,
CompleteGumtreeMatcher,303,48,123,172,0,8,0,0,3,3,0,0.4,,1000,,,,,3,,,
CompleteGumtreeMatcher,303,48,123,172,0,8,0,0,3,3,0,0.5,,1000,,,,,3,,,
CompleteGumtreeMatcher,303,48,123,172,0,8,0,0,3,3,0,0.6,,1000,,,,,3,,,
CompleteGumtreeMatcher,303,48,123,172,0,8,0,0,2,3,0,0.7,,1000,,,,,3,,,
CompleteGumtreeMatcher,326,31,124,173,0,29,0,0,3,3,0,0.799,,1000,,,,,3,,,
CompleteGumtreeMatcher,326,31,124,173,0,29,0,0,4,3,0,0.899,,1000,,,,,3,,,
CompleteGumtreeMatcher,326,31,124,173,0,29,0,0,4,3,0,0.999,,1000,,,,,3,,,
CompleteGumtreeMatcher,303,48,123,172,0,8,0,0,3,3,0,0.1,,1100,,,,,3,,,
CompleteGumtreeMatcher,303,48,123,172,0,8,0,0,3,3,0,0.2,,1100,,,,,3,,,
CompleteGumtreeMatcher,303,48,123,172,0,8,0,0,2,3,0,0.3,,1100,,,,,3,,,
CompleteGumtreeMatcher,303,48,123,172,0,8,0,0,2,3,0,0.4,,1100,,,,,3,,,
CompleteGumtreeMatcher,303,48,123,172,0,8,0,0,2,3,0,0.5,,1100,,,,,3,,,
CompleteGumtreeMatcher,303,48,123,172,0,8,0,0,2,3,0,0.6,,1100,,,,,3,,,
CompleteGumtreeMatcher,303,48,123,172,0,8,0,0,3,3,0,0.7,,1100,,,,,3,,,
CompleteGumtreeMatcher,326,31,124,173,0,29,0,0,4,3,0,0.799,,1100,,,,,3,,,
CompleteGumtreeMatcher,326,31,124,173,0,29,0,0,4,3,0,0.899,,1100,,,,,3,,,
CompleteGumtreeMatcher,326,31,124,173,0,29,0,0,4,3,0,0.999,,1100,,,,,3,,,
CompleteGumtreeMatcher,303,48,123,172,0,8,0,0,3,3,0,0.1,,1200,,,,,3,,,
CompleteGumtreeMatcher,303,48,123,172,0,8,0,0,3,3,0,0.2,,1200,,,,,3,,,
CompleteGumtreeMatcher,303,48,123,172,0,8,0,0,2,3,0,0.3,,1200,,,,,3,,,
CompleteGumtreeMatcher,303,48,123,172,0,8,0,0,3,3,0,0.4,,1200,,,,,3,,,
CompleteGumtreeMatcher,303,48,123,172,0,8,0,0,3,3,0,0.5,,1200,,,,,3,,,
CompleteGumtreeMatcher,303,48,123,172,0,8,0,0,2,3,0,0.6,,1200,,,,,3,,,
CompleteGumtreeMatcher,303,48,123,172,0,8,0,0,3,3,0,0.7,,1200,,,,,3,,,
CompleteGumtreeMatcher,326,31,124,173,0,29,0,0,4,3,0,0.799,,1200,,,,,3,,,
CompleteGumtreeMatcher,326,31,124,173,0,29,0,0,3,3,0,0.899,,1200,,,,,3,,,
CompleteGumtreeMatcher,326,31,124,173,0,29,0,0,4,3,0,0.999,,1200,,,,,3,,,
CompleteGumtreeMatcher,49,2,0,49,0,0,0,0,3985,3,0,0.1,,1300,,,,,3,,,
CompleteGumtreeMatcher,49,2,0,49,0,0,0,0,3981,3,0,0.2,,1300,,,,,3,,,
CompleteGumtreeMatcher,49,2,0,49,0,0,0,0,3977,3,0,0.3,,1300,,,,,3,,,
CompleteGumtreeMatcher,49,2,0,49,0,0,0,0,3982,3,0,0.4,,1300,,,,,3,,,
CompleteGumtreeMatcher,49,2,0,49,0,0,0,0,3986,3,0,0.5,,1300,,,,,3,,,
CompleteGumtreeMatcher,49,2,0,49,0,0,0,0,3978,3,0,0.6,,1300,,,,,3,,,
CompleteGumtreeMatcher,49,2,0,49,0,0,0,0,4006,3,0,0.7,,1300,,,,,3,,,
CompleteGumtreeMatcher,49,2,0,49,0,0,0,0,1994,3,0,0.799,,1300,,,,,3,,,
CompleteGumtreeMatcher,49,2,0,49,0,0,0,0,1987,3,0,0.899,,1300,,,,,3,,,
CompleteGumtreeMatcher,49,2,0,49,0,0,0,0,1988,3,0,0.999,,1300,,,,,3,,,
CompleteGumtreeMatcher,49,2,0,49,0,0,0,0,4005,3,0,0.1,,1400,,,,,3,,,
CompleteGumtreeMatcher,49,2,0,49,0,0,0,0,4005,3,0,0.2,,1400,,,,,3,,,
CompleteGumtreeMatcher,49,2,0,49,0,0,0,0,4012,3,0,0.3,,1400,,,,,3,,,
CompleteGumtreeMatcher,49,2,0,49,0,0,0,0,4005,3,0,0.4,,1400,,,,,3,,,
CompleteGumtreeMatcher,49,2,0,49,0,0,0,0,4005,3,0,0.5,,1400,,,,,3,,,
CompleteGumtreeMatcher,49,2,0,49,0,0,0,0,3999,3,0,0.6,,1400,,,,,3,,,
CompleteGumtreeMatcher,49,2,0,49,0,0,0,0,4006,3,0,0.7,,1400,,,,,3,,,
CompleteGumtreeMatcher,49,2,0,49,0,0,0,0,2013,3,0,0.799,,1400,,,,,3,,,
CompleteGumtreeMatcher,49,2,0,49,0,0,0,0,2020,3,0,0.899,,1400,,,,,3,,,
CompleteGumtreeMatcher,49,2,0,49,0,0,0,0,1991,3,0,0.999,,1400,,,,,3,,,
CompleteGumtreeMatcher,49,2,0,49,0,0,0,0,4002,3,0,0.1,,1500,,,,,3,,,
CompleteGumtreeMatcher,49,2,0,49,0,0,0,0,4008,3,0,0.2,,1500,,,,,3,,,
CompleteGumtreeMatcher,49,2,0,49,0,0,0,0,4000,3,0,0.3,,1500,,,,,3,,,
CompleteGumtreeMatcher,49,2,0,49,0,0,0,0,3998,3,0,0.4,,1500,,,,,3,,,
CompleteGumtreeMatcher,49,2,0,49,0,0,0,0,3994,3,0,0.5,,1500,,,,,3,,,
CompleteGumtreeMatcher,49,2,0,49,0,0,0,0,3998,3,0,0.6,,1500,,,,,3,,,
CompleteGumtreeMatcher,49,2,0,49,0,0,0,0,4004,3,0,0.7,,1500,,,,,3,,,
CompleteGumtreeMatcher,49,2,0,49,0,0,0,0,2013,3,0,0.799,,1500,,,,,3,,,
CompleteGumtreeMatcher,49,2,0,49,0,0,0,0,2015,3,0,0.899,,1500,,,,,3,,,
CompleteGumtreeMatcher,49,2,0,49,0,0,0,0,2019,3,0,0.999,,1500,,,,,3,,,
CompleteGumtreeMatcher,49,2,0,49,0,0,0,0,3973,3,0,0.1,,1600,,,,,3,,,
CompleteGumtreeMatcher,49,2,0,49,0,0,0,0,3975,3,0,0.2,,1600,,,,,3,,,
CompleteGumtreeMatcher,49,2,0,49,0,0,0,0,3987,3,0,0.3,,1600,,,,,3,,,
CompleteGumtreeMatcher,49,2,0,49,0,0,0,0,3976,3,0,0.4,,1600,,,,,3,,,
CompleteGumtreeMatcher,49,2,0,49,0,0,0,0,3981,3,0,0.5,,1600,,,,,3,,,
CompleteGumtreeMatcher,49,2,0,49,0,0,0,0,3975,3,0,0.6,,1600,,,,,3,,,
CompleteGumtreeMatcher,49,2,0,49,0,0,0,0,4026,3,0,0.7,,1600,,,,,3,,,
CompleteGumtreeMatcher,49,2,0,49,0,0,0,0,1988,3,0,0.799,,1600,,,,,3,,,
CompleteGumtreeMatcher,49,2,0,49,0,0,0,0,1989,3,0,0.899,,1600,,,,,3,,,
CompleteGumtreeMatcher,49,2,0,49,0,0,0,0,1989,3,0,0.999,,1600,,,,,3,,,
CompleteGumtreeMatcher,49,2,0,49,0,0,0,0,4004,3,0,0.1,,1700,,,,,3,,,
CompleteGumtreeMatcher,49,2,0,49,0,0,0,0,4016,3,0,0.2,,1700,,,,,3,,,
CompleteGumtreeMatcher,49,2,0,49,0,0,0,0,4010,3,0,0.3,,1700,,,,,3,,,
CompleteGumtreeMatcher,49,2,0,49,0,0,0,0,4012,3,0,0.4,,1700,,,,,3,,,
CompleteGumtreeMatcher,49,2,0,49,0,0,0,0,4010,3,0,0.5,,1700,,,,,3,,,
CompleteGumtreeMatcher,49,2,0,49,0,0,0,0,4016,3,0,0.6,,1700,,,,,3,,,
CompleteGumtreeMatcher,49,2,0,49,0,0,0,0,4010,3,0,0.7,,1700,,,,,3,,,
CompleteGumtreeMatcher,49,2,0,49,0,0,0,0,2022,3,0,0.799,,1700,,,,,3,,,
CompleteGumtreeMatcher,49,2,0,49,0,0,0,0,2019,3,0,0.899,,1700,,,,,3,,,
CompleteGumtreeMatcher,49,2,0,49,0,0,0,0,1996,3,0,0.999,,1700,,,,,3,,,
CompleteGumtreeMatcher,49,2,0,49,0,0,0,0,3994,3,0,0.1,,1800,,,,,3,,,
CompleteGumtreeMatcher,49,2,0,49,0,0,0,0,4022,3,0,0.2,,1800,,,,,3,,,
CompleteGumtreeMatcher,49,2,0,49,0,0,0,0,4072,3,0,0.3,,1800,,,,,3,,,
CompleteGumtreeMatcher,49,2,0,49,0,0,0,0,4007,3,0,0.4,,1800,,,,,3,,,
CompleteGumtreeMatcher,49,2,0,49,0,0,0,0,4033,3,0,0.5,,1800,,,,,3,,,
CompleteGumtreeMatcher,49,2,0,49,0,0,0,0,4028,3,0,0.6,,1800,,,,,3,,,
CompleteGumtreeMatcher,49,2,0,49,0,0,0,0,4013,3,0,0.7,,1800,,,,,3,,,
CompleteGumtreeMatcher,49,2,0,49,0,0,0,0,2017,3,0,0.799,,1800,,,,,3,,,
CompleteGumtreeMatcher,49,2,0,49,0,0,0,0,1999,3,0,0.899,,1800,,,,,3,,,
CompleteGumtreeMatcher,49,2,0,49,0,0,0,0,2021,3,0,0.999,,1800,,,,,3,,,
CompleteGumtreeMatcher,49,2,0,49,0,0,0,0,4013,3,0,0.1,,1900,,,,,3,,,
CompleteGumtreeMatcher,49,2,0,49,0,0,0,0,4042,3,0,0.2,,1900,,,,,3,,,
CompleteGumtreeMatcher,49,2,0,49,0,0,0,0,4031,3,0,0.3,,1900,,,,,3,,,
CompleteGumtreeMatcher,49,2,0,49,0,0,0,0,4043,3,0,0.4,,1900,,,,,3,,,
CompleteGumtreeMatcher,49,2,0,49,0,0,0,0,3987,3,0,0.5,,1900,,,,,3,,,
CompleteGumtreeMatcher,49,2,0,49,0,0,0,0,3999,3,0,0.6,,1900,,,,,3,,,
CompleteGumtreeMatcher,49,2,0,49,0,0,0,0,3974,3,0,0.7,,1900,,,,,3,,,
CompleteGumtreeMatcher,49,2,0,49,0,0,0,0,1990,3,0,0.799,,1900,,,,,3,,,
CompleteGumtreeMatcher,49,2,0,49,0,0,0,0,1990,3,0,0.899,,1900,,,,,3,,,
CompleteGumtreeMatcher,49,2,0,49,0,0,0,0,2005,3,0,0.999,,1900,,,,,3,,,
CompleteGumtreeMatcher,49,2,0,49,0,0,0,0,4007,3,0,0.1,,2000,,,,,3,,,
CompleteGumtreeMatcher,49,2,0,49,0,0,0,0,3998,3,0,0.2,,2000,,,,,3,,,
CompleteGumtreeMatcher,49,2,0,49,0,0,0,0,3999,3,0,0.3,,2000,,,,,3,,,
CompleteGumtreeMatcher,49,2,0,49,0,0,0,0,4005,3,0,0.4,,2000,,,,,3,,,
CompleteGumtreeMatcher,49,2,0,49,0,0,0,0,4012,3,0,0.5,,2000,,,,,3,,,
CompleteGumtreeMatcher,49,2,0,49,0,0,0,0,4015,3,0,0.6,,2000,,,,,3,,,
CompleteGumtreeMatcher,49,2,0,49,0,0,0,0,4004,3,0,0.7,,2000,,,,,3,,,
CompleteGumtreeMatcher,49,2,0,49,0,0,0,0,2015,3,0,0.799,,2000,,,,,3,,,
CompleteGumtreeMatcher,49,2,0,49,0,0,0,0,2016,3,0,0.899,,2000,,,,,3,,,
CompleteGumtreeMatcher,49,2,0,49,0,0,0,0,2017,3,0,0.999,,2000,,,,,3,,,
CompleteGumtreeMatcher,418,53,181,230,0,7,0,0,3,3,0,0.1,,100,,,,,4,,,
CompleteGumtreeMatcher,418,53,181,230,0,7,0,0,3,3,0,0.2,,100,,,,,4,,,
CompleteGumtreeMatcher,418,53,181,230,0,7,0,0,3,3,0,0.3,,100,,,,,4,,,
CompleteGumtreeMatcher,418,53,181,230,0,7,0,0,2,3,0,0.4,,100,,,,,4,,,
CompleteGumtreeMatcher,418,53,181,230,0,7,0,0,3,3,0,0.5,,100,,,,,4,,,
CompleteGumtreeMatcher,418,53,181,230,0,7,0,0,3,3,0,0.6,,100,,,,,4,,,
CompleteGumtreeMatcher,418,53,181,230,0,7,0,0,3,3,0,0.7,,100,,,,,4,,,
CompleteGumtreeMatcher,438,27,182,231,0,25,0,0,3,3,0,0.799,,100,,,,,4,,,
CompleteGumtreeMatcher,438,27,182,231,0,25,0,0,3,3,0,0.899,,100,,,,,4,,,
CompleteGumtreeMatcher,438,27,182,231,0,25,0,0,3,3,0,0.999,,100,,,,,4,,,
CompleteGumtreeMatcher,418,53,181,230,0,7,0,0,3,3,0,0.1,,200,,,,,4,,,
CompleteGumtreeMatcher,418,53,181,230,0,7,0,0,2,3,0,0.2,,200,,,,,4,,,
CompleteGumtreeMatcher,418,53,181,230,0,7,0,0,3,3,0,0.3,,200,,,,,4,,,
CompleteGumtreeMatcher,418,53,181,230,0,7,0,0,3,3,0,0.4,,200,,,,,4,,,
CompleteGumtreeMatcher,418,53,181,230,0,7,0,0,2,3,0,0.5,,200,,,,,4,,,
CompleteGumtreeMatcher,418,53,181,230,0,7,0,0,3,3,0,0.6,,200,,,,,4,,,
CompleteGumtreeMatcher,418,53,181,230,0,7,0,0,3,3,0,0.7,,200,,,,,4,,,
CompleteGumtreeMatcher,438,27,182,231,0,25,0,0,3,3,0,0.799,,200,,,,,4,,,
CompleteGumtreeMatcher,438,27,182,231,0,25,0,0,3,3,0,0.899,,200,,,,,4,,,
CompleteGumtreeMatcher,438,27,182,231,0,25,0,0,3,3,0,0.999,,200,,,,,4,,,
CompleteGumtreeMatcher,418,53,181,230,0,7,0,0,3,3,0,0.1,,300,,,,,4,,,
CompleteGumtreeMatcher,418,53,181,230,0,7,0,0,3,3,0,0.2,,300,,,,,4,,,
CompleteGumtreeMatcher,418,53,181,230,0,7,0,0,2,3,0,0.3,,300,,,,,4,,,
CompleteGumtreeMatcher,418,53,181,230,0,7,0,0,3,3,0,0.4,,300,,,,,4,,,
CompleteGumtreeMatcher,418,53,181,230,0,7,0,0,3,3,0,0.5,,300,,,,,4,,,
CompleteGumtreeMatcher,418,53,181,230,0,7,0,0,2,3,0,0.6,,300,,,,,4,,,
CompleteGumtreeMatcher,418,53,181,230,0,7,0,0,3,3,0,0.7,,300,,,,,4,,,
CompleteGumtreeMatcher,438,27,182,231,0,25,0,0,3,3,0,0.799,,300,,,,,4,,,
CompleteGumtreeMatcher,438,27,182,231,0,25,0,0,3,3,0,0.899,,300,,,,,4,,,
CompleteGumtreeMatcher,438,27,182,231,0,25,0,0,3,3,0,0.999,,300,,,,,4,,,
CompleteGumtreeMatcher,418,53,181,230,0,7,0,0,3,3,0,0.1,,400,,,,,4,,,
CompleteGumtreeMatcher,418,53,181,230,0,7,0,0,3,3,0,0.2,,400,,,,,4,,,
CompleteGumtreeMatcher,418,53,181,230,0,7,0,0,2,3,0,0.3,,400,,,,,4,,,
CompleteGumtreeMatcher,418,53,181,230,0,7,0,0,2,3,0,0.4,,400,,,,,4,,,
CompleteGumtreeMatcher,418,53,181,230,0,7,0,0,3,3,0,0.5,,400,,,,,4,,,
CompleteGumtreeMatcher,418,53,181,230,0,7,0,0,3,3,0,0.6,,400,,,,,4,,,
CompleteGumtreeMatcher,418,53,181,230,0,7,0,0,2,3,0,0.7,,400,,,,,4,,,
CompleteGumtreeMatcher,438,27,182,231,0,25,0,0,3,3,0,0.799,,400,,,,,4,,,
CompleteGumtreeMatcher,438,27,182,231,0,25,0,0,3,3,0,0.899,,400,,,,,4,,,
CompleteGumtreeMatcher,438,27,182,231,0,25,0,0,3,3,0,0.999,,400,,,,,4,,,
CompleteGumtreeMatcher,418,53,181,230,0,7,0,0,3,3,0,0.1,,500,,,,,4,,,
CompleteGumtreeMatcher,418,53,181,230,0,7,0,0,3,3,0,0.2,,500,,,,,4,,,
CompleteGumtreeMatcher,418,53,181,230,0,7,0,0,3,3,0,0.3,,500,,,,,4,,,
CompleteGumtreeMatcher,418,53,181,230,0,7,0,0,3,3,0,0.4,,500,,,,,4,,,
CompleteGumtreeMatcher,418,53,181,230,0,7,0,0,3,3,0,0.5,,500,,,,,4,,,
CompleteGumtreeMatcher,418,53,181,230,0,7,0,0,3,3,0,0.6,,500,,,,,4,,,
CompleteGumtreeMatcher,418,53,181,230,0,7,0,0,2,3,0,0.7,,500,,,,,4,,,
CompleteGumtreeMatcher,438,27,182,231,0,25,0,0,3,3,0,0.799,,500,,,,,4,,,
CompleteGumtreeMatcher,438,27,182,231,0,25,0,0,3,3,0,0.899,,500,,,,,4,,,
CompleteGumtreeMatcher,438,27,182,231,0,25,0,0,3,3,0,0.999,,500,,,,,4,,,
CompleteGumtreeMatcher,418,53,181,230,0,7,0,0,3,3,0,0.1,,600,,,,,4,,,
CompleteGumtreeMatcher,418,53,181,230,0,7,0,0,2,3,0,0.2,,600,,,,,4,,,
CompleteGumtreeMatcher,418,53,181,230,0,7,0,0,3,3,0,0.3,,600,,,,,4,,,
CompleteGumtreeMatcher,418,53,181,230,0,7,0,0,2,3,0,0.4,,600,,,,,4,,,
CompleteGumtreeMatcher,418,53,181,230,0,7,0,0,3,3,0,0.5,,600,,,,,4,,,
CompleteGumtreeMatcher,418,53,181,230,0,7,0,0,3,3,0,0.6,,600,,,,,4,,,
CompleteGumtreeMatcher,418,53,181,230,0,7,0,0,2,3,0,0.7,,600,,,,,4,,,
CompleteGumtreeMatcher,438,27,182,231,0,25,0,0,3,3,0,0.799,,600,,,,,4,,,
CompleteGumtreeMatcher,438,27,182,231,0,25,0,0,3,3,0,0.899,,600,,,,,4,,,
CompleteGumtreeMatcher,438,27,182,231,0,25,0,0,3,3,0,0.999,,600,,,,,4,,,
CompleteGumtreeMatcher,418,53,181,230,0,7,0,0,2,3,0,0.1,,700,,,,,4,,,
CompleteGumtreeMatcher,418,53,181,230,0,7,0,0,3,3,0,0.2,,700,,,,,4,,,
CompleteGumtreeMatcher,418,53,181,230,0,7,0,0,3,3,0,0.3,,700,,,,,4,,,
CompleteGumtreeMatcher,418,53,181,230,0,7,0,0,2,3,0,0.4,,700,,,,,4,,,
CompleteGumtreeMatcher,418,53,181,230,0,7,0,0,3,3,0,0.5,,700,,,,,4,,,
CompleteGumtreeMatcher,418,53,181,230,0,7,0,0,3,3,0,0.6,,700,,,,,4,,,
CompleteGumtreeMatcher,418,53,181,230,0,7,0,0,2,3,0,0.7,,700,,,,,4,,,
CompleteGumtreeMatcher,438,27,182,231,0,25,0,0,3,3,0,0.799,,700,,,,,4,,,
CompleteGumtreeMatcher,438,27,182,231,0,25,0,0,3,3,0,0.899,,700,,,,,4,,,
CompleteGumtreeMatcher,438,27,182,231,0,25,0,0,3,3,0,0.999,,700,,,,,4,,,
CompleteGumtreeMatcher,418,53,181,230,0,7,0,0,2,3,0,0.1,,800,,,,,4,,,
CompleteGumtreeMatcher,418,53,181,230,0,7,0,0,3,3,0,0.2,,800,,,,,4,,,
CompleteGumtreeMatcher,418,53,181,230,0,7,0,0,3,3,0,0.3,,800,,,,,4,,,
CompleteGumtreeMatcher,418,53,181,230,0,7,0,0,3,3,0,0.4,,800,,,,,4,,,
CompleteGumtreeMatcher,418,53,181,230,0,7,0,0,3,3,0,0.5,,800,,,,,4,,,
CompleteGumtreeMatcher,418,53,181,230,0,7,0,0,2,3,0,0.6,,800,,,,,4,,,
CompleteGumtreeMatcher,418,53,181,230,0,7,0,0,2,3,0,0.7,,800,,,,,4,,,
CompleteGumtreeMatcher,438,27,182,231,0,25,0,0,3,3,0,0.799,,800,,,,,4,,,
CompleteGumtreeMatcher,438,27,182,231,0,25,0,0,3,3,0,0.899,,800,,,,,4,,,
CompleteGumtreeMatcher,438,27,182,231,0,25,0,0,3,3,0,0.999,,800,,,,,4,,,
CompleteGumtreeMatcher,418,53,181,230,0,7,0,0,3,3,0,0.1,,900,,,,,4,,,
CompleteGumtreeMatcher,418,53,181,230,0,7,0,0,3,3,0,0.2,,900,,,,,4,,,
CompleteGumtreeMatcher,418,53,181,230,0,7,0,0,3,3,0,0.3,,900,,,,,4,,,
CompleteGumtreeMatcher,418,53,181,230,0,7,0,0,3,3,0,0.4,,900,,,,,4,,,
CompleteGumtreeMatcher,418,53,181,230,0,7,0,0,3,3,0,0.5,,900,,,,,4,,,
CompleteGumtreeMatcher,418,53,181,230,0,7,0,0,3,3,0,0.6,,900,,,,,4,,,
CompleteGumtreeMatcher,418,53,181,230,0,7,0,0,2,3,0,0.7,,900,,,,,4,,,
CompleteGumtreeMatcher,438,27,182,231,0,25,0,0,3,3,0,0.799,,900,,,,,4,,,
CompleteGumtreeMatcher,438,27,182,231,0,25,0,0,3,3,0,0.899,,900,,,,,4,,,
CompleteGumtreeMatcher,438,27,182,231,0,25,0,0,3,3,0,0.999,,900,,,,,4,,,
CompleteGumtreeMatcher,418,53,181,230,0,7,0,0,3,3,0,0.1,,1000,,,,,4,,,
CompleteGumtreeMatcher,418,53,181,230,0,7,0,0,2,3,0,0.2,,1000,,,,,4,,,
CompleteGumtreeMatcher,418,53,181,230,0,7,0,0,3,3,0,0.3,,1000,,,,,4,,,
CompleteGumtreeMatcher,418,53,181,230,0,7,0,0,3,3,0,0.4,,1000,,,,,4,,,
CompleteGumtreeMatcher,418,53,181,230,0,7,0,0,3,3,0,0.5,,1000,,,,,4,,,
CompleteGumtreeMatcher,418,53,181,230,0,7,0,0,3,3,0,0.6,,1000,,,,,4,,,
CompleteGumtreeMatcher,418,53,181,230,0,7,0,0,2,3,0,0.7,,1000,,,,,4,,,
CompleteGumtreeMatcher,438,27,182,231,0,25,0,0,3,3,0,0.799,,1000,,,,,4,,,
CompleteGumtreeMatcher,438,27,182,231,0,25,0,0,3,3,0,0.899,,1000,,,,,4,,,
CompleteGumtreeMatcher,438,27,182,231,0,25,0,0,3,3,0,0.999,,1000,,,,,4,,,
CompleteGumtreeMatcher,418,53,181,230,0,7,0,0,3,3,0,0.1,,1100,,,,,4,,,
CompleteGumtreeMatcher,418,53,181,230,0,7,0,0,3,3,0,0.2,,1100,,,,,4,,,
CompleteGumtreeMatcher,418,53,181,230,0,7,0,0,3,3,0,0.3,,1100,,,,,4,,,
CompleteGumtreeMatcher,418,53,181,230,0,7,0,0,2,3,0,0.4,,1100,,,,,4,,,
CompleteGumtreeMatcher,418,53,181,230,0,7,0,0,2,3,0,0.5,,1100,,,,,4,,,
CompleteGumtreeMatcher,418,53,181,230,0,7,0,0,2,3,0,0.6,,1100,,,,,4,,,
CompleteGumtreeMatcher,418,53,181,230,0,7,0,0,3,3,0,0.7,,1100,,,,,4,,,
CompleteGumtreeMatcher,438,27,182,231,0,25,0,0,3,3,0,0.799,,1100,,,,,4,,,
CompleteGumtreeMatcher,438,27,182,231,0,25,0,0,3,3,0,0.899,,1100,,,,,4,,,
CompleteGumtreeMatcher,438,27,182,231,0,25,0,0,3,3,0,0.999,,1100,,,,,4,,,
CompleteGumtreeMatcher,418,53,181,230,0,7,0,0,3,3,0,0.1,,1200,,,,,4,,,
CompleteGumtreeMatcher,418,53,181,230,0,7,0,0,3,3,0,0.2,,1200,,,,,4,,,
CompleteGumtreeMatcher,418,53,181,230,0,7,0,0,3,3,0,0.3,,1200,,,,,4,,,
CompleteGumtreeMatcher,418,53,181,230,0,7,0,0,3,3,0,0.4,,1200,,,,,4,,,
CompleteGumtreeMatcher,418,53,181,230,0,7,0,0,2,3,0,0.5,,1200,,,,,4,,,
CompleteGumtreeMatcher,418,53,181,230,0,7,0,0,2,3,0,0.6,,1200,,,,,4,,,
CompleteGumtreeMatcher,418,53,181,230,0,7,0,0,3,3,0,0.7,,1200,,,,,4,,,
CompleteGumtreeMatcher,438,27,182,231,0,25,0,0,2,3,0,0.799,,1200,,,,,4,,,
CompleteGumtreeMatcher,438,27,182,231,0,25,0,0,3,3,0,0.899,,1200,,,,,4,,,
CompleteGumtreeMatcher,438,27,182,231,0,25,0,0,2,3,0,0.999,,1200,,,,,4,,,
CompleteGumtreeMatcher,49,2,0,49,0,0,0,0,3971,3,0,0.1,,1300,,,,,4,,,
CompleteGumtreeMatcher,49,2,0,49,0,0,0,0,3969,3,0,0.2,,1300,,,,,4,,,
CompleteGumtreeMatcher,49,2,0,49,0,0,0,0,3968,3,0,0.3,,1300,,,,,4,,,
CompleteGumtreeMatcher,49,2,0,49,0,0,0,0,3989,3,0,0.4,,1300,,,,,4,,,
CompleteGumtreeMatcher,49,2,0,49,0,0,0,0,3971,3,0,0.5,,1300,,,,,4,,,
CompleteGumtreeMatcher,49,2,0,49,0,0,0,0,3971,3,0,0.6,,1300,,,,,4,,,
CompleteGumtreeMatcher,49,2,0,49,0,0,0,0,3975,3,0,0.7,,1300,,,,,4,,,
CompleteGumtreeMatcher,49,2,0,49,0,0,0,0,1994,3,0,0.799,,1300,,,,,4,,,
CompleteGumtreeMatcher,49,2,0,49,0,0,0,0,1988,3,0,0.899,,1300,,,,,4,,,
CompleteGumtreeMatcher,49,2,0,49,0,0,0,0,1989,3,0,0.999,,1300,,,,,4,,,
CompleteGumtreeMatcher,49,2,0,49,0,0,0,0,4001,3,0,0.1,,1400,,,,,4,,,
CompleteGumtreeMatcher,49,2,0,49,0,0,0,0,4012,3,0,0.2,,1400,,,,,4,,,
CompleteGumtreeMatcher,49,2,0,49,0,0,0,0,3995,3,0,0.3,,1400,,,,,4,,,
CompleteGumtreeMatcher,49,2,0,49,0,0,0,0,4011,3,0,0.4,,1400,,,,,4,,,
CompleteGumtreeMatcher,49,2,0,49,0,0,0,0,4003,3,0,0.5,,1400,,,,,4,,,
CompleteGumtreeMatcher,49,2,0,49,0,0,0,0,3997,3,0,0.6,,1400,,,,,4,,,
CompleteGumtreeMatcher,49,2,0,49,0,0,0,0,4008,3,0,0.7,,1400,,,,,4,,,
CompleteGumtreeMatcher,49,2,0,49,0,0,0,0,2019,3,0,0.799,,1400,,,,,4,,,
CompleteGumtreeMatcher,49,2,0,49,0,0,0,0,2017,3,0,0.899,,1400,,,,,4,,,
CompleteGumtreeMatcher,49,2,0,49,0,0,0,0,2022,3,0,0.999,,1400,,,,,4,,,
CompleteGumtreeMatcher,49,2,0,49,0,0,0,0,3971,3,0,0.1,,1500,,,,,4,,,
CompleteGumtreeMatcher,49,2,0,49,0,0,0,0,3975,3,0,0.2,,1500,,,,,4,,,
CompleteGumtreeMatcher,49,2,0,49,0,0,0,0,3976,3,0,0.3,,1500,,,,,4,,,
CompleteGumtreeMatcher,49,2,0,49,0,0,0,0,3974,3,0,0.4,,1500,,,,,4,,,
CompleteGumtreeMatcher,49,2,0,49,0,0,0,0,3974,3,0,0.5,,1500,,,,,4,,,
CompleteGumtreeMatcher,49,2,0,49,0,0,0,0,3987,3,0,0.6,,1500,,,,,4,,,
CompleteGumtreeMatcher,49,2,0,49,0,0,0,0,4006,3,0,0.7,,1500,,,,,4,,,
CompleteGumtreeMatcher,49,2,0,49,0,0,0,0,1989,3,0,0.799,,1500,,,,,4,,,
CompleteGumtreeMatcher,49,2,0,49,0,0,0,0,1986,3,0,0.899,,1500,,,,,4,,,
CompleteGumtreeMatcher,49,2,0,49,0,0,0,0,1990,3,0,0.999,,1500,,,,,4,,,
CompleteGumtreeMatcher,49,2,0,49,0,0,0,0,4011,3,0,0.1,,1600,,,,,4,,,
CompleteGumtreeMatcher,49,2,0,49,0,0,0,0,3996,3,0,0.2,,1600,,,,,4,,,
CompleteGumtreeMatcher,49,2,0,49,0,0,0,0,4013,3,0,0.3,,1600,,,,,4,,,
CompleteGumtreeMatcher,49,2,0,49,0,0,0,0,4005,3,0,0.4,,1600,,,,,4,,,
CompleteGumtreeMatcher,49,2,0,49,0,0,0,0,4009,3,0,0.5,,1600,,,,,4,,,
CompleteGumtreeMatcher,49,2,0,49,0,0,0,0,4014,3,0,0.6,,1600,,,,,4,,,
CompleteGumtreeMatcher,49,2,0,49,0,0,0,0,4008,3,0,0.7,,1600,,,,,4,,,
CompleteGumtreeMatcher,49,2,0,49,0,0,0,0,2013,3,0,0.799,,1600,,,,,4,,,
CompleteGumtreeMatcher,49,2,0,49,0,0,0,0,2020,3,0,0.899,,1600,,,,,4,,,
CompleteGumtreeMatcher,49,2,0,49,0,0,0,0,1990,3,0,0.999,,1600,,,,,4,,,
CompleteGumtreeMatcher,49,2,0,49,0,0,0,0,4017,3,0,0.1,,1700,,,,,4,,,
CompleteGumtreeMatcher,49,2,0,49,0,0,0,0,4023,3,0,0.2,,1700,,,,,4,,,
CompleteGumtreeMatcher,49,2,0,49,0,0,0,0,4011,3,0,0.3,,1700,,,,,4,,,
CompleteGumtreeMatcher,49,2,0,49,0,0,0,0,4021,3,0,0.4,,1700,,,,,4,,,
CompleteGumtreeMatcher,49,2,0,49,0,0,0,0,4013,3,0,0.5,,1700,,,,,4,,,
CompleteGumtreeMatcher,49,2,0,49,0,0,0,0,4019,3,0,0.6,,1700,,,,,4,,,
CompleteGumtreeMatcher,49,2,0,49,0,0,0,0,4019,3,0,0.7,,1700,,,,,4,,,
CompleteGumtreeMatcher,49,2,0,49,0,0,0,0,2021,3,0,0.799,,1700,,,,,4,,,
CompleteGumtreeMatcher,49,2,0,49,0,0,0,0,2023,3,0,0.899,,1700,,,,,4,,,
CompleteGumtreeMatcher,49,2,0,49,0,0,0,0,2012,3,0,0.999,,1700,,,,,4,,,
CompleteGumtreeMatcher,49,2,0,49,0,0,0,0,3977,3,0,0.1,,1800,,,,,4,,,
CompleteGumtreeMatcher,49,2,0,49,0,0,0,0,3976,3,0,0.2,,1800,,,,,4,,,
CompleteGumtreeMatcher,49,2,0,49,0,0,0,0,3986,3,0,0.3,,1800,,,,,4,,,
CompleteGumtreeMatcher,49,2,0,49,0,0,0,0,3975,3,0,0.4,,1800,,,,,4,,,
CompleteGumtreeMatcher,49,2,0,49,0,0,0,0,3988,3,0,0.5,,1800,,,,,4,,,
CompleteGumtreeMatcher,49,2,0,49,0,0,0,0,4015,3,0,0.6,,1800,,,,,4,,,
CompleteGumtreeMatcher,49,2,0,49,0,0,0,0,4012,3,0,0.7,,1800,,,,,4,,,
CompleteGumtreeMatcher,49,2,0,49,0,0,0,0,1990,3,0,0.799,,1800,,,,,4,,,
CompleteGumtreeMatcher,49,2,0,49,0,0,0,0,1992,3,0,0.899,,1800,,,,,4,,,
CompleteGumtreeMatcher,49,2,0,49,0,0,0,0,1989,3,0,0.999,,1800,,,,,4,,,
CompleteGumtreeMatcher,49,2,0,49,0,0,0,0,4010,3,0,0.1,,1900,,,,,4,,,
CompleteGumtreeMatcher,49,2,0,49,0,0,0,0,4011,3,0,0.2,,1900,,,,,4,,,
CompleteGumtreeMatcher,49,2,0,49,0,0,0,0,4013,3,0,0.3,,1900,,,,,4,,,
CompleteGumtreeMatcher,49,2,0,49,0,0,0,0,4011,3,0,0.4,,1900,,,,,4,,,
CompleteGumtreeMatcher,49,2,0,49,0,0,0,0,4016,3,0,0.5,,1900,,,,,4,,,
CompleteGumtreeMatcher,49,2,0,49,0,0,0,0,4015,3,0,0.6,,1900,,,,,4,,,
CompleteGumtreeMatcher,49,2,0,49,0,0,0,0,4011,3,0,0.7,,1900,,,,,4,,,
CompleteGumtreeMatcher,49,2,0,49,0,0,0,0,2038,3,0,0.799,,1900,,,,,4,,,
CompleteGumtreeMatcher,49,2,0,49,0,0,0,0,1988,3,0,0.899,,1900,,,,,4,,,
CompleteGumtreeMatcher,49,2,0,49,0,0,0,0,1989,3,0,0.999,,1900,,,,,4,,,
CompleteGumtreeMatcher,49,2,0,49,0,0,0,0,3992,3,0,0.1,,2000,,,,,4,,,
CompleteGumtreeMatcher,49,2,0,49,0,0,0,0,4011,3,0,0.2,,2000,,,,,4,,,
CompleteGumtreeMatcher,49,2,0,49,0,0,0,0,4003,3,0,0.3,,2000,,,,,4,,,
CompleteGumtreeMatcher,49,2,0,49,0,0,0,0,4011,3,0,0.4,,2000,,,,,4,,,
CompleteGumtreeMatcher,49,2,0,49,0,0,0,0,4012,3,0,0.5,,2000,,,,,4,,,
CompleteGumtreeMatcher,49,2,0,49,0,0,0,0,3996,3,0,0.6,,2000,,,,,4,,,
CompleteGumtreeMatcher,49,2,0,49,0,0,0,0,3998,3,0,0.7,,2000,,,,,4,,,
CompleteGumtreeMatcher,49,2,0,49,0,0,0,0,1995,3,0,0.799,,2000,,,,,4,,,
CompleteGumtreeMatcher,49,2,0,49,0,0,0,0,1988,3,0,0.899,,2000,,,,,4,,,
CompleteGumtreeMatcher,49,2,0,49,0,0,0,0,1987,3,0,0.999,,2000,,,,,4,,,
CompleteGumtreeMatcher,579,56,263,312,0,4,0,0,3,3,0,0.1,,100,,,,,5,,,
CompleteGumtreeMatcher,579,56,263,312,0,4,0,0,3,3,0,0.2,,100,,,,,5,,,
CompleteGumtreeMatcher,579,56,263,312,0,4,0,0,3,3,0,0.3,,100,,,,,5,,,
CompleteGumtreeMatcher,579,56,263,312,0,4,0,0,3,3,0,0.4,,100,,,,,5,,,
CompleteGumtreeMatcher,579,56,263,312,0,4,0,0,3,3,0,0.5,,100,,,,,5,,,
CompleteGumtreeMatcher,579,56,263,312,0,4,0,0,3,3,0,0.6,,100,,,,,5,,,
CompleteGumtreeMatcher,596,21,264,313,0,19,0,0,3,3,0,0.7,,100,,,,,5,,,
CompleteGumtreeMatcher,596,21,264,313,0,19,0,0,3,3,0,0.799,,100,,,,,5,,,
CompleteGumtreeMatcher,596,21,264,313,0,19,0,0,3,3,0,0.899,,100,,,,,5,,,
CompleteGumtreeMatcher,596,21,264,313,0,19,0,0,3,3,0,0.999,,100,,,,,5,,,
CompleteGumtreeMatcher,579,56,263,312,0,4,0,0,3,3,0,0.1,,200,,,,,5,,,
CompleteGumtreeMatcher,579,56,263,312,0,4,0,0,3,3,0,0.2,,200,,,,,5,,,
CompleteGumtreeMatcher,579,56,263,312,0,4,0,0,3,3,0,0.3,,200,,,,,5,,,
CompleteGumtreeMatcher,579,56,263,312,0,4,0,0,3,3,0,0.4,,200,,,,,5,,,
CompleteGumtreeMatcher,579,56,263,312,0,4,0,0,3,3,0,0.5,,200,,,,,5,,,
CompleteGumtreeMatcher,579,56,263,312,0,4,0,0,3,3,0,0.6,,200,,,,,5,,,
CompleteGumtreeMatcher,596,21,264,313,0,19,0,0,3,3,0,0.7,,200,,,,,5,,,
CompleteGumtreeMatcher,596,21,264,313,0,19,0,0,3,3,0,0.799,,200,,,,,5,,,
CompleteGumtreeMatcher,596,21,264,313,0,19,0,0,3,3,0,0.899,,200,,,,,5,,,
CompleteGumtreeMatcher,596,21,264,313,0,19,0,0,3,3,0,0.999,,200,,,,,5,,,
CompleteGumtreeMatcher,579,56,263,312,0,4,0,0,3,3,0,0.1,,300,,,,,5,,,
CompleteGumtreeMatcher,579,56,263,312,0,4,0,0,3,3,0,0.2,,300,,,,,5,,,
CompleteGumtreeMatcher,579,56,263,312,0,4,0,0,3,3,0,0.3,,300,,,,,5,,,
CompleteGumtreeMatcher,579,56,263,312,0,4,0,0,3,3,0,0.4,,300,,,,,5,,,
CompleteGumtreeMatcher,579,56,263,312,0,4,0,0,3,3,0,0.5,,300,,,,,5,,,
CompleteGumtreeMatcher,579,56,263,312,0,4,0,0,3,3,0,0.6,,300,,,,,5,,,
CompleteGumtreeMatcher,596,21,264,313,0,19,0,0,3,3,0,0.7,,300,,,,,5,,,
CompleteGumtreeMatcher,596,21,264,313,0,19,0,0,3,3,0,0.799,,300,,,,,5,,,
CompleteGumtreeMatcher,596,21,264,313,0,19,0,0,3,3,0,0.899,,300,,,,,5,,,
CompleteGumtreeMatcher,596,21,264,313,0,19,0,0,3,3,0,0.999,,300,,,,,5,,,
CompleteGumtreeMatcher,579,56,263,312,0,4,0,0,3,3,0,0.1,,400,,,,,5,,,
CompleteGumtreeMatcher,579,56,263,312,0,4,0,0,3,3,0,0.2,,400,,,,,5,,,
CompleteGumtreeMatcher,579,56,263,312,0,4,0,0,3,3,0,0.3,,400,,,,,5,,,
CompleteGumtreeMatcher,579,56,263,312,0,4,0,0,3,3,0,0.4,,400,,,,,5,,,
CompleteGumtreeMatcher,579,56,263,312,0,4,0,0,3,3,0,0.5,,400,,,,,5,,,
CompleteGumtreeMatcher,579,56,263,312,0,4,0,0,3,3,0,0.6,,400,,,,,5,,,
CompleteGumtreeMatcher,596,21,264,313,0,19,0,0,3,3,0,0.7,,400,,,,,5,,,
CompleteGumtreeMatcher,596,21,264,313,0,19,0,0,3,3,0,0.799,,400,,,,,5,,,
CompleteGumtreeMatcher,596,21,264,313,0,19,0,0,3,3,0,0.899,,400,,,,,5,,,
CompleteGumtreeMatcher,596,21,264,313,0,19,0,0,3,3,0,0.999,,400,,,,,5,,,
CompleteGumtreeMatcher,579,56,263,312,0,4,0,0,3,3,0,0.1,,500,,,,,5,,,
CompleteGumtreeMatcher,579,56,263,312,0,4,0,0,3,3,0,0.2,,500,,,,,5,,,
CompleteGumtreeMatcher,579,56,263,312,0,4,0,0,3,3,0,0.3,,500,,,,,5,,,
CompleteGumtreeMatcher,579,56,263,312,0,4,0,0,3,3,0,0.4,,500,,,,,5,,,
CompleteGumtreeMatcher,579,56,263,312,0,4,0,0,3,3,0,0.5,,500,,,,,5,,,
CompleteGumtreeMatcher,579,56,263,312,0,4,0,0,3,3,0,0.6,,500,,,,,5,,,
CompleteGumtreeMatcher,596,21,264,313,0,19,0,0,3,3,0,0.7,,500,,,,,5,,,
CompleteGumtreeMatcher,596,21,264,313,0,19,0,0,3,3,0,0.799,,500,,,,,5,,,
CompleteGumtreeMatcher,596,21,264,313,0,19,0,0,3,3,0,0.899,,500,,,,,5,,,
CompleteGumtreeMatcher,596,21,264,313,0,19,0,0,3,3,0,0.999,,500,,,,,5,,,
CompleteGumtreeMatcher,579,56,263,312,0,4,0,0,3,3,0,0.1,,600,,,,,5,,,
CompleteGumtreeMatcher,579,56,263,312,0,4,0,0,3,3,0,0.2,,600,,,,,5,,,
CompleteGumtreeMatcher,579,56,263,312,0,4,0,0,3,3,0,0.3,,600,,,,,5,,,
CompleteGumtreeMatcher,579,56,263,312,0,4,0,0,2,3,0,0.4,,600,,,,,5,,,
CompleteGumtreeMatcher,579,56,263,312,0,4,0,0,3,3,0,0.5,,600,,,,,5,,,
CompleteGumtreeMatcher,579,56,263,312,0,4,0,0,3,3,0,0.6,,600,,,,,5,,,
CompleteGumtreeMatcher,596,21,264,313,0,19,0,0,4,3,0,0.7,,600,,,,,5,,,
CompleteGumtreeMatcher,596,21,264,313,0,19,0,0,3,3,0,0.799,,600,,,,,5,,,
CompleteGumtreeMatcher,596,21,264,313,0,19,0,0,3,3,0,0.899,,600,,,,,5,,,
CompleteGumtreeMatcher,596,21,264,313,0,19,0,0,3,3,0,0.999,,600,,,,,5,,,
CompleteGumtreeMatcher,579,56,263,312,0,4,0,0,3,3,0,0.1,,700,,,,,5,,,
CompleteGumtreeMatcher,579,56,263,312,0,4,0,0,3,3,0,0.2,,700,,,,,5,,,
CompleteGumtreeMatcher,579,56,263,312,0,4,0,0,3,3,0,0.3,,700,,,,,5,,,
CompleteGumtreeMatcher,579,56,263,312,0,4,0,0,3,3,0,0.4,,700,,,,,5,,,
CompleteGumtreeMatcher,579,56,263,312,0,4,0,0,3,3,0,0.5,,700,,,,,5,,,
CompleteGumtreeMatcher,579,56,263,312,0,4,0,0,3,3,0,0.6,,700,,,,,5,,,
CompleteGumtreeMatcher,596,21,264,313,0,19,0,0,3,3,0,0.7,,700,,,,,5,,,
CompleteGumtreeMatcher,596,21,264,313,0,19,0,0,3,3,0,0.799,,700,,,,,5,,,
CompleteGumtreeMatcher,596,21,264,313,0,19,0,0,3,3,0,0.899,,700,,,,,5,,,
CompleteGumtreeMatcher,596,21,264,313,0,19,0,0,3,3,0,0.999,,700,,,,,5,,,
CompleteGumtreeMatcher,579,56,263,312,0,4,0,0,3,3,0,0.1,,800,,,,,5,,,
CompleteGumtreeMatcher,579,56,263,312,0,4,0,0,3,3,0,0.2,,800,,,,,5,,,
CompleteGumtreeMatcher,579,56,263,312,0,4,0,0,3,3,0,0.3,,800,,,,,5,,,
CompleteGumtreeMatcher,579,56,263,312,0,4,0,0,3,3,0,0.4,,800,,,,,5,,,
CompleteGumtreeMatcher,579,56,263,312,0,4,0,0,3,3,0,0.5,,800,,,,,5,,,
CompleteGumtreeMatcher,579,56,263,312,0,4,0,0,3,3,0,0.6,,800,,,,,5,,,
CompleteGumtreeMatcher,596,21,264,313,0,19,0,0,3,3,0,0.7,,800,,,,,5,,,
CompleteGumtreeMatcher,596,21,264,313,0,19,0,0,3,3,0,0.799,,800,,,,,5,,,
CompleteGumtreeMatcher,596,21,264,313,0,19,0,0,3,3,0,0.899,,800,,,,,5,,,
CompleteGumtreeMatcher,596,21,264,313,0,19,0,0,3,3,0,0.999,,800,,,,,5,,,
CompleteGumtreeMatcher,579,56,263,312,0,4,0,0,3,3,0,0.1,,900,,,,,5,,,
CompleteGumtreeMatcher,579,56,263,312,0,4,0,0,3,3,0,0.2,,900,,,,,5,,,
CompleteGumtreeMatcher,579,56,263,312,0,4,0,0,3,3,0,0.3,,900,,,,,5,,,
CompleteGumtreeMatcher,579,56,263,312,0,4,0,0,3,3,0,0.4,,900,,,,,5,,,
CompleteGumtreeMatcher,579,56,263,312,0,4,0,0,3,3,0,0.5,,900,,,,,5,,,
CompleteGumtreeMatcher,579,56,263,312,0,4,0,0,3,3,0,0.6,,900,,,,,5,,,
CompleteGumtreeMatcher,596,21,264,313,0,19,0,0,3,3,0,0.7,,900,,,,,5,,,
CompleteGumtreeMatcher,596,21,264,313,0,19,0,0,3,3,0,0.799,,900,,,,,5,,,
CompleteGumtreeMatcher,596,21,264,313,0,19,0,0,3,3,0,0.899,,900,,,,,5,,,
CompleteGumtreeMatcher,596,21,264,313,0,19,0,0,3,3,0,0.999,,900,,,,,5,,,
CompleteGumtreeMatcher,579,56,263,312,0,4,0,0,3,3,0,0.1,,1000,,,,,5,,,
CompleteGumtreeMatcher,579,56,263,312,0,4,0,0,3,3,0,0.2,,1000,,,,,5,,,
CompleteGumtreeMatcher,579,56,263,312,0,4,0,0,3,3,0,0.3,,1000,,,,,5,,,
CompleteGumtreeMatcher,579,56,263,312,0,4,0,0,3,3,0,0.4,,1000,,,,,5,,,
CompleteGumtreeMatcher,579,56,263,312,0,4,0,0,3,3,0,0.5,,1000,,,,,5,,,
CompleteGumtreeMatcher,579,56,263,312,0,4,0,0,3,3,0,0.6,,1000,,,,,5,,,
CompleteGumtreeMatcher,596,21,264,313,0,19,0,0,3,3,0,0.7,,1000,,,,,5,,,
CompleteGumtreeMatcher,596,21,264,313,0,19,0,0,3,3,0,0.799,,1000,,,,,5,,,
CompleteGumtreeMatcher,596,21,264,313,0,19,0,0,3,3,0,0.899,,1000,,,,,5,,,
CompleteGumtreeMatcher,596,21,264,313,0,19,0,0,4,3,0,0.999,,1000,,,,,5,,,
CompleteGumtreeMatcher,579,56,263,312,0,4,0,0,3,3,0,0.1,,1100,,,,,5,,,
CompleteGumtreeMatcher,579,56,263,312,0,4,0,0,3,3,0,0.2,,1100,,,,,5,,,
CompleteGumtreeMatcher,579,56,263,312,0,4,0,0,3,3,0,0.3,,1100,,,,,5,,,
CompleteGumtreeMatcher,579,56,263,312,0,4,0,0,2,3,0,0.4,,1100,,,,,5,,,
CompleteGumtreeMatcher,579,56,263,312,0,4,0,0,3,3,0,0.5,,1100,,,,,5,,,
CompleteGumtreeMatcher,579,56,263,312,0,4,0,0,3,3,0,0.6,,1100,,,,,5,,,
CompleteGumtreeMatcher,596,21,264,313,0,19,0,0,3,3,0,0.7,,1100,,,,,5,,,
CompleteGumtreeMatcher,596,21,264,313,0,19,0,0,4,3,0,0.799,,1100,,,,,5,,,
CompleteGumtreeMatcher,596,21,264,313,0,19,0,0,3,3,0,0.899,,1100,,,,,5,,,
CompleteGumtreeMatcher,596,21,264,313,0,19,0,0,3,3,0,0.999,,1100,,,,,5,,,
CompleteGumtreeMatcher,579,56,263,312,0,4,0,0,3,3,0,0.1,,1200,,,,,5,,,
CompleteGumtreeMatcher,579,56,263,312,0,4,0,0,3,3,0,0.2,,1200,,,,,5,,,
CompleteGumtreeMatcher,579,56,263,312,0,4,0,0,3,3,0,0.3,,1200,,,,,5,,,
CompleteGumtreeMatcher,579,56,263,312,0,4,0,0,3,3,0,0.4,,1200,,,,,5,,,
CompleteGumtreeMatcher,579,56,263,312,0,4,0,0,3,3,0,0.5,,1200,,,,,5,,,
CompleteGumtreeMatcher,579,56,263,312,0,4,0,0,2,3,0,0.6,,1200,,,,,5,,,
CompleteGumtreeMatcher,596,21,264,313,0,19,0,0,3,3,0,0.7,,1200,,,,,5,,,
CompleteGumtreeMatcher,596,21,264,313,0,19,0,0,4,3,0,0.799,,1200,,,,,5,,,
CompleteGumtreeMatcher,596,21,264,313,0,19,0,0,3,3,0,0.899,,1200,,,,,5,,,
CompleteGumtreeMatcher,596,21,264,313,0,19,0,0,4,3,0,0.999,,1200,,,,,5,,,
CompleteGumtreeMatcher,49,2,0,49,0,0,0,0,3999,3,0,0.1,,1300,,,,,5,,,
CompleteGumtreeMatcher,49,2,0,49,0,0,0,0,3998,3,0,0.2,,1300,,,,,5,,,
CompleteGumtreeMatcher,49,2,0,49,0,0,0,0,4000,3,0,0.3,,1300,,,,,5,,,
CompleteGumtreeMatcher,49,2,0,49,0,0,0,0,4013,3,0,0.4,,1300,,,,,5,,,
CompleteGumtreeMatcher,49,2,0,49,0,0,0,0,3975,3,0,0.5,,1300,,,,,5,,,
CompleteGumtreeMatcher,49,2,0,49,0,0,0,0,3983,3,0,0.6,,1300,,,,,5,,,
CompleteGumtreeMatcher,49,2,0,49,0,0,0,0,1989,3,0,0.7,,1300,,,,,5,,,
CompleteGumtreeMatcher,49,2,0,49,0,0,0,0,1988,3,0,0.799,,1300,,,,,5,,,
CompleteGumtreeMatcher,49,2,0,49,0,0,0,0,1988,3,0,0.899,,1300,,,,,5,,,
CompleteGumtreeMatcher,49,2,0,49,0,0,0,0,1985,3,0,0.999,,1300,,,,,5,,,
CompleteGumtreeMatcher,49,2,0,49,0,0,0,0,4001,3,0,0.1,,1400,,,,,5,,,
CompleteGumtreeMatcher,49,2,0,49,0,0,0,0,4002,3,0,0.2,,1400,,,,,5,,,
CompleteGumtreeMatcher,49,2,0,49,0,0,0,0,4000,3,0,0.3,,1400,,,,,5,,,
CompleteGumtreeMatcher,49,2,0,49,0,0,0,0,4006,3,0,0.4,,1400,,,,,5,,,
CompleteGumtreeMatcher,49,2,0,49,0,0,0,0,4004,3,0,0.5,,1400,,,,,5,,,
CompleteGumtreeMatcher,49,2,0,49,0,0,0,0,3997,3,0,0.6,,1400,,,,,5,,,
CompleteGumtreeMatcher,49,2,0,49,0,0,0,0,1989,3,0,0.7,,1400,,,,,5,,,
CompleteGumtreeMatcher,49,2,0,49,0,0,0,0,1996,3,0,0.799,,1400,,,,,5,,,
CompleteGumtreeMatcher,49,2,0,49,0,0,0,0,2017,3,0,0.899,,1400,,,,,5,,,
CompleteGumtreeMatcher,49,2,0,49,0,0,0,0,2014,3,0,0.999,,1400,,,,,5,,,
CompleteGumtreeMatcher,49,2,0,49,0,0,0,0,4008,3,0,0.1,,1500,,,,,5,,,
CompleteGumtreeMatcher,49,2,0,49,0,0,0,0,4012,3,0,0.2,,1500,,,,,5,,,
CompleteGumtreeMatcher,49,2,0,49,0,0,0,0,3976,3,0,0.3,,1500,,,,,5,,,
CompleteGumtreeMatcher,49,2,0,49,0,0,0,0,3977,3,0,0.4,,1500,,,,,5,,,
CompleteGumtreeMatcher,49,2,0,49,0,0,0,0,3975,3,0,0.5,,1500,,,,,5,,,
CompleteGumtreeMatcher,49,2,0,49,0,0,0,0,3976,3,0,0.6,,1500,,,,,5,,,
CompleteGumtreeMatcher,49,2,0,49,0,0,0,0,1991,3,0,0.7,,1500,,,,,5,,,
CompleteGumtreeMatcher,49,2,0,49,0,0,0,0,1991,3,0,0.799,,1500,,,,,5,,,
CompleteGumtreeMatcher,49,2,0,49,0,0,0,0,1990,3,0,0.899,,1500,,,,,5,,,
CompleteGumtreeMatcher,49,2,0,49,0,0,0,0,1989,3,0,0.999,,1500,,,,,5,,,
CompleteGumtreeMatcher,49,2,0,49,0,0,0,0,4002,3,0,0.1,,1600,,,,,5,,,
CompleteGumtreeMatcher,49,2,0,49,0,0,0,0,3997,3,0,0.2,,1600,,,,,5,,,
CompleteGumtreeMatcher,49,2,0,49,0,0,0,0,4003,3,0,0.3,,1600,,,,,5,,,
CompleteGumtreeMatcher,49,2,0,49,0,0,0,0,4005,3,0,0.4,,1600,,,,,5,,,
CompleteGumtreeMatcher,49,2,0,49,0,0,0,0,4020,3,0,0.5,,1600,,,,,5,,,
CompleteGumtreeMatcher,49,2,0,49,0,0,0,0,4023,3,0,0.6,,1600,,,,,5,,,
CompleteGumtreeMatcher,49,2,0,49,0,0,0,0,2030,3,0,0.7,,1600,,,,,5,,,
CompleteGumtreeMatcher,49,2,0,49,0,0,0,0,2031,3,0,0.799,,1600,,,,,5,,,
CompleteGumtreeMatcher,49,2,0,49,0,0,0,0,2018,3,0,0.899,,1600,,,,,5,,,
CompleteGumtreeMatcher,49,2,0,49,0,0,0,0,2033,3,0,0.999,,1600,,,,,5,,,
CompleteGumtreeMatcher,49,2,0,49,0,0,0,0,3974,3,0,0.1,,1700,,,,,5,,,
CompleteGumtreeMatcher,49,2,0,49,0,0,0,0,3972,3,0,0.2,,1700,,,,,5,,,
CompleteGumtreeMatcher,49,2,0,49,0,0,0,0,3975,3,0,0.3,,1700,,,,,5,,,
CompleteGumtreeMatcher,49,2,0,49,0,0,0,0,3971,3,0,0.4,,1700,,,,,5,,,
CompleteGumtreeMatcher,49,2,0,49,0,0,0,0,3970,3,0,0.5,,1700,,,,,5,,,
CompleteGumtreeMatcher,49,2,0,49,0,0,0,0,3969,3,0,0.6,,1700,,,,,5,,,
CompleteGumtreeMatcher,49,2,0,49,0,0,0,0,1987,3,0,0.7,,1700,,,,,5,,,
CompleteGumtreeMatcher,49,2,0,49,0,0,0,0,1986,3,0,0.799,,1700,,,,,5,,,
CompleteGumtreeMatcher,49,2,0,49,0,0,0,0,1989,3,0,0.899,,1700,,,,,5,,,
CompleteGumtreeMatcher,49,2,0,49,0,0,0,0,1993,3,0,0.999,,1700,,,,,5,,,
CompleteGumtreeMatcher,49,2,0,49,0,0,0,0,4006,3,0,0.1,,1800,,,,,5,,,
CompleteGumtreeMatcher,49,2,0,49,0,0,0,0,4000,3,0,0.2,,1800,,,,,5,,,
CompleteGumtreeMatcher,49,2,0,49,0,0,0,0,4027,3,0,0.3,,1800,,,,,5,,,
CompleteGumtreeMatcher,49,2,0,49,0,0,0,0,4028,3,0,0.4,,1800,,,,,5,,,
CompleteGumtreeMatcher,49,2,0,49,0,0,0,0,4022,3,0,0.5,,1800,,,,,5,,,
CompleteGumtreeMatcher,49,2,0,49,0,0,0,0,4017,3,0,0.6,,1800,,,,,5,,,
CompleteGumtreeMatcher,49,2,0,49,0,0,0,0,2038,3,0,0.7,,1800,,,,,5,,,
CompleteGumtreeMatcher,49,2,0,49,0,0,0,0,2038,3,0,0.799,,1800,,,,,5,,,
CompleteGumtreeMatcher,49,2,0,49,0,0,0,0,2034,3,0,0.899,,1800,,,,,5,,,
CompleteGumtreeMatcher,49,2,0,49,0,0,0,0,2033,3,0,0.999,,1800,,,,,5,,,
CompleteGumtreeMatcher,49,2,0,49,0,0,0,0,3975,3,0,0.1,,1900,,,,,5,,,
CompleteGumtreeMatcher,49,2,0,49,0,0,0,0,4004,3,0,0.2,,1900,,,,,5,,,
CompleteGumtreeMatcher,49,2,0,49,0,0,0,0,3995,3,0,0.3,,1900,,,,,5,,,
CompleteGumtreeMatcher,49,2,0,49,0,0,0,0,3994,3,0,0.4,,1900,,,,,5,,,
CompleteGumtreeMatcher,49,2,0,49,0,0,0,0,3996,3,0,0.5,,1900,,,,,5,,,
CompleteGumtreeMatcher,49,2,0,49,0,0,0,0,3995,3,0,0.6,,1900,,,,,5,,,
CompleteGumtreeMatcher,49,2,0,49,0,0,0,0,1990,3,0,0.7,,1900,,,,,5,,,
CompleteGumtreeMatcher,49,2,0,49,0,0,0,0,1993,3,0,0.799,,1900,,,,,5,,,
CompleteGumtreeMatcher,49,2,0,49,0,0,0,0,1988,3,0,0.899,,1900,,,,,5,,,
CompleteGumtreeMatcher,49,2,0,49,0,0,0,0,1989,3,0,0.999,,1900,,,,,5,,,
CompleteGumtreeMatcher,49,2,0,49,0,0,0,0,4003,3,0,0.1,,2000,,,,,5,,,
CompleteGumtreeMatcher,49,2,0,49,0,0,0,0,4006,3,0,0.2,,2000,,,,,5,,,
CompleteGumtreeMatcher,49,2,0,49,0,0,0,0,3831,3,0,0.3,,2000,,,,,5,,,
CompleteGumtreeMatcher,49,2,0,49,0,0,0,0,3793,3,0,0.4,,2000,,,,,5,,,
CompleteGumtreeMatcher,49,2,0,49,0,0,0,0,3830,3,0,0.5,,2000,,,,,5,,,
CompleteGumtreeMatcher,49,2,0,49,0,0,0,0,3771,3,0,0.6,,2000,,,,,5,,,
CompleteGumtreeMatcher,49,2,0,49,0,0,0,0,1996,3,0,0.7,,2000,,,,,5,,,
CompleteGumtreeMatcher,49,2,0,49,0,0,0,0,1987,3,0,0.799,,2000,,,,,5,,,
CompleteGumtreeMatcher,49,2,0,49,0,0,0,0,1976,3,0,0.899,,2000,,,,,5,,,
CompleteGumtreeMatcher,49,2,0,49,0,0,0,0,1977,3,0,0.999,,2000,,,,,5,,,
ChangeDistiller,1580,1171,279,328,440,533,0,0,9405,4,0,,,,0.1,2,0.2,0.1,,,,
ChangeDistiller,1763,1130,359,408,430,566,0,0,9246,4,0,,,,0.1,2,0.4,0.1,,,,
ChangeDistiller,1867,1128,397,446,423,601,0,0,9249,4,0,,,,0.1,2,0.6,0.1,,,,
ChangeDistiller,1875,1071,419,403,423,630,0,0,9254,4,0,,,,0.1,2,0.8,0.1,,,,
ChangeDistiller,1875,1071,419,403,423,630,0,0,9230,4,0,,,,0.1,2,1.0,0.1,,,,
ChangeDistiller,1551,1175,263,312,442,534,0,0,9172,4,0,,,,0.1,4,0.2,0.1,,,,
ChangeDistiller,1662,1160,304,353,442,563,0,0,9242,4,0,,,,0.1,4,0.4,0.1,,,,
ChangeDistiller,1739,1152,325,374,442,598,0,0,9335,4,0,,,,0.1,4,0.6,0.1,,,,
ChangeDistiller,1694,1118,337,278,442,637,0,0,9344,4,0,,,,0.1,4,0.8,0.1,,,,
ChangeDistiller,1694,1118,337,278,442,637,0,0,9443,4,0,,,,0.1,4,1.0,0.1,,,,
ChangeDistiller,1531,1179,253,302,446,530,0,0,9190,4,0,,,,0.1,6,0.2,0.1,,,,
ChangeDistiller,1618,1193,281,330,445,562,0,0,9219,4,0,,,,0.1,6,0.4,0.1,,,,
ChangeDistiller,1690,1176,300,349,445,596,0,0,9190,4,0,,,,0.1,6,0.6,0.1,,,,
ChangeDistiller,1597,1128,304,215,445,633,0,0,9187,4,0,,,,0.1,6,0.8,0.1,,,,
ChangeDistiller,1597,1128,304,215,445,633,0,0,9185,4,0,,,,0.1,6,1.0,0.1,,,,
ChangeDistiller,1064,817,173,222,302,367,0,0,6879,4,0,,,,0.3,2,0.2,0.1,,,,
ChangeDistiller,1235,833,248,297,292,398,0,0,6932,4,0,,,,0.3,2,0.4,0.1,,,,
ChangeDistiller,1461,880,311,360,291,499,0,0,6912,4,0,,,,0.3,2,0.6,0.1,,,,
ChangeDistiller,1540,872,348,337,292,563,0,0,6901,4,0,,,,0.3,2,0.8,0.1,,,,
ChangeDistiller,1558,878,354,343,292,569,0,0,6913,4,0,,,,0.3,2,1.0,0.1,,,,
ChangeDistiller,1051,822,156,205,308,382,0,0,6867,4,0,,,,0.3,4,0.2,0.1,,,,
ChangeDistiller,1141,843,192,241,306,402,0,0,6876,4,0,,,,0.3,4,0.4,0.1,,,,
ChangeDistiller,1286,901,230,279,308,469,0,0,6878,4,0,,,,0.3,4,0.6,0.1,,,,
ChangeDistiller,1354,911,264,213,308,569,0,0,6883,4,0,,,,0.3,4,0.8,0.1,,,,
ChangeDistiller,1373,922,268,217,308,580,0,0,6901,4,0,,,,0.3,4,1.0,0.1,,,,
ChangeDistiller,1029,807,150,199,310,370,0,0,6869,4,0,,,,0.3,6,0.2,0.1,,,,
ChangeDistiller,1094,825,175,224,308,387,0,0,6868,4,0,,,,0.3,6,0.4,0.1,,,,
ChangeDistiller,1227,889,208,257,308,454,0,0,6870,4,0,,,,0.3,6,0.6,0.1,,,,
ChangeDistiller,1242,896,227,160,309,546,0,0,6872,4,0,,,,0.3,6,0.8,0.1,,,,
ChangeDistiller,1251,903,228,161,309,553,0,0,6883,4,0,,,,0.3,6,1.0,0.1,,,,
ChangeDistiller,860,679,123,172,266,299,0,0,4105,4,0,,,,0.5,2,0.2,0.1,,,,
ChangeDistiller,935,695,154,203,260,318,0,0,4109,4,0,,,,0.5,2,0.4,0.1,,,,
ChangeDistiller,1207,795,236,285,262,424,0,0,4120,4,0,,,,0.5,2,0.6,0.1,,,,
ChangeDistiller,1332,790,283,278,262,509,0,0,4124,4,0,,,,0.5,2,0.8,0.1,,,,
ChangeDistiller,1381,812,294,293,262,532,0,0,4136,4,0,,,,0.5,2,1.0,0.1,,,,
ChangeDistiller,829,661,111,160,266,292,0,0,4107,4,0,,,,0.5,4,0.2,0.1,,,,
ChangeDistiller,869,674,128,177,262,302,0,0,4108,4,0,,,,0.5,4,0.4,0.1,,,,
ChangeDistiller,1027,748,170,219,267,371,0,0,4113,4,0,,,,0.5,4,0.6,0.1,,,,
ChangeDistiller,1195,819,209,258,267,461,0,0,4118,4,0,,,,0.5,4,0.8,0.1,,,,
ChangeDistiller,1191,800,221,197,267,506,0,0,4122,4,0,,,,0.5,4,1.0,0.1,,,,
ChangeDistiller,833,667,110,159,267,297,0,0,4096,4,0,,,,0.5,6,0.2,0.1,,,,
ChangeDistiller,842,667,117,166,263,296,0,0,4106,4,0,,,,0.5,6,0.4,0.1,,,,
ChangeDistiller,985,737,155,204,266,360,0,0,4110,4,0,,,,0.5,6,0.6,0.1,,,,
ChangeDistiller,1117,802,182,231,267,437,0,0,4117,4,0,,,,0.5,6,0.8,0.1,,,,
ChangeDistiller,1078,777,186,147,267,478,0,0,4124,4,0,,,,0.5,6,1.0,0.1,,,,
ChangeDistiller,627,472,104,153,152,218,0,0,2930,4,0,,,,0.7,2,0.2,0.1,,,,
ChangeDistiller,656,473,120,169,145,222,0,0,2920,4,0,,,,0.7,2,0.4,0.1,,,,
ChangeDistiller,810,528,168,217,144,281,0,0,2923,4,0,,,,0.7,2,0.6,0.1,,,,
ChangeDistiller,984,562,226,215,146,397,0,0,2928,4,0,,,,0.7,2,0.8,0.1,,,,
ChangeDistiller,1060,591,244,241,146,429,0,0,2947,4,0,,,,0.7,2,1.0,0.1,,,,
ChangeDistiller,625,472,100,149,155,221,0,0,2921,4,0,,,,0.7,4,0.2,0.1,,,,
ChangeDistiller,627,469,103,152,153,219,0,0,2930,4,0,,,,0.7,4,0.4,0.1,,,,
ChangeDistiller,724,517,129,178,153,264,0,0,2931,4,0,,,,0.7,4,0.6,0.1,,,,
ChangeDistiller,902,603,172,221,156,353,0,0,2935,4,0,,,,0.7,4,0.8,0.1,,,,
ChangeDistiller,913,595,189,157,156,411,0,0,2929,4,0,,,,0.7,4,1.0,0.1,,,,
ChangeDistiller,627,472,100,149,156,222,0,0,2920,4,0,,,,0.7,6,0.2,0.1,,,,
ChangeDistiller,624,469,101,150,154,219,0,0,2911,4,0,,,,0.7,6,0.4,0.1,,,,
ChangeDistiller,699,506,121,170,154,254,0,0,2912,4,0,,,,0.7,6,0.6,0.1,,,,
ChangeDistiller,846,584,154,203,154,335,0,0,2918,4,0,,,,0.7,6,0.8,0.1,,,,
ChangeDistiller,837,580,165,125,154,393,0,0,2926,4,0,,,,0.7,6,1.0,0.1,,,,
ChangeDistiller,63,19,0,49,2,12,0,0,1743,4,0,,,,0.899,2,0.2,0.1,,,,
ChangeDistiller,63,19,0,49,2,12,0,0,1745,4,0,,,,0.899,2,0.4,0.1,,,,
ChangeDistiller,63,19,0,49,2,12,0,0,1745,4,0,,,,0.899,2,0.6,0.1,,,,
ChangeDistiller,88,36,4,53,2,29,0,0,1747,4,0,,,,0.899,2,0.8,0.1,,,,
ChangeDistiller,196,109,20,69,2,105,0,0,1747,4,0,,,,0.899,2,1.0,0.1,,,,
ChangeDistiller,63,19,0,49,2,12,0,0,1762,4,0,,,,0.899,4,0.2,0.1,,,,
ChangeDistiller,63,19,0,49,2,12,0,0,1756,4,0,,,,0.899,4,0.4,0.1,,,,
ChangeDistiller,63,19,0,49,2,12,0,0,1756,4,0,,,,0.899,4,0.6,0.1,,,,
ChangeDistiller,85,35,3,52,2,28,0,0,1757,4,0,,,,0.899,4,0.8,0.1,,,,
ChangeDistiller,183,104,16,65,2,100,0,0,1761,4,0,,,,0.899,4,1.0,0.1,,,,
ChangeDistiller,65,20,0,49,3,13,0,0,1756,4,0,,,,0.899,6,0.2,0.1,,,,
ChangeDistiller,65,20,0,49,3,13,0,0,1758,4,0,,,,0.899,6,0.4,0.1,,,,
ChangeDistiller,65,20,0,49,3,13,0,0,1757,4,0,,,,0.899,6,0.6,0.1,,,,
ChangeDistiller,86,35,3,52,3,28,0,0,1760,4,0,,,,0.899,6,0.8,0.1,,,,
ChangeDistiller,171,103,14,56,3,98,0,0,1759,4,0,,,,0.899,6,1.0,0.1,,,,
ChangeDistiller,1618,1145,309,358,431,520,0,0,9215,4,0,,,,0.1,2,0.2,0.3,,,,
ChangeDistiller,1784,1084,385,434,419,546,0,0,9195,4,0,,,,0.1,2,0.4,0.3,,,,
ChangeDistiller,1899,1081,426,475,414,584,0,0,9199,4,0,,,,0.1,2,0.6,0.3,,,,
ChangeDistiller,1932,1037,448,457,414,613,0,0,9201,4,0,,,,0.1,2,0.8,0.3,,,,
ChangeDistiller,1932,1037,448,457,414,613,0,0,9205,4,0,,,,0.1,2,1.0,0.3,,,,
ChangeDistiller,1660,1144,333,382,425,520,0,0,9189,4,0,,,,0.1,4,0.2,0.3,,,,
ChangeDistiller,1765,1090,374,423,423,545,0,0,9195,4,0,,,,0.1,4,0.4,0.3,,,,
ChangeDistiller,1833,1072,394,443,423,573,0,0,9197,4,0,,,,0.1,4,0.6,0.3,,,,
ChangeDistiller,1838,1046,406,401,423,608,0,0,9198,4,0,,,,0.1,4,0.8,0.3,,,,
ChangeDistiller,1838,1046,406,401,423,608,0,0,9198,4,0,,,,0.1,4,1.0,0.3,,,,
ChangeDistiller,1681,1133,344,393,424,520,0,0,9231,4,0,,,,0.1,6,0.2,0.3,,,,
ChangeDistiller,1761,1092,372,421,423,545,0,0,9206,4,0,,,,0.1,6,0.4,0.3,,,,
ChangeDistiller,1814,1068,386,435,423,570,0,0,9209,4,0,,,,0.1,6,0.6,0.3,,,,
ChangeDistiller,1797,1044,391,381,423,602,0,0,9209,4,0,,,,0.1,6,0.8,0.3,,,,
ChangeDistiller,1797,1044,391,381,423,602,0,0,9214,4,0,,,,0.1,6,1.0,0.3,,,,
ChangeDistiller,1121,827,205,254,291,371,0,0,6881,4,0,,,,0.3,2,0.2,0.3,,,,
ChangeDistiller,1270,809,274,323,281,392,0,0,6890,4,0,,,,0.3,2,0.4,0.3,,,,
ChangeDistiller,1506,848,342,391,279,494,0,0,6896,4,0,,,,0.3,2,0.6,0.3,,,,
ChangeDistiller,1605,843,378,395,279,553,0,0,6901,4,0,,,,0.3,2,0.8,0.3,,,,
ChangeDistiller,1623,849,384,401,279,559,0,0,6901,4,0,,,,0.3,2,1.0,0.3,,,,
ChangeDistiller,1152,826,221,270,287,374,0,0,6882,4,0,,,,0.3,4,0.2,0.3,,,,
ChangeDistiller,1255,815,263,312,287,393,0,0,6889,4,0,,,,0.3,4,0.4,0.3,,,,
ChangeDistiller,1407,851,298,347,287,475,0,0,6892,4,0,,,,0.3,4,0.6,0.3,,,,
ChangeDistiller,1475,845,328,323,287,537,0,0,6896,4,0,,,,0.3,4,0.8,0.3,,,,
ChangeDistiller,1493,855,332,327,287,547,0,0,6901,4,0,,,,0.3,4,1.0,0.3,,,,
ChangeDistiller,1182,826,232,281,288,381,0,0,6872,4,0,,,,0.3,6,0.2,0.3,,,,
ChangeDistiller,1242,812,259,308,286,389,0,0,6895,4,0,,,,0.3,6,0.4,0.3,,,,
ChangeDistiller,1376,851,287,336,286,467,0,0,6877,4,0,,,,0.3,6,0.6,0.3,,,,
ChangeDistiller,1380,834,301,278,286,515,0,0,6880,4,0,,,,0.3,6,0.8,0.3,,,,
ChangeDistiller,1398,846,303,281,286,528,0,0,6886,4,0,,,,0.3,6,1.0,0.3,,,,
ChangeDistiller,923,715,150,199,262,312,0,0,4101,4,0,,,,0.5,2,0.2,0.3,,,,
ChangeDistiller,1033,722,193,242,258,340,0,0,4105,4,0,,,,0.5,2,0.4,0.3,,,,
ChangeDistiller,1269,783,265,314,255,435,0,0,4113,4,0,,,,0.5,2,0.6,0.3,,,,
ChangeDistiller,1387,770,308,321,254,504,0,0,4115,4,0,,,,0.5,2,0.8,0.3,,,,
ChangeDistiller,1445,792,323,341,254,527,0,0,4118,4,0,,,,0.5,2,1.0,0.3,,,,
ChangeDistiller,942,722,157,206,261,318,0,0,4105,4,0,,,,0.5,4,0.2,0.3,,,,
ChangeDistiller,1009,721,181,230,261,337,0,0,4118,4,0,,,,0.5,4,0.4,0.3,,,,
ChangeDistiller,1160,764,226,275,261,398,0,0,4112,4,0,,,,0.5,4,0.6,0.3,,,,
ChangeDistiller,1259,770,257,253,261,488,0,0,4116,4,0,,,,0.5,4,0.8,0.3,,,,
ChangeDistiller,1305,787,269,269,261,506,0,0,4122,4,0,,,,0.5,4,1.0,0.3,,,,
ChangeDistiller,950,723,160,209,261,320,0,0,4105,4,0,,,,0.5,6,0.2,0.3,,,,
ChangeDistiller,1000,717,178,227,261,334,0,0,4106,4,0,,,,0.5,6,0.4,0.3,,,,
ChangeDistiller,1128,755,215,264,261,388,0,0,4111,4,0,,,,0.5,6,0.6,0.3,,,,
ChangeDistiller,1185,761,237,216,261,471,0,0,4115,4,0,,,,0.5,6,0.8,0.3,,,,
ChangeDistiller,1206,773,239,222,261,484,0,0,4115,4,0,,,,0.5,6,1.0,0.3,,,,
ChangeDistiller,674,498,125,174,149,226,0,0,2913,4,0,,,,0.7,2,0.2,0.3,,,,
ChangeDistiller,752,504,157,206,144,245,0,0,2915,4,0,,,,0.7,2,0.4,0.3,,,,
ChangeDistiller,874,525,194,243,142,295,0,0,2926,4,0,,,,0.7,2,0.6,0.3,,,,
ChangeDistiller,1041,552,249,256,142,394,0,0,2921,4,0,,,,0.7,2,0.8,0.3,,,,
ChangeDistiller,1117,576,266,285,142,424,0,0,2925,4,0,,,,0.7,2,1.0,0.3,,,,
ChangeDistiller,691,504,131,180,148,232,0,0,2914,4,0,,,,0.7,4,0.2,0.3,,,,
ChangeDistiller,728,509,144,193,148,243,0,0,2914,4,0,,,,0.7,4,0.4,0.3,,,,
ChangeDistiller,800,529,164,213,148,275,0,0,2916,4,0,,,,0.7,4,0.6,0.3,,,,
ChangeDistiller,965,589,207,256,148,354,0,0,2922,4,0,,,,0.7,4,0.8,0.3,,,,
ChangeDistiller,992,577,222,215,148,407,0,0,2923,4,0,,,,0.7,4,1.0,0.3,,,,
ChangeDistiller,699,511,132,181,148,238,0,0,2919,4,0,,,,0.7,6,0.2,0.3,,,,
ChangeDistiller,704,504,135,184,148,237,0,0,2918,4,0,,,,0.7,6,0.4,0.3,,,,
ChangeDistiller,778,532,156,205,148,269,0,0,2929,4,0,,,,0.7,6,0.6,0.3,,,,
ChangeDistiller,914,585,188,237,148,341,0,0,2925,4,0,,,,0.7,6,0.8,0.3,,,,
ChangeDistiller,917,576,199,174,148,396,0,0,2929,4,0,,,,0.7,6,1.0,0.3,,,,
ChangeDistiller,63,19,0,49,2,12,0,0,1749,4,0,,,,0.899,2,0.2,0.3,,,,
ChangeDistiller,63,19,0,49,2,12,0,0,1751,4,0,,,,0.899,2,0.4,0.3,,,,
ChangeDistiller,63,19,0,49,2,12,0,0,1751,4,0,,,,0.899,2,0.6,0.3,,,,
ChangeDistiller,88,36,4,53,2,29,0,0,1750,4,0,,,,0.899,2,0.8,0.3,,,,
ChangeDistiller,196,109,20,69,2,105,0,0,1753,4,0,,,,0.899,2,1.0,0.3,,,,
ChangeDistiller,63,19,0,49,2,12,0,0,1743,4,0,,,,0.899,4,0.2,0.3,,,,
ChangeDistiller,63,19,0,49,2,12,0,0,1742,4,0,,,,0.899,4,0.4,0.3,,,,
ChangeDistiller,63,19,0,49,2,12,0,0,1748,4,0,,,,0.899,4,0.6,0.3,,,,
ChangeDistiller,85,35,3,52,2,28,0,0,1744,4,0,,,,0.899,4,0.8,0.3,,,,
ChangeDistiller,183,104,16,65,2,100,0,0,1747,4,0,,,,0.899,4,1.0,0.3,,,,
ChangeDistiller,63,19,0,49,2,12,0,0,1742,4,0,,,,0.899,6,0.2,0.3,,,,
ChangeDistiller,63,19,0,49,2,12,0,0,1743,4,0,,,,0.899,6,0.4,0.3,,,,
ChangeDistiller,63,19,0,49,2,12,0,0,1743,4,0,,,,0.899,6,0.6,0.3,,,,
ChangeDistiller,85,35,3,52,2,28,0,0,1744,4,0,,,,0.899,6,0.8,0.3,,,,
ChangeDistiller,180,103,15,64,2,99,0,0,1746,4,0,,,,0.899,6,1.0,0.3,,,,
ChangeDistiller,1640,1135,332,381,415,512,0,0,9184,4,0,,,,0.1,2,0.2,0.5,,,,
ChangeDistiller,1825,1044,415,464,404,542,0,0,9193,4,0,,,,0.1,2,0.4,0.5,,,,
ChangeDistiller,1929,1047,453,502,399,575,0,0,9218,4,0,,,,0.1,2,0.6,0.5,,,,
ChangeDistiller,1975,1002,474,501,399,601,0,0,9194,4,0,,,,0.1,2,0.8,0.5,,,,
ChangeDistiller,1975,1002,474,501,399,601,0,0,9229,4,0,,,,0.1,2,1.0,0.5,,,,
ChangeDistiller,1760,1147,392,441,402,525,0,0,9197,4,0,,,,0.1,4,0.2,0.5,,,,
ChangeDistiller,1870,1053,433,482,401,554,0,0,9231,4,0,,,,0.1,4,0.4,0.5,,,,
ChangeDistiller,1918,1044,447,496,401,574,0,0,9244,4,0,,,,0.1,4,0.6,0.5,,,,
ChangeDistiller,1934,996,457,483,401,593,0,0,9237,4,0,,,,0.1,4,0.8,0.5,,,,
ChangeDistiller,1934,996,457,483,401,593,0,0,9240,4,0,,,,0.1,4,1.0,0.5,,,,
ChangeDistiller,1782,1144,401,450,402,529,0,0,9214,4,0,,,,0.1,6,0.2,0.5,,,,
ChangeDistiller,1875,1054,435,484,401,555,0,0,9213,4,0,,,,0.1,6,0.4,0.5,,,,
ChangeDistiller,1898,1036,441,490,401,566,0,0,9218,4,0,,,,0.1,6,0.6,0.5,,,,
ChangeDistiller,1903,994,446,468,401,588,0,0,9233,4,0,,,,0.1,6,0.8,0.5,,,,
ChangeDistiller,1903,994,446,468,401,588,0,0,9251,4,0,,,,0.1,6,1.0,0.5,,,,
ChangeDistiller,1138,814,226,275,276,361,0,0,6884,4,0,,,,0.3,2,0.2,0.5,,,,
ChangeDistiller,1301,799,298,347,268,388,0,0,6912,4,0,,,,0.3,2,0.4,0.5,,,,
ChangeDistiller,1541,813,367,416,267,491,0,0,6926,4,0,,,,0.3,2,0.6,0.5,,,,
ChangeDistiller,1637,813,396,431,267,543,0,0,6939,4,0,,,,0.3,2,0.8,0.5,,,,
ChangeDistiller,1664,820,406,441,267,550,0,0,6939,4,0,,,,0.3,2,1.0,0.5,,,,
ChangeDistiller,1226,829,264,313,269,380,0,0,6915,4,0,,,,0.3,4,0.2,0.5,,,,
ChangeDistiller,1347,814,313,362,268,404,0,0,6902,4,0,,,,0.3,4,0.4,0.5,,,,
ChangeDistiller,1491,805,347,396,268,480,0,0,6901,4,0,,,,0.3,4,0.6,0.5,,,,
ChangeDistiller,1571,805,370,401,268,532,0,0,6909,4,0,,,,0.3,4,0.8,0.5,,,,
ChangeDistiller,1586,808,376,407,268,535,0,0,6903,4,0,,,,0.3,4,1.0,0.5,,,,
ChangeDistiller,1295,841,287,336,270,402,0,0,6889,4,0,,,,0.3,6,0.2,0.5,,,,
ChangeDistiller,1353,813,315,364,268,406,0,0,6887,4,0,,,,0.3,6,0.4,0.5,,,,
ChangeDistiller,1471,801,341,390,268,472,0,0,6917,4,0,,,,0.3,6,0.6,0.5,,,,
ChangeDistiller,1504,791,352,372,268,512,0,0,6913,4,0,,,,0.3,6,0.8,0.5,,,,
ChangeDistiller,1513,796,353,374,268,518,0,0,6899,4,0,,,,0.3,6,1.0,0.5,,,,
ChangeDistiller,959,722,175,224,250,310,0,0,4116,4,0,,,,0.5,2,0.2,0.5,,,,
ChangeDistiller,1064,722,217,266,247,334,0,0,4120,4,0,,,,0.5,2,0.4,0.5,,,,
ChangeDistiller,1322,758,297,346,245,434,0,0,4130,4,0,,,,0.5,2,0.6,0.5,,,,
ChangeDistiller,1441,741,338,365,244,494,0,0,4136,4,0,,,,0.5,2,0.8,0.5,,,,
ChangeDistiller,1496,762,352,384,244,516,0,0,4143,4,0,,,,0.5,2,1.0,0.5,,,,
ChangeDistiller,1035,753,203,252,247,333,0,0,4118,4,0,,,,0.5,4,0.2,0.5,,,,
ChangeDistiller,1121,744,236,285,247,353,0,0,4122,4,0,,,,0.5,4,0.4,0.5,,,,
ChangeDistiller,1274,752,278,327,247,422,0,0,4127,4,0,,,,0.5,4,0.6,0.5,,,,
ChangeDistiller,1354,731,304,325,247,478,0,0,4141,4,0,,,,0.5,4,0.8,0.5,,,,
ChangeDistiller,1404,750,317,342,247,498,0,0,4138,4,0,,,,0.5,4,1.0,0.5,,,,
ChangeDistiller,1060,754,213,262,247,338,0,0,4106,4,0,,,,0.5,6,0.2,0.5,,,,
ChangeDistiller,1127,745,238,287,247,355,0,0,4111,4,0,,,,0.5,6,0.4,0.5,,,,
ChangeDistiller,1263,743,275,324,247,417,0,0,4116,4,0,,,,0.5,6,0.6,0.5,,,,
ChangeDistiller,1300,724,290,298,247,465,0,0,4115,4,0,,,,0.5,6,0.8,0.5,,,,
ChangeDistiller,1321,736,292,304,247,478,0,0,4114,4,0,,,,0.5,6,1.0,0.5,,,,
ChangeDistiller,709,503,147,196,141,225,0,0,2914,4,0,,,,0.7,2,0.2,0.5,,,,
ChangeDistiller,791,506,180,229,137,245,0,0,2916,4,0,,,,0.7,2,0.4,0.5,,,,
ChangeDistiller,933,527,223,272,136,302,0,0,2921,4,0,,,,0.7,2,0.6,0.5,,,,
ChangeDistiller,1093,532,273,296,136,388,0,0,2933,4,0,,,,0.7,2,0.8,0.5,,,,
ChangeDistiller,1162,553,288,323,136,415,0,0,2927,4,0,,,,0.7,2,1.0,0.5,,,,
ChangeDistiller,778,532,172,221,137,248,0,0,2923,4,0,,,,0.7,4,0.2,0.5,,,,
ChangeDistiller,823,518,190,239,137,257,0,0,2924,4,0,,,,0.7,4,0.4,0.5,,,,
ChangeDistiller,890,527,209,258,137,286,0,0,2926,4,0,,,,0.7,4,0.6,0.5,,,,
ChangeDistiller,1026,527,250,262,137,377,0,0,2928,4,0,,,,0.7,4,0.8,0.5,,,,
ChangeDistiller,1083,547,262,282,137,402,0,0,2939,4,0,,,,0.7,4,1.0,0.5,,,,
ChangeDistiller,794,536,177,226,137,254,0,0,2922,4,0,,,,0.7,6,0.2,0.5,,,,
ChangeDistiller,823,518,190,239,137,257,0,0,2922,4,0,,,,0.7,6,0.4,0.5,,,,
ChangeDistiller,882,523,207,256,137,282,0,0,2924,4,0,,,,0.7,6,0.6,0.5,,,,
ChangeDistiller,980,523,237,238,137,368,0,0,2927,4,0,,,,0.7,6,0.8,0.5,,,,
ChangeDistiller,1023,543,244,251,137,391,0,0,2928,4,0,,,,0.7,6,1.0,0.5,,,,
ChangeDistiller,63,19,0,49,2,12,0,0,1743,4,0,,,,0.899,2,0.2,0.5,,,,
ChangeDistiller,63,19,0,49,2,12,0,0,1742,4,0,,,,0.899,2,0.4,0.5,,,,
ChangeDistiller,63,19,0,49,2,12,0,0,1744,4,0,,,,0.899,2,0.6,0.5,,,,
ChangeDistiller,88,36,4,53,2,29,0,0,1744,4,0,,,,0.899,2,0.8,0.5,,,,
ChangeDistiller,196,109,20,69,2,105,0,0,1752,4,0,,,,0.899,2,1.0,0.5,,,,
ChangeDistiller,63,19,0,49,2,12,0,0,1744,4,0,,,,0.899,4,0.2,0.5,,,,
ChangeDistiller,63,19,0,49,2,12,0,0,1743,4,0,,,,0.899,4,0.4,0.5,,,,
ChangeDistiller,63,19,0,49,2,12,0,0,1743,4,0,,,,0.899,4,0.6,0.5,,,,
ChangeDistiller,85,35,3,52,2,28,0,0,1744,4,0,,,,0.899,4,0.8,0.5,,,,
ChangeDistiller,183,104,16,65,2,100,0,0,1745,4,0,,,,0.899,4,1.0,0.5,,,,
ChangeDistiller,63,19,0,49,2,12,0,0,1745,4,0,,,,0.899,6,0.2,0.5,,,,
ChangeDistiller,63,19,0,49,2,12,0,0,1745,4,0,,,,0.899,6,0.4,0.5,,,,
ChangeDistiller,63,19,0,49,2,12,0,0,1745,4,0,,,,0.899,6,0.6,0.5,,,,
ChangeDistiller,85,35,3,52,2,28,0,0,1744,4,0,,,,0.899,6,0.8,0.5,,,,
ChangeDistiller,180,103,15,64,2,99,0,0,1750,4,0,,,,0.899,6,1.0,0.5,,,,
ChangeDistiller,1782,1141,436,485,360,501,0,0,9202,4,0,,,,0.1,2,0.2,0.7,,,,
ChangeDistiller,1972,1005,524,573,349,526,0,0,9197,4,0,,,,0.1,2,0.4,0.7,,,,
ChangeDistiller,2066,902,559,608,345,554,0,0,9198,4,0,,,,0.1,2,0.6,0.7,,,,
ChangeDistiller,2091,908,568,617,345,561,0,0,9200,4,0,,,,0.1,2,0.8,0.7,,,,
ChangeDistiller,2091,908,568,617,345,561,0,0,9200,4,0,,,,0.1,2,1.0,0.7,,,,
ChangeDistiller,1926,1125,503,552,348,523,0,0,9201,4,0,,,,0.1,4,0.2,0.7,,,,
ChangeDistiller,2042,1007,553,602,345,542,0,0,9204,4,0,,,,0.1,4,0.4,0.7,,,,
ChangeDistiller,2087,909,566,615,345,561,0,0,9207,4,0,,,,0.1,4,0.6,0.7,,,,
ChangeDistiller,2089,908,567,616,345,561,0,0,9206,4,0,,,,0.1,4,0.8,0.7,,,,
ChangeDistiller,2089,908,567,616,345,561,0,0,9217,4,0,,,,0.1,4,1.0,0.7,,,,
ChangeDistiller,1981,1094,529,578,346,528,0,0,9219,4,0,,,,0.1,6,0.2,0.7,,,,
ChangeDistiller,2062,988,560,609,345,548,0,0,9198,4,0,,,,0.1,6,0.4,0.7,,,,
ChangeDistiller,2089,908,567,616,345,561,0,0,9198,4,0,,,,0.1,6,0.6,0.7,,,,
ChangeDistiller,2089,908,567,616,345,561,0,0,9199,4,0,,,,0.1,6,0.8,0.7,,,,
ChangeDistiller,2089,908,567,616,345,561,0,0,9203,4,0,,,,0.1,6,1.0,0.7,,,,
ChangeDistiller,1277,837,315,364,233,365,0,0,6873,4,0,,,,0.3,2,0.2,0.7,,,,
ChangeDistiller,1451,797,394,443,221,393,0,0,6881,4,0,,,,0.3,2,0.4,0.7,,,,
ChangeDistiller,1663,768,458,507,221,477,0,0,6886,4,0,,,,0.3,2,0.6,0.7,,,,
ChangeDistiller,1759,740,486,535,221,517,0,0,6889,4,0,,,,0.3,2,0.8,0.7,,,,
ChangeDistiller,1768,743,489,538,221,520,0,0,6890,4,0,,,,0.3,2,1.0,0.7,,,,
ChangeDistiller,1451,896,384,433,225,409,0,0,6883,4,0,,,,0.3,4,0.2,0.7,,,,
ChangeDistiller,1582,839,438,487,221,436,0,0,6888,4,0,,,,0.3,4,0.4,0.7,,,,
ChangeDistiller,1691,777,468,517,221,485,0,0,6893,4,0,,,,0.3,4,0.6,0.7,,,,
ChangeDistiller,1752,741,483,531,221,517,0,0,6895,4,0,,,,0.3,4,0.8,0.7,,,,
ChangeDistiller,1758,743,485,533,221,519,0,0,6894,4,0,,,,0.3,4,1.0,0.7,,,,
ChangeDistiller,1529,893,416,465,223,425,0,0,6901,4,0,,,,0.3,6,0.2,0.7,,,,
ChangeDistiller,1621,843,452,501,221,447,0,0,6888,4,0,,,,0.3,6,0.4,0.7,,,,
ChangeDistiller,1701,780,472,521,221,487,0,0,6888,4,0,,,,0.3,6,0.6,0.7,,,,
ChangeDistiller,1732,737,477,523,221,511,0,0,6889,4,0,,,,0.3,6,0.8,0.7,,,,
ChangeDistiller,1732,737,477,523,221,511,0,0,6890,4,0,,,,0.3,6,1.0,0.7,,,,
ChangeDistiller,1067,743,250,299,206,312,0,0,4117,4,0,,,,0.5,2,0.2,0.7,,,,
ChangeDistiller,1197,733,307,356,200,334,0,0,4121,4,0,,,,0.5,2,0.4,0.7,,,,
ChangeDistiller,1475,707,396,445,197,437,0,0,4131,4,0,,,,0.5,2,0.6,0.7,,,,
ChangeDistiller,1575,681,426,472,197,480,0,0,4133,4,0,,,,0.5,2,0.8,0.7,,,,
ChangeDistiller,1590,685,429,478,197,486,0,0,4133,4,0,,,,0.5,2,1.0,0.7,,,,
ChangeDistiller,1240,822,311,360,202,367,0,0,4131,4,0,,,,0.5,4,0.2,0.7,,,,
ChangeDistiller,1379,757,370,419,197,393,0,0,4125,4,0,,,,0.5,4,0.4,0.7,,,,
ChangeDistiller,1502,711,406,455,197,444,0,0,4131,4,0,,,,0.5,4,0.6,0.7,,,,
ChangeDistiller,1570,682,424,469,197,480,0,0,4132,4,0,,,,0.5,4,0.8,0.7,,,,
ChangeDistiller,1580,687,425,472,197,486,0,0,4132,4,0,,,,0.5,4,1.0,0.7,,,,
ChangeDistiller,1301,820,339,388,197,377,0,0,4140,4,0,,,,0.5,6,0.2,0.7,,,,
ChangeDistiller,1440,754,392,441,197,410,0,0,4147,4,0,,,,0.5,6,0.4,0.7,,,,
ChangeDistiller,1519,716,412,461,197,449,0,0,4150,4,0,,,,0.5,6,0.6,0.7,,,,
ChangeDistiller,1547,679,417,459,197,474,0,0,4149,4,0,,,,0.5,6,0.8,0.7,,,,
ChangeDistiller,1557,684,418,462,197,480,0,0,4151,4,0,,,,0.5,6,1.0,0.7,,,,
ChangeDistiller,756,484,203,252,97,204,0,0,2951,4,0,,,,0.7,2,0.2,0.7,,,,
ChangeDistiller,850,474,242,291,92,225,0,0,2947,4,0,,,,0.7,2,0.4,0.7,,,,
ChangeDistiller,1004,465,287,336,92,289,0,0,2951,4,0,,,,0.7,2,0.6,0.7,,,,
ChangeDistiller,1162,467,336,369,92,365,0,0,2955,4,0,,,,0.7,2,0.8,0.7,,,,
ChangeDistiller,1216,479,345,394,92,385,0,0,2957,4,0,,,,0.7,2,1.0,0.7,,,,
ChangeDistiller,892,543,248,297,94,253,0,0,2927,4,0,,,,0.7,4,0.2,0.7,,,,
ChangeDistiller,946,503,273,322,92,259,0,0,2922,4,0,,,,0.7,4,0.4,0.7,,,,
ChangeDistiller,1029,477,295,344,92,298,0,0,2923,4,0,,,,0.7,4,0.6,0.7,,,,
ChangeDistiller,1141,464,328,361,92,360,0,0,2930,4,0,,,,0.7,4,0.8,0.7,,,,
ChangeDistiller,1198,477,339,386,92,381,0,0,2927,4,0,,,,0.7,4,1.0,0.7,,,,
ChangeDistiller,934,549,264,313,92,265,0,0,2921,4,0,,,,0.7,6,0.2,0.7,,,,
ChangeDistiller,976,518,282,331,92,271,0,0,2923,4,0,,,,0.7,6,0.4,0.7,,,,
ChangeDistiller,1050,487,302,351,92,305,0,0,2925,4,0,,,,0.7,6,0.6,0.7,,,,
ChangeDistiller,1129,464,324,355,92,358,0,0,2928,4,0,,,,0.7,6,0.8,0.7,,,,
ChangeDistiller,1175,474,331,376,92,376,0,0,2930,4,0,,,,0.7,6,1.0,0.7,,,,
ChangeDistiller,66,22,1,50,2,13,0,0,1747,4,0,,,,0.899,2,0.2,0.7,,,,
ChangeDistiller,66,22,1,50,2,13,0,0,1741,4,0,,,,0.899,2,0.4,0.7,,,,
ChangeDistiller,66,22,1,50,2,13,0,0,1743,4,0,,,,0.899,2,0.6,0.7,,,,
ChangeDistiller,98,42,7,56,2,33,0,0,1745,4,0,,,,0.899,2,0.8,0.7,,,,
ChangeDistiller,198,109,21,70,2,105,0,0,1745,4,0,,,,0.899,2,1.0,0.7,,,,
ChangeDistiller,70,24,2,51,2,15,0,0,1744,4,0,,,,0.899,4,0.2,0.7,,,,
ChangeDistiller,70,24,2,51,2,15,0,0,1742,4,0,,,,0.899,4,0.4,0.7,,,,
ChangeDistiller,70,24,2,51,2,15,0,0,1745,4,0,,,,0.899,4,0.6,0.7,,,,
ChangeDistiller,95,41,6,55,2,32,0,0,1745,4,0,,,,0.899,4,0.8,0.7,,,,
ChangeDistiller,189,106,18,67,2,102,0,0,1746,4,0,,,,0.899,4,1.0,0.7,,,,
ChangeDistiller,73,25,3,52,2,16,0,0,1762,4,0,,,,0.899,6,0.2,0.7,,,,
ChangeDistiller,73,25,3,52,2,16,0,0,1757,4,0,,,,0.899,6,0.4,0.7,,,,
ChangeDistiller,73,25,3,52,2,16,0,0,1758,4,0,,,,0.899,6,0.6,0.7,,,,
ChangeDistiller,95,41,6,55,2,32,0,0,1756,4,0,,,,0.899,6,0.8,0.7,,,,
ChangeDistiller,189,106,18,67,2,102,0,0,1760,4,0,,,,0.899,6,1.0,0.7,,,,
ChangeDistiller,1782,1141,436,485,360,501,0,0,9194,4,0,,,,0.1,2,0.2,0.899,,,,
ChangeDistiller,1972,1005,524,573,349,526,0,0,9217,4,0,,,,0.1,2,0.4,0.899,,,,
ChangeDistiller,2066,902,559,608,345,554,0,0,9207,4,0,,,,0.1,2,0.6,0.899,,,,
ChangeDistiller,2091,908,568,617,345,561,0,0,9208,4,0,,,,0.1,2,0.8,0.899,,,,
ChangeDistiller,2091,908,568,617,345,561,0,0,9208,4,0,,,,0.1,2,1.0,0.899,,,,
ChangeDistiller,1929,1128,504,553,348,524,0,0,9212,4,0,,,,0.1,4,0.2,0.899,,,,
ChangeDistiller,2045,1010,554,603,345,543,0,0,9191,4,0,,,,0.1,4,0.4,0.899,,,,
ChangeDistiller,2089,909,567,616,345,561,0,0,9197,4,0,,,,0.1,4,0.6,0.899,,,,
ChangeDistiller,2091,908,568,617,345,561,0,0,9198,4,0,,,,0.1,4,0.8,0.899,,,,
ChangeDistiller,2091,908,568,617,345,561,0,0,9196,4,0,,,,0.1,4,1.0,0.899,,,,
ChangeDistiller,1983,1094,530,579,346,528,0,0,9209,4,0,,,,0.1,6,0.2,0.899,,,,
ChangeDistiller,2064,988,561,610,345,548,0,0,9213,4,0,,,,0.1,6,0.4,0.899,,,,
ChangeDistiller,2091,908,568,617,345,561,0,0,9216,4,0,,,,0.1,6,0.6,0.899,,,,
ChangeDistiller,2091,908,568,617,345,561,0,0,9217,4,0,,,,0.1,6,0.8,0.899,,,,
ChangeDistiller,2091,908,568,617,345,561,0,0,9215,4,0,,,,0.1,6,1.0,0.899,,,,
ChangeDistiller,1279,837,316,365,233,365,0,0,6898,4,0,,,,0.3,2,0.2,0.899,,,,
ChangeDistiller,1453,797,395,444,221,393,0,0,6888,4,0,,,,0.3,2,0.4,0.899,,,,
ChangeDistiller,1665,768,459,508,221,477,0,0,6897,4,0,,,,0.3,2,0.6,0.899,,,,
ChangeDistiller,1761,740,487,536,221,517,0,0,6903,4,0,,,,0.3,2,0.8,0.899,,,,
ChangeDistiller,1770,743,490,539,221,520,0,0,6903,4,0,,,,0.3,2,1.0,0.899,,,,
ChangeDistiller,1465,906,389,438,225,413,0,0,6885,4,0,,,,0.3,4,0.2,0.899,,,,
ChangeDistiller,1597,850,443,492,221,441,0,0,6911,4,0,,,,0.3,4,0.4,0.899,,,,
ChangeDistiller,1705,785,473,522,221,489,0,0,6905,4,0,,,,0.3,4,0.6,0.899,,,,
ChangeDistiller,1764,741,488,537,221,518,0,0,6904,4,0,,,,0.3,4,0.8,0.899,,,,
ChangeDistiller,1770,743,490,539,221,520,0,0,6908,4,0,,,,0.3,4,1.0,0.899,,,,
ChangeDistiller,1572,920,429,478,223,442,0,0,6889,4,0,,,,0.3,6,0.2,0.899,,,,
ChangeDistiller,1677,856,467,516,221,473,0,0,6901,4,0,,,,0.3,6,0.4,0.899,,,,
ChangeDistiller,1742,743,488,520,221,513,0,0,6903,4,0,,,,0.3,6,0.6,0.899,,,,
ChangeDistiller,1770,743,490,539,221,520,0,0,6896,4,0,,,,0.3,6,0.8,0.899,,,,
ChangeDistiller,1770,743,490,539,221,520,0,0,6899,4,0,,,,0.3,6,1.0,0.899,,,,
ChangeDistiller,1069,743,251,300,206,312,0,0,4118,4,0,,,,0.5,2,0.2,0.899,,,,
ChangeDistiller,1199,733,308,357,200,334,0,0,4136,4,0,,,,0.5,2,0.4,0.899,,,,
ChangeDistiller,1477,707,397,446,197,437,0,0,4123,4,0,,,,0.5,2,0.6,0.899,,,,
ChangeDistiller,1577,681,427,473,197,480,0,0,4131,4,0,,,,0.5,2,0.8,0.899,,,,
ChangeDistiller,1592,685,430,479,197,486,0,0,4131,4,0,,,,0.5,2,1.0,0.899,,,,
ChangeDistiller,1252,828,316,365,202,369,0,0,4117,4,0,,,,0.5,4,0.2,0.899,,,,
ChangeDistiller,1395,764,375,424,198,398,0,0,4122,4,0,,,,0.5,4,0.4,0.899,,,,
ChangeDistiller,1516,719,411,460,197,448,0,0,4124,4,0,,,,0.5,4,0.6,0.899,,,,
ChangeDistiller,1582,680,429,476,197,480,0,0,4126,4,0,,,,0.5,4,0.8,0.899,,,,
ChangeDistiller,1592,685,430,479,197,486,0,0,4128,4,0,,,,0.5,4,1.0,0.899,,,,
ChangeDistiller,1338,837,351,400,197,390,0,0,4125,4,0,,,,0.5,6,0.2,0.899,,,,
ChangeDistiller,1485,766,405,454,197,429,0,0,4144,4,0,,,,0.5,6,0.4,0.899,,,,
ChangeDistiller,1555,720,425,474,197,459,0,0,4137,4,0,,,,0.5,6,0.6,0.899,,,,
ChangeDistiller,1582,680,429,476,197,480,0,0,4136,4,0,,,,0.5,6,0.8,0.899,,,,
ChangeDistiller,1592,685,430,479,197,486,0,0,4137,4,0,,,,0.5,6,1.0,0.899,,,,
ChangeDistiller,758,485,204,253,97,204,0,0,2930,4,0,,,,0.7,2,0.2,0.899,,,,
ChangeDistiller,852,474,243,292,92,225,0,0,2932,4,0,,,,0.7,2,0.4,0.899,,,,
ChangeDistiller,1006,465,288,337,92,289,0,0,2937,4,0,,,,0.7,2,0.6,0.899,,,,
ChangeDistiller,1164,467,337,370,92,365,0,0,2941,4,0,,,,0.7,2,0.8,0.899,,,,
ChangeDistiller,1218,479,346,395,92,385,0,0,2942,4,0,,,,0.7,2,1.0,0.899,,,,
ChangeDistiller,915,560,255,304,94,262,0,0,2922,4,0,,,,0.7,4,0.2,0.899,,,,
ChangeDistiller,970,521,280,329,92,269,0,0,2924,4,0,,,,0.7,4,0.4,0.899,,,,
ChangeDistiller,1070,494,309,358,92,311,0,0,2927,4,0,,,,0.7,4,0.6,0.899,,,,
ChangeDistiller,1166,469,338,370,92,366,0,0,2929,4,0,,,,0.7,4,0.8,0.899,,,,
ChangeDistiller,1218,479,346,395,92,385,0,0,2931,4,0,,,,0.7,4,1.0,0.899,,,,
ChangeDistiller,980,572,279,328,92,281,0,0,2924,4,0,,,,0.7,6,0.2,0.899,,,,
ChangeDistiller,1022,541,297,346,92,287,0,0,2932,4,0,,,,0.7,6,0.4,0.899,,,,
ChangeDistiller,1111,505,323,372,92,324,0,0,2926,4,0,,,,0.7,6,0.6,0.899,,,,
ChangeDistiller,1176,471,341,374,92,369,0,0,2931,4,0,,,,0.7,6,0.8,0.899,,,,
ChangeDistiller,1218,479,346,395,92,385,0,0,2930,4,0,,,,0.7,6,1.0,0.899,,,,
ChangeDistiller,69,25,2,51,2,14,0,0,1749,4,0,,,,0.899,2,0.2,0.899,,,,
ChangeDistiller,69,25,2,51,2,14,0,0,1750,4,0,,,,0.899,2,0.4,0.899,,,,
ChangeDistiller,69,25,2,51,2,14,0,0,1751,4,0,,,,0.899,2,0.6,0.899,,,,
ChangeDistiller,107,47,10,59,2,36,0,0,1750,4,0,,,,0.899,2,0.8,0.899,,,,
ChangeDistiller,200,109,22,71,2,105,0,0,1753,4,0,,,,0.899,2,1.0,0.899,,,,
ChangeDistiller,83,33,6,55,2,20,0,0,1750,4,0,,,,0.899,4,0.2,0.899,,,,
ChangeDistiller,83,33,6,55,2,20,0,0,1753,4,0,,,,0.899,4,0.4,0.899,,,,
ChangeDistiller,83,33,6,55,2,20,0,0,1743,4,0,,,,0.899,4,0.6,0.899,,,,
ChangeDistiller,107,47,10,59,2,36,0,0,1751,4,0,,,,0.899,4,0.8,0.899,,,,
ChangeDistiller,200,109,22,71,2,105,0,0,1730,4,0,,,,0.899,4,1.0,0.899,,,,
ChangeDistiller,86,34,7,56,2,21,0,0,1669,4,0,,,,0.899,6,0.2,0.899,,,,
ChangeDistiller,86,34,7,56,2,21,0,0,1573,4,0,,,,0.899,6,0.4,0.899,,,,
ChangeDistiller,86,34,7,56,2,21,0,0,1647,4,0,,,,0.899,6,0.6,0.899,,,,
ChangeDistiller,107,47,10,59,2,36,0,0,1580,4,0,,,,0.899,6,0.8,0.899,,,,
ChangeDistiller,200,109,22,71,2,105,0,0,1638,4,0,,,,0.899,6,1.0,0.899,,,,
