MATCHER,NRACTIONS,NRROOTS,NR_INSERT,NR_DELETE,NR_UPDATE,NR_MOVE,NR_TREEINSERT,NR_TREEDELETE,TIME,NROPTIONS,TIMEOUT,GT_BUM_SMT,GT_BUM_SMT_SBUP,GT_BUM_SZT,GT_CD_LSIM,GT_CD_ML,GT_CD_SSIM1,GT_CD_SSIM2,GT_STM_MH,GT_XYM_SIM,GUMTREE_MATCH_GT_MINH,
SimpleGumtree,13,2,12,0,0,1,0,0,12,2,0,,0.1,,,,,,1,,,
SimpleGumtree,13,2,12,0,0,1,0,0,11,2,0,,0.3,,,,,,1,,,
SimpleGumtree,13,2,12,0,0,1,0,0,12,2,0,,0.5,,,,,,1,,,
SimpleGumtree,13,2,12,0,0,1,0,0,11,2,0,,0.7,,,,,,1,,,
SimpleGumtree,13,2,12,0,0,1,0,0,12,2,0,,0.899,,,,,,1,,,
SimpleGumtree,18,2,15,3,0,0,0,0,11,2,0,,0.1,,,,,,2,,,
SimpleGumtree,18,2,15,3,0,0,0,0,11,2,0,,0.3,,,,,,2,,,
SimpleGumtree,18,2,15,3,0,0,0,0,11,2,0,,0.5,,,,,,2,,,
SimpleGumtree,18,2,15,3,0,0,0,0,12,2,0,,0.7,,,,,,2,,,
SimpleGumtree,18,2,15,3,0,0,0,0,11,2,0,,0.899,,,,,,2,,,
SimpleGumtree,70,2,41,29,0,0,0,0,11,2,0,,0.1,,,,,,3,,,
SimpleGumtree,70,2,41,29,0,0,0,0,11,2,0,,0.3,,,,,,3,,,
SimpleGumtree,70,2,41,29,0,0,0,0,11,2,0,,0.5,,,,,,3,,,
SimpleGumtree,70,2,41,29,0,0,0,0,11,2,0,,0.899,,,,,,3,,,
SimpleGumtree,70,2,41,29,0,0,0,0,10,2,0,,0.1,,,,,,4,,,
SimpleGumtree,70,2,41,29,0,0,0,0,11,2,0,,0.3,,,,,,4,,,
SimpleGumtree,70,2,41,29,0,0,0,0,11,2,0,,0.5,,,,,,4,,,
SimpleGumtree,70,2,41,29,0,0,0,0,11,2,0,,0.7,,,,,,4,,,
SimpleGumtree,70,2,41,29,0,0,0,0,11,2,0,,0.899,,,,,,4,,,
SimpleGumtree,70,2,41,29,0,0,0,0,9,2,0,,0.1,,,,,,5,,,
SimpleGumtree,70,2,41,29,0,0,0,0,9,2,0,,0.3,,,,,,5,,,
SimpleGumtree,70,2,41,29,0,0,0,0,9,2,0,,0.5,,,,,,5,,,
SimpleGumtree,70,2,41,29,0,0,0,0,9,2,0,,0.7,,,,,,5,,,
SimpleGumtree,70,2,41,29,0,0,0,0,9,2,0,,0.899,,,,,,5,,,
ClassicGumtree,13,2,12,0,0,1,0,0,8,3,0,0.1,,100,,,,,1,,,
ClassicGumtree,13,2,12,0,0,1,0,0,8,3,0,0.1,,200,,,,,1,,,
ClassicGumtree,13,2,12,0,0,1,0,0,8,3,0,0.1,,300,,,,,1,,,
ClassicGumtree,13,2,12,0,0,1,0,0,8,3,0,0.1,,400,,,,,1,,,
ClassicGumtree,13,2,12,0,0,1,0,0,8,3,0,0.1,,500,,,,,1,,,
ClassicGumtree,13,2,12,0,0,1,0,0,8,3,0,0.1,,600,,,,,1,,,
ClassicGumtree,13,2,12,0,0,1,0,0,8,3,0,0.1,,700,,,,,1,,,
ClassicGumtree,13,2,12,0,0,1,0,0,8,3,0,0.1,,800,,,,,1,,,
ClassicGumtree,13,2,12,0,0,1,0,0,8,3,0,0.1,,900,,,,,1,,,
ClassicGumtree,13,2,12,0,0,1,0,0,9,3,0,0.1,,1000,,,,,1,,,
ClassicGumtree,13,2,12,0,0,1,0,0,8,3,0,0.1,,1100,,,,,1,,,
ClassicGumtree,13,2,12,0,0,1,0,0,8,3,0,0.1,,1200,,,,,1,,,
ClassicGumtree,13,2,12,0,0,1,0,0,9,3,0,0.1,,1300,,,,,1,,,
ClassicGumtree,13,2,12,0,0,1,0,0,9,3,0,0.1,,1400,,,,,1,,,
ClassicGumtree,13,2,12,0,0,1,0,0,9,3,0,0.1,,1500,,,,,1,,,
ClassicGumtree,13,2,12,0,0,1,0,0,9,3,0,0.1,,1600,,,,,1,,,
ClassicGumtree,13,2,12,0,0,1,0,0,9,3,0,0.1,,1700,,,,,1,,,
ClassicGumtree,13,2,12,0,0,1,0,0,9,3,0,0.1,,1800,,,,,1,,,
ClassicGumtree,13,2,12,0,0,1,0,0,9,3,0,0.1,,1900,,,,,1,,,
ClassicGumtree,13,2,12,0,0,1,0,0,8,3,0,0.1,,2000,,,,,1,,,
ClassicGumtree,21,6,16,4,0,1,0,0,9,3,0,0.1,,100,,,,,2,,,
ClassicGumtree,21,6,16,4,0,1,0,0,9,3,0,0.1,,200,,,,,2,,,
ClassicGumtree,21,6,16,4,0,1,0,0,8,3,0,0.1,,300,,,,,2,,,
ClassicGumtree,21,6,16,4,0,1,0,0,8,3,0,0.1,,400,,,,,2,,,
ClassicGumtree,21,6,16,4,0,1,0,0,8,3,0,0.1,,500,,,,,2,,,
ClassicGumtree,21,6,16,4,0,1,0,0,8,3,0,0.1,,600,,,,,2,,,
ClassicGumtree,21,6,16,4,0,1,0,0,8,3,0,0.1,,700,,,,,2,,,
ClassicGumtree,21,6,16,4,0,1,0,0,8,3,0,0.1,,800,,,,,2,,,
ClassicGumtree,21,6,16,4,0,1,0,0,8,3,0,0.1,,900,,,,,2,,,
ClassicGumtree,21,6,16,4,0,1,0,0,9,3,0,0.1,,1000,,,,,2,,,
ClassicGumtree,21,6,16,4,0,1,0,0,8,3,0,0.1,,1100,,,,,2,,,
ClassicGumtree,21,6,16,4,0,1,0,0,8,3,0,0.1,,1200,,,,,2,,,
ClassicGumtree,21,6,16,4,0,1,0,0,8,3,0,0.1,,1300,,,,,2,,,
ClassicGumtree,21,6,16,4,0,1,0,0,8,3,0,0.1,,1400,,,,,2,,,
ClassicGumtree,21,6,16,4,0,1,0,0,8,3,0,0.1,,1500,,,,,2,,,
ClassicGumtree,21,6,16,4,0,1,0,0,8,3,0,0.1,,1600,,,,,2,,,
ClassicGumtree,21,6,16,4,0,1,0,0,8,3,0,0.1,,1700,,,,,2,,,
ClassicGumtree,21,6,16,4,0,1,0,0,9,3,0,0.1,,1800,,,,,2,,,
ClassicGumtree,21,6,16,4,0,1,0,0,9,3,0,0.1,,1900,,,,,2,,,
ClassicGumtree,21,6,16,4,0,1,0,0,8,3,0,0.1,,2000,,,,,2,,,
ClassicGumtree,294,48,153,141,0,0,0,0,7,3,0,0.1,,100,,,,,3,,,
ClassicGumtree,294,48,153,141,0,0,0,0,7,3,0,0.1,,200,,,,,3,,,
ClassicGumtree,294,48,153,141,0,0,0,0,8,3,0,0.1,,300,,,,,3,,,
ClassicGumtree,294,48,153,141,0,0,0,0,8,3,0,0.1,,400,,,,,3,,,
ClassicGumtree,294,48,153,141,0,0,0,0,8,3,0,0.1,,500,,,,,3,,,
ClassicGumtree,294,48,153,141,0,0,0,0,8,3,0,0.1,,600,,,,,3,,,
ClassicGumtree,294,48,153,141,0,0,0,0,8,3,0,0.1,,700,,,,,3,,,
ClassicGumtree,294,48,153,141,0,0,0,0,7,3,0,0.1,,800,,,,,3,,,
ClassicGumtree,294,48,153,141,0,0,0,0,7,3,0,0.1,,900,,,,,3,,,
ClassicGumtree,294,48,153,141,0,0,0,0,8,3,0,0.1,,1000,,,,,3,,,
ClassicGumtree,294,48,153,141,0,0,0,0,7,3,0,0.1,,1100,,,,,3,,,
ClassicGumtree,294,48,153,141,0,0,0,0,8,3,0,0.1,,1200,,,,,3,,,
ClassicGumtree,294,48,153,141,0,0,0,0,7,3,0,0.1,,1300,,,,,3,,,
ClassicGumtree,294,48,153,141,0,0,0,0,7,3,0,0.1,,1400,,,,,3,,,
ClassicGumtree,294,48,153,141,0,0,0,0,7,3,0,0.1,,1500,,,,,3,,,
ClassicGumtree,294,48,153,141,0,0,0,0,7,3,0,0.1,,1600,,,,,3,,,
ClassicGumtree,294,48,153,141,0,0,0,0,7,3,0,0.1,,1700,,,,,3,,,
ClassicGumtree,294,48,153,141,0,0,0,0,7,3,0,0.1,,1800,,,,,3,,,
ClassicGumtree,294,48,153,141,0,0,0,0,7,3,0,0.1,,1900,,,,,3,,,
ClassicGumtree,294,48,153,141,0,0,0,0,7,3,0,0.1,,2000,,,,,3,,,
ClassicGumtree,544,80,278,266,0,0,0,0,8,3,0,0.1,,100,,,,,4,,,
ClassicGumtree,544,80,278,266,0,0,0,0,7,3,0,0.1,,200,,,,,4,,,
ClassicGumtree,544,80,278,266,0,0,0,0,7,3,0,0.1,,300,,,,,4,,,
ClassicGumtree,544,80,278,266,0,0,0,0,7,3,0,0.1,,400,,,,,4,,,
ClassicGumtree,544,80,278,266,0,0,0,0,7,3,0,0.1,,500,,,,,4,,,
ClassicGumtree,544,80,278,266,0,0,0,0,7,3,0,0.1,,600,,,,,4,,,
ClassicGumtree,544,80,278,266,0,0,0,0,7,3,0,0.1,,700,,,,,4,,,
ClassicGumtree,544,80,278,266,0,0,0,0,7,3,0,0.1,,800,,,,,4,,,
ClassicGumtree,544,80,278,266,0,0,0,0,8,3,0,0.1,,900,,,,,4,,,
ClassicGumtree,544,80,278,266,0,0,0,0,7,3,0,0.1,,1000,,,,,4,,,
ClassicGumtree,544,80,278,266,0,0,0,0,7,3,0,0.1,,1100,,,,,4,,,
ClassicGumtree,544,80,278,266,0,0,0,0,7,3,0,0.1,,1200,,,,,4,,,
ClassicGumtree,544,80,278,266,0,0,0,0,7,3,0,0.1,,1300,,,,,4,,,
ClassicGumtree,544,80,278,266,0,0,0,0,7,3,0,0.1,,1400,,,,,4,,,
ClassicGumtree,544,80,278,266,0,0,0,0,7,3,0,0.1,,1500,,,,,4,,,
ClassicGumtree,544,80,278,266,0,0,0,0,7,3,0,0.1,,1600,,,,,4,,,
ClassicGumtree,544,80,278,266,0,0,0,0,7,3,0,0.1,,1700,,,,,4,,,
ClassicGumtree,544,80,278,266,0,0,0,0,8,3,0,0.1,,1800,,,,,4,,,
ClassicGumtree,544,80,278,266,0,0,0,0,7,3,0,0.1,,1900,,,,,4,,,
ClassicGumtree,544,80,278,266,0,0,0,0,7,3,0,0.1,,2000,,,,,4,,,
ClassicGumtree,1004,106,508,496,0,0,0,0,7,3,0,0.1,,100,,,,,5,,,
ClassicGumtree,1004,106,508,496,0,0,0,0,7,3,0,0.1,,200,,,,,5,,,
ClassicGumtree,1004,106,508,496,0,0,0,0,8,3,0,0.1,,300,,,,,5,,,
ClassicGumtree,1004,106,508,496,0,0,0,0,8,3,0,0.1,,400,,,,,5,,,
ClassicGumtree,1004,106,508,496,0,0,0,0,8,3,0,0.1,,500,,,,,5,,,
ClassicGumtree,1004,106,508,496,0,0,0,0,7,3,0,0.1,,600,,,,,5,,,
ClassicGumtree,1004,106,508,496,0,0,0,0,7,3,0,0.1,,700,,,,,5,,,
ClassicGumtree,1004,106,508,496,0,0,0,0,7,3,0,0.1,,800,,,,,5,,,
ClassicGumtree,1004,106,508,496,0,0,0,0,8,3,0,0.1,,900,,,,,5,,,
ClassicGumtree,1004,106,508,496,0,0,0,0,8,3,0,0.1,,1000,,,,,5,,,
ClassicGumtree,1004,106,508,496,0,0,0,0,7,3,0,0.1,,1100,,,,,5,,,
ClassicGumtree,1004,106,508,496,0,0,0,0,8,3,0,0.1,,1200,,,,,5,,,
ClassicGumtree,1004,106,508,496,0,0,0,0,7,3,0,0.1,,1300,,,,,5,,,
ClassicGumtree,1004,106,508,496,0,0,0,0,7,3,0,0.1,,1400,,,,,5,,,
ClassicGumtree,1004,106,508,496,0,0,0,0,7,3,0,0.1,,1500,,,,,5,,,
ClassicGumtree,1004,106,508,496,0,0,0,0,7,3,0,0.1,,1600,,,,,5,,,
ClassicGumtree,1004,106,508,496,0,0,0,0,7,3,0,0.1,,1700,,,,,5,,,
ClassicGumtree,1004,106,508,496,0,0,0,0,7,3,0,0.1,,1800,,,,,5,,,
ClassicGumtree,1004,106,508,496,0,0,0,0,7,3,0,0.1,,1900,,,,,5,,,
ClassicGumtree,1004,106,508,496,0,0,0,0,7,3,0,0.1,,2000,,,,,5,,,
ClassicGumtree,13,2,12,0,0,1,0,0,8,3,0,0.2,,100,,,,,1,,,
ClassicGumtree,13,2,12,0,0,1,0,0,8,3,0,0.2,,200,,,,,1,,,
ClassicGumtree,13,2,12,0,0,1,0,0,8,3,0,0.2,,300,,,,,1,,,
ClassicGumtree,13,2,12,0,0,1,0,0,8,3,0,0.2,,400,,,,,1,,,
ClassicGumtree,13,2,12,0,0,1,0,0,9,3,0,0.2,,500,,,,,1,,,
ClassicGumtree,13,2,12,0,0,1,0,0,9,3,0,0.2,,600,,,,,1,,,
ClassicGumtree,13,2,12,0,0,1,0,0,9,3,0,0.2,,700,,,,,1,,,
ClassicGumtree,13,2,12,0,0,1,0,0,9,3,0,0.2,,800,,,,,1,,,
ClassicGumtree,13,2,12,0,0,1,0,0,8,3,0,0.2,,900,,,,,1,,,
ClassicGumtree,13,2,12,0,0,1,0,0,9,3,0,0.2,,1000,,,,,1,,,
ClassicGumtree,13,2,12,0,0,1,0,0,8,3,0,0.2,,1100,,,,,1,,,
ClassicGumtree,13,2,12,0,0,1,0,0,8,3,0,0.2,,1200,,,,,1,,,
ClassicGumtree,13,2,12,0,0,1,0,0,8,3,0,0.2,,1300,,,,,1,,,
ClassicGumtree,13,2,12,0,0,1,0,0,9,3,0,0.2,,1400,,,,,1,,,
ClassicGumtree,13,2,12,0,0,1,0,0,8,3,0,0.2,,1500,,,,,1,,,
ClassicGumtree,13,2,12,0,0,1,0,0,8,3,0,0.2,,1600,,,,,1,,,
ClassicGumtree,13,2,12,0,0,1,0,0,8,3,0,0.2,,1700,,,,,1,,,
ClassicGumtree,13,2,12,0,0,1,0,0,8,3,0,0.2,,1800,,,,,1,,,
ClassicGumtree,13,2,12,0,0,1,0,0,9,3,0,0.2,,1900,,,,,1,,,
ClassicGumtree,13,2,12,0,0,1,0,0,8,3,0,0.2,,2000,,,,,1,,,
ClassicGumtree,21,6,16,4,0,1,0,0,8,3,0,0.2,,100,,,,,2,,,
ClassicGumtree,21,6,16,4,0,1,0,0,8,3,0,0.2,,200,,,,,2,,,
ClassicGumtree,21,6,16,4,0,1,0,0,9,3,0,0.2,,300,,,,,2,,,
ClassicGumtree,21,6,16,4,0,1,0,0,8,3,0,0.2,,400,,,,,2,,,
ClassicGumtree,21,6,16,4,0,1,0,0,8,3,0,0.2,,500,,,,,2,,,
ClassicGumtree,21,6,16,4,0,1,0,0,8,3,0,0.2,,600,,,,,2,,,
ClassicGumtree,21,6,16,4,0,1,0,0,8,3,0,0.2,,700,,,,,2,,,
ClassicGumtree,21,6,16,4,0,1,0,0,8,3,0,0.2,,800,,,,,2,,,
ClassicGumtree,21,6,16,4,0,1,0,0,8,3,0,0.2,,900,,,,,2,,,
ClassicGumtree,21,6,16,4,0,1,0,0,8,3,0,0.2,,1000,,,,,2,,,
ClassicGumtree,21,6,16,4,0,1,0,0,8,3,0,0.2,,1100,,,,,2,,,
ClassicGumtree,21,6,16,4,0,1,0,0,8,3,0,0.2,,1200,,,,,2,,,
ClassicGumtree,21,6,16,4,0,1,0,0,8,3,0,0.2,,1300,,,,,2,,,
ClassicGumtree,21,6,16,4,0,1,0,0,8,3,0,0.2,,1400,,,,,2,,,
ClassicGumtree,21,6,16,4,0,1,0,0,8,3,0,0.2,,1500,,,,,2,,,
ClassicGumtree,21,6,16,4,0,1,0,0,8,3,0,0.2,,1600,,,,,2,,,
ClassicGumtree,21,6,16,4,0,1,0,0,8,3,0,0.2,,1700,,,,,2,,,
ClassicGumtree,21,6,16,4,0,1,0,0,8,3,0,0.2,,1800,,,,,2,,,
ClassicGumtree,21,6,16,4,0,1,0,0,8,3,0,0.2,,1900,,,,,2,,,
ClassicGumtree,21,6,16,4,0,1,0,0,8,3,0,0.2,,2000,,,,,2,,,
ClassicGumtree,294,48,153,141,0,0,0,0,7,3,0,0.2,,100,,,,,3,,,
ClassicGumtree,294,48,153,141,0,0,0,0,8,3,0,0.2,,200,,,,,3,,,
ClassicGumtree,294,48,153,141,0,0,0,0,7,3,0,0.2,,300,,,,,3,,,
ClassicGumtree,294,48,153,141,0,0,0,0,7,3,0,0.2,,400,,,,,3,,,
ClassicGumtree,294,48,153,141,0,0,0,0,7,3,0,0.2,,500,,,,,3,,,
ClassicGumtree,294,48,153,141,0,0,0,0,7,3,0,0.2,,600,,,,,3,,,
ClassicGumtree,294,48,153,141,0,0,0,0,7,3,0,0.2,,700,,,,,3,,,
ClassicGumtree,294,48,153,141,0,0,0,0,7,3,0,0.2,,800,,,,,3,,,
ClassicGumtree,294,48,153,141,0,0,0,0,7,3,0,0.2,,900,,,,,3,,,
ClassicGumtree,294,48,153,141,0,0,0,0,7,3,0,0.2,,1000,,,,,3,,,
ClassicGumtree,294,48,153,141,0,0,0,0,7,3,0,0.2,,1100,,,,,3,,,
ClassicGumtree,294,48,153,141,0,0,0,0,7,3,0,0.2,,1200,,,,,3,,,
ClassicGumtree,294,48,153,141,0,0,0,0,7,3,0,0.2,,1300,,,,,3,,,
ClassicGumtree,294,48,153,141,0,0,0,0,7,3,0,0.2,,1400,,,,,3,,,
ClassicGumtree,294,48,153,141,0,0,0,0,7,3,0,0.2,,1500,,,,,3,,,
ClassicGumtree,294,48,153,141,0,0,0,0,7,3,0,0.2,,1600,,,,,3,,,
ClassicGumtree,294,48,153,141,0,0,0,0,7,3,0,0.2,,1700,,,,,3,,,
ClassicGumtree,294,48,153,141,0,0,0,0,7,3,0,0.2,,1800,,,,,3,,,
ClassicGumtree,294,48,153,141,0,0,0,0,7,3,0,0.2,,1900,,,,,3,,,
ClassicGumtree,294,48,153,141,0,0,0,0,7,3,0,0.2,,2000,,,,,3,,,
ClassicGumtree,544,80,278,266,0,0,0,0,7,3,0,0.2,,100,,,,,4,,,
ClassicGumtree,544,80,278,266,0,0,0,0,7,3,0,0.2,,200,,,,,4,,,
ClassicGumtree,544,80,278,266,0,0,0,0,7,3,0,0.2,,300,,,,,4,,,
ClassicGumtree,544,80,278,266,0,0,0,0,7,3,0,0.2,,400,,,,,4,,,
ClassicGumtree,544,80,278,266,0,0,0,0,7,3,0,0.2,,500,,,,,4,,,
ClassicGumtree,544,80,278,266,0,0,0,0,7,3,0,0.2,,600,,,,,4,,,
ClassicGumtree,544,80,278,266,0,0,0,0,8,3,0,0.2,,700,,,,,4,,,
ClassicGumtree,544,80,278,266,0,0,0,0,8,3,0,0.2,,800,,,,,4,,,
ClassicGumtree,544,80,278,266,0,0,0,0,8,3,0,0.2,,900,,,,,4,,,
ClassicGumtree,544,80,278,266,0,0,0,0,7,3,0,0.2,,1000,,,,,4,,,
ClassicGumtree,544,80,278,266,0,0,0,0,7,3,0,0.2,,1100,,,,,4,,,
ClassicGumtree,544,80,278,266,0,0,0,0,7,3,0,0.2,,1200,,,,,4,,,
ClassicGumtree,544,80,278,266,0,0,0,0,7,3,0,0.2,,1300,,,,,4,,,
ClassicGumtree,544,80,278,266,0,0,0,0,7,3,0,0.2,,1400,,,,,4,,,
ClassicGumtree,544,80,278,266,0,0,0,0,8,3,0,0.2,,1500,,,,,4,,,
ClassicGumtree,544,80,278,266,0,0,0,0,8,3,0,0.2,,1600,,,,,4,,,
ClassicGumtree,544,80,278,266,0,0,0,0,7,3,0,0.2,,1700,,,,,4,,,
ClassicGumtree,544,80,278,266,0,0,0,0,7,3,0,0.2,,1800,,,,,4,,,
ClassicGumtree,544,80,278,266,0,0,0,0,7,3,0,0.2,,1900,,,,,4,,,
ClassicGumtree,544,80,278,266,0,0,0,0,7,3,0,0.2,,2000,,,,,4,,,
ClassicGumtree,1004,106,508,496,0,0,0,0,8,3,0,0.2,,100,,,,,5,,,
ClassicGumtree,1004,106,508,496,0,0,0,0,8,3,0,0.2,,200,,,,,5,,,
ClassicGumtree,1004,106,508,496,0,0,0,0,8,3,0,0.2,,300,,,,,5,,,
ClassicGumtree,1004,106,508,496,0,0,0,0,7,3,0,0.2,,400,,,,,5,,,
ClassicGumtree,1004,106,508,496,0,0,0,0,7,3,0,0.2,,500,,,,,5,,,
ClassicGumtree,1004,106,508,496,0,0,0,0,7,3,0,0.2,,600,,,,,5,,,
ClassicGumtree,1004,106,508,496,0,0,0,0,7,3,0,0.2,,700,,,,,5,,,
ClassicGumtree,1004,106,508,496,0,0,0,0,7,3,0,0.2,,800,,,,,5,,,
ClassicGumtree,1004,106,508,496,0,0,0,0,7,3,0,0.2,,900,,,,,5,,,
ClassicGumtree,1004,106,508,496,0,0,0,0,8,3,0,0.2,,1000,,,,,5,,,
ClassicGumtree,1004,106,508,496,0,0,0,0,7,3,0,0.2,,1100,,,,,5,,,
ClassicGumtree,1004,106,508,496,0,0,0,0,7,3,0,0.2,,1200,,,,,5,,,
ClassicGumtree,1004,106,508,496,0,0,0,0,7,3,0,0.2,,1300,,,,,5,,,
ClassicGumtree,1004,106,508,496,0,0,0,0,7,3,0,0.2,,1400,,,,,5,,,
ClassicGumtree,1004,106,508,496,0,0,0,0,7,3,0,0.2,,1500,,,,,5,,,
ClassicGumtree,1004,106,508,496,0,0,0,0,7,3,0,0.2,,1600,,,,,5,,,
ClassicGumtree,1004,106,508,496,0,0,0,0,8,3,0,0.2,,1700,,,,,5,,,
ClassicGumtree,1004,106,508,496,0,0,0,0,8,3,0,0.2,,1800,,,,,5,,,
ClassicGumtree,1004,106,508,496,0,0,0,0,8,3,0,0.2,,1900,,,,,5,,,
ClassicGumtree,1004,106,508,496,0,0,0,0,7,3,0,0.2,,2000,,,,,5,,,
ClassicGumtree,13,2,12,0,0,1,0,0,8,3,0,0.3,,100,,,,,1,,,
ClassicGumtree,13,2,12,0,0,1,0,0,8,3,0,0.3,,200,,,,,1,,,
ClassicGumtree,13,2,12,0,0,1,0,0,8,3,0,0.3,,300,,,,,1,,,
ClassicGumtree,13,2,12,0,0,1,0,0,9,3,0,0.3,,400,,,,,1,,,
ClassicGumtree,13,2,12,0,0,1,0,0,9,3,0,0.3,,500,,,,,1,,,
ClassicGumtree,13,2,12,0,0,1,0,0,9,3,0,0.3,,600,,,,,1,,,
ClassicGumtree,13,2,12,0,0,1,0,0,8,3,0,0.3,,700,,,,,1,,,
ClassicGumtree,13,2,12,0,0,1,0,0,8,3,0,0.3,,800,,,,,1,,,
ClassicGumtree,13,2,12,0,0,1,0,0,8,3,0,0.3,,900,,,,,1,,,
ClassicGumtree,13,2,12,0,0,1,0,0,8,3,0,0.3,,1000,,,,,1,,,
ClassicGumtree,13,2,12,0,0,1,0,0,9,3,0,0.3,,1100,,,,,1,,,
ClassicGumtree,13,2,12,0,0,1,0,0,8,3,0,0.3,,1200,,,,,1,,,
ClassicGumtree,13,2,12,0,0,1,0,0,9,3,0,0.3,,1300,,,,,1,,,
ClassicGumtree,13,2,12,0,0,1,0,0,8,3,0,0.3,,1400,,,,,1,,,
ClassicGumtree,13,2,12,0,0,1,0,0,8,3,0,0.3,,1500,,,,,1,,,
ClassicGumtree,13,2,12,0,0,1,0,0,8,3,0,0.3,,1600,,,,,1,,,
ClassicGumtree,13,2,12,0,0,1,0,0,8,3,0,0.3,,1700,,,,,1,,,
ClassicGumtree,13,2,12,0,0,1,0,0,8,3,0,0.3,,1800,,,,,1,,,
ClassicGumtree,13,2,12,0,0,1,0,0,8,3,0,0.3,,1900,,,,,1,,,
ClassicGumtree,13,2,12,0,0,1,0,0,9,3,0,0.3,,2000,,,,,1,,,
ClassicGumtree,21,6,16,4,0,1,0,0,8,3,0,0.3,,100,,,,,2,,,
ClassicGumtree,21,6,16,4,0,1,0,0,8,3,0,0.3,,200,,,,,2,,,
ClassicGumtree,21,6,16,4,0,1,0,0,8,3,0,0.3,,300,,,,,2,,,
ClassicGumtree,21,6,16,4,0,1,0,0,8,3,0,0.3,,400,,,,,2,,,
ClassicGumtree,21,6,16,4,0,1,0,0,8,3,0,0.3,,500,,,,,2,,,
ClassicGumtree,21,6,16,4,0,1,0,0,8,3,0,0.3,,600,,,,,2,,,
ClassicGumtree,21,6,16,4,0,1,0,0,8,3,0,0.3,,700,,,,,2,,,
ClassicGumtree,21,6,16,4,0,1,0,0,8,3,0,0.3,,800,,,,,2,,,
ClassicGumtree,21,6,16,4,0,1,0,0,9,3,0,0.3,,900,,,,,2,,,
ClassicGumtree,21,6,16,4,0,1,0,0,8,3,0,0.3,,1000,,,,,2,,,
ClassicGumtree,21,6,16,4,0,1,0,0,8,3,0,0.3,,1100,,,,,2,,,
ClassicGumtree,21,6,16,4,0,1,0,0,9,3,0,0.3,,1200,,,,,2,,,
ClassicGumtree,21,6,16,4,0,1,0,0,8,3,0,0.3,,1300,,,,,2,,,
ClassicGumtree,21,6,16,4,0,1,0,0,8,3,0,0.3,,1400,,,,,2,,,
ClassicGumtree,21,6,16,4,0,1,0,0,8,3,0,0.3,,1500,,,,,2,,,
ClassicGumtree,21,6,16,4,0,1,0,0,8,3,0,0.3,,1600,,,,,2,,,
ClassicGumtree,21,6,16,4,0,1,0,0,8,3,0,0.3,,1700,,,,,2,,,
ClassicGumtree,21,6,16,4,0,1,0,0,9,3,0,0.3,,1800,,,,,2,,,
ClassicGumtree,21,6,16,4,0,1,0,0,8,3,0,0.3,,1900,,,,,2,,,
ClassicGumtree,21,6,16,4,0,1,0,0,8,3,0,0.3,,2000,,,,,2,,,
ClassicGumtree,294,48,153,141,0,0,0,0,7,3,0,0.3,,100,,,,,3,,,
ClassicGumtree,294,48,153,141,0,0,0,0,7,3,0,0.3,,200,,,,,3,,,
ClassicGumtree,294,48,153,141,0,0,0,0,7,3,0,0.3,,300,,,,,3,,,
ClassicGumtree,294,48,153,141,0,0,0,0,7,3,0,0.3,,400,,,,,3,,,
ClassicGumtree,294,48,153,141,0,0,0,0,7,3,0,0.3,,500,,,,,3,,,
ClassicGumtree,294,48,153,141,0,0,0,0,7,3,0,0.3,,600,,,,,3,,,
ClassicGumtree,294,48,153,141,0,0,0,0,8,3,0,0.3,,700,,,,,3,,,
ClassicGumtree,294,48,153,141,0,0,0,0,7,3,0,0.3,,800,,,,,3,,,
ClassicGumtree,294,48,153,141,0,0,0,0,7,3,0,0.3,,900,,,,,3,,,
ClassicGumtree,294,48,153,141,0,0,0,0,7,3,0,0.3,,1000,,,,,3,,,
ClassicGumtree,294,48,153,141,0,0,0,0,7,3,0,0.3,,1100,,,,,3,,,
ClassicGumtree,294,48,153,141,0,0,0,0,7,3,0,0.3,,1200,,,,,3,,,
ClassicGumtree,294,48,153,141,0,0,0,0,7,3,0,0.3,,1300,,,,,3,,,
ClassicGumtree,294,48,153,141,0,0,0,0,8,3,0,0.3,,1400,,,,,3,,,
ClassicGumtree,294,48,153,141,0,0,0,0,7,3,0,0.3,,1500,,,,,3,,,
ClassicGumtree,294,48,153,141,0,0,0,0,8,3,0,0.3,,1600,,,,,3,,,
ClassicGumtree,294,48,153,141,0,0,0,0,7,3,0,0.3,,1700,,,,,3,,,
ClassicGumtree,294,48,153,141,0,0,0,0,7,3,0,0.3,,1800,,,,,3,,,
ClassicGumtree,294,48,153,141,0,0,0,0,7,3,0,0.3,,1900,,,,,3,,,
ClassicGumtree,294,48,153,141,0,0,0,0,8,3,0,0.3,,2000,,,,,3,,,
ClassicGumtree,544,80,278,266,0,0,0,0,7,3,0,0.3,,100,,,,,4,,,
ClassicGumtree,544,80,278,266,0,0,0,0,7,3,0,0.3,,200,,,,,4,,,
ClassicGumtree,544,80,278,266,0,0,0,0,7,3,0,0.3,,300,,,,,4,,,
ClassicGumtree,544,80,278,266,0,0,0,0,8,3,0,0.3,,400,,,,,4,,,
ClassicGumtree,544,80,278,266,0,0,0,0,7,3,0,0.3,,500,,,,,4,,,
ClassicGumtree,544,80,278,266,0,0,0,0,7,3,0,0.3,,600,,,,,4,,,
ClassicGumtree,544,80,278,266,0,0,0,0,7,3,0,0.3,,700,,,,,4,,,
ClassicGumtree,544,80,278,266,0,0,0,0,7,3,0,0.3,,800,,,,,4,,,
ClassicGumtree,544,80,278,266,0,0,0,0,7,3,0,0.3,,900,,,,,4,,,
ClassicGumtree,544,80,278,266,0,0,0,0,7,3,0,0.3,,1000,,,,,4,,,
ClassicGumtree,544,80,278,266,0,0,0,0,7,3,0,0.3,,1100,,,,,4,,,
ClassicGumtree,544,80,278,266,0,0,0,0,7,3,0,0.3,,1200,,,,,4,,,
ClassicGumtree,544,80,278,266,0,0,0,0,8,3,0,0.3,,1300,,,,,4,,,
ClassicGumtree,544,80,278,266,0,0,0,0,7,3,0,0.3,,1400,,,,,4,,,
ClassicGumtree,544,80,278,266,0,0,0,0,7,3,0,0.3,,1500,,,,,4,,,
ClassicGumtree,544,80,278,266,0,0,0,0,7,3,0,0.3,,1600,,,,,4,,,
ClassicGumtree,544,80,278,266,0,0,0,0,7,3,0,0.3,,1700,,,,,4,,,
ClassicGumtree,544,80,278,266,0,0,0,0,7,3,0,0.3,,1800,,,,,4,,,
ClassicGumtree,544,80,278,266,0,0,0,0,8,3,0,0.3,,1900,,,,,4,,,
ClassicGumtree,544,80,278,266,0,0,0,0,7,3,0,0.3,,2000,,,,,4,,,
ClassicGumtree,1004,106,508,496,0,0,0,0,7,3,0,0.3,,100,,,,,5,,,
ClassicGumtree,1004,106,508,496,0,0,0,0,7,3,0,0.3,,200,,,,,5,,,
ClassicGumtree,1004,106,508,496,0,0,0,0,7,3,0,0.3,,300,,,,,5,,,
ClassicGumtree,1004,106,508,496,0,0,0,0,7,3,0,0.3,,400,,,,,5,,,
ClassicGumtree,1004,106,508,496,0,0,0,0,7,3,0,0.3,,500,,,,,5,,,
ClassicGumtree,1004,106,508,496,0,0,0,0,7,3,0,0.3,,600,,,,,5,,,
ClassicGumtree,1004,106,508,496,0,0,0,0,7,3,0,0.3,,700,,,,,5,,,
ClassicGumtree,1004,106,508,496,0,0,0,0,7,3,0,0.3,,800,,,,,5,,,
ClassicGumtree,1004,106,508,496,0,0,0,0,7,3,0,0.3,,900,,,,,5,,,
ClassicGumtree,1004,106,508,496,0,0,0,0,7,3,0,0.3,,1000,,,,,5,,,
ClassicGumtree,1004,106,508,496,0,0,0,0,8,3,0,0.3,,1100,,,,,5,,,
ClassicGumtree,1004,106,508,496,0,0,0,0,8,3,0,0.3,,1200,,,,,5,,,
ClassicGumtree,1004,106,508,496,0,0,0,0,7,3,0,0.3,,1300,,,,,5,,,
ClassicGumtree,1004,106,508,496,0,0,0,0,7,3,0,0.3,,1400,,,,,5,,,
ClassicGumtree,1004,106,508,496,0,0,0,0,8,3,0,0.3,,1500,,,,,5,,,
ClassicGumtree,1004,106,508,496,0,0,0,0,8,3,0,0.3,,1600,,,,,5,,,
ClassicGumtree,1004,106,508,496,0,0,0,0,8,3,0,0.3,,1700,,,,,5,,,
ClassicGumtree,1004,106,508,496,0,0,0,0,7,3,0,0.3,,1800,,,,,5,,,
ClassicGumtree,1004,106,508,496,0,0,0,0,7,3,0,0.3,,1900,,,,,5,,,
ClassicGumtree,1004,106,508,496,0,0,0,0,8,3,0,0.3,,2000,,,,,5,,,
ClassicGumtree,13,2,12,0,0,1,0,0,8,3,0,0.4,,100,,,,,1,,,
ClassicGumtree,13,2,12,0,0,1,0,0,8,3,0,0.4,,200,,,,,1,,,
ClassicGumtree,13,2,12,0,0,1,0,0,8,3,0,0.4,,300,,,,,1,,,
ClassicGumtree,13,2,12,0,0,1,0,0,9,3,0,0.4,,400,,,,,1,,,
ClassicGumtree,13,2,12,0,0,1,0,0,8,3,0,0.4,,500,,,,,1,,,
ClassicGumtree,13,2,12,0,0,1,0,0,8,3,0,0.4,,600,,,,,1,,,
ClassicGumtree,13,2,12,0,0,1,0,0,8,3,0,0.4,,700,,,,,1,,,
ClassicGumtree,13,2,12,0,0,1,0,0,8,3,0,0.4,,800,,,,,1,,,
ClassicGumtree,13,2,12,0,0,1,0,0,8,3,0,0.4,,900,,,,,1,,,
ClassicGumtree,13,2,12,0,0,1,0,0,8,3,0,0.4,,1000,,,,,1,,,
ClassicGumtree,13,2,12,0,0,1,0,0,8,3,0,0.4,,1100,,,,,1,,,
ClassicGumtree,13,2,12,0,0,1,0,0,8,3,0,0.4,,1200,,,,,1,,,
ClassicGumtree,13,2,12,0,0,1,0,0,9,3,0,0.4,,1300,,,,,1,,,
ClassicGumtree,13,2,12,0,0,1,0,0,8,3,0,0.4,,1400,,,,,1,,,
ClassicGumtree,13,2,12,0,0,1,0,0,8,3,0,0.4,,1500,,,,,1,,,
ClassicGumtree,13,2,12,0,0,1,0,0,8,3,0,0.4,,1600,,,,,1,,,
ClassicGumtree,13,2,12,0,0,1,0,0,8,3,0,0.4,,1700,,,,,1,,,
ClassicGumtree,13,2,12,0,0,1,0,0,8,3,0,0.4,,1800,,,,,1,,,
ClassicGumtree,13,2,12,0,0,1,0,0,8,3,0,0.4,,1900,,,,,1,,,
ClassicGumtree,13,2,12,0,0,1,0,0,8,3,0,0.4,,2000,,,,,1,,,
ClassicGumtree,56,8,33,21,0,2,0,0,7,3,0,0.4,,100,,,,,2,,,
ClassicGumtree,56,8,33,21,0,2,0,0,7,3,0,0.4,,200,,,,,2,,,
ClassicGumtree,56,8,33,21,0,2,0,0,7,3,0,0.4,,300,,,,,2,,,
ClassicGumtree,56,8,33,21,0,2,0,0,7,3,0,0.4,,400,,,,,2,,,
ClassicGumtree,56,8,33,21,0,2,0,0,7,3,0,0.4,,500,,,,,2,,,
ClassicGumtree,56,8,33,21,0,2,0,0,7,3,0,0.4,,600,,,,,2,,,
ClassicGumtree,56,8,33,21,0,2,0,0,7,3,0,0.4,,700,,,,,2,,,
ClassicGumtree,56,8,33,21,0,2,0,0,7,3,0,0.4,,800,,,,,2,,,
ClassicGumtree,56,8,33,21,0,2,0,0,7,3,0,0.4,,900,,,,,2,,,
ClassicGumtree,56,8,33,21,0,2,0,0,8,3,0,0.4,,1000,,,,,2,,,
ClassicGumtree,56,8,33,21,0,2,0,0,7,3,0,0.4,,1100,,,,,2,,,
ClassicGumtree,56,8,33,21,0,2,0,0,7,3,0,0.4,,1200,,,,,2,,,
ClassicGumtree,56,8,33,21,0,2,0,0,7,3,0,0.4,,1300,,,,,2,,,
ClassicGumtree,56,8,33,21,0,2,0,0,7,3,0,0.4,,1400,,,,,2,,,
ClassicGumtree,56,8,33,21,0,2,0,0,7,3,0,0.4,,1500,,,,,2,,,
ClassicGumtree,56,8,33,21,0,2,0,0,8,3,0,0.4,,1600,,,,,2,,,
ClassicGumtree,56,8,33,21,0,2,0,0,7,3,0,0.4,,1700,,,,,2,,,
ClassicGumtree,56,8,33,21,0,2,0,0,7,3,0,0.4,,1800,,,,,2,,,
ClassicGumtree,56,8,33,21,0,2,0,0,7,3,0,0.4,,1900,,,,,2,,,
ClassicGumtree,56,8,33,21,0,2,0,0,7,3,0,0.4,,2000,,,,,2,,,
ClassicGumtree,294,48,153,141,0,0,0,0,7,3,0,0.4,,100,,,,,3,,,
ClassicGumtree,294,48,153,141,0,0,0,0,7,3,0,0.4,,200,,,,,3,,,
ClassicGumtree,294,48,153,141,0,0,0,0,7,3,0,0.4,,300,,,,,3,,,
ClassicGumtree,294,48,153,141,0,0,0,0,7,3,0,0.4,,400,,,,,3,,,
ClassicGumtree,294,48,153,141,0,0,0,0,7,3,0,0.4,,500,,,,,3,,,
ClassicGumtree,294,48,153,141,0,0,0,0,7,3,0,0.4,,600,,,,,3,,,
ClassicGumtree,294,48,153,141,0,0,0,0,7,3,0,0.4,,700,,,,,3,,,
ClassicGumtree,294,48,153,141,0,0,0,0,7,3,0,0.4,,800,,,,,3,,,
ClassicGumtree,294,48,153,141,0,0,0,0,8,3,0,0.4,,900,,,,,3,,,
ClassicGumtree,294,48,153,141,0,0,0,0,7,3,0,0.4,,1000,,,,,3,,,
ClassicGumtree,294,48,153,141,0,0,0,0,7,3,0,0.4,,1100,,,,,3,,,
ClassicGumtree,294,48,153,141,0,0,0,0,7,3,0,0.4,,1200,,,,,3,,,
ClassicGumtree,294,48,153,141,0,0,0,0,7,3,0,0.4,,1300,,,,,3,,,
ClassicGumtree,294,48,153,141,0,0,0,0,7,3,0,0.4,,1400,,,,,3,,,
ClassicGumtree,294,48,153,141,0,0,0,0,7,3,0,0.4,,1500,,,,,3,,,
ClassicGumtree,294,48,153,141,0,0,0,0,7,3,0,0.4,,1600,,,,,3,,,
ClassicGumtree,294,48,153,141,0,0,0,0,7,3,0,0.4,,1700,,,,,3,,,
ClassicGumtree,294,48,153,141,0,0,0,0,7,3,0,0.4,,1800,,,,,3,,,
ClassicGumtree,294,48,153,141,0,0,0,0,7,3,0,0.4,,1900,,,,,3,,,
ClassicGumtree,294,48,153,141,0,0,0,0,7,3,0,0.4,,2000,,,,,3,,,
ClassicGumtree,544,80,278,266,0,0,0,0,7,3,0,0.4,,100,,,,,4,,,
ClassicGumtree,544,80,278,266,0,0,0,0,7,3,0,0.4,,200,,,,,4,,,
ClassicGumtree,544,80,278,266,0,0,0,0,7,3,0,0.4,,300,,,,,4,,,
ClassicGumtree,544,80,278,266,0,0,0,0,7,3,0,0.4,,400,,,,,4,,,
ClassicGumtree,544,80,278,266,0,0,0,0,7,3,0,0.4,,500,,,,,4,,,
ClassicGumtree,544,80,278,266,0,0,0,0,7,3,0,0.4,,600,,,,,4,,,
ClassicGumtree,544,80,278,266,0,0,0,0,7,3,0,0.4,,700,,,,,4,,,
ClassicGumtree,544,80,278,266,0,0,0,0,7,3,0,0.4,,800,,,,,4,,,
ClassicGumtree,544,80,278,266,0,0,0,0,7,3,0,0.4,,900,,,,,4,,,
ClassicGumtree,544,80,278,266,0,0,0,0,7,3,0,0.4,,1000,,,,,4,,,
ClassicGumtree,544,80,278,266,0,0,0,0,7,3,0,0.4,,1100,,,,,4,,,
ClassicGumtree,544,80,278,266,0,0,0,0,7,3,0,0.4,,1200,,,,,4,,,
ClassicGumtree,544,80,278,266,0,0,0,0,7,3,0,0.4,,1300,,,,,4,,,
ClassicGumtree,544,80,278,266,0,0,0,0,7,3,0,0.4,,1400,,,,,4,,,
ClassicGumtree,544,80,278,266,0,0,0,0,7,3,0,0.4,,1500,,,,,4,,,
ClassicGumtree,544,80,278,266,0,0,0,0,7,3,0,0.4,,1600,,,,,4,,,
ClassicGumtree,544,80,278,266,0,0,0,0,7,3,0,0.4,,1700,,,,,4,,,
ClassicGumtree,544,80,278,266,0,0,0,0,7,3,0,0.4,,1800,,,,,4,,,
ClassicGumtree,544,80,278,266,0,0,0,0,7,3,0,0.4,,1900,,,,,4,,,
ClassicGumtree,544,80,278,266,0,0,0,0,8,3,0,0.4,,2000,,,,,4,,,
ClassicGumtree,1004,106,508,496,0,0,0,0,7,3,0,0.4,,100,,,,,5,,,
ClassicGumtree,1004,106,508,496,0,0,0,0,7,3,0,0.4,,200,,,,,5,,,
ClassicGumtree,1004,106,508,496,0,0,0,0,7,3,0,0.4,,300,,,,,5,,,
ClassicGumtree,1004,106,508,496,0,0,0,0,8,3,0,0.4,,400,,,,,5,,,
ClassicGumtree,1004,106,508,496,0,0,0,0,7,3,0,0.4,,500,,,,,5,,,
ClassicGumtree,1004,106,508,496,0,0,0,0,7,3,0,0.4,,600,,,,,5,,,
ClassicGumtree,1004,106,508,496,0,0,0,0,7,3,0,0.4,,700,,,,,5,,,
ClassicGumtree,1004,106,508,496,0,0,0,0,8,3,0,0.4,,800,,,,,5,,,
ClassicGumtree,1004,106,508,496,0,0,0,0,8,3,0,0.4,,900,,,,,5,,,
ClassicGumtree,1004,106,508,496,0,0,0,0,7,3,0,0.4,,1000,,,,,5,,,
ClassicGumtree,1004,106,508,496,0,0,0,0,8,3,0,0.4,,1100,,,,,5,,,
ClassicGumtree,1004,106,508,496,0,0,0,0,7,3,0,0.4,,1200,,,,,5,,,
ClassicGumtree,1004,106,508,496,0,0,0,0,7,3,0,0.4,,1300,,,,,5,,,
ClassicGumtree,1004,106,508,496,0,0,0,0,7,3,0,0.4,,1400,,,,,5,,,
ClassicGumtree,1004,106,508,496,0,0,0,0,8,3,0,0.4,,1500,,,,,5,,,
ClassicGumtree,1004,106,508,496,0,0,0,0,8,3,0,0.4,,1600,,,,,5,,,
ClassicGumtree,1004,106,508,496,0,0,0,0,8,3,0,0.4,,1700,,,,,5,,,
ClassicGumtree,1004,106,508,496,0,0,0,0,7,3,0,0.4,,1800,,,,,5,,,
ClassicGumtree,1004,106,508,496,0,0,0,0,7,3,0,0.4,,1900,,,,,5,,,
ClassicGumtree,1004,106,508,496,0,0,0,0,8,3,0,0.4,,2000,,,,,5,,,
ClassicGumtree,13,2,12,0,0,1,0,0,8,3,0,0.5,,100,,,,,1,,,
ClassicGumtree,13,2,12,0,0,1,0,0,8,3,0,0.5,,200,,,,,1,,,
ClassicGumtree,13,2,12,0,0,1,0,0,8,3,0,0.5,,300,,,,,1,,,
ClassicGumtree,13,2,12,0,0,1,0,0,9,3,0,0.5,,400,,,,,1,,,
ClassicGumtree,13,2,12,0,0,1,0,0,8,3,0,0.5,,500,,,,,1,,,
ClassicGumtree,13,2,12,0,0,1,0,0,8,3,0,0.5,,600,,,,,1,,,
ClassicGumtree,13,2,12,0,0,1,0,0,8,3,0,0.5,,700,,,,,1,,,
ClassicGumtree,13,2,12,0,0,1,0,0,8,3,0,0.5,,800,,,,,1,,,
ClassicGumtree,13,2,12,0,0,1,0,0,9,3,0,0.5,,900,,,,,1,,,
ClassicGumtree,13,2,12,0,0,1,0,0,8,3,0,0.5,,1000,,,,,1,,,
ClassicGumtree,13,2,12,0,0,1,0,0,8,3,0,0.5,,1100,,,,,1,,,
ClassicGumtree,13,2,12,0,0,1,0,0,9,3,0,0.5,,1200,,,,,1,,,
ClassicGumtree,13,2,12,0,0,1,0,0,8,3,0,0.5,,1300,,,,,1,,,
ClassicGumtree,13,2,12,0,0,1,0,0,8,3,0,0.5,,1400,,,,,1,,,
ClassicGumtree,13,2,12,0,0,1,0,0,8,3,0,0.5,,1500,,,,,1,,,
ClassicGumtree,13,2,12,0,0,1,0,0,8,3,0,0.5,,1600,,,,,1,,,
ClassicGumtree,13,2,12,0,0,1,0,0,8,3,0,0.5,,1700,,,,,1,,,
ClassicGumtree,13,2,12,0,0,1,0,0,8,3,0,0.5,,1800,,,,,1,,,
ClassicGumtree,13,2,12,0,0,1,0,0,8,3,0,0.5,,1900,,,,,1,,,
ClassicGumtree,13,2,12,0,0,1,0,0,8,3,0,0.5,,2000,,,,,1,,,
ClassicGumtree,56,8,33,21,0,2,0,0,7,3,0,0.5,,100,,,,,2,,,
ClassicGumtree,56,8,33,21,0,2,0,0,7,3,0,0.5,,200,,,,,2,,,
ClassicGumtree,56,8,33,21,0,2,0,0,7,3,0,0.5,,300,,,,,2,,,
ClassicGumtree,56,8,33,21,0,2,0,0,7,3,0,0.5,,400,,,,,2,,,
ClassicGumtree,56,8,33,21,0,2,0,0,7,3,0,0.5,,500,,,,,2,,,
ClassicGumtree,56,8,33,21,0,2,0,0,7,3,0,0.5,,600,,,,,2,,,
ClassicGumtree,56,8,33,21,0,2,0,0,7,3,0,0.5,,700,,,,,2,,,
ClassicGumtree,56,8,33,21,0,2,0,0,8,3,0,0.5,,800,,,,,2,,,
ClassicGumtree,56,8,33,21,0,2,0,0,7,3,0,0.5,,900,,,,,2,,,
ClassicGumtree,56,8,33,21,0,2,0,0,8,3,0,0.5,,1000,,,,,2,,,
ClassicGumtree,56,8,33,21,0,2,0,0,7,3,0,0.5,,1100,,,,,2,,,
ClassicGumtree,56,8,33,21,0,2,0,0,7,3,0,0.5,,1200,,,,,2,,,
ClassicGumtree,56,8,33,21,0,2,0,0,7,3,0,0.5,,1300,,,,,2,,,
ClassicGumtree,56,8,33,21,0,2,0,0,7,3,0,0.5,,1400,,,,,2,,,
ClassicGumtree,56,8,33,21,0,2,0,0,7,3,0,0.5,,1500,,,,,2,,,
ClassicGumtree,56,8,33,21,0,2,0,0,7,3,0,0.5,,1600,,,,,2,,,
ClassicGumtree,56,8,33,21,0,2,0,0,7,3,0,0.5,,1700,,,,,2,,,
ClassicGumtree,56,8,33,21,0,2,0,0,7,3,0,0.5,,1800,,,,,2,,,
ClassicGumtree,56,8,33,21,0,2,0,0,7,3,0,0.5,,1900,,,,,2,,,
ClassicGumtree,56,8,33,21,0,2,0,0,7,3,0,0.5,,2000,,,,,2,,,
ClassicGumtree,294,48,153,141,0,0,0,0,7,3,0,0.5,,100,,,,,3,,,
ClassicGumtree,294,48,153,141,0,0,0,0,7,3,0,0.5,,200,,,,,3,,,
ClassicGumtree,294,48,153,141,0,0,0,0,8,3,0,0.5,,300,,,,,3,,,
ClassicGumtree,294,48,153,141,0,0,0,0,7,3,0,0.5,,400,,,,,3,,,
ClassicGumtree,294,48,153,141,0,0,0,0,7,3,0,0.5,,500,,,,,3,,,
ClassicGumtree,294,48,153,141,0,0,0,0,7,3,0,0.5,,600,,,,,3,,,
ClassicGumtree,294,48,153,141,0,0,0,0,8,3,0,0.5,,700,,,,,3,,,
ClassicGumtree,294,48,153,141,0,0,0,0,7,3,0,0.5,,800,,,,,3,,,
ClassicGumtree,294,48,153,141,0,0,0,0,8,3,0,0.5,,900,,,,,3,,,
ClassicGumtree,294,48,153,141,0,0,0,0,7,3,0,0.5,,1000,,,,,3,,,
ClassicGumtree,294,48,153,141,0,0,0,0,7,3,0,0.5,,1100,,,,,3,,,
ClassicGumtree,294,48,153,141,0,0,0,0,7,3,0,0.5,,1200,,,,,3,,,
ClassicGumtree,294,48,153,141,0,0,0,0,7,3,0,0.5,,1300,,,,,3,,,
ClassicGumtree,294,48,153,141,0,0,0,0,7,3,0,0.5,,1400,,,,,3,,,
ClassicGumtree,294,48,153,141,0,0,0,0,8,3,0,0.5,,1500,,,,,3,,,
ClassicGumtree,294,48,153,141,0,0,0,0,8,3,0,0.5,,1600,,,,,3,,,
ClassicGumtree,294,48,153,141,0,0,0,0,7,3,0,0.5,,1700,,,,,3,,,
ClassicGumtree,294,48,153,141,0,0,0,0,7,3,0,0.5,,1800,,,,,3,,,
ClassicGumtree,294,48,153,141,0,0,0,0,7,3,0,0.5,,1900,,,,,3,,,
ClassicGumtree,294,48,153,141,0,0,0,0,7,3,0,0.5,,2000,,,,,3,,,
ClassicGumtree,544,80,278,266,0,0,0,0,8,3,0,0.5,,100,,,,,4,,,
ClassicGumtree,544,80,278,266,0,0,0,0,7,3,0,0.5,,200,,,,,4,,,
ClassicGumtree,544,80,278,266,0,0,0,0,7,3,0,0.5,,300,,,,,4,,,
ClassicGumtree,544,80,278,266,0,0,0,0,7,3,0,0.5,,400,,,,,4,,,
ClassicGumtree,544,80,278,266,0,0,0,0,7,3,0,0.5,,500,,,,,4,,,
ClassicGumtree,544,80,278,266,0,0,0,0,7,3,0,0.5,,600,,,,,4,,,
ClassicGumtree,544,80,278,266,0,0,0,0,7,3,0,0.5,,700,,,,,4,,,
ClassicGumtree,544,80,278,266,0,0,0,0,7,3,0,0.5,,800,,,,,4,,,
ClassicGumtree,544,80,278,266,0,0,0,0,7,3,0,0.5,,900,,,,,4,,,
ClassicGumtree,544,80,278,266,0,0,0,0,7,3,0,0.5,,1000,,,,,4,,,
ClassicGumtree,544,80,278,266,0,0,0,0,7,3,0,0.5,,1100,,,,,4,,,
ClassicGumtree,544,80,278,266,0,0,0,0,7,3,0,0.5,,1200,,,,,4,,,
ClassicGumtree,544,80,278,266,0,0,0,0,7,3,0,0.5,,1300,,,,,4,,,
ClassicGumtree,544,80,278,266,0,0,0,0,7,3,0,0.5,,1400,,,,,4,,,
ClassicGumtree,544,80,278,266,0,0,0,0,7,3,0,0.5,,1500,,,,,4,,,
ClassicGumtree,544,80,278,266,0,0,0,0,7,3,0,0.5,,1600,,,,,4,,,
ClassicGumtree,544,80,278,266,0,0,0,0,7,3,0,0.5,,1700,,,,,4,,,
ClassicGumtree,544,80,278,266,0,0,0,0,8,3,0,0.5,,1800,,,,,4,,,
ClassicGumtree,544,80,278,266,0,0,0,0,7,3,0,0.5,,1900,,,,,4,,,
ClassicGumtree,544,80,278,266,0,0,0,0,8,3,0,0.5,,2000,,,,,4,,,
ClassicGumtree,1004,106,508,496,0,0,0,0,8,3,0,0.5,,100,,,,,5,,,
ClassicGumtree,1004,106,508,496,0,0,0,0,7,3,0,0.5,,200,,,,,5,,,
ClassicGumtree,1004,106,508,496,0,0,0,0,8,3,0,0.5,,300,,,,,5,,,
ClassicGumtree,1004,106,508,496,0,0,0,0,7,3,0,0.5,,400,,,,,5,,,
ClassicGumtree,1004,106,508,496,0,0,0,0,8,3,0,0.5,,500,,,,,5,,,
ClassicGumtree,1004,106,508,496,0,0,0,0,8,3,0,0.5,,600,,,,,5,,,
ClassicGumtree,1004,106,508,496,0,0,0,0,8,3,0,0.5,,700,,,,,5,,,
ClassicGumtree,1004,106,508,496,0,0,0,0,7,3,0,0.5,,800,,,,,5,,,
ClassicGumtree,1004,106,508,496,0,0,0,0,8,3,0,0.5,,900,,,,,5,,,
ClassicGumtree,1004,106,508,496,0,0,0,0,7,3,0,0.5,,1000,,,,,5,,,
ClassicGumtree,1004,106,508,496,0,0,0,0,7,3,0,0.5,,1100,,,,,5,,,
ClassicGumtree,1004,106,508,496,0,0,0,0,8,3,0,0.5,,1200,,,,,5,,,
ClassicGumtree,1004,106,508,496,0,0,0,0,8,3,0,0.5,,1300,,,,,5,,,
ClassicGumtree,1004,106,508,496,0,0,0,0,8,3,0,0.5,,1400,,,,,5,,,
ClassicGumtree,1004,106,508,496,0,0,0,0,7,3,0,0.5,,1500,,,,,5,,,
ClassicGumtree,1004,106,508,496,0,0,0,0,7,3,0,0.5,,1600,,,,,5,,,
ClassicGumtree,1004,106,508,496,0,0,0,0,8,3,0,0.5,,1700,,,,,5,,,
ClassicGumtree,1004,106,508,496,0,0,0,0,8,3,0,0.5,,1800,,,,,5,,,
ClassicGumtree,1004,106,508,496,0,0,0,0,7,3,0,0.5,,1900,,,,,5,,,
ClassicGumtree,1004,106,508,496,0,0,0,0,8,3,0,0.5,,2000,,,,,5,,,
ClassicGumtree,13,2,12,0,0,1,0,0,9,3,0,0.6,,100,,,,,1,,,
ClassicGumtree,13,2,12,0,0,1,0,0,8,3,0,0.6,,200,,,,,1,,,
ClassicGumtree,13,2,12,0,0,1,0,0,8,3,0,0.6,,300,,,,,1,,,
ClassicGumtree,13,2,12,0,0,1,0,0,8,3,0,0.6,,400,,,,,1,,,
ClassicGumtree,13,2,12,0,0,1,0,0,8,3,0,0.6,,500,,,,,1,,,
ClassicGumtree,13,2,12,0,0,1,0,0,9,3,0,0.6,,600,,,,,1,,,
ClassicGumtree,13,2,12,0,0,1,0,0,8,3,0,0.6,,700,,,,,1,,,
ClassicGumtree,13,2,12,0,0,1,0,0,8,3,0,0.6,,800,,,,,1,,,
ClassicGumtree,13,2,12,0,0,1,0,0,9,3,0,0.6,,900,,,,,1,,,
ClassicGumtree,13,2,12,0,0,1,0,0,8,3,0,0.6,,1000,,,,,1,,,
ClassicGumtree,13,2,12,0,0,1,0,0,8,3,0,0.6,,1100,,,,,1,,,
ClassicGumtree,13,2,12,0,0,1,0,0,8,3,0,0.6,,1200,,,,,1,,,
ClassicGumtree,13,2,12,0,0,1,0,0,8,3,0,0.6,,1300,,,,,1,,,
ClassicGumtree,13,2,12,0,0,1,0,0,8,3,0,0.6,,1400,,,,,1,,,
ClassicGumtree,13,2,12,0,0,1,0,0,9,3,0,0.6,,1500,,,,,1,,,
ClassicGumtree,13,2,12,0,0,1,0,0,8,3,0,0.6,,1600,,,,,1,,,
ClassicGumtree,13,2,12,0,0,1,0,0,8,3,0,0.6,,1700,,,,,1,,,
ClassicGumtree,13,2,12,0,0,1,0,0,8,3,0,0.6,,1800,,,,,1,,,
ClassicGumtree,13,2,12,0,0,1,0,0,8,3,0,0.6,,1900,,,,,1,,,
ClassicGumtree,13,2,12,0,0,1,0,0,8,3,0,0.6,,2000,,,,,1,,,
ClassicGumtree,56,8,33,21,0,2,0,0,7,3,0,0.6,,100,,,,,2,,,
ClassicGumtree,56,8,33,21,0,2,0,0,7,3,0,0.6,,200,,,,,2,,,
ClassicGumtree,56,8,33,21,0,2,0,0,7,3,0,0.6,,300,,,,,2,,,
ClassicGumtree,56,8,33,21,0,2,0,0,7,3,0,0.6,,400,,,,,2,,,
ClassicGumtree,56,8,33,21,0,2,0,0,7,3,0,0.6,,500,,,,,2,,,
ClassicGumtree,56,8,33,21,0,2,0,0,7,3,0,0.6,,600,,,,,2,,,
ClassicGumtree,56,8,33,21,0,2,0,0,7,3,0,0.6,,700,,,,,2,,,
ClassicGumtree,56,8,33,21,0,2,0,0,7,3,0,0.6,,800,,,,,2,,,
ClassicGumtree,56,8,33,21,0,2,0,0,7,3,0,0.6,,900,,,,,2,,,
ClassicGumtree,56,8,33,21,0,2,0,0,7,3,0,0.6,,1000,,,,,2,,,
ClassicGumtree,56,8,33,21,0,2,0,0,7,3,0,0.6,,1100,,,,,2,,,
ClassicGumtree,56,8,33,21,0,2,0,0,7,3,0,0.6,,1200,,,,,2,,,
ClassicGumtree,56,8,33,21,0,2,0,0,7,3,0,0.6,,1300,,,,,2,,,
ClassicGumtree,56,8,33,21,0,2,0,0,7,3,0,0.6,,1400,,,,,2,,,
ClassicGumtree,56,8,33,21,0,2,0,0,7,3,0,0.6,,1500,,,,,2,,,
ClassicGumtree,56,8,33,21,0,2,0,0,7,3,0,0.6,,1600,,,,,2,,,
ClassicGumtree,56,8,33,21,0,2,0,0,7,3,0,0.6,,1700,,,,,2,,,
ClassicGumtree,56,8,33,21,0,2,0,0,7,3,0,0.6,,1800,,,,,2,,,
ClassicGumtree,56,8,33,21,0,2,0,0,7,3,0,0.6,,1900,,,,,2,,,
ClassicGumtree,56,8,33,21,0,2,0,0,7,3,0,0.6,,2000,,,,,2,,,
ClassicGumtree,294,48,153,141,0,0,0,0,8,3,0,0.6,,100,,,,,3,,,
ClassicGumtree,294,48,153,141,0,0,0,0,7,3,0,0.6,,200,,,,,3,,,
ClassicGumtree,294,48,153,141,0,0,0,0,7,3,0,0.6,,300,,,,,3,,,
ClassicGumtree,294,48,153,141,0,0,0,0,8,3,0,0.6,,400,,,,,3,,,
ClassicGumtree,294,48,153,141,0,0,0,0,7,3,0,0.6,,500,,,,,3,,,
ClassicGumtree,294,48,153,141,0,0,0,0,7,3,0,0.6,,600,,,,,3,,,
ClassicGumtree,294,48,153,141,0,0,0,0,7,3,0,0.6,,700,,,,,3,,,
ClassicGumtree,294,48,153,141,0,0,0,0,7,3,0,0.6,,800,,,,,3,,,
ClassicGumtree,294,48,153,141,0,0,0,0,7,3,0,0.6,,900,,,,,3,,,
ClassicGumtree,294,48,153,141,0,0,0,0,8,3,0,0.6,,1000,,,,,3,,,
ClassicGumtree,294,48,153,141,0,0,0,0,7,3,0,0.6,,1100,,,,,3,,,
ClassicGumtree,294,48,153,141,0,0,0,0,7,3,0,0.6,,1200,,,,,3,,,
ClassicGumtree,294,48,153,141,0,0,0,0,7,3,0,0.6,,1300,,,,,3,,,
ClassicGumtree,294,48,153,141,0,0,0,0,7,3,0,0.6,,1400,,,,,3,,,
ClassicGumtree,294,48,153,141,0,0,0,0,7,3,0,0.6,,1500,,,,,3,,,
ClassicGumtree,294,48,153,141,0,0,0,0,7,3,0,0.6,,1600,,,,,3,,,
ClassicGumtree,294,48,153,141,0,0,0,0,7,3,0,0.6,,1700,,,,,3,,,
ClassicGumtree,294,48,153,141,0,0,0,0,8,3,0,0.6,,1800,,,,,3,,,
ClassicGumtree,294,48,153,141,0,0,0,0,7,3,0,0.6,,1900,,,,,3,,,
ClassicGumtree,294,48,153,141,0,0,0,0,7,3,0,0.6,,2000,,,,,3,,,
ClassicGumtree,544,80,278,266,0,0,0,0,7,3,0,0.6,,100,,,,,4,,,
ClassicGumtree,544,80,278,266,0,0,0,0,7,3,0,0.6,,200,,,,,4,,,
ClassicGumtree,544,80,278,266,0,0,0,0,7,3,0,0.6,,300,,,,,4,,,
ClassicGumtree,544,80,278,266,0,0,0,0,7,3,0,0.6,,400,,,,,4,,,
ClassicGumtree,544,80,278,266,0,0,0,0,7,3,0,0.6,,500,,,,,4,,,
ClassicGumtree,544,80,278,266,0,0,0,0,7,3,0,0.6,,600,,,,,4,,,
ClassicGumtree,544,80,278,266,0,0,0,0,7,3,0,0.6,,700,,,,,4,,,
ClassicGumtree,544,80,278,266,0,0,0,0,7,3,0,0.6,,800,,,,,4,,,
ClassicGumtree,544,80,278,266,0,0,0,0,7,3,0,0.6,,900,,,,,4,,,
ClassicGumtree,544,80,278,266,0,0,0,0,7,3,0,0.6,,1000,,,,,4,,,
ClassicGumtree,544,80,278,266,0,0,0,0,7,3,0,0.6,,1100,,,,,4,,,
ClassicGumtree,544,80,278,266,0,0,0,0,7,3,0,0.6,,1200,,,,,4,,,
ClassicGumtree,544,80,278,266,0,0,0,0,8,3,0,0.6,,1300,,,,,4,,,
ClassicGumtree,544,80,278,266,0,0,0,0,7,3,0,0.6,,1400,,,,,4,,,
ClassicGumtree,544,80,278,266,0,0,0,0,7,3,0,0.6,,1500,,,,,4,,,
ClassicGumtree,544,80,278,266,0,0,0,0,8,3,0,0.6,,1600,,,,,4,,,
ClassicGumtree,544,80,278,266,0,0,0,0,7,3,0,0.6,,1700,,,,,4,,,
ClassicGumtree,544,80,278,266,0,0,0,0,7,3,0,0.6,,1800,,,,,4,,,
ClassicGumtree,544,80,278,266,0,0,0,0,7,3,0,0.6,,1900,,,,,4,,,
ClassicGumtree,544,80,278,266,0,0,0,0,7,3,0,0.6,,2000,,,,,4,,,
ClassicGumtree,1004,106,508,496,0,0,0,0,8,3,0,0.6,,100,,,,,5,,,
ClassicGumtree,1004,106,508,496,0,0,0,0,8,3,0,0.6,,200,,,,,5,,,
ClassicGumtree,1004,106,508,496,0,0,0,0,7,3,0,0.6,,300,,,,,5,,,
ClassicGumtree,1004,106,508,496,0,0,0,0,7,3,0,0.6,,400,,,,,5,,,
ClassicGumtree,1004,106,508,496,0,0,0,0,8,3,0,0.6,,500,,,,,5,,,
ClassicGumtree,1004,106,508,496,0,0,0,0,7,3,0,0.6,,600,,,,,5,,,
ClassicGumtree,1004,106,508,496,0,0,0,0,7,3,0,0.6,,700,,,,,5,,,
ClassicGumtree,1004,106,508,496,0,0,0,0,7,3,0,0.6,,800,,,,,5,,,
ClassicGumtree,1004,106,508,496,0,0,0,0,7,3,0,0.6,,900,,,,,5,,,
ClassicGumtree,1004,106,508,496,0,0,0,0,7,3,0,0.6,,1000,,,,,5,,,
ClassicGumtree,1004,106,508,496,0,0,0,0,7,3,0,0.6,,1100,,,,,5,,,
ClassicGumtree,1004,106,508,496,0,0,0,0,7,3,0,0.6,,1200,,,,,5,,,
ClassicGumtree,1004,106,508,496,0,0,0,0,7,3,0,0.6,,1300,,,,,5,,,
ClassicGumtree,1004,106,508,496,0,0,0,0,8,3,0,0.6,,1400,,,,,5,,,
ClassicGumtree,1004,106,508,496,0,0,0,0,7,3,0,0.6,,1500,,,,,5,,,
ClassicGumtree,1004,106,508,496,0,0,0,0,7,3,0,0.6,,1600,,,,,5,,,
ClassicGumtree,1004,106,508,496,0,0,0,0,7,3,0,0.6,,1700,,,,,5,,,
ClassicGumtree,1004,106,508,496,0,0,0,0,8,3,0,0.6,,1800,,,,,5,,,
ClassicGumtree,1004,106,508,496,0,0,0,0,7,3,0,0.6,,1900,,,,,5,,,
ClassicGumtree,1004,106,508,496,0,0,0,0,7,3,0,0.6,,2000,,,,,5,,,
ClassicGumtree,13,2,12,0,0,1,0,0,8,3,0,0.7,,100,,,,,1,,,
ClassicGumtree,13,2,12,0,0,1,0,0,9,3,0,0.7,,200,,,,,1,,,
ClassicGumtree,13,2,12,0,0,1,0,0,9,3,0,0.7,,300,,,,,1,,,
ClassicGumtree,13,2,12,0,0,1,0,0,8,3,0,0.7,,400,,,,,1,,,
ClassicGumtree,13,2,12,0,0,1,0,0,8,3,0,0.7,,500,,,,,1,,,
ClassicGumtree,13,2,12,0,0,1,0,0,8,3,0,0.7,,600,,,,,1,,,
ClassicGumtree,13,2,12,0,0,1,0,0,9,3,0,0.7,,700,,,,,1,,,
ClassicGumtree,13,2,12,0,0,1,0,0,8,3,0,0.7,,800,,,,,1,,,
ClassicGumtree,13,2,12,0,0,1,0,0,8,3,0,0.7,,900,,,,,1,,,
ClassicGumtree,13,2,12,0,0,1,0,0,8,3,0,0.7,,1000,,,,,1,,,
ClassicGumtree,13,2,12,0,0,1,0,0,8,3,0,0.7,,1100,,,,,1,,,
ClassicGumtree,13,2,12,0,0,1,0,0,8,3,0,0.7,,1200,,,,,1,,,
ClassicGumtree,13,2,12,0,0,1,0,0,8,3,0,0.7,,1300,,,,,1,,,
ClassicGumtree,13,2,12,0,0,1,0,0,8,3,0,0.7,,1400,,,,,1,,,
ClassicGumtree,13,2,12,0,0,1,0,0,8,3,0,0.7,,1500,,,,,1,,,
ClassicGumtree,13,2,12,0,0,1,0,0,8,3,0,0.7,,1600,,,,,1,,,
ClassicGumtree,13,2,12,0,0,1,0,0,8,3,0,0.7,,1700,,,,,1,,,
ClassicGumtree,13,2,12,0,0,1,0,0,8,3,0,0.7,,1800,,,,,1,,,
ClassicGumtree,13,2,12,0,0,1,0,0,9,3,0,0.7,,1900,,,,,1,,,
ClassicGumtree,13,2,12,0,0,1,0,0,8,3,0,0.7,,2000,,,,,1,,,
ClassicGumtree,56,8,33,21,0,2,0,0,7,3,0,0.7,,100,,,,,2,,,
ClassicGumtree,56,8,33,21,0,2,0,0,7,3,0,0.7,,200,,,,,2,,,
ClassicGumtree,56,8,33,21,0,2,0,0,7,3,0,0.7,,300,,,,,2,,,
ClassicGumtree,56,8,33,21,0,2,0,0,7,3,0,0.7,,400,,,,,2,,,
ClassicGumtree,56,8,33,21,0,2,0,0,7,3,0,0.7,,500,,,,,2,,,
ClassicGumtree,56,8,33,21,0,2,0,0,8,3,0,0.7,,600,,,,,2,,,
ClassicGumtree,56,8,33,21,0,2,0,0,7,3,0,0.7,,700,,,,,2,,,
ClassicGumtree,56,8,33,21,0,2,0,0,7,3,0,0.7,,800,,,,,2,,,
ClassicGumtree,56,8,33,21,0,2,0,0,7,3,0,0.7,,900,,,,,2,,,
ClassicGumtree,56,8,33,21,0,2,0,0,7,3,0,0.7,,1000,,,,,2,,,
ClassicGumtree,56,8,33,21,0,2,0,0,7,3,0,0.7,,1100,,,,,2,,,
ClassicGumtree,56,8,33,21,0,2,0,0,7,3,0,0.7,,1200,,,,,2,,,
ClassicGumtree,56,8,33,21,0,2,0,0,7,3,0,0.7,,1300,,,,,2,,,
ClassicGumtree,56,8,33,21,0,2,0,0,7,3,0,0.7,,1400,,,,,2,,,
ClassicGumtree,56,8,33,21,0,2,0,0,7,3,0,0.7,,1500,,,,,2,,,
ClassicGumtree,56,8,33,21,0,2,0,0,7,3,0,0.7,,1600,,,,,2,,,
ClassicGumtree,56,8,33,21,0,2,0,0,7,3,0,0.7,,1700,,,,,2,,,
ClassicGumtree,56,8,33,21,0,2,0,0,7,3,0,0.7,,1800,,,,,2,,,
ClassicGumtree,56,8,33,21,0,2,0,0,6,3,0,0.7,,1900,,,,,2,,,
ClassicGumtree,56,8,33,21,0,2,0,0,7,3,0,0.7,,2000,,,,,2,,,
ClassicGumtree,294,48,153,141,0,0,0,0,7,3,0,0.7,,100,,,,,3,,,
ClassicGumtree,294,48,153,141,0,0,0,0,7,3,0,0.7,,200,,,,,3,,,
ClassicGumtree,294,48,153,141,0,0,0,0,7,3,0,0.7,,300,,,,,3,,,
ClassicGumtree,294,48,153,141,0,0,0,0,7,3,0,0.7,,400,,,,,3,,,
ClassicGumtree,294,48,153,141,0,0,0,0,8,3,0,0.7,,500,,,,,3,,,
ClassicGumtree,294,48,153,141,0,0,0,0,7,3,0,0.7,,600,,,,,3,,,
ClassicGumtree,294,48,153,141,0,0,0,0,7,3,0,0.7,,700,,,,,3,,,
ClassicGumtree,294,48,153,141,0,0,0,0,7,3,0,0.7,,800,,,,,3,,,
ClassicGumtree,294,48,153,141,0,0,0,0,7,3,0,0.7,,900,,,,,3,,,
ClassicGumtree,294,48,153,141,0,0,0,0,7,3,0,0.7,,1000,,,,,3,,,
ClassicGumtree,294,48,153,141,0,0,0,0,8,3,0,0.7,,1100,,,,,3,,,
ClassicGumtree,294,48,153,141,0,0,0,0,8,3,0,0.7,,1200,,,,,3,,,
ClassicGumtree,294,48,153,141,0,0,0,0,7,3,0,0.7,,1300,,,,,3,,,
ClassicGumtree,294,48,153,141,0,0,0,0,7,3,0,0.7,,1400,,,,,3,,,
ClassicGumtree,294,48,153,141,0,0,0,0,7,3,0,0.7,,1500,,,,,3,,,
ClassicGumtree,294,48,153,141,0,0,0,0,7,3,0,0.7,,1600,,,,,3,,,
ClassicGumtree,294,48,153,141,0,0,0,0,7,3,0,0.7,,1700,,,,,3,,,
ClassicGumtree,294,48,153,141,0,0,0,0,7,3,0,0.7,,1800,,,,,3,,,
ClassicGumtree,294,48,153,141,0,0,0,0,7,3,0,0.7,,1900,,,,,3,,,
ClassicGumtree,294,48,153,141,0,0,0,0,7,3,0,0.7,,2000,,,,,3,,,
ClassicGumtree,544,80,278,266,0,0,0,0,7,3,0,0.7,,100,,,,,4,,,
ClassicGumtree,544,80,278,266,0,0,0,0,7,3,0,0.7,,200,,,,,4,,,
ClassicGumtree,544,80,278,266,0,0,0,0,7,3,0,0.7,,300,,,,,4,,,
ClassicGumtree,544,80,278,266,0,0,0,0,8,3,0,0.7,,400,,,,,4,,,
ClassicGumtree,544,80,278,266,0,0,0,0,7,3,0,0.7,,500,,,,,4,,,
ClassicGumtree,544,80,278,266,0,0,0,0,7,3,0,0.7,,600,,,,,4,,,
ClassicGumtree,544,80,278,266,0,0,0,0,7,3,0,0.7,,700,,,,,4,,,
ClassicGumtree,544,80,278,266,0,0,0,0,8,3,0,0.7,,800,,,,,4,,,
ClassicGumtree,544,80,278,266,0,0,0,0,8,3,0,0.7,,900,,,,,4,,,
ClassicGumtree,544,80,278,266,0,0,0,0,7,3,0,0.7,,1000,,,,,4,,,
ClassicGumtree,544,80,278,266,0,0,0,0,7,3,0,0.7,,1100,,,,,4,,,
ClassicGumtree,544,80,278,266,0,0,0,0,7,3,0,0.7,,1200,,,,,4,,,
ClassicGumtree,544,80,278,266,0,0,0,0,7,3,0,0.7,,1300,,,,,4,,,
ClassicGumtree,544,80,278,266,0,0,0,0,7,3,0,0.7,,1400,,,,,4,,,
ClassicGumtree,544,80,278,266,0,0,0,0,7,3,0,0.7,,1500,,,,,4,,,
ClassicGumtree,544,80,278,266,0,0,0,0,7,3,0,0.7,,1600,,,,,4,,,
ClassicGumtree,544,80,278,266,0,0,0,0,7,3,0,0.7,,1700,,,,,4,,,
ClassicGumtree,544,80,278,266,0,0,0,0,7,3,0,0.7,,1800,,,,,4,,,
ClassicGumtree,544,80,278,266,0,0,0,0,7,3,0,0.7,,1900,,,,,4,,,
ClassicGumtree,544,80,278,266,0,0,0,0,7,3,0,0.7,,2000,,,,,4,,,
ClassicGumtree,1004,106,508,496,0,0,0,0,7,3,0,0.7,,100,,,,,5,,,
ClassicGumtree,1004,106,508,496,0,0,0,0,8,3,0,0.7,,200,,,,,5,,,
ClassicGumtree,1004,106,508,496,0,0,0,0,8,3,0,0.7,,300,,,,,5,,,
ClassicGumtree,1004,106,508,496,0,0,0,0,7,3,0,0.7,,400,,,,,5,,,
ClassicGumtree,1004,106,508,496,0,0,0,0,7,3,0,0.7,,500,,,,,5,,,
ClassicGumtree,1004,106,508,496,0,0,0,0,8,3,0,0.7,,600,,,,,5,,,
ClassicGumtree,1004,106,508,496,0,0,0,0,8,3,0,0.7,,700,,,,,5,,,
ClassicGumtree,1004,106,508,496,0,0,0,0,7,3,0,0.7,,800,,,,,5,,,
ClassicGumtree,1004,106,508,496,0,0,0,0,7,3,0,0.7,,900,,,,,5,,,
ClassicGumtree,1004,106,508,496,0,0,0,0,8,3,0,0.7,,1000,,,,,5,,,
ClassicGumtree,1004,106,508,496,0,0,0,0,8,3,0,0.7,,1100,,,,,5,,,
ClassicGumtree,1004,106,508,496,0,0,0,0,7,3,0,0.7,,1200,,,,,5,,,
ClassicGumtree,1004,106,508,496,0,0,0,0,7,3,0,0.7,,1300,,,,,5,,,
ClassicGumtree,1004,106,508,496,0,0,0,0,7,3,0,0.7,,1400,,,,,5,,,
ClassicGumtree,1004,106,508,496,0,0,0,0,8,3,0,0.7,,1500,,,,,5,,,
ClassicGumtree,1004,106,508,496,0,0,0,0,7,3,0,0.7,,1600,,,,,5,,,
ClassicGumtree,1004,106,508,496,0,0,0,0,7,3,0,0.7,,1700,,,,,5,,,
ClassicGumtree,1004,106,508,496,0,0,0,0,8,3,0,0.7,,1800,,,,,5,,,
ClassicGumtree,1004,106,508,496,0,0,0,0,7,3,0,0.7,,1900,,,,,5,,,
ClassicGumtree,1004,106,508,496,0,0,0,0,7,3,0,0.7,,2000,,,,,5,,,
ClassicGumtree,28,10,16,4,0,8,0,0,7,3,0,0.799,,100,,,,,1,,,
ClassicGumtree,28,10,16,4,0,8,0,0,7,3,0,0.799,,200,,,,,1,,,
ClassicGumtree,28,10,16,4,0,8,0,0,7,3,0,0.799,,300,,,,,1,,,
ClassicGumtree,28,10,16,4,0,8,0,0,8,3,0,0.799,,400,,,,,1,,,
ClassicGumtree,28,10,16,4,0,8,0,0,7,3,0,0.799,,500,,,,,1,,,
ClassicGumtree,28,10,16,4,0,8,0,0,7,3,0,0.799,,600,,,,,1,,,
ClassicGumtree,28,10,16,4,0,8,0,0,7,3,0,0.799,,700,,,,,1,,,
ClassicGumtree,28,10,16,4,0,8,0,0,7,3,0,0.799,,800,,,,,1,,,
ClassicGumtree,28,10,16,4,0,8,0,0,7,3,0,0.799,,900,,,,,1,,,
ClassicGumtree,28,10,16,4,0,8,0,0,8,3,0,0.799,,1000,,,,,1,,,
ClassicGumtree,28,10,16,4,0,8,0,0,7,3,0,0.799,,1100,,,,,1,,,
ClassicGumtree,28,10,16,4,0,8,0,0,8,3,0,0.799,,1200,,,,,1,,,
ClassicGumtree,28,10,16,4,0,8,0,0,8,3,0,0.799,,1300,,,,,1,,,
ClassicGumtree,28,10,16,4,0,8,0,0,7,3,0,0.799,,1400,,,,,1,,,
ClassicGumtree,28,10,16,4,0,8,0,0,7,3,0,0.799,,1500,,,,,1,,,
ClassicGumtree,28,10,16,4,0,8,0,0,7,3,0,0.799,,1600,,,,,1,,,
ClassicGumtree,28,10,16,4,0,8,0,0,8,3,0,0.799,,1700,,,,,1,,,
ClassicGumtree,28,10,16,4,0,8,0,0,7,3,0,0.799,,1800,,,,,1,,,
ClassicGumtree,28,10,16,4,0,8,0,0,7,3,0,0.799,,1900,,,,,1,,,
ClassicGumtree,28,10,16,4,0,8,0,0,7,3,0,0.799,,2000,,,,,1,,,
ClassicGumtree,56,8,33,21,0,2,0,0,7,3,0,0.799,,100,,,,,2,,,
ClassicGumtree,56,8,33,21,0,2,0,0,7,3,0,0.799,,200,,,,,2,,,
ClassicGumtree,56,8,33,21,0,2,0,0,7,3,0,0.799,,300,,,,,2,,,
ClassicGumtree,56,8,33,21,0,2,0,0,7,3,0,0.799,,400,,,,,2,,,
ClassicGumtree,56,8,33,21,0,2,0,0,7,3,0,0.799,,500,,,,,2,,,
ClassicGumtree,56,8,33,21,0,2,0,0,7,3,0,0.799,,600,,,,,2,,,
ClassicGumtree,56,8,33,21,0,2,0,0,7,3,0,0.799,,700,,,,,2,,,
ClassicGumtree,56,8,33,21,0,2,0,0,7,3,0,0.799,,800,,,,,2,,,
ClassicGumtree,56,8,33,21,0,2,0,0,7,3,0,0.799,,900,,,,,2,,,
ClassicGumtree,56,8,33,21,0,2,0,0,7,3,0,0.799,,1000,,,,,2,,,
ClassicGumtree,56,8,33,21,0,2,0,0,7,3,0,0.799,,1100,,,,,2,,,
ClassicGumtree,56,8,33,21,0,2,0,0,7,3,0,0.799,,1200,,,,,2,,,
ClassicGumtree,56,8,33,21,0,2,0,0,7,3,0,0.799,,1300,,,,,2,,,
ClassicGumtree,56,8,33,21,0,2,0,0,7,3,0,0.799,,1400,,,,,2,,,
ClassicGumtree,56,8,33,21,0,2,0,0,7,3,0,0.799,,1500,,,,,2,,,
ClassicGumtree,56,8,33,21,0,2,0,0,7,3,0,0.799,,1600,,,,,2,,,
ClassicGumtree,56,8,33,21,0,2,0,0,7,3,0,0.799,,1700,,,,,2,,,
ClassicGumtree,56,8,33,21,0,2,0,0,7,3,0,0.799,,1800,,,,,2,,,
ClassicGumtree,56,8,33,21,0,2,0,0,7,3,0,0.799,,1900,,,,,2,,,
ClassicGumtree,56,8,33,21,0,2,0,0,7,3,0,0.799,,2000,,,,,2,,,
ClassicGumtree,294,48,153,141,0,0,0,0,7,3,0,0.799,,100,,,,,3,,,
ClassicGumtree,294,48,153,141,0,0,0,0,7,3,0,0.799,,200,,,,,3,,,
ClassicGumtree,294,48,153,141,0,0,0,0,7,3,0,0.799,,300,,,,,3,,,
ClassicGumtree,294,48,153,141,0,0,0,0,7,3,0,0.799,,400,,,,,3,,,
ClassicGumtree,294,48,153,141,0,0,0,0,8,3,0,0.799,,500,,,,,3,,,
ClassicGumtree,294,48,153,141,0,0,0,0,8,3,0,0.799,,600,,,,,3,,,
ClassicGumtree,294,48,153,141,0,0,0,0,7,3,0,0.799,,700,,,,,3,,,
ClassicGumtree,294,48,153,141,0,0,0,0,7,3,0,0.799,,800,,,,,3,,,
ClassicGumtree,294,48,153,141,0,0,0,0,7,3,0,0.799,,900,,,,,3,,,
ClassicGumtree,294,48,153,141,0,0,0,0,7,3,0,0.799,,1000,,,,,3,,,
ClassicGumtree,294,48,153,141,0,0,0,0,7,3,0,0.799,,1100,,,,,3,,,
ClassicGumtree,294,48,153,141,0,0,0,0,7,3,0,0.799,,1200,,,,,3,,,
ClassicGumtree,294,48,153,141,0,0,0,0,7,3,0,0.799,,1300,,,,,3,,,
ClassicGumtree,294,48,153,141,0,0,0,0,7,3,0,0.799,,1400,,,,,3,,,
ClassicGumtree,294,48,153,141,0,0,0,0,7,3,0,0.799,,1500,,,,,3,,,
ClassicGumtree,294,48,153,141,0,0,0,0,7,3,0,0.799,,1600,,,,,3,,,
ClassicGumtree,294,48,153,141,0,0,0,0,7,3,0,0.799,,1700,,,,,3,,,
ClassicGumtree,294,48,153,141,0,0,0,0,7,3,0,0.799,,1800,,,,,3,,,
ClassicGumtree,294,48,153,141,0,0,0,0,7,3,0,0.799,,1900,,,,,3,,,
ClassicGumtree,294,48,153,141,0,0,0,0,8,3,0,0.799,,2000,,,,,3,,,
ClassicGumtree,544,80,278,266,0,0,0,0,8,3,0,0.799,,100,,,,,4,,,
ClassicGumtree,544,80,278,266,0,0,0,0,7,3,0,0.799,,200,,,,,4,,,
ClassicGumtree,544,80,278,266,0,0,0,0,7,3,0,0.799,,300,,,,,4,,,
ClassicGumtree,544,80,278,266,0,0,0,0,8,3,0,0.799,,400,,,,,4,,,
ClassicGumtree,544,80,278,266,0,0,0,0,7,3,0,0.799,,500,,,,,4,,,
ClassicGumtree,544,80,278,266,0,0,0,0,7,3,0,0.799,,600,,,,,4,,,
ClassicGumtree,544,80,278,266,0,0,0,0,7,3,0,0.799,,700,,,,,4,,,
ClassicGumtree,544,80,278,266,0,0,0,0,7,3,0,0.799,,800,,,,,4,,,
ClassicGumtree,544,80,278,266,0,0,0,0,7,3,0,0.799,,900,,,,,4,,,
ClassicGumtree,544,80,278,266,0,0,0,0,7,3,0,0.799,,1000,,,,,4,,,
ClassicGumtree,544,80,278,266,0,0,0,0,7,3,0,0.799,,1100,,,,,4,,,
ClassicGumtree,544,80,278,266,0,0,0,0,7,3,0,0.799,,1200,,,,,4,,,
ClassicGumtree,544,80,278,266,0,0,0,0,7,3,0,0.799,,1300,,,,,4,,,
ClassicGumtree,544,80,278,266,0,0,0,0,7,3,0,0.799,,1400,,,,,4,,,
ClassicGumtree,544,80,278,266,0,0,0,0,7,3,0,0.799,,1500,,,,,4,,,
ClassicGumtree,544,80,278,266,0,0,0,0,7,3,0,0.799,,1600,,,,,4,,,
ClassicGumtree,544,80,278,266,0,0,0,0,8,3,0,0.799,,1700,,,,,4,,,
ClassicGumtree,544,80,278,266,0,0,0,0,7,3,0,0.799,,1800,,,,,4,,,
ClassicGumtree,544,80,278,266,0,0,0,0,7,3,0,0.799,,1900,,,,,4,,,
ClassicGumtree,544,80,278,266,0,0,0,0,7,3,0,0.799,,2000,,,,,4,,,
ClassicGumtree,1004,106,508,496,0,0,0,0,7,3,0,0.799,,100,,,,,5,,,
ClassicGumtree,1004,106,508,496,0,0,0,0,7,3,0,0.799,,200,,,,,5,,,
ClassicGumtree,1004,106,508,496,0,0,0,0,8,3,0,0.799,,300,,,,,5,,,
ClassicGumtree,1004,106,508,496,0,0,0,0,7,3,0,0.799,,400,,,,,5,,,
ClassicGumtree,1004,106,508,496,0,0,0,0,8,3,0,0.799,,500,,,,,5,,,
ClassicGumtree,1004,106,508,496,0,0,0,0,8,3,0,0.799,,600,,,,,5,,,
ClassicGumtree,1004,106,508,496,0,0,0,0,8,3,0,0.799,,700,,,,,5,,,
ClassicGumtree,1004,106,508,496,0,0,0,0,7,3,0,0.799,,800,,,,,5,,,
ClassicGumtree,1004,106,508,496,0,0,0,0,7,3,0,0.799,,900,,,,,5,,,
ClassicGumtree,1004,106,508,496,0,0,0,0,7,3,0,0.799,,1000,,,,,5,,,
ClassicGumtree,1004,106,508,496,0,0,0,0,8,3,0,0.799,,1100,,,,,5,,,
ClassicGumtree,1004,106,508,496,0,0,0,0,7,3,0,0.799,,1200,,,,,5,,,
ClassicGumtree,1004,106,508,496,0,0,0,0,7,3,0,0.799,,1300,,,,,5,,,
ClassicGumtree,1004,106,508,496,0,0,0,0,8,3,0,0.799,,1400,,,,,5,,,
ClassicGumtree,1004,106,508,496,0,0,0,0,7,3,0,0.799,,1500,,,,,5,,,
ClassicGumtree,1004,106,508,496,0,0,0,0,7,3,0,0.799,,1600,,,,,5,,,
ClassicGumtree,1004,106,508,496,0,0,0,0,7,3,0,0.799,,1700,,,,,5,,,
ClassicGumtree,1004,106,508,496,0,0,0,0,8,3,0,0.799,,1800,,,,,5,,,
ClassicGumtree,1004,106,508,496,0,0,0,0,8,3,0,0.799,,1900,,,,,5,,,
ClassicGumtree,1004,106,508,496,0,0,0,0,8,3,0,0.799,,2000,,,,,5,,,
ClassicGumtree,28,10,16,4,0,8,0,0,7,3,0,0.899,,100,,,,,1,,,
ClassicGumtree,28,10,16,4,0,8,0,0,7,3,0,0.899,,200,,,,,1,,,
ClassicGumtree,28,10,16,4,0,8,0,0,7,3,0,0.899,,300,,,,,1,,,
ClassicGumtree,28,10,16,4,0,8,0,0,7,3,0,0.899,,400,,,,,1,,,
ClassicGumtree,28,10,16,4,0,8,0,0,7,3,0,0.899,,500,,,,,1,,,
ClassicGumtree,28,10,16,4,0,8,0,0,7,3,0,0.899,,600,,,,,1,,,
ClassicGumtree,28,10,16,4,0,8,0,0,7,3,0,0.899,,700,,,,,1,,,
ClassicGumtree,28,10,16,4,0,8,0,0,7,3,0,0.899,,800,,,,,1,,,
ClassicGumtree,28,10,16,4,0,8,0,0,7,3,0,0.899,,900,,,,,1,,,
ClassicGumtree,28,10,16,4,0,8,0,0,7,3,0,0.899,,1000,,,,,1,,,
ClassicGumtree,28,10,16,4,0,8,0,0,7,3,0,0.899,,1100,,,,,1,,,
ClassicGumtree,28,10,16,4,0,8,0,0,7,3,0,0.899,,1200,,,,,1,,,
ClassicGumtree,28,10,16,4,0,8,0,0,7,3,0,0.899,,1300,,,,,1,,,
ClassicGumtree,28,10,16,4,0,8,0,0,7,3,0,0.899,,1400,,,,,1,,,
ClassicGumtree,28,10,16,4,0,8,0,0,7,3,0,0.899,,1500,,,,,1,,,
ClassicGumtree,28,10,16,4,0,8,0,0,7,3,0,0.899,,1600,,,,,1,,,
ClassicGumtree,28,10,16,4,0,8,0,0,7,3,0,0.899,,1700,,,,,1,,,
ClassicGumtree,28,10,16,4,0,8,0,0,7,3,0,0.899,,1800,,,,,1,,,
ClassicGumtree,28,10,16,4,0,8,0,0,7,3,0,0.899,,1900,,,,,1,,,
ClassicGumtree,28,10,16,4,0,8,0,0,7,3,0,0.899,,2000,,,,,1,,,
ClassicGumtree,56,8,33,21,0,2,0,0,7,3,0,0.899,,100,,,,,2,,,
ClassicGumtree,56,8,33,21,0,2,0,0,7,3,0,0.899,,200,,,,,2,,,
ClassicGumtree,56,8,33,21,0,2,0,0,8,3,0,0.899,,300,,,,,2,,,
ClassicGumtree,56,8,33,21,0,2,0,0,7,3,0,0.899,,400,,,,,2,,,
ClassicGumtree,56,8,33,21,0,2,0,0,7,3,0,0.899,,500,,,,,2,,,
ClassicGumtree,56,8,33,21,0,2,0,0,7,3,0,0.899,,600,,,,,2,,,
ClassicGumtree,56,8,33,21,0,2,0,0,8,3,0,0.899,,700,,,,,2,,,
ClassicGumtree,56,8,33,21,0,2,0,0,7,3,0,0.899,,800,,,,,2,,,
ClassicGumtree,56,8,33,21,0,2,0,0,7,3,0,0.899,,900,,,,,2,,,
ClassicGumtree,56,8,33,21,0,2,0,0,7,3,0,0.899,,1000,,,,,2,,,
ClassicGumtree,56,8,33,21,0,2,0,0,7,3,0,0.899,,1100,,,,,2,,,
ClassicGumtree,56,8,33,21,0,2,0,0,7,3,0,0.899,,1200,,,,,2,,,
ClassicGumtree,56,8,33,21,0,2,0,0,7,3,0,0.899,,1300,,,,,2,,,
ClassicGumtree,56,8,33,21,0,2,0,0,7,3,0,0.899,,1400,,,,,2,,,
ClassicGumtree,56,8,33,21,0,2,0,0,7,3,0,0.899,,1500,,,,,2,,,
ClassicGumtree,56,8,33,21,0,2,0,0,7,3,0,0.899,,1600,,,,,2,,,
ClassicGumtree,56,8,33,21,0,2,0,0,7,3,0,0.899,,1700,,,,,2,,,
ClassicGumtree,56,8,33,21,0,2,0,0,7,3,0,0.899,,1800,,,,,2,,,
ClassicGumtree,56,8,33,21,0,2,0,0,7,3,0,0.899,,1900,,,,,2,,,
ClassicGumtree,56,8,33,21,0,2,0,0,7,3,0,0.899,,2000,,,,,2,,,
ClassicGumtree,294,48,153,141,0,0,0,0,8,3,0,0.899,,100,,,,,3,,,
ClassicGumtree,294,48,153,141,0,0,0,0,7,3,0,0.899,,200,,,,,3,,,
ClassicGumtree,294,48,153,141,0,0,0,0,7,3,0,0.899,,300,,,,,3,,,
ClassicGumtree,294,48,153,141,0,0,0,0,7,3,0,0.899,,400,,,,,3,,,
ClassicGumtree,294,48,153,141,0,0,0,0,7,3,0,0.899,,500,,,,,3,,,
ClassicGumtree,294,48,153,141,0,0,0,0,8,3,0,0.899,,600,,,,,3,,,
ClassicGumtree,294,48,153,141,0,0,0,0,7,3,0,0.899,,700,,,,,3,,,
ClassicGumtree,294,48,153,141,0,0,0,0,7,3,0,0.899,,800,,,,,3,,,
ClassicGumtree,294,48,153,141,0,0,0,0,7,3,0,0.899,,900,,,,,3,,,
ClassicGumtree,294,48,153,141,0,0,0,0,7,3,0,0.899,,1000,,,,,3,,,
ClassicGumtree,294,48,153,141,0,0,0,0,7,3,0,0.899,,1100,,,,,3,,,
ClassicGumtree,294,48,153,141,0,0,0,0,7,3,0,0.899,,1200,,,,,3,,,
ClassicGumtree,294,48,153,141,0,0,0,0,7,3,0,0.899,,1300,,,,,3,,,
ClassicGumtree,294,48,153,141,0,0,0,0,7,3,0,0.899,,1400,,,,,3,,,
ClassicGumtree,294,48,153,141,0,0,0,0,7,3,0,0.899,,1500,,,,,3,,,
ClassicGumtree,294,48,153,141,0,0,0,0,7,3,0,0.899,,1600,,,,,3,,,
ClassicGumtree,294,48,153,141,0,0,0,0,7,3,0,0.899,,1700,,,,,3,,,
ClassicGumtree,294,48,153,141,0,0,0,0,7,3,0,0.899,,1800,,,,,3,,,
ClassicGumtree,294,48,153,141,0,0,0,0,7,3,0,0.899,,1900,,,,,3,,,
ClassicGumtree,294,48,153,141,0,0,0,0,7,3,0,0.899,,2000,,,,,3,,,
ClassicGumtree,544,80,278,266,0,0,0,0,7,3,0,0.899,,100,,,,,4,,,
ClassicGumtree,544,80,278,266,0,0,0,0,7,3,0,0.899,,200,,,,,4,,,
ClassicGumtree,544,80,278,266,0,0,0,0,7,3,0,0.899,,300,,,,,4,,,
ClassicGumtree,544,80,278,266,0,0,0,0,7,3,0,0.899,,400,,,,,4,,,
ClassicGumtree,544,80,278,266,0,0,0,0,8,3,0,0.899,,500,,,,,4,,,
ClassicGumtree,544,80,278,266,0,0,0,0,7,3,0,0.899,,600,,,,,4,,,
ClassicGumtree,544,80,278,266,0,0,0,0,7,3,0,0.899,,700,,,,,4,,,
ClassicGumtree,544,80,278,266,0,0,0,0,8,3,0,0.899,,800,,,,,4,,,
ClassicGumtree,544,80,278,266,0,0,0,0,8,3,0,0.899,,900,,,,,4,,,
ClassicGumtree,544,80,278,266,0,0,0,0,7,3,0,0.899,,1000,,,,,4,,,
ClassicGumtree,544,80,278,266,0,0,0,0,7,3,0,0.899,,1100,,,,,4,,,
ClassicGumtree,544,80,278,266,0,0,0,0,7,3,0,0.899,,1200,,,,,4,,,
ClassicGumtree,544,80,278,266,0,0,0,0,7,3,0,0.899,,1300,,,,,4,,,
ClassicGumtree,544,80,278,266,0,0,0,0,7,3,0,0.899,,1400,,,,,4,,,
ClassicGumtree,544,80,278,266,0,0,0,0,7,3,0,0.899,,1500,,,,,4,,,
ClassicGumtree,544,80,278,266,0,0,0,0,7,3,0,0.899,,1600,,,,,4,,,
ClassicGumtree,544,80,278,266,0,0,0,0,7,3,0,0.899,,1700,,,,,4,,,
ClassicGumtree,544,80,278,266,0,0,0,0,7,3,0,0.899,,1800,,,,,4,,,
ClassicGumtree,544,80,278,266,0,0,0,0,7,3,0,0.899,,1900,,,,,4,,,
ClassicGumtree,544,80,278,266,0,0,0,0,8,3,0,0.899,,2000,,,,,4,,,
ClassicGumtree,1038,34,509,497,0,32,0,0,8,3,0,0.899,,100,,,,,5,,,
ClassicGumtree,1038,34,509,497,0,32,0,0,8,3,0,0.899,,200,,,,,5,,,
ClassicGumtree,1038,34,509,497,0,32,0,0,8,3,0,0.899,,300,,,,,5,,,
ClassicGumtree,1038,34,509,497,0,32,0,0,8,3,0,0.899,,400,,,,,5,,,
ClassicGumtree,1038,34,509,497,0,32,0,0,8,3,0,0.899,,500,,,,,5,,,
ClassicGumtree,1038,34,509,497,0,32,0,0,8,3,0,0.899,,600,,,,,5,,,
ClassicGumtree,1038,34,509,497,0,32,0,0,8,3,0,0.899,,700,,,,,5,,,
ClassicGumtree,1038,34,509,497,0,32,0,0,8,3,0,0.899,,800,,,,,5,,,
ClassicGumtree,1038,34,509,497,0,32,0,0,8,3,0,0.899,,900,,,,,5,,,
ClassicGumtree,1038,34,509,497,0,32,0,0,7,3,0,0.899,,1000,,,,,5,,,
ClassicGumtree,1038,34,509,497,0,32,0,0,8,3,0,0.899,,1100,,,,,5,,,
ClassicGumtree,1038,34,509,497,0,32,0,0,8,3,0,0.899,,1200,,,,,5,,,
ClassicGumtree,1038,34,509,497,0,32,0,0,8,3,0,0.899,,1300,,,,,5,,,
ClassicGumtree,1038,34,509,497,0,32,0,0,8,3,0,0.899,,1400,,,,,5,,,
ClassicGumtree,1038,34,509,497,0,32,0,0,7,3,0,0.899,,1500,,,,,5,,,
ClassicGumtree,1038,34,509,497,0,32,0,0,8,3,0,0.899,,1600,,,,,5,,,
ClassicGumtree,1038,34,509,497,0,32,0,0,8,3,0,0.899,,1700,,,,,5,,,
ClassicGumtree,1038,34,509,497,0,32,0,0,8,3,0,0.899,,1800,,,,,5,,,
ClassicGumtree,1038,34,509,497,0,32,0,0,8,3,0,0.899,,1900,,,,,5,,,
ClassicGumtree,1038,34,509,497,0,32,0,0,8,3,0,0.899,,2000,,,,,5,,,
ClassicGumtree,114,94,17,5,0,92,0,0,7,3,0,0.999,,100,,,,,1,,,
ClassicGumtree,114,94,17,5,0,92,0,0,7,3,0,0.999,,200,,,,,1,,,
ClassicGumtree,114,94,17,5,0,92,0,0,7,3,0,0.999,,300,,,,,1,,,
ClassicGumtree,114,94,17,5,0,92,0,0,8,3,0,0.999,,400,,,,,1,,,
ClassicGumtree,114,94,17,5,0,92,0,0,7,3,0,0.999,,500,,,,,1,,,
ClassicGumtree,114,94,17,5,0,92,0,0,7,3,0,0.999,,600,,,,,1,,,
ClassicGumtree,114,94,17,5,0,92,0,0,8,3,0,0.999,,700,,,,,1,,,
ClassicGumtree,114,94,17,5,0,92,0,0,7,3,0,0.999,,800,,,,,1,,,
ClassicGumtree,114,94,17,5,0,92,0,0,8,3,0,0.999,,900,,,,,1,,,
ClassicGumtree,114,94,17,5,0,92,0,0,8,3,0,0.999,,1000,,,,,1,,,
ClassicGumtree,114,94,17,5,0,92,0,0,8,3,0,0.999,,1100,,,,,1,,,
ClassicGumtree,114,94,17,5,0,92,0,0,8,3,0,0.999,,1200,,,,,1,,,
ClassicGumtree,114,94,17,5,0,92,0,0,8,3,0,0.999,,1300,,,,,1,,,
ClassicGumtree,114,94,17,5,0,92,0,0,7,3,0,0.999,,1400,,,,,1,,,
ClassicGumtree,114,94,17,5,0,92,0,0,7,3,0,0.999,,1500,,,,,1,,,
ClassicGumtree,114,94,17,5,0,92,0,0,8,3,0,0.999,,1600,,,,,1,,,
ClassicGumtree,114,94,17,5,0,92,0,0,7,3,0,0.999,,1700,,,,,1,,,
ClassicGumtree,114,94,17,5,0,92,0,0,7,3,0,0.999,,1800,,,,,1,,,
ClassicGumtree,114,94,17,5,0,92,0,0,7,3,0,0.999,,1900,,,,,1,,,
ClassicGumtree,114,94,17,5,0,92,0,0,7,3,0,0.999,,2000,,,,,1,,,
ClassicGumtree,140,86,34,22,0,84,0,0,7,3,0,0.999,,100,,,,,2,,,
ClassicGumtree,140,86,34,22,0,84,0,0,7,3,0,0.999,,200,,,,,2,,,
ClassicGumtree,140,86,34,22,0,84,0,0,8,3,0,0.999,,300,,,,,2,,,
ClassicGumtree,140,86,34,22,0,84,0,0,8,3,0,0.999,,400,,,,,2,,,
ClassicGumtree,140,86,34,22,0,84,0,0,8,3,0,0.999,,500,,,,,2,,,
ClassicGumtree,140,86,34,22,0,84,0,0,7,3,0,0.999,,600,,,,,2,,,
ClassicGumtree,140,86,34,22,0,84,0,0,7,3,0,0.999,,700,,,,,2,,,
ClassicGumtree,140,86,34,22,0,84,0,0,7,3,0,0.999,,800,,,,,2,,,
ClassicGumtree,140,86,34,22,0,84,0,0,8,3,0,0.999,,900,,,,,2,,,
ClassicGumtree,140,86,34,22,0,84,0,0,7,3,0,0.999,,1000,,,,,2,,,
ClassicGumtree,140,86,34,22,0,84,0,0,8,3,0,0.999,,1100,,,,,2,,,
ClassicGumtree,140,86,34,22,0,84,0,0,8,3,0,0.999,,1200,,,,,2,,,
ClassicGumtree,140,86,34,22,0,84,0,0,7,3,0,0.999,,1300,,,,,2,,,
ClassicGumtree,140,86,34,22,0,84,0,0,8,3,0,0.999,,1400,,,,,2,,,
ClassicGumtree,140,86,34,22,0,84,0,0,7,3,0,0.999,,1500,,,,,2,,,
ClassicGumtree,140,86,34,22,0,84,0,0,8,3,0,0.999,,1600,,,,,2,,,
ClassicGumtree,140,86,34,22,0,84,0,0,8,3,0,0.999,,1700,,,,,2,,,
ClassicGumtree,140,86,34,22,0,84,0,0,7,3,0,0.999,,1800,,,,,2,,,
ClassicGumtree,140,86,34,22,0,84,0,0,7,3,0,0.999,,1900,,,,,2,,,
ClassicGumtree,140,86,34,22,0,84,0,0,8,3,0,0.999,,2000,,,,,2,,,
ClassicGumtree,357,63,154,142,0,61,0,0,7,3,0,0.999,,100,,,,,3,,,
ClassicGumtree,357,63,154,142,0,61,0,0,7,3,0,0.999,,200,,,,,3,,,
ClassicGumtree,357,63,154,142,0,61,0,0,8,3,0,0.999,,300,,,,,3,,,
ClassicGumtree,357,63,154,142,0,61,0,0,8,3,0,0.999,,400,,,,,3,,,
ClassicGumtree,357,63,154,142,0,61,0,0,7,3,0,0.999,,500,,,,,3,,,
ClassicGumtree,357,63,154,142,0,61,0,0,7,3,0,0.999,,600,,,,,3,,,
ClassicGumtree,357,63,154,142,0,61,0,0,7,3,0,0.999,,700,,,,,3,,,
ClassicGumtree,357,63,154,142,0,61,0,0,8,3,0,0.999,,800,,,,,3,,,
ClassicGumtree,357,63,154,142,0,61,0,0,8,3,0,0.999,,900,,,,,3,,,
ClassicGumtree,357,63,154,142,0,61,0,0,7,3,0,0.999,,1000,,,,,3,,,
ClassicGumtree,357,63,154,142,0,61,0,0,7,3,0,0.999,,1100,,,,,3,,,
ClassicGumtree,357,63,154,142,0,61,0,0,8,3,0,0.999,,1200,,,,,3,,,
ClassicGumtree,357,63,154,142,0,61,0,0,7,3,0,0.999,,1300,,,,,3,,,
ClassicGumtree,357,63,154,142,0,61,0,0,7,3,0,0.999,,1400,,,,,3,,,
ClassicGumtree,357,63,154,142,0,61,0,0,8,3,0,0.999,,1500,,,,,3,,,
ClassicGumtree,357,63,154,142,0,61,0,0,8,3,0,0.999,,1600,,,,,3,,,
ClassicGumtree,357,63,154,142,0,61,0,0,7,3,0,0.999,,1700,,,,,3,,,
ClassicGumtree,357,63,154,142,0,61,0,0,7,3,0,0.999,,1800,,,,,3,,,
ClassicGumtree,357,63,154,142,0,61,0,0,7,3,0,0.999,,1900,,,,,3,,,
ClassicGumtree,357,63,154,142,0,61,0,0,8,3,0,0.999,,2000,,,,,3,,,
ClassicGumtree,591,47,279,267,0,45,0,0,8,3,0,0.999,,100,,,,,4,,,
ClassicGumtree,591,47,279,267,0,45,0,0,7,3,0,0.999,,200,,,,,4,,,
ClassicGumtree,591,47,279,267,0,45,0,0,8,3,0,0.999,,300,,,,,4,,,
ClassicGumtree,591,47,279,267,0,45,0,0,8,3,0,0.999,,400,,,,,4,,,
ClassicGumtree,591,47,279,267,0,45,0,0,7,3,0,0.999,,500,,,,,4,,,
ClassicGumtree,591,47,279,267,0,45,0,0,7,3,0,0.999,,600,,,,,4,,,
ClassicGumtree,591,47,279,267,0,45,0,0,8,3,0,0.999,,700,,,,,4,,,
ClassicGumtree,591,47,279,267,0,45,0,0,8,3,0,0.999,,800,,,,,4,,,
ClassicGumtree,591,47,279,267,0,45,0,0,8,3,0,0.999,,900,,,,,4,,,
ClassicGumtree,591,47,279,267,0,45,0,0,7,3,0,0.999,,1000,,,,,4,,,
ClassicGumtree,591,47,279,267,0,45,0,0,7,3,0,0.999,,1100,,,,,4,,,
ClassicGumtree,591,47,279,267,0,45,0,0,8,3,0,0.999,,1200,,,,,4,,,
ClassicGumtree,591,47,279,267,0,45,0,0,7,3,0,0.999,,1300,,,,,4,,,
ClassicGumtree,591,47,279,267,0,45,0,0,8,3,0,0.999,,1400,,,,,4,,,
ClassicGumtree,591,47,279,267,0,45,0,0,8,3,0,0.999,,1500,,,,,4,,,
ClassicGumtree,591,47,279,267,0,45,0,0,8,3,0,0.999,,1600,,,,,4,,,
ClassicGumtree,591,47,279,267,0,45,0,0,7,3,0,0.999,,1700,,,,,4,,,
ClassicGumtree,591,47,279,267,0,45,0,0,8,3,0,0.999,,1800,,,,,4,,,
ClassicGumtree,591,47,279,267,0,45,0,0,8,3,0,0.999,,1900,,,,,4,,,
ClassicGumtree,591,47,279,267,0,45,0,0,8,3,0,0.999,,2000,,,,,4,,,
ClassicGumtree,1038,34,509,497,0,32,0,0,7,3,0,0.999,,100,,,,,5,,,
ClassicGumtree,1038,34,509,497,0,32,0,0,8,3,0,0.999,,200,,,,,5,,,
ClassicGumtree,1038,34,509,497,0,32,0,0,8,3,0,0.999,,300,,,,,5,,,
ClassicGumtree,1038,34,509,497,0,32,0,0,7,3,0,0.999,,400,,,,,5,,,
ClassicGumtree,1038,34,509,497,0,32,0,0,8,3,0,0.999,,500,,,,,5,,,
ClassicGumtree,1038,34,509,497,0,32,0,0,8,3,0,0.999,,600,,,,,5,,,
ClassicGumtree,1038,34,509,497,0,32,0,0,8,3,0,0.999,,700,,,,,5,,,
ClassicGumtree,1038,34,509,497,0,32,0,0,7,3,0,0.999,,800,,,,,5,,,
ClassicGumtree,1038,34,509,497,0,32,0,0,8,3,0,0.999,,900,,,,,5,,,
ClassicGumtree,1038,34,509,497,0,32,0,0,7,3,0,0.999,,1000,,,,,5,,,
ClassicGumtree,1038,34,509,497,0,32,0,0,8,3,0,0.999,,1100,,,,,5,,,
ClassicGumtree,1038,34,509,497,0,32,0,0,8,3,0,0.999,,1200,,,,,5,,,
ClassicGumtree,1038,34,509,497,0,32,0,0,8,3,0,0.999,,1300,,,,,5,,,
ClassicGumtree,1038,34,509,497,0,32,0,0,8,3,0,0.999,,1400,,,,,5,,,
ClassicGumtree,1038,34,509,497,0,32,0,0,7,3,0,0.999,,1500,,,,,5,,,
ClassicGumtree,1038,34,509,497,0,32,0,0,8,3,0,0.999,,1600,,,,,5,,,
ClassicGumtree,1038,34,509,497,0,32,0,0,8,3,0,0.999,,1700,,,,,5,,,
ClassicGumtree,1038,34,509,497,0,32,0,0,7,3,0,0.999,,1800,,,,,5,,,
ClassicGumtree,1038,34,509,497,0,32,0,0,8,3,0,0.999,,1900,,,,,5,,,
ClassicGumtree,1038,34,509,497,0,32,0,0,8,3,0,0.999,,2000,,,,,5,,,
CompleteGumtreeMatcher,114,94,17,5,0,92,0,0,7,3,0,0.1,,100,,,,,1,,,
CompleteGumtreeMatcher,114,94,17,5,0,92,0,0,7,3,0,0.1,,200,,,,,1,,,
CompleteGumtreeMatcher,114,94,17,5,0,92,0,0,7,3,0,0.1,,300,,,,,1,,,
CompleteGumtreeMatcher,114,94,17,5,0,92,0,0,7,3,0,0.1,,400,,,,,1,,,
CompleteGumtreeMatcher,114,94,17,5,0,92,0,0,7,3,0,0.1,,500,,,,,1,,,
CompleteGumtreeMatcher,114,94,17,5,0,92,0,0,7,3,0,0.1,,600,,,,,1,,,
CompleteGumtreeMatcher,114,94,17,5,0,92,0,0,7,3,0,0.1,,700,,,,,1,,,
CompleteGumtreeMatcher,114,94,17,5,0,92,0,0,11,3,0,0.1,,800,,,,,1,,,
CompleteGumtreeMatcher,114,94,17,5,0,92,0,0,11,3,0,0.1,,900,,,,,1,,,
CompleteGumtreeMatcher,114,94,17,5,0,92,0,0,7,3,0,0.1,,1000,,,,,1,,,
CompleteGumtreeMatcher,114,94,17,5,0,92,0,0,7,3,0,0.1,,1100,,,,,1,,,
CompleteGumtreeMatcher,114,94,17,5,0,92,0,0,7,3,0,0.1,,1200,,,,,1,,,
CompleteGumtreeMatcher,114,94,17,5,0,92,0,0,7,3,0,0.1,,1300,,,,,1,,,
CompleteGumtreeMatcher,114,94,17,5,0,92,0,0,7,3,0,0.1,,1400,,,,,1,,,
CompleteGumtreeMatcher,114,94,17,5,0,92,0,0,8,3,0,0.1,,1500,,,,,1,,,
CompleteGumtreeMatcher,114,94,17,5,0,92,0,0,8,3,0,0.1,,1600,,,,,1,,,
CompleteGumtreeMatcher,114,94,17,5,0,92,0,0,8,3,0,0.1,,1700,,,,,1,,,
CompleteGumtreeMatcher,114,94,17,5,0,92,0,0,8,3,0,0.1,,1800,,,,,1,,,
CompleteGumtreeMatcher,114,94,17,5,0,92,0,0,11,3,0,0.1,,1900,,,,,1,,,
CompleteGumtreeMatcher,114,94,17,5,0,92,0,0,11,3,0,0.1,,2000,,,,,1,,,
CompleteGumtreeMatcher,140,86,34,22,0,84,0,0,7,3,0,0.1,,100,,,,,2,,,
CompleteGumtreeMatcher,140,86,34,22,0,84,0,0,7,3,0,0.1,,200,,,,,2,,,
CompleteGumtreeMatcher,140,86,34,22,0,84,0,0,7,3,0,0.1,,300,,,,,2,,,
CompleteGumtreeMatcher,140,86,34,22,0,84,0,0,8,3,0,0.1,,400,,,,,2,,,
CompleteGumtreeMatcher,140,86,34,22,0,84,0,0,7,3,0,0.1,,500,,,,,2,,,
CompleteGumtreeMatcher,140,86,34,22,0,84,0,0,7,3,0,0.1,,600,,,,,2,,,
CompleteGumtreeMatcher,140,86,34,22,0,84,0,0,7,3,0,0.1,,700,,,,,2,,,
CompleteGumtreeMatcher,140,86,34,22,0,84,0,0,7,3,0,0.1,,800,,,,,2,,,
CompleteGumtreeMatcher,140,86,34,22,0,84,0,0,7,3,0,0.1,,900,,,,,2,,,
CompleteGumtreeMatcher,140,86,34,22,0,84,0,0,7,3,0,0.1,,1000,,,,,2,,,
CompleteGumtreeMatcher,140,86,34,22,0,84,0,0,7,3,0,0.1,,1100,,,,,2,,,
CompleteGumtreeMatcher,140,86,34,22,0,84,0,0,10,3,0,0.1,,1200,,,,,2,,,
CompleteGumtreeMatcher,140,86,34,22,0,84,0,0,10,3,0,0.1,,1300,,,,,2,,,
CompleteGumtreeMatcher,140,86,34,22,0,84,0,0,7,3,0,0.1,,1400,,,,,2,,,
CompleteGumtreeMatcher,140,86,34,22,0,84,0,0,7,3,0,0.1,,1500,,,,,2,,,
CompleteGumtreeMatcher,140,86,34,22,0,84,0,0,7,3,0,0.1,,1600,,,,,2,,,
CompleteGumtreeMatcher,140,86,34,22,0,84,0,0,7,3,0,0.1,,1700,,,,,2,,,
CompleteGumtreeMatcher,140,86,34,22,0,84,0,0,7,3,0,0.1,,1800,,,,,2,,,
CompleteGumtreeMatcher,140,86,34,22,0,84,0,0,7,3,0,0.1,,1900,,,,,2,,,
CompleteGumtreeMatcher,140,86,34,22,0,84,0,0,7,3,0,0.1,,2000,,,,,2,,,
CompleteGumtreeMatcher,357,63,154,142,0,61,0,0,7,3,0,0.1,,100,,,,,3,,,
CompleteGumtreeMatcher,357,63,154,142,0,61,0,0,6,3,0,0.1,,200,,,,,3,,,
CompleteGumtreeMatcher,357,63,154,142,0,61,0,0,7,3,0,0.1,,300,,,,,3,,,
CompleteGumtreeMatcher,357,63,154,142,0,61,0,0,7,3,0,0.1,,400,,,,,3,,,
CompleteGumtreeMatcher,357,63,154,142,0,61,0,0,7,3,0,0.1,,500,,,,,3,,,
CompleteGumtreeMatcher,357,63,154,142,0,61,0,0,7,3,0,0.1,,600,,,,,3,,,
CompleteGumtreeMatcher,357,63,154,142,0,61,0,0,10,3,0,0.1,,700,,,,,3,,,
CompleteGumtreeMatcher,357,63,154,142,0,61,0,0,10,3,0,0.1,,800,,,,,3,,,
CompleteGumtreeMatcher,357,63,154,142,0,61,0,0,6,3,0,0.1,,900,,,,,3,,,
CompleteGumtreeMatcher,357,63,154,142,0,61,0,0,7,3,0,0.1,,1000,,,,,3,,,
CompleteGumtreeMatcher,357,63,154,142,0,61,0,0,7,3,0,0.1,,1100,,,,,3,,,
CompleteGumtreeMatcher,357,63,154,142,0,61,0,0,7,3,0,0.1,,1200,,,,,3,,,
CompleteGumtreeMatcher,357,63,154,142,0,61,0,0,7,3,0,0.1,,1300,,,,,3,,,
CompleteGumtreeMatcher,357,63,154,142,0,61,0,0,7,3,0,0.1,,1400,,,,,3,,,
CompleteGumtreeMatcher,357,63,154,142,0,61,0,0,7,3,0,0.1,,1500,,,,,3,,,
CompleteGumtreeMatcher,357,63,154,142,0,61,0,0,7,3,0,0.1,,1600,,,,,3,,,
CompleteGumtreeMatcher,357,63,154,142,0,61,0,0,6,3,0,0.1,,1700,,,,,3,,,
CompleteGumtreeMatcher,357,63,154,142,0,61,0,0,6,3,0,0.1,,1800,,,,,3,,,
CompleteGumtreeMatcher,357,63,154,142,0,61,0,0,7,3,0,0.1,,1900,,,,,3,,,
CompleteGumtreeMatcher,357,63,154,142,0,61,0,0,7,3,0,0.1,,2000,,,,,3,,,
CompleteGumtreeMatcher,591,47,279,267,0,45,0,0,11,3,0,0.1,,100,,,,,4,,,
CompleteGumtreeMatcher,591,47,279,267,0,45,0,0,11,3,0,0.1,,200,,,,,4,,,
CompleteGumtreeMatcher,591,47,279,267,0,45,0,0,7,3,0,0.1,,300,,,,,4,,,
CompleteGumtreeMatcher,591,47,279,267,0,45,0,0,7,3,0,0.1,,400,,,,,4,,,
CompleteGumtreeMatcher,591,47,279,267,0,45,0,0,7,3,0,0.1,,500,,,,,4,,,
CompleteGumtreeMatcher,591,47,279,267,0,45,0,0,7,3,0,0.1,,600,,,,,4,,,
CompleteGumtreeMatcher,591,47,279,267,0,45,0,0,7,3,0,0.1,,700,,,,,4,,,
CompleteGumtreeMatcher,591,47,279,267,0,45,0,0,7,3,0,0.1,,800,,,,,4,,,
CompleteGumtreeMatcher,591,47,279,267,0,45,0,0,7,3,0,0.1,,900,,,,,4,,,
CompleteGumtreeMatcher,591,47,279,267,0,45,0,0,7,3,0,0.1,,1000,,,,,4,,,
CompleteGumtreeMatcher,591,47,279,267,0,45,0,0,7,3,0,0.1,,1100,,,,,4,,,
CompleteGumtreeMatcher,591,47,279,267,0,45,0,0,7,3,0,0.1,,1200,,,,,4,,,
CompleteGumtreeMatcher,591,47,279,267,0,45,0,0,7,3,0,0.1,,1300,,,,,4,,,
CompleteGumtreeMatcher,591,47,279,267,0,45,0,0,7,3,0,0.1,,1400,,,,,4,,,
CompleteGumtreeMatcher,591,47,279,267,0,45,0,0,10,3,0,0.1,,1500,,,,,4,,,
CompleteGumtreeMatcher,591,47,279,267,0,45,0,0,10,3,0,0.1,,1600,,,,,4,,,
CompleteGumtreeMatcher,591,47,279,267,0,45,0,0,7,3,0,0.1,,1700,,,,,4,,,
CompleteGumtreeMatcher,591,47,279,267,0,45,0,0,7,3,0,0.1,,1800,,,,,4,,,
CompleteGumtreeMatcher,591,47,279,267,0,45,0,0,7,3,0,0.1,,1900,,,,,4,,,
CompleteGumtreeMatcher,591,47,279,267,0,45,0,0,7,3,0,0.1,,2000,,,,,4,,,
CompleteGumtreeMatcher,1038,34,509,497,0,32,0,0,7,3,0,0.1,,100,,,,,5,,,
CompleteGumtreeMatcher,1038,34,509,497,0,32,0,0,8,3,0,0.1,,200,,,,,5,,,
CompleteGumtreeMatcher,1038,34,509,497,0,32,0,0,8,3,0,0.1,,300,,,,,5,,,
CompleteGumtreeMatcher,1038,34,509,497,0,32,0,0,8,3,0,0.1,,400,,,,,5,,,
CompleteGumtreeMatcher,1038,34,509,497,0,32,0,0,8,3,0,0.1,,500,,,,,5,,,
CompleteGumtreeMatcher,1038,34,509,497,0,32,0,0,8,3,0,0.1,,600,,,,,5,,,
CompleteGumtreeMatcher,1038,34,509,497,0,32,0,0,8,3,0,0.1,,700,,,,,5,,,
CompleteGumtreeMatcher,1038,34,509,497,0,32,0,0,8,3,0,0.1,,800,,,,,5,,,
CompleteGumtreeMatcher,1038,34,509,497,0,32,0,0,11,3,0,0.1,,900,,,,,5,,,
CompleteGumtreeMatcher,1038,34,509,497,0,32,0,0,11,3,0,0.1,,1000,,,,,5,,,
CompleteGumtreeMatcher,1038,34,509,497,0,32,0,0,7,3,0,0.1,,1100,,,,,5,,,
CompleteGumtreeMatcher,1038,34,509,497,0,32,0,0,7,3,0,0.1,,1200,,,,,5,,,
CompleteGumtreeMatcher,1038,34,509,497,0,32,0,0,7,3,0,0.1,,1300,,,,,5,,,
CompleteGumtreeMatcher,1038,34,509,497,0,32,0,0,7,3,0,0.1,,1400,,,,,5,,,
CompleteGumtreeMatcher,1038,34,509,497,0,32,0,0,7,3,0,0.1,,1500,,,,,5,,,
CompleteGumtreeMatcher,1038,34,509,497,0,32,0,0,7,3,0,0.1,,1600,,,,,5,,,
CompleteGumtreeMatcher,1038,34,509,497,0,32,0,0,7,3,0,0.1,,1700,,,,,5,,,
CompleteGumtreeMatcher,1038,34,509,497,0,32,0,0,7,3,0,0.1,,1800,,,,,5,,,
CompleteGumtreeMatcher,1038,34,509,497,0,32,0,0,8,3,0,0.1,,1900,,,,,5,,,
CompleteGumtreeMatcher,1038,34,509,497,0,32,0,0,7,3,0,0.1,,2000,,,,,5,,,
CompleteGumtreeMatcher,114,94,17,5,0,92,0,0,7,3,0,0.2,,100,,,,,1,,,
CompleteGumtreeMatcher,114,94,17,5,0,92,0,0,7,3,0,0.2,,200,,,,,1,,,
CompleteGumtreeMatcher,114,94,17,5,0,92,0,0,11,3,0,0.2,,300,,,,,1,,,
CompleteGumtreeMatcher,114,94,17,5,0,92,0,0,11,3,0,0.2,,400,,,,,1,,,
CompleteGumtreeMatcher,114,94,17,5,0,92,0,0,7,3,0,0.2,,500,,,,,1,,,
CompleteGumtreeMatcher,114,94,17,5,0,92,0,0,7,3,0,0.2,,600,,,,,1,,,
CompleteGumtreeMatcher,114,94,17,5,0,92,0,0,7,3,0,0.2,,700,,,,,1,,,
CompleteGumtreeMatcher,114,94,17,5,0,92,0,0,7,3,0,0.2,,800,,,,,1,,,
CompleteGumtreeMatcher,114,94,17,5,0,92,0,0,7,3,0,0.2,,900,,,,,1,,,
CompleteGumtreeMatcher,114,94,17,5,0,92,0,0,7,3,0,0.2,,1000,,,,,1,,,
CompleteGumtreeMatcher,114,94,17,5,0,92,0,0,7,3,0,0.2,,1100,,,,,1,,,
CompleteGumtreeMatcher,114,94,17,5,0,92,0,0,7,3,0,0.2,,1200,,,,,1,,,
CompleteGumtreeMatcher,114,94,17,5,0,92,0,0,6,3,0,0.2,,1300,,,,,1,,,
CompleteGumtreeMatcher,114,94,17,5,0,92,0,0,6,3,0,0.2,,1400,,,,,1,,,
CompleteGumtreeMatcher,114,94,17,5,0,92,0,0,10,3,0,0.2,,1500,,,,,1,,,
CompleteGumtreeMatcher,114,94,17,5,0,92,0,0,10,3,0,0.2,,1600,,,,,1,,,
CompleteGumtreeMatcher,114,94,17,5,0,92,0,0,7,3,0,0.2,,1700,,,,,1,,,
CompleteGumtreeMatcher,114,94,17,5,0,92,0,0,7,3,0,0.2,,1800,,,,,1,,,
CompleteGumtreeMatcher,114,94,17,5,0,92,0,0,6,3,0,0.2,,1900,,,,,1,,,
CompleteGumtreeMatcher,114,94,17,5,0,92,0,0,7,3,0,0.2,,2000,,,,,1,,,
CompleteGumtreeMatcher,140,86,34,22,0,84,0,0,7,3,0,0.2,,100,,,,,2,,,
CompleteGumtreeMatcher,140,86,34,22,0,84,0,0,7,3,0,0.2,,200,,,,,2,,,
CompleteGumtreeMatcher,140,86,34,22,0,84,0,0,7,3,0,0.2,,300,,,,,2,,,
CompleteGumtreeMatcher,140,86,34,22,0,84,0,0,7,3,0,0.2,,400,,,,,2,,,
CompleteGumtreeMatcher,140,86,34,22,0,84,0,0,6,3,0,0.2,,500,,,,,2,,,
CompleteGumtreeMatcher,140,86,34,22,0,84,0,0,7,3,0,0.2,,600,,,,,2,,,
CompleteGumtreeMatcher,140,86,34,22,0,84,0,0,7,3,0,0.2,,700,,,,,2,,,
CompleteGumtreeMatcher,140,86,34,22,0,84,0,0,7,3,0,0.2,,800,,,,,2,,,
CompleteGumtreeMatcher,140,86,34,22,0,84,0,0,7,3,0,0.2,,900,,,,,2,,,
CompleteGumtreeMatcher,140,86,34,22,0,84,0,0,7,3,0,0.2,,1000,,,,,2,,,
CompleteGumtreeMatcher,140,86,34,22,0,84,0,0,10,3,0,0.2,,1100,,,,,2,,,
CompleteGumtreeMatcher,140,86,34,22,0,84,0,0,10,3,0,0.2,,1200,,,,,2,,,
CompleteGumtreeMatcher,140,86,34,22,0,84,0,0,7,3,0,0.2,,1300,,,,,2,,,
CompleteGumtreeMatcher,140,86,34,22,0,84,0,0,7,3,0,0.2,,1400,,,,,2,,,
CompleteGumtreeMatcher,140,86,34,22,0,84,0,0,7,3,0,0.2,,1500,,,,,2,,,
CompleteGumtreeMatcher,140,86,34,22,0,84,0,0,6,3,0,0.2,,1600,,,,,2,,,
CompleteGumtreeMatcher,140,86,34,22,0,84,0,0,7,3,0,0.2,,1700,,,,,2,,,
CompleteGumtreeMatcher,140,86,34,22,0,84,0,0,7,3,0,0.2,,1800,,,,,2,,,
CompleteGumtreeMatcher,140,86,34,22,0,84,0,0,7,3,0,0.2,,1900,,,,,2,,,
CompleteGumtreeMatcher,140,86,34,22,0,84,0,0,7,3,0,0.2,,2000,,,,,2,,,
CompleteGumtreeMatcher,357,63,154,142,0,61,0,0,7,3,0,0.2,,100,,,,,3,,,
CompleteGumtreeMatcher,357,63,154,142,0,61,0,0,7,3,0,0.2,,200,,,,,3,,,
CompleteGumtreeMatcher,357,63,154,142,0,61,0,0,7,3,0,0.2,,300,,,,,3,,,
CompleteGumtreeMatcher,357,63,154,142,0,61,0,0,11,3,0,0.2,,400,,,,,3,,,
CompleteGumtreeMatcher,357,63,154,142,0,61,0,0,11,3,0,0.2,,500,,,,,3,,,
CompleteGumtreeMatcher,357,63,154,142,0,61,0,0,7,3,0,0.2,,600,,,,,3,,,
CompleteGumtreeMatcher,357,63,154,142,0,61,0,0,7,3,0,0.2,,700,,,,,3,,,
CompleteGumtreeMatcher,357,63,154,142,0,61,0,0,7,3,0,0.2,,800,,,,,3,,,
CompleteGumtreeMatcher,357,63,154,142,0,61,0,0,7,3,0,0.2,,900,,,,,3,,,
CompleteGumtreeMatcher,357,63,154,142,0,61,0,0,7,3,0,0.2,,1000,,,,,3,,,
CompleteGumtreeMatcher,357,63,154,142,0,61,0,0,7,3,0,0.2,,1100,,,,,3,,,
CompleteGumtreeMatcher,357,63,154,142,0,61,0,0,7,3,0,0.2,,1200,,,,,3,,,
CompleteGumtreeMatcher,357,63,154,142,0,61,0,0,7,3,0,0.2,,1300,,,,,3,,,
CompleteGumtreeMatcher,357,63,154,142,0,61,0,0,7,3,0,0.2,,1400,,,,,3,,,
CompleteGumtreeMatcher,357,63,154,142,0,61,0,0,7,3,0,0.2,,1500,,,,,3,,,
CompleteGumtreeMatcher,357,63,154,142,0,61,0,0,7,3,0,0.2,,1600,,,,,3,,,
CompleteGumtreeMatcher,357,63,154,142,0,61,0,0,7,3,0,0.2,,1700,,,,,3,,,
CompleteGumtreeMatcher,357,63,154,142,0,61,0,0,7,3,0,0.2,,1800,,,,,3,,,
CompleteGumtreeMatcher,357,63,154,142,0,61,0,0,7,3,0,0.2,,1900,,,,,3,,,
CompleteGumtreeMatcher,357,63,154,142,0,61,0,0,7,3,0,0.2,,2000,,,,,3,,,
CompleteGumtreeMatcher,591,47,279,267,0,45,0,0,6,3,0,0.2,,100,,,,,4,,,
CompleteGumtreeMatcher,591,47,279,267,0,45,0,0,6,3,0,0.2,,200,,,,,4,,,
CompleteGumtreeMatcher,591,47,279,267,0,45,0,0,7,3,0,0.2,,300,,,,,4,,,
CompleteGumtreeMatcher,591,47,279,267,0,45,0,0,7,3,0,0.2,,400,,,,,4,,,
CompleteGumtreeMatcher,591,47,279,267,0,45,0,0,7,3,0,0.2,,500,,,,,4,,,
CompleteGumtreeMatcher,591,47,279,267,0,45,0,0,7,3,0,0.2,,600,,,,,4,,,
CompleteGumtreeMatcher,591,47,279,267,0,45,0,0,7,3,0,0.2,,700,,,,,4,,,
CompleteGumtreeMatcher,591,47,279,267,0,45,0,0,7,3,0,0.2,,800,,,,,4,,,
CompleteGumtreeMatcher,591,47,279,267,0,45,0,0,7,3,0,0.2,,900,,,,,4,,,
CompleteGumtreeMatcher,591,47,279,267,0,45,0,0,7,3,0,0.2,,1000,,,,,4,,,
CompleteGumtreeMatcher,591,47,279,267,0,45,0,0,7,3,0,0.2,,1100,,,,,4,,,
CompleteGumtreeMatcher,591,47,279,267,0,45,0,0,7,3,0,0.2,,1200,,,,,4,,,
CompleteGumtreeMatcher,591,47,279,267,0,45,0,0,7,3,0,0.2,,1300,,,,,4,,,
CompleteGumtreeMatcher,591,47,279,267,0,45,0,0,7,3,0,0.2,,1400,,,,,4,,,
CompleteGumtreeMatcher,591,47,279,267,0,45,0,0,7,3,0,0.2,,1500,,,,,4,,,
CompleteGumtreeMatcher,591,47,279,267,0,45,0,0,7,3,0,0.2,,1600,,,,,4,,,
CompleteGumtreeMatcher,591,47,279,267,0,45,0,0,7,3,0,0.2,,1700,,,,,4,,,
CompleteGumtreeMatcher,591,47,279,267,0,45,0,0,8,3,0,0.2,,1800,,,,,4,,,
CompleteGumtreeMatcher,591,47,279,267,0,45,0,0,7,3,0,0.2,,1900,,,,,4,,,
CompleteGumtreeMatcher,591,47,279,267,0,45,0,0,7,3,0,0.2,,2000,,,,,4,,,
CompleteGumtreeMatcher,1038,34,509,497,0,32,0,0,8,3,0,0.2,,100,,,,,5,,,
CompleteGumtreeMatcher,1038,34,509,497,0,32,0,0,8,3,0,0.2,,200,,,,,5,,,
CompleteGumtreeMatcher,1038,34,509,497,0,32,0,0,7,3,0,0.2,,300,,,,,5,,,
CompleteGumtreeMatcher,1038,34,509,497,0,32,0,0,7,3,0,0.2,,400,,,,,5,,,
CompleteGumtreeMatcher,1038,34,509,497,0,32,0,0,7,3,0,0.2,,500,,,,,5,,,
CompleteGumtreeMatcher,1038,34,509,497,0,32,0,0,8,3,0,0.2,,600,,,,,5,,,
CompleteGumtreeMatcher,1038,34,509,497,0,32,0,0,8,3,0,0.2,,700,,,,,5,,,
CompleteGumtreeMatcher,1038,34,509,497,0,32,0,0,7,3,0,0.2,,800,,,,,5,,,
CompleteGumtreeMatcher,1038,34,509,497,0,32,0,0,7,3,0,0.2,,900,,,,,5,,,
CompleteGumtreeMatcher,1038,34,509,497,0,32,0,0,8,3,0,0.2,,1000,,,,,5,,,
CompleteGumtreeMatcher,1038,34,509,497,0,32,0,0,7,3,0,0.2,,1100,,,,,5,,,
CompleteGumtreeMatcher,1038,34,509,497,0,32,0,0,7,3,0,0.2,,1200,,,,,5,,,
CompleteGumtreeMatcher,1038,34,509,497,0,32,0,0,7,3,0,0.2,,1300,,,,,5,,,
CompleteGumtreeMatcher,1038,34,509,497,0,32,0,0,7,3,0,0.2,,1400,,,,,5,,,
CompleteGumtreeMatcher,1038,34,509,497,0,32,0,0,8,3,0,0.2,,1500,,,,,5,,,
CompleteGumtreeMatcher,1038,34,509,497,0,32,0,0,7,3,0,0.2,,1600,,,,,5,,,
CompleteGumtreeMatcher,1038,34,509,497,0,32,0,0,7,3,0,0.2,,1700,,,,,5,,,
CompleteGumtreeMatcher,1038,34,509,497,0,32,0,0,7,3,0,0.2,,1800,,,,,5,,,
CompleteGumtreeMatcher,1038,34,509,497,0,32,0,0,8,3,0,0.2,,1900,,,,,5,,,
CompleteGumtreeMatcher,1038,34,509,497,0,32,0,0,7,3,0,0.2,,2000,,,,,5,,,
CompleteGumtreeMatcher,114,94,17,5,0,92,0,0,7,3,0,0.3,,100,,,,,1,,,
CompleteGumtreeMatcher,114,94,17,5,0,92,0,0,7,3,0,0.3,,200,,,,,1,,,
CompleteGumtreeMatcher,114,94,17,5,0,92,0,0,7,3,0,0.3,,300,,,,,1,,,
CompleteGumtreeMatcher,114,94,17,5,0,92,0,0,7,3,0,0.3,,400,,,,,1,,,
CompleteGumtreeMatcher,114,94,17,5,0,92,0,0,7,3,0,0.3,,500,,,,,1,,,
CompleteGumtreeMatcher,114,94,17,5,0,92,0,0,7,3,0,0.3,,600,,,,,1,,,
CompleteGumtreeMatcher,114,94,17,5,0,92,0,0,7,3,0,0.3,,700,,,,,1,,,
CompleteGumtreeMatcher,114,94,17,5,0,92,0,0,7,3,0,0.3,,800,,,,,1,,,
CompleteGumtreeMatcher,114,94,17,5,0,92,0,0,6,3,0,0.3,,900,,,,,1,,,
CompleteGumtreeMatcher,114,94,17,5,0,92,0,0,7,3,0,0.3,,1000,,,,,1,,,
CompleteGumtreeMatcher,114,94,17,5,0,92,0,0,6,3,0,0.3,,1100,,,,,1,,,
CompleteGumtreeMatcher,114,94,17,5,0,92,0,0,6,3,0,0.3,,1200,,,,,1,,,
CompleteGumtreeMatcher,114,94,17,5,0,92,0,0,6,3,0,0.3,,1300,,,,,1,,,
CompleteGumtreeMatcher,114,94,17,5,0,92,0,0,7,3,0,0.3,,1400,,,,,1,,,
CompleteGumtreeMatcher,114,94,17,5,0,92,0,0,6,3,0,0.3,,1500,,,,,1,,,
CompleteGumtreeMatcher,114,94,17,5,0,92,0,0,7,3,0,0.3,,1600,,,,,1,,,
CompleteGumtreeMatcher,114,94,17,5,0,92,0,0,7,3,0,0.3,,1700,,,,,1,,,
CompleteGumtreeMatcher,114,94,17,5,0,92,0,0,7,3,0,0.3,,1800,,,,,1,,,
CompleteGumtreeMatcher,114,94,17,5,0,92,0,0,7,3,0,0.3,,1900,,,,,1,,,
CompleteGumtreeMatcher,114,94,17,5,0,92,0,0,7,3,0,0.3,,2000,,,,,1,,,
CompleteGumtreeMatcher,140,86,34,22,0,84,0,0,7,3,0,0.3,,100,,,,,2,,,
CompleteGumtreeMatcher,140,86,34,22,0,84,0,0,7,3,0,0.3,,200,,,,,2,,,
CompleteGumtreeMatcher,140,86,34,22,0,84,0,0,7,3,0,0.3,,300,,,,,2,,,
CompleteGumtreeMatcher,140,86,34,22,0,84,0,0,7,3,0,0.3,,400,,,,,2,,,
CompleteGumtreeMatcher,140,86,34,22,0,84,0,0,7,3,0,0.3,,500,,,,,2,,,
CompleteGumtreeMatcher,140,86,34,22,0,84,0,0,7,3,0,0.3,,600,,,,,2,,,
CompleteGumtreeMatcher,140,86,34,22,0,84,0,0,7,3,0,0.3,,700,,,,,2,,,
CompleteGumtreeMatcher,140,86,34,22,0,84,0,0,7,3,0,0.3,,800,,,,,2,,,
CompleteGumtreeMatcher,140,86,34,22,0,84,0,0,7,3,0,0.3,,900,,,,,2,,,
CompleteGumtreeMatcher,140,86,34,22,0,84,0,0,7,3,0,0.3,,1000,,,,,2,,,
CompleteGumtreeMatcher,140,86,34,22,0,84,0,0,7,3,0,0.3,,1100,,,,,2,,,
CompleteGumtreeMatcher,140,86,34,22,0,84,0,0,7,3,0,0.3,,1200,,,,,2,,,
CompleteGumtreeMatcher,140,86,34,22,0,84,0,0,6,3,0,0.3,,1300,,,,,2,,,
CompleteGumtreeMatcher,140,86,34,22,0,84,0,0,7,3,0,0.3,,1400,,,,,2,,,
CompleteGumtreeMatcher,140,86,34,22,0,84,0,0,7,3,0,0.3,,1500,,,,,2,,,
CompleteGumtreeMatcher,140,86,34,22,0,84,0,0,6,3,0,0.3,,1600,,,,,2,,,
CompleteGumtreeMatcher,140,86,34,22,0,84,0,0,7,3,0,0.3,,1700,,,,,2,,,
CompleteGumtreeMatcher,140,86,34,22,0,84,0,0,7,3,0,0.3,,1800,,,,,2,,,
CompleteGumtreeMatcher,140,86,34,22,0,84,0,0,7,3,0,0.3,,1900,,,,,2,,,
CompleteGumtreeMatcher,140,86,34,22,0,84,0,0,7,3,0,0.3,,2000,,,,,2,,,
CompleteGumtreeMatcher,357,63,154,142,0,61,0,0,6,3,0,0.3,,100,,,,,3,,,
CompleteGumtreeMatcher,357,63,154,142,0,61,0,0,7,3,0,0.3,,200,,,,,3,,,
CompleteGumtreeMatcher,357,63,154,142,0,61,0,0,7,3,0,0.3,,300,,,,,3,,,
CompleteGumtreeMatcher,357,63,154,142,0,61,0,0,7,3,0,0.3,,400,,,,,3,,,
CompleteGumtreeMatcher,357,63,154,142,0,61,0,0,7,3,0,0.3,,500,,,,,3,,,
CompleteGumtreeMatcher,357,63,154,142,0,61,0,0,7,3,0,0.3,,600,,,,,3,,,
CompleteGumtreeMatcher,357,63,154,142,0,61,0,0,7,3,0,0.3,,700,,,,,3,,,
CompleteGumtreeMatcher,357,63,154,142,0,61,0,0,7,3,0,0.3,,800,,,,,3,,,
CompleteGumtreeMatcher,357,63,154,142,0,61,0,0,7,3,0,0.3,,900,,,,,3,,,
CompleteGumtreeMatcher,357,63,154,142,0,61,0,0,7,3,0,0.3,,1000,,,,,3,,,
CompleteGumtreeMatcher,357,63,154,142,0,61,0,0,6,3,0,0.3,,1100,,,,,3,,,
CompleteGumtreeMatcher,357,63,154,142,0,61,0,0,6,3,0,0.3,,1200,,,,,3,,,
CompleteGumtreeMatcher,357,63,154,142,0,61,0,0,7,3,0,0.3,,1300,,,,,3,,,
CompleteGumtreeMatcher,357,63,154,142,0,61,0,0,7,3,0,0.3,,1400,,,,,3,,,
CompleteGumtreeMatcher,357,63,154,142,0,61,0,0,7,3,0,0.3,,1500,,,,,3,,,
CompleteGumtreeMatcher,357,63,154,142,0,61,0,0,7,3,0,0.3,,1600,,,,,3,,,
CompleteGumtreeMatcher,357,63,154,142,0,61,0,0,7,3,0,0.3,,1700,,,,,3,,,
CompleteGumtreeMatcher,357,63,154,142,0,61,0,0,7,3,0,0.3,,1800,,,,,3,,,
CompleteGumtreeMatcher,357,63,154,142,0,61,0,0,7,3,0,0.3,,1900,,,,,3,,,
CompleteGumtreeMatcher,357,63,154,142,0,61,0,0,7,3,0,0.3,,2000,,,,,3,,,
CompleteGumtreeMatcher,591,47,279,267,0,45,0,0,7,3,0,0.3,,100,,,,,4,,,
CompleteGumtreeMatcher,591,47,279,267,0,45,0,0,7,3,0,0.3,,200,,,,,4,,,
CompleteGumtreeMatcher,591,47,279,267,0,45,0,0,7,3,0,0.3,,300,,,,,4,,,
CompleteGumtreeMatcher,591,47,279,267,0,45,0,0,7,3,0,0.3,,400,,,,,4,,,
CompleteGumtreeMatcher,591,47,279,267,0,45,0,0,7,3,0,0.3,,500,,,,,4,,,
CompleteGumtreeMatcher,591,47,279,267,0,45,0,0,7,3,0,0.3,,600,,,,,4,,,
CompleteGumtreeMatcher,591,47,279,267,0,45,0,0,7,3,0,0.3,,700,,,,,4,,,
CompleteGumtreeMatcher,591,47,279,267,0,45,0,0,7,3,0,0.3,,800,,,,,4,,,
CompleteGumtreeMatcher,591,47,279,267,0,45,0,0,7,3,0,0.3,,900,,,,,4,,,
CompleteGumtreeMatcher,591,47,279,267,0,45,0,0,7,3,0,0.3,,1000,,,,,4,,,
CompleteGumtreeMatcher,591,47,279,267,0,45,0,0,7,3,0,0.3,,1100,,,,,4,,,
CompleteGumtreeMatcher,591,47,279,267,0,45,0,0,7,3,0,0.3,,1200,,,,,4,,,
CompleteGumtreeMatcher,591,47,279,267,0,45,0,0,7,3,0,0.3,,1300,,,,,4,,,
CompleteGumtreeMatcher,591,47,279,267,0,45,0,0,7,3,0,0.3,,1400,,,,,4,,,
CompleteGumtreeMatcher,591,47,279,267,0,45,0,0,7,3,0,0.3,,1500,,,,,4,,,
CompleteGumtreeMatcher,591,47,279,267,0,45,0,0,7,3,0,0.3,,1600,,,,,4,,,
CompleteGumtreeMatcher,591,47,279,267,0,45,0,0,7,3,0,0.3,,1700,,,,,4,,,
CompleteGumtreeMatcher,591,47,279,267,0,45,0,0,7,3,0,0.3,,1800,,,,,4,,,
CompleteGumtreeMatcher,591,47,279,267,0,45,0,0,7,3,0,0.3,,1900,,,,,4,,,
CompleteGumtreeMatcher,591,47,279,267,0,45,0,0,7,3,0,0.3,,2000,,,,,4,,,
CompleteGumtreeMatcher,1038,34,509,497,0,32,0,0,8,3,0,0.3,,100,,,,,5,,,
CompleteGumtreeMatcher,1038,34,509,497,0,32,0,0,7,3,0,0.3,,200,,,,,5,,,
CompleteGumtreeMatcher,1038,34,509,497,0,32,0,0,8,3,0,0.3,,300,,,,,5,,,
CompleteGumtreeMatcher,1038,34,509,497,0,32,0,0,7,3,0,0.3,,400,,,,,5,,,
CompleteGumtreeMatcher,1038,34,509,497,0,32,0,0,7,3,0,0.3,,500,,,,,5,,,
CompleteGumtreeMatcher,1038,34,509,497,0,32,0,0,8,3,0,0.3,,600,,,,,5,,,
CompleteGumtreeMatcher,1038,34,509,497,0,32,0,0,7,3,0,0.3,,700,,,,,5,,,
CompleteGumtreeMatcher,1038,34,509,497,0,32,0,0,8,3,0,0.3,,800,,,,,5,,,
CompleteGumtreeMatcher,1038,34,509,497,0,32,0,0,7,3,0,0.3,,900,,,,,5,,,
CompleteGumtreeMatcher,1038,34,509,497,0,32,0,0,7,3,0,0.3,,1000,,,,,5,,,
CompleteGumtreeMatcher,1038,34,509,497,0,32,0,0,7,3,0,0.3,,1100,,,,,5,,,
CompleteGumtreeMatcher,1038,34,509,497,0,32,0,0,7,3,0,0.3,,1200,,,,,5,,,
CompleteGumtreeMatcher,1038,34,509,497,0,32,0,0,7,3,0,0.3,,1300,,,,,5,,,
CompleteGumtreeMatcher,1038,34,509,497,0,32,0,0,7,3,0,0.3,,1400,,,,,5,,,
CompleteGumtreeMatcher,1038,34,509,497,0,32,0,0,8,3,0,0.3,,1500,,,,,5,,,
CompleteGumtreeMatcher,1038,34,509,497,0,32,0,0,7,3,0,0.3,,1600,,,,,5,,,
CompleteGumtreeMatcher,1038,34,509,497,0,32,0,0,8,3,0,0.3,,1700,,,,,5,,,
CompleteGumtreeMatcher,1038,34,509,497,0,32,0,0,7,3,0,0.3,,1800,,,,,5,,,
CompleteGumtreeMatcher,1038,34,509,497,0,32,0,0,7,3,0,0.3,,1900,,,,,5,,,
CompleteGumtreeMatcher,1038,34,509,497,0,32,0,0,7,3,0,0.3,,2000,,,,,5,,,
CompleteGumtreeMatcher,114,94,17,5,0,92,0,0,7,3,0,0.4,,100,,,,,1,,,
CompleteGumtreeMatcher,114,94,17,5,0,92,0,0,7,3,0,0.4,,200,,,,,1,,,
CompleteGumtreeMatcher,114,94,17,5,0,92,0,0,7,3,0,0.4,,300,,,,,1,,,
CompleteGumtreeMatcher,114,94,17,5,0,92,0,0,7,3,0,0.4,,400,,,,,1,,,
CompleteGumtreeMatcher,114,94,17,5,0,92,0,0,7,3,0,0.4,,500,,,,,1,,,
CompleteGumtreeMatcher,114,94,17,5,0,92,0,0,7,3,0,0.4,,600,,,,,1,,,
CompleteGumtreeMatcher,114,94,17,5,0,92,0,0,7,3,0,0.4,,700,,,,,1,,,
CompleteGumtreeMatcher,114,94,17,5,0,92,0,0,7,3,0,0.4,,800,,,,,1,,,
CompleteGumtreeMatcher,114,94,17,5,0,92,0,0,7,3,0,0.4,,900,,,,,1,,,
CompleteGumtreeMatcher,114,94,17,5,0,92,0,0,7,3,0,0.4,,1000,,,,,1,,,
CompleteGumtreeMatcher,114,94,17,5,0,92,0,0,6,3,0,0.4,,1100,,,,,1,,,
CompleteGumtreeMatcher,114,94,17,5,0,92,0,0,7,3,0,0.4,,1200,,,,,1,,,
CompleteGumtreeMatcher,114,94,17,5,0,92,0,0,7,3,0,0.4,,1300,,,,,1,,,
CompleteGumtreeMatcher,114,94,17,5,0,92,0,0,7,3,0,0.4,,1400,,,,,1,,,
CompleteGumtreeMatcher,114,94,17,5,0,92,0,0,6,3,0,0.4,,1500,,,,,1,,,
CompleteGumtreeMatcher,114,94,17,5,0,92,0,0,6,3,0,0.4,,1600,,,,,1,,,
CompleteGumtreeMatcher,114,94,17,5,0,92,0,0,6,3,0,0.4,,1700,,,,,1,,,
CompleteGumtreeMatcher,114,94,17,5,0,92,0,0,7,3,0,0.4,,1800,,,,,1,,,
CompleteGumtreeMatcher,114,94,17,5,0,92,0,0,7,3,0,0.4,,1900,,,,,1,,,
CompleteGumtreeMatcher,114,94,17,5,0,92,0,0,7,3,0,0.4,,2000,,,,,1,,,
CompleteGumtreeMatcher,140,86,34,22,0,84,0,0,7,3,0,0.4,,100,,,,,2,,,
CompleteGumtreeMatcher,140,86,34,22,0,84,0,0,7,3,0,0.4,,200,,,,,2,,,
CompleteGumtreeMatcher,140,86,34,22,0,84,0,0,7,3,0,0.4,,300,,,,,2,,,
CompleteGumtreeMatcher,140,86,34,22,0,84,0,0,7,3,0,0.4,,400,,,,,2,,,
CompleteGumtreeMatcher,140,86,34,22,0,84,0,0,7,3,0,0.4,,500,,,,,2,,,
CompleteGumtreeMatcher,140,86,34,22,0,84,0,0,7,3,0,0.4,,600,,,,,2,,,
CompleteGumtreeMatcher,140,86,34,22,0,84,0,0,7,3,0,0.4,,700,,,,,2,,,
CompleteGumtreeMatcher,140,86,34,22,0,84,0,0,6,3,0,0.4,,800,,,,,2,,,
CompleteGumtreeMatcher,140,86,34,22,0,84,0,0,7,3,0,0.4,,900,,,,,2,,,
CompleteGumtreeMatcher,140,86,34,22,0,84,0,0,7,3,0,0.4,,1000,,,,,2,,,
CompleteGumtreeMatcher,140,86,34,22,0,84,0,0,7,3,0,0.4,,1100,,,,,2,,,
CompleteGumtreeMatcher,140,86,34,22,0,84,0,0,7,3,0,0.4,,1200,,,,,2,,,
CompleteGumtreeMatcher,140,86,34,22,0,84,0,0,7,3,0,0.4,,1300,,,,,2,,,
CompleteGumtreeMatcher,140,86,34,22,0,84,0,0,7,3,0,0.4,,1400,,,,,2,,,
CompleteGumtreeMatcher,140,86,34,22,0,84,0,0,7,3,0,0.4,,1500,,,,,2,,,
CompleteGumtreeMatcher,140,86,34,22,0,84,0,0,7,3,0,0.4,,1600,,,,,2,,,
CompleteGumtreeMatcher,140,86,34,22,0,84,0,0,7,3,0,0.4,,1700,,,,,2,,,
CompleteGumtreeMatcher,140,86,34,22,0,84,0,0,7,3,0,0.4,,1800,,,,,2,,,
CompleteGumtreeMatcher,140,86,34,22,0,84,0,0,6,3,0,0.4,,1900,,,,,2,,,
CompleteGumtreeMatcher,140,86,34,22,0,84,0,0,7,3,0,0.4,,2000,,,,,2,,,
CompleteGumtreeMatcher,357,63,154,142,0,61,0,0,7,3,0,0.4,,100,,,,,3,,,
CompleteGumtreeMatcher,357,63,154,142,0,61,0,0,7,3,0,0.4,,200,,,,,3,,,
CompleteGumtreeMatcher,357,63,154,142,0,61,0,0,7,3,0,0.4,,300,,,,,3,,,
CompleteGumtreeMatcher,357,63,154,142,0,61,0,0,7,3,0,0.4,,400,,,,,3,,,
CompleteGumtreeMatcher,357,63,154,142,0,61,0,0,7,3,0,0.4,,500,,,,,3,,,
CompleteGumtreeMatcher,357,63,154,142,0,61,0,0,7,3,0,0.4,,600,,,,,3,,,
CompleteGumtreeMatcher,357,63,154,142,0,61,0,0,7,3,0,0.4,,700,,,,,3,,,
CompleteGumtreeMatcher,357,63,154,142,0,61,0,0,7,3,0,0.4,,800,,,,,3,,,
CompleteGumtreeMatcher,357,63,154,142,0,61,0,0,7,3,0,0.4,,900,,,,,3,,,
CompleteGumtreeMatcher,357,63,154,142,0,61,0,0,7,3,0,0.4,,1000,,,,,3,,,
CompleteGumtreeMatcher,357,63,154,142,0,61,0,0,7,3,0,0.4,,1100,,,,,3,,,
CompleteGumtreeMatcher,357,63,154,142,0,61,0,0,7,3,0,0.4,,1200,,,,,3,,,
CompleteGumtreeMatcher,357,63,154,142,0,61,0,0,7,3,0,0.4,,1300,,,,,3,,,
CompleteGumtreeMatcher,357,63,154,142,0,61,0,0,7,3,0,0.4,,1400,,,,,3,,,
CompleteGumtreeMatcher,357,63,154,142,0,61,0,0,7,3,0,0.4,,1500,,,,,3,,,
CompleteGumtreeMatcher,357,63,154,142,0,61,0,0,7,3,0,0.4,,1600,,,,,3,,,
CompleteGumtreeMatcher,357,63,154,142,0,61,0,0,7,3,0,0.4,,1700,,,,,3,,,
CompleteGumtreeMatcher,357,63,154,142,0,61,0,0,7,3,0,0.4,,1800,,,,,3,,,
CompleteGumtreeMatcher,357,63,154,142,0,61,0,0,7,3,0,0.4,,1900,,,,,3,,,
CompleteGumtreeMatcher,357,63,154,142,0,61,0,0,7,3,0,0.4,,2000,,,,,3,,,
CompleteGumtreeMatcher,591,47,279,267,0,45,0,0,7,3,0,0.4,,100,,,,,4,,,
CompleteGumtreeMatcher,591,47,279,267,0,45,0,0,7,3,0,0.4,,200,,,,,4,,,
CompleteGumtreeMatcher,591,47,279,267,0,45,0,0,7,3,0,0.4,,300,,,,,4,,,
CompleteGumtreeMatcher,591,47,279,267,0,45,0,0,7,3,0,0.4,,400,,,,,4,,,
CompleteGumtreeMatcher,591,47,279,267,0,45,0,0,7,3,0,0.4,,500,,,,,4,,,
CompleteGumtreeMatcher,591,47,279,267,0,45,0,0,7,3,0,0.4,,600,,,,,4,,,
CompleteGumtreeMatcher,591,47,279,267,0,45,0,0,7,3,0,0.4,,700,,,,,4,,,
CompleteGumtreeMatcher,591,47,279,267,0,45,0,0,7,3,0,0.4,,800,,,,,4,,,
CompleteGumtreeMatcher,591,47,279,267,0,45,0,0,7,3,0,0.4,,900,,,,,4,,,
CompleteGumtreeMatcher,591,47,279,267,0,45,0,0,7,3,0,0.4,,1000,,,,,4,,,
CompleteGumtreeMatcher,591,47,279,267,0,45,0,0,7,3,0,0.4,,1100,,,,,4,,,
CompleteGumtreeMatcher,591,47,279,267,0,45,0,0,7,3,0,0.4,,1200,,,,,4,,,
CompleteGumtreeMatcher,591,47,279,267,0,45,0,0,7,3,0,0.4,,1300,,,,,4,,,
CompleteGumtreeMatcher,591,47,279,267,0,45,0,0,7,3,0,0.4,,1400,,,,,4,,,
CompleteGumtreeMatcher,591,47,279,267,0,45,0,0,7,3,0,0.4,,1500,,,,,4,,,
CompleteGumtreeMatcher,591,47,279,267,0,45,0,0,7,3,0,0.4,,1600,,,,,4,,,
CompleteGumtreeMatcher,591,47,279,267,0,45,0,0,6,3,0,0.4,,1700,,,,,4,,,
CompleteGumtreeMatcher,591,47,279,267,0,45,0,0,7,3,0,0.4,,1800,,,,,4,,,
CompleteGumtreeMatcher,591,47,279,267,0,45,0,0,7,3,0,0.4,,1900,,,,,4,,,
CompleteGumtreeMatcher,591,47,279,267,0,45,0,0,7,3,0,0.4,,2000,,,,,4,,,
CompleteGumtreeMatcher,1038,34,509,497,0,32,0,0,8,3,0,0.4,,100,,,,,5,,,
CompleteGumtreeMatcher,1038,34,509,497,0,32,0,0,7,3,0,0.4,,200,,,,,5,,,
CompleteGumtreeMatcher,1038,34,509,497,0,32,0,0,7,3,0,0.4,,300,,,,,5,,,
CompleteGumtreeMatcher,1038,34,509,497,0,32,0,0,7,3,0,0.4,,400,,,,,5,,,
CompleteGumtreeMatcher,1038,34,509,497,0,32,0,0,8,3,0,0.4,,500,,,,,5,,,
CompleteGumtreeMatcher,1038,34,509,497,0,32,0,0,7,3,0,0.4,,600,,,,,5,,,
CompleteGumtreeMatcher,1038,34,509,497,0,32,0,0,7,3,0,0.4,,700,,,,,5,,,
CompleteGumtreeMatcher,1038,34,509,497,0,32,0,0,7,3,0,0.4,,800,,,,,5,,,
CompleteGumtreeMatcher,1038,34,509,497,0,32,0,0,7,3,0,0.4,,900,,,,,5,,,
CompleteGumtreeMatcher,1038,34,509,497,0,32,0,0,7,3,0,0.4,,1000,,,,,5,,,
CompleteGumtreeMatcher,1038,34,509,497,0,32,0,0,7,3,0,0.4,,1100,,,,,5,,,
CompleteGumtreeMatcher,1038,34,509,497,0,32,0,0,8,3,0,0.4,,1200,,,,,5,,,
CompleteGumtreeMatcher,1038,34,509,497,0,32,0,0,8,3,0,0.4,,1300,,,,,5,,,
CompleteGumtreeMatcher,1038,34,509,497,0,32,0,0,8,3,0,0.4,,1400,,,,,5,,,
CompleteGumtreeMatcher,1038,34,509,497,0,32,0,0,7,3,0,0.4,,1500,,,,,5,,,
CompleteGumtreeMatcher,1038,34,509,497,0,32,0,0,7,3,0,0.4,,1600,,,,,5,,,
CompleteGumtreeMatcher,1038,34,509,497,0,32,0,0,7,3,0,0.4,,1700,,,,,5,,,
CompleteGumtreeMatcher,1038,34,509,497,0,32,0,0,7,3,0,0.4,,1800,,,,,5,,,
CompleteGumtreeMatcher,1038,34,509,497,0,32,0,0,8,3,0,0.4,,1900,,,,,5,,,
CompleteGumtreeMatcher,1038,34,509,497,0,32,0,0,7,3,0,0.4,,2000,,,,,5,,,
CompleteGumtreeMatcher,114,94,17,5,0,92,0,0,7,3,0,0.5,,100,,,,,1,,,
CompleteGumtreeMatcher,114,94,17,5,0,92,0,0,7,3,0,0.5,,200,,,,,1,,,
CompleteGumtreeMatcher,114,94,17,5,0,92,0,0,7,3,0,0.5,,300,,,,,1,,,
CompleteGumtreeMatcher,114,94,17,5,0,92,0,0,7,3,0,0.5,,400,,,,,1,,,
CompleteGumtreeMatcher,114,94,17,5,0,92,0,0,7,3,0,0.5,,500,,,,,1,,,
CompleteGumtreeMatcher,114,94,17,5,0,92,0,0,7,3,0,0.5,,600,,,,,1,,,
CompleteGumtreeMatcher,114,94,17,5,0,92,0,0,7,3,0,0.5,,700,,,,,1,,,
CompleteGumtreeMatcher,114,94,17,5,0,92,0,0,7,3,0,0.5,,800,,,,,1,,,
CompleteGumtreeMatcher,114,94,17,5,0,92,0,0,7,3,0,0.5,,900,,,,,1,,,
CompleteGumtreeMatcher,114,94,17,5,0,92,0,0,7,3,0,0.5,,1000,,,,,1,,,
CompleteGumtreeMatcher,114,94,17,5,0,92,0,0,7,3,0,0.5,,1100,,,,,1,,,
CompleteGumtreeMatcher,114,94,17,5,0,92,0,0,6,3,0,0.5,,1200,,,,,1,,,
CompleteGumtreeMatcher,114,94,17,5,0,92,0,0,6,3,0,0.5,,1300,,,,,1,,,
CompleteGumtreeMatcher,114,94,17,5,0,92,0,0,7,3,0,0.5,,1400,,,,,1,,,
CompleteGumtreeMatcher,114,94,17,5,0,92,0,0,7,3,0,0.5,,1500,,,,,1,,,
CompleteGumtreeMatcher,114,94,17,5,0,92,0,0,7,3,0,0.5,,1600,,,,,1,,,
CompleteGumtreeMatcher,114,94,17,5,0,92,0,0,6,3,0,0.5,,1700,,,,,1,,,
CompleteGumtreeMatcher,114,94,17,5,0,92,0,0,7,3,0,0.5,,1800,,,,,1,,,
CompleteGumtreeMatcher,114,94,17,5,0,92,0,0,6,3,0,0.5,,1900,,,,,1,,,
CompleteGumtreeMatcher,114,94,17,5,0,92,0,0,7,3,0,0.5,,2000,,,,,1,,,
CompleteGumtreeMatcher,140,86,34,22,0,84,0,0,7,3,0,0.5,,100,,,,,2,,,
CompleteGumtreeMatcher,140,86,34,22,0,84,0,0,6,3,0,0.5,,200,,,,,2,,,
CompleteGumtreeMatcher,140,86,34,22,0,84,0,0,7,3,0,0.5,,300,,,,,2,,,
CompleteGumtreeMatcher,140,86,34,22,0,84,0,0,6,3,0,0.5,,400,,,,,2,,,
CompleteGumtreeMatcher,140,86,34,22,0,84,0,0,7,3,0,0.5,,500,,,,,2,,,
CompleteGumtreeMatcher,140,86,34,22,0,84,0,0,7,3,0,0.5,,600,,,,,2,,,
CompleteGumtreeMatcher,140,86,34,22,0,84,0,0,7,3,0,0.5,,700,,,,,2,,,
CompleteGumtreeMatcher,140,86,34,22,0,84,0,0,7,3,0,0.5,,800,,,,,2,,,
CompleteGumtreeMatcher,140,86,34,22,0,84,0,0,7,3,0,0.5,,900,,,,,2,,,
CompleteGumtreeMatcher,140,86,34,22,0,84,0,0,7,3,0,0.5,,1000,,,,,2,,,
CompleteGumtreeMatcher,140,86,34,22,0,84,0,0,7,3,0,0.5,,1100,,,,,2,,,
CompleteGumtreeMatcher,140,86,34,22,0,84,0,0,7,3,0,0.5,,1200,,,,,2,,,
CompleteGumtreeMatcher,140,86,34,22,0,84,0,0,7,3,0,0.5,,1300,,,,,2,,,
CompleteGumtreeMatcher,140,86,34,22,0,84,0,0,7,3,0,0.5,,1400,,,,,2,,,
CompleteGumtreeMatcher,140,86,34,22,0,84,0,0,6,3,0,0.5,,1500,,,,,2,,,
CompleteGumtreeMatcher,140,86,34,22,0,84,0,0,7,3,0,0.5,,1600,,,,,2,,,
CompleteGumtreeMatcher,140,86,34,22,0,84,0,0,7,3,0,0.5,,1700,,,,,2,,,
CompleteGumtreeMatcher,140,86,34,22,0,84,0,0,6,3,0,0.5,,1800,,,,,2,,,
CompleteGumtreeMatcher,140,86,34,22,0,84,0,0,7,3,0,0.5,,1900,,,,,2,,,
CompleteGumtreeMatcher,140,86,34,22,0,84,0,0,6,3,0,0.5,,2000,,,,,2,,,
CompleteGumtreeMatcher,357,63,154,142,0,61,0,0,7,3,0,0.5,,100,,,,,3,,,
CompleteGumtreeMatcher,357,63,154,142,0,61,0,0,7,3,0,0.5,,200,,,,,3,,,
CompleteGumtreeMatcher,357,63,154,142,0,61,0,0,7,3,0,0.5,,300,,,,,3,,,
CompleteGumtreeMatcher,357,63,154,142,0,61,0,0,7,3,0,0.5,,400,,,,,3,,,
CompleteGumtreeMatcher,357,63,154,142,0,61,0,0,7,3,0,0.5,,500,,,,,3,,,
CompleteGumtreeMatcher,357,63,154,142,0,61,0,0,7,3,0,0.5,,600,,,,,3,,,
CompleteGumtreeMatcher,357,63,154,142,0,61,0,0,7,3,0,0.5,,700,,,,,3,,,
CompleteGumtreeMatcher,357,63,154,142,0,61,0,0,7,3,0,0.5,,800,,,,,3,,,
CompleteGumtreeMatcher,357,63,154,142,0,61,0,0,7,3,0,0.5,,900,,,,,3,,,
CompleteGumtreeMatcher,357,63,154,142,0,61,0,0,7,3,0,0.5,,1000,,,,,3,,,
CompleteGumtreeMatcher,357,63,154,142,0,61,0,0,7,3,0,0.5,,1100,,,,,3,,,
CompleteGumtreeMatcher,357,63,154,142,0,61,0,0,7,3,0,0.5,,1200,,,,,3,,,
CompleteGumtreeMatcher,357,63,154,142,0,61,0,0,7,3,0,0.5,,1300,,,,,3,,,
CompleteGumtreeMatcher,357,63,154,142,0,61,0,0,7,3,0,0.5,,1400,,,,,3,,,
CompleteGumtreeMatcher,357,63,154,142,0,61,0,0,7,3,0,0.5,,1500,,,,,3,,,
CompleteGumtreeMatcher,357,63,154,142,0,61,0,0,6,3,0,0.5,,1600,,,,,3,,,
CompleteGumtreeMatcher,357,63,154,142,0,61,0,0,7,3,0,0.5,,1700,,,,,3,,,
CompleteGumtreeMatcher,357,63,154,142,0,61,0,0,7,3,0,0.5,,1800,,,,,3,,,
CompleteGumtreeMatcher,357,63,154,142,0,61,0,0,7,3,0,0.5,,1900,,,,,3,,,
CompleteGumtreeMatcher,357,63,154,142,0,61,0,0,7,3,0,0.5,,2000,,,,,3,,,
CompleteGumtreeMatcher,591,47,279,267,0,45,0,0,7,3,0,0.5,,100,,,,,4,,,
CompleteGumtreeMatcher,591,47,279,267,0,45,0,0,7,3,0,0.5,,200,,,,,4,,,
CompleteGumtreeMatcher,591,47,279,267,0,45,0,0,7,3,0,0.5,,300,,,,,4,,,
CompleteGumtreeMatcher,591,47,279,267,0,45,0,0,7,3,0,0.5,,400,,,,,4,,,
CompleteGumtreeMatcher,591,47,279,267,0,45,0,0,7,3,0,0.5,,500,,,,,4,,,
CompleteGumtreeMatcher,591,47,279,267,0,45,0,0,7,3,0,0.5,,600,,,,,4,,,
CompleteGumtreeMatcher,591,47,279,267,0,45,0,0,7,3,0,0.5,,700,,,,,4,,,
CompleteGumtreeMatcher,591,47,279,267,0,45,0,0,7,3,0,0.5,,800,,,,,4,,,
CompleteGumtreeMatcher,591,47,279,267,0,45,0,0,7,3,0,0.5,,900,,,,,4,,,
CompleteGumtreeMatcher,591,47,279,267,0,45,0,0,7,3,0,0.5,,1000,,,,,4,,,
CompleteGumtreeMatcher,591,47,279,267,0,45,0,0,7,3,0,0.5,,1100,,,,,4,,,
CompleteGumtreeMatcher,591,47,279,267,0,45,0,0,7,3,0,0.5,,1200,,,,,4,,,
CompleteGumtreeMatcher,591,47,279,267,0,45,0,0,7,3,0,0.5,,1300,,,,,4,,,
CompleteGumtreeMatcher,591,47,279,267,0,45,0,0,7,3,0,0.5,,1400,,,,,4,,,
CompleteGumtreeMatcher,591,47,279,267,0,45,0,0,7,3,0,0.5,,1500,,,,,4,,,
CompleteGumtreeMatcher,591,47,279,267,0,45,0,0,8,3,0,0.5,,1600,,,,,4,,,
CompleteGumtreeMatcher,591,47,279,267,0,45,0,0,7,3,0,0.5,,1700,,,,,4,,,
CompleteGumtreeMatcher,591,47,279,267,0,45,0,0,7,3,0,0.5,,1800,,,,,4,,,
CompleteGumtreeMatcher,591,47,279,267,0,45,0,0,7,3,0,0.5,,1900,,,,,4,,,
CompleteGumtreeMatcher,591,47,279,267,0,45,0,0,7,3,0,0.5,,2000,,,,,4,,,
CompleteGumtreeMatcher,1038,34,509,497,0,32,0,0,7,3,0,0.5,,100,,,,,5,,,
CompleteGumtreeMatcher,1038,34,509,497,0,32,0,0,8,3,0,0.5,,200,,,,,5,,,
CompleteGumtreeMatcher,1038,34,509,497,0,32,0,0,8,3,0,0.5,,300,,,,,5,,,
CompleteGumtreeMatcher,1038,34,509,497,0,32,0,0,7,3,0,0.5,,400,,,,,5,,,
CompleteGumtreeMatcher,1038,34,509,497,0,32,0,0,7,3,0,0.5,,500,,,,,5,,,
CompleteGumtreeMatcher,1038,34,509,497,0,32,0,0,7,3,0,0.5,,600,,,,,5,,,
CompleteGumtreeMatcher,1038,34,509,497,0,32,0,0,7,3,0,0.5,,700,,,,,5,,,
CompleteGumtreeMatcher,1038,34,509,497,0,32,0,0,7,3,0,0.5,,800,,,,,5,,,
CompleteGumtreeMatcher,1038,34,509,497,0,32,0,0,7,3,0,0.5,,900,,,,,5,,,
CompleteGumtreeMatcher,1038,34,509,497,0,32,0,0,8,3,0,0.5,,1000,,,,,5,,,
CompleteGumtreeMatcher,1038,34,509,497,0,32,0,0,8,3,0,0.5,,1100,,,,,5,,,
CompleteGumtreeMatcher,1038,34,509,497,0,32,0,0,7,3,0,0.5,,1200,,,,,5,,,
CompleteGumtreeMatcher,1038,34,509,497,0,32,0,0,8,3,0,0.5,,1300,,,,,5,,,
CompleteGumtreeMatcher,1038,34,509,497,0,32,0,0,7,3,0,0.5,,1400,,,,,5,,,
CompleteGumtreeMatcher,1038,34,509,497,0,32,0,0,7,3,0,0.5,,1500,,,,,5,,,
CompleteGumtreeMatcher,1038,34,509,497,0,32,0,0,7,3,0,0.5,,1600,,,,,5,,,
CompleteGumtreeMatcher,1038,34,509,497,0,32,0,0,7,3,0,0.5,,1700,,,,,5,,,
CompleteGumtreeMatcher,1038,34,509,497,0,32,0,0,7,3,0,0.5,,1800,,,,,5,,,
CompleteGumtreeMatcher,1038,34,509,497,0,32,0,0,8,3,0,0.5,,1900,,,,,5,,,
CompleteGumtreeMatcher,1038,34,509,497,0,32,0,0,7,3,0,0.5,,2000,,,,,5,,,
CompleteGumtreeMatcher,114,94,17,5,0,92,0,0,7,3,0,0.6,,100,,,,,1,,,
CompleteGumtreeMatcher,114,94,17,5,0,92,0,0,7,3,0,0.6,,200,,,,,1,,,
CompleteGumtreeMatcher,114,94,17,5,0,92,0,0,6,3,0,0.6,,300,,,,,1,,,
CompleteGumtreeMatcher,114,94,17,5,0,92,0,0,7,3,0,0.6,,400,,,,,1,,,
CompleteGumtreeMatcher,114,94,17,5,0,92,0,0,7,3,0,0.6,,500,,,,,1,,,
CompleteGumtreeMatcher,114,94,17,5,0,92,0,0,7,3,0,0.6,,600,,,,,1,,,
CompleteGumtreeMatcher,114,94,17,5,0,92,0,0,7,3,0,0.6,,700,,,,,1,,,
CompleteGumtreeMatcher,114,94,17,5,0,92,0,0,7,3,0,0.6,,800,,,,,1,,,
CompleteGumtreeMatcher,114,94,17,5,0,92,0,0,6,3,0,0.6,,900,,,,,1,,,
CompleteGumtreeMatcher,114,94,17,5,0,92,0,0,7,3,0,0.6,,1000,,,,,1,,,
CompleteGumtreeMatcher,114,94,17,5,0,92,0,0,7,3,0,0.6,,1100,,,,,1,,,
CompleteGumtreeMatcher,114,94,17,5,0,92,0,0,7,3,0,0.6,,1200,,,,,1,,,
CompleteGumtreeMatcher,114,94,17,5,0,92,0,0,7,3,0,0.6,,1300,,,,,1,,,
CompleteGumtreeMatcher,114,94,17,5,0,92,0,0,7,3,0,0.6,,1400,,,,,1,,,
CompleteGumtreeMatcher,114,94,17,5,0,92,0,0,7,3,0,0.6,,1500,,,,,1,,,
CompleteGumtreeMatcher,114,94,17,5,0,92,0,0,7,3,0,0.6,,1600,,,,,1,,,
CompleteGumtreeMatcher,114,94,17,5,0,92,0,0,7,3,0,0.6,,1700,,,,,1,,,
CompleteGumtreeMatcher,114,94,17,5,0,92,0,0,7,3,0,0.6,,1800,,,,,1,,,
CompleteGumtreeMatcher,114,94,17,5,0,92,0,0,6,3,0,0.6,,1900,,,,,1,,,
CompleteGumtreeMatcher,114,94,17,5,0,92,0,0,7,3,0,0.6,,2000,,,,,1,,,
CompleteGumtreeMatcher,140,86,34,22,0,84,0,0,7,3,0,0.6,,100,,,,,2,,,
CompleteGumtreeMatcher,140,86,34,22,0,84,0,0,7,3,0,0.6,,200,,,,,2,,,
CompleteGumtreeMatcher,140,86,34,22,0,84,0,0,7,3,0,0.6,,300,,,,,2,,,
CompleteGumtreeMatcher,140,86,34,22,0,84,0,0,6,3,0,0.6,,400,,,,,2,,,
CompleteGumtreeMatcher,140,86,34,22,0,84,0,0,7,3,0,0.6,,500,,,,,2,,,
CompleteGumtreeMatcher,140,86,34,22,0,84,0,0,7,3,0,0.6,,600,,,,,2,,,
CompleteGumtreeMatcher,140,86,34,22,0,84,0,0,7,3,0,0.6,,700,,,,,2,,,
CompleteGumtreeMatcher,140,86,34,22,0,84,0,0,7,3,0,0.6,,800,,,,,2,,,
CompleteGumtreeMatcher,140,86,34,22,0,84,0,0,7,3,0,0.6,,900,,,,,2,,,
CompleteGumtreeMatcher,140,86,34,22,0,84,0,0,7,3,0,0.6,,1000,,,,,2,,,
CompleteGumtreeMatcher,140,86,34,22,0,84,0,0,6,3,0,0.6,,1100,,,,,2,,,
CompleteGumtreeMatcher,140,86,34,22,0,84,0,0,7,3,0,0.6,,1200,,,,,2,,,
CompleteGumtreeMatcher,140,86,34,22,0,84,0,0,6,3,0,0.6,,1300,,,,,2,,,
CompleteGumtreeMatcher,140,86,34,22,0,84,0,0,7,3,0,0.6,,1400,,,,,2,,,
CompleteGumtreeMatcher,140,86,34,22,0,84,0,0,6,3,0,0.6,,1500,,,,,2,,,
CompleteGumtreeMatcher,140,86,34,22,0,84,0,0,7,3,0,0.6,,1600,,,,,2,,,
CompleteGumtreeMatcher,140,86,34,22,0,84,0,0,7,3,0,0.6,,1700,,,,,2,,,
CompleteGumtreeMatcher,140,86,34,22,0,84,0,0,7,3,0,0.6,,1800,,,,,2,,,
CompleteGumtreeMatcher,140,86,34,22,0,84,0,0,7,3,0,0.6,,1900,,,,,2,,,
CompleteGumtreeMatcher,140,86,34,22,0,84,0,0,7,3,0,0.6,,2000,,,,,2,,,
CompleteGumtreeMatcher,357,63,154,142,0,61,0,0,7,3,0,0.6,,100,,,,,3,,,
CompleteGumtreeMatcher,357,63,154,142,0,61,0,0,7,3,0,0.6,,200,,,,,3,,,
CompleteGumtreeMatcher,357,63,154,142,0,61,0,0,7,3,0,0.6,,300,,,,,3,,,
CompleteGumtreeMatcher,357,63,154,142,0,61,0,0,7,3,0,0.6,,400,,,,,3,,,
CompleteGumtreeMatcher,357,63,154,142,0,61,0,0,7,3,0,0.6,,500,,,,,3,,,
CompleteGumtreeMatcher,357,63,154,142,0,61,0,0,7,3,0,0.6,,600,,,,,3,,,
CompleteGumtreeMatcher,357,63,154,142,0,61,0,0,7,3,0,0.6,,700,,,,,3,,,
CompleteGumtreeMatcher,357,63,154,142,0,61,0,0,7,3,0,0.6,,800,,,,,3,,,
CompleteGumtreeMatcher,357,63,154,142,0,61,0,0,7,3,0,0.6,,900,,,,,3,,,
CompleteGumtreeMatcher,357,63,154,142,0,61,0,0,6,3,0,0.6,,1000,,,,,3,,,
CompleteGumtreeMatcher,357,63,154,142,0,61,0,0,7,3,0,0.6,,1100,,,,,3,,,
CompleteGumtreeMatcher,357,63,154,142,0,61,0,0,7,3,0,0.6,,1200,,,,,3,,,
CompleteGumtreeMatcher,357,63,154,142,0,61,0,0,7,3,0,0.6,,1300,,,,,3,,,
CompleteGumtreeMatcher,357,63,154,142,0,61,0,0,7,3,0,0.6,,1400,,,,,3,,,
CompleteGumtreeMatcher,357,63,154,142,0,61,0,0,7,3,0,0.6,,1500,,,,,3,,,
CompleteGumtreeMatcher,357,63,154,142,0,61,0,0,7,3,0,0.6,,1600,,,,,3,,,
CompleteGumtreeMatcher,357,63,154,142,0,61,0,0,7,3,0,0.6,,1700,,,,,3,,,
CompleteGumtreeMatcher,357,63,154,142,0,61,0,0,7,3,0,0.6,,1800,,,,,3,,,
CompleteGumtreeMatcher,357,63,154,142,0,61,0,0,7,3,0,0.6,,1900,,,,,3,,,
CompleteGumtreeMatcher,357,63,154,142,0,61,0,0,6,3,0,0.6,,2000,,,,,3,,,
CompleteGumtreeMatcher,591,47,279,267,0,45,0,0,7,3,0,0.6,,100,,,,,4,,,
CompleteGumtreeMatcher,591,47,279,267,0,45,0,0,7,3,0,0.6,,200,,,,,4,,,
CompleteGumtreeMatcher,591,47,279,267,0,45,0,0,7,3,0,0.6,,300,,,,,4,,,
CompleteGumtreeMatcher,591,47,279,267,0,45,0,0,7,3,0,0.6,,400,,,,,4,,,
CompleteGumtreeMatcher,591,47,279,267,0,45,0,0,7,3,0,0.6,,500,,,,,4,,,
CompleteGumtreeMatcher,591,47,279,267,0,45,0,0,7,3,0,0.6,,600,,,,,4,,,
CompleteGumtreeMatcher,591,47,279,267,0,45,0,0,7,3,0,0.6,,700,,,,,4,,,
CompleteGumtreeMatcher,591,47,279,267,0,45,0,0,7,3,0,0.6,,800,,,,,4,,,
CompleteGumtreeMatcher,591,47,279,267,0,45,0,0,7,3,0,0.6,,900,,,,,4,,,
CompleteGumtreeMatcher,591,47,279,267,0,45,0,0,7,3,0,0.6,,1000,,,,,4,,,
CompleteGumtreeMatcher,591,47,279,267,0,45,0,0,7,3,0,0.6,,1100,,,,,4,,,
CompleteGumtreeMatcher,591,47,279,267,0,45,0,0,7,3,0,0.6,,1200,,,,,4,,,
CompleteGumtreeMatcher,591,47,279,267,0,45,0,0,7,3,0,0.6,,1300,,,,,4,,,
CompleteGumtreeMatcher,591,47,279,267,0,45,0,0,6,3,0,0.6,,1400,,,,,4,,,
CompleteGumtreeMatcher,591,47,279,267,0,45,0,0,8,3,0,0.6,,1500,,,,,4,,,
CompleteGumtreeMatcher,591,47,279,267,0,45,0,0,7,3,0,0.6,,1600,,,,,4,,,
CompleteGumtreeMatcher,591,47,279,267,0,45,0,0,7,3,0,0.6,,1700,,,,,4,,,
CompleteGumtreeMatcher,591,47,279,267,0,45,0,0,7,3,0,0.6,,1800,,,,,4,,,
CompleteGumtreeMatcher,591,47,279,267,0,45,0,0,7,3,0,0.6,,1900,,,,,4,,,
CompleteGumtreeMatcher,591,47,279,267,0,45,0,0,7,3,0,0.6,,2000,,,,,4,,,
CompleteGumtreeMatcher,1038,34,509,497,0,32,0,0,7,3,0,0.6,,100,,,,,5,,,
CompleteGumtreeMatcher,1038,34,509,497,0,32,0,0,7,3,0,0.6,,200,,,,,5,,,
CompleteGumtreeMatcher,1038,34,509,497,0,32,0,0,7,3,0,0.6,,300,,,,,5,,,
CompleteGumtreeMatcher,1038,34,509,497,0,32,0,0,7,3,0,0.6,,400,,,,,5,,,
CompleteGumtreeMatcher,1038,34,509,497,0,32,0,0,7,3,0,0.6,,500,,,,,5,,,
CompleteGumtreeMatcher,1038,34,509,497,0,32,0,0,7,3,0,0.6,,600,,,,,5,,,
CompleteGumtreeMatcher,1038,34,509,497,0,32,0,0,7,3,0,0.6,,700,,,,,5,,,
CompleteGumtreeMatcher,1038,34,509,497,0,32,0,0,7,3,0,0.6,,800,,,,,5,,,
CompleteGumtreeMatcher,1038,34,509,497,0,32,0,0,7,3,0,0.6,,900,,,,,5,,,
CompleteGumtreeMatcher,1038,34,509,497,0,32,0,0,7,3,0,0.6,,1000,,,,,5,,,
CompleteGumtreeMatcher,1038,34,509,497,0,32,0,0,7,3,0,0.6,,1100,,,,,5,,,
CompleteGumtreeMatcher,1038,34,509,497,0,32,0,0,8,3,0,0.6,,1200,,,,,5,,,
CompleteGumtreeMatcher,1038,34,509,497,0,32,0,0,7,3,0,0.6,,1300,,,,,5,,,
CompleteGumtreeMatcher,1038,34,509,497,0,32,0,0,7,3,0,0.6,,1400,,,,,5,,,
CompleteGumtreeMatcher,1038,34,509,497,0,32,0,0,7,3,0,0.6,,1500,,,,,5,,,
CompleteGumtreeMatcher,1038,34,509,497,0,32,0,0,7,3,0,0.6,,1600,,,,,5,,,
CompleteGumtreeMatcher,1038,34,509,497,0,32,0,0,8,3,0,0.6,,1700,,,,,5,,,
CompleteGumtreeMatcher,1038,34,509,497,0,32,0,0,8,3,0,0.6,,1800,,,,,5,,,
CompleteGumtreeMatcher,1038,34,509,497,0,32,0,0,7,3,0,0.6,,1900,,,,,5,,,
CompleteGumtreeMatcher,1038,34,509,497,0,32,0,0,7,3,0,0.6,,2000,,,,,5,,,
CompleteGumtreeMatcher,114,94,17,5,0,92,0,0,7,3,0,0.7,,100,,,,,1,,,
CompleteGumtreeMatcher,114,94,17,5,0,92,0,0,7,3,0,0.7,,200,,,,,1,,,
CompleteGumtreeMatcher,114,94,17,5,0,92,0,0,7,3,0,0.7,,300,,,,,1,,,
CompleteGumtreeMatcher,114,94,17,5,0,92,0,0,7,3,0,0.7,,400,,,,,1,,,
CompleteGumtreeMatcher,114,94,17,5,0,92,0,0,7,3,0,0.7,,500,,,,,1,,,
CompleteGumtreeMatcher,114,94,17,5,0,92,0,0,7,3,0,0.7,,600,,,,,1,,,
CompleteGumtreeMatcher,114,94,17,5,0,92,0,0,6,3,0,0.7,,700,,,,,1,,,
CompleteGumtreeMatcher,114,94,17,5,0,92,0,0,7,3,0,0.7,,800,,,,,1,,,
CompleteGumtreeMatcher,114,94,17,5,0,92,0,0,6,3,0,0.7,,900,,,,,1,,,
CompleteGumtreeMatcher,114,94,17,5,0,92,0,0,7,3,0,0.7,,1000,,,,,1,,,
CompleteGumtreeMatcher,114,94,17,5,0,92,0,0,7,3,0,0.7,,1100,,,,,1,,,
CompleteGumtreeMatcher,114,94,17,5,0,92,0,0,6,3,0,0.7,,1200,,,,,1,,,
CompleteGumtreeMatcher,114,94,17,5,0,92,0,0,7,3,0,0.7,,1300,,,,,1,,,
CompleteGumtreeMatcher,114,94,17,5,0,92,0,0,6,3,0,0.7,,1400,,,,,1,,,
CompleteGumtreeMatcher,114,94,17,5,0,92,0,0,7,3,0,0.7,,1500,,,,,1,,,
CompleteGumtreeMatcher,114,94,17,5,0,92,0,0,7,3,0,0.7,,1600,,,,,1,,,
CompleteGumtreeMatcher,114,94,17,5,0,92,0,0,8,3,0,0.7,,1700,,,,,1,,,
CompleteGumtreeMatcher,114,94,17,5,0,92,0,0,7,3,0,0.7,,1800,,,,,1,,,
CompleteGumtreeMatcher,114,94,17,5,0,92,0,0,7,3,0,0.7,,1900,,,,,1,,,
CompleteGumtreeMatcher,114,94,17,5,0,92,0,0,7,3,0,0.7,,2000,,,,,1,,,
CompleteGumtreeMatcher,140,86,34,22,0,84,0,0,7,3,0,0.7,,100,,,,,2,,,
CompleteGumtreeMatcher,140,86,34,22,0,84,0,0,7,3,0,0.7,,200,,,,,2,,,
CompleteGumtreeMatcher,140,86,34,22,0,84,0,0,6,3,0,0.7,,300,,,,,2,,,
CompleteGumtreeMatcher,140,86,34,22,0,84,0,0,7,3,0,0.7,,400,,,,,2,,,
CompleteGumtreeMatcher,140,86,34,22,0,84,0,0,7,3,0,0.7,,500,,,,,2,,,
CompleteGumtreeMatcher,140,86,34,22,0,84,0,0,7,3,0,0.7,,600,,,,,2,,,
CompleteGumtreeMatcher,140,86,34,22,0,84,0,0,6,3,0,0.7,,700,,,,,2,,,
CompleteGumtreeMatcher,140,86,34,22,0,84,0,0,7,3,0,0.7,,800,,,,,2,,,
CompleteGumtreeMatcher,140,86,34,22,0,84,0,0,7,3,0,0.7,,900,,,,,2,,,
CompleteGumtreeMatcher,140,86,34,22,0,84,0,0,7,3,0,0.7,,1000,,,,,2,,,
CompleteGumtreeMatcher,140,86,34,22,0,84,0,0,7,3,0,0.7,,1100,,,,,2,,,
CompleteGumtreeMatcher,140,86,34,22,0,84,0,0,7,3,0,0.7,,1200,,,,,2,,,
CompleteGumtreeMatcher,140,86,34,22,0,84,0,0,6,3,0,0.7,,1300,,,,,2,,,
CompleteGumtreeMatcher,140,86,34,22,0,84,0,0,7,3,0,0.7,,1400,,,,,2,,,
CompleteGumtreeMatcher,140,86,34,22,0,84,0,0,7,3,0,0.7,,1500,,,,,2,,,
CompleteGumtreeMatcher,140,86,34,22,0,84,0,0,7,3,0,0.7,,1600,,,,,2,,,
CompleteGumtreeMatcher,140,86,34,22,0,84,0,0,7,3,0,0.7,,1700,,,,,2,,,
CompleteGumtreeMatcher,140,86,34,22,0,84,0,0,6,3,0,0.7,,1800,,,,,2,,,
CompleteGumtreeMatcher,140,86,34,22,0,84,0,0,7,3,0,0.7,,1900,,,,,2,,,
CompleteGumtreeMatcher,140,86,34,22,0,84,0,0,7,3,0,0.7,,2000,,,,,2,,,
CompleteGumtreeMatcher,357,63,154,142,0,61,0,0,7,3,0,0.7,,100,,,,,3,,,
CompleteGumtreeMatcher,357,63,154,142,0,61,0,0,7,3,0,0.7,,200,,,,,3,,,
CompleteGumtreeMatcher,357,63,154,142,0,61,0,0,7,3,0,0.7,,300,,,,,3,,,
CompleteGumtreeMatcher,357,63,154,142,0,61,0,0,7,3,0,0.7,,400,,,,,3,,,
CompleteGumtreeMatcher,357,63,154,142,0,61,0,0,7,3,0,0.7,,500,,,,,3,,,
CompleteGumtreeMatcher,357,63,154,142,0,61,0,0,7,3,0,0.7,,600,,,,,3,,,
CompleteGumtreeMatcher,357,63,154,142,0,61,0,0,7,3,0,0.7,,700,,,,,3,,,
CompleteGumtreeMatcher,357,63,154,142,0,61,0,0,7,3,0,0.7,,800,,,,,3,,,
CompleteGumtreeMatcher,357,63,154,142,0,61,0,0,7,3,0,0.7,,900,,,,,3,,,
CompleteGumtreeMatcher,357,63,154,142,0,61,0,0,7,3,0,0.7,,1000,,,,,3,,,
CompleteGumtreeMatcher,357,63,154,142,0,61,0,0,7,3,0,0.7,,1100,,,,,3,,,
CompleteGumtreeMatcher,357,63,154,142,0,61,0,0,7,3,0,0.7,,1200,,,,,3,,,
CompleteGumtreeMatcher,357,63,154,142,0,61,0,0,7,3,0,0.7,,1300,,,,,3,,,
CompleteGumtreeMatcher,357,63,154,142,0,61,0,0,7,3,0,0.7,,1400,,,,,3,,,
CompleteGumtreeMatcher,357,63,154,142,0,61,0,0,7,3,0,0.7,,1500,,,,,3,,,
CompleteGumtreeMatcher,357,63,154,142,0,61,0,0,7,3,0,0.7,,1600,,,,,3,,,
CompleteGumtreeMatcher,357,63,154,142,0,61,0,0,7,3,0,0.7,,1700,,,,,3,,,
CompleteGumtreeMatcher,357,63,154,142,0,61,0,0,7,3,0,0.7,,1800,,,,,3,,,
CompleteGumtreeMatcher,357,63,154,142,0,61,0,0,7,3,0,0.7,,1900,,,,,3,,,
CompleteGumtreeMatcher,357,63,154,142,0,61,0,0,7,3,0,0.7,,2000,,,,,3,,,
CompleteGumtreeMatcher,591,47,279,267,0,45,0,0,7,3,0,0.7,,100,,,,,4,,,
CompleteGumtreeMatcher,591,47,279,267,0,45,0,0,7,3,0,0.7,,200,,,,,4,,,
CompleteGumtreeMatcher,591,47,279,267,0,45,0,0,8,3,0,0.7,,300,,,,,4,,,
CompleteGumtreeMatcher,591,47,279,267,0,45,0,0,6,3,0,0.7,,400,,,,,4,,,
CompleteGumtreeMatcher,591,47,279,267,0,45,0,0,7,3,0,0.7,,500,,,,,4,,,
CompleteGumtreeMatcher,591,47,279,267,0,45,0,0,7,3,0,0.7,,600,,,,,4,,,
CompleteGumtreeMatcher,591,47,279,267,0,45,0,0,8,3,0,0.7,,700,,,,,4,,,
CompleteGumtreeMatcher,591,47,279,267,0,45,0,0,7,3,0,0.7,,800,,,,,4,,,
CompleteGumtreeMatcher,591,47,279,267,0,45,0,0,7,3,0,0.7,,900,,,,,4,,,
CompleteGumtreeMatcher,591,47,279,267,0,45,0,0,7,3,0,0.7,,1000,,,,,4,,,
CompleteGumtreeMatcher,591,47,279,267,0,45,0,0,7,3,0,0.7,,1100,,,,,4,,,
CompleteGumtreeMatcher,591,47,279,267,0,45,0,0,7,3,0,0.7,,1200,,,,,4,,,
CompleteGumtreeMatcher,591,47,279,267,0,45,0,0,6,3,0,0.7,,1300,,,,,4,,,
CompleteGumtreeMatcher,591,47,279,267,0,45,0,0,7,3,0,0.7,,1400,,,,,4,,,
CompleteGumtreeMatcher,591,47,279,267,0,45,0,0,7,3,0,0.7,,1500,,,,,4,,,
CompleteGumtreeMatcher,591,47,279,267,0,45,0,0,7,3,0,0.7,,1600,,,,,4,,,
CompleteGumtreeMatcher,591,47,279,267,0,45,0,0,8,3,0,0.7,,1700,,,,,4,,,
CompleteGumtreeMatcher,591,47,279,267,0,45,0,0,7,3,0,0.7,,1800,,,,,4,,,
CompleteGumtreeMatcher,591,47,279,267,0,45,0,0,7,3,0,0.7,,1900,,,,,4,,,
CompleteGumtreeMatcher,591,47,279,267,0,45,0,0,7,3,0,0.7,,2000,,,,,4,,,
CompleteGumtreeMatcher,1038,34,509,497,0,32,0,0,7,3,0,0.7,,100,,,,,5,,,
CompleteGumtreeMatcher,1038,34,509,497,0,32,0,0,8,3,0,0.7,,200,,,,,5,,,
CompleteGumtreeMatcher,1038,34,509,497,0,32,0,0,8,3,0,0.7,,300,,,,,5,,,
CompleteGumtreeMatcher,1038,34,509,497,0,32,0,0,7,3,0,0.7,,400,,,,,5,,,
CompleteGumtreeMatcher,1038,34,509,497,0,32,0,0,7,3,0,0.7,,500,,,,,5,,,
CompleteGumtreeMatcher,1038,34,509,497,0,32,0,0,8,3,0,0.7,,600,,,,,5,,,
CompleteGumtreeMatcher,1038,34,509,497,0,32,0,0,7,3,0,0.7,,700,,,,,5,,,
CompleteGumtreeMatcher,1038,34,509,497,0,32,0,0,7,3,0,0.7,,800,,,,,5,,,
CompleteGumtreeMatcher,1038,34,509,497,0,32,0,0,7,3,0,0.7,,900,,,,,5,,,
CompleteGumtreeMatcher,1038,34,509,497,0,32,0,0,7,3,0,0.7,,1000,,,,,5,,,
CompleteGumtreeMatcher,1038,34,509,497,0,32,0,0,7,3,0,0.7,,1100,,,,,5,,,
CompleteGumtreeMatcher,1038,34,509,497,0,32,0,0,7,3,0,0.7,,1200,,,,,5,,,
CompleteGumtreeMatcher,1038,34,509,497,0,32,0,0,7,3,0,0.7,,1300,,,,,5,,,
CompleteGumtreeMatcher,1038,34,509,497,0,32,0,0,7,3,0,0.7,,1400,,,,,5,,,
CompleteGumtreeMatcher,1038,34,509,497,0,32,0,0,7,3,0,0.7,,1500,,,,,5,,,
CompleteGumtreeMatcher,1038,34,509,497,0,32,0,0,7,3,0,0.7,,1600,,,,,5,,,
CompleteGumtreeMatcher,1038,34,509,497,0,32,0,0,7,3,0,0.7,,1700,,,,,5,,,
CompleteGumtreeMatcher,1038,34,509,497,0,32,0,0,7,3,0,0.7,,1800,,,,,5,,,
CompleteGumtreeMatcher,1038,34,509,497,0,32,0,0,8,3,0,0.7,,1900,,,,,5,,,
CompleteGumtreeMatcher,1038,34,509,497,0,32,0,0,7,3,0,0.7,,2000,,,,,5,,,
CompleteGumtreeMatcher,114,94,17,5,0,92,0,0,7,3,0,0.799,,100,,,,,1,,,
CompleteGumtreeMatcher,114,94,17,5,0,92,0,0,7,3,0,0.799,,200,,,,,1,,,
CompleteGumtreeMatcher,114,94,17,5,0,92,0,0,7,3,0,0.799,,300,,,,,1,,,
CompleteGumtreeMatcher,114,94,17,5,0,92,0,0,6,3,0,0.799,,400,,,,,1,,,
CompleteGumtreeMatcher,114,94,17,5,0,92,0,0,7,3,0,0.799,,500,,,,,1,,,
CompleteGumtreeMatcher,114,94,17,5,0,92,0,0,7,3,0,0.799,,600,,,,,1,,,
CompleteGumtreeMatcher,114,94,17,5,0,92,0,0,7,3,0,0.799,,700,,,,,1,,,
CompleteGumtreeMatcher,114,94,17,5,0,92,0,0,7,3,0,0.799,,800,,,,,1,,,
CompleteGumtreeMatcher,114,94,17,5,0,92,0,0,7,3,0,0.799,,900,,,,,1,,,
CompleteGumtreeMatcher,114,94,17,5,0,92,0,0,7,3,0,0.799,,1000,,,,,1,,,
CompleteGumtreeMatcher,114,94,17,5,0,92,0,0,7,3,0,0.799,,1100,,,,,1,,,
CompleteGumtreeMatcher,114,94,17,5,0,92,0,0,6,3,0,0.799,,1200,,,,,1,,,
CompleteGumtreeMatcher,114,94,17,5,0,92,0,0,7,3,0,0.799,,1300,,,,,1,,,
CompleteGumtreeMatcher,114,94,17,5,0,92,0,0,6,3,0,0.799,,1400,,,,,1,,,
CompleteGumtreeMatcher,114,94,17,5,0,92,0,0,6,3,0,0.799,,1500,,,,,1,,,
CompleteGumtreeMatcher,114,94,17,5,0,92,0,0,7,3,0,0.799,,1600,,,,,1,,,
CompleteGumtreeMatcher,114,94,17,5,0,92,0,0,7,3,0,0.799,,1700,,,,,1,,,
CompleteGumtreeMatcher,114,94,17,5,0,92,0,0,7,3,0,0.799,,1800,,,,,1,,,
CompleteGumtreeMatcher,114,94,17,5,0,92,0,0,6,3,0,0.799,,1900,,,,,1,,,
CompleteGumtreeMatcher,114,94,17,5,0,92,0,0,7,3,0,0.799,,2000,,,,,1,,,
CompleteGumtreeMatcher,140,86,34,22,0,84,0,0,6,3,0,0.799,,100,,,,,2,,,
CompleteGumtreeMatcher,140,86,34,22,0,84,0,0,7,3,0,0.799,,200,,,,,2,,,
CompleteGumtreeMatcher,140,86,34,22,0,84,0,0,7,3,0,0.799,,300,,,,,2,,,
CompleteGumtreeMatcher,140,86,34,22,0,84,0,0,7,3,0,0.799,,400,,,,,2,,,
CompleteGumtreeMatcher,140,86,34,22,0,84,0,0,7,3,0,0.799,,500,,,,,2,,,
CompleteGumtreeMatcher,140,86,34,22,0,84,0,0,7,3,0,0.799,,600,,,,,2,,,
CompleteGumtreeMatcher,140,86,34,22,0,84,0,0,7,3,0,0.799,,700,,,,,2,,,
CompleteGumtreeMatcher,140,86,34,22,0,84,0,0,7,3,0,0.799,,800,,,,,2,,,
CompleteGumtreeMatcher,140,86,34,22,0,84,0,0,7,3,0,0.799,,900,,,,,2,,,
CompleteGumtreeMatcher,140,86,34,22,0,84,0,0,7,3,0,0.799,,1000,,,,,2,,,
CompleteGumtreeMatcher,140,86,34,22,0,84,0,0,7,3,0,0.799,,1100,,,,,2,,,
CompleteGumtreeMatcher,140,86,34,22,0,84,0,0,7,3,0,0.799,,1200,,,,,2,,,
CompleteGumtreeMatcher,140,86,34,22,0,84,0,0,6,3,0,0.799,,1300,,,,,2,,,
CompleteGumtreeMatcher,140,86,34,22,0,84,0,0,7,3,0,0.799,,1400,,,,,2,,,
CompleteGumtreeMatcher,140,86,34,22,0,84,0,0,7,3,0,0.799,,1500,,,,,2,,,
CompleteGumtreeMatcher,140,86,34,22,0,84,0,0,6,3,0,0.799,,1600,,,,,2,,,
CompleteGumtreeMatcher,140,86,34,22,0,84,0,0,7,3,0,0.799,,1700,,,,,2,,,
CompleteGumtreeMatcher,140,86,34,22,0,84,0,0,7,3,0,0.799,,1800,,,,,2,,,
CompleteGumtreeMatcher,140,86,34,22,0,84,0,0,7,3,0,0.799,,1900,,,,,2,,,
CompleteGumtreeMatcher,140,86,34,22,0,84,0,0,7,3,0,0.799,,2000,,,,,2,,,
CompleteGumtreeMatcher,357,63,154,142,0,61,0,0,7,3,0,0.799,,100,,,,,3,,,
CompleteGumtreeMatcher,357,63,154,142,0,61,0,0,7,3,0,0.799,,200,,,,,3,,,
CompleteGumtreeMatcher,357,63,154,142,0,61,0,0,7,3,0,0.799,,300,,,,,3,,,
CompleteGumtreeMatcher,357,63,154,142,0,61,0,0,7,3,0,0.799,,400,,,,,3,,,
CompleteGumtreeMatcher,357,63,154,142,0,61,0,0,7,3,0,0.799,,500,,,,,3,,,
CompleteGumtreeMatcher,357,63,154,142,0,61,0,0,7,3,0,0.799,,600,,,,,3,,,
CompleteGumtreeMatcher,357,63,154,142,0,61,0,0,7,3,0,0.799,,700,,,,,3,,,
CompleteGumtreeMatcher,357,63,154,142,0,61,0,0,7,3,0,0.799,,800,,,,,3,,,
CompleteGumtreeMatcher,357,63,154,142,0,61,0,0,7,3,0,0.799,,900,,,,,3,,,
CompleteGumtreeMatcher,357,63,154,142,0,61,0,0,7,3,0,0.799,,1000,,,,,3,,,
CompleteGumtreeMatcher,357,63,154,142,0,61,0,0,7,3,0,0.799,,1100,,,,,3,,,
CompleteGumtreeMatcher,357,63,154,142,0,61,0,0,6,3,0,0.799,,1200,,,,,3,,,
CompleteGumtreeMatcher,357,63,154,142,0,61,0,0,7,3,0,0.799,,1300,,,,,3,,,
CompleteGumtreeMatcher,357,63,154,142,0,61,0,0,7,3,0,0.799,,1400,,,,,3,,,
CompleteGumtreeMatcher,357,63,154,142,0,61,0,0,7,3,0,0.799,,1500,,,,,3,,,
CompleteGumtreeMatcher,357,63,154,142,0,61,0,0,7,3,0,0.799,,1600,,,,,3,,,
CompleteGumtreeMatcher,357,63,154,142,0,61,0,0,7,3,0,0.799,,1700,,,,,3,,,
CompleteGumtreeMatcher,357,63,154,142,0,61,0,0,7,3,0,0.799,,1800,,,,,3,,,
CompleteGumtreeMatcher,357,63,154,142,0,61,0,0,7,3,0,0.799,,1900,,,,,3,,,
CompleteGumtreeMatcher,357,63,154,142,0,61,0,0,7,3,0,0.799,,2000,,,,,3,,,
CompleteGumtreeMatcher,591,47,279,267,0,45,0,0,7,3,0,0.799,,100,,,,,4,,,
CompleteGumtreeMatcher,591,47,279,267,0,45,0,0,7,3,0,0.799,,200,,,,,4,,,
CompleteGumtreeMatcher,591,47,279,267,0,45,0,0,7,3,0,0.799,,300,,,,,4,,,
CompleteGumtreeMatcher,591,47,279,267,0,45,0,0,7,3,0,0.799,,400,,,,,4,,,
CompleteGumtreeMatcher,591,47,279,267,0,45,0,0,7,3,0,0.799,,500,,,,,4,,,
CompleteGumtreeMatcher,591,47,279,267,0,45,0,0,7,3,0,0.799,,600,,,,,4,,,
CompleteGumtreeMatcher,591,47,279,267,0,45,0,0,7,3,0,0.799,,700,,,,,4,,,
CompleteGumtreeMatcher,591,47,279,267,0,45,0,0,7,3,0,0.799,,800,,,,,4,,,
CompleteGumtreeMatcher,591,47,279,267,0,45,0,0,7,3,0,0.799,,900,,,,,4,,,
CompleteGumtreeMatcher,591,47,279,267,0,45,0,0,7,3,0,0.799,,1000,,,,,4,,,
CompleteGumtreeMatcher,591,47,279,267,0,45,0,0,7,3,0,0.799,,1100,,,,,4,,,
CompleteGumtreeMatcher,591,47,279,267,0,45,0,0,7,3,0,0.799,,1200,,,,,4,,,
CompleteGumtreeMatcher,591,47,279,267,0,45,0,0,7,3,0,0.799,,1300,,,,,4,,,
CompleteGumtreeMatcher,591,47,279,267,0,45,0,0,7,3,0,0.799,,1400,,,,,4,,,
CompleteGumtreeMatcher,591,47,279,267,0,45,0,0,7,3,0,0.799,,1500,,,,,4,,,
CompleteGumtreeMatcher,591,47,279,267,0,45,0,0,8,3,0,0.799,,1600,,,,,4,,,
CompleteGumtreeMatcher,591,47,279,267,0,45,0,0,7,3,0,0.799,,1700,,,,,4,,,
CompleteGumtreeMatcher,591,47,279,267,0,45,0,0,7,3,0,0.799,,1800,,,,,4,,,
CompleteGumtreeMatcher,591,47,279,267,0,45,0,0,7,3,0,0.799,,1900,,,,,4,,,
CompleteGumtreeMatcher,591,47,279,267,0,45,0,0,7,3,0,0.799,,2000,,,,,4,,,
CompleteGumtreeMatcher,1038,34,509,497,0,32,0,0,7,3,0,0.799,,100,,,,,5,,,
CompleteGumtreeMatcher,1038,34,509,497,0,32,0,0,8,3,0,0.799,,200,,,,,5,,,
CompleteGumtreeMatcher,1038,34,509,497,0,32,0,0,8,3,0,0.799,,300,,,,,5,,,
CompleteGumtreeMatcher,1038,34,509,497,0,32,0,0,8,3,0,0.799,,400,,,,,5,,,
CompleteGumtreeMatcher,1038,34,509,497,0,32,0,0,7,3,0,0.799,,500,,,,,5,,,
CompleteGumtreeMatcher,1038,34,509,497,0,32,0,0,7,3,0,0.799,,600,,,,,5,,,
CompleteGumtreeMatcher,1038,34,509,497,0,32,0,0,7,3,0,0.799,,700,,,,,5,,,
CompleteGumtreeMatcher,1038,34,509,497,0,32,0,0,7,3,0,0.799,,800,,,,,5,,,
CompleteGumtreeMatcher,1038,34,509,497,0,32,0,0,7,3,0,0.799,,900,,,,,5,,,
CompleteGumtreeMatcher,1038,34,509,497,0,32,0,0,7,3,0,0.799,,1000,,,,,5,,,
CompleteGumtreeMatcher,1038,34,509,497,0,32,0,0,7,3,0,0.799,,1100,,,,,5,,,
CompleteGumtreeMatcher,1038,34,509,497,0,32,0,0,7,3,0,0.799,,1200,,,,,5,,,
CompleteGumtreeMatcher,1038,34,509,497,0,32,0,0,7,3,0,0.799,,1300,,,,,5,,,
CompleteGumtreeMatcher,1038,34,509,497,0,32,0,0,7,3,0,0.799,,1400,,,,,5,,,
CompleteGumtreeMatcher,1038,34,509,497,0,32,0,0,7,3,0,0.799,,1500,,,,,5,,,
CompleteGumtreeMatcher,1038,34,509,497,0,32,0,0,7,3,0,0.799,,1600,,,,,5,,,
CompleteGumtreeMatcher,1038,34,509,497,0,32,0,0,8,3,0,0.799,,1700,,,,,5,,,
CompleteGumtreeMatcher,1038,34,509,497,0,32,0,0,7,3,0,0.799,,1800,,,,,5,,,
CompleteGumtreeMatcher,1038,34,509,497,0,32,0,0,7,3,0,0.799,,1900,,,,,5,,,
CompleteGumtreeMatcher,1038,34,509,497,0,32,0,0,7,3,0,0.799,,2000,,,,,5,,,
CompleteGumtreeMatcher,114,94,17,5,0,92,0,0,7,3,0,0.899,,100,,,,,1,,,
CompleteGumtreeMatcher,114,94,17,5,0,92,0,0,7,3,0,0.899,,200,,,,,1,,,
CompleteGumtreeMatcher,114,94,17,5,0,92,0,0,7,3,0,0.899,,300,,,,,1,,,
CompleteGumtreeMatcher,114,94,17,5,0,92,0,0,7,3,0,0.899,,400,,,,,1,,,
CompleteGumtreeMatcher,114,94,17,5,0,92,0,0,7,3,0,0.899,,500,,,,,1,,,
CompleteGumtreeMatcher,114,94,17,5,0,92,0,0,7,3,0,0.899,,600,,,,,1,,,
CompleteGumtreeMatcher,114,94,17,5,0,92,0,0,7,3,0,0.899,,700,,,,,1,,,
CompleteGumtreeMatcher,114,94,17,5,0,92,0,0,7,3,0,0.899,,800,,,,,1,,,
CompleteGumtreeMatcher,114,94,17,5,0,92,0,0,7,3,0,0.899,,900,,,,,1,,,
CompleteGumtreeMatcher,114,94,17,5,0,92,0,0,7,3,0,0.899,,1000,,,,,1,,,
CompleteGumtreeMatcher,114,94,17,5,0,92,0,0,6,3,0,0.899,,1100,,,,,1,,,
CompleteGumtreeMatcher,114,94,17,5,0,92,0,0,6,3,0,0.899,,1200,,,,,1,,,
CompleteGumtreeMatcher,114,94,17,5,0,92,0,0,7,3,0,0.899,,1300,,,,,1,,,
CompleteGumtreeMatcher,114,94,17,5,0,92,0,0,7,3,0,0.899,,1400,,,,,1,,,
CompleteGumtreeMatcher,114,94,17,5,0,92,0,0,7,3,0,0.899,,1500,,,,,1,,,
CompleteGumtreeMatcher,114,94,17,5,0,92,0,0,7,3,0,0.899,,1600,,,,,1,,,
CompleteGumtreeMatcher,114,94,17,5,0,92,0,0,7,3,0,0.899,,1700,,,,,1,,,
CompleteGumtreeMatcher,114,94,17,5,0,92,0,0,7,3,0,0.899,,1800,,,,,1,,,
CompleteGumtreeMatcher,114,94,17,5,0,92,0,0,7,3,0,0.899,,1900,,,,,1,,,
CompleteGumtreeMatcher,114,94,17,5,0,92,0,0,7,3,0,0.899,,2000,,,,,1,,,
CompleteGumtreeMatcher,140,86,34,22,0,84,0,0,7,3,0,0.899,,100,,,,,2,,,
CompleteGumtreeMatcher,140,86,34,22,0,84,0,0,7,3,0,0.899,,200,,,,,2,,,
CompleteGumtreeMatcher,140,86,34,22,0,84,0,0,7,3,0,0.899,,300,,,,,2,,,
CompleteGumtreeMatcher,140,86,34,22,0,84,0,0,7,3,0,0.899,,400,,,,,2,,,
CompleteGumtreeMatcher,140,86,34,22,0,84,0,0,6,3,0,0.899,,500,,,,,2,,,
CompleteGumtreeMatcher,140,86,34,22,0,84,0,0,7,3,0,0.899,,600,,,,,2,,,
CompleteGumtreeMatcher,140,86,34,22,0,84,0,0,6,3,0,0.899,,700,,,,,2,,,
CompleteGumtreeMatcher,140,86,34,22,0,84,0,0,6,3,0,0.899,,800,,,,,2,,,
CompleteGumtreeMatcher,140,86,34,22,0,84,0,0,7,3,0,0.899,,900,,,,,2,,,
CompleteGumtreeMatcher,140,86,34,22,0,84,0,0,7,3,0,0.899,,1000,,,,,2,,,
CompleteGumtreeMatcher,140,86,34,22,0,84,0,0,7,3,0,0.899,,1100,,,,,2,,,
CompleteGumtreeMatcher,140,86,34,22,0,84,0,0,7,3,0,0.899,,1200,,,,,2,,,
CompleteGumtreeMatcher,140,86,34,22,0,84,0,0,6,3,0,0.899,,1300,,,,,2,,,
CompleteGumtreeMatcher,140,86,34,22,0,84,0,0,7,3,0,0.899,,1400,,,,,2,,,
CompleteGumtreeMatcher,140,86,34,22,0,84,0,0,7,3,0,0.899,,1500,,,,,2,,,
CompleteGumtreeMatcher,140,86,34,22,0,84,0,0,7,3,0,0.899,,1600,,,,,2,,,
CompleteGumtreeMatcher,140,86,34,22,0,84,0,0,7,3,0,0.899,,1700,,,,,2,,,
CompleteGumtreeMatcher,140,86,34,22,0,84,0,0,7,3,0,0.899,,1800,,,,,2,,,
CompleteGumtreeMatcher,140,86,34,22,0,84,0,0,6,3,0,0.899,,1900,,,,,2,,,
CompleteGumtreeMatcher,140,86,34,22,0,84,0,0,6,3,0,0.899,,2000,,,,,2,,,
CompleteGumtreeMatcher,357,63,154,142,0,61,0,0,7,3,0,0.899,,100,,,,,3,,,
CompleteGumtreeMatcher,357,63,154,142,0,61,0,0,7,3,0,0.899,,200,,,,,3,,,
CompleteGumtreeMatcher,357,63,154,142,0,61,0,0,7,3,0,0.899,,300,,,,,3,,,
CompleteGumtreeMatcher,357,63,154,142,0,61,0,0,7,3,0,0.899,,400,,,,,3,,,
CompleteGumtreeMatcher,357,63,154,142,0,61,0,0,7,3,0,0.899,,500,,,,,3,,,
CompleteGumtreeMatcher,357,63,154,142,0,61,0,0,7,3,0,0.899,,600,,,,,3,,,
CompleteGumtreeMatcher,357,63,154,142,0,61,0,0,7,3,0,0.899,,700,,,,,3,,,
CompleteGumtreeMatcher,357,63,154,142,0,61,0,0,7,3,0,0.899,,800,,,,,3,,,
CompleteGumtreeMatcher,357,63,154,142,0,61,0,0,7,3,0,0.899,,900,,,,,3,,,
CompleteGumtreeMatcher,357,63,154,142,0,61,0,0,7,3,0,0.899,,1000,,,,,3,,,
CompleteGumtreeMatcher,357,63,154,142,0,61,0,0,7,3,0,0.899,,1100,,,,,3,,,
CompleteGumtreeMatcher,357,63,154,142,0,61,0,0,7,3,0,0.899,,1200,,,,,3,,,
CompleteGumtreeMatcher,357,63,154,142,0,61,0,0,7,3,0,0.899,,1300,,,,,3,,,
CompleteGumtreeMatcher,357,63,154,142,0,61,0,0,7,3,0,0.899,,1400,,,,,3,,,
CompleteGumtreeMatcher,357,63,154,142,0,61,0,0,7,3,0,0.899,,1500,,,,,3,,,
CompleteGumtreeMatcher,357,63,154,142,0,61,0,0,7,3,0,0.899,,1600,,,,,3,,,
CompleteGumtreeMatcher,357,63,154,142,0,61,0,0,7,3,0,0.899,,1700,,,,,3,,,
CompleteGumtreeMatcher,357,63,154,142,0,61,0,0,7,3,0,0.899,,1800,,,,,3,,,
CompleteGumtreeMatcher,357,63,154,142,0,61,0,0,7,3,0,0.899,,1900,,,,,3,,,
CompleteGumtreeMatcher,357,63,154,142,0,61,0,0,6,3,0,0.899,,2000,,,,,3,,,
CompleteGumtreeMatcher,591,47,279,267,0,45,0,0,7,3,0,0.899,,100,,,,,4,,,
CompleteGumtreeMatcher,591,47,279,267,0,45,0,0,7,3,0,0.899,,200,,,,,4,,,
CompleteGumtreeMatcher,591,47,279,267,0,45,0,0,7,3,0,0.899,,300,,,,,4,,,
CompleteGumtreeMatcher,591,47,279,267,0,45,0,0,7,3,0,0.899,,400,,,,,4,,,
CompleteGumtreeMatcher,591,47,279,267,0,45,0,0,7,3,0,0.899,,500,,,,,4,,,
CompleteGumtreeMatcher,591,47,279,267,0,45,0,0,7,3,0,0.899,,600,,,,,4,,,
CompleteGumtreeMatcher,591,47,279,267,0,45,0,0,7,3,0,0.899,,700,,,,,4,,,
CompleteGumtreeMatcher,591,47,279,267,0,45,0,0,7,3,0,0.899,,800,,,,,4,,,
CompleteGumtreeMatcher,591,47,279,267,0,45,0,0,7,3,0,0.899,,900,,,,,4,,,
CompleteGumtreeMatcher,591,47,279,267,0,45,0,0,8,3,0,0.899,,1000,,,,,4,,,
CompleteGumtreeMatcher,591,47,279,267,0,45,0,0,7,3,0,0.899,,1100,,,,,4,,,
CompleteGumtreeMatcher,591,47,279,267,0,45,0,0,7,3,0,0.899,,1200,,,,,4,,,
CompleteGumtreeMatcher,591,47,279,267,0,45,0,0,7,3,0,0.899,,1300,,,,,4,,,
CompleteGumtreeMatcher,591,47,279,267,0,45,0,0,7,3,0,0.899,,1400,,,,,4,,,
CompleteGumtreeMatcher,591,47,279,267,0,45,0,0,7,3,0,0.899,,1500,,,,,4,,,
CompleteGumtreeMatcher,591,47,279,267,0,45,0,0,7,3,0,0.899,,1600,,,,,4,,,
CompleteGumtreeMatcher,591,47,279,267,0,45,0,0,7,3,0,0.899,,1700,,,,,4,,,
CompleteGumtreeMatcher,591,47,279,267,0,45,0,0,8,3,0,0.899,,1800,,,,,4,,,
CompleteGumtreeMatcher,591,47,279,267,0,45,0,0,8,3,0,0.899,,1900,,,,,4,,,
CompleteGumtreeMatcher,591,47,279,267,0,45,0,0,7,3,0,0.899,,2000,,,,,4,,,
CompleteGumtreeMatcher,1038,34,509,497,0,32,0,0,7,3,0,0.899,,100,,,,,5,,,
CompleteGumtreeMatcher,1038,34,509,497,0,32,0,0,7,3,0,0.899,,200,,,,,5,,,
CompleteGumtreeMatcher,1038,34,509,497,0,32,0,0,7,3,0,0.899,,300,,,,,5,,,
CompleteGumtreeMatcher,1038,34,509,497,0,32,0,0,7,3,0,0.899,,400,,,,,5,,,
CompleteGumtreeMatcher,1038,34,509,497,0,32,0,0,8,3,0,0.899,,500,,,,,5,,,
CompleteGumtreeMatcher,1038,34,509,497,0,32,0,0,7,3,0,0.899,,600,,,,,5,,,
CompleteGumtreeMatcher,1038,34,509,497,0,32,0,0,8,3,0,0.899,,700,,,,,5,,,
CompleteGumtreeMatcher,1038,34,509,497,0,32,0,0,7,3,0,0.899,,800,,,,,5,,,
CompleteGumtreeMatcher,1038,34,509,497,0,32,0,0,7,3,0,0.899,,900,,,,,5,,,
CompleteGumtreeMatcher,1038,34,509,497,0,32,0,0,7,3,0,0.899,,1000,,,,,5,,,
CompleteGumtreeMatcher,1038,34,509,497,0,32,0,0,8,3,0,0.899,,1100,,,,,5,,,
CompleteGumtreeMatcher,1038,34,509,497,0,32,0,0,7,3,0,0.899,,1200,,,,,5,,,
CompleteGumtreeMatcher,1038,34,509,497,0,32,0,0,7,3,0,0.899,,1300,,,,,5,,,
CompleteGumtreeMatcher,1038,34,509,497,0,32,0,0,7,3,0,0.899,,1400,,,,,5,,,
CompleteGumtreeMatcher,1038,34,509,497,0,32,0,0,7,3,0,0.899,,1500,,,,,5,,,
CompleteGumtreeMatcher,1038,34,509,497,0,32,0,0,7,3,0,0.899,,1600,,,,,5,,,
CompleteGumtreeMatcher,1038,34,509,497,0,32,0,0,7,3,0,0.899,,1700,,,,,5,,,
CompleteGumtreeMatcher,1038,34,509,497,0,32,0,0,7,3,0,0.899,,1800,,,,,5,,,
CompleteGumtreeMatcher,1038,34,509,497,0,32,0,0,7,3,0,0.899,,1900,,,,,5,,,
CompleteGumtreeMatcher,1038,34,509,497,0,32,0,0,7,3,0,0.899,,2000,,,,,5,,,
CompleteGumtreeMatcher,114,94,17,5,0,92,0,0,6,3,0,0.999,,100,,,,,1,,,
CompleteGumtreeMatcher,114,94,17,5,0,92,0,0,7,3,0,0.999,,200,,,,,1,,,
CompleteGumtreeMatcher,114,94,17,5,0,92,0,0,7,3,0,0.999,,300,,,,,1,,,
CompleteGumtreeMatcher,114,94,17,5,0,92,0,0,7,3,0,0.999,,400,,,,,1,,,
CompleteGumtreeMatcher,114,94,17,5,0,92,0,0,7,3,0,0.999,,500,,,,,1,,,
CompleteGumtreeMatcher,114,94,17,5,0,92,0,0,7,3,0,0.999,,600,,,,,1,,,
CompleteGumtreeMatcher,114,94,17,5,0,92,0,0,7,3,0,0.999,,700,,,,,1,,,
CompleteGumtreeMatcher,114,94,17,5,0,92,0,0,7,3,0,0.999,,800,,,,,1,,,
CompleteGumtreeMatcher,114,94,17,5,0,92,0,0,7,3,0,0.999,,900,,,,,1,,,
CompleteGumtreeMatcher,114,94,17,5,0,92,0,0,7,3,0,0.999,,1000,,,,,1,,,
CompleteGumtreeMatcher,114,94,17,5,0,92,0,0,6,3,0,0.999,,1100,,,,,1,,,
CompleteGumtreeMatcher,114,94,17,5,0,92,0,0,7,3,0,0.999,,1200,,,,,1,,,
CompleteGumtreeMatcher,114,94,17,5,0,92,0,0,7,3,0,0.999,,1300,,,,,1,,,
CompleteGumtreeMatcher,114,94,17,5,0,92,0,0,7,3,0,0.999,,1400,,,,,1,,,
CompleteGumtreeMatcher,114,94,17,5,0,92,0,0,7,3,0,0.999,,1500,,,,,1,,,
CompleteGumtreeMatcher,114,94,17,5,0,92,0,0,7,3,0,0.999,,1600,,,,,1,,,
CompleteGumtreeMatcher,114,94,17,5,0,92,0,0,7,3,0,0.999,,1700,,,,,1,,,
CompleteGumtreeMatcher,114,94,17,5,0,92,0,0,7,3,0,0.999,,1800,,,,,1,,,
CompleteGumtreeMatcher,114,94,17,5,0,92,0,0,7,3,0,0.999,,1900,,,,,1,,,
CompleteGumtreeMatcher,114,94,17,5,0,92,0,0,7,3,0,0.999,,2000,,,,,1,,,
CompleteGumtreeMatcher,140,86,34,22,0,84,0,0,7,3,0,0.999,,100,,,,,2,,,
CompleteGumtreeMatcher,140,86,34,22,0,84,0,0,7,3,0,0.999,,200,,,,,2,,,
CompleteGumtreeMatcher,140,86,34,22,0,84,0,0,7,3,0,0.999,,300,,,,,2,,,
CompleteGumtreeMatcher,140,86,34,22,0,84,0,0,7,3,0,0.999,,400,,,,,2,,,
CompleteGumtreeMatcher,140,86,34,22,0,84,0,0,7,3,0,0.999,,500,,,,,2,,,
CompleteGumtreeMatcher,140,86,34,22,0,84,0,0,6,3,0,0.999,,600,,,,,2,,,
CompleteGumtreeMatcher,140,86,34,22,0,84,0,0,7,3,0,0.999,,700,,,,,2,,,
CompleteGumtreeMatcher,140,86,34,22,0,84,0,0,7,3,0,0.999,,800,,,,,2,,,
CompleteGumtreeMatcher,140,86,34,22,0,84,0,0,7,3,0,0.999,,900,,,,,2,,,
CompleteGumtreeMatcher,140,86,34,22,0,84,0,0,7,3,0,0.999,,1000,,,,,2,,,
CompleteGumtreeMatcher,140,86,34,22,0,84,0,0,7,3,0,0.999,,1100,,,,,2,,,
CompleteGumtreeMatcher,140,86,34,22,0,84,0,0,6,3,0,0.999,,1200,,,,,2,,,
CompleteGumtreeMatcher,140,86,34,22,0,84,0,0,7,3,0,0.999,,1300,,,,,2,,,
CompleteGumtreeMatcher,140,86,34,22,0,84,0,0,7,3,0,0.999,,1400,,,,,2,,,
CompleteGumtreeMatcher,140,86,34,22,0,84,0,0,6,3,0,0.999,,1500,,,,,2,,,
CompleteGumtreeMatcher,140,86,34,22,0,84,0,0,6,3,0,0.999,,1600,,,,,2,,,
CompleteGumtreeMatcher,140,86,34,22,0,84,0,0,7,3,0,0.999,,1700,,,,,2,,,
CompleteGumtreeMatcher,140,86,34,22,0,84,0,0,7,3,0,0.999,,1800,,,,,2,,,
CompleteGumtreeMatcher,140,86,34,22,0,84,0,0,7,3,0,0.999,,1900,,,,,2,,,
CompleteGumtreeMatcher,140,86,34,22,0,84,0,0,7,3,0,0.999,,2000,,,,,2,,,
CompleteGumtreeMatcher,357,63,154,142,0,61,0,0,7,3,0,0.999,,100,,,,,3,,,
CompleteGumtreeMatcher,357,63,154,142,0,61,0,0,8,3,0,0.999,,200,,,,,3,,,
CompleteGumtreeMatcher,357,63,154,142,0,61,0,0,7,3,0,0.999,,300,,,,,3,,,
CompleteGumtreeMatcher,357,63,154,142,0,61,0,0,7,3,0,0.999,,400,,,,,3,,,
CompleteGumtreeMatcher,357,63,154,142,0,61,0,0,7,3,0,0.999,,500,,,,,3,,,
CompleteGumtreeMatcher,357,63,154,142,0,61,0,0,7,3,0,0.999,,600,,,,,3,,,
CompleteGumtreeMatcher,357,63,154,142,0,61,0,0,7,3,0,0.999,,700,,,,,3,,,
CompleteGumtreeMatcher,357,63,154,142,0,61,0,0,7,3,0,0.999,,800,,,,,3,,,
CompleteGumtreeMatcher,357,63,154,142,0,61,0,0,7,3,0,0.999,,900,,,,,3,,,
CompleteGumtreeMatcher,357,63,154,142,0,61,0,0,7,3,0,0.999,,1000,,,,,3,,,
CompleteGumtreeMatcher,357,63,154,142,0,61,0,0,7,3,0,0.999,,1100,,,,,3,,,
CompleteGumtreeMatcher,357,63,154,142,0,61,0,0,7,3,0,0.999,,1200,,,,,3,,,
CompleteGumtreeMatcher,357,63,154,142,0,61,0,0,7,3,0,0.999,,1300,,,,,3,,,
CompleteGumtreeMatcher,357,63,154,142,0,61,0,0,7,3,0,0.999,,1400,,,,,3,,,
CompleteGumtreeMatcher,357,63,154,142,0,61,0,0,7,3,0,0.999,,1500,,,,,3,,,
CompleteGumtreeMatcher,357,63,154,142,0,61,0,0,7,3,0,0.999,,1600,,,,,3,,,
CompleteGumtreeMatcher,357,63,154,142,0,61,0,0,7,3,0,0.999,,1700,,,,,3,,,
CompleteGumtreeMatcher,357,63,154,142,0,61,0,0,7,3,0,0.999,,1800,,,,,3,,,
CompleteGumtreeMatcher,357,63,154,142,0,61,0,0,7,3,0,0.999,,1900,,,,,3,,,
CompleteGumtreeMatcher,357,63,154,142,0,61,0,0,7,3,0,0.999,,2000,,,,,3,,,
CompleteGumtreeMatcher,591,47,279,267,0,45,0,0,8,3,0,0.999,,100,,,,,4,,,
CompleteGumtreeMatcher,591,47,279,267,0,45,0,0,7,3,0,0.999,,200,,,,,4,,,
CompleteGumtreeMatcher,591,47,279,267,0,45,0,0,7,3,0,0.999,,300,,,,,4,,,
CompleteGumtreeMatcher,591,47,279,267,0,45,0,0,7,3,0,0.999,,400,,,,,4,,,
CompleteGumtreeMatcher,591,47,279,267,0,45,0,0,7,3,0,0.999,,500,,,,,4,,,
CompleteGumtreeMatcher,591,47,279,267,0,45,0,0,7,3,0,0.999,,600,,,,,4,,,
CompleteGumtreeMatcher,591,47,279,267,0,45,0,0,7,3,0,0.999,,700,,,,,4,,,
CompleteGumtreeMatcher,591,47,279,267,0,45,0,0,7,3,0,0.999,,800,,,,,4,,,
CompleteGumtreeMatcher,591,47,279,267,0,45,0,0,7,3,0,0.999,,900,,,,,4,,,
CompleteGumtreeMatcher,591,47,279,267,0,45,0,0,7,3,0,0.999,,1000,,,,,4,,,
CompleteGumtreeMatcher,591,47,279,267,0,45,0,0,7,3,0,0.999,,1100,,,,,4,,,
CompleteGumtreeMatcher,591,47,279,267,0,45,0,0,7,3,0,0.999,,1200,,,,,4,,,
CompleteGumtreeMatcher,591,47,279,267,0,45,0,0,7,3,0,0.999,,1300,,,,,4,,,
CompleteGumtreeMatcher,591,47,279,267,0,45,0,0,7,3,0,0.999,,1400,,,,,4,,,
CompleteGumtreeMatcher,591,47,279,267,0,45,0,0,7,3,0,0.999,,1500,,,,,4,,,
CompleteGumtreeMatcher,591,47,279,267,0,45,0,0,7,3,0,0.999,,1600,,,,,4,,,
CompleteGumtreeMatcher,591,47,279,267,0,45,0,0,7,3,0,0.999,,1700,,,,,4,,,
CompleteGumtreeMatcher,591,47,279,267,0,45,0,0,7,3,0,0.999,,1800,,,,,4,,,
CompleteGumtreeMatcher,591,47,279,267,0,45,0,0,7,3,0,0.999,,1900,,,,,4,,,
CompleteGumtreeMatcher,591,47,279,267,0,45,0,0,7,3,0,0.999,,2000,,,,,4,,,
CompleteGumtreeMatcher,1038,34,509,497,0,32,0,0,7,3,0,0.999,,100,,,,,5,,,
CompleteGumtreeMatcher,1038,34,509,497,0,32,0,0,7,3,0,0.999,,200,,,,,5,,,
CompleteGumtreeMatcher,1038,34,509,497,0,32,0,0,7,3,0,0.999,,300,,,,,5,,,
CompleteGumtreeMatcher,1038,34,509,497,0,32,0,0,7,3,0,0.999,,400,,,,,5,,,
CompleteGumtreeMatcher,1038,34,509,497,0,32,0,0,7,3,0,0.999,,500,,,,,5,,,
CompleteGumtreeMatcher,1038,34,509,497,0,32,0,0,8,3,0,0.999,,600,,,,,5,,,
CompleteGumtreeMatcher,1038,34,509,497,0,32,0,0,7,3,0,0.999,,700,,,,,5,,,
CompleteGumtreeMatcher,1038,34,509,497,0,32,0,0,7,3,0,0.999,,800,,,,,5,,,
CompleteGumtreeMatcher,1038,34,509,497,0,32,0,0,7,3,0,0.999,,900,,,,,5,,,
CompleteGumtreeMatcher,1038,34,509,497,0,32,0,0,8,3,0,0.999,,1000,,,,,5,,,
CompleteGumtreeMatcher,1038,34,509,497,0,32,0,0,8,3,0,0.999,,1100,,,,,5,,,
CompleteGumtreeMatcher,1038,34,509,497,0,32,0,0,7,3,0,0.999,,1200,,,,,5,,,
CompleteGumtreeMatcher,1038,34,509,497,0,32,0,0,7,3,0,0.999,,1300,,,,,5,,,
CompleteGumtreeMatcher,1038,34,509,497,0,32,0,0,7,3,0,0.999,,1400,,,,,5,,,
CompleteGumtreeMatcher,1038,34,509,497,0,32,0,0,7,3,0,0.999,,1500,,,,,5,,,
CompleteGumtreeMatcher,1038,34,509,497,0,32,0,0,7,3,0,0.999,,1600,,,,,5,,,
CompleteGumtreeMatcher,1038,34,509,497,0,32,0,0,7,3,0,0.999,,1700,,,,,5,,,
CompleteGumtreeMatcher,1038,34,509,497,0,32,0,0,7,3,0,0.999,,1800,,,,,5,,,
CompleteGumtreeMatcher,1038,34,509,497,0,32,0,0,7,3,0,0.999,,1900,,,,,5,,,
CompleteGumtreeMatcher,1038,34,509,497,0,32,0,0,7,3,0,0.999,,2000,,,,,5,,,
ChangeDistiller,3758,3098,592,580,1247,1339,0,0,24453,4,0,,,,0.1,2,0.2,0.1,,,,
ChangeDistiller,2521,2197,355,343,863,960,0,0,15458,4,0,,,,0.3,2,0.2,0.1,,,,
ChangeDistiller,1623,1453,251,239,502,631,0,0,13519,4,0,,,,0.5,2,0.2,0.1,,,,
ChangeDistiller,107,96,15,3,43,46,0,0,5984,4,0,,,,0.7,2,0.2,0.1,,,,
ChangeDistiller,27,17,13,1,4,9,0,0,5688,4,0,,,,0.899,2,0.2,0.1,,,,
ChangeDistiller,4082,3026,746,734,1208,1394,0,0,24517,4,0,,,,0.1,2,0.4,0.1,,,,
ChangeDistiller,2793,2248,472,460,852,1009,0,0,15466,4,0,,,,0.3,2,0.4,0.1,,,,
ChangeDistiller,1713,1469,290,278,495,650,0,0,13524,4,0,,,,0.5,2,0.4,0.1,,,,
ChangeDistiller,107,96,15,3,43,46,0,0,6135,4,0,,,,0.7,2,0.4,0.1,,,,
ChangeDistiller,27,17,13,1,4,9,0,0,5833,4,0,,,,0.899,2,0.4,0.1,,,,
ChangeDistiller,4633,3071,931,919,1201,1582,0,0,24066,4,0,,,,0.1,2,0.6,0.1,,,,
ChangeDistiller,3416,2400,663,651,847,1255,0,0,15508,4,0,,,,0.3,2,0.6,0.1,,,,
ChangeDistiller,2147,1661,429,417,494,807,0,0,13547,4,0,,,,0.5,2,0.6,0.1,,,,
ChangeDistiller,107,96,15,3,43,46,0,0,6139,4,0,,,,0.7,2,0.6,0.1,,,,
ChangeDistiller,27,17,13,1,4,9,0,0,5825,4,0,,,,0.899,2,0.6,0.1,,,,
ChangeDistiller,4689,2911,978,860,1203,1648,0,0,24549,4,0,,,,0.1,2,0.8,0.1,,,,
ChangeDistiller,3852,2439,801,679,855,1517,0,0,15524,4,0,,,,0.3,2,0.8,0.1,,,,
ChangeDistiller,2969,1991,632,620,507,1210,0,0,13597,4,0,,,,0.5,2,0.8,0.1,,,,
ChangeDistiller,225,174,44,32,45,104,0,0,6144,4,0,,,,0.7,2,0.8,0.1,,,,
ChangeDistiller,73,50,23,11,4,35,0,0,5821,4,0,,,,0.899,2,0.8,0.1,,,,
ChangeDistiller,4739,2922,993,881,1203,1662,0,0,24566,4,0,,,,0.1,2,1.0,0.1,,,,
ChangeDistiller,4019,2488,849,742,855,1573,0,0,15570,4,0,,,,0.3,2,1.0,0.1,,,,
ChangeDistiller,3145,1934,695,581,509,1360,0,0,13611,4,0,,,,0.5,2,1.0,0.1,,,,
ChangeDistiller,651,458,105,92,46,408,0,0,6014,4,0,,,,0.7,2,1.0,0.1,,,,
ChangeDistiller,241,183,37,25,5,174,0,0,5818,4,0,,,,0.899,2,1.0,0.1,,,,
ChangeDistiller,3722,3135,558,546,1258,1360,0,0,24522,4,0,,,,0.1,4,0.2,0.1,,,,
ChangeDistiller,2501,2218,334,322,871,974,0,0,15472,4,0,,,,0.3,4,0.2,0.1,,,,
ChangeDistiller,1612,1459,241,229,505,637,0,0,13531,4,0,,,,0.5,4,0.2,0.1,,,,
ChangeDistiller,107,96,15,3,43,46,0,0,6179,4,0,,,,0.7,4,0.2,0.1,,,,
ChangeDistiller,27,17,13,1,4,9,0,0,5833,4,0,,,,0.899,4,0.2,0.1,,,,
ChangeDistiller,3933,3104,631,619,1254,1429,0,0,24030,4,0,,,,0.1,4,0.4,0.1,,,,
ChangeDistiller,2636,2248,386,374,873,1003,0,0,15404,4,0,,,,0.3,4,0.4,0.1,,,,
ChangeDistiller,1652,1466,255,243,505,649,0,0,13503,4,0,,,,0.5,4,0.4,0.1,,,,
ChangeDistiller,107,96,15,3,43,46,0,0,6130,4,0,,,,0.7,4,0.4,0.1,,,,
ChangeDistiller,27,17,13,1,4,9,0,0,5830,4,0,,,,0.899,4,0.4,0.1,,,,
ChangeDistiller,4243,3176,707,695,1261,1580,0,0,24517,4,0,,,,0.1,4,0.6,0.1,,,,
ChangeDistiller,2996,2369,476,464,884,1172,0,0,15486,4,0,,,,0.3,4,0.6,0.1,,,,
ChangeDistiller,1854,1565,312,300,508,734,0,0,13523,4,0,,,,0.5,4,0.6,0.1,,,,
ChangeDistiller,107,96,15,3,43,46,0,0,6120,4,0,,,,0.7,4,0.6,0.1,,,,
ChangeDistiller,27,17,13,1,4,9,0,0,5821,4,0,,,,0.899,4,0.6,0.1,,,,
ChangeDistiller,4251,3026,758,556,1264,1673,0,0,24514,4,0,,,,0.1,4,0.8,0.1,,,,
ChangeDistiller,3358,2564,550,538,887,1383,0,0,15530,4,0,,,,0.3,4,0.8,0.1,,,,
ChangeDistiller,2288,1780,409,397,518,964,0,0,13603,4,0,,,,0.5,4,0.8,0.1,,,,
ChangeDistiller,143,121,22,10,43,68,0,0,6139,4,0,,,,0.7,4,0.8,0.1,,,,
ChangeDistiller,39,28,14,2,4,19,0,0,5681,4,0,,,,0.899,4,0.8,0.1,,,,
ChangeDistiller,4294,3042,769,570,1264,1691,0,0,24529,4,0,,,,0.1,4,1.0,0.1,,,,
ChangeDistiller,3457,2525,605,422,889,1541,0,0,15255,4,0,,,,0.3,4,1.0,0.1,,,,
ChangeDistiller,2596,1871,488,330,519,1259,0,0,13599,4,0,,,,0.5,4,1.0,0.1,,,,
ChangeDistiller,583,436,82,69,44,388,0,0,6192,4,0,,,,0.7,4,1.0,0.1,,,,
ChangeDistiller,230,178,34,22,5,169,0,0,5718,4,0,,,,0.899,4,1.0,0.1,,,,
ChangeDistiller,3706,3130,543,531,1269,1363,0,0,24447,4,0,,,,0.1,6,0.2,0.1,,,,
ChangeDistiller,2500,2222,327,315,878,980,0,0,15132,4,0,,,,0.3,6,0.2,0.1,,,,
ChangeDistiller,1620,1466,236,224,512,648,0,0,13477,4,0,,,,0.5,6,0.2,0.1,,,,
ChangeDistiller,111,101,15,3,44,49,0,0,6116,4,0,,,,0.7,6,0.2,0.1,,,,
ChangeDistiller,31,22,13,1,5,12,0,0,5828,4,0,,,,0.899,6,0.2,0.1,,,,
ChangeDistiller,3858,3118,588,576,1267,1427,0,0,24392,4,0,,,,0.1,6,0.4,0.1,,,,
ChangeDistiller,2586,2241,360,348,879,999,0,0,15479,4,0,,,,0.3,6,0.4,0.1,,,,
ChangeDistiller,1641,1474,241,229,512,659,0,0,13491,4,0,,,,0.5,6,0.4,0.1,,,,
ChangeDistiller,111,101,15,3,44,49,0,0,6116,4,0,,,,0.7,6,0.4,0.1,,,,
ChangeDistiller,31,22,13,1,5,12,0,0,5815,4,0,,,,0.899,6,0.4,0.1,,,,
ChangeDistiller,4091,3177,641,629,1267,1554,0,0,24042,4,0,,,,0.1,6,0.6,0.1,,,,
ChangeDistiller,2821,2337,419,407,879,1116,0,0,15480,4,0,,,,0.3,6,0.6,0.1,,,,
ChangeDistiller,1782,1560,277,265,514,726,0,0,13493,4,0,,,,0.5,6,0.6,0.1,,,,
ChangeDistiller,111,101,15,3,44,49,0,0,6123,4,0,,,,0.7,6,0.6,0.1,,,,
ChangeDistiller,31,22,13,1,5,12,0,0,5824,4,0,,,,0.899,6,0.6,0.1,,,,
ChangeDistiller,4047,3044,685,438,1267,1657,0,0,24552,4,0,,,,0.1,6,0.8,0.1,,,,
ChangeDistiller,3113,2481,476,464,879,1294,0,0,15217,4,0,,,,0.3,6,0.8,0.1,,,,
ChangeDistiller,2085,1722,348,336,516,885,0,0,13555,4,0,,,,0.5,6,0.8,0.1,,,,
ChangeDistiller,122,109,16,4,44,58,0,0,6150,4,0,,,,0.7,6,0.8,0.1,,,,
ChangeDistiller,43,33,14,2,5,22,0,0,5843,4,0,,,,0.899,6,0.8,0.1,,,,
ChangeDistiller,4082,3059,693,448,1267,1674,0,0,24520,4,0,,,,0.1,6,1.0,0.1,,,,
ChangeDistiller,3169,2466,519,304,879,1467,0,0,15224,4,0,,,,0.3,6,1.0,0.1,,,,
ChangeDistiller,2333,1811,410,228,516,1179,0,0,13551,4,0,,,,0.5,6,1.0,0.1,,,,
ChangeDistiller,531,414,67,54,45,365,0,0,6145,4,0,,,,0.7,6,1.0,0.1,,,,
ChangeDistiller,218,174,30,18,6,164,0,0,5684,4,0,,,,0.899,6,1.0,0.1,,,,
ChangeDistiller,3768,3043,646,634,1194,1294,0,0,24497,4,0,,,,0.1,2,0.2,0.3,,,,
ChangeDistiller,2550,2177,392,380,840,938,0,0,15480,4,0,,,,0.3,2,0.2,0.3,,,,
ChangeDistiller,1617,1427,272,260,483,602,0,0,13511,4,0,,,,0.5,2,0.2,0.3,,,,
ChangeDistiller,107,96,15,3,43,46,0,0,6117,4,0,,,,0.7,2,0.2,0.3,,,,
ChangeDistiller,27,17,13,1,4,9,0,0,5811,4,0,,,,0.899,2,0.2,0.3,,,,
ChangeDistiller,4087,2922,801,789,1156,1341,0,0,24094,4,0,,,,0.1,2,0.4,0.3,,,,
ChangeDistiller,2799,2193,506,494,823,976,0,0,15482,4,0,,,,0.3,2,0.4,0.3,,,,
ChangeDistiller,1711,1428,312,300,477,622,0,0,13557,4,0,,,,0.5,2,0.4,0.3,,,,
ChangeDistiller,107,96,15,3,43,46,0,0,6141,4,0,,,,0.7,2,0.4,0.3,,,,
ChangeDistiller,27,17,13,1,4,9,0,0,5692,4,0,,,,0.899,2,0.4,0.3,,,,
ChangeDistiller,4678,2953,1006,994,1145,1533,0,0,24145,4,0,,,,0.1,2,0.6,0.3,,,,
ChangeDistiller,3400,2321,694,682,814,1210,0,0,15298,4,0,,,,0.3,2,0.6,0.3,,,,
ChangeDistiller,2114,1603,445,433,471,765,0,0,13575,4,0,,,,0.5,2,0.6,0.3,,,,
ChangeDistiller,107,96,15,3,43,46,0,0,6133,4,0,,,,0.7,2,0.6,0.3,,,,
ChangeDistiller,27,17,13,1,4,9,0,0,5826,4,0,,,,0.899,2,0.6,0.3,,,,
ChangeDistiller,4780,2798,1061,966,1147,1606,0,0,24546,4,0,,,,0.1,2,0.8,0.3,,,,
ChangeDistiller,3904,2358,855,749,816,1484,0,0,15238,4,0,,,,0.3,2,0.8,0.3,,,,
ChangeDistiller,2979,1927,668,656,476,1179,0,0,13358,4,0,,,,0.5,2,0.8,0.3,,,,
ChangeDistiller,219,169,44,32,43,100,0,0,5977,4,0,,,,0.7,2,0.8,0.3,,,,
ChangeDistiller,73,50,23,11,4,35,0,0,5818,4,0,,,,0.899,2,0.8,0.3,,,,
ChangeDistiller,4826,2811,1074,984,1147,1621,0,0,24570,4,0,,,,0.1,2,1.0,0.3,,,,
ChangeDistiller,4073,2412,902,811,816,1544,0,0,15579,4,0,,,,0.3,2,1.0,0.3,,,,
ChangeDistiller,3175,1871,734,633,476,1332,0,0,13636,4,0,,,,0.5,2,1.0,0.3,,,,
ChangeDistiller,649,453,107,93,43,406,0,0,6156,4,0,,,,0.7,2,1.0,0.3,,,,
ChangeDistiller,241,182,38,25,4,174,0,0,5833,4,0,,,,0.899,2,1.0,0.3,,,,
ChangeDistiller,3831,3002,704,692,1165,1270,0,0,24111,4,0,,,,0.1,4,0.2,0.3,,,,
ChangeDistiller,2630,2192,438,426,826,940,0,0,15199,4,0,,,,0.3,4,0.2,0.3,,,,
ChangeDistiller,1645,1426,290,278,477,600,0,0,13544,4,0,,,,0.5,4,0.2,0.3,,,,
ChangeDistiller,107,96,15,3,43,46,0,0,6150,4,0,,,,0.7,4,0.2,0.3,,,,
ChangeDistiller,27,17,13,1,4,9,0,0,5843,4,0,,,,0.899,4,0.2,0.3,,,,
ChangeDistiller,4037,2922,777,765,1161,1334,0,0,24099,4,0,,,,0.1,4,0.4,0.3,,,,
ChangeDistiller,2758,2181,489,477,824,968,0,0,15455,4,0,,,,0.3,4,0.4,0.3,,,,
ChangeDistiller,1687,1421,303,291,477,616,0,0,13405,4,0,,,,0.5,4,0.4,0.3,,,,
ChangeDistiller,107,96,15,3,43,46,0,0,6135,4,0,,,,0.7,4,0.4,0.3,,,,
ChangeDistiller,27,17,13,1,4,9,0,0,5826,4,0,,,,0.899,4,0.4,0.3,,,,
ChangeDistiller,4350,2913,866,854,1159,1471,0,0,24546,4,0,,,,0.1,4,0.6,0.3,,,,
ChangeDistiller,3086,2244,579,567,824,1116,0,0,15486,4,0,,,,0.3,4,0.6,0.3,,,,
ChangeDistiller,1880,1499,362,350,477,691,0,0,13518,4,0,,,,0.5,4,0.6,0.3,,,,
ChangeDistiller,107,96,15,3,43,46,0,0,6130,4,0,,,,0.7,4,0.6,0.3,,,,
ChangeDistiller,27,17,13,1,4,9,0,0,5833,4,0,,,,0.899,4,0.6,0.3,,,,
ChangeDistiller,4435,2797,915,788,1159,1573,0,0,24418,4,0,,,,0.1,4,0.8,0.3,,,,
ChangeDistiller,3445,2389,659,647,824,1315,0,0,15247,4,0,,,,0.3,4,0.8,0.3,,,,
ChangeDistiller,2307,1687,464,452,477,914,0,0,13576,4,0,,,,0.5,4,0.8,0.3,,,,
ChangeDistiller,135,115,20,8,43,64,0,0,6120,4,0,,,,0.7,4,0.8,0.3,,,,
ChangeDistiller,39,28,14,2,4,19,0,0,5813,4,0,,,,0.899,4,0.8,0.3,,,,
ChangeDistiller,4480,2816,925,802,1159,1594,0,0,24559,4,0,,,,0.1,4,1.0,0.3,,,,
ChangeDistiller,3607,2378,715,589,824,1479,0,0,15534,4,0,,,,0.3,4,1.0,0.3,,,,
ChangeDistiller,2643,1779,546,408,477,1212,0,0,13487,4,0,,,,0.5,4,1.0,0.3,,,,
ChangeDistiller,582,434,83,69,43,387,0,0,6183,4,0,,,,0.7,4,1.0,0.3,,,,
ChangeDistiller,230,177,35,22,4,169,0,0,5849,4,0,,,,0.899,4,1.0,0.3,,,,
ChangeDistiller,3855,2984,717,705,1163,1270,0,0,24461,4,0,,,,0.1,6,0.2,0.3,,,,
ChangeDistiller,2644,2192,443,431,826,944,0,0,15362,4,0,,,,0.3,6,0.2,0.3,,,,
ChangeDistiller,1650,1427,292,280,477,601,0,0,13502,4,0,,,,0.5,6,0.2,0.3,,,,
ChangeDistiller,107,96,15,3,43,46,0,0,6018,4,0,,,,0.7,6,0.2,0.3,,,,
ChangeDistiller,27,17,13,1,4,9,0,0,5825,4,0,,,,0.899,6,0.2,0.3,,,,
ChangeDistiller,3995,2912,762,750,1162,1321,0,0,24492,4,0,,,,0.1,6,0.4,0.3,,,,
ChangeDistiller,2740,2186,480,468,826,966,0,0,15425,4,0,,,,0.3,6,0.4,0.3,,,,
ChangeDistiller,1691,1425,304,292,477,618,0,0,13494,4,0,,,,0.5,6,0.4,0.3,,,,
ChangeDistiller,107,96,15,3,43,46,0,0,6120,4,0,,,,0.7,6,0.4,0.3,,,,
ChangeDistiller,27,17,13,1,4,9,0,0,5812,4,0,,,,0.899,6,0.4,0.3,,,,
ChangeDistiller,4227,2911,819,807,1161,1440,0,0,24107,4,0,,,,0.1,6,0.6,0.3,,,,
ChangeDistiller,2966,2225,533,521,826,1086,0,0,15224,4,0,,,,0.3,6,0.6,0.3,,,,
ChangeDistiller,1799,1474,333,321,477,668,0,0,13461,4,0,,,,0.5,6,0.6,0.3,,,,
ChangeDistiller,107,96,15,3,43,46,0,0,5967,4,0,,,,0.7,6,0.6,0.3,,,,
ChangeDistiller,27,17,13,1,4,9,0,0,5815,4,0,,,,0.899,6,0.6,0.3,,,,
ChangeDistiller,4249,2780,858,696,1161,1534,0,0,24081,4,0,,,,0.1,6,0.8,0.3,,,,
ChangeDistiller,3238,2330,592,580,826,1240,0,0,15541,4,0,,,,0.3,6,0.8,0.3,,,,
ChangeDistiller,2100,1605,404,392,477,827,0,0,13594,4,0,,,,0.5,6,0.8,0.3,,,,
ChangeDistiller,118,104,16,4,43,55,0,0,6172,4,0,,,,0.7,6,0.8,0.3,,,,
ChangeDistiller,39,28,14,2,4,19,0,0,5859,4,0,,,,0.899,6,0.8,0.3,,,,
ChangeDistiller,4296,2801,869,709,1161,1557,0,0,24568,4,0,,,,0.1,6,1.0,0.3,,,,
ChangeDistiller,3334,2324,634,469,826,1405,0,0,15213,4,0,,,,0.3,6,1.0,0.3,,,,
ChangeDistiller,2366,1697,468,307,477,1114,0,0,13565,4,0,,,,0.5,6,1.0,0.3,,,,
ChangeDistiller,528,410,68,54,43,363,0,0,6156,4,0,,,,0.7,6,1.0,0.3,,,,
ChangeDistiller,215,170,31,18,4,162,0,0,5837,4,0,,,,0.899,6,1.0,0.3,,,,
ChangeDistiller,4127,3174,797,785,1169,1376,0,0,24488,4,0,,,,0.1,2,0.2,0.5,,,,
ChangeDistiller,2889,2339,529,517,822,1021,0,0,15159,4,0,,,,0.3,2,0.2,0.5,,,,
ChangeDistiller,1993,1603,415,403,472,703,0,0,13272,4,0,,,,0.5,2,0.2,0.5,,,,
ChangeDistiller,114,99,17,5,43,49,0,0,6122,4,0,,,,0.7,2,0.2,0.5,,,,
ChangeDistiller,31,19,14,2,4,11,0,0,5824,4,0,,,,0.899,2,0.2,0.5,,,,
ChangeDistiller,4486,2980,979,967,1127,1413,0,0,24438,4,0,,,,0.1,2,0.4,0.5,,,,
ChangeDistiller,3225,2305,679,667,802,1077,0,0,15234,4,0,,,,0.3,2,0.4,0.5,,,,
ChangeDistiller,2125,1556,473,461,462,729,0,0,13560,4,0,,,,0.5,2,0.4,0.5,,,,
ChangeDistiller,114,99,17,5,43,49,0,0,6142,4,0,,,,0.7,2,0.4,0.5,,,,
ChangeDistiller,31,19,14,2,4,11,0,0,5819,4,0,,,,0.899,2,0.4,0.5,,,,
ChangeDistiller,4939,2878,1152,1140,1107,1540,0,0,24418,4,0,,,,0.1,2,0.6,0.5,,,,
ChangeDistiller,3785,2292,870,858,784,1273,0,0,15283,4,0,,,,0.3,2,0.6,0.5,,,,
ChangeDistiller,2637,1675,654,642,450,891,0,0,13365,4,0,,,,0.5,2,0.6,0.5,,,,
ChangeDistiller,114,99,17,5,43,49,0,0,6172,4,0,,,,0.7,2,0.6,0.5,,,,
ChangeDistiller,31,19,14,2,4,11,0,0,5712,4,0,,,,0.899,2,0.6,0.5,,,,
ChangeDistiller,5077,2704,1203,1176,1106,1592,0,0,24577,4,0,,,,0.1,2,0.8,0.5,,,,
ChangeDistiller,4207,2272,996,952,783,1476,0,0,15544,4,0,,,,0.3,2,0.8,0.5,,,,
ChangeDistiller,3252,1688,817,769,449,1217,0,0,13615,4,0,,,,0.5,2,0.8,0.5,,,,
ChangeDistiller,224,168,46,34,43,101,0,0,6127,4,0,,,,0.7,2,0.8,0.5,,,,
ChangeDistiller,75,48,24,12,4,35,0,0,5816,4,0,,,,0.899,2,0.8,0.5,,,,
ChangeDistiller,5089,2706,1208,1181,1106,1594,0,0,24120,4,0,,,,0.1,2,1.0,0.5,,,,
ChangeDistiller,4343,2309,1034,1007,783,1519,0,0,15545,4,0,,,,0.3,2,1.0,0.5,,,,
ChangeDistiller,3465,1765,868,840,449,1308,0,0,13372,4,0,,,,0.5,2,1.0,0.5,,,,
ChangeDistiller,655,451,109,97,43,406,0,0,6010,4,0,,,,0.7,2,1.0,0.5,,,,
ChangeDistiller,244,181,39,27,4,174,0,0,5829,4,0,,,,0.899,2,1.0,0.5,,,,
ChangeDistiller,4300,3129,914,902,1125,1359,0,0,24503,4,0,,,,0.1,4,0.2,0.5,,,,
ChangeDistiller,3140,2384,648,636,799,1057,0,0,15489,4,0,,,,0.3,4,0.2,0.5,,,,
ChangeDistiller,2163,1599,494,482,458,729,0,0,13437,4,0,,,,0.5,4,0.2,0.5,,,,
ChangeDistiller,114,99,17,5,43,49,0,0,6112,4,0,,,,0.7,4,0.2,0.5,,,,
ChangeDistiller,31,19,14,2,4,11,0,0,5813,4,0,,,,0.899,4,0.2,0.5,,,,
ChangeDistiller,4525,2979,1000,988,1120,1417,0,0,24068,4,0,,,,0.1,4,0.4,0.5,,,,
ChangeDistiller,3308,2314,718,706,795,1089,0,0,15511,4,0,,,,0.3,4,0.4,0.5,,,,
ChangeDistiller,2232,1564,519,507,457,749,0,0,13324,4,0,,,,0.5,4,0.4,0.5,,,,
ChangeDistiller,114,99,17,5,43,49,0,0,6166,4,0,,,,0.7,4,0.4,0.5,,,,
ChangeDistiller,31,19,14,2,4,11,0,0,5854,4,0,,,,0.899,4,0.4,0.5,,,,
ChangeDistiller,4785,2874,1081,1069,1118,1517,0,0,24545,4,0,,,,0.1,4,0.6,0.5,,,,
ChangeDistiller,3648,2249,813,801,795,1239,0,0,15519,4,0,,,,0.3,4,0.6,0.5,,,,
ChangeDistiller,2461,1608,593,581,457,830,0,0,13548,4,0,,,,0.5,4,0.6,0.5,,,,
ChangeDistiller,114,99,17,5,43,49,0,0,6115,4,0,,,,0.7,4,0.6,0.5,,,,
ChangeDistiller,31,19,14,2,4,11,0,0,5820,4,0,,,,0.899,4,0.6,0.5,,,,
ChangeDistiller,4901,2725,1125,1072,1118,1586,0,0,24568,4,0,,,,0.1,4,0.8,0.5,,,,
ChangeDistiller,3916,2242,883,818,795,1420,0,0,15521,4,0,,,,0.3,4,0.8,0.5,,,,
ChangeDistiller,2872,1617,700,601,457,1114,0,0,13582,4,0,,,,0.5,4,0.8,0.5,,,,
ChangeDistiller,145,120,23,11,43,68,0,0,6143,4,0,,,,0.7,4,0.8,0.5,,,,
ChangeDistiller,46,32,16,4,4,22,0,0,5814,4,0,,,,0.899,4,0.8,0.5,,,,
ChangeDistiller,4901,2725,1125,1072,1118,1586,0,0,24516,4,0,,,,0.1,4,1.0,0.5,,,,
ChangeDistiller,4069,2308,919,865,795,1490,0,0,15603,4,0,,,,0.3,4,1.0,0.5,,,,
ChangeDistiller,3128,1723,746,688,457,1237,0,0,13659,4,0,,,,0.5,4,1.0,0.5,,,,
ChangeDistiller,587,433,85,71,43,388,0,0,6173,4,0,,,,0.7,4,1.0,0.5,,,,
ChangeDistiller,232,177,36,22,4,170,0,0,5844,4,0,,,,0.899,4,1.0,0.5,,,,
ChangeDistiller,4402,3126,956,944,1120,1382,0,0,24545,4,0,,,,0.1,6,0.2,0.5,,,,
ChangeDistiller,3215,2384,681,669,795,1070,0,0,15515,4,0,,,,0.3,6,0.2,0.5,,,,
ChangeDistiller,2190,1599,506,494,457,733,0,0,13562,4,0,,,,0.5,6,0.2,0.5,,,,
ChangeDistiller,114,99,17,5,43,49,0,0,6168,4,0,,,,0.7,6,0.2,0.5,,,,
ChangeDistiller,31,19,14,2,4,11,0,0,5870,4,0,,,,0.899,6,0.2,0.5,,,,
ChangeDistiller,4551,2983,1010,998,1119,1424,0,0,24531,4,0,,,,0.1,6,0.4,0.5,,,,
ChangeDistiller,3344,2319,731,719,795,1099,0,0,15483,4,0,,,,0.3,6,0.4,0.5,,,,
ChangeDistiller,2253,1574,526,514,457,756,0,0,13524,4,0,,,,0.5,6,0.4,0.5,,,,
ChangeDistiller,114,99,17,5,43,49,0,0,5970,4,0,,,,0.7,6,0.4,0.5,,,,
ChangeDistiller,31,19,14,2,4,11,0,0,5672,4,0,,,,0.899,6,0.4,0.5,,,,
ChangeDistiller,4735,2867,1062,1050,1118,1505,0,0,24086,4,0,,,,0.1,6,0.6,0.5,,,,
ChangeDistiller,3567,2235,786,774,795,1212,0,0,15532,4,0,,,,0.3,6,0.6,0.5,,,,
ChangeDistiller,2375,1586,564,552,457,802,0,0,13538,4,0,,,,0.5,6,0.6,0.5,,,,
ChangeDistiller,114,99,17,5,43,49,0,0,6132,4,0,,,,0.7,6,0.6,0.5,,,,
ChangeDistiller,31,19,14,2,4,11,0,0,5814,4,0,,,,0.899,6,0.6,0.5,,,,
ChangeDistiller,4805,2715,1097,1025,1118,1565,0,0,24562,4,0,,,,0.1,6,0.8,0.5,,,,
ChangeDistiller,3746,2204,838,747,795,1366,0,0,15570,4,0,,,,0.3,6,0.8,0.5,,,,
ChangeDistiller,2705,1638,640,628,457,980,0,0,13384,4,0,,,,0.5,6,0.8,0.5,,,,
ChangeDistiller,125,107,18,6,43,58,0,0,6119,4,0,,,,0.7,6,0.8,0.5,,,,
ChangeDistiller,43,30,15,3,4,21,0,0,5815,4,0,,,,0.899,6,0.8,0.5,,,,
ChangeDistiller,4807,2714,1098,1026,1118,1565,0,0,24099,4,0,,,,0.1,6,1.0,0.5,,,,
ChangeDistiller,3879,2261,866,788,795,1430,0,0,15575,4,0,,,,0.3,6,1.0,0.5,,,,
ChangeDistiller,2870,1669,680,574,457,1159,0,0,13616,4,0,,,,0.5,6,1.0,0.5,,,,
ChangeDistiller,534,411,70,56,43,365,0,0,6194,4,0,,,,0.7,6,1.0,0.5,,,,
ChangeDistiller,218,172,32,18,4,164,0,0,5729,4,0,,,,0.899,6,1.0,0.5,,,,
ChangeDistiller,4523,3290,1007,995,1092,1429,0,0,24511,4,0,,,,0.1,2,0.2,0.7,,,,
ChangeDistiller,3292,2617,713,701,760,1118,0,0,15173,4,0,,,,0.3,2,0.2,0.7,,,,
ChangeDistiller,2323,1842,556,544,433,790,0,0,13542,4,0,,,,0.5,2,0.2,0.7,,,,
ChangeDistiller,172,157,34,22,43,73,0,0,5984,4,0,,,,0.7,2,0.2,0.7,,,,
ChangeDistiller,38,24,17,5,4,12,0,0,5817,4,0,,,,0.899,2,0.2,0.7,,,,
ChangeDistiller,5002,2888,1253,1241,1036,1472,0,0,24570,4,0,,,,0.1,2,0.4,0.7,,,,
ChangeDistiller,3744,2472,935,923,728,1158,0,0,15508,4,0,,,,0.3,2,0.4,0.7,,,,
ChangeDistiller,2526,1753,660,648,416,802,0,0,13522,4,0,,,,0.5,2,0.4,0.7,,,,
ChangeDistiller,164,149,34,22,43,65,0,0,6113,4,0,,,,0.7,2,0.4,0.7,,,,
ChangeDistiller,38,24,17,5,4,12,0,0,5815,4,0,,,,0.899,2,0.4,0.7,,,,
ChangeDistiller,5265,2595,1376,1321,1021,1547,0,0,24598,4,0,,,,0.1,2,0.6,0.7,,,,
ChangeDistiller,4255,2310,1105,1093,714,1343,0,0,15599,4,0,,,,0.3,2,0.6,0.7,,,,
ChangeDistiller,3102,1754,864,852,403,983,0,0,13641,4,0,,,,0.5,2,0.6,0.7,,,,
ChangeDistiller,209,160,49,37,43,80,0,0,6130,4,0,,,,0.7,2,0.6,0.7,,,,
ChangeDistiller,42,20,19,7,4,12,0,0,5683,4,0,,,,0.899,2,0.6,0.7,,,,
ChangeDistiller,5374,2594,1397,1385,1021,1571,0,0,24523,4,0,,,,0.1,2,0.8,0.7,,,,
ChangeDistiller,4529,2191,1191,1158,714,1466,0,0,15604,4,0,,,,0.3,2,0.8,0.7,,,,
ChangeDistiller,3559,1653,981,943,403,1232,0,0,13659,4,0,,,,0.5,2,0.8,0.7,,,,
ChangeDistiller,278,204,66,54,43,115,0,0,6162,4,0,,,,0.7,2,0.8,0.7,,,,
ChangeDistiller,81,47,27,15,4,35,0,0,5705,4,0,,,,0.899,2,0.8,0.7,,,,
ChangeDistiller,5380,2594,1400,1388,1021,1571,0,0,24506,4,0,,,,0.1,2,1.0,0.7,,,,
ChangeDistiller,4645,2215,1222,1210,714,1499,0,0,15274,4,0,,,,0.3,2,1.0,0.7,,,,
ChangeDistiller,3705,1695,1012,1000,403,1290,0,0,13625,4,0,,,,0.5,2,1.0,0.7,,,,
ChangeDistiller,689,451,126,114,43,406,0,0,6156,4,0,,,,0.7,2,1.0,0.7,,,,
ChangeDistiller,250,180,42,30,4,174,0,0,5686,4,0,,,,0.899,2,1.0,0.7,,,,
ChangeDistiller,4865,3224,1211,1199,1027,1428,0,0,24554,4,0,,,,0.1,4,0.2,0.7,,,,
ChangeDistiller,3721,2650,921,909,717,1174,0,0,15456,4,0,,,,0.3,4,0.2,0.7,,,,
ChangeDistiller,2748,1916,736,724,405,883,0,0,13603,4,0,,,,0.5,4,0.2,0.7,,,,
ChangeDistiller,188,156,42,30,43,73,0,0,6135,4,0,,,,0.7,4,0.2,0.7,,,,
ChangeDistiller,41,24,18,6,4,13,0,0,5829,4,0,,,,0.899,4,0.2,0.7,,,,
ChangeDistiller,5170,2854,1328,1316,1021,1505,0,0,24603,4,0,,,,0.1,4,0.4,0.7,,,,
ChangeDistiller,4019,2460,1049,1037,714,1219,0,0,15569,4,0,,,,0.3,4,0.4,0.7,,,,
ChangeDistiller,2902,1820,800,788,403,911,0,0,13600,4,0,,,,0.5,4,0.4,0.7,,,,
ChangeDistiller,188,156,42,30,43,73,0,0,5985,4,0,,,,0.7,4,0.4,0.7,,,,
ChangeDistiller,41,24,18,6,4,13,0,0,5829,4,0,,,,0.899,4,0.4,0.7,,,,
ChangeDistiller,5273,2594,1379,1325,1021,1548,0,0,24584,4,0,,,,0.1,4,0.6,0.7,,,,
ChangeDistiller,4290,2310,1117,1105,714,1354,0,0,15570,4,0,,,,0.3,4,0.6,0.7,,,,
ChangeDistiller,3183,1780,891,879,403,1010,0,0,13463,4,0,,,,0.5,4,0.6,0.7,,,,
ChangeDistiller,212,161,50,38,43,81,0,0,6157,4,0,,,,0.7,4,0.6,0.7,,,,
ChangeDistiller,42,20,19,7,4,12,0,0,5843,4,0,,,,0.899,4,0.6,0.7,,,,
ChangeDistiller,5370,2594,1395,1383,1021,1571,0,0,24478,4,0,,,,0.1,4,0.8,0.7,,,,
ChangeDistiller,4424,2162,1155,1120,714,1435,0,0,15554,4,0,,,,0.3,4,0.8,0.7,,,,
ChangeDistiller,3491,1631,958,921,403,1209,0,0,13606,4,0,,,,0.5,4,0.8,0.7,,,,
ChangeDistiller,242,178,56,44,43,99,0,0,6149,4,0,,,,0.7,4,0.8,0.7,,,,
ChangeDistiller,54,30,20,8,4,22,0,0,5671,4,0,,,,0.899,4,0.8,0.7,,,,
ChangeDistiller,5370,2594,1395,1383,1021,1571,0,0,24198,4,0,,,,0.1,4,1.0,0.7,,,,
ChangeDistiller,4572,2212,1188,1175,714,1495,0,0,15304,4,0,,,,0.3,4,1.0,0.7,,,,
ChangeDistiller,3648,1685,991,977,403,1277,0,0,13644,4,0,,,,0.5,4,1.0,0.7,,,,
ChangeDistiller,646,440,110,98,43,395,0,0,6154,4,0,,,,0.7,4,1.0,0.7,,,,
ChangeDistiller,242,176,40,28,4,170,0,0,5833,4,0,,,,0.899,4,1.0,0.7,,,,
ChangeDistiller,5017,3182,1276,1264,1021,1456,0,0,24119,4,0,,,,0.1,6,0.2,0.7,,,,
ChangeDistiller,3893,2633,988,976,714,1215,0,0,15545,4,0,,,,0.3,6,0.2,0.7,,,,
ChangeDistiller,2913,1918,795,783,403,932,0,0,13598,4,0,,,,0.5,6,0.2,0.7,,,,
ChangeDistiller,206,159,48,36,43,79,0,0,6140,4,0,,,,0.7,6,0.2,0.7,,,,
ChangeDistiller,42,20,19,7,4,12,0,0,5832,4,0,,,,0.899,6,0.2,0.7,,,,
ChangeDistiller,5224,2835,1347,1335,1021,1521,0,0,24285,4,0,,,,0.1,6,0.4,0.7,,,,
ChangeDistiller,4097,2486,1070,1058,714,1255,0,0,15546,4,0,,,,0.3,6,0.4,0.7,,,,
ChangeDistiller,3017,1851,834,822,403,958,0,0,13352,4,0,,,,0.5,6,0.4,0.7,,,,
ChangeDistiller,206,159,48,36,43,79,0,0,5999,4,0,,,,0.7,6,0.4,0.7,,,,
ChangeDistiller,42,20,19,7,4,12,0,0,5833,4,0,,,,0.899,6,0.4,0.7,,,,
ChangeDistiller,5285,2594,1382,1330,1021,1552,0,0,24175,4,0,,,,0.1,6,0.6,0.7,,,,
ChangeDistiller,4304,2312,1121,1109,714,1360,0,0,15553,4,0,,,,0.3,6,0.6,0.7,,,,
ChangeDistiller,3224,1795,901,889,403,1031,0,0,13587,4,0,,,,0.5,6,0.6,0.7,,,,
ChangeDistiller,215,162,51,39,43,82,0,0,6145,4,0,,,,0.7,6,0.6,0.7,,,,
ChangeDistiller,42,20,19,7,4,12,0,0,5813,4,0,,,,0.899,6,0.6,0.7,,,,
ChangeDistiller,5355,2593,1391,1376,1021,1567,0,0,24124,4,0,,,,0.1,6,0.8,0.7,,,,
ChangeDistiller,4396,2156,1148,1109,714,1425,0,0,15599,4,0,,,,0.3,6,0.8,0.7,,,,
ChangeDistiller,3449,1623,946,905,403,1195,0,0,13658,4,0,,,,0.5,6,0.8,0.7,,,,
ChangeDistiller,242,178,56,44,43,99,0,0,5980,4,0,,,,0.7,6,0.8,0.7,,,,
ChangeDistiller,54,30,20,8,4,22,0,0,5816,4,0,,,,0.899,6,0.8,0.7,,,,
ChangeDistiller,5358,2592,1392,1378,1021,1567,0,0,24598,4,0,,,,0.1,6,1.0,0.7,,,,
ChangeDistiller,4506,2190,1170,1153,714,1469,0,0,15317,4,0,,,,0.3,6,1.0,0.7,,,,
ChangeDistiller,3566,1665,970,946,403,1247,0,0,13654,4,0,,,,0.5,6,1.0,0.7,,,,
ChangeDistiller,612,424,101,89,43,379,0,0,6186,4,0,,,,0.7,6,1.0,0.7,,,,
ChangeDistiller,230,170,37,25,4,164,0,0,5702,4,0,,,,0.899,6,1.0,0.7,,,,
ChangeDistiller,4523,3290,1007,995,1092,1429,0,0,24053,4,0,,,,0.1,2,0.2,0.899,,,,
ChangeDistiller,3292,2617,713,701,760,1118,0,0,15490,4,0,,,,0.3,2,0.2,0.899,,,,
ChangeDistiller,2323,1842,556,544,433,790,0,0,13524,4,0,,,,0.5,2,0.2,0.899,,,,
ChangeDistiller,180,165,36,24,43,77,0,0,6120,4,0,,,,0.7,2,0.2,0.899,,,,
ChangeDistiller,38,24,17,5,4,12,0,0,5820,4,0,,,,0.899,2,0.2,0.899,,,,
ChangeDistiller,5002,2888,1253,1241,1036,1472,0,0,24120,4,0,,,,0.1,2,0.4,0.899,,,,
ChangeDistiller,3744,2472,935,923,728,1158,0,0,15547,4,0,,,,0.3,2,0.4,0.899,,,,
ChangeDistiller,2526,1753,660,648,416,802,0,0,13330,4,0,,,,0.5,2,0.4,0.899,,,,
ChangeDistiller,172,157,36,24,43,69,0,0,6139,4,0,,,,0.7,2,0.4,0.899,,,,
ChangeDistiller,38,24,17,5,4,12,0,0,5740,4,0,,,,0.899,2,0.4,0.899,,,,
ChangeDistiller,5265,2595,1376,1321,1021,1547,0,0,24593,4,0,,,,0.1,2,0.6,0.899,,,,
ChangeDistiller,4255,2310,1105,1093,714,1343,0,0,15291,4,0,,,,0.3,2,0.6,0.899,,,,
ChangeDistiller,3102,1754,864,852,403,983,0,0,13628,4,0,,,,0.5,2,0.6,0.899,,,,
ChangeDistiller,215,166,51,39,43,82,0,0,6125,4,0,,,,0.7,2,0.6,0.899,,,,
ChangeDistiller,42,20,19,7,4,12,0,0,5830,4,0,,,,0.899,2,0.6,0.899,,,,
ChangeDistiller,5374,2594,1397,1385,1021,1571,0,0,24586,4,0,,,,0.1,2,0.8,0.899,,,,
ChangeDistiller,4529,2191,1191,1158,714,1466,0,0,15596,4,0,,,,0.3,2,0.8,0.899,,,,
ChangeDistiller,3559,1653,981,943,403,1232,0,0,13660,4,0,,,,0.5,2,0.8,0.899,,,,
ChangeDistiller,287,211,69,57,43,118,0,0,6163,4,0,,,,0.7,2,0.8,0.899,,,,
ChangeDistiller,81,47,27,15,4,35,0,0,5854,4,0,,,,0.899,2,0.8,0.899,,,,
ChangeDistiller,5380,2594,1400,1388,1021,1571,0,0,24398,4,0,,,,0.1,2,1.0,0.899,,,,
ChangeDistiller,4645,2215,1222,1210,714,1499,0,0,15564,4,0,,,,0.3,2,1.0,0.899,,,,
ChangeDistiller,3705,1695,1012,1000,403,1290,0,0,13389,4,0,,,,0.5,2,1.0,0.899,,,,
ChangeDistiller,693,451,128,116,43,406,0,0,6161,4,0,,,,0.7,2,1.0,0.899,,,,
ChangeDistiller,250,180,42,30,4,174,0,0,5832,4,0,,,,0.899,2,1.0,0.899,,,,
ChangeDistiller,4883,3234,1216,1204,1029,1434,0,0,24522,4,0,,,,0.1,4,0.2,0.899,,,,
ChangeDistiller,3844,2740,955,943,727,1219,0,0,15471,4,0,,,,0.3,4,0.2,0.899,,,,
ChangeDistiller,2819,1969,757,745,405,912,0,0,13302,4,0,,,,0.5,4,0.2,0.899,,,,
ChangeDistiller,246,210,58,46,43,99,0,0,6122,4,0,,,,0.7,4,0.2,0.899,,,,
ChangeDistiller,51,34,20,8,4,19,0,0,5815,4,0,,,,0.899,4,0.2,0.899,,,,
ChangeDistiller,5188,2850,1336,1324,1021,1507,0,0,24574,4,0,,,,0.1,4,0.4,0.899,,,,
ChangeDistiller,4128,2547,1085,1073,715,1255,0,0,15562,4,0,,,,0.3,4,0.4,0.899,,,,
ChangeDistiller,2982,1873,825,813,403,941,0,0,13615,4,0,,,,0.5,4,0.4,0.899,,,,
ChangeDistiller,246,211,58,46,43,99,0,0,6132,4,0,,,,0.7,4,0.4,0.899,,,,
ChangeDistiller,51,34,20,8,4,19,0,0,5681,4,0,,,,0.899,4,0.4,0.899,,,,
ChangeDistiller,5283,2594,1384,1330,1021,1548,0,0,24591,4,0,,,,0.1,4,0.6,0.899,,,,
ChangeDistiller,4401,2393,1155,1143,714,1389,0,0,15596,4,0,,,,0.3,4,0.6,0.899,,,,
ChangeDistiller,3285,1827,918,906,403,1058,0,0,13637,4,0,,,,0.5,4,0.6,0.899,,,,
ChangeDistiller,267,212,66,54,43,104,0,0,6165,4,0,,,,0.7,4,0.6,0.899,,,,
ChangeDistiller,52,30,21,9,4,18,0,0,5854,4,0,,,,0.899,4,0.6,0.899,,,,
ChangeDistiller,5380,2594,1400,1388,1021,1571,0,0,24585,4,0,,,,0.1,4,0.8,0.899,,,,
ChangeDistiller,4608,2200,1214,1199,714,1481,0,0,15269,4,0,,,,0.3,4,0.8,0.899,,,,
ChangeDistiller,3578,1656,986,953,403,1236,0,0,13579,4,0,,,,0.5,4,0.8,0.899,,,,
ChangeDistiller,336,242,84,72,43,137,0,0,6186,4,0,,,,0.7,4,0.8,0.899,,,,
ChangeDistiller,81,47,27,15,4,35,0,0,5828,4,0,,,,0.899,4,0.8,0.899,,,,
ChangeDistiller,5380,2594,1400,1388,1021,1571,0,0,24597,4,0,,,,0.1,4,1.0,0.899,,,,
ChangeDistiller,4645,2215,1222,1210,714,1499,0,0,15580,4,0,,,,0.3,4,1.0,0.899,,,,
ChangeDistiller,3705,1695,1012,1000,403,1290,0,0,13387,4,0,,,,0.5,4,1.0,0.899,,,,
ChangeDistiller,693,451,128,116,43,406,0,0,6178,4,0,,,,0.7,4,1.0,0.899,,,,
ChangeDistiller,250,180,42,30,4,174,0,0,5683,4,0,,,,0.899,4,1.0,0.899,,,,
ChangeDistiller,5043,3190,1284,1272,1023,1464,0,0,24543,4,0,,,,0.1,6,0.2,0.899,,,,
ChangeDistiller,4068,2750,1040,1028,718,1282,0,0,15263,4,0,,,,0.3,6,0.2,0.899,,,,
ChangeDistiller,3068,2021,837,825,403,1003,0,0,13605,4,0,,,,0.5,6,0.2,0.899,,,,
ChangeDistiller,290,227,72,60,43,115,0,0,6123,4,0,,,,0.7,6,0.2,0.899,,,,
ChangeDistiller,65,39,24,12,4,25,0,0,5670,4,0,,,,0.899,6,0.2,0.899,,,,
ChangeDistiller,5249,2830,1357,1345,1021,1526,0,0,24572,4,0,,,,0.1,6,0.4,0.899,,,,
ChangeDistiller,4277,2596,1125,1113,715,1324,0,0,15527,4,0,,,,0.3,6,0.4,0.899,,,,
ChangeDistiller,3178,1956,878,866,403,1031,0,0,13622,4,0,,,,0.5,6,0.4,0.899,,,,
ChangeDistiller,290,227,72,60,43,115,0,0,6168,4,0,,,,0.7,6,0.4,0.899,,,,
ChangeDistiller,65,39,24,12,4,25,0,0,5857,4,0,,,,0.899,6,0.4,0.899,,,,
ChangeDistiller,5324,2595,1391,1353,1021,1559,0,0,24456,4,0,,,,0.1,6,0.6,0.899,,,,
ChangeDistiller,4477,2406,1178,1166,714,1419,0,0,15562,4,0,,,,0.3,6,0.6,0.899,,,,
ChangeDistiller,3411,1886,950,938,403,1120,0,0,13609,4,0,,,,0.5,6,0.6,0.899,,,,
ChangeDistiller,299,230,75,63,43,118,0,0,6125,4,0,,,,0.7,6,0.6,0.899,,,,
ChangeDistiller,65,39,24,12,4,25,0,0,5819,4,0,,,,0.899,6,0.6,0.899,,,,
ChangeDistiller,5380,2594,1400,1388,1021,1571,0,0,23097,4,0,,,,0.1,6,0.8,0.899,,,,
ChangeDistiller,4631,2207,1220,1207,714,1490,0,0,15194,4,0,,,,0.3,6,0.8,0.899,,,,
ChangeDistiller,3619,1673,996,965,403,1255,0,0,13449,4,0,,,,0.5,6,0.8,0.899,,,,
ChangeDistiller,351,253,88,76,43,144,0,0,5978,4,0,,,,0.7,6,0.8,0.899,,,,
ChangeDistiller,86,52,28,16,4,38,0,0,5668,4,0,,,,0.899,6,0.8,0.899,,,,
ChangeDistiller,5380,2594,1400,1388,1021,1571,0,0,22131,4,0,,,,0.1,6,1.0,0.899,,,,
ChangeDistiller,4645,2215,1222,1210,714,1499,0,0,14174,4,0,,,,0.3,6,1.0,0.899,,,,
ChangeDistiller,3705,1695,1012,1000,403,1290,0,0,12557,4,0,,,,0.5,6,1.0,0.899,,,,
ChangeDistiller,683,445,126,114,43,400,0,0,6149,4,0,,,,0.7,6,1.0,0.899,,,,
ChangeDistiller,250,180,42,30,4,174,0,0,5825,4,0,,,,0.899,6,1.0,0.899,,,,
