MATCHER,NRACTIONS,NRROOTS,NR_INSERT,NR_DELETE,NR_UPDATE,NR_MOVE,NR_TREEINSERT,NR_TREEDELETE,TIME,NROPTIONS,TIMEOUT,GT_BUM_SMT,GT_BUM_SMT_SBUP,GT_BUM_SZT,GT_CD_LSIM,GT_CD_ML,GT_CD_SSIM1,GT_CD_SSIM2,GT_STM_MH,GT_XYM_SIM,GUMTREE_MATCH_GT_MINH,
SimpleGumtree,71,11,54,15,0,2,0,0,31,2,0,,0.1,,,,,,1,,,
SimpleGumtree,76,8,57,18,0,1,0,0,30,2,0,,0.1,,,,,,2,,,
SimpleGumtree,76,8,57,18,0,1,0,0,30,2,0,,0.1,,,,,,3,,,
SimpleGumtree,76,8,57,18,0,1,0,0,30,2,0,,0.1,,,,,,4,,,
SimpleGumtree,71,11,54,15,0,2,0,0,30,2,0,,0.3,,,,,,1,,,
SimpleGumtree,76,8,57,18,0,1,0,0,29,2,0,,0.3,,,,,,2,,,
SimpleGumtree,76,8,57,18,0,1,0,0,30,2,0,,0.3,,,,,,3,,,
SimpleGumtree,76,8,57,18,0,1,0,0,30,2,0,,0.3,,,,,,4,,,
SimpleGumtree,71,11,54,15,0,2,0,0,30,2,0,,0.5,,,,,,1,,,
SimpleGumtree,76,8,57,18,0,1,0,0,30,2,0,,0.5,,,,,,2,,,
SimpleGumtree,76,8,57,18,0,1,0,0,30,2,0,,0.5,,,,,,3,,,
SimpleGumtree,76,8,57,18,0,1,0,0,28,2,0,,0.5,,,,,,4,,,
SimpleGumtree,97,8,67,28,2,0,0,0,28,2,0,,0.5,,,,,,5,,,
SimpleGumtree,71,11,54,15,0,2,0,0,30,2,0,,0.7,,,,,,1,,,
SimpleGumtree,76,8,57,18,0,1,0,0,29,2,0,,0.7,,,,,,2,,,
SimpleGumtree,76,8,57,18,0,1,0,0,29,2,0,,0.7,,,,,,3,,,
SimpleGumtree,76,8,57,18,0,1,0,0,29,2,0,,0.7,,,,,,4,,,
SimpleGumtree,97,8,67,28,2,0,0,0,28,2,0,,0.7,,,,,,5,,,
SimpleGumtree,71,11,54,15,0,2,0,0,26,2,0,,0.899,,,,,,1,,,
SimpleGumtree,76,8,57,18,0,1,0,0,26,2,0,,0.899,,,,,,2,,,
SimpleGumtree,76,8,57,18,0,1,0,0,25,2,0,,0.899,,,,,,3,,,
SimpleGumtree,76,8,57,18,0,1,0,0,25,2,0,,0.899,,,,,,4,,,
SimpleGumtree,97,8,67,28,2,0,0,0,23,2,0,,0.899,,,,,,5,,,
ClassicGumtree,74,22,53,14,2,5,0,0,37,3,0,0.1,,100,,,,,1,,,
ClassicGumtree,166,48,102,63,0,1,0,0,36,3,0,0.1,,100,,,,,2,,,
ClassicGumtree,1116,222,577,538,0,1,0,0,36,3,0,0.1,,100,,,,,3,,,
ClassicGumtree,1588,260,813,774,0,1,0,0,37,3,0,0.1,,100,,,,,4,,,
ClassicGumtree,2260,302,1149,1110,0,1,0,0,36,3,0,0.1,,100,,,,,5,,,
ClassicGumtree,72,20,52,13,2,5,0,0,78,3,0,0.1,,200,,,,,1,,,
ClassicGumtree,160,44,99,60,0,1,0,0,78,3,0,0.1,,200,,,,,2,,,
ClassicGumtree,1102,216,570,531,0,1,0,0,77,3,0,0.1,,200,,,,,3,,,
ClassicGumtree,1496,244,767,728,0,1,0,0,78,3,0,0.1,,200,,,,,4,,,
ClassicGumtree,2168,286,1103,1064,0,1,0,0,76,3,0,0.1,,200,,,,,5,,,
ClassicGumtree,61,24,43,4,5,9,0,0,147,3,0,0.1,,300,,,,,1,,,
ClassicGumtree,122,42,76,37,3,6,0,0,146,3,0,0.1,,300,,,,,2,,,
ClassicGumtree,1006,200,518,479,3,6,0,0,146,3,0,0.1,,300,,,,,3,,,
ClassicGumtree,1336,222,683,644,3,6,0,0,146,3,0,0.1,,300,,,,,4,,,
ClassicGumtree,1974,260,1002,963,3,6,0,0,146,3,0,0.1,,300,,,,,5,,,
ClassicGumtree,61,24,43,4,5,9,0,0,145,3,0,0.1,,400,,,,,1,,,
ClassicGumtree,122,42,76,37,3,6,0,0,144,3,0,0.1,,400,,,,,2,,,
ClassicGumtree,1006,200,518,479,3,6,0,0,144,3,0,0.1,,400,,,,,3,,,
ClassicGumtree,1336,222,683,644,3,6,0,0,144,3,0,0.1,,400,,,,,4,,,
ClassicGumtree,1974,260,1002,963,3,6,0,0,143,3,0,0.1,,400,,,,,5,,,
ClassicGumtree,61,24,43,4,5,9,0,0,145,3,0,0.1,,500,,,,,1,,,
ClassicGumtree,122,42,76,37,3,6,0,0,145,3,0,0.1,,500,,,,,2,,,
ClassicGumtree,1006,200,518,479,3,6,0,0,145,3,0,0.1,,500,,,,,3,,,
ClassicGumtree,1336,222,683,644,3,6,0,0,145,3,0,0.1,,500,,,,,4,,,
ClassicGumtree,1974,260,1002,963,3,6,0,0,145,3,0,0.1,,500,,,,,5,,,
ClassicGumtree,61,24,43,4,5,9,0,0,145,3,0,0.1,,600,,,,,1,,,
ClassicGumtree,122,42,76,37,3,6,0,0,145,3,0,0.1,,600,,,,,2,,,
ClassicGumtree,1006,200,518,479,3,6,0,0,144,3,0,0.1,,600,,,,,3,,,
ClassicGumtree,1336,222,683,644,3,6,0,0,144,3,0,0.1,,600,,,,,4,,,
ClassicGumtree,1974,260,1002,963,3,6,0,0,144,3,0,0.1,,600,,,,,5,,,
ClassicGumtree,61,24,43,4,5,9,0,0,146,3,0,0.1,,700,,,,,1,,,
ClassicGumtree,122,42,76,37,3,6,0,0,145,3,0,0.1,,700,,,,,2,,,
ClassicGumtree,1006,200,518,479,3,6,0,0,144,3,0,0.1,,700,,,,,3,,,
ClassicGumtree,1336,222,683,644,3,6,0,0,144,3,0,0.1,,700,,,,,4,,,
ClassicGumtree,1974,260,1002,963,3,6,0,0,144,3,0,0.1,,700,,,,,5,,,
ClassicGumtree,61,24,43,4,5,9,0,0,145,3,0,0.1,,800,,,,,1,,,
ClassicGumtree,122,42,76,37,3,6,0,0,145,3,0,0.1,,800,,,,,2,,,
ClassicGumtree,1006,200,518,479,3,6,0,0,145,3,0,0.1,,800,,,,,3,,,
ClassicGumtree,1336,222,683,644,3,6,0,0,144,3,0,0.1,,800,,,,,4,,,
ClassicGumtree,1974,260,1002,963,3,6,0,0,143,3,0,0.1,,800,,,,,5,,,
ClassicGumtree,59,22,42,3,5,9,0,0,1050,3,0,0.1,,900,,,,,1,,,
ClassicGumtree,72,22,51,12,3,6,0,0,1050,3,0,0.1,,900,,,,,2,,,
ClassicGumtree,824,152,427,388,3,6,0,0,1049,3,0,0.1,,900,,,,,3,,,
ClassicGumtree,1120,170,575,536,3,6,0,0,1048,3,0,0.1,,900,,,,,4,,,
ClassicGumtree,1612,196,821,782,3,6,0,0,1049,3,0,0.1,,900,,,,,5,,,
ClassicGumtree,59,22,42,3,5,9,0,0,1048,3,0,0.1,,1000,,,,,1,,,
ClassicGumtree,72,22,51,12,3,6,0,0,1048,3,0,0.1,,1000,,,,,2,,,
ClassicGumtree,824,152,427,388,3,6,0,0,1105,3,0,0.1,,1000,,,,,3,,,
ClassicGumtree,1120,170,575,536,3,6,0,0,1105,3,0,0.1,,1000,,,,,4,,,
ClassicGumtree,1612,196,821,782,3,6,0,0,1047,3,0,0.1,,1000,,,,,5,,,
ClassicGumtree,59,22,42,3,5,9,0,0,1038,3,0,0.1,,1100,,,,,1,,,
ClassicGumtree,72,22,51,12,3,6,0,0,1038,3,0,0.1,,1100,,,,,2,,,
ClassicGumtree,824,152,427,388,3,6,0,0,1037,3,0,0.1,,1100,,,,,3,,,
ClassicGumtree,1120,170,575,536,3,6,0,0,1037,3,0,0.1,,1100,,,,,4,,,
ClassicGumtree,1612,196,821,782,3,6,0,0,1039,3,0,0.1,,1100,,,,,5,,,
ClassicGumtree,59,22,42,3,5,9,0,0,1037,3,0,0.1,,1200,,,,,1,,,
ClassicGumtree,72,22,51,12,3,6,0,0,1042,3,0,0.1,,1200,,,,,2,,,
ClassicGumtree,824,152,427,388,3,6,0,0,1037,3,0,0.1,,1200,,,,,3,,,
ClassicGumtree,1120,170,575,536,3,6,0,0,1037,3,0,0.1,,1200,,,,,4,,,
ClassicGumtree,1612,196,821,782,3,6,0,0,1038,3,0,0.1,,1200,,,,,5,,,
ClassicGumtree,59,22,42,3,5,9,0,0,1038,3,0,0.1,,1300,,,,,1,,,
ClassicGumtree,72,22,51,12,3,6,0,0,1038,3,0,0.1,,1300,,,,,2,,,
ClassicGumtree,824,152,427,388,3,6,0,0,1038,3,0,0.1,,1300,,,,,3,,,
ClassicGumtree,1120,170,575,536,3,6,0,0,1038,3,0,0.1,,1300,,,,,4,,,
ClassicGumtree,1612,196,821,782,3,6,0,0,1038,3,0,0.1,,1300,,,,,5,,,
ClassicGumtree,59,22,42,3,5,9,0,0,1037,3,0,0.1,,1400,,,,,1,,,
ClassicGumtree,72,22,51,12,3,6,0,0,1036,3,0,0.1,,1400,,,,,2,,,
ClassicGumtree,824,152,427,388,3,6,0,0,1037,3,0,0.1,,1400,,,,,3,,,
ClassicGumtree,1120,170,575,536,3,6,0,0,1046,3,0,0.1,,1400,,,,,4,,,
ClassicGumtree,1612,196,821,782,3,6,0,0,1045,3,0,0.1,,1400,,,,,5,,,
ClassicGumtree,59,22,42,3,5,9,0,0,1046,3,0,0.1,,1500,,,,,1,,,
ClassicGumtree,72,22,51,12,3,6,0,0,1046,3,0,0.1,,1500,,,,,2,,,
ClassicGumtree,824,152,427,388,3,6,0,0,1046,3,0,0.1,,1500,,,,,3,,,
ClassicGumtree,1120,170,575,536,3,6,0,0,1046,3,0,0.1,,1500,,,,,4,,,
ClassicGumtree,1612,196,821,782,3,6,0,0,1046,3,0,0.1,,1500,,,,,5,,,
ClassicGumtree,59,22,42,3,5,9,0,0,1045,3,0,0.1,,1600,,,,,1,,,
ClassicGumtree,72,22,51,12,3,6,0,0,1044,3,0,0.1,,1600,,,,,2,,,
ClassicGumtree,824,152,427,388,3,6,0,0,1044,3,0,0.1,,1600,,,,,3,,,
ClassicGumtree,1120,170,575,536,3,6,0,0,1037,3,0,0.1,,1600,,,,,4,,,
ClassicGumtree,1612,196,821,782,3,6,0,0,1037,3,0,0.1,,1600,,,,,5,,,
ClassicGumtree,59,22,42,3,5,9,0,0,1041,3,0,0.1,,1700,,,,,1,,,
ClassicGumtree,72,22,51,12,3,6,0,0,1039,3,0,0.1,,1700,,,,,2,,,
ClassicGumtree,824,152,427,388,3,6,0,0,1038,3,0,0.1,,1700,,,,,3,,,
ClassicGumtree,1120,170,575,536,3,6,0,0,1041,3,0,0.1,,1700,,,,,4,,,
ClassicGumtree,1612,196,821,782,3,6,0,0,1041,3,0,0.1,,1700,,,,,5,,,
ClassicGumtree,59,22,42,3,5,9,0,0,1038,3,0,0.1,,1800,,,,,1,,,
ClassicGumtree,72,22,51,12,3,6,0,0,1038,3,0,0.1,,1800,,,,,2,,,
ClassicGumtree,824,152,427,388,3,6,0,0,1038,3,0,0.1,,1800,,,,,3,,,
ClassicGumtree,1120,170,575,536,3,6,0,0,1038,3,0,0.1,,1800,,,,,4,,,
ClassicGumtree,1612,196,821,782,3,6,0,0,1038,3,0,0.1,,1800,,,,,5,,,
ClassicGumtree,59,22,42,3,5,9,0,0,1048,3,0,0.1,,1900,,,,,1,,,
ClassicGumtree,72,22,51,12,3,6,0,0,1047,3,0,0.1,,1900,,,,,2,,,
ClassicGumtree,824,152,427,388,3,6,0,0,1046,3,0,0.1,,1900,,,,,3,,,
ClassicGumtree,1120,170,575,536,3,6,0,0,1049,3,0,0.1,,1900,,,,,4,,,
ClassicGumtree,1612,196,821,782,3,6,0,0,1048,3,0,0.1,,1900,,,,,5,,,
ClassicGumtree,59,22,42,3,5,9,0,0,1047,3,0,0.1,,2000,,,,,1,,,
ClassicGumtree,72,22,51,12,3,6,0,0,1046,3,0,0.1,,2000,,,,,2,,,
ClassicGumtree,824,152,427,388,3,6,0,0,1056,3,0,0.1,,2000,,,,,3,,,
ClassicGumtree,1120,170,575,536,3,6,0,0,1048,3,0,0.1,,2000,,,,,4,,,
ClassicGumtree,1612,196,821,782,3,6,0,0,1048,3,0,0.1,,2000,,,,,5,,,
ClassicGumtree,74,22,53,14,2,5,0,0,35,3,0,0.2,,100,,,,,1,,,
ClassicGumtree,166,48,102,63,0,1,0,0,35,3,0,0.2,,100,,,,,2,,,
ClassicGumtree,1116,222,577,538,0,1,0,0,35,3,0,0.2,,100,,,,,3,,,
ClassicGumtree,1588,260,813,774,0,1,0,0,34,3,0,0.2,,100,,,,,4,,,
ClassicGumtree,2260,302,1149,1110,0,1,0,0,34,3,0,0.2,,100,,,,,5,,,
ClassicGumtree,72,20,52,13,2,5,0,0,74,3,0,0.2,,200,,,,,1,,,
ClassicGumtree,160,44,99,60,0,1,0,0,73,3,0,0.2,,200,,,,,2,,,
ClassicGumtree,1102,216,570,531,0,1,0,0,73,3,0,0.2,,200,,,,,3,,,
ClassicGumtree,1496,244,767,728,0,1,0,0,73,3,0,0.2,,200,,,,,4,,,
ClassicGumtree,2168,286,1103,1064,0,1,0,0,73,3,0,0.2,,200,,,,,5,,,
ClassicGumtree,61,24,43,4,5,9,0,0,143,3,0,0.2,,300,,,,,1,,,
ClassicGumtree,122,42,76,37,3,6,0,0,143,3,0,0.2,,300,,,,,2,,,
ClassicGumtree,1006,200,518,479,3,6,0,0,142,3,0,0.2,,300,,,,,3,,,
ClassicGumtree,1336,222,683,644,3,6,0,0,142,3,0,0.2,,300,,,,,4,,,
ClassicGumtree,1974,260,1002,963,3,6,0,0,142,3,0,0.2,,300,,,,,5,,,
ClassicGumtree,61,24,43,4,5,9,0,0,144,3,0,0.2,,400,,,,,1,,,
ClassicGumtree,122,42,76,37,3,6,0,0,144,3,0,0.2,,400,,,,,2,,,
ClassicGumtree,1006,200,518,479,3,6,0,0,142,3,0,0.2,,400,,,,,3,,,
ClassicGumtree,1336,222,683,644,3,6,0,0,143,3,0,0.2,,400,,,,,4,,,
ClassicGumtree,1974,260,1002,963,3,6,0,0,142,3,0,0.2,,400,,,,,5,,,
ClassicGumtree,61,24,43,4,5,9,0,0,143,3,0,0.2,,500,,,,,1,,,
ClassicGumtree,122,42,76,37,3,6,0,0,143,3,0,0.2,,500,,,,,2,,,
ClassicGumtree,1006,200,518,479,3,6,0,0,142,3,0,0.2,,500,,,,,3,,,
ClassicGumtree,1336,222,683,644,3,6,0,0,143,3,0,0.2,,500,,,,,4,,,
ClassicGumtree,1974,260,1002,963,3,6,0,0,142,3,0,0.2,,500,,,,,5,,,
ClassicGumtree,61,24,43,4,5,9,0,0,143,3,0,0.2,,600,,,,,1,,,
ClassicGumtree,122,42,76,37,3,6,0,0,143,3,0,0.2,,600,,,,,2,,,
ClassicGumtree,1006,200,518,479,3,6,0,0,143,3,0,0.2,,600,,,,,3,,,
ClassicGumtree,1336,222,683,644,3,6,0,0,143,3,0,0.2,,600,,,,,4,,,
ClassicGumtree,1974,260,1002,963,3,6,0,0,143,3,0,0.2,,600,,,,,5,,,
ClassicGumtree,61,24,43,4,5,9,0,0,143,3,0,0.2,,700,,,,,1,,,
ClassicGumtree,122,42,76,37,3,6,0,0,143,3,0,0.2,,700,,,,,2,,,
ClassicGumtree,1006,200,518,479,3,6,0,0,142,3,0,0.2,,700,,,,,3,,,
ClassicGumtree,1336,222,683,644,3,6,0,0,143,3,0,0.2,,700,,,,,4,,,
ClassicGumtree,1974,260,1002,963,3,6,0,0,141,3,0,0.2,,700,,,,,5,,,
ClassicGumtree,61,24,43,4,5,9,0,0,144,3,0,0.2,,800,,,,,1,,,
ClassicGumtree,122,42,76,37,3,6,0,0,144,3,0,0.2,,800,,,,,2,,,
ClassicGumtree,1006,200,518,479,3,6,0,0,142,3,0,0.2,,800,,,,,3,,,
ClassicGumtree,1336,222,683,644,3,6,0,0,142,3,0,0.2,,800,,,,,4,,,
ClassicGumtree,1974,260,1002,963,3,6,0,0,142,3,0,0.2,,800,,,,,5,,,
ClassicGumtree,59,22,42,3,5,9,0,0,1043,3,0,0.2,,900,,,,,1,,,
ClassicGumtree,72,22,51,12,3,6,0,0,1040,3,0,0.2,,900,,,,,2,,,
ClassicGumtree,824,152,427,388,3,6,0,0,1037,3,0,0.2,,900,,,,,3,,,
ClassicGumtree,1120,170,575,536,3,6,0,0,1036,3,0,0.2,,900,,,,,4,,,
ClassicGumtree,1612,196,821,782,3,6,0,0,1037,3,0,0.2,,900,,,,,5,,,
ClassicGumtree,59,22,42,3,5,9,0,0,1037,3,0,0.2,,1000,,,,,1,,,
ClassicGumtree,72,22,51,12,3,6,0,0,1036,3,0,0.2,,1000,,,,,2,,,
ClassicGumtree,824,152,427,388,3,6,0,0,1037,3,0,0.2,,1000,,,,,3,,,
ClassicGumtree,1120,170,575,536,3,6,0,0,1037,3,0,0.2,,1000,,,,,4,,,
ClassicGumtree,1612,196,821,782,3,6,0,0,1037,3,0,0.2,,1000,,,,,5,,,
ClassicGumtree,59,22,42,3,5,9,0,0,1047,3,0,0.2,,1100,,,,,1,,,
ClassicGumtree,72,22,51,12,3,6,0,0,1048,3,0,0.2,,1100,,,,,2,,,
ClassicGumtree,824,152,427,388,3,6,0,0,1045,3,0,0.2,,1100,,,,,3,,,
ClassicGumtree,1120,170,575,536,3,6,0,0,1045,3,0,0.2,,1100,,,,,4,,,
ClassicGumtree,1612,196,821,782,3,6,0,0,1046,3,0,0.2,,1100,,,,,5,,,
ClassicGumtree,59,22,42,3,5,9,0,0,1046,3,0,0.2,,1200,,,,,1,,,
ClassicGumtree,72,22,51,12,3,6,0,0,1045,3,0,0.2,,1200,,,,,2,,,
ClassicGumtree,824,152,427,388,3,6,0,0,1044,3,0,0.2,,1200,,,,,3,,,
ClassicGumtree,1120,170,575,536,3,6,0,0,1045,3,0,0.2,,1200,,,,,4,,,
ClassicGumtree,1612,196,821,782,3,6,0,0,1045,3,0,0.2,,1200,,,,,5,,,
ClassicGumtree,59,22,42,3,5,9,0,0,1040,3,0,0.2,,1300,,,,,1,,,
ClassicGumtree,72,22,51,12,3,6,0,0,1039,3,0,0.2,,1300,,,,,2,,,
ClassicGumtree,824,152,427,388,3,6,0,0,1040,3,0,0.2,,1300,,,,,3,,,
ClassicGumtree,1120,170,575,536,3,6,0,0,1038,3,0,0.2,,1300,,,,,4,,,
ClassicGumtree,1612,196,821,782,3,6,0,0,1037,3,0,0.2,,1300,,,,,5,,,
ClassicGumtree,59,22,42,3,5,9,0,0,1039,3,0,0.2,,1400,,,,,1,,,
ClassicGumtree,72,22,51,12,3,6,0,0,1037,3,0,0.2,,1400,,,,,2,,,
ClassicGumtree,824,152,427,388,3,6,0,0,1036,3,0,0.2,,1400,,,,,3,,,
ClassicGumtree,1120,170,575,536,3,6,0,0,1037,3,0,0.2,,1400,,,,,4,,,
ClassicGumtree,1612,196,821,782,3,6,0,0,1037,3,0,0.2,,1400,,,,,5,,,
ClassicGumtree,59,22,42,3,5,9,0,0,1048,3,0,0.2,,1500,,,,,1,,,
ClassicGumtree,72,22,51,12,3,6,0,0,1048,3,0,0.2,,1500,,,,,2,,,
ClassicGumtree,824,152,427,388,3,6,0,0,1049,3,0,0.2,,1500,,,,,3,,,
ClassicGumtree,1120,170,575,536,3,6,0,0,1046,3,0,0.2,,1500,,,,,4,,,
ClassicGumtree,1612,196,821,782,3,6,0,0,1047,3,0,0.2,,1500,,,,,5,,,
ClassicGumtree,59,22,42,3,5,9,0,0,1048,3,0,0.2,,1600,,,,,1,,,
ClassicGumtree,72,22,51,12,3,6,0,0,1046,3,0,0.2,,1600,,,,,2,,,
ClassicGumtree,824,152,427,388,3,6,0,0,1045,3,0,0.2,,1600,,,,,3,,,
ClassicGumtree,1120,170,575,536,3,6,0,0,1046,3,0,0.2,,1600,,,,,4,,,
ClassicGumtree,1612,196,821,782,3,6,0,0,1044,3,0,0.2,,1600,,,,,5,,,
ClassicGumtree,59,22,42,3,5,9,0,0,1043,3,0,0.2,,1700,,,,,1,,,
ClassicGumtree,72,22,51,12,3,6,0,0,1043,3,0,0.2,,1700,,,,,2,,,
ClassicGumtree,824,152,427,388,3,6,0,0,1043,3,0,0.2,,1700,,,,,3,,,
ClassicGumtree,1120,170,575,536,3,6,0,0,1041,3,0,0.2,,1700,,,,,4,,,
ClassicGumtree,1612,196,821,782,3,6,0,0,1040,3,0,0.2,,1700,,,,,5,,,
ClassicGumtree,59,22,42,3,5,9,0,0,1040,3,0,0.2,,1800,,,,,1,,,
ClassicGumtree,72,22,51,12,3,6,0,0,1039,3,0,0.2,,1800,,,,,2,,,
ClassicGumtree,824,152,427,388,3,6,0,0,1040,3,0,0.2,,1800,,,,,3,,,
ClassicGumtree,1120,170,575,536,3,6,0,0,1040,3,0,0.2,,1800,,,,,4,,,
ClassicGumtree,1612,196,821,782,3,6,0,0,1048,3,0,0.2,,1800,,,,,5,,,
ClassicGumtree,59,22,42,3,5,9,0,0,1051,3,0,0.2,,1900,,,,,1,,,
ClassicGumtree,72,22,51,12,3,6,0,0,1050,3,0,0.2,,1900,,,,,2,,,
ClassicGumtree,824,152,427,388,3,6,0,0,1052,3,0,0.2,,1900,,,,,3,,,
ClassicGumtree,1120,170,575,536,3,6,0,0,1049,3,0,0.2,,1900,,,,,4,,,
ClassicGumtree,1612,196,821,782,3,6,0,0,1048,3,0,0.2,,1900,,,,,5,,,
ClassicGumtree,59,22,42,3,5,9,0,0,1048,3,0,0.2,,2000,,,,,1,,,
ClassicGumtree,72,22,51,12,3,6,0,0,1048,3,0,0.2,,2000,,,,,2,,,
ClassicGumtree,824,152,427,388,3,6,0,0,1048,3,0,0.2,,2000,,,,,3,,,
ClassicGumtree,1120,170,575,536,3,6,0,0,1048,3,0,0.2,,2000,,,,,4,,,
ClassicGumtree,1612,196,821,782,3,6,0,0,1047,3,0,0.2,,2000,,,,,5,,,
ClassicGumtree,77,17,57,18,0,2,0,0,36,3,0,0.3,,100,,,,,1,,,
ClassicGumtree,166,48,102,63,0,1,0,0,36,3,0,0.3,,100,,,,,2,,,
ClassicGumtree,1116,222,577,538,0,1,0,0,34,3,0,0.3,,100,,,,,3,,,
ClassicGumtree,1588,260,813,774,0,1,0,0,34,3,0,0.3,,100,,,,,4,,,
ClassicGumtree,2260,302,1149,1110,0,1,0,0,33,3,0,0.3,,100,,,,,5,,,
ClassicGumtree,75,15,56,17,0,2,0,0,74,3,0,0.3,,200,,,,,1,,,
ClassicGumtree,160,44,99,60,0,1,0,0,74,3,0,0.3,,200,,,,,2,,,
ClassicGumtree,1102,216,570,531,0,1,0,0,74,3,0,0.3,,200,,,,,3,,,
ClassicGumtree,1496,244,767,728,0,1,0,0,74,3,0,0.3,,200,,,,,4,,,
ClassicGumtree,2168,286,1103,1064,0,1,0,0,73,3,0,0.3,,200,,,,,5,,,
ClassicGumtree,64,21,47,8,3,6,0,0,143,3,0,0.3,,300,,,,,1,,,
ClassicGumtree,122,42,76,37,3,6,0,0,143,3,0,0.3,,300,,,,,2,,,
ClassicGumtree,1006,200,518,479,3,6,0,0,143,3,0,0.3,,300,,,,,3,,,
ClassicGumtree,1336,222,683,644,3,6,0,0,143,3,0,0.3,,300,,,,,4,,,
ClassicGumtree,1974,260,1002,963,3,6,0,0,143,3,0,0.3,,300,,,,,5,,,
ClassicGumtree,64,21,47,8,3,6,0,0,143,3,0,0.3,,400,,,,,1,,,
ClassicGumtree,122,42,76,37,3,6,0,0,143,3,0,0.3,,400,,,,,2,,,
ClassicGumtree,1006,200,518,479,3,6,0,0,143,3,0,0.3,,400,,,,,3,,,
ClassicGumtree,1336,222,683,644,3,6,0,0,143,3,0,0.3,,400,,,,,4,,,
ClassicGumtree,1974,260,1002,963,3,6,0,0,142,3,0,0.3,,400,,,,,5,,,
ClassicGumtree,64,21,47,8,3,6,0,0,144,3,0,0.3,,500,,,,,1,,,
ClassicGumtree,122,42,76,37,3,6,0,0,143,3,0,0.3,,500,,,,,2,,,
ClassicGumtree,1006,200,518,479,3,6,0,0,142,3,0,0.3,,500,,,,,3,,,
ClassicGumtree,1336,222,683,644,3,6,0,0,143,3,0,0.3,,500,,,,,4,,,
ClassicGumtree,1974,260,1002,963,3,6,0,0,143,3,0,0.3,,500,,,,,5,,,
ClassicGumtree,64,21,47,8,3,6,0,0,144,3,0,0.3,,600,,,,,1,,,
ClassicGumtree,122,42,76,37,3,6,0,0,144,3,0,0.3,,600,,,,,2,,,
ClassicGumtree,1006,200,518,479,3,6,0,0,143,3,0,0.3,,600,,,,,3,,,
ClassicGumtree,1336,222,683,644,3,6,0,0,143,3,0,0.3,,600,,,,,4,,,
ClassicGumtree,1974,260,1002,963,3,6,0,0,142,3,0,0.3,,600,,,,,5,,,
ClassicGumtree,64,21,47,8,3,6,0,0,145,3,0,0.3,,700,,,,,1,,,
ClassicGumtree,122,42,76,37,3,6,0,0,145,3,0,0.3,,700,,,,,2,,,
ClassicGumtree,1006,200,518,479,3,6,0,0,144,3,0,0.3,,700,,,,,3,,,
ClassicGumtree,1336,222,683,644,3,6,0,0,144,3,0,0.3,,700,,,,,4,,,
ClassicGumtree,1974,260,1002,963,3,6,0,0,144,3,0,0.3,,700,,,,,5,,,
ClassicGumtree,64,21,47,8,3,6,0,0,146,3,0,0.3,,800,,,,,1,,,
ClassicGumtree,122,42,76,37,3,6,0,0,145,3,0,0.3,,800,,,,,2,,,
ClassicGumtree,1006,200,518,479,3,6,0,0,145,3,0,0.3,,800,,,,,3,,,
ClassicGumtree,1336,222,683,644,3,6,0,0,145,3,0,0.3,,800,,,,,4,,,
ClassicGumtree,1974,260,1002,963,3,6,0,0,144,3,0,0.3,,800,,,,,5,,,
ClassicGumtree,62,19,46,7,3,6,0,0,1041,3,0,0.3,,900,,,,,1,,,
ClassicGumtree,72,22,51,12,3,6,0,0,1041,3,0,0.3,,900,,,,,2,,,
ClassicGumtree,824,152,427,388,3,6,0,0,1038,3,0,0.3,,900,,,,,3,,,
ClassicGumtree,1120,170,575,536,3,6,0,0,1040,3,0,0.3,,900,,,,,4,,,
ClassicGumtree,1612,196,821,782,3,6,0,0,1039,3,0,0.3,,900,,,,,5,,,
ClassicGumtree,62,19,46,7,3,6,0,0,1041,3,0,0.3,,1000,,,,,1,,,
ClassicGumtree,72,22,51,12,3,6,0,0,1041,3,0,0.3,,1000,,,,,2,,,
ClassicGumtree,824,152,427,388,3,6,0,0,1042,3,0,0.3,,1000,,,,,3,,,
ClassicGumtree,1120,170,575,536,3,6,0,0,1039,3,0,0.3,,1000,,,,,4,,,
ClassicGumtree,1612,196,821,782,3,6,0,0,1038,3,0,0.3,,1000,,,,,5,,,
ClassicGumtree,62,19,46,7,3,6,0,0,1050,3,0,0.3,,1100,,,,,1,,,
ClassicGumtree,72,22,51,12,3,6,0,0,1050,3,0,0.3,,1100,,,,,2,,,
ClassicGumtree,824,152,427,388,3,6,0,0,1048,3,0,0.3,,1100,,,,,3,,,
ClassicGumtree,1120,170,575,536,3,6,0,0,1050,3,0,0.3,,1100,,,,,4,,,
ClassicGumtree,1612,196,821,782,3,6,0,0,1048,3,0,0.3,,1100,,,,,5,,,
ClassicGumtree,62,19,46,7,3,6,0,0,1050,3,0,0.3,,1200,,,,,1,,,
ClassicGumtree,72,22,51,12,3,6,0,0,1050,3,0,0.3,,1200,,,,,2,,,
ClassicGumtree,824,152,427,388,3,6,0,0,1051,3,0,0.3,,1200,,,,,3,,,
ClassicGumtree,1120,170,575,536,3,6,0,0,1047,3,0,0.3,,1200,,,,,4,,,
ClassicGumtree,1612,196,821,782,3,6,0,0,1047,3,0,0.3,,1200,,,,,5,,,
ClassicGumtree,62,19,46,7,3,6,0,0,1038,3,0,0.3,,1300,,,,,1,,,
ClassicGumtree,72,22,51,12,3,6,0,0,1038,3,0,0.3,,1300,,,,,2,,,
ClassicGumtree,824,152,427,388,3,6,0,0,1036,3,0,0.3,,1300,,,,,3,,,
ClassicGumtree,1120,170,575,536,3,6,0,0,1038,3,0,0.3,,1300,,,,,4,,,
ClassicGumtree,1612,196,821,782,3,6,0,0,1037,3,0,0.3,,1300,,,,,5,,,
ClassicGumtree,62,19,46,7,3,6,0,0,1038,3,0,0.3,,1400,,,,,1,,,
ClassicGumtree,72,22,51,12,3,6,0,0,1038,3,0,0.3,,1400,,,,,2,,,
ClassicGumtree,824,152,427,388,3,6,0,0,1042,3,0,0.3,,1400,,,,,3,,,
ClassicGumtree,1120,170,575,536,3,6,0,0,1038,3,0,0.3,,1400,,,,,4,,,
ClassicGumtree,1612,196,821,782,3,6,0,0,1036,3,0,0.3,,1400,,,,,5,,,
ClassicGumtree,62,19,46,7,3,6,0,0,1047,3,0,0.3,,1500,,,,,1,,,
ClassicGumtree,72,22,51,12,3,6,0,0,1047,3,0,0.3,,1500,,,,,2,,,
ClassicGumtree,824,152,427,388,3,6,0,0,1046,3,0,0.3,,1500,,,,,3,,,
ClassicGumtree,1120,170,575,536,3,6,0,0,1047,3,0,0.3,,1500,,,,,4,,,
ClassicGumtree,1612,196,821,782,3,6,0,0,1046,3,0,0.3,,1500,,,,,5,,,
ClassicGumtree,62,19,46,7,3,6,0,0,1047,3,0,0.3,,1600,,,,,1,,,
ClassicGumtree,72,22,51,12,3,6,0,0,1047,3,0,0.3,,1600,,,,,2,,,
ClassicGumtree,824,152,427,388,3,6,0,0,1045,3,0,0.3,,1600,,,,,3,,,
ClassicGumtree,1120,170,575,536,3,6,0,0,1045,3,0,0.3,,1600,,,,,4,,,
ClassicGumtree,1612,196,821,782,3,6,0,0,1048,3,0,0.3,,1600,,,,,5,,,
ClassicGumtree,62,19,46,7,3,6,0,0,1037,3,0,0.3,,1700,,,,,1,,,
ClassicGumtree,72,22,51,12,3,6,0,0,1038,3,0,0.3,,1700,,,,,2,,,
ClassicGumtree,824,152,427,388,3,6,0,0,1038,3,0,0.3,,1700,,,,,3,,,
ClassicGumtree,1120,170,575,536,3,6,0,0,1038,3,0,0.3,,1700,,,,,4,,,
ClassicGumtree,1612,196,821,782,3,6,0,0,1037,3,0,0.3,,1700,,,,,5,,,
ClassicGumtree,62,19,46,7,3,6,0,0,1038,3,0,0.3,,1800,,,,,1,,,
ClassicGumtree,72,22,51,12,3,6,0,0,1038,3,0,0.3,,1800,,,,,2,,,
ClassicGumtree,824,152,427,388,3,6,0,0,1038,3,0,0.3,,1800,,,,,3,,,
ClassicGumtree,1120,170,575,536,3,6,0,0,1037,3,0,0.3,,1800,,,,,4,,,
ClassicGumtree,1612,196,821,782,3,6,0,0,1039,3,0,0.3,,1800,,,,,5,,,
ClassicGumtree,62,19,46,7,3,6,0,0,1040,3,0,0.3,,1900,,,,,1,,,
ClassicGumtree,72,22,51,12,3,6,0,0,1039,3,0,0.3,,1900,,,,,2,,,
ClassicGumtree,824,152,427,388,3,6,0,0,1039,3,0,0.3,,1900,,,,,3,,,
ClassicGumtree,1120,170,575,536,3,6,0,0,1038,3,0,0.3,,1900,,,,,4,,,
ClassicGumtree,1612,196,821,782,3,6,0,0,1038,3,0,0.3,,1900,,,,,5,,,
ClassicGumtree,62,19,46,7,3,6,0,0,1038,3,0,0.3,,2000,,,,,1,,,
ClassicGumtree,72,22,51,12,3,6,0,0,1038,3,0,0.3,,2000,,,,,2,,,
ClassicGumtree,824,152,427,388,3,6,0,0,1038,3,0,0.3,,2000,,,,,3,,,
ClassicGumtree,1120,170,575,536,3,6,0,0,1039,3,0,0.3,,2000,,,,,4,,,
ClassicGumtree,1612,196,821,782,3,6,0,0,1040,3,0,0.3,,2000,,,,,5,,,
ClassicGumtree,77,17,57,18,0,2,0,0,35,3,0,0.4,,100,,,,,1,,,
ClassicGumtree,166,48,102,63,0,1,0,0,35,3,0,0.4,,100,,,,,2,,,
ClassicGumtree,1116,222,577,538,0,1,0,0,35,3,0,0.4,,100,,,,,3,,,
ClassicGumtree,1588,260,813,774,0,1,0,0,35,3,0,0.4,,100,,,,,4,,,
ClassicGumtree,2260,302,1149,1110,0,1,0,0,34,3,0,0.4,,100,,,,,5,,,
ClassicGumtree,75,15,56,17,0,2,0,0,74,3,0,0.4,,200,,,,,1,,,
ClassicGumtree,160,44,99,60,0,1,0,0,73,3,0,0.4,,200,,,,,2,,,
ClassicGumtree,1102,216,570,531,0,1,0,0,73,3,0,0.4,,200,,,,,3,,,
ClassicGumtree,1496,244,767,728,0,1,0,0,73,3,0,0.4,,200,,,,,4,,,
ClassicGumtree,2168,286,1103,1064,0,1,0,0,73,3,0,0.4,,200,,,,,5,,,
ClassicGumtree,64,21,47,8,3,6,0,0,143,3,0,0.4,,300,,,,,1,,,
ClassicGumtree,122,42,76,37,3,6,0,0,143,3,0,0.4,,300,,,,,2,,,
ClassicGumtree,1006,200,518,479,3,6,0,0,143,3,0,0.4,,300,,,,,3,,,
ClassicGumtree,1336,222,683,644,3,6,0,0,142,3,0,0.4,,300,,,,,4,,,
ClassicGumtree,1974,260,1002,963,3,6,0,0,143,3,0,0.4,,300,,,,,5,,,
ClassicGumtree,64,21,47,8,3,6,0,0,150,3,0,0.4,,400,,,,,1,,,
ClassicGumtree,122,42,76,37,3,6,0,0,150,3,0,0.4,,400,,,,,2,,,
ClassicGumtree,1006,200,518,479,3,6,0,0,149,3,0,0.4,,400,,,,,3,,,
ClassicGumtree,1336,222,683,644,3,6,0,0,149,3,0,0.4,,400,,,,,4,,,
ClassicGumtree,1974,260,1002,963,3,6,0,0,149,3,0,0.4,,400,,,,,5,,,
ClassicGumtree,64,21,47,8,3,6,0,0,150,3,0,0.4,,500,,,,,1,,,
ClassicGumtree,122,42,76,37,3,6,0,0,150,3,0,0.4,,500,,,,,2,,,
ClassicGumtree,1006,200,518,479,3,6,0,0,150,3,0,0.4,,500,,,,,3,,,
ClassicGumtree,1336,222,683,644,3,6,0,0,149,3,0,0.4,,500,,,,,4,,,
ClassicGumtree,1974,260,1002,963,3,6,0,0,149,3,0,0.4,,500,,,,,5,,,
ClassicGumtree,64,21,47,8,3,6,0,0,144,3,0,0.4,,600,,,,,1,,,
ClassicGumtree,122,42,76,37,3,6,0,0,143,3,0,0.4,,600,,,,,2,,,
ClassicGumtree,1006,200,518,479,3,6,0,0,143,3,0,0.4,,600,,,,,3,,,
ClassicGumtree,1336,222,683,644,3,6,0,0,143,3,0,0.4,,600,,,,,4,,,
ClassicGumtree,1974,260,1002,963,3,6,0,0,142,3,0,0.4,,600,,,,,5,,,
ClassicGumtree,64,21,47,8,3,6,0,0,143,3,0,0.4,,700,,,,,1,,,
ClassicGumtree,122,42,76,37,3,6,0,0,143,3,0,0.4,,700,,,,,2,,,
ClassicGumtree,1006,200,518,479,3,6,0,0,143,3,0,0.4,,700,,,,,3,,,
ClassicGumtree,1336,222,683,644,3,6,0,0,143,3,0,0.4,,700,,,,,4,,,
ClassicGumtree,1974,260,1002,963,3,6,0,0,143,3,0,0.4,,700,,,,,5,,,
ClassicGumtree,64,21,47,8,3,6,0,0,143,3,0,0.4,,800,,,,,1,,,
ClassicGumtree,122,42,76,37,3,6,0,0,144,3,0,0.4,,800,,,,,2,,,
ClassicGumtree,1006,200,518,479,3,6,0,0,142,3,0,0.4,,800,,,,,3,,,
ClassicGumtree,1336,222,683,644,3,6,0,0,143,3,0,0.4,,800,,,,,4,,,
ClassicGumtree,1974,260,1002,963,3,6,0,0,142,3,0,0.4,,800,,,,,5,,,
ClassicGumtree,62,19,46,7,3,6,0,0,1038,3,0,0.4,,900,,,,,1,,,
ClassicGumtree,72,22,51,12,3,6,0,0,1038,3,0,0.4,,900,,,,,2,,,
ClassicGumtree,824,152,427,388,3,6,0,0,1038,3,0,0.4,,900,,,,,3,,,
ClassicGumtree,1120,170,575,536,3,6,0,0,1039,3,0,0.4,,900,,,,,4,,,
ClassicGumtree,1612,196,821,782,3,6,0,0,1040,3,0,0.4,,900,,,,,5,,,
ClassicGumtree,62,19,46,7,3,6,0,0,1038,3,0,0.4,,1000,,,,,1,,,
ClassicGumtree,72,22,51,12,3,6,0,0,1037,3,0,0.4,,1000,,,,,2,,,
ClassicGumtree,824,152,427,388,3,6,0,0,1037,3,0,0.4,,1000,,,,,3,,,
ClassicGumtree,1120,170,575,536,3,6,0,0,1037,3,0,0.4,,1000,,,,,4,,,
ClassicGumtree,1612,196,821,782,3,6,0,0,1036,3,0,0.4,,1000,,,,,5,,,
ClassicGumtree,62,19,46,7,3,6,0,0,1039,3,0,0.4,,1100,,,,,1,,,
ClassicGumtree,72,22,51,12,3,6,0,0,1040,3,0,0.4,,1100,,,,,2,,,
ClassicGumtree,824,152,427,388,3,6,0,0,1039,3,0,0.4,,1100,,,,,3,,,
ClassicGumtree,1120,170,575,536,3,6,0,0,1038,3,0,0.4,,1100,,,,,4,,,
ClassicGumtree,1612,196,821,782,3,6,0,0,1039,3,0,0.4,,1100,,,,,5,,,
ClassicGumtree,62,19,46,7,3,6,0,0,1037,3,0,0.4,,1200,,,,,1,,,
ClassicGumtree,72,22,51,12,3,6,0,0,1039,3,0,0.4,,1200,,,,,2,,,
ClassicGumtree,824,152,427,388,3,6,0,0,1038,3,0,0.4,,1200,,,,,3,,,
ClassicGumtree,1120,170,575,536,3,6,0,0,1038,3,0,0.4,,1200,,,,,4,,,
ClassicGumtree,1612,196,821,782,3,6,0,0,1037,3,0,0.4,,1200,,,,,5,,,
ClassicGumtree,62,19,46,7,3,6,0,0,1045,3,0,0.4,,1300,,,,,1,,,
ClassicGumtree,72,22,51,12,3,6,0,0,1045,3,0,0.4,,1300,,,,,2,,,
ClassicGumtree,824,152,427,388,3,6,0,0,1045,3,0,0.4,,1300,,,,,3,,,
ClassicGumtree,1120,170,575,536,3,6,0,0,1045,3,0,0.4,,1300,,,,,4,,,
ClassicGumtree,1612,196,821,782,3,6,0,0,1047,3,0,0.4,,1300,,,,,5,,,
ClassicGumtree,62,19,46,7,3,6,0,0,1045,3,0,0.4,,1400,,,,,1,,,
ClassicGumtree,72,22,51,12,3,6,0,0,1045,3,0,0.4,,1400,,,,,2,,,
ClassicGumtree,824,152,427,388,3,6,0,0,1044,3,0,0.4,,1400,,,,,3,,,
ClassicGumtree,1120,170,575,536,3,6,0,0,1044,3,0,0.4,,1400,,,,,4,,,
ClassicGumtree,1612,196,821,782,3,6,0,0,1044,3,0,0.4,,1400,,,,,5,,,
ClassicGumtree,62,19,46,7,3,6,0,0,1039,3,0,0.4,,1500,,,,,1,,,
ClassicGumtree,72,22,51,12,3,6,0,0,1039,3,0,0.4,,1500,,,,,2,,,
ClassicGumtree,824,152,427,388,3,6,0,0,1039,3,0,0.4,,1500,,,,,3,,,
ClassicGumtree,1120,170,575,536,3,6,0,0,1038,3,0,0.4,,1500,,,,,4,,,
ClassicGumtree,1612,196,821,782,3,6,0,0,1039,3,0,0.4,,1500,,,,,5,,,
ClassicGumtree,62,19,46,7,3,6,0,0,1038,3,0,0.4,,1600,,,,,1,,,
ClassicGumtree,72,22,51,12,3,6,0,0,1038,3,0,0.4,,1600,,,,,2,,,
ClassicGumtree,824,152,427,388,3,6,0,0,1038,3,0,0.4,,1600,,,,,3,,,
ClassicGumtree,1120,170,575,536,3,6,0,0,1042,3,0,0.4,,1600,,,,,4,,,
ClassicGumtree,1612,196,821,782,3,6,0,0,1037,3,0,0.4,,1600,,,,,5,,,
ClassicGumtree,62,19,46,7,3,6,0,0,1047,3,0,0.4,,1700,,,,,1,,,
ClassicGumtree,72,22,51,12,3,6,0,0,1047,3,0,0.4,,1700,,,,,2,,,
ClassicGumtree,824,152,427,388,3,6,0,0,1047,3,0,0.4,,1700,,,,,3,,,
ClassicGumtree,1120,170,575,536,3,6,0,0,1047,3,0,0.4,,1700,,,,,4,,,
ClassicGumtree,1612,196,821,782,3,6,0,0,1052,3,0,0.4,,1700,,,,,5,,,
ClassicGumtree,62,19,46,7,3,6,0,0,1047,3,0,0.4,,1800,,,,,1,,,
ClassicGumtree,72,22,51,12,3,6,0,0,1046,3,0,0.4,,1800,,,,,2,,,
ClassicGumtree,824,152,427,388,3,6,0,0,1047,3,0,0.4,,1800,,,,,3,,,
ClassicGumtree,1120,170,575,536,3,6,0,0,1046,3,0,0.4,,1800,,,,,4,,,
ClassicGumtree,1612,196,821,782,3,6,0,0,1046,3,0,0.4,,1800,,,,,5,,,
ClassicGumtree,62,19,46,7,3,6,0,0,1037,3,0,0.4,,1900,,,,,1,,,
ClassicGumtree,72,22,51,12,3,6,0,0,1038,3,0,0.4,,1900,,,,,2,,,
ClassicGumtree,824,152,427,388,3,6,0,0,1038,3,0,0.4,,1900,,,,,3,,,
ClassicGumtree,1120,170,575,536,3,6,0,0,1038,3,0,0.4,,1900,,,,,4,,,
ClassicGumtree,1612,196,821,782,3,6,0,0,1039,3,0,0.4,,1900,,,,,5,,,
ClassicGumtree,62,19,46,7,3,6,0,0,1038,3,0,0.4,,2000,,,,,1,,,
ClassicGumtree,72,22,51,12,3,6,0,0,1038,3,0,0.4,,2000,,,,,2,,,
ClassicGumtree,824,152,427,388,3,6,0,0,1036,3,0,0.4,,2000,,,,,3,,,
ClassicGumtree,1120,170,575,536,3,6,0,0,1037,3,0,0.4,,2000,,,,,4,,,
ClassicGumtree,1612,196,821,782,3,6,0,0,1036,3,0,0.4,,2000,,,,,5,,,
ClassicGumtree,77,17,57,18,0,2,0,0,36,3,0,0.5,,100,,,,,1,,,
ClassicGumtree,166,48,102,63,0,1,0,0,35,3,0,0.5,,100,,,,,2,,,
ClassicGumtree,1116,222,577,538,0,1,0,0,34,3,0,0.5,,100,,,,,3,,,
ClassicGumtree,1588,260,813,774,0,1,0,0,34,3,0,0.5,,100,,,,,4,,,
ClassicGumtree,2264,264,1150,1111,0,3,0,0,34,3,0,0.5,,100,,,,,5,,,
ClassicGumtree,75,15,56,17,0,2,0,0,75,3,0,0.5,,200,,,,,1,,,
ClassicGumtree,160,44,99,60,0,1,0,0,74,3,0,0.5,,200,,,,,2,,,
ClassicGumtree,1102,216,570,531,0,1,0,0,73,3,0,0.5,,200,,,,,3,,,
ClassicGumtree,1496,244,767,728,0,1,0,0,73,3,0,0.5,,200,,,,,4,,,
ClassicGumtree,2172,248,1104,1065,0,3,0,0,73,3,0,0.5,,200,,,,,5,,,
ClassicGumtree,64,21,47,8,3,6,0,0,144,3,0,0.5,,300,,,,,1,,,
ClassicGumtree,122,42,76,37,3,6,0,0,143,3,0,0.5,,300,,,,,2,,,
ClassicGumtree,1006,200,518,479,3,6,0,0,143,3,0,0.5,,300,,,,,3,,,
ClassicGumtree,1336,222,683,644,3,6,0,0,142,3,0,0.5,,300,,,,,4,,,
ClassicGumtree,2172,248,1104,1065,0,3,0,0,72,3,0,0.5,,300,,,,,5,,,
ClassicGumtree,64,21,47,8,3,6,0,0,143,3,0,0.5,,400,,,,,1,,,
ClassicGumtree,122,42,76,37,3,6,0,0,143,3,0,0.5,,400,,,,,2,,,
ClassicGumtree,1006,200,518,479,3,6,0,0,142,3,0,0.5,,400,,,,,3,,,
ClassicGumtree,1336,222,683,644,3,6,0,0,142,3,0,0.5,,400,,,,,4,,,
ClassicGumtree,2172,248,1104,1065,0,3,0,0,72,3,0,0.5,,400,,,,,5,,,
ClassicGumtree,64,21,47,8,3,6,0,0,143,3,0,0.5,,500,,,,,1,,,
ClassicGumtree,122,42,76,37,3,6,0,0,143,3,0,0.5,,500,,,,,2,,,
ClassicGumtree,1006,200,518,479,3,6,0,0,143,3,0,0.5,,500,,,,,3,,,
ClassicGumtree,1336,222,683,644,3,6,0,0,142,3,0,0.5,,500,,,,,4,,,
ClassicGumtree,2172,248,1104,1065,0,3,0,0,72,3,0,0.5,,500,,,,,5,,,
ClassicGumtree,64,21,47,8,3,6,0,0,144,3,0,0.5,,600,,,,,1,,,
ClassicGumtree,122,42,76,37,3,6,0,0,142,3,0,0.5,,600,,,,,2,,,
ClassicGumtree,1006,200,518,479,3,6,0,0,142,3,0,0.5,,600,,,,,3,,,
ClassicGumtree,1336,222,683,644,3,6,0,0,143,3,0,0.5,,600,,,,,4,,,
ClassicGumtree,2172,248,1104,1065,0,3,0,0,73,3,0,0.5,,600,,,,,5,,,
ClassicGumtree,64,21,47,8,3,6,0,0,143,3,0,0.5,,700,,,,,1,,,
ClassicGumtree,122,42,76,37,3,6,0,0,143,3,0,0.5,,700,,,,,2,,,
ClassicGumtree,1006,200,518,479,3,6,0,0,143,3,0,0.5,,700,,,,,3,,,
ClassicGumtree,1336,222,683,644,3,6,0,0,143,3,0,0.5,,700,,,,,4,,,
ClassicGumtree,2172,248,1104,1065,0,3,0,0,72,3,0,0.5,,700,,,,,5,,,
ClassicGumtree,64,21,47,8,3,6,0,0,143,3,0,0.5,,800,,,,,1,,,
ClassicGumtree,122,42,76,37,3,6,0,0,142,3,0,0.5,,800,,,,,2,,,
ClassicGumtree,1006,200,518,479,3,6,0,0,143,3,0,0.5,,800,,,,,3,,,
ClassicGumtree,1336,222,683,644,3,6,0,0,142,3,0,0.5,,800,,,,,4,,,
ClassicGumtree,2172,248,1104,1065,0,3,0,0,72,3,0,0.5,,800,,,,,5,,,
ClassicGumtree,62,19,46,7,3,6,0,0,1045,3,0,0.5,,900,,,,,1,,,
ClassicGumtree,72,22,51,12,3,6,0,0,1045,3,0,0.5,,900,,,,,2,,,
ClassicGumtree,824,152,427,388,3,6,0,0,1048,3,0,0.5,,900,,,,,3,,,
ClassicGumtree,1120,170,575,536,3,6,0,0,1045,3,0,0.5,,900,,,,,4,,,
ClassicGumtree,1810,184,923,884,0,3,0,0,977,3,0,0.5,,900,,,,,5,,,
ClassicGumtree,62,19,46,7,3,6,0,0,1045,3,0,0.5,,1000,,,,,1,,,
ClassicGumtree,72,22,51,12,3,6,0,0,1045,3,0,0.5,,1000,,,,,2,,,
ClassicGumtree,824,152,427,388,3,6,0,0,1044,3,0,0.5,,1000,,,,,3,,,
ClassicGumtree,1120,170,575,536,3,6,0,0,1045,3,0,0.5,,1000,,,,,4,,,
ClassicGumtree,1810,184,923,884,0,3,0,0,976,3,0,0.5,,1000,,,,,5,,,
ClassicGumtree,62,19,46,7,3,6,0,0,1037,3,0,0.5,,1100,,,,,1,,,
ClassicGumtree,72,22,51,12,3,6,0,0,1036,3,0,0.5,,1100,,,,,2,,,
ClassicGumtree,824,152,427,388,3,6,0,0,1036,3,0,0.5,,1100,,,,,3,,,
ClassicGumtree,1120,170,575,536,3,6,0,0,1039,3,0,0.5,,1100,,,,,4,,,
ClassicGumtree,1810,184,923,884,0,3,0,0,968,3,0,0.5,,1100,,,,,5,,,
ClassicGumtree,62,19,46,7,3,6,0,0,1038,3,0,0.5,,1200,,,,,1,,,
ClassicGumtree,72,22,51,12,3,6,0,0,1037,3,0,0.5,,1200,,,,,2,,,
ClassicGumtree,824,152,427,388,3,6,0,0,1037,3,0,0.5,,1200,,,,,3,,,
ClassicGumtree,1120,170,575,536,3,6,0,0,1037,3,0,0.5,,1200,,,,,4,,,
ClassicGumtree,1810,184,923,884,0,3,0,0,967,3,0,0.5,,1200,,,,,5,,,
ClassicGumtree,62,19,46,7,3,6,0,0,1046,3,0,0.5,,1300,,,,,1,,,
ClassicGumtree,72,22,51,12,3,6,0,0,1046,3,0,0.5,,1300,,,,,2,,,
ClassicGumtree,824,152,427,388,3,6,0,0,1046,3,0,0.5,,1300,,,,,3,,,
ClassicGumtree,1120,170,575,536,3,6,0,0,1047,3,0,0.5,,1300,,,,,4,,,
ClassicGumtree,1810,184,923,884,0,3,0,0,981,3,0,0.5,,1300,,,,,5,,,
ClassicGumtree,62,19,46,7,3,6,0,0,1048,3,0,0.5,,1400,,,,,1,,,
ClassicGumtree,72,22,51,12,3,6,0,0,1047,3,0,0.5,,1400,,,,,2,,,
ClassicGumtree,824,152,427,388,3,6,0,0,1046,3,0,0.5,,1400,,,,,3,,,
ClassicGumtree,1120,170,575,536,3,6,0,0,1046,3,0,0.5,,1400,,,,,4,,,
ClassicGumtree,1810,184,923,884,0,3,0,0,975,3,0,0.5,,1400,,,,,5,,,
ClassicGumtree,62,19,46,7,3,6,0,0,1040,3,0,0.5,,1500,,,,,1,,,
ClassicGumtree,72,22,51,12,3,6,0,0,1037,3,0,0.5,,1500,,,,,2,,,
ClassicGumtree,824,152,427,388,3,6,0,0,1037,3,0,0.5,,1500,,,,,3,,,
ClassicGumtree,1120,170,575,536,3,6,0,0,1037,3,0,0.5,,1500,,,,,4,,,
ClassicGumtree,1810,184,923,884,0,3,0,0,968,3,0,0.5,,1500,,,,,5,,,
ClassicGumtree,62,19,46,7,3,6,0,0,1037,3,0,0.5,,1600,,,,,1,,,
ClassicGumtree,72,22,51,12,3,6,0,0,1039,3,0,0.5,,1600,,,,,2,,,
ClassicGumtree,824,152,427,388,3,6,0,0,1038,3,0,0.5,,1600,,,,,3,,,
ClassicGumtree,1120,170,575,536,3,6,0,0,1036,3,0,0.5,,1600,,,,,4,,,
ClassicGumtree,1810,184,923,884,0,3,0,0,966,3,0,0.5,,1600,,,,,5,,,
ClassicGumtree,62,19,46,7,3,6,0,0,1046,3,0,0.5,,1700,,,,,1,,,
ClassicGumtree,72,22,51,12,3,6,0,0,1051,3,0,0.5,,1700,,,,,2,,,
ClassicGumtree,824,152,427,388,3,6,0,0,1046,3,0,0.5,,1700,,,,,3,,,
ClassicGumtree,1120,170,575,536,3,6,0,0,1045,3,0,0.5,,1700,,,,,4,,,
ClassicGumtree,1810,184,923,884,0,3,0,0,976,3,0,0.5,,1700,,,,,5,,,
ClassicGumtree,62,19,46,7,3,6,0,0,1046,3,0,0.5,,1800,,,,,1,,,
ClassicGumtree,72,22,51,12,3,6,0,0,1047,3,0,0.5,,1800,,,,,2,,,
ClassicGumtree,824,152,427,388,3,6,0,0,1046,3,0,0.5,,1800,,,,,3,,,
ClassicGumtree,1120,170,575,536,3,6,0,0,1046,3,0,0.5,,1800,,,,,4,,,
ClassicGumtree,1810,184,923,884,0,3,0,0,976,3,0,0.5,,1800,,,,,5,,,
ClassicGumtree,62,19,46,7,3,6,0,0,1036,3,0,0.5,,1900,,,,,1,,,
ClassicGumtree,72,22,51,12,3,6,0,0,1038,3,0,0.5,,1900,,,,,2,,,
ClassicGumtree,824,152,427,388,3,6,0,0,1041,3,0,0.5,,1900,,,,,3,,,
ClassicGumtree,1120,170,575,536,3,6,0,0,1036,3,0,0.5,,1900,,,,,4,,,
ClassicGumtree,1810,184,923,884,0,3,0,0,968,3,0,0.5,,1900,,,,,5,,,
ClassicGumtree,62,19,46,7,3,6,0,0,1038,3,0,0.5,,2000,,,,,1,,,
ClassicGumtree,72,22,51,12,3,6,0,0,1038,3,0,0.5,,2000,,,,,2,,,
ClassicGumtree,824,152,427,388,3,6,0,0,1036,3,0,0.5,,2000,,,,,3,,,
ClassicGumtree,1120,170,575,536,3,6,0,0,1037,3,0,0.5,,2000,,,,,4,,,
ClassicGumtree,1810,184,923,884,0,3,0,0,966,3,0,0.5,,2000,,,,,5,,,
ClassicGumtree,79,15,58,19,0,2,0,0,35,3,0,0.6,,100,,,,,1,,,
ClassicGumtree,166,48,102,63,0,1,0,0,35,3,0,0.6,,100,,,,,2,,,
ClassicGumtree,1116,222,577,538,0,1,0,0,34,3,0,0.6,,100,,,,,3,,,
ClassicGumtree,1594,228,814,775,0,5,0,0,34,3,0,0.6,,100,,,,,4,,,
ClassicGumtree,2330,251,1182,1143,0,5,0,0,19,3,0,0.6,,100,,,,,5,,,
ClassicGumtree,77,13,57,18,0,2,0,0,73,3,0,0.6,,200,,,,,1,,,
ClassicGumtree,160,44,99,60,0,1,0,0,74,3,0,0.6,,200,,,,,2,,,
ClassicGumtree,1102,216,570,531,0,1,0,0,74,3,0,0.6,,200,,,,,3,,,
ClassicGumtree,1502,212,768,729,0,5,0,0,73,3,0,0.6,,200,,,,,4,,,
ClassicGumtree,2330,251,1182,1143,0,5,0,0,19,3,0,0.6,,200,,,,,5,,,
ClassicGumtree,66,20,48,9,3,6,0,0,142,3,0,0.6,,300,,,,,1,,,
ClassicGumtree,122,42,76,37,3,6,0,0,143,3,0,0.6,,300,,,,,2,,,
ClassicGumtree,1006,200,518,479,3,6,0,0,143,3,0,0.6,,300,,,,,3,,,
ClassicGumtree,1502,212,768,729,0,5,0,0,74,3,0,0.6,,300,,,,,4,,,
ClassicGumtree,2330,251,1182,1143,0,5,0,0,19,3,0,0.6,,300,,,,,5,,,
ClassicGumtree,66,20,48,9,3,6,0,0,143,3,0,0.6,,400,,,,,1,,,
ClassicGumtree,122,42,76,37,3,6,0,0,143,3,0,0.6,,400,,,,,2,,,
ClassicGumtree,1006,200,518,479,3,6,0,0,142,3,0,0.6,,400,,,,,3,,,
ClassicGumtree,1502,212,768,729,0,5,0,0,73,3,0,0.6,,400,,,,,4,,,
ClassicGumtree,2330,251,1182,1143,0,5,0,0,18,3,0,0.6,,400,,,,,5,,,
ClassicGumtree,66,20,48,9,3,6,0,0,143,3,0,0.6,,500,,,,,1,,,
ClassicGumtree,122,42,76,37,3,6,0,0,142,3,0,0.6,,500,,,,,2,,,
ClassicGumtree,1006,200,518,479,3,6,0,0,142,3,0,0.6,,500,,,,,3,,,
ClassicGumtree,1502,212,768,729,0,5,0,0,73,3,0,0.6,,500,,,,,4,,,
ClassicGumtree,2330,251,1182,1143,0,5,0,0,19,3,0,0.6,,500,,,,,5,,,
ClassicGumtree,66,20,48,9,3,6,0,0,143,3,0,0.6,,600,,,,,1,,,
ClassicGumtree,122,42,76,37,3,6,0,0,143,3,0,0.6,,600,,,,,2,,,
ClassicGumtree,1006,200,518,479,3,6,0,0,142,3,0,0.6,,600,,,,,3,,,
ClassicGumtree,1502,212,768,729,0,5,0,0,73,3,0,0.6,,600,,,,,4,,,
ClassicGumtree,2330,251,1182,1143,0,5,0,0,18,3,0,0.6,,600,,,,,5,,,
ClassicGumtree,66,20,48,9,3,6,0,0,143,3,0,0.6,,700,,,,,1,,,
ClassicGumtree,122,42,76,37,3,6,0,0,143,3,0,0.6,,700,,,,,2,,,
ClassicGumtree,1006,200,518,479,3,6,0,0,143,3,0,0.6,,700,,,,,3,,,
ClassicGumtree,1502,212,768,729,0,5,0,0,73,3,0,0.6,,700,,,,,4,,,
ClassicGumtree,2330,251,1182,1143,0,5,0,0,19,3,0,0.6,,700,,,,,5,,,
ClassicGumtree,66,20,48,9,3,6,0,0,142,3,0,0.6,,800,,,,,1,,,
ClassicGumtree,122,42,76,37,3,6,0,0,142,3,0,0.6,,800,,,,,2,,,
ClassicGumtree,1006,200,518,479,3,6,0,0,142,3,0,0.6,,800,,,,,3,,,
ClassicGumtree,1502,212,768,729,0,5,0,0,73,3,0,0.6,,800,,,,,4,,,
ClassicGumtree,2330,251,1182,1143,0,5,0,0,19,3,0,0.6,,800,,,,,5,,,
ClassicGumtree,64,18,47,8,3,6,0,0,1046,3,0,0.6,,900,,,,,1,,,
ClassicGumtree,72,22,51,12,3,6,0,0,1046,3,0,0.6,,900,,,,,2,,,
ClassicGumtree,824,152,427,388,3,6,0,0,1046,3,0,0.6,,900,,,,,3,,,
ClassicGumtree,1286,160,660,621,0,5,0,0,978,3,0,0.6,,900,,,,,4,,,
ClassicGumtree,1810,184,923,884,0,3,0,0,923,3,0,0.6,,900,,,,,5,,,
ClassicGumtree,64,18,47,8,3,6,0,0,1050,3,0,0.6,,1000,,,,,1,,,
ClassicGumtree,72,22,51,12,3,6,0,0,1046,3,0,0.6,,1000,,,,,2,,,
ClassicGumtree,824,152,427,388,3,6,0,0,1045,3,0,0.6,,1000,,,,,3,,,
ClassicGumtree,1286,160,660,621,0,5,0,0,977,3,0,0.6,,1000,,,,,4,,,
ClassicGumtree,1810,184,923,884,0,3,0,0,923,3,0,0.6,,1000,,,,,5,,,
ClassicGumtree,64,18,47,8,3,6,0,0,1038,3,0,0.6,,1100,,,,,1,,,
ClassicGumtree,72,22,51,12,3,6,0,0,1037,3,0,0.6,,1100,,,,,2,,,
ClassicGumtree,824,152,427,388,3,6,0,0,1036,3,0,0.6,,1100,,,,,3,,,
ClassicGumtree,1286,160,660,621,0,5,0,0,968,3,0,0.6,,1100,,,,,4,,,
ClassicGumtree,1810,184,923,884,0,3,0,0,915,3,0,0.6,,1100,,,,,5,,,
ClassicGumtree,64,18,47,8,3,6,0,0,1037,3,0,0.6,,1200,,,,,1,,,
ClassicGumtree,72,22,51,12,3,6,0,0,1036,3,0,0.6,,1200,,,,,2,,,
ClassicGumtree,824,152,427,388,3,6,0,0,1039,3,0,0.6,,1200,,,,,3,,,
ClassicGumtree,1286,160,660,621,0,5,0,0,966,3,0,0.6,,1200,,,,,4,,,
ClassicGumtree,1810,184,923,884,0,3,0,0,914,3,0,0.6,,1200,,,,,5,,,
ClassicGumtree,64,18,47,8,3,6,0,0,1037,3,0,0.6,,1300,,,,,1,,,
ClassicGumtree,72,22,51,12,3,6,0,0,1037,3,0,0.6,,1300,,,,,2,,,
ClassicGumtree,824,152,427,388,3,6,0,0,1038,3,0,0.6,,1300,,,,,3,,,
ClassicGumtree,1286,160,660,621,0,5,0,0,967,3,0,0.6,,1300,,,,,4,,,
ClassicGumtree,1810,184,923,884,0,3,0,0,914,3,0,0.6,,1300,,,,,5,,,
ClassicGumtree,64,18,47,8,3,6,0,0,1037,3,0,0.6,,1400,,,,,1,,,
ClassicGumtree,72,22,51,12,3,6,0,0,1045,3,0,0.6,,1400,,,,,2,,,
ClassicGumtree,824,152,427,388,3,6,0,0,1036,3,0,0.6,,1400,,,,,3,,,
ClassicGumtree,1286,160,660,621,0,5,0,0,967,3,0,0.6,,1400,,,,,4,,,
ClassicGumtree,1810,184,923,884,0,3,0,0,916,3,0,0.6,,1400,,,,,5,,,
ClassicGumtree,64,18,47,8,3,6,0,0,1052,3,0,0.6,,1500,,,,,1,,,
ClassicGumtree,72,22,51,12,3,6,0,0,1049,3,0,0.6,,1500,,,,,2,,,
ClassicGumtree,824,152,427,388,3,6,0,0,1049,3,0,0.6,,1500,,,,,3,,,
ClassicGumtree,1286,160,660,621,0,5,0,0,979,3,0,0.6,,1500,,,,,4,,,
ClassicGumtree,1810,184,923,884,0,3,0,0,930,3,0,0.6,,1500,,,,,5,,,
ClassicGumtree,64,18,47,8,3,6,0,0,1053,3,0,0.6,,1600,,,,,1,,,
ClassicGumtree,72,22,51,12,3,6,0,0,1050,3,0,0.6,,1600,,,,,2,,,
ClassicGumtree,824,152,427,388,3,6,0,0,1050,3,0,0.6,,1600,,,,,3,,,
ClassicGumtree,1286,160,660,621,0,5,0,0,981,3,0,0.6,,1600,,,,,4,,,
ClassicGumtree,1810,184,923,884,0,3,0,0,927,3,0,0.6,,1600,,,,,5,,,
ClassicGumtree,64,18,47,8,3,6,0,0,1040,3,0,0.6,,1700,,,,,1,,,
ClassicGumtree,72,22,51,12,3,6,0,0,1039,3,0,0.6,,1700,,,,,2,,,
ClassicGumtree,824,152,427,388,3,6,0,0,1037,3,0,0.6,,1700,,,,,3,,,
ClassicGumtree,1286,160,660,621,0,5,0,0,968,3,0,0.6,,1700,,,,,4,,,
ClassicGumtree,1810,184,923,884,0,3,0,0,915,3,0,0.6,,1700,,,,,5,,,
ClassicGumtree,64,18,47,8,3,6,0,0,1039,3,0,0.6,,1800,,,,,1,,,
ClassicGumtree,72,22,51,12,3,6,0,0,1037,3,0,0.6,,1800,,,,,2,,,
ClassicGumtree,824,152,427,388,3,6,0,0,1040,3,0,0.6,,1800,,,,,3,,,
ClassicGumtree,1286,160,660,621,0,5,0,0,968,3,0,0.6,,1800,,,,,4,,,
ClassicGumtree,1810,184,923,884,0,3,0,0,916,3,0,0.6,,1800,,,,,5,,,
ClassicGumtree,64,18,47,8,3,6,0,0,1055,3,0,0.6,,1900,,,,,1,,,
ClassicGumtree,72,22,51,12,3,6,0,0,1056,3,0,0.6,,1900,,,,,2,,,
ClassicGumtree,824,152,427,388,3,6,0,0,1054,3,0,0.6,,1900,,,,,3,,,
ClassicGumtree,1286,160,660,621,0,5,0,0,985,3,0,0.6,,1900,,,,,4,,,
ClassicGumtree,1810,184,923,884,0,3,0,0,932,3,0,0.6,,1900,,,,,5,,,
ClassicGumtree,64,18,47,8,3,6,0,0,1056,3,0,0.6,,2000,,,,,1,,,
ClassicGumtree,72,22,51,12,3,6,0,0,1054,3,0,0.6,,2000,,,,,2,,,
ClassicGumtree,824,152,427,388,3,6,0,0,1056,3,0,0.6,,2000,,,,,3,,,
ClassicGumtree,1286,160,660,621,0,5,0,0,985,3,0,0.6,,2000,,,,,4,,,
ClassicGumtree,1810,184,923,884,0,3,0,0,935,3,0,0.6,,2000,,,,,5,,,
ClassicGumtree,79,15,58,19,0,2,0,0,35,3,0,0.7,,100,,,,,1,,,
ClassicGumtree,166,48,102,63,0,1,0,0,35,3,0,0.7,,100,,,,,2,,,
ClassicGumtree,1125,199,578,539,0,8,0,0,34,3,0,0.7,,100,,,,,3,,,
ClassicGumtree,1600,216,816,777,0,7,0,0,34,3,0,0.7,,100,,,,,4,,,
ClassicGumtree,2340,195,1183,1144,0,13,0,0,20,3,0,0.7,,100,,,,,5,,,
ClassicGumtree,77,13,57,18,0,2,0,0,74,3,0,0.7,,200,,,,,1,,,
ClassicGumtree,160,44,99,60,0,1,0,0,73,3,0,0.7,,200,,,,,2,,,
ClassicGumtree,1111,193,571,532,0,8,0,0,74,3,0,0.7,,200,,,,,3,,,
ClassicGumtree,1600,216,816,777,0,7,0,0,34,3,0,0.7,,200,,,,,4,,,
ClassicGumtree,2340,195,1183,1144,0,13,0,0,19,3,0,0.7,,200,,,,,5,,,
ClassicGumtree,66,20,48,9,3,6,0,0,144,3,0,0.7,,300,,,,,1,,,
ClassicGumtree,122,42,76,37,3,6,0,0,143,3,0,0.7,,300,,,,,2,,,
ClassicGumtree,1111,193,571,532,0,8,0,0,74,3,0,0.7,,300,,,,,3,,,
ClassicGumtree,1600,216,816,777,0,7,0,0,34,3,0,0.7,,300,,,,,4,,,
ClassicGumtree,2340,195,1183,1144,0,13,0,0,19,3,0,0.7,,300,,,,,5,,,
ClassicGumtree,66,20,48,9,3,6,0,0,143,3,0,0.7,,400,,,,,1,,,
ClassicGumtree,122,42,76,37,3,6,0,0,143,3,0,0.7,,400,,,,,2,,,
ClassicGumtree,1111,193,571,532,0,8,0,0,74,3,0,0.7,,400,,,,,3,,,
ClassicGumtree,1600,216,816,777,0,7,0,0,34,3,0,0.7,,400,,,,,4,,,
ClassicGumtree,2340,195,1183,1144,0,13,0,0,19,3,0,0.7,,400,,,,,5,,,
ClassicGumtree,66,20,48,9,3,6,0,0,143,3,0,0.7,,500,,,,,1,,,
ClassicGumtree,122,42,76,37,3,6,0,0,143,3,0,0.7,,500,,,,,2,,,
ClassicGumtree,1111,193,571,532,0,8,0,0,74,3,0,0.7,,500,,,,,3,,,
ClassicGumtree,1600,216,816,777,0,7,0,0,34,3,0,0.7,,500,,,,,4,,,
ClassicGumtree,2340,195,1183,1144,0,13,0,0,19,3,0,0.7,,500,,,,,5,,,
ClassicGumtree,66,20,48,9,3,6,0,0,143,3,0,0.7,,600,,,,,1,,,
ClassicGumtree,122,42,76,37,3,6,0,0,143,3,0,0.7,,600,,,,,2,,,
ClassicGumtree,1111,193,571,532,0,8,0,0,73,3,0,0.7,,600,,,,,3,,,
ClassicGumtree,1600,216,816,777,0,7,0,0,34,3,0,0.7,,600,,,,,4,,,
ClassicGumtree,2340,195,1183,1144,0,13,0,0,20,3,0,0.7,,600,,,,,5,,,
ClassicGumtree,66,20,48,9,3,6,0,0,144,3,0,0.7,,700,,,,,1,,,
ClassicGumtree,122,42,76,37,3,6,0,0,144,3,0,0.7,,700,,,,,2,,,
ClassicGumtree,1111,193,571,532,0,8,0,0,74,3,0,0.7,,700,,,,,3,,,
ClassicGumtree,1600,216,816,777,0,7,0,0,34,3,0,0.7,,700,,,,,4,,,
ClassicGumtree,2340,195,1183,1144,0,13,0,0,20,3,0,0.7,,700,,,,,5,,,
ClassicGumtree,66,20,48,9,3,6,0,0,144,3,0,0.7,,800,,,,,1,,,
ClassicGumtree,122,42,76,37,3,6,0,0,143,3,0,0.7,,800,,,,,2,,,
ClassicGumtree,1111,193,571,532,0,8,0,0,74,3,0,0.7,,800,,,,,3,,,
ClassicGumtree,1600,216,816,777,0,7,0,0,33,3,0,0.7,,800,,,,,4,,,
ClassicGumtree,2340,195,1183,1144,0,13,0,0,19,3,0,0.7,,800,,,,,5,,,
ClassicGumtree,64,18,47,8,3,6,0,0,1039,3,0,0.7,,900,,,,,1,,,
ClassicGumtree,72,22,51,12,3,6,0,0,1042,3,0,0.7,,900,,,,,2,,,
ClassicGumtree,929,145,480,441,0,8,0,0,971,3,0,0.7,,900,,,,,3,,,
ClassicGumtree,1286,160,660,621,0,5,0,0,931,3,0,0.7,,900,,,,,4,,,
ClassicGumtree,2340,195,1183,1144,0,13,0,0,20,3,0,0.7,,900,,,,,5,,,
ClassicGumtree,64,18,47,8,3,6,0,0,1041,3,0,0.7,,1000,,,,,1,,,
ClassicGumtree,72,22,51,12,3,6,0,0,1040,3,0,0.7,,1000,,,,,2,,,
ClassicGumtree,929,145,480,441,0,8,0,0,969,3,0,0.7,,1000,,,,,3,,,
ClassicGumtree,1286,160,660,621,0,5,0,0,930,3,0,0.7,,1000,,,,,4,,,
ClassicGumtree,2340,195,1183,1144,0,13,0,0,19,3,0,0.7,,1000,,,,,5,,,
ClassicGumtree,64,18,47,8,3,6,0,0,1040,3,0,0.7,,1100,,,,,1,,,
ClassicGumtree,72,22,51,12,3,6,0,0,1040,3,0,0.7,,1100,,,,,2,,,
ClassicGumtree,929,145,480,441,0,8,0,0,976,3,0,0.7,,1100,,,,,3,,,
ClassicGumtree,1286,160,660,621,0,5,0,0,940,3,0,0.7,,1100,,,,,4,,,
ClassicGumtree,2340,195,1183,1144,0,13,0,0,21,3,0,0.7,,1100,,,,,5,,,
ClassicGumtree,64,18,47,8,3,6,0,0,1047,3,0,0.7,,1200,,,,,1,,,
ClassicGumtree,72,22,51,12,3,6,0,0,1046,3,0,0.7,,1200,,,,,2,,,
ClassicGumtree,929,145,480,441,0,8,0,0,975,3,0,0.7,,1200,,,,,3,,,
ClassicGumtree,1286,160,660,621,0,5,0,0,935,3,0,0.7,,1200,,,,,4,,,
ClassicGumtree,2340,195,1183,1144,0,13,0,0,19,3,0,0.7,,1200,,,,,5,,,
ClassicGumtree,64,18,47,8,3,6,0,0,1044,3,0,0.7,,1300,,,,,1,,,
ClassicGumtree,72,22,51,12,3,6,0,0,1045,3,0,0.7,,1300,,,,,2,,,
ClassicGumtree,929,145,480,441,0,8,0,0,974,3,0,0.7,,1300,,,,,3,,,
ClassicGumtree,1286,160,660,621,0,5,0,0,934,3,0,0.7,,1300,,,,,4,,,
ClassicGumtree,2340,195,1183,1144,0,13,0,0,20,3,0,0.7,,1300,,,,,5,,,
ClassicGumtree,64,18,47,8,3,6,0,0,1038,3,0,0.7,,1400,,,,,1,,,
ClassicGumtree,72,22,51,12,3,6,0,0,1040,3,0,0.7,,1400,,,,,2,,,
ClassicGumtree,929,145,480,441,0,8,0,0,967,3,0,0.7,,1400,,,,,3,,,
ClassicGumtree,1286,160,660,621,0,5,0,0,929,3,0,0.7,,1400,,,,,4,,,
ClassicGumtree,2340,195,1183,1144,0,13,0,0,20,3,0,0.7,,1400,,,,,5,,,
ClassicGumtree,64,18,47,8,3,6,0,0,1038,3,0,0.7,,1500,,,,,1,,,
ClassicGumtree,72,22,51,12,3,6,0,0,1037,3,0,0.7,,1500,,,,,2,,,
ClassicGumtree,929,145,480,441,0,8,0,0,968,3,0,0.7,,1500,,,,,3,,,
ClassicGumtree,1286,160,660,621,0,5,0,0,929,3,0,0.7,,1500,,,,,4,,,
ClassicGumtree,2340,195,1183,1144,0,13,0,0,19,3,0,0.7,,1500,,,,,5,,,
ClassicGumtree,64,18,47,8,3,6,0,0,1038,3,0,0.7,,1600,,,,,1,,,
ClassicGumtree,72,22,51,12,3,6,0,0,1036,3,0,0.7,,1600,,,,,2,,,
ClassicGumtree,929,145,480,441,0,8,0,0,967,3,0,0.7,,1600,,,,,3,,,
ClassicGumtree,1286,160,660,621,0,5,0,0,928,3,0,0.7,,1600,,,,,4,,,
ClassicGumtree,2340,195,1183,1144,0,13,0,0,20,3,0,0.7,,1600,,,,,5,,,
ClassicGumtree,64,18,47,8,3,6,0,0,1040,3,0,0.7,,1700,,,,,1,,,
ClassicGumtree,72,22,51,12,3,6,0,0,1037,3,0,0.7,,1700,,,,,2,,,
ClassicGumtree,929,145,480,441,0,8,0,0,967,3,0,0.7,,1700,,,,,3,,,
ClassicGumtree,1286,160,660,621,0,5,0,0,928,3,0,0.7,,1700,,,,,4,,,
ClassicGumtree,2340,195,1183,1144,0,13,0,0,20,3,0,0.7,,1700,,,,,5,,,
ClassicGumtree,64,18,47,8,3,6,0,0,1037,3,0,0.7,,1800,,,,,1,,,
ClassicGumtree,72,22,51,12,3,6,0,0,1037,3,0,0.7,,1800,,,,,2,,,
ClassicGumtree,929,145,480,441,0,8,0,0,969,3,0,0.7,,1800,,,,,3,,,
ClassicGumtree,1286,160,660,621,0,5,0,0,929,3,0,0.7,,1800,,,,,4,,,
ClassicGumtree,2340,195,1183,1144,0,13,0,0,20,3,0,0.7,,1800,,,,,5,,,
ClassicGumtree,64,18,47,8,3,6,0,0,1043,3,0,0.7,,1900,,,,,1,,,
ClassicGumtree,72,22,51,12,3,6,0,0,1043,3,0,0.7,,1900,,,,,2,,,
ClassicGumtree,929,145,480,441,0,8,0,0,973,3,0,0.7,,1900,,,,,3,,,
ClassicGumtree,1286,160,660,621,0,5,0,0,934,3,0,0.7,,1900,,,,,4,,,
ClassicGumtree,2340,195,1183,1144,0,13,0,0,20,3,0,0.7,,1900,,,,,5,,,
ClassicGumtree,64,18,47,8,3,6,0,0,1044,3,0,0.7,,2000,,,,,1,,,
ClassicGumtree,72,22,51,12,3,6,0,0,1046,3,0,0.7,,2000,,,,,2,,,
ClassicGumtree,929,145,480,441,0,8,0,0,974,3,0,0.7,,2000,,,,,3,,,
ClassicGumtree,1286,160,660,621,0,5,0,0,934,3,0,0.7,,2000,,,,,4,,,
ClassicGumtree,2340,195,1183,1144,0,13,0,0,26,3,0,0.7,,2000,,,,,5,,,
ClassicGumtree,79,15,58,19,0,2,0,0,40,3,0,0.799,,100,,,,,1,,,
ClassicGumtree,166,48,102,63,0,1,0,0,33,3,0,0.799,,100,,,,,2,,,
ClassicGumtree,1125,199,578,539,0,8,0,0,32,3,0,0.799,,100,,,,,3,,,
ClassicGumtree,1600,216,816,777,0,7,0,0,33,3,0,0.799,,100,,,,,4,,,
ClassicGumtree,2340,195,1183,1144,0,13,0,0,19,3,0,0.799,,100,,,,,5,,,
ClassicGumtree,77,13,57,18,0,2,0,0,73,3,0,0.799,,200,,,,,1,,,
ClassicGumtree,160,44,99,60,0,1,0,0,73,3,0,0.799,,200,,,,,2,,,
ClassicGumtree,1111,193,571,532,0,8,0,0,72,3,0,0.799,,200,,,,,3,,,
ClassicGumtree,1600,216,816,777,0,7,0,0,32,3,0,0.799,,200,,,,,4,,,
ClassicGumtree,2340,195,1183,1144,0,13,0,0,20,3,0,0.799,,200,,,,,5,,,
ClassicGumtree,66,20,48,9,3,6,0,0,143,3,0,0.799,,300,,,,,1,,,
ClassicGumtree,122,42,76,37,3,6,0,0,142,3,0,0.799,,300,,,,,2,,,
ClassicGumtree,1111,193,571,532,0,8,0,0,72,3,0,0.799,,300,,,,,3,,,
ClassicGumtree,1600,216,816,777,0,7,0,0,33,3,0,0.799,,300,,,,,4,,,
ClassicGumtree,2340,195,1183,1144,0,13,0,0,19,3,0,0.799,,300,,,,,5,,,
ClassicGumtree,66,20,48,9,3,6,0,0,143,3,0,0.799,,400,,,,,1,,,
ClassicGumtree,122,42,76,37,3,6,0,0,142,3,0,0.799,,400,,,,,2,,,
ClassicGumtree,1111,193,571,532,0,8,0,0,72,3,0,0.799,,400,,,,,3,,,
ClassicGumtree,1600,216,816,777,0,7,0,0,33,3,0,0.799,,400,,,,,4,,,
ClassicGumtree,2340,195,1183,1144,0,13,0,0,20,3,0,0.799,,400,,,,,5,,,
ClassicGumtree,66,20,48,9,3,6,0,0,143,3,0,0.799,,500,,,,,1,,,
ClassicGumtree,122,42,76,37,3,6,0,0,143,3,0,0.799,,500,,,,,2,,,
ClassicGumtree,1111,193,571,532,0,8,0,0,73,3,0,0.799,,500,,,,,3,,,
ClassicGumtree,1600,216,816,777,0,7,0,0,33,3,0,0.799,,500,,,,,4,,,
ClassicGumtree,2340,195,1183,1144,0,13,0,0,19,3,0,0.799,,500,,,,,5,,,
ClassicGumtree,66,20,48,9,3,6,0,0,142,3,0,0.799,,600,,,,,1,,,
ClassicGumtree,122,42,76,37,3,6,0,0,142,3,0,0.799,,600,,,,,2,,,
ClassicGumtree,1111,193,571,532,0,8,0,0,73,3,0,0.799,,600,,,,,3,,,
ClassicGumtree,1600,216,816,777,0,7,0,0,33,3,0,0.799,,600,,,,,4,,,
ClassicGumtree,2340,195,1183,1144,0,13,0,0,19,3,0,0.799,,600,,,,,5,,,
ClassicGumtree,66,20,48,9,3,6,0,0,142,3,0,0.799,,700,,,,,1,,,
ClassicGumtree,122,42,76,37,3,6,0,0,142,3,0,0.799,,700,,,,,2,,,
ClassicGumtree,1111,193,571,532,0,8,0,0,73,3,0,0.799,,700,,,,,3,,,
ClassicGumtree,1600,216,816,777,0,7,0,0,33,3,0,0.799,,700,,,,,4,,,
ClassicGumtree,2340,195,1183,1144,0,13,0,0,19,3,0,0.799,,700,,,,,5,,,
ClassicGumtree,66,20,48,9,3,6,0,0,143,3,0,0.799,,800,,,,,1,,,
ClassicGumtree,122,42,76,37,3,6,0,0,142,3,0,0.799,,800,,,,,2,,,
ClassicGumtree,1111,193,571,532,0,8,0,0,73,3,0,0.799,,800,,,,,3,,,
ClassicGumtree,1600,216,816,777,0,7,0,0,33,3,0,0.799,,800,,,,,4,,,
ClassicGumtree,2340,195,1183,1144,0,13,0,0,19,3,0,0.799,,800,,,,,5,,,
ClassicGumtree,64,18,47,8,3,6,0,0,1038,3,0,0.799,,900,,,,,1,,,
ClassicGumtree,72,22,51,12,3,6,0,0,1036,3,0,0.799,,900,,,,,2,,,
ClassicGumtree,929,145,480,441,0,8,0,0,966,3,0,0.799,,900,,,,,3,,,
ClassicGumtree,1286,160,660,621,0,5,0,0,929,3,0,0.799,,900,,,,,4,,,
ClassicGumtree,2340,195,1183,1144,0,13,0,0,19,3,0,0.799,,900,,,,,5,,,
ClassicGumtree,64,18,47,8,3,6,0,0,1037,3,0,0.799,,1000,,,,,1,,,
ClassicGumtree,72,22,51,12,3,6,0,0,1038,3,0,0.799,,1000,,,,,2,,,
ClassicGumtree,929,145,480,441,0,8,0,0,966,3,0,0.799,,1000,,,,,3,,,
ClassicGumtree,1286,160,660,621,0,5,0,0,928,3,0,0.799,,1000,,,,,4,,,
ClassicGumtree,2340,195,1183,1144,0,13,0,0,19,3,0,0.799,,1000,,,,,5,,,
ClassicGumtree,64,18,47,8,3,6,0,0,1038,3,0,0.799,,1100,,,,,1,,,
ClassicGumtree,72,22,51,12,3,6,0,0,1036,3,0,0.799,,1100,,,,,2,,,
ClassicGumtree,929,145,480,441,0,8,0,0,972,3,0,0.799,,1100,,,,,3,,,
ClassicGumtree,1286,160,660,621,0,5,0,0,934,3,0,0.799,,1100,,,,,4,,,
ClassicGumtree,2340,195,1183,1144,0,13,0,0,20,3,0,0.799,,1100,,,,,5,,,
ClassicGumtree,64,18,47,8,3,6,0,0,1044,3,0,0.799,,1200,,,,,1,,,
ClassicGumtree,72,22,51,12,3,6,0,0,1042,3,0,0.799,,1200,,,,,2,,,
ClassicGumtree,929,145,480,441,0,8,0,0,973,3,0,0.799,,1200,,,,,3,,,
ClassicGumtree,1286,160,660,621,0,5,0,0,934,3,0,0.799,,1200,,,,,4,,,
ClassicGumtree,2340,195,1183,1144,0,13,0,0,19,3,0,0.799,,1200,,,,,5,,,
ClassicGumtree,64,18,47,8,3,6,0,0,1046,3,0,0.799,,1300,,,,,1,,,
ClassicGumtree,72,22,51,12,3,6,0,0,1042,3,0,0.799,,1300,,,,,2,,,
ClassicGumtree,929,145,480,441,0,8,0,0,973,3,0,0.799,,1300,,,,,3,,,
ClassicGumtree,1286,160,660,621,0,5,0,0,933,3,0,0.799,,1300,,,,,4,,,
ClassicGumtree,2340,195,1183,1144,0,13,0,0,20,3,0,0.799,,1300,,,,,5,,,
ClassicGumtree,64,18,47,8,3,6,0,0,1036,3,0,0.799,,1400,,,,,1,,,
ClassicGumtree,72,22,51,12,3,6,0,0,1036,3,0,0.799,,1400,,,,,2,,,
ClassicGumtree,929,145,480,441,0,8,0,0,966,3,0,0.799,,1400,,,,,3,,,
ClassicGumtree,1286,160,660,621,0,5,0,0,928,3,0,0.799,,1400,,,,,4,,,
ClassicGumtree,2340,195,1183,1144,0,13,0,0,20,3,0,0.799,,1400,,,,,5,,,
ClassicGumtree,64,18,47,8,3,6,0,0,1043,3,0,0.799,,1500,,,,,1,,,
ClassicGumtree,72,22,51,12,3,6,0,0,1036,3,0,0.799,,1500,,,,,2,,,
ClassicGumtree,929,145,480,441,0,8,0,0,969,3,0,0.799,,1500,,,,,3,,,
ClassicGumtree,1286,160,660,621,0,5,0,0,930,3,0,0.799,,1500,,,,,4,,,
ClassicGumtree,2340,195,1183,1144,0,13,0,0,19,3,0,0.799,,1500,,,,,5,,,
ClassicGumtree,64,18,47,8,3,6,0,0,1037,3,0,0.799,,1600,,,,,1,,,
ClassicGumtree,72,22,51,12,3,6,0,0,1036,3,0,0.799,,1600,,,,,2,,,
ClassicGumtree,929,145,480,441,0,8,0,0,973,3,0,0.799,,1600,,,,,3,,,
ClassicGumtree,1286,160,660,621,0,5,0,0,939,3,0,0.799,,1600,,,,,4,,,
ClassicGumtree,2340,195,1183,1144,0,13,0,0,19,3,0,0.799,,1600,,,,,5,,,
ClassicGumtree,64,18,47,8,3,6,0,0,1044,3,0,0.799,,1700,,,,,1,,,
ClassicGumtree,72,22,51,12,3,6,0,0,1045,3,0,0.799,,1700,,,,,2,,,
ClassicGumtree,929,145,480,441,0,8,0,0,976,3,0,0.799,,1700,,,,,3,,,
ClassicGumtree,1286,160,660,621,0,5,0,0,934,3,0,0.799,,1700,,,,,4,,,
ClassicGumtree,2340,195,1183,1144,0,13,0,0,19,3,0,0.799,,1700,,,,,5,,,
ClassicGumtree,64,18,47,8,3,6,0,0,1046,3,0,0.799,,1800,,,,,1,,,
ClassicGumtree,72,22,51,12,3,6,0,0,1043,3,0,0.799,,1800,,,,,2,,,
ClassicGumtree,929,145,480,441,0,8,0,0,974,3,0,0.799,,1800,,,,,3,,,
ClassicGumtree,1286,160,660,621,0,5,0,0,935,3,0,0.799,,1800,,,,,4,,,
ClassicGumtree,2340,195,1183,1144,0,13,0,0,19,3,0,0.799,,1800,,,,,5,,,
ClassicGumtree,64,18,47,8,3,6,0,0,1037,3,0,0.799,,1900,,,,,1,,,
ClassicGumtree,72,22,51,12,3,6,0,0,1037,3,0,0.799,,1900,,,,,2,,,
ClassicGumtree,929,145,480,441,0,8,0,0,966,3,0,0.799,,1900,,,,,3,,,
ClassicGumtree,1286,160,660,621,0,5,0,0,927,3,0,0.799,,1900,,,,,4,,,
ClassicGumtree,2340,195,1183,1144,0,13,0,0,19,3,0,0.799,,1900,,,,,5,,,
ClassicGumtree,64,18,47,8,3,6,0,0,1039,3,0,0.799,,2000,,,,,1,,,
ClassicGumtree,72,22,51,12,3,6,0,0,1039,3,0,0.799,,2000,,,,,2,,,
ClassicGumtree,929,145,480,441,0,8,0,0,966,3,0,0.799,,2000,,,,,3,,,
ClassicGumtree,1286,160,660,621,0,5,0,0,927,3,0,0.799,,2000,,,,,4,,,
ClassicGumtree,2340,195,1183,1144,0,13,0,0,20,3,0,0.799,,2000,,,,,5,,,
ClassicGumtree,116,35,64,25,0,27,0,0,20,3,0,0.899,,100,,,,,1,,,
ClassicGumtree,217,54,115,76,0,26,0,0,20,3,0,0.899,,100,,,,,2,,,
ClassicGumtree,1191,170,599,560,0,32,0,0,20,3,0,0.899,,100,,,,,3,,,
ClassicGumtree,1653,178,835,796,0,22,0,0,20,3,0,0.899,,100,,,,,4,,,
ClassicGumtree,2384,57,1184,1145,0,55,0,0,20,3,0,0.899,,100,,,,,5,,,
ClassicGumtree,98,26,58,19,0,21,0,0,60,3,0,0.899,,200,,,,,1,,,
ClassicGumtree,217,54,115,76,0,26,0,0,20,3,0,0.899,,200,,,,,2,,,
ClassicGumtree,1191,170,599,560,0,32,0,0,20,3,0,0.899,,200,,,,,3,,,
ClassicGumtree,1653,178,835,796,0,22,0,0,20,3,0,0.899,,200,,,,,4,,,
ClassicGumtree,2384,57,1184,1145,0,55,0,0,20,3,0,0.899,,200,,,,,5,,,
ClassicGumtree,98,26,58,19,0,21,0,0,60,3,0,0.899,,300,,,,,1,,,
ClassicGumtree,217,54,115,76,0,26,0,0,20,3,0,0.899,,300,,,,,2,,,
ClassicGumtree,1191,170,599,560,0,32,0,0,20,3,0,0.899,,300,,,,,3,,,
ClassicGumtree,1653,178,835,796,0,22,0,0,20,3,0,0.899,,300,,,,,4,,,
ClassicGumtree,2384,57,1184,1145,0,55,0,0,20,3,0,0.899,,300,,,,,5,,,
ClassicGumtree,98,26,58,19,0,21,0,0,59,3,0,0.899,,400,,,,,1,,,
ClassicGumtree,217,54,115,76,0,26,0,0,19,3,0,0.899,,400,,,,,2,,,
ClassicGumtree,1191,170,599,560,0,32,0,0,20,3,0,0.899,,400,,,,,3,,,
ClassicGumtree,1653,178,835,796,0,22,0,0,20,3,0,0.899,,400,,,,,4,,,
ClassicGumtree,2384,57,1184,1145,0,55,0,0,21,3,0,0.899,,400,,,,,5,,,
ClassicGumtree,98,26,58,19,0,21,0,0,60,3,0,0.899,,500,,,,,1,,,
ClassicGumtree,217,54,115,76,0,26,0,0,20,3,0,0.899,,500,,,,,2,,,
ClassicGumtree,1191,170,599,560,0,32,0,0,20,3,0,0.899,,500,,,,,3,,,
ClassicGumtree,1653,178,835,796,0,22,0,0,20,3,0,0.899,,500,,,,,4,,,
ClassicGumtree,2384,57,1184,1145,0,55,0,0,20,3,0,0.899,,500,,,,,5,,,
ClassicGumtree,98,26,58,19,0,21,0,0,60,3,0,0.899,,600,,,,,1,,,
ClassicGumtree,217,54,115,76,0,26,0,0,20,3,0,0.899,,600,,,,,2,,,
ClassicGumtree,1191,170,599,560,0,32,0,0,19,3,0,0.899,,600,,,,,3,,,
ClassicGumtree,1653,178,835,796,0,22,0,0,20,3,0,0.899,,600,,,,,4,,,
ClassicGumtree,2384,57,1184,1145,0,55,0,0,20,3,0,0.899,,600,,,,,5,,,
ClassicGumtree,98,26,58,19,0,21,0,0,60,3,0,0.899,,700,,,,,1,,,
ClassicGumtree,217,54,115,76,0,26,0,0,20,3,0,0.899,,700,,,,,2,,,
ClassicGumtree,1191,170,599,560,0,32,0,0,20,3,0,0.899,,700,,,,,3,,,
ClassicGumtree,1653,178,835,796,0,22,0,0,20,3,0,0.899,,700,,,,,4,,,
ClassicGumtree,2384,57,1184,1145,0,55,0,0,20,3,0,0.899,,700,,,,,5,,,
ClassicGumtree,98,26,58,19,0,21,0,0,60,3,0,0.899,,800,,,,,1,,,
ClassicGumtree,217,54,115,76,0,26,0,0,20,3,0,0.899,,800,,,,,2,,,
ClassicGumtree,1191,170,599,560,0,32,0,0,20,3,0,0.899,,800,,,,,3,,,
ClassicGumtree,1653,178,835,796,0,22,0,0,20,3,0,0.899,,800,,,,,4,,,
ClassicGumtree,2384,57,1184,1145,0,55,0,0,20,3,0,0.899,,800,,,,,5,,,
ClassicGumtree,96,24,57,18,0,21,0,0,953,3,0,0.899,,900,,,,,1,,,
ClassicGumtree,126,22,75,36,0,15,0,0,915,3,0,0.899,,900,,,,,2,,,
ClassicGumtree,1191,170,599,560,0,32,0,0,20,3,0,0.899,,900,,,,,3,,,
ClassicGumtree,1653,178,835,796,0,22,0,0,20,3,0,0.899,,900,,,,,4,,,
ClassicGumtree,2384,57,1184,1145,0,55,0,0,21,3,0,0.899,,900,,,,,5,,,
ClassicGumtree,96,24,57,18,0,21,0,0,953,3,0,0.899,,1000,,,,,1,,,
ClassicGumtree,126,22,75,36,0,15,0,0,914,3,0,0.899,,1000,,,,,2,,,
ClassicGumtree,1191,170,599,560,0,32,0,0,19,3,0,0.899,,1000,,,,,3,,,
ClassicGumtree,1653,178,835,796,0,22,0,0,20,3,0,0.899,,1000,,,,,4,,,
ClassicGumtree,2384,57,1184,1145,0,55,0,0,21,3,0,0.899,,1000,,,,,5,,,
ClassicGumtree,96,24,57,18,0,21,0,0,953,3,0,0.899,,1100,,,,,1,,,
ClassicGumtree,126,22,75,36,0,15,0,0,914,3,0,0.899,,1100,,,,,2,,,
ClassicGumtree,1191,170,599,560,0,32,0,0,19,3,0,0.899,,1100,,,,,3,,,
ClassicGumtree,1653,178,835,796,0,22,0,0,21,3,0,0.899,,1100,,,,,4,,,
ClassicGumtree,2384,57,1184,1145,0,55,0,0,21,3,0,0.899,,1100,,,,,5,,,
ClassicGumtree,96,24,57,18,0,21,0,0,954,3,0,0.899,,1200,,,,,1,,,
ClassicGumtree,126,22,75,36,0,15,0,0,918,3,0,0.899,,1200,,,,,2,,,
ClassicGumtree,1191,170,599,560,0,32,0,0,19,3,0,0.899,,1200,,,,,3,,,
ClassicGumtree,1653,178,835,796,0,22,0,0,19,3,0,0.899,,1200,,,,,4,,,
ClassicGumtree,2384,57,1184,1145,0,55,0,0,20,3,0,0.899,,1200,,,,,5,,,
ClassicGumtree,96,24,57,18,0,21,0,0,953,3,0,0.899,,1300,,,,,1,,,
ClassicGumtree,126,22,75,36,0,15,0,0,915,3,0,0.899,,1300,,,,,2,,,
ClassicGumtree,1191,170,599,560,0,32,0,0,20,3,0,0.899,,1300,,,,,3,,,
ClassicGumtree,1653,178,835,796,0,22,0,0,20,3,0,0.899,,1300,,,,,4,,,
ClassicGumtree,2384,57,1184,1145,0,55,0,0,21,3,0,0.899,,1300,,,,,5,,,
ClassicGumtree,96,24,57,18,0,21,0,0,962,3,0,0.899,,1400,,,,,1,,,
ClassicGumtree,126,22,75,36,0,15,0,0,922,3,0,0.899,,1400,,,,,2,,,
ClassicGumtree,1191,170,599,560,0,32,0,0,20,3,0,0.899,,1400,,,,,3,,,
ClassicGumtree,1653,178,835,796,0,22,0,0,20,3,0,0.899,,1400,,,,,4,,,
ClassicGumtree,2384,57,1184,1145,0,55,0,0,21,3,0,0.899,,1400,,,,,5,,,
ClassicGumtree,96,24,57,18,0,21,0,0,961,3,0,0.899,,1500,,,,,1,,,
ClassicGumtree,126,22,75,36,0,15,0,0,923,3,0,0.899,,1500,,,,,2,,,
ClassicGumtree,1191,170,599,560,0,32,0,0,19,3,0,0.899,,1500,,,,,3,,,
ClassicGumtree,1653,178,835,796,0,22,0,0,20,3,0,0.899,,1500,,,,,4,,,
ClassicGumtree,2384,57,1184,1145,0,55,0,0,20,3,0,0.899,,1500,,,,,5,,,
ClassicGumtree,96,24,57,18,0,21,0,0,962,3,0,0.899,,1600,,,,,1,,,
ClassicGumtree,126,22,75,36,0,15,0,0,921,3,0,0.899,,1600,,,,,2,,,
ClassicGumtree,1191,170,599,560,0,32,0,0,20,3,0,0.899,,1600,,,,,3,,,
ClassicGumtree,1653,178,835,796,0,22,0,0,20,3,0,0.899,,1600,,,,,4,,,
ClassicGumtree,2384,57,1184,1145,0,55,0,0,20,3,0,0.899,,1600,,,,,5,,,
ClassicGumtree,96,24,57,18,0,21,0,0,962,3,0,0.899,,1700,,,,,1,,,
ClassicGumtree,126,22,75,36,0,15,0,0,925,3,0,0.899,,1700,,,,,2,,,
ClassicGumtree,1191,170,599,560,0,32,0,0,20,3,0,0.899,,1700,,,,,3,,,
ClassicGumtree,1653,178,835,796,0,22,0,0,20,3,0,0.899,,1700,,,,,4,,,
ClassicGumtree,2384,57,1184,1145,0,55,0,0,20,3,0,0.899,,1700,,,,,5,,,
ClassicGumtree,96,24,57,18,0,21,0,0,962,3,0,0.899,,1800,,,,,1,,,
ClassicGumtree,126,22,75,36,0,15,0,0,922,3,0,0.899,,1800,,,,,2,,,
ClassicGumtree,1191,170,599,560,0,32,0,0,20,3,0,0.899,,1800,,,,,3,,,
ClassicGumtree,1653,178,835,796,0,22,0,0,19,3,0,0.899,,1800,,,,,4,,,
ClassicGumtree,2384,57,1184,1145,0,55,0,0,20,3,0,0.899,,1800,,,,,5,,,
ClassicGumtree,96,24,57,18,0,21,0,0,917,3,0,0.899,,1900,,,,,1,,,
ClassicGumtree,126,22,75,36,0,15,0,0,883,3,0,0.899,,1900,,,,,2,,,
ClassicGumtree,1191,170,599,560,0,32,0,0,20,3,0,0.899,,1900,,,,,3,,,
ClassicGumtree,1653,178,835,796,0,22,0,0,20,3,0,0.899,,1900,,,,,4,,,
ClassicGumtree,2384,57,1184,1145,0,55,0,0,20,3,0,0.899,,1900,,,,,5,,,
ClassicGumtree,96,24,57,18,0,21,0,0,872,3,0,0.899,,2000,,,,,1,,,
ClassicGumtree,126,22,75,36,0,15,0,0,839,3,0,0.899,,2000,,,,,2,,,
ClassicGumtree,1191,170,599,560,0,32,0,0,19,3,0,0.899,,2000,,,,,3,,,
ClassicGumtree,1653,178,835,796,0,22,0,0,20,3,0,0.899,,2000,,,,,4,,,
ClassicGumtree,2384,57,1184,1145,0,55,0,0,20,3,0,0.899,,2000,,,,,5,,,
ClassicGumtree,302,207,68,29,0,205,0,0,21,3,0,0.999,,100,,,,,1,,,
ClassicGumtree,380,187,117,78,0,185,0,0,21,3,0,0.999,,100,,,,,2,,,
ClassicGumtree,1257,98,600,561,0,96,0,0,20,3,0,0.999,,100,,,,,3,,,
ClassicGumtree,1710,79,836,797,0,77,0,0,21,3,0,0.999,,100,,,,,4,,,
ClassicGumtree,2384,57,1184,1145,0,55,0,0,20,3,0,0.999,,100,,,,,5,,,
ClassicGumtree,302,207,68,29,0,205,0,0,22,3,0,0.999,,200,,,,,1,,,
ClassicGumtree,380,187,117,78,0,185,0,0,21,3,0,0.999,,200,,,,,2,,,
ClassicGumtree,1257,98,600,561,0,96,0,0,21,3,0,0.999,,200,,,,,3,,,
ClassicGumtree,1710,79,836,797,0,77,0,0,21,3,0,0.999,,200,,,,,4,,,
ClassicGumtree,2384,57,1184,1145,0,55,0,0,20,3,0,0.999,,200,,,,,5,,,
ClassicGumtree,302,207,68,29,0,205,0,0,21,3,0,0.999,,300,,,,,1,,,
ClassicGumtree,380,187,117,78,0,185,0,0,21,3,0,0.999,,300,,,,,2,,,
ClassicGumtree,1257,98,600,561,0,96,0,0,21,3,0,0.999,,300,,,,,3,,,
ClassicGumtree,1710,79,836,797,0,77,0,0,21,3,0,0.999,,300,,,,,4,,,
ClassicGumtree,2384,57,1184,1145,0,55,0,0,21,3,0,0.999,,300,,,,,5,,,
ClassicGumtree,302,207,68,29,0,205,0,0,21,3,0,0.999,,400,,,,,1,,,
ClassicGumtree,380,187,117,78,0,185,0,0,21,3,0,0.999,,400,,,,,2,,,
ClassicGumtree,1257,98,600,561,0,96,0,0,21,3,0,0.999,,400,,,,,3,,,
ClassicGumtree,1710,79,836,797,0,77,0,0,21,3,0,0.999,,400,,,,,4,,,
ClassicGumtree,2384,57,1184,1145,0,55,0,0,21,3,0,0.999,,400,,,,,5,,,
ClassicGumtree,302,207,68,29,0,205,0,0,21,3,0,0.999,,500,,,,,1,,,
ClassicGumtree,380,187,117,78,0,185,0,0,22,3,0,0.999,,500,,,,,2,,,
ClassicGumtree,1257,98,600,561,0,96,0,0,20,3,0,0.999,,500,,,,,3,,,
ClassicGumtree,1710,79,836,797,0,77,0,0,21,3,0,0.999,,500,,,,,4,,,
ClassicGumtree,2384,57,1184,1145,0,55,0,0,21,3,0,0.999,,500,,,,,5,,,
ClassicGumtree,302,207,68,29,0,205,0,0,21,3,0,0.999,,600,,,,,1,,,
ClassicGumtree,380,187,117,78,0,185,0,0,21,3,0,0.999,,600,,,,,2,,,
ClassicGumtree,1257,98,600,561,0,96,0,0,21,3,0,0.999,,600,,,,,3,,,
ClassicGumtree,1710,79,836,797,0,77,0,0,21,3,0,0.999,,600,,,,,4,,,
ClassicGumtree,2384,57,1184,1145,0,55,0,0,21,3,0,0.999,,600,,,,,5,,,
ClassicGumtree,302,207,68,29,0,205,0,0,21,3,0,0.999,,700,,,,,1,,,
ClassicGumtree,380,187,117,78,0,185,0,0,21,3,0,0.999,,700,,,,,2,,,
ClassicGumtree,1257,98,600,561,0,96,0,0,21,3,0,0.999,,700,,,,,3,,,
ClassicGumtree,1710,79,836,797,0,77,0,0,21,3,0,0.999,,700,,,,,4,,,
ClassicGumtree,2384,57,1184,1145,0,55,0,0,20,3,0,0.999,,700,,,,,5,,,
ClassicGumtree,302,207,68,29,0,205,0,0,21,3,0,0.999,,800,,,,,1,,,
ClassicGumtree,380,187,117,78,0,185,0,0,21,3,0,0.999,,800,,,,,2,,,
ClassicGumtree,1257,98,600,561,0,96,0,0,21,3,0,0.999,,800,,,,,3,,,
ClassicGumtree,1710,79,836,797,0,77,0,0,21,3,0,0.999,,800,,,,,4,,,
ClassicGumtree,2384,57,1184,1145,0,55,0,0,20,3,0,0.999,,800,,,,,5,,,
ClassicGumtree,302,207,68,29,0,205,0,0,22,3,0,0.999,,900,,,,,1,,,
ClassicGumtree,380,187,117,78,0,185,0,0,22,3,0,0.999,,900,,,,,2,,,
ClassicGumtree,1257,98,600,561,0,96,0,0,21,3,0,0.999,,900,,,,,3,,,
ClassicGumtree,1710,79,836,797,0,77,0,0,22,3,0,0.999,,900,,,,,4,,,
ClassicGumtree,2384,57,1184,1145,0,55,0,0,20,3,0,0.999,,900,,,,,5,,,
ClassicGumtree,302,207,68,29,0,205,0,0,21,3,0,0.999,,1000,,,,,1,,,
ClassicGumtree,380,187,117,78,0,185,0,0,21,3,0,0.999,,1000,,,,,2,,,
ClassicGumtree,1257,98,600,561,0,96,0,0,21,3,0,0.999,,1000,,,,,3,,,
ClassicGumtree,1710,79,836,797,0,77,0,0,21,3,0,0.999,,1000,,,,,4,,,
ClassicGumtree,2384,57,1184,1145,0,55,0,0,20,3,0,0.999,,1000,,,,,5,,,
ClassicGumtree,302,207,68,29,0,205,0,0,21,3,0,0.999,,1100,,,,,1,,,
ClassicGumtree,380,187,117,78,0,185,0,0,20,3,0,0.999,,1100,,,,,2,,,
ClassicGumtree,1257,98,600,561,0,96,0,0,21,3,0,0.999,,1100,,,,,3,,,
ClassicGumtree,1710,79,836,797,0,77,0,0,21,3,0,0.999,,1100,,,,,4,,,
ClassicGumtree,2384,57,1184,1145,0,55,0,0,21,3,0,0.999,,1100,,,,,5,,,
ClassicGumtree,302,207,68,29,0,205,0,0,21,3,0,0.999,,1200,,,,,1,,,
ClassicGumtree,380,187,117,78,0,185,0,0,21,3,0,0.999,,1200,,,,,2,,,
ClassicGumtree,1257,98,600,561,0,96,0,0,21,3,0,0.999,,1200,,,,,3,,,
ClassicGumtree,1710,79,836,797,0,77,0,0,21,3,0,0.999,,1200,,,,,4,,,
ClassicGumtree,2384,57,1184,1145,0,55,0,0,20,3,0,0.999,,1200,,,,,5,,,
ClassicGumtree,302,207,68,29,0,205,0,0,21,3,0,0.999,,1300,,,,,1,,,
ClassicGumtree,380,187,117,78,0,185,0,0,21,3,0,0.999,,1300,,,,,2,,,
ClassicGumtree,1257,98,600,561,0,96,0,0,21,3,0,0.999,,1300,,,,,3,,,
ClassicGumtree,1710,79,836,797,0,77,0,0,21,3,0,0.999,,1300,,,,,4,,,
ClassicGumtree,2384,57,1184,1145,0,55,0,0,20,3,0,0.999,,1300,,,,,5,,,
ClassicGumtree,302,207,68,29,0,205,0,0,22,3,0,0.999,,1400,,,,,1,,,
ClassicGumtree,380,187,117,78,0,185,0,0,21,3,0,0.999,,1400,,,,,2,,,
ClassicGumtree,1257,98,600,561,0,96,0,0,21,3,0,0.999,,1400,,,,,3,,,
ClassicGumtree,1710,79,836,797,0,77,0,0,21,3,0,0.999,,1400,,,,,4,,,
ClassicGumtree,2384,57,1184,1145,0,55,0,0,20,3,0,0.999,,1400,,,,,5,,,
ClassicGumtree,302,207,68,29,0,205,0,0,21,3,0,0.999,,1500,,,,,1,,,
ClassicGumtree,380,187,117,78,0,185,0,0,21,3,0,0.999,,1500,,,,,2,,,
ClassicGumtree,1257,98,600,561,0,96,0,0,21,3,0,0.999,,1500,,,,,3,,,
ClassicGumtree,1710,79,836,797,0,77,0,0,21,3,0,0.999,,1500,,,,,4,,,
ClassicGumtree,2384,57,1184,1145,0,55,0,0,20,3,0,0.999,,1500,,,,,5,,,
ClassicGumtree,302,207,68,29,0,205,0,0,21,3,0,0.999,,1600,,,,,1,,,
ClassicGumtree,380,187,117,78,0,185,0,0,21,3,0,0.999,,1600,,,,,2,,,
ClassicGumtree,1257,98,600,561,0,96,0,0,21,3,0,0.999,,1600,,,,,3,,,
ClassicGumtree,1710,79,836,797,0,77,0,0,21,3,0,0.999,,1600,,,,,4,,,
ClassicGumtree,2384,57,1184,1145,0,55,0,0,21,3,0,0.999,,1600,,,,,5,,,
ClassicGumtree,302,207,68,29,0,205,0,0,21,3,0,0.999,,1700,,,,,1,,,
ClassicGumtree,380,187,117,78,0,185,0,0,21,3,0,0.999,,1700,,,,,2,,,
ClassicGumtree,1257,98,600,561,0,96,0,0,21,3,0,0.999,,1700,,,,,3,,,
ClassicGumtree,1710,79,836,797,0,77,0,0,22,3,0,0.999,,1700,,,,,4,,,
ClassicGumtree,2384,57,1184,1145,0,55,0,0,21,3,0,0.999,,1700,,,,,5,,,
ClassicGumtree,302,207,68,29,0,205,0,0,21,3,0,0.999,,1800,,,,,1,,,
ClassicGumtree,380,187,117,78,0,185,0,0,21,3,0,0.999,,1800,,,,,2,,,
ClassicGumtree,1257,98,600,561,0,96,0,0,21,3,0,0.999,,1800,,,,,3,,,
ClassicGumtree,1710,79,836,797,0,77,0,0,21,3,0,0.999,,1800,,,,,4,,,
ClassicGumtree,2384,57,1184,1145,0,55,0,0,21,3,0,0.999,,1800,,,,,5,,,
ClassicGumtree,302,207,68,29,0,205,0,0,21,3,0,0.999,,1900,,,,,1,,,
ClassicGumtree,380,187,117,78,0,185,0,0,22,3,0,0.999,,1900,,,,,2,,,
ClassicGumtree,1257,98,600,561,0,96,0,0,21,3,0,0.999,,1900,,,,,3,,,
ClassicGumtree,1710,79,836,797,0,77,0,0,21,3,0,0.999,,1900,,,,,4,,,
ClassicGumtree,2384,57,1184,1145,0,55,0,0,21,3,0,0.999,,1900,,,,,5,,,
ClassicGumtree,302,207,68,29,0,205,0,0,22,3,0,0.999,,2000,,,,,1,,,
ClassicGumtree,380,187,117,78,0,185,0,0,21,3,0,0.999,,2000,,,,,2,,,
ClassicGumtree,1257,98,600,561,0,96,0,0,20,3,0,0.999,,2000,,,,,3,,,
ClassicGumtree,1710,79,836,797,0,77,0,0,21,3,0,0.999,,2000,,,,,4,,,
ClassicGumtree,2384,57,1184,1145,0,55,0,0,20,3,0,0.999,,2000,,,,,5,,,
CompleteGumtreeMatcher,308,205,92,15,2,199,0,0,44,3,0,0.1,,100,,,,,1,,,
CompleteGumtreeMatcher,382,182,137,68,0,177,0,0,25,3,0,0.1,,100,,,,,2,,,
CompleteGumtreeMatcher,1230,100,587,548,0,95,0,0,25,3,0,0.1,,100,,,,,3,,,
CompleteGumtreeMatcher,1675,84,818,778,0,79,0,0,37,3,0,0.1,,100,,,,,4,,,
CompleteGumtreeMatcher,2324,58,1154,1115,0,55,0,0,26,3,0,0.1,,100,,,,,5,,,
CompleteGumtreeMatcher,294,193,90,15,2,187,0,0,39,3,0,0.1,,200,,,,,1,,,
CompleteGumtreeMatcher,355,173,127,58,0,170,0,0,49,3,0,0.1,,200,,,,,2,,,
CompleteGumtreeMatcher,1196,92,573,534,0,89,0,0,48,3,0,0.1,,200,,,,,3,,,
CompleteGumtreeMatcher,1675,84,818,778,0,79,0,0,37,3,0,0.1,,200,,,,,4,,,
CompleteGumtreeMatcher,2324,58,1154,1115,0,55,0,0,26,3,0,0.1,,200,,,,,5,,,
CompleteGumtreeMatcher,294,193,90,15,2,187,0,0,38,3,0,0.1,,300,,,,,1,,,
CompleteGumtreeMatcher,355,173,127,58,0,170,0,0,48,3,0,0.1,,300,,,,,2,,,
CompleteGumtreeMatcher,1196,92,573,534,0,89,0,0,48,3,0,0.1,,300,,,,,3,,,
CompleteGumtreeMatcher,1675,84,818,778,0,79,0,0,37,3,0,0.1,,300,,,,,4,,,
CompleteGumtreeMatcher,2324,58,1154,1115,0,55,0,0,26,3,0,0.1,,300,,,,,5,,,
CompleteGumtreeMatcher,294,193,90,15,2,187,0,0,39,3,0,0.1,,400,,,,,1,,,
CompleteGumtreeMatcher,355,173,127,58,0,170,0,0,47,3,0,0.1,,400,,,,,2,,,
CompleteGumtreeMatcher,1196,92,573,534,0,89,0,0,46,3,0,0.1,,400,,,,,3,,,
CompleteGumtreeMatcher,1675,84,818,778,0,79,0,0,37,3,0,0.1,,400,,,,,4,,,
CompleteGumtreeMatcher,2324,58,1154,1115,0,55,0,0,25,3,0,0.1,,400,,,,,5,,,
CompleteGumtreeMatcher,294,193,90,15,2,187,0,0,37,3,0,0.1,,500,,,,,1,,,
CompleteGumtreeMatcher,355,173,127,58,0,170,0,0,47,3,0,0.1,,500,,,,,2,,,
CompleteGumtreeMatcher,1196,92,573,534,0,89,0,0,47,3,0,0.1,,500,,,,,3,,,
CompleteGumtreeMatcher,1675,84,818,778,0,79,0,0,36,3,0,0.1,,500,,,,,4,,,
CompleteGumtreeMatcher,2324,58,1154,1115,0,55,0,0,24,3,0,0.1,,500,,,,,5,,,
CompleteGumtreeMatcher,294,193,90,15,2,187,0,0,37,3,0,0.1,,600,,,,,1,,,
CompleteGumtreeMatcher,355,173,127,58,0,170,0,0,46,3,0,0.1,,600,,,,,2,,,
CompleteGumtreeMatcher,1196,92,573,534,0,89,0,0,46,3,0,0.1,,600,,,,,3,,,
CompleteGumtreeMatcher,1675,84,818,778,0,79,0,0,37,3,0,0.1,,600,,,,,4,,,
CompleteGumtreeMatcher,2324,58,1154,1115,0,55,0,0,25,3,0,0.1,,600,,,,,5,,,
CompleteGumtreeMatcher,294,193,90,15,2,187,0,0,36,3,0,0.1,,700,,,,,1,,,
CompleteGumtreeMatcher,355,173,127,58,0,170,0,0,47,3,0,0.1,,700,,,,,2,,,
CompleteGumtreeMatcher,1196,92,573,534,0,89,0,0,47,3,0,0.1,,700,,,,,3,,,
CompleteGumtreeMatcher,1675,84,818,778,0,79,0,0,35,3,0,0.1,,700,,,,,4,,,
CompleteGumtreeMatcher,2324,58,1154,1115,0,55,0,0,25,3,0,0.1,,700,,,,,5,,,
CompleteGumtreeMatcher,294,193,90,15,2,187,0,0,37,3,0,0.1,,800,,,,,1,,,
CompleteGumtreeMatcher,355,173,127,58,0,170,0,0,46,3,0,0.1,,800,,,,,2,,,
CompleteGumtreeMatcher,1196,92,573,534,0,89,0,0,46,3,0,0.1,,800,,,,,3,,,
CompleteGumtreeMatcher,1675,84,818,778,0,79,0,0,36,3,0,0.1,,800,,,,,4,,,
CompleteGumtreeMatcher,2324,58,1154,1115,0,55,0,0,25,3,0,0.1,,800,,,,,5,,,
CompleteGumtreeMatcher,294,193,90,15,2,187,0,0,37,3,0,0.1,,900,,,,,1,,,
CompleteGumtreeMatcher,355,173,127,58,0,170,0,0,47,3,0,0.1,,900,,,,,2,,,
CompleteGumtreeMatcher,1196,92,573,534,0,89,0,0,47,3,0,0.1,,900,,,,,3,,,
CompleteGumtreeMatcher,1675,84,818,778,0,79,0,0,36,3,0,0.1,,900,,,,,4,,,
CompleteGumtreeMatcher,2324,58,1154,1115,0,55,0,0,25,3,0,0.1,,900,,,,,5,,,
CompleteGumtreeMatcher,294,193,90,15,2,187,0,0,37,3,0,0.1,,1000,,,,,1,,,
CompleteGumtreeMatcher,355,173,127,58,0,170,0,0,47,3,0,0.1,,1000,,,,,2,,,
CompleteGumtreeMatcher,1196,92,573,534,0,89,0,0,47,3,0,0.1,,1000,,,,,3,,,
CompleteGumtreeMatcher,1675,84,818,778,0,79,0,0,36,3,0,0.1,,1000,,,,,4,,,
CompleteGumtreeMatcher,2324,58,1154,1115,0,55,0,0,25,3,0,0.1,,1000,,,,,5,,,
CompleteGumtreeMatcher,294,193,90,15,2,187,0,0,37,3,0,0.1,,1100,,,,,1,,,
CompleteGumtreeMatcher,355,173,127,58,0,170,0,0,46,3,0,0.1,,1100,,,,,2,,,
CompleteGumtreeMatcher,1196,92,573,534,0,89,0,0,46,3,0,0.1,,1100,,,,,3,,,
CompleteGumtreeMatcher,1675,84,818,778,0,79,0,0,35,3,0,0.1,,1100,,,,,4,,,
CompleteGumtreeMatcher,2324,58,1154,1115,0,55,0,0,25,3,0,0.1,,1100,,,,,5,,,
CompleteGumtreeMatcher,294,193,90,15,2,187,0,0,37,3,0,0.1,,1200,,,,,1,,,
CompleteGumtreeMatcher,355,173,127,58,0,170,0,0,47,3,0,0.1,,1200,,,,,2,,,
CompleteGumtreeMatcher,1196,92,573,534,0,89,0,0,46,3,0,0.1,,1200,,,,,3,,,
CompleteGumtreeMatcher,1675,84,818,778,0,79,0,0,36,3,0,0.1,,1200,,,,,4,,,
CompleteGumtreeMatcher,2324,58,1154,1115,0,55,0,0,25,3,0,0.1,,1200,,,,,5,,,
CompleteGumtreeMatcher,294,193,90,15,2,187,0,0,37,3,0,0.1,,1300,,,,,1,,,
CompleteGumtreeMatcher,355,173,127,58,0,170,0,0,46,3,0,0.1,,1300,,,,,2,,,
CompleteGumtreeMatcher,1196,92,573,534,0,89,0,0,46,3,0,0.1,,1300,,,,,3,,,
CompleteGumtreeMatcher,1675,84,818,778,0,79,0,0,36,3,0,0.1,,1300,,,,,4,,,
CompleteGumtreeMatcher,2324,58,1154,1115,0,55,0,0,25,3,0,0.1,,1300,,,,,5,,,
CompleteGumtreeMatcher,294,193,90,15,2,187,0,0,37,3,0,0.1,,1400,,,,,1,,,
CompleteGumtreeMatcher,355,173,127,58,0,170,0,0,47,3,0,0.1,,1400,,,,,2,,,
CompleteGumtreeMatcher,1196,92,573,534,0,89,0,0,46,3,0,0.1,,1400,,,,,3,,,
CompleteGumtreeMatcher,1675,84,818,778,0,79,0,0,35,3,0,0.1,,1400,,,,,4,,,
CompleteGumtreeMatcher,2324,58,1154,1115,0,55,0,0,25,3,0,0.1,,1400,,,,,5,,,
CompleteGumtreeMatcher,294,193,90,15,2,187,0,0,37,3,0,0.1,,1500,,,,,1,,,
CompleteGumtreeMatcher,355,173,127,58,0,170,0,0,47,3,0,0.1,,1500,,,,,2,,,
CompleteGumtreeMatcher,1196,92,573,534,0,89,0,0,46,3,0,0.1,,1500,,,,,3,,,
CompleteGumtreeMatcher,1675,84,818,778,0,79,0,0,36,3,0,0.1,,1500,,,,,4,,,
CompleteGumtreeMatcher,2324,58,1154,1115,0,55,0,0,26,3,0,0.1,,1500,,,,,5,,,
CompleteGumtreeMatcher,294,193,90,15,2,187,0,0,38,3,0,0.1,,1600,,,,,1,,,
CompleteGumtreeMatcher,355,173,127,58,0,170,0,0,48,3,0,0.1,,1600,,,,,2,,,
CompleteGumtreeMatcher,1196,92,573,534,0,89,0,0,47,3,0,0.1,,1600,,,,,3,,,
CompleteGumtreeMatcher,1675,84,818,778,0,79,0,0,36,3,0,0.1,,1600,,,,,4,,,
CompleteGumtreeMatcher,2324,58,1154,1115,0,55,0,0,25,3,0,0.1,,1600,,,,,5,,,
CompleteGumtreeMatcher,294,193,90,15,2,187,0,0,38,3,0,0.1,,1700,,,,,1,,,
CompleteGumtreeMatcher,355,173,127,58,0,170,0,0,47,3,0,0.1,,1700,,,,,2,,,
CompleteGumtreeMatcher,1196,92,573,534,0,89,0,0,46,3,0,0.1,,1700,,,,,3,,,
CompleteGumtreeMatcher,1675,84,818,778,0,79,0,0,36,3,0,0.1,,1700,,,,,4,,,
CompleteGumtreeMatcher,2324,58,1154,1115,0,55,0,0,26,3,0,0.1,,1700,,,,,5,,,
CompleteGumtreeMatcher,294,193,90,15,2,187,0,0,38,3,0,0.1,,1800,,,,,1,,,
CompleteGumtreeMatcher,355,173,127,58,0,170,0,0,47,3,0,0.1,,1800,,,,,2,,,
CompleteGumtreeMatcher,1196,92,573,534,0,89,0,0,46,3,0,0.1,,1800,,,,,3,,,
CompleteGumtreeMatcher,1675,84,818,778,0,79,0,0,36,3,0,0.1,,1800,,,,,4,,,
CompleteGumtreeMatcher,2324,58,1154,1115,0,55,0,0,25,3,0,0.1,,1800,,,,,5,,,
CompleteGumtreeMatcher,294,193,90,15,2,187,0,0,37,3,0,0.1,,1900,,,,,1,,,
CompleteGumtreeMatcher,355,173,127,58,0,170,0,0,46,3,0,0.1,,1900,,,,,2,,,
CompleteGumtreeMatcher,1196,92,573,534,0,89,0,0,46,3,0,0.1,,1900,,,,,3,,,
CompleteGumtreeMatcher,1675,84,818,778,0,79,0,0,35,3,0,0.1,,1900,,,,,4,,,
CompleteGumtreeMatcher,2324,58,1154,1115,0,55,0,0,25,3,0,0.1,,1900,,,,,5,,,
CompleteGumtreeMatcher,294,193,90,15,2,187,0,0,38,3,0,0.1,,2000,,,,,1,,,
CompleteGumtreeMatcher,355,173,127,58,0,170,0,0,47,3,0,0.1,,2000,,,,,2,,,
CompleteGumtreeMatcher,1196,92,573,534,0,89,0,0,46,3,0,0.1,,2000,,,,,3,,,
CompleteGumtreeMatcher,1675,84,818,778,0,79,0,0,35,3,0,0.1,,2000,,,,,4,,,
CompleteGumtreeMatcher,2324,58,1154,1115,0,55,0,0,25,3,0,0.1,,2000,,,,,5,,,
CompleteGumtreeMatcher,308,205,92,15,2,199,0,0,42,3,0,0.2,,100,,,,,1,,,
CompleteGumtreeMatcher,382,182,137,68,0,177,0,0,24,3,0,0.2,,100,,,,,2,,,
CompleteGumtreeMatcher,1230,100,587,548,0,95,0,0,24,3,0,0.2,,100,,,,,3,,,
CompleteGumtreeMatcher,1675,84,818,778,0,79,0,0,37,3,0,0.2,,100,,,,,4,,,
CompleteGumtreeMatcher,2324,58,1154,1115,0,55,0,0,26,3,0,0.2,,100,,,,,5,,,
CompleteGumtreeMatcher,294,193,90,15,2,187,0,0,37,3,0,0.2,,200,,,,,1,,,
CompleteGumtreeMatcher,355,173,127,58,0,170,0,0,48,3,0,0.2,,200,,,,,2,,,
CompleteGumtreeMatcher,1196,92,573,534,0,89,0,0,46,3,0,0.2,,200,,,,,3,,,
CompleteGumtreeMatcher,1675,84,818,778,0,79,0,0,37,3,0,0.2,,200,,,,,4,,,
CompleteGumtreeMatcher,2324,58,1154,1115,0,55,0,0,25,3,0,0.2,,200,,,,,5,,,
CompleteGumtreeMatcher,294,193,90,15,2,187,0,0,38,3,0,0.2,,300,,,,,1,,,
CompleteGumtreeMatcher,355,173,127,58,0,170,0,0,47,3,0,0.2,,300,,,,,2,,,
CompleteGumtreeMatcher,1196,92,573,534,0,89,0,0,46,3,0,0.2,,300,,,,,3,,,
CompleteGumtreeMatcher,1675,84,818,778,0,79,0,0,35,3,0,0.2,,300,,,,,4,,,
CompleteGumtreeMatcher,2324,58,1154,1115,0,55,0,0,25,3,0,0.2,,300,,,,,5,,,
CompleteGumtreeMatcher,294,193,90,15,2,187,0,0,37,3,0,0.2,,400,,,,,1,,,
CompleteGumtreeMatcher,355,173,127,58,0,170,0,0,46,3,0,0.2,,400,,,,,2,,,
CompleteGumtreeMatcher,1196,92,573,534,0,89,0,0,46,3,0,0.2,,400,,,,,3,,,
CompleteGumtreeMatcher,1675,84,818,778,0,79,0,0,35,3,0,0.2,,400,,,,,4,,,
CompleteGumtreeMatcher,2324,58,1154,1115,0,55,0,0,25,3,0,0.2,,400,,,,,5,,,
CompleteGumtreeMatcher,294,193,90,15,2,187,0,0,37,3,0,0.2,,500,,,,,1,,,
CompleteGumtreeMatcher,355,173,127,58,0,170,0,0,46,3,0,0.2,,500,,,,,2,,,
CompleteGumtreeMatcher,1196,92,573,534,0,89,0,0,46,3,0,0.2,,500,,,,,3,,,
CompleteGumtreeMatcher,1675,84,818,778,0,79,0,0,36,3,0,0.2,,500,,,,,4,,,
CompleteGumtreeMatcher,2324,58,1154,1115,0,55,0,0,26,3,0,0.2,,500,,,,,5,,,
CompleteGumtreeMatcher,294,193,90,15,2,187,0,0,37,3,0,0.2,,600,,,,,1,,,
CompleteGumtreeMatcher,355,173,127,58,0,170,0,0,46,3,0,0.2,,600,,,,,2,,,
CompleteGumtreeMatcher,1196,92,573,534,0,89,0,0,46,3,0,0.2,,600,,,,,3,,,
CompleteGumtreeMatcher,1675,84,818,778,0,79,0,0,36,3,0,0.2,,600,,,,,4,,,
CompleteGumtreeMatcher,2324,58,1154,1115,0,55,0,0,25,3,0,0.2,,600,,,,,5,,,
CompleteGumtreeMatcher,294,193,90,15,2,187,0,0,37,3,0,0.2,,700,,,,,1,,,
CompleteGumtreeMatcher,355,173,127,58,0,170,0,0,47,3,0,0.2,,700,,,,,2,,,
CompleteGumtreeMatcher,1196,92,573,534,0,89,0,0,46,3,0,0.2,,700,,,,,3,,,
CompleteGumtreeMatcher,1675,84,818,778,0,79,0,0,36,3,0,0.2,,700,,,,,4,,,
CompleteGumtreeMatcher,2324,58,1154,1115,0,55,0,0,25,3,0,0.2,,700,,,,,5,,,
CompleteGumtreeMatcher,294,193,90,15,2,187,0,0,37,3,0,0.2,,800,,,,,1,,,
CompleteGumtreeMatcher,355,173,127,58,0,170,0,0,46,3,0,0.2,,800,,,,,2,,,
CompleteGumtreeMatcher,1196,92,573,534,0,89,0,0,46,3,0,0.2,,800,,,,,3,,,
CompleteGumtreeMatcher,1675,84,818,778,0,79,0,0,36,3,0,0.2,,800,,,,,4,,,
CompleteGumtreeMatcher,2324,58,1154,1115,0,55,0,0,25,3,0,0.2,,800,,,,,5,,,
CompleteGumtreeMatcher,294,193,90,15,2,187,0,0,37,3,0,0.2,,900,,,,,1,,,
CompleteGumtreeMatcher,355,173,127,58,0,170,0,0,46,3,0,0.2,,900,,,,,2,,,
CompleteGumtreeMatcher,1196,92,573,534,0,89,0,0,46,3,0,0.2,,900,,,,,3,,,
CompleteGumtreeMatcher,1675,84,818,778,0,79,0,0,36,3,0,0.2,,900,,,,,4,,,
CompleteGumtreeMatcher,2324,58,1154,1115,0,55,0,0,26,3,0,0.2,,900,,,,,5,,,
CompleteGumtreeMatcher,294,193,90,15,2,187,0,0,37,3,0,0.2,,1000,,,,,1,,,
CompleteGumtreeMatcher,355,173,127,58,0,170,0,0,47,3,0,0.2,,1000,,,,,2,,,
CompleteGumtreeMatcher,1196,92,573,534,0,89,0,0,46,3,0,0.2,,1000,,,,,3,,,
CompleteGumtreeMatcher,1675,84,818,778,0,79,0,0,36,3,0,0.2,,1000,,,,,4,,,
CompleteGumtreeMatcher,2324,58,1154,1115,0,55,0,0,25,3,0,0.2,,1000,,,,,5,,,
CompleteGumtreeMatcher,294,193,90,15,2,187,0,0,37,3,0,0.2,,1100,,,,,1,,,
CompleteGumtreeMatcher,355,173,127,58,0,170,0,0,46,3,0,0.2,,1100,,,,,2,,,
CompleteGumtreeMatcher,1196,92,573,534,0,89,0,0,46,3,0,0.2,,1100,,,,,3,,,
CompleteGumtreeMatcher,1675,84,818,778,0,79,0,0,36,3,0,0.2,,1100,,,,,4,,,
CompleteGumtreeMatcher,2324,58,1154,1115,0,55,0,0,25,3,0,0.2,,1100,,,,,5,,,
CompleteGumtreeMatcher,294,193,90,15,2,187,0,0,37,3,0,0.2,,1200,,,,,1,,,
CompleteGumtreeMatcher,355,173,127,58,0,170,0,0,47,3,0,0.2,,1200,,,,,2,,,
CompleteGumtreeMatcher,1196,92,573,534,0,89,0,0,46,3,0,0.2,,1200,,,,,3,,,
CompleteGumtreeMatcher,1675,84,818,778,0,79,0,0,36,3,0,0.2,,1200,,,,,4,,,
CompleteGumtreeMatcher,2324,58,1154,1115,0,55,0,0,25,3,0,0.2,,1200,,,,,5,,,
CompleteGumtreeMatcher,294,193,90,15,2,187,0,0,37,3,0,0.2,,1300,,,,,1,,,
CompleteGumtreeMatcher,355,173,127,58,0,170,0,0,47,3,0,0.2,,1300,,,,,2,,,
CompleteGumtreeMatcher,1196,92,573,534,0,89,0,0,46,3,0,0.2,,1300,,,,,3,,,
CompleteGumtreeMatcher,1675,84,818,778,0,79,0,0,36,3,0,0.2,,1300,,,,,4,,,
CompleteGumtreeMatcher,2324,58,1154,1115,0,55,0,0,24,3,0,0.2,,1300,,,,,5,,,
CompleteGumtreeMatcher,294,193,90,15,2,187,0,0,37,3,0,0.2,,1400,,,,,1,,,
CompleteGumtreeMatcher,355,173,127,58,0,170,0,0,46,3,0,0.2,,1400,,,,,2,,,
CompleteGumtreeMatcher,1196,92,573,534,0,89,0,0,46,3,0,0.2,,1400,,,,,3,,,
CompleteGumtreeMatcher,1675,84,818,778,0,79,0,0,36,3,0,0.2,,1400,,,,,4,,,
CompleteGumtreeMatcher,2324,58,1154,1115,0,55,0,0,25,3,0,0.2,,1400,,,,,5,,,
CompleteGumtreeMatcher,294,193,90,15,2,187,0,0,37,3,0,0.2,,1500,,,,,1,,,
CompleteGumtreeMatcher,355,173,127,58,0,170,0,0,46,3,0,0.2,,1500,,,,,2,,,
CompleteGumtreeMatcher,1196,92,573,534,0,89,0,0,46,3,0,0.2,,1500,,,,,3,,,
CompleteGumtreeMatcher,1675,84,818,778,0,79,0,0,36,3,0,0.2,,1500,,,,,4,,,
CompleteGumtreeMatcher,2324,58,1154,1115,0,55,0,0,25,3,0,0.2,,1500,,,,,5,,,
CompleteGumtreeMatcher,294,193,90,15,2,187,0,0,37,3,0,0.2,,1600,,,,,1,,,
CompleteGumtreeMatcher,355,173,127,58,0,170,0,0,46,3,0,0.2,,1600,,,,,2,,,
CompleteGumtreeMatcher,1196,92,573,534,0,89,0,0,46,3,0,0.2,,1600,,,,,3,,,
CompleteGumtreeMatcher,1675,84,818,778,0,79,0,0,36,3,0,0.2,,1600,,,,,4,,,
CompleteGumtreeMatcher,2324,58,1154,1115,0,55,0,0,25,3,0,0.2,,1600,,,,,5,,,
CompleteGumtreeMatcher,294,193,90,15,2,187,0,0,37,3,0,0.2,,1700,,,,,1,,,
CompleteGumtreeMatcher,355,173,127,58,0,170,0,0,47,3,0,0.2,,1700,,,,,2,,,
CompleteGumtreeMatcher,1196,92,573,534,0,89,0,0,45,3,0,0.2,,1700,,,,,3,,,
CompleteGumtreeMatcher,1675,84,818,778,0,79,0,0,36,3,0,0.2,,1700,,,,,4,,,
CompleteGumtreeMatcher,2324,58,1154,1115,0,55,0,0,25,3,0,0.2,,1700,,,,,5,,,
CompleteGumtreeMatcher,294,193,90,15,2,187,0,0,37,3,0,0.2,,1800,,,,,1,,,
CompleteGumtreeMatcher,355,173,127,58,0,170,0,0,46,3,0,0.2,,1800,,,,,2,,,
CompleteGumtreeMatcher,1196,92,573,534,0,89,0,0,46,3,0,0.2,,1800,,,,,3,,,
CompleteGumtreeMatcher,1675,84,818,778,0,79,0,0,36,3,0,0.2,,1800,,,,,4,,,
CompleteGumtreeMatcher,2324,58,1154,1115,0,55,0,0,25,3,0,0.2,,1800,,,,,5,,,
CompleteGumtreeMatcher,294,193,90,15,2,187,0,0,38,3,0,0.2,,1900,,,,,1,,,
CompleteGumtreeMatcher,355,173,127,58,0,170,0,0,46,3,0,0.2,,1900,,,,,2,,,
CompleteGumtreeMatcher,1196,92,573,534,0,89,0,0,46,3,0,0.2,,1900,,,,,3,,,
CompleteGumtreeMatcher,1675,84,818,778,0,79,0,0,36,3,0,0.2,,1900,,,,,4,,,
CompleteGumtreeMatcher,2324,58,1154,1115,0,55,0,0,25,3,0,0.2,,1900,,,,,5,,,
CompleteGumtreeMatcher,294,193,90,15,2,187,0,0,36,3,0,0.2,,2000,,,,,1,,,
CompleteGumtreeMatcher,355,173,127,58,0,170,0,0,51,3,0,0.2,,2000,,,,,2,,,
CompleteGumtreeMatcher,1196,92,573,534,0,89,0,0,51,3,0,0.2,,2000,,,,,3,,,
CompleteGumtreeMatcher,1675,84,818,778,0,79,0,0,40,3,0,0.2,,2000,,,,,4,,,
CompleteGumtreeMatcher,2324,58,1154,1115,0,55,0,0,31,3,0,0.2,,2000,,,,,5,,,
CompleteGumtreeMatcher,309,202,94,17,0,198,0,0,46,3,0,0.3,,100,,,,,1,,,
CompleteGumtreeMatcher,382,182,137,68,0,177,0,0,30,3,0,0.3,,100,,,,,2,,,
CompleteGumtreeMatcher,1230,100,587,548,0,95,0,0,29,3,0,0.3,,100,,,,,3,,,
CompleteGumtreeMatcher,1675,84,818,778,0,79,0,0,40,3,0,0.3,,100,,,,,4,,,
CompleteGumtreeMatcher,2324,58,1154,1115,0,55,0,0,30,3,0,0.3,,100,,,,,5,,,
CompleteGumtreeMatcher,295,190,92,17,0,186,0,0,42,3,0,0.3,,200,,,,,1,,,
CompleteGumtreeMatcher,355,173,127,58,0,170,0,0,46,3,0,0.3,,200,,,,,2,,,
CompleteGumtreeMatcher,1196,92,573,534,0,89,0,0,46,3,0,0.3,,200,,,,,3,,,
CompleteGumtreeMatcher,1675,84,818,778,0,79,0,0,35,3,0,0.3,,200,,,,,4,,,
CompleteGumtreeMatcher,2324,58,1154,1115,0,55,0,0,25,3,0,0.3,,200,,,,,5,,,
CompleteGumtreeMatcher,295,190,92,17,0,186,0,0,38,3,0,0.3,,300,,,,,1,,,
CompleteGumtreeMatcher,355,173,127,58,0,170,0,0,47,3,0,0.3,,300,,,,,2,,,
CompleteGumtreeMatcher,1196,92,573,534,0,89,0,0,46,3,0,0.3,,300,,,,,3,,,
CompleteGumtreeMatcher,1675,84,818,778,0,79,0,0,36,3,0,0.3,,300,,,,,4,,,
CompleteGumtreeMatcher,2324,58,1154,1115,0,55,0,0,26,3,0,0.3,,300,,,,,5,,,
CompleteGumtreeMatcher,295,190,92,17,0,186,0,0,36,3,0,0.3,,400,,,,,1,,,
CompleteGumtreeMatcher,355,173,127,58,0,170,0,0,47,3,0,0.3,,400,,,,,2,,,
CompleteGumtreeMatcher,1196,92,573,534,0,89,0,0,47,3,0,0.3,,400,,,,,3,,,
CompleteGumtreeMatcher,1675,84,818,778,0,79,0,0,35,3,0,0.3,,400,,,,,4,,,
CompleteGumtreeMatcher,2324,58,1154,1115,0,55,0,0,25,3,0,0.3,,400,,,,,5,,,
CompleteGumtreeMatcher,295,190,92,17,0,186,0,0,37,3,0,0.3,,500,,,,,1,,,
CompleteGumtreeMatcher,355,173,127,58,0,170,0,0,47,3,0,0.3,,500,,,,,2,,,
CompleteGumtreeMatcher,1196,92,573,534,0,89,0,0,46,3,0,0.3,,500,,,,,3,,,
CompleteGumtreeMatcher,1675,84,818,778,0,79,0,0,36,3,0,0.3,,500,,,,,4,,,
CompleteGumtreeMatcher,2324,58,1154,1115,0,55,0,0,25,3,0,0.3,,500,,,,,5,,,
CompleteGumtreeMatcher,295,190,92,17,0,186,0,0,37,3,0,0.3,,600,,,,,1,,,
CompleteGumtreeMatcher,355,173,127,58,0,170,0,0,47,3,0,0.3,,600,,,,,2,,,
CompleteGumtreeMatcher,1196,92,573,534,0,89,0,0,46,3,0,0.3,,600,,,,,3,,,
CompleteGumtreeMatcher,1675,84,818,778,0,79,0,0,36,3,0,0.3,,600,,,,,4,,,
CompleteGumtreeMatcher,2324,58,1154,1115,0,55,0,0,25,3,0,0.3,,600,,,,,5,,,
CompleteGumtreeMatcher,295,190,92,17,0,186,0,0,37,3,0,0.3,,700,,,,,1,,,
CompleteGumtreeMatcher,355,173,127,58,0,170,0,0,46,3,0,0.3,,700,,,,,2,,,
CompleteGumtreeMatcher,1196,92,573,534,0,89,0,0,46,3,0,0.3,,700,,,,,3,,,
CompleteGumtreeMatcher,1675,84,818,778,0,79,0,0,35,3,0,0.3,,700,,,,,4,,,
CompleteGumtreeMatcher,2324,58,1154,1115,0,55,0,0,26,3,0,0.3,,700,,,,,5,,,
CompleteGumtreeMatcher,295,190,92,17,0,186,0,0,37,3,0,0.3,,800,,,,,1,,,
CompleteGumtreeMatcher,355,173,127,58,0,170,0,0,46,3,0,0.3,,800,,,,,2,,,
CompleteGumtreeMatcher,1196,92,573,534,0,89,0,0,46,3,0,0.3,,800,,,,,3,,,
CompleteGumtreeMatcher,1675,84,818,778,0,79,0,0,36,3,0,0.3,,800,,,,,4,,,
CompleteGumtreeMatcher,2324,58,1154,1115,0,55,0,0,25,3,0,0.3,,800,,,,,5,,,
CompleteGumtreeMatcher,295,190,92,17,0,186,0,0,37,3,0,0.3,,900,,,,,1,,,
CompleteGumtreeMatcher,355,173,127,58,0,170,0,0,47,3,0,0.3,,900,,,,,2,,,
CompleteGumtreeMatcher,1196,92,573,534,0,89,0,0,46,3,0,0.3,,900,,,,,3,,,
CompleteGumtreeMatcher,1675,84,818,778,0,79,0,0,36,3,0,0.3,,900,,,,,4,,,
CompleteGumtreeMatcher,2324,58,1154,1115,0,55,0,0,25,3,0,0.3,,900,,,,,5,,,
CompleteGumtreeMatcher,295,190,92,17,0,186,0,0,37,3,0,0.3,,1000,,,,,1,,,
CompleteGumtreeMatcher,355,173,127,58,0,170,0,0,46,3,0,0.3,,1000,,,,,2,,,
CompleteGumtreeMatcher,1196,92,573,534,0,89,0,0,46,3,0,0.3,,1000,,,,,3,,,
CompleteGumtreeMatcher,1675,84,818,778,0,79,0,0,36,3,0,0.3,,1000,,,,,4,,,
CompleteGumtreeMatcher,2324,58,1154,1115,0,55,0,0,25,3,0,0.3,,1000,,,,,5,,,
CompleteGumtreeMatcher,295,190,92,17,0,186,0,0,37,3,0,0.3,,1100,,,,,1,,,
CompleteGumtreeMatcher,355,173,127,58,0,170,0,0,47,3,0,0.3,,1100,,,,,2,,,
CompleteGumtreeMatcher,1196,92,573,534,0,89,0,0,46,3,0,0.3,,1100,,,,,3,,,
CompleteGumtreeMatcher,1675,84,818,778,0,79,0,0,36,3,0,0.3,,1100,,,,,4,,,
CompleteGumtreeMatcher,2324,58,1154,1115,0,55,0,0,26,3,0,0.3,,1100,,,,,5,,,
CompleteGumtreeMatcher,295,190,92,17,0,186,0,0,37,3,0,0.3,,1200,,,,,1,,,
CompleteGumtreeMatcher,355,173,127,58,0,170,0,0,47,3,0,0.3,,1200,,,,,2,,,
CompleteGumtreeMatcher,1196,92,573,534,0,89,0,0,47,3,0,0.3,,1200,,,,,3,,,
CompleteGumtreeMatcher,1675,84,818,778,0,79,0,0,36,3,0,0.3,,1200,,,,,4,,,
CompleteGumtreeMatcher,2324,58,1154,1115,0,55,0,0,24,3,0,0.3,,1200,,,,,5,,,
CompleteGumtreeMatcher,295,190,92,17,0,186,0,0,37,3,0,0.3,,1300,,,,,1,,,
CompleteGumtreeMatcher,355,173,127,58,0,170,0,0,46,3,0,0.3,,1300,,,,,2,,,
CompleteGumtreeMatcher,1196,92,573,534,0,89,0,0,45,3,0,0.3,,1300,,,,,3,,,
CompleteGumtreeMatcher,1675,84,818,778,0,79,0,0,36,3,0,0.3,,1300,,,,,4,,,
CompleteGumtreeMatcher,2324,58,1154,1115,0,55,0,0,25,3,0,0.3,,1300,,,,,5,,,
CompleteGumtreeMatcher,295,190,92,17,0,186,0,0,37,3,0,0.3,,1400,,,,,1,,,
CompleteGumtreeMatcher,355,173,127,58,0,170,0,0,47,3,0,0.3,,1400,,,,,2,,,
CompleteGumtreeMatcher,1196,92,573,534,0,89,0,0,46,3,0,0.3,,1400,,,,,3,,,
CompleteGumtreeMatcher,1675,84,818,778,0,79,0,0,36,3,0,0.3,,1400,,,,,4,,,
CompleteGumtreeMatcher,2324,58,1154,1115,0,55,0,0,24,3,0,0.3,,1400,,,,,5,,,
CompleteGumtreeMatcher,295,190,92,17,0,186,0,0,37,3,0,0.3,,1500,,,,,1,,,
CompleteGumtreeMatcher,355,173,127,58,0,170,0,0,47,3,0,0.3,,1500,,,,,2,,,
CompleteGumtreeMatcher,1196,92,573,534,0,89,0,0,46,3,0,0.3,,1500,,,,,3,,,
CompleteGumtreeMatcher,1675,84,818,778,0,79,0,0,36,3,0,0.3,,1500,,,,,4,,,
CompleteGumtreeMatcher,2324,58,1154,1115,0,55,0,0,25,3,0,0.3,,1500,,,,,5,,,
CompleteGumtreeMatcher,295,190,92,17,0,186,0,0,38,3,0,0.3,,1600,,,,,1,,,
CompleteGumtreeMatcher,355,173,127,58,0,170,0,0,46,3,0,0.3,,1600,,,,,2,,,
CompleteGumtreeMatcher,1196,92,573,534,0,89,0,0,46,3,0,0.3,,1600,,,,,3,,,
CompleteGumtreeMatcher,1675,84,818,778,0,79,0,0,36,3,0,0.3,,1600,,,,,4,,,
CompleteGumtreeMatcher,2324,58,1154,1115,0,55,0,0,25,3,0,0.3,,1600,,,,,5,,,
CompleteGumtreeMatcher,295,190,92,17,0,186,0,0,37,3,0,0.3,,1700,,,,,1,,,
CompleteGumtreeMatcher,355,173,127,58,0,170,0,0,47,3,0,0.3,,1700,,,,,2,,,
CompleteGumtreeMatcher,1196,92,573,534,0,89,0,0,46,3,0,0.3,,1700,,,,,3,,,
CompleteGumtreeMatcher,1675,84,818,778,0,79,0,0,36,3,0,0.3,,1700,,,,,4,,,
CompleteGumtreeMatcher,2324,58,1154,1115,0,55,0,0,25,3,0,0.3,,1700,,,,,5,,,
CompleteGumtreeMatcher,295,190,92,17,0,186,0,0,37,3,0,0.3,,1800,,,,,1,,,
CompleteGumtreeMatcher,355,173,127,58,0,170,0,0,46,3,0,0.3,,1800,,,,,2,,,
CompleteGumtreeMatcher,1196,92,573,534,0,89,0,0,46,3,0,0.3,,1800,,,,,3,,,
CompleteGumtreeMatcher,1675,84,818,778,0,79,0,0,36,3,0,0.3,,1800,,,,,4,,,
CompleteGumtreeMatcher,2324,58,1154,1115,0,55,0,0,25,3,0,0.3,,1800,,,,,5,,,
CompleteGumtreeMatcher,295,190,92,17,0,186,0,0,37,3,0,0.3,,1900,,,,,1,,,
CompleteGumtreeMatcher,355,173,127,58,0,170,0,0,46,3,0,0.3,,1900,,,,,2,,,
CompleteGumtreeMatcher,1196,92,573,534,0,89,0,0,46,3,0,0.3,,1900,,,,,3,,,
CompleteGumtreeMatcher,1675,84,818,778,0,79,0,0,35,3,0,0.3,,1900,,,,,4,,,
CompleteGumtreeMatcher,2324,58,1154,1115,0,55,0,0,25,3,0,0.3,,1900,,,,,5,,,
CompleteGumtreeMatcher,295,190,92,17,0,186,0,0,37,3,0,0.3,,2000,,,,,1,,,
CompleteGumtreeMatcher,355,173,127,58,0,170,0,0,47,3,0,0.3,,2000,,,,,2,,,
CompleteGumtreeMatcher,1196,92,573,534,0,89,0,0,46,3,0,0.3,,2000,,,,,3,,,
CompleteGumtreeMatcher,1675,84,818,778,0,79,0,0,36,3,0,0.3,,2000,,,,,4,,,
CompleteGumtreeMatcher,2324,58,1154,1115,0,55,0,0,26,3,0,0.3,,2000,,,,,5,,,
CompleteGumtreeMatcher,309,202,94,17,0,198,0,0,42,3,0,0.4,,100,,,,,1,,,
CompleteGumtreeMatcher,382,182,137,68,0,177,0,0,25,3,0,0.4,,100,,,,,2,,,
CompleteGumtreeMatcher,1230,100,587,548,0,95,0,0,24,3,0,0.4,,100,,,,,3,,,
CompleteGumtreeMatcher,1675,84,818,778,0,79,0,0,35,3,0,0.4,,100,,,,,4,,,
CompleteGumtreeMatcher,2384,57,1184,1145,0,55,0,0,19,3,0,0.4,,100,,,,,5,,,
CompleteGumtreeMatcher,295,190,92,17,0,186,0,0,37,3,0,0.4,,200,,,,,1,,,
CompleteGumtreeMatcher,355,173,127,58,0,170,0,0,47,3,0,0.4,,200,,,,,2,,,
CompleteGumtreeMatcher,1196,92,573,534,0,89,0,0,46,3,0,0.4,,200,,,,,3,,,
CompleteGumtreeMatcher,1675,84,818,778,0,79,0,0,36,3,0,0.4,,200,,,,,4,,,
CompleteGumtreeMatcher,2384,57,1184,1145,0,55,0,0,18,3,0,0.4,,200,,,,,5,,,
CompleteGumtreeMatcher,295,190,92,17,0,186,0,0,37,3,0,0.4,,300,,,,,1,,,
CompleteGumtreeMatcher,355,173,127,58,0,170,0,0,47,3,0,0.4,,300,,,,,2,,,
CompleteGumtreeMatcher,1196,92,573,534,0,89,0,0,46,3,0,0.4,,300,,,,,3,,,
CompleteGumtreeMatcher,1675,84,818,778,0,79,0,0,36,3,0,0.4,,300,,,,,4,,,
CompleteGumtreeMatcher,2384,57,1184,1145,0,55,0,0,19,3,0,0.4,,300,,,,,5,,,
CompleteGumtreeMatcher,295,190,92,17,0,186,0,0,38,3,0,0.4,,400,,,,,1,,,
CompleteGumtreeMatcher,355,173,127,58,0,170,0,0,46,3,0,0.4,,400,,,,,2,,,
CompleteGumtreeMatcher,1196,92,573,534,0,89,0,0,46,3,0,0.4,,400,,,,,3,,,
CompleteGumtreeMatcher,1675,84,818,778,0,79,0,0,36,3,0,0.4,,400,,,,,4,,,
CompleteGumtreeMatcher,2384,57,1184,1145,0,55,0,0,19,3,0,0.4,,400,,,,,5,,,
CompleteGumtreeMatcher,295,190,92,17,0,186,0,0,36,3,0,0.4,,500,,,,,1,,,
CompleteGumtreeMatcher,355,173,127,58,0,170,0,0,47,3,0,0.4,,500,,,,,2,,,
CompleteGumtreeMatcher,1196,92,573,534,0,89,0,0,46,3,0,0.4,,500,,,,,3,,,
CompleteGumtreeMatcher,1675,84,818,778,0,79,0,0,36,3,0,0.4,,500,,,,,4,,,
CompleteGumtreeMatcher,2384,57,1184,1145,0,55,0,0,18,3,0,0.4,,500,,,,,5,,,
CompleteGumtreeMatcher,295,190,92,17,0,186,0,0,37,3,0,0.4,,600,,,,,1,,,
CompleteGumtreeMatcher,355,173,127,58,0,170,0,0,46,3,0,0.4,,600,,,,,2,,,
CompleteGumtreeMatcher,1196,92,573,534,0,89,0,0,46,3,0,0.4,,600,,,,,3,,,
CompleteGumtreeMatcher,1675,84,818,778,0,79,0,0,35,3,0,0.4,,600,,,,,4,,,
CompleteGumtreeMatcher,2384,57,1184,1145,0,55,0,0,19,3,0,0.4,,600,,,,,5,,,
CompleteGumtreeMatcher,295,190,92,17,0,186,0,0,37,3,0,0.4,,700,,,,,1,,,
CompleteGumtreeMatcher,355,173,127,58,0,170,0,0,47,3,0,0.4,,700,,,,,2,,,
CompleteGumtreeMatcher,1196,92,573,534,0,89,0,0,46,3,0,0.4,,700,,,,,3,,,
CompleteGumtreeMatcher,1675,84,818,778,0,79,0,0,36,3,0,0.4,,700,,,,,4,,,
CompleteGumtreeMatcher,2384,57,1184,1145,0,55,0,0,19,3,0,0.4,,700,,,,,5,,,
CompleteGumtreeMatcher,295,190,92,17,0,186,0,0,37,3,0,0.4,,800,,,,,1,,,
CompleteGumtreeMatcher,355,173,127,58,0,170,0,0,47,3,0,0.4,,800,,,,,2,,,
CompleteGumtreeMatcher,1196,92,573,534,0,89,0,0,46,3,0,0.4,,800,,,,,3,,,
CompleteGumtreeMatcher,1675,84,818,778,0,79,0,0,36,3,0,0.4,,800,,,,,4,,,
CompleteGumtreeMatcher,2384,57,1184,1145,0,55,0,0,19,3,0,0.4,,800,,,,,5,,,
CompleteGumtreeMatcher,295,190,92,17,0,186,0,0,37,3,0,0.4,,900,,,,,1,,,
CompleteGumtreeMatcher,355,173,127,58,0,170,0,0,47,3,0,0.4,,900,,,,,2,,,
CompleteGumtreeMatcher,1196,92,573,534,0,89,0,0,46,3,0,0.4,,900,,,,,3,,,
CompleteGumtreeMatcher,1675,84,818,778,0,79,0,0,36,3,0,0.4,,900,,,,,4,,,
CompleteGumtreeMatcher,2384,57,1184,1145,0,55,0,0,19,3,0,0.4,,900,,,,,5,,,
CompleteGumtreeMatcher,295,190,92,17,0,186,0,0,37,3,0,0.4,,1000,,,,,1,,,
CompleteGumtreeMatcher,355,173,127,58,0,170,0,0,46,3,0,0.4,,1000,,,,,2,,,
CompleteGumtreeMatcher,1196,92,573,534,0,89,0,0,46,3,0,0.4,,1000,,,,,3,,,
CompleteGumtreeMatcher,1675,84,818,778,0,79,0,0,36,3,0,0.4,,1000,,,,,4,,,
CompleteGumtreeMatcher,2384,57,1184,1145,0,55,0,0,19,3,0,0.4,,1000,,,,,5,,,
CompleteGumtreeMatcher,295,190,92,17,0,186,0,0,37,3,0,0.4,,1100,,,,,1,,,
CompleteGumtreeMatcher,355,173,127,58,0,170,0,0,47,3,0,0.4,,1100,,,,,2,,,
CompleteGumtreeMatcher,1196,92,573,534,0,89,0,0,45,3,0,0.4,,1100,,,,,3,,,
CompleteGumtreeMatcher,1675,84,818,778,0,79,0,0,35,3,0,0.4,,1100,,,,,4,,,
CompleteGumtreeMatcher,2384,57,1184,1145,0,55,0,0,19,3,0,0.4,,1100,,,,,5,,,
CompleteGumtreeMatcher,295,190,92,17,0,186,0,0,37,3,0,0.4,,1200,,,,,1,,,
CompleteGumtreeMatcher,355,173,127,58,0,170,0,0,47,3,0,0.4,,1200,,,,,2,,,
CompleteGumtreeMatcher,1196,92,573,534,0,89,0,0,46,3,0,0.4,,1200,,,,,3,,,
CompleteGumtreeMatcher,1675,84,818,778,0,79,0,0,35,3,0,0.4,,1200,,,,,4,,,
CompleteGumtreeMatcher,2384,57,1184,1145,0,55,0,0,19,3,0,0.4,,1200,,,,,5,,,
CompleteGumtreeMatcher,295,190,92,17,0,186,0,0,37,3,0,0.4,,1300,,,,,1,,,
CompleteGumtreeMatcher,355,173,127,58,0,170,0,0,47,3,0,0.4,,1300,,,,,2,,,
CompleteGumtreeMatcher,1196,92,573,534,0,89,0,0,46,3,0,0.4,,1300,,,,,3,,,
CompleteGumtreeMatcher,1675,84,818,778,0,79,0,0,36,3,0,0.4,,1300,,,,,4,,,
CompleteGumtreeMatcher,2384,57,1184,1145,0,55,0,0,19,3,0,0.4,,1300,,,,,5,,,
CompleteGumtreeMatcher,295,190,92,17,0,186,0,0,37,3,0,0.4,,1400,,,,,1,,,
CompleteGumtreeMatcher,355,173,127,58,0,170,0,0,46,3,0,0.4,,1400,,,,,2,,,
CompleteGumtreeMatcher,1196,92,573,534,0,89,0,0,47,3,0,0.4,,1400,,,,,3,,,
CompleteGumtreeMatcher,1675,84,818,778,0,79,0,0,36,3,0,0.4,,1400,,,,,4,,,
CompleteGumtreeMatcher,2384,57,1184,1145,0,55,0,0,19,3,0,0.4,,1400,,,,,5,,,
CompleteGumtreeMatcher,295,190,92,17,0,186,0,0,37,3,0,0.4,,1500,,,,,1,,,
CompleteGumtreeMatcher,355,173,127,58,0,170,0,0,47,3,0,0.4,,1500,,,,,2,,,
CompleteGumtreeMatcher,1196,92,573,534,0,89,0,0,46,3,0,0.4,,1500,,,,,3,,,
CompleteGumtreeMatcher,1675,84,818,778,0,79,0,0,36,3,0,0.4,,1500,,,,,4,,,
CompleteGumtreeMatcher,2384,57,1184,1145,0,55,0,0,19,3,0,0.4,,1500,,,,,5,,,
CompleteGumtreeMatcher,295,190,92,17,0,186,0,0,37,3,0,0.4,,1600,,,,,1,,,
CompleteGumtreeMatcher,355,173,127,58,0,170,0,0,46,3,0,0.4,,1600,,,,,2,,,
CompleteGumtreeMatcher,1196,92,573,534,0,89,0,0,46,3,0,0.4,,1600,,,,,3,,,
CompleteGumtreeMatcher,1675,84,818,778,0,79,0,0,36,3,0,0.4,,1600,,,,,4,,,
CompleteGumtreeMatcher,2384,57,1184,1145,0,55,0,0,19,3,0,0.4,,1600,,,,,5,,,
CompleteGumtreeMatcher,295,190,92,17,0,186,0,0,37,3,0,0.4,,1700,,,,,1,,,
CompleteGumtreeMatcher,355,173,127,58,0,170,0,0,46,3,0,0.4,,1700,,,,,2,,,
CompleteGumtreeMatcher,1196,92,573,534,0,89,0,0,46,3,0,0.4,,1700,,,,,3,,,
CompleteGumtreeMatcher,1675,84,818,778,0,79,0,0,36,3,0,0.4,,1700,,,,,4,,,
CompleteGumtreeMatcher,2384,57,1184,1145,0,55,0,0,18,3,0,0.4,,1700,,,,,5,,,
CompleteGumtreeMatcher,295,190,92,17,0,186,0,0,37,3,0,0.4,,1800,,,,,1,,,
CompleteGumtreeMatcher,355,173,127,58,0,170,0,0,47,3,0,0.4,,1800,,,,,2,,,
CompleteGumtreeMatcher,1196,92,573,534,0,89,0,0,46,3,0,0.4,,1800,,,,,3,,,
CompleteGumtreeMatcher,1675,84,818,778,0,79,0,0,36,3,0,0.4,,1800,,,,,4,,,
CompleteGumtreeMatcher,2384,57,1184,1145,0,55,0,0,19,3,0,0.4,,1800,,,,,5,,,
CompleteGumtreeMatcher,295,190,92,17,0,186,0,0,36,3,0,0.4,,1900,,,,,1,,,
CompleteGumtreeMatcher,355,173,127,58,0,170,0,0,47,3,0,0.4,,1900,,,,,2,,,
CompleteGumtreeMatcher,1196,92,573,534,0,89,0,0,46,3,0,0.4,,1900,,,,,3,,,
CompleteGumtreeMatcher,1675,84,818,778,0,79,0,0,36,3,0,0.4,,1900,,,,,4,,,
CompleteGumtreeMatcher,2384,57,1184,1145,0,55,0,0,18,3,0,0.4,,1900,,,,,5,,,
CompleteGumtreeMatcher,295,190,92,17,0,186,0,0,37,3,0,0.4,,2000,,,,,1,,,
CompleteGumtreeMatcher,355,173,127,58,0,170,0,0,47,3,0,0.4,,2000,,,,,2,,,
CompleteGumtreeMatcher,1196,92,573,534,0,89,0,0,46,3,0,0.4,,2000,,,,,3,,,
CompleteGumtreeMatcher,1675,84,818,778,0,79,0,0,37,3,0,0.4,,2000,,,,,4,,,
CompleteGumtreeMatcher,2384,57,1184,1145,0,55,0,0,19,3,0,0.4,,2000,,,,,5,,,
CompleteGumtreeMatcher,310,198,97,22,0,191,0,0,20,3,0,0.5,,100,,,,,1,,,
CompleteGumtreeMatcher,382,182,137,68,0,177,0,0,25,3,0,0.5,,100,,,,,2,,,
CompleteGumtreeMatcher,1230,100,587,548,0,95,0,0,24,3,0,0.5,,100,,,,,3,,,
CompleteGumtreeMatcher,1685,79,824,785,0,76,0,0,24,3,0,0.5,,100,,,,,4,,,
CompleteGumtreeMatcher,2384,57,1184,1145,0,55,0,0,19,3,0,0.5,,100,,,,,5,,,
CompleteGumtreeMatcher,295,190,92,17,0,186,0,0,37,3,0,0.5,,200,,,,,1,,,
CompleteGumtreeMatcher,355,173,127,58,0,170,0,0,47,3,0,0.5,,200,,,,,2,,,
CompleteGumtreeMatcher,1196,92,573,534,0,89,0,0,46,3,0,0.5,,200,,,,,3,,,
CompleteGumtreeMatcher,1685,79,824,785,0,76,0,0,24,3,0,0.5,,200,,,,,4,,,
CompleteGumtreeMatcher,2384,57,1184,1145,0,55,0,0,18,3,0,0.5,,200,,,,,5,,,
CompleteGumtreeMatcher,295,190,92,17,0,186,0,0,37,3,0,0.5,,300,,,,,1,,,
CompleteGumtreeMatcher,355,173,127,58,0,170,0,0,47,3,0,0.5,,300,,,,,2,,,
CompleteGumtreeMatcher,1196,92,573,534,0,89,0,0,46,3,0,0.5,,300,,,,,3,,,
CompleteGumtreeMatcher,1685,79,824,785,0,76,0,0,23,3,0,0.5,,300,,,,,4,,,
CompleteGumtreeMatcher,2384,57,1184,1145,0,55,0,0,19,3,0,0.5,,300,,,,,5,,,
CompleteGumtreeMatcher,295,190,92,17,0,186,0,0,36,3,0,0.5,,400,,,,,1,,,
CompleteGumtreeMatcher,355,173,127,58,0,170,0,0,47,3,0,0.5,,400,,,,,2,,,
CompleteGumtreeMatcher,1196,92,573,534,0,89,0,0,46,3,0,0.5,,400,,,,,3,,,
CompleteGumtreeMatcher,1685,79,824,785,0,76,0,0,24,3,0,0.5,,400,,,,,4,,,
CompleteGumtreeMatcher,2384,57,1184,1145,0,55,0,0,19,3,0,0.5,,400,,,,,5,,,
CompleteGumtreeMatcher,295,190,92,17,0,186,0,0,37,3,0,0.5,,500,,,,,1,,,
CompleteGumtreeMatcher,355,173,127,58,0,170,0,0,47,3,0,0.5,,500,,,,,2,,,
CompleteGumtreeMatcher,1196,92,573,534,0,89,0,0,47,3,0,0.5,,500,,,,,3,,,
CompleteGumtreeMatcher,1685,79,824,785,0,76,0,0,24,3,0,0.5,,500,,,,,4,,,
CompleteGumtreeMatcher,2384,57,1184,1145,0,55,0,0,19,3,0,0.5,,500,,,,,5,,,
CompleteGumtreeMatcher,295,190,92,17,0,186,0,0,37,3,0,0.5,,600,,,,,1,,,
CompleteGumtreeMatcher,355,173,127,58,0,170,0,0,47,3,0,0.5,,600,,,,,2,,,
CompleteGumtreeMatcher,1196,92,573,534,0,89,0,0,47,3,0,0.5,,600,,,,,3,,,
CompleteGumtreeMatcher,1685,79,824,785,0,76,0,0,24,3,0,0.5,,600,,,,,4,,,
CompleteGumtreeMatcher,2384,57,1184,1145,0,55,0,0,19,3,0,0.5,,600,,,,,5,,,
CompleteGumtreeMatcher,295,190,92,17,0,186,0,0,37,3,0,0.5,,700,,,,,1,,,
CompleteGumtreeMatcher,355,173,127,58,0,170,0,0,46,3,0,0.5,,700,,,,,2,,,
CompleteGumtreeMatcher,1196,92,573,534,0,89,0,0,46,3,0,0.5,,700,,,,,3,,,
CompleteGumtreeMatcher,1685,79,824,785,0,76,0,0,23,3,0,0.5,,700,,,,,4,,,
CompleteGumtreeMatcher,2384,57,1184,1145,0,55,0,0,19,3,0,0.5,,700,,,,,5,,,
CompleteGumtreeMatcher,295,190,92,17,0,186,0,0,37,3,0,0.5,,800,,,,,1,,,
CompleteGumtreeMatcher,355,173,127,58,0,170,0,0,47,3,0,0.5,,800,,,,,2,,,
CompleteGumtreeMatcher,1196,92,573,534,0,89,0,0,46,3,0,0.5,,800,,,,,3,,,
CompleteGumtreeMatcher,1685,79,824,785,0,76,0,0,25,3,0,0.5,,800,,,,,4,,,
CompleteGumtreeMatcher,2384,57,1184,1145,0,55,0,0,19,3,0,0.5,,800,,,,,5,,,
CompleteGumtreeMatcher,295,190,92,17,0,186,0,0,37,3,0,0.5,,900,,,,,1,,,
CompleteGumtreeMatcher,355,173,127,58,0,170,0,0,47,3,0,0.5,,900,,,,,2,,,
CompleteGumtreeMatcher,1196,92,573,534,0,89,0,0,46,3,0,0.5,,900,,,,,3,,,
CompleteGumtreeMatcher,1685,79,824,785,0,76,0,0,23,3,0,0.5,,900,,,,,4,,,
CompleteGumtreeMatcher,2384,57,1184,1145,0,55,0,0,19,3,0,0.5,,900,,,,,5,,,
CompleteGumtreeMatcher,295,190,92,17,0,186,0,0,37,3,0,0.5,,1000,,,,,1,,,
CompleteGumtreeMatcher,355,173,127,58,0,170,0,0,47,3,0,0.5,,1000,,,,,2,,,
CompleteGumtreeMatcher,1196,92,573,534,0,89,0,0,47,3,0,0.5,,1000,,,,,3,,,
CompleteGumtreeMatcher,1685,79,824,785,0,76,0,0,24,3,0,0.5,,1000,,,,,4,,,
CompleteGumtreeMatcher,2384,57,1184,1145,0,55,0,0,19,3,0,0.5,,1000,,,,,5,,,
CompleteGumtreeMatcher,295,190,92,17,0,186,0,0,37,3,0,0.5,,1100,,,,,1,,,
CompleteGumtreeMatcher,355,173,127,58,0,170,0,0,48,3,0,0.5,,1100,,,,,2,,,
CompleteGumtreeMatcher,1196,92,573,534,0,89,0,0,47,3,0,0.5,,1100,,,,,3,,,
CompleteGumtreeMatcher,1685,79,824,785,0,76,0,0,24,3,0,0.5,,1100,,,,,4,,,
CompleteGumtreeMatcher,2384,57,1184,1145,0,55,0,0,19,3,0,0.5,,1100,,,,,5,,,
CompleteGumtreeMatcher,295,190,92,17,0,186,0,0,37,3,0,0.5,,1200,,,,,1,,,
CompleteGumtreeMatcher,355,173,127,58,0,170,0,0,48,3,0,0.5,,1200,,,,,2,,,
CompleteGumtreeMatcher,1196,92,573,534,0,89,0,0,46,3,0,0.5,,1200,,,,,3,,,
CompleteGumtreeMatcher,1685,79,824,785,0,76,0,0,24,3,0,0.5,,1200,,,,,4,,,
CompleteGumtreeMatcher,2384,57,1184,1145,0,55,0,0,19,3,0,0.5,,1200,,,,,5,,,
CompleteGumtreeMatcher,295,190,92,17,0,186,0,0,37,3,0,0.5,,1300,,,,,1,,,
CompleteGumtreeMatcher,355,173,127,58,0,170,0,0,47,3,0,0.5,,1300,,,,,2,,,
CompleteGumtreeMatcher,1196,92,573,534,0,89,0,0,47,3,0,0.5,,1300,,,,,3,,,
CompleteGumtreeMatcher,1685,79,824,785,0,76,0,0,24,3,0,0.5,,1300,,,,,4,,,
CompleteGumtreeMatcher,2384,57,1184,1145,0,55,0,0,19,3,0,0.5,,1300,,,,,5,,,
CompleteGumtreeMatcher,295,190,92,17,0,186,0,0,37,3,0,0.5,,1400,,,,,1,,,
CompleteGumtreeMatcher,355,173,127,58,0,170,0,0,47,3,0,0.5,,1400,,,,,2,,,
CompleteGumtreeMatcher,1196,92,573,534,0,89,0,0,46,3,0,0.5,,1400,,,,,3,,,
CompleteGumtreeMatcher,1685,79,824,785,0,76,0,0,23,3,0,0.5,,1400,,,,,4,,,
CompleteGumtreeMatcher,2384,57,1184,1145,0,55,0,0,19,3,0,0.5,,1400,,,,,5,,,
CompleteGumtreeMatcher,295,190,92,17,0,186,0,0,36,3,0,0.5,,1500,,,,,1,,,
CompleteGumtreeMatcher,355,173,127,58,0,170,0,0,47,3,0,0.5,,1500,,,,,2,,,
CompleteGumtreeMatcher,1196,92,573,534,0,89,0,0,46,3,0,0.5,,1500,,,,,3,,,
CompleteGumtreeMatcher,1685,79,824,785,0,76,0,0,24,3,0,0.5,,1500,,,,,4,,,
CompleteGumtreeMatcher,2384,57,1184,1145,0,55,0,0,19,3,0,0.5,,1500,,,,,5,,,
CompleteGumtreeMatcher,295,190,92,17,0,186,0,0,37,3,0,0.5,,1600,,,,,1,,,
CompleteGumtreeMatcher,355,173,127,58,0,170,0,0,47,3,0,0.5,,1600,,,,,2,,,
CompleteGumtreeMatcher,1196,92,573,534,0,89,0,0,46,3,0,0.5,,1600,,,,,3,,,
CompleteGumtreeMatcher,1685,79,824,785,0,76,0,0,24,3,0,0.5,,1600,,,,,4,,,
CompleteGumtreeMatcher,2384,57,1184,1145,0,55,0,0,19,3,0,0.5,,1600,,,,,5,,,
CompleteGumtreeMatcher,295,190,92,17,0,186,0,0,37,3,0,0.5,,1700,,,,,1,,,
CompleteGumtreeMatcher,355,173,127,58,0,170,0,0,46,3,0,0.5,,1700,,,,,2,,,
CompleteGumtreeMatcher,1196,92,573,534,0,89,0,0,46,3,0,0.5,,1700,,,,,3,,,
CompleteGumtreeMatcher,1685,79,824,785,0,76,0,0,24,3,0,0.5,,1700,,,,,4,,,
CompleteGumtreeMatcher,2384,57,1184,1145,0,55,0,0,19,3,0,0.5,,1700,,,,,5,,,
CompleteGumtreeMatcher,295,190,92,17,0,186,0,0,37,3,0,0.5,,1800,,,,,1,,,
CompleteGumtreeMatcher,355,173,127,58,0,170,0,0,47,3,0,0.5,,1800,,,,,2,,,
CompleteGumtreeMatcher,1196,92,573,534,0,89,0,0,46,3,0,0.5,,1800,,,,,3,,,
CompleteGumtreeMatcher,1685,79,824,785,0,76,0,0,24,3,0,0.5,,1800,,,,,4,,,
CompleteGumtreeMatcher,2384,57,1184,1145,0,55,0,0,19,3,0,0.5,,1800,,,,,5,,,
CompleteGumtreeMatcher,295,190,92,17,0,186,0,0,37,3,0,0.5,,1900,,,,,1,,,
CompleteGumtreeMatcher,355,173,127,58,0,170,0,0,47,3,0,0.5,,1900,,,,,2,,,
CompleteGumtreeMatcher,1196,92,573,534,0,89,0,0,47,3,0,0.5,,1900,,,,,3,,,
CompleteGumtreeMatcher,1685,79,824,785,0,76,0,0,24,3,0,0.5,,1900,,,,,4,,,
CompleteGumtreeMatcher,2384,57,1184,1145,0,55,0,0,19,3,0,0.5,,1900,,,,,5,,,
CompleteGumtreeMatcher,295,190,92,17,0,186,0,0,37,3,0,0.5,,2000,,,,,1,,,
CompleteGumtreeMatcher,355,173,127,58,0,170,0,0,47,3,0,0.5,,2000,,,,,2,,,
CompleteGumtreeMatcher,1196,92,573,534,0,89,0,0,47,3,0,0.5,,2000,,,,,3,,,
CompleteGumtreeMatcher,1685,79,824,785,0,76,0,0,24,3,0,0.5,,2000,,,,,4,,,
CompleteGumtreeMatcher,2384,57,1184,1145,0,55,0,0,19,3,0,0.5,,2000,,,,,5,,,
CompleteGumtreeMatcher,310,198,97,22,0,191,0,0,20,3,0,0.6,,100,,,,,1,,,
CompleteGumtreeMatcher,382,182,137,68,0,177,0,0,25,3,0,0.6,,100,,,,,2,,,
CompleteGumtreeMatcher,1230,100,587,548,0,95,0,0,24,3,0,0.6,,100,,,,,3,,,
CompleteGumtreeMatcher,1685,79,824,785,0,76,0,0,24,3,0,0.6,,100,,,,,4,,,
CompleteGumtreeMatcher,2384,57,1184,1145,0,55,0,0,19,3,0,0.6,,100,,,,,5,,,
CompleteGumtreeMatcher,295,190,92,17,0,186,0,0,37,3,0,0.6,,200,,,,,1,,,
CompleteGumtreeMatcher,355,173,127,58,0,170,0,0,47,3,0,0.6,,200,,,,,2,,,
CompleteGumtreeMatcher,1196,92,573,534,0,89,0,0,46,3,0,0.6,,200,,,,,3,,,
CompleteGumtreeMatcher,1685,79,824,785,0,76,0,0,24,3,0,0.6,,200,,,,,4,,,
CompleteGumtreeMatcher,2384,57,1184,1145,0,55,0,0,19,3,0,0.6,,200,,,,,5,,,
CompleteGumtreeMatcher,295,190,92,17,0,186,0,0,37,3,0,0.6,,300,,,,,1,,,
CompleteGumtreeMatcher,355,173,127,58,0,170,0,0,47,3,0,0.6,,300,,,,,2,,,
CompleteGumtreeMatcher,1196,92,573,534,0,89,0,0,46,3,0,0.6,,300,,,,,3,,,
CompleteGumtreeMatcher,1685,79,824,785,0,76,0,0,23,3,0,0.6,,300,,,,,4,,,
CompleteGumtreeMatcher,2384,57,1184,1145,0,55,0,0,19,3,0,0.6,,300,,,,,5,,,
CompleteGumtreeMatcher,295,190,92,17,0,186,0,0,37,3,0,0.6,,400,,,,,1,,,
CompleteGumtreeMatcher,355,173,127,58,0,170,0,0,47,3,0,0.6,,400,,,,,2,,,
CompleteGumtreeMatcher,1196,92,573,534,0,89,0,0,47,3,0,0.6,,400,,,,,3,,,
CompleteGumtreeMatcher,1685,79,824,785,0,76,0,0,24,3,0,0.6,,400,,,,,4,,,
CompleteGumtreeMatcher,2384,57,1184,1145,0,55,0,0,19,3,0,0.6,,400,,,,,5,,,
CompleteGumtreeMatcher,295,190,92,17,0,186,0,0,37,3,0,0.6,,500,,,,,1,,,
CompleteGumtreeMatcher,355,173,127,58,0,170,0,0,47,3,0,0.6,,500,,,,,2,,,
CompleteGumtreeMatcher,1196,92,573,534,0,89,0,0,46,3,0,0.6,,500,,,,,3,,,
CompleteGumtreeMatcher,1685,79,824,785,0,76,0,0,24,3,0,0.6,,500,,,,,4,,,
CompleteGumtreeMatcher,2384,57,1184,1145,0,55,0,0,19,3,0,0.6,,500,,,,,5,,,
CompleteGumtreeMatcher,295,190,92,17,0,186,0,0,38,3,0,0.6,,600,,,,,1,,,
CompleteGumtreeMatcher,355,173,127,58,0,170,0,0,46,3,0,0.6,,600,,,,,2,,,
CompleteGumtreeMatcher,1196,92,573,534,0,89,0,0,46,3,0,0.6,,600,,,,,3,,,
CompleteGumtreeMatcher,1685,79,824,785,0,76,0,0,24,3,0,0.6,,600,,,,,4,,,
CompleteGumtreeMatcher,2384,57,1184,1145,0,55,0,0,19,3,0,0.6,,600,,,,,5,,,
CompleteGumtreeMatcher,295,190,92,17,0,186,0,0,37,3,0,0.6,,700,,,,,1,,,
CompleteGumtreeMatcher,355,173,127,58,0,170,0,0,47,3,0,0.6,,700,,,,,2,,,
CompleteGumtreeMatcher,1196,92,573,534,0,89,0,0,46,3,0,0.6,,700,,,,,3,,,
CompleteGumtreeMatcher,1685,79,824,785,0,76,0,0,24,3,0,0.6,,700,,,,,4,,,
CompleteGumtreeMatcher,2384,57,1184,1145,0,55,0,0,19,3,0,0.6,,700,,,,,5,,,
CompleteGumtreeMatcher,295,190,92,17,0,186,0,0,37,3,0,0.6,,800,,,,,1,,,
CompleteGumtreeMatcher,355,173,127,58,0,170,0,0,46,3,0,0.6,,800,,,,,2,,,
CompleteGumtreeMatcher,1196,92,573,534,0,89,0,0,47,3,0,0.6,,800,,,,,3,,,
CompleteGumtreeMatcher,1685,79,824,785,0,76,0,0,24,3,0,0.6,,800,,,,,4,,,
CompleteGumtreeMatcher,2384,57,1184,1145,0,55,0,0,19,3,0,0.6,,800,,,,,5,,,
CompleteGumtreeMatcher,295,190,92,17,0,186,0,0,37,3,0,0.6,,900,,,,,1,,,
CompleteGumtreeMatcher,355,173,127,58,0,170,0,0,47,3,0,0.6,,900,,,,,2,,,
CompleteGumtreeMatcher,1196,92,573,534,0,89,0,0,46,3,0,0.6,,900,,,,,3,,,
CompleteGumtreeMatcher,1685,79,824,785,0,76,0,0,23,3,0,0.6,,900,,,,,4,,,
CompleteGumtreeMatcher,2384,57,1184,1145,0,55,0,0,19,3,0,0.6,,900,,,,,5,,,
CompleteGumtreeMatcher,295,190,92,17,0,186,0,0,37,3,0,0.6,,1000,,,,,1,,,
CompleteGumtreeMatcher,355,173,127,58,0,170,0,0,47,3,0,0.6,,1000,,,,,2,,,
CompleteGumtreeMatcher,1196,92,573,534,0,89,0,0,46,3,0,0.6,,1000,,,,,3,,,
CompleteGumtreeMatcher,1685,79,824,785,0,76,0,0,24,3,0,0.6,,1000,,,,,4,,,
CompleteGumtreeMatcher,2384,57,1184,1145,0,55,0,0,19,3,0,0.6,,1000,,,,,5,,,
CompleteGumtreeMatcher,295,190,92,17,0,186,0,0,36,3,0,0.6,,1100,,,,,1,,,
CompleteGumtreeMatcher,355,173,127,58,0,170,0,0,47,3,0,0.6,,1100,,,,,2,,,
CompleteGumtreeMatcher,1196,92,573,534,0,89,0,0,45,3,0,0.6,,1100,,,,,3,,,
CompleteGumtreeMatcher,1685,79,824,785,0,76,0,0,23,3,0,0.6,,1100,,,,,4,,,
CompleteGumtreeMatcher,2384,57,1184,1145,0,55,0,0,19,3,0,0.6,,1100,,,,,5,,,
CompleteGumtreeMatcher,295,190,92,17,0,186,0,0,37,3,0,0.6,,1200,,,,,1,,,
CompleteGumtreeMatcher,355,173,127,58,0,170,0,0,46,3,0,0.6,,1200,,,,,2,,,
CompleteGumtreeMatcher,1196,92,573,534,0,89,0,0,46,3,0,0.6,,1200,,,,,3,,,
CompleteGumtreeMatcher,1685,79,824,785,0,76,0,0,24,3,0,0.6,,1200,,,,,4,,,
CompleteGumtreeMatcher,2384,57,1184,1145,0,55,0,0,20,3,0,0.6,,1200,,,,,5,,,
CompleteGumtreeMatcher,295,190,92,17,0,186,0,0,37,3,0,0.6,,1300,,,,,1,,,
CompleteGumtreeMatcher,355,173,127,58,0,170,0,0,47,3,0,0.6,,1300,,,,,2,,,
CompleteGumtreeMatcher,1196,92,573,534,0,89,0,0,46,3,0,0.6,,1300,,,,,3,,,
CompleteGumtreeMatcher,1685,79,824,785,0,76,0,0,24,3,0,0.6,,1300,,,,,4,,,
CompleteGumtreeMatcher,2384,57,1184,1145,0,55,0,0,19,3,0,0.6,,1300,,,,,5,,,
CompleteGumtreeMatcher,295,190,92,17,0,186,0,0,37,3,0,0.6,,1400,,,,,1,,,
CompleteGumtreeMatcher,355,173,127,58,0,170,0,0,46,3,0,0.6,,1400,,,,,2,,,
CompleteGumtreeMatcher,1196,92,573,534,0,89,0,0,46,3,0,0.6,,1400,,,,,3,,,
CompleteGumtreeMatcher,1685,79,824,785,0,76,0,0,24,3,0,0.6,,1400,,,,,4,,,
CompleteGumtreeMatcher,2384,57,1184,1145,0,55,0,0,19,3,0,0.6,,1400,,,,,5,,,
CompleteGumtreeMatcher,295,190,92,17,0,186,0,0,37,3,0,0.6,,1500,,,,,1,,,
CompleteGumtreeMatcher,355,173,127,58,0,170,0,0,47,3,0,0.6,,1500,,,,,2,,,
CompleteGumtreeMatcher,1196,92,573,534,0,89,0,0,47,3,0,0.6,,1500,,,,,3,,,
CompleteGumtreeMatcher,1685,79,824,785,0,76,0,0,24,3,0,0.6,,1500,,,,,4,,,
CompleteGumtreeMatcher,2384,57,1184,1145,0,55,0,0,19,3,0,0.6,,1500,,,,,5,,,
CompleteGumtreeMatcher,295,190,92,17,0,186,0,0,37,3,0,0.6,,1600,,,,,1,,,
CompleteGumtreeMatcher,355,173,127,58,0,170,0,0,48,3,0,0.6,,1600,,,,,2,,,
CompleteGumtreeMatcher,1196,92,573,534,0,89,0,0,47,3,0,0.6,,1600,,,,,3,,,
CompleteGumtreeMatcher,1685,79,824,785,0,76,0,0,25,3,0,0.6,,1600,,,,,4,,,
CompleteGumtreeMatcher,2384,57,1184,1145,0,55,0,0,20,3,0,0.6,,1600,,,,,5,,,
CompleteGumtreeMatcher,295,190,92,17,0,186,0,0,37,3,0,0.6,,1700,,,,,1,,,
CompleteGumtreeMatcher,355,173,127,58,0,170,0,0,48,3,0,0.6,,1700,,,,,2,,,
CompleteGumtreeMatcher,1196,92,573,534,0,89,0,0,47,3,0,0.6,,1700,,,,,3,,,
CompleteGumtreeMatcher,1685,79,824,785,0,76,0,0,25,3,0,0.6,,1700,,,,,4,,,
CompleteGumtreeMatcher,2384,57,1184,1145,0,55,0,0,20,3,0,0.6,,1700,,,,,5,,,
CompleteGumtreeMatcher,295,190,92,17,0,186,0,0,37,3,0,0.6,,1800,,,,,1,,,
CompleteGumtreeMatcher,355,173,127,58,0,170,0,0,47,3,0,0.6,,1800,,,,,2,,,
CompleteGumtreeMatcher,1196,92,573,534,0,89,0,0,46,3,0,0.6,,1800,,,,,3,,,
CompleteGumtreeMatcher,1685,79,824,785,0,76,0,0,24,3,0,0.6,,1800,,,,,4,,,
CompleteGumtreeMatcher,2384,57,1184,1145,0,55,0,0,20,3,0,0.6,,1800,,,,,5,,,
CompleteGumtreeMatcher,295,190,92,17,0,186,0,0,38,3,0,0.6,,1900,,,,,1,,,
CompleteGumtreeMatcher,355,173,127,58,0,170,0,0,48,3,0,0.6,,1900,,,,,2,,,
CompleteGumtreeMatcher,1196,92,573,534,0,89,0,0,46,3,0,0.6,,1900,,,,,3,,,
CompleteGumtreeMatcher,1685,79,824,785,0,76,0,0,24,3,0,0.6,,1900,,,,,4,,,
CompleteGumtreeMatcher,2384,57,1184,1145,0,55,0,0,19,3,0,0.6,,1900,,,,,5,,,
CompleteGumtreeMatcher,295,190,92,17,0,186,0,0,38,3,0,0.6,,2000,,,,,1,,,
CompleteGumtreeMatcher,355,173,127,58,0,170,0,0,48,3,0,0.6,,2000,,,,,2,,,
CompleteGumtreeMatcher,1196,92,573,534,0,89,0,0,46,3,0,0.6,,2000,,,,,3,,,
CompleteGumtreeMatcher,1685,79,824,785,0,76,0,0,25,3,0,0.6,,2000,,,,,4,,,
CompleteGumtreeMatcher,2384,57,1184,1145,0,55,0,0,19,3,0,0.6,,2000,,,,,5,,,
CompleteGumtreeMatcher,310,198,97,22,0,191,0,0,20,3,0,0.7,,100,,,,,1,,,
CompleteGumtreeMatcher,382,182,137,68,0,177,0,0,25,3,0,0.7,,100,,,,,2,,,
CompleteGumtreeMatcher,1257,98,600,561,0,96,0,0,18,3,0,0.7,,100,,,,,3,,,
CompleteGumtreeMatcher,1710,79,836,797,0,77,0,0,19,3,0,0.7,,100,,,,,4,,,
CompleteGumtreeMatcher,2384,57,1184,1145,0,55,0,0,20,3,0,0.7,,100,,,,,5,,,
CompleteGumtreeMatcher,295,190,92,17,0,186,0,0,37,3,0,0.7,,200,,,,,1,,,
CompleteGumtreeMatcher,355,173,127,58,0,170,0,0,47,3,0,0.7,,200,,,,,2,,,
CompleteGumtreeMatcher,1257,98,600,561,0,96,0,0,18,3,0,0.7,,200,,,,,3,,,
CompleteGumtreeMatcher,1710,79,836,797,0,77,0,0,19,3,0,0.7,,200,,,,,4,,,
CompleteGumtreeMatcher,2384,57,1184,1145,0,55,0,0,20,3,0,0.7,,200,,,,,5,,,
CompleteGumtreeMatcher,295,190,92,17,0,186,0,0,38,3,0,0.7,,300,,,,,1,,,
CompleteGumtreeMatcher,355,173,127,58,0,170,0,0,47,3,0,0.7,,300,,,,,2,,,
CompleteGumtreeMatcher,1257,98,600,561,0,96,0,0,18,3,0,0.7,,300,,,,,3,,,
CompleteGumtreeMatcher,1710,79,836,797,0,77,0,0,19,3,0,0.7,,300,,,,,4,,,
CompleteGumtreeMatcher,2384,57,1184,1145,0,55,0,0,19,3,0,0.7,,300,,,,,5,,,
CompleteGumtreeMatcher,295,190,92,17,0,186,0,0,39,3,0,0.7,,400,,,,,1,,,
CompleteGumtreeMatcher,355,173,127,58,0,170,0,0,47,3,0,0.7,,400,,,,,2,,,
CompleteGumtreeMatcher,1257,98,600,561,0,96,0,0,18,3,0,0.7,,400,,,,,3,,,
CompleteGumtreeMatcher,1710,79,836,797,0,77,0,0,19,3,0,0.7,,400,,,,,4,,,
CompleteGumtreeMatcher,2384,57,1184,1145,0,55,0,0,19,3,0,0.7,,400,,,,,5,,,
CompleteGumtreeMatcher,295,190,92,17,0,186,0,0,38,3,0,0.7,,500,,,,,1,,,
CompleteGumtreeMatcher,355,173,127,58,0,170,0,0,47,3,0,0.7,,500,,,,,2,,,
CompleteGumtreeMatcher,1257,98,600,561,0,96,0,0,19,3,0,0.7,,500,,,,,3,,,
CompleteGumtreeMatcher,1710,79,836,797,0,77,0,0,19,3,0,0.7,,500,,,,,4,,,
CompleteGumtreeMatcher,2384,57,1184,1145,0,55,0,0,19,3,0,0.7,,500,,,,,5,,,
CompleteGumtreeMatcher,295,190,92,17,0,186,0,0,37,3,0,0.7,,600,,,,,1,,,
CompleteGumtreeMatcher,355,173,127,58,0,170,0,0,47,3,0,0.7,,600,,,,,2,,,
CompleteGumtreeMatcher,1257,98,600,561,0,96,0,0,18,3,0,0.7,,600,,,,,3,,,
CompleteGumtreeMatcher,1710,79,836,797,0,77,0,0,19,3,0,0.7,,600,,,,,4,,,
CompleteGumtreeMatcher,2384,57,1184,1145,0,55,0,0,19,3,0,0.7,,600,,,,,5,,,
CompleteGumtreeMatcher,295,190,92,17,0,186,0,0,37,3,0,0.7,,700,,,,,1,,,
CompleteGumtreeMatcher,355,173,127,58,0,170,0,0,47,3,0,0.7,,700,,,,,2,,,
CompleteGumtreeMatcher,1257,98,600,561,0,96,0,0,19,3,0,0.7,,700,,,,,3,,,
CompleteGumtreeMatcher,1710,79,836,797,0,77,0,0,18,3,0,0.7,,700,,,,,4,,,
CompleteGumtreeMatcher,2384,57,1184,1145,0,55,0,0,20,3,0,0.7,,700,,,,,5,,,
CompleteGumtreeMatcher,295,190,92,17,0,186,0,0,37,3,0,0.7,,800,,,,,1,,,
CompleteGumtreeMatcher,355,173,127,58,0,170,0,0,47,3,0,0.7,,800,,,,,2,,,
CompleteGumtreeMatcher,1257,98,600,561,0,96,0,0,19,3,0,0.7,,800,,,,,3,,,
CompleteGumtreeMatcher,1710,79,836,797,0,77,0,0,19,3,0,0.7,,800,,,,,4,,,
CompleteGumtreeMatcher,2384,57,1184,1145,0,55,0,0,19,3,0,0.7,,800,,,,,5,,,
CompleteGumtreeMatcher,295,190,92,17,0,186,0,0,37,3,0,0.7,,900,,,,,1,,,
CompleteGumtreeMatcher,355,173,127,58,0,170,0,0,47,3,0,0.7,,900,,,,,2,,,
CompleteGumtreeMatcher,1257,98,600,561,0,96,0,0,19,3,0,0.7,,900,,,,,3,,,
CompleteGumtreeMatcher,1710,79,836,797,0,77,0,0,19,3,0,0.7,,900,,,,,4,,,
CompleteGumtreeMatcher,2384,57,1184,1145,0,55,0,0,19,3,0,0.7,,900,,,,,5,,,
CompleteGumtreeMatcher,295,190,92,17,0,186,0,0,37,3,0,0.7,,1000,,,,,1,,,
CompleteGumtreeMatcher,355,173,127,58,0,170,0,0,46,3,0,0.7,,1000,,,,,2,,,
CompleteGumtreeMatcher,1257,98,600,561,0,96,0,0,19,3,0,0.7,,1000,,,,,3,,,
CompleteGumtreeMatcher,1710,79,836,797,0,77,0,0,19,3,0,0.7,,1000,,,,,4,,,
CompleteGumtreeMatcher,2384,57,1184,1145,0,55,0,0,19,3,0,0.7,,1000,,,,,5,,,
CompleteGumtreeMatcher,295,190,92,17,0,186,0,0,37,3,0,0.7,,1100,,,,,1,,,
CompleteGumtreeMatcher,355,173,127,58,0,170,0,0,46,3,0,0.7,,1100,,,,,2,,,
CompleteGumtreeMatcher,1257,98,600,561,0,96,0,0,19,3,0,0.7,,1100,,,,,3,,,
CompleteGumtreeMatcher,1710,79,836,797,0,77,0,0,19,3,0,0.7,,1100,,,,,4,,,
CompleteGumtreeMatcher,2384,57,1184,1145,0,55,0,0,19,3,0,0.7,,1100,,,,,5,,,
CompleteGumtreeMatcher,295,190,92,17,0,186,0,0,37,3,0,0.7,,1200,,,,,1,,,
CompleteGumtreeMatcher,355,173,127,58,0,170,0,0,47,3,0,0.7,,1200,,,,,2,,,
CompleteGumtreeMatcher,1257,98,600,561,0,96,0,0,19,3,0,0.7,,1200,,,,,3,,,
CompleteGumtreeMatcher,1710,79,836,797,0,77,0,0,19,3,0,0.7,,1200,,,,,4,,,
CompleteGumtreeMatcher,2384,57,1184,1145,0,55,0,0,19,3,0,0.7,,1200,,,,,5,,,
CompleteGumtreeMatcher,295,190,92,17,0,186,0,0,37,3,0,0.7,,1300,,,,,1,,,
CompleteGumtreeMatcher,355,173,127,58,0,170,0,0,46,3,0,0.7,,1300,,,,,2,,,
CompleteGumtreeMatcher,1257,98,600,561,0,96,0,0,18,3,0,0.7,,1300,,,,,3,,,
CompleteGumtreeMatcher,1710,79,836,797,0,77,0,0,19,3,0,0.7,,1300,,,,,4,,,
CompleteGumtreeMatcher,2384,57,1184,1145,0,55,0,0,19,3,0,0.7,,1300,,,,,5,,,
CompleteGumtreeMatcher,295,190,92,17,0,186,0,0,38,3,0,0.7,,1400,,,,,1,,,
CompleteGumtreeMatcher,355,173,127,58,0,170,0,0,47,3,0,0.7,,1400,,,,,2,,,
CompleteGumtreeMatcher,1257,98,600,561,0,96,0,0,19,3,0,0.7,,1400,,,,,3,,,
CompleteGumtreeMatcher,1710,79,836,797,0,77,0,0,19,3,0,0.7,,1400,,,,,4,,,
CompleteGumtreeMatcher,2384,57,1184,1145,0,55,0,0,19,3,0,0.7,,1400,,,,,5,,,
CompleteGumtreeMatcher,295,190,92,17,0,186,0,0,37,3,0,0.7,,1500,,,,,1,,,
CompleteGumtreeMatcher,355,173,127,58,0,170,0,0,47,3,0,0.7,,1500,,,,,2,,,
CompleteGumtreeMatcher,1257,98,600,561,0,96,0,0,18,3,0,0.7,,1500,,,,,3,,,
CompleteGumtreeMatcher,1710,79,836,797,0,77,0,0,19,3,0,0.7,,1500,,,,,4,,,
CompleteGumtreeMatcher,2384,57,1184,1145,0,55,0,0,19,3,0,0.7,,1500,,,,,5,,,
CompleteGumtreeMatcher,295,190,92,17,0,186,0,0,37,3,0,0.7,,1600,,,,,1,,,
CompleteGumtreeMatcher,355,173,127,58,0,170,0,0,47,3,0,0.7,,1600,,,,,2,,,
CompleteGumtreeMatcher,1257,98,600,561,0,96,0,0,19,3,0,0.7,,1600,,,,,3,,,
CompleteGumtreeMatcher,1710,79,836,797,0,77,0,0,19,3,0,0.7,,1600,,,,,4,,,
CompleteGumtreeMatcher,2384,57,1184,1145,0,55,0,0,20,3,0,0.7,,1600,,,,,5,,,
CompleteGumtreeMatcher,295,190,92,17,0,186,0,0,37,3,0,0.7,,1700,,,,,1,,,
CompleteGumtreeMatcher,355,173,127,58,0,170,0,0,47,3,0,0.7,,1700,,,,,2,,,
CompleteGumtreeMatcher,1257,98,600,561,0,96,0,0,19,3,0,0.7,,1700,,,,,3,,,
CompleteGumtreeMatcher,1710,79,836,797,0,77,0,0,19,3,0,0.7,,1700,,,,,4,,,
CompleteGumtreeMatcher,2384,57,1184,1145,0,55,0,0,20,3,0,0.7,,1700,,,,,5,,,
CompleteGumtreeMatcher,295,190,92,17,0,186,0,0,38,3,0,0.7,,1800,,,,,1,,,
CompleteGumtreeMatcher,355,173,127,58,0,170,0,0,46,3,0,0.7,,1800,,,,,2,,,
CompleteGumtreeMatcher,1257,98,600,561,0,96,0,0,19,3,0,0.7,,1800,,,,,3,,,
CompleteGumtreeMatcher,1710,79,836,797,0,77,0,0,18,3,0,0.7,,1800,,,,,4,,,
CompleteGumtreeMatcher,2384,57,1184,1145,0,55,0,0,19,3,0,0.7,,1800,,,,,5,,,
CompleteGumtreeMatcher,295,190,92,17,0,186,0,0,37,3,0,0.7,,1900,,,,,1,,,
CompleteGumtreeMatcher,355,173,127,58,0,170,0,0,47,3,0,0.7,,1900,,,,,2,,,
CompleteGumtreeMatcher,1257,98,600,561,0,96,0,0,19,3,0,0.7,,1900,,,,,3,,,
CompleteGumtreeMatcher,1710,79,836,797,0,77,0,0,19,3,0,0.7,,1900,,,,,4,,,
CompleteGumtreeMatcher,2384,57,1184,1145,0,55,0,0,19,3,0,0.7,,1900,,,,,5,,,
CompleteGumtreeMatcher,295,190,92,17,0,186,0,0,38,3,0,0.7,,2000,,,,,1,,,
CompleteGumtreeMatcher,355,173,127,58,0,170,0,0,47,3,0,0.7,,2000,,,,,2,,,
CompleteGumtreeMatcher,1257,98,600,561,0,96,0,0,19,3,0,0.7,,2000,,,,,3,,,
CompleteGumtreeMatcher,1710,79,836,797,0,77,0,0,19,3,0,0.7,,2000,,,,,4,,,
CompleteGumtreeMatcher,2384,57,1184,1145,0,55,0,0,19,3,0,0.7,,2000,,,,,5,,,
CompleteGumtreeMatcher,310,198,97,22,0,191,0,0,20,3,0,0.799,,100,,,,,1,,,
CompleteGumtreeMatcher,382,182,137,68,0,177,0,0,24,3,0,0.799,,100,,,,,2,,,
CompleteGumtreeMatcher,1257,98,600,561,0,96,0,0,18,3,0,0.799,,100,,,,,3,,,
CompleteGumtreeMatcher,1710,79,836,797,0,77,0,0,20,3,0,0.799,,100,,,,,4,,,
CompleteGumtreeMatcher,2384,57,1184,1145,0,55,0,0,19,3,0,0.799,,100,,,,,5,,,
CompleteGumtreeMatcher,295,190,92,17,0,186,0,0,37,3,0,0.799,,200,,,,,1,,,
CompleteGumtreeMatcher,355,173,127,58,0,170,0,0,47,3,0,0.799,,200,,,,,2,,,
CompleteGumtreeMatcher,1257,98,600,561,0,96,0,0,19,3,0,0.799,,200,,,,,3,,,
CompleteGumtreeMatcher,1710,79,836,797,0,77,0,0,19,3,0,0.799,,200,,,,,4,,,
CompleteGumtreeMatcher,2384,57,1184,1145,0,55,0,0,19,3,0,0.799,,200,,,,,5,,,
CompleteGumtreeMatcher,295,190,92,17,0,186,0,0,38,3,0,0.799,,300,,,,,1,,,
CompleteGumtreeMatcher,355,173,127,58,0,170,0,0,46,3,0,0.799,,300,,,,,2,,,
CompleteGumtreeMatcher,1257,98,600,561,0,96,0,0,18,3,0,0.799,,300,,,,,3,,,
CompleteGumtreeMatcher,1710,79,836,797,0,77,0,0,19,3,0,0.799,,300,,,,,4,,,
CompleteGumtreeMatcher,2384,57,1184,1145,0,55,0,0,19,3,0,0.799,,300,,,,,5,,,
CompleteGumtreeMatcher,295,190,92,17,0,186,0,0,37,3,0,0.799,,400,,,,,1,,,
CompleteGumtreeMatcher,355,173,127,58,0,170,0,0,52,3,0,0.799,,400,,,,,2,,,
CompleteGumtreeMatcher,1257,98,600,561,0,96,0,0,18,3,0,0.799,,400,,,,,3,,,
CompleteGumtreeMatcher,1710,79,836,797,0,77,0,0,19,3,0,0.799,,400,,,,,4,,,
CompleteGumtreeMatcher,2384,57,1184,1145,0,55,0,0,19,3,0,0.799,,400,,,,,5,,,
CompleteGumtreeMatcher,295,190,92,17,0,186,0,0,43,3,0,0.799,,500,,,,,1,,,
CompleteGumtreeMatcher,355,173,127,58,0,170,0,0,51,3,0,0.799,,500,,,,,2,,,
CompleteGumtreeMatcher,1257,98,600,561,0,96,0,0,19,3,0,0.799,,500,,,,,3,,,
CompleteGumtreeMatcher,1710,79,836,797,0,77,0,0,24,3,0,0.799,,500,,,,,4,,,
CompleteGumtreeMatcher,2384,57,1184,1145,0,55,0,0,24,3,0,0.799,,500,,,,,5,,,
CompleteGumtreeMatcher,295,190,92,17,0,186,0,0,42,3,0,0.799,,600,,,,,1,,,
CompleteGumtreeMatcher,355,173,127,58,0,170,0,0,51,3,0,0.799,,600,,,,,2,,,
CompleteGumtreeMatcher,1257,98,600,561,0,96,0,0,24,3,0,0.799,,600,,,,,3,,,
CompleteGumtreeMatcher,1710,79,836,797,0,77,0,0,24,3,0,0.799,,600,,,,,4,,,
CompleteGumtreeMatcher,2384,57,1184,1145,0,55,0,0,25,3,0,0.799,,600,,,,,5,,,
CompleteGumtreeMatcher,295,190,92,17,0,186,0,0,37,3,0,0.799,,700,,,,,1,,,
CompleteGumtreeMatcher,355,173,127,58,0,170,0,0,47,3,0,0.799,,700,,,,,2,,,
CompleteGumtreeMatcher,1257,98,600,561,0,96,0,0,18,3,0,0.799,,700,,,,,3,,,
CompleteGumtreeMatcher,1710,79,836,797,0,77,0,0,19,3,0,0.799,,700,,,,,4,,,
CompleteGumtreeMatcher,2384,57,1184,1145,0,55,0,0,19,3,0,0.799,,700,,,,,5,,,
CompleteGumtreeMatcher,295,190,92,17,0,186,0,0,38,3,0,0.799,,800,,,,,1,,,
CompleteGumtreeMatcher,355,173,127,58,0,170,0,0,47,3,0,0.799,,800,,,,,2,,,
CompleteGumtreeMatcher,1257,98,600,561,0,96,0,0,18,3,0,0.799,,800,,,,,3,,,
CompleteGumtreeMatcher,1710,79,836,797,0,77,0,0,19,3,0,0.799,,800,,,,,4,,,
CompleteGumtreeMatcher,2384,57,1184,1145,0,55,0,0,19,3,0,0.799,,800,,,,,5,,,
CompleteGumtreeMatcher,295,190,92,17,0,186,0,0,37,3,0,0.799,,900,,,,,1,,,
CompleteGumtreeMatcher,355,173,127,58,0,170,0,0,47,3,0,0.799,,900,,,,,2,,,
CompleteGumtreeMatcher,1257,98,600,561,0,96,0,0,19,3,0,0.799,,900,,,,,3,,,
CompleteGumtreeMatcher,1710,79,836,797,0,77,0,0,19,3,0,0.799,,900,,,,,4,,,
CompleteGumtreeMatcher,2384,57,1184,1145,0,55,0,0,18,3,0,0.799,,900,,,,,5,,,
CompleteGumtreeMatcher,295,190,92,17,0,186,0,0,38,3,0,0.799,,1000,,,,,1,,,
CompleteGumtreeMatcher,355,173,127,58,0,170,0,0,47,3,0,0.799,,1000,,,,,2,,,
CompleteGumtreeMatcher,1257,98,600,561,0,96,0,0,19,3,0,0.799,,1000,,,,,3,,,
CompleteGumtreeMatcher,1710,79,836,797,0,77,0,0,19,3,0,0.799,,1000,,,,,4,,,
CompleteGumtreeMatcher,2384,57,1184,1145,0,55,0,0,19,3,0,0.799,,1000,,,,,5,,,
CompleteGumtreeMatcher,295,190,92,17,0,186,0,0,38,3,0,0.799,,1100,,,,,1,,,
CompleteGumtreeMatcher,355,173,127,58,0,170,0,0,47,3,0,0.799,,1100,,,,,2,,,
CompleteGumtreeMatcher,1257,98,600,561,0,96,0,0,19,3,0,0.799,,1100,,,,,3,,,
CompleteGumtreeMatcher,1710,79,836,797,0,77,0,0,20,3,0,0.799,,1100,,,,,4,,,
CompleteGumtreeMatcher,2384,57,1184,1145,0,55,0,0,19,3,0,0.799,,1100,,,,,5,,,
CompleteGumtreeMatcher,295,190,92,17,0,186,0,0,37,3,0,0.799,,1200,,,,,1,,,
CompleteGumtreeMatcher,355,173,127,58,0,170,0,0,47,3,0,0.799,,1200,,,,,2,,,
CompleteGumtreeMatcher,1257,98,600,561,0,96,0,0,18,3,0,0.799,,1200,,,,,3,,,
CompleteGumtreeMatcher,1710,79,836,797,0,77,0,0,19,3,0,0.799,,1200,,,,,4,,,
CompleteGumtreeMatcher,2384,57,1184,1145,0,55,0,0,20,3,0,0.799,,1200,,,,,5,,,
CompleteGumtreeMatcher,295,190,92,17,0,186,0,0,37,3,0,0.799,,1300,,,,,1,,,
CompleteGumtreeMatcher,355,173,127,58,0,170,0,0,47,3,0,0.799,,1300,,,,,2,,,
CompleteGumtreeMatcher,1257,98,600,561,0,96,0,0,19,3,0,0.799,,1300,,,,,3,,,
CompleteGumtreeMatcher,1710,79,836,797,0,77,0,0,19,3,0,0.799,,1300,,,,,4,,,
CompleteGumtreeMatcher,2384,57,1184,1145,0,55,0,0,20,3,0,0.799,,1300,,,,,5,,,
CompleteGumtreeMatcher,295,190,92,17,0,186,0,0,38,3,0,0.799,,1400,,,,,1,,,
CompleteGumtreeMatcher,355,173,127,58,0,170,0,0,47,3,0,0.799,,1400,,,,,2,,,
CompleteGumtreeMatcher,1257,98,600,561,0,96,0,0,18,3,0,0.799,,1400,,,,,3,,,
CompleteGumtreeMatcher,1710,79,836,797,0,77,0,0,19,3,0,0.799,,1400,,,,,4,,,
CompleteGumtreeMatcher,2384,57,1184,1145,0,55,0,0,19,3,0,0.799,,1400,,,,,5,,,
CompleteGumtreeMatcher,295,190,92,17,0,186,0,0,37,3,0,0.799,,1500,,,,,1,,,
CompleteGumtreeMatcher,355,173,127,58,0,170,0,0,47,3,0,0.799,,1500,,,,,2,,,
CompleteGumtreeMatcher,1257,98,600,561,0,96,0,0,18,3,0,0.799,,1500,,,,,3,,,
CompleteGumtreeMatcher,1710,79,836,797,0,77,0,0,18,3,0,0.799,,1500,,,,,4,,,
CompleteGumtreeMatcher,2384,57,1184,1145,0,55,0,0,20,3,0,0.799,,1500,,,,,5,,,
CompleteGumtreeMatcher,295,190,92,17,0,186,0,0,38,3,0,0.799,,1600,,,,,1,,,
CompleteGumtreeMatcher,355,173,127,58,0,170,0,0,47,3,0,0.799,,1600,,,,,2,,,
CompleteGumtreeMatcher,1257,98,600,561,0,96,0,0,19,3,0,0.799,,1600,,,,,3,,,
CompleteGumtreeMatcher,1710,79,836,797,0,77,0,0,18,3,0,0.799,,1600,,,,,4,,,
CompleteGumtreeMatcher,2384,57,1184,1145,0,55,0,0,18,3,0,0.799,,1600,,,,,5,,,
CompleteGumtreeMatcher,295,190,92,17,0,186,0,0,38,3,0,0.799,,1700,,,,,1,,,
CompleteGumtreeMatcher,355,173,127,58,0,170,0,0,47,3,0,0.799,,1700,,,,,2,,,
CompleteGumtreeMatcher,1257,98,600,561,0,96,0,0,18,3,0,0.799,,1700,,,,,3,,,
CompleteGumtreeMatcher,1710,79,836,797,0,77,0,0,19,3,0,0.799,,1700,,,,,4,,,
CompleteGumtreeMatcher,2384,57,1184,1145,0,55,0,0,19,3,0,0.799,,1700,,,,,5,,,
CompleteGumtreeMatcher,295,190,92,17,0,186,0,0,37,3,0,0.799,,1800,,,,,1,,,
CompleteGumtreeMatcher,355,173,127,58,0,170,0,0,47,3,0,0.799,,1800,,,,,2,,,
CompleteGumtreeMatcher,1257,98,600,561,0,96,0,0,18,3,0,0.799,,1800,,,,,3,,,
CompleteGumtreeMatcher,1710,79,836,797,0,77,0,0,18,3,0,0.799,,1800,,,,,4,,,
CompleteGumtreeMatcher,2384,57,1184,1145,0,55,0,0,19,3,0,0.799,,1800,,,,,5,,,
CompleteGumtreeMatcher,295,190,92,17,0,186,0,0,38,3,0,0.799,,1900,,,,,1,,,
CompleteGumtreeMatcher,355,173,127,58,0,170,0,0,47,3,0,0.799,,1900,,,,,2,,,
CompleteGumtreeMatcher,1257,98,600,561,0,96,0,0,18,3,0,0.799,,1900,,,,,3,,,
CompleteGumtreeMatcher,1710,79,836,797,0,77,0,0,18,3,0,0.799,,1900,,,,,4,,,
CompleteGumtreeMatcher,2384,57,1184,1145,0,55,0,0,20,3,0,0.799,,1900,,,,,5,,,
CompleteGumtreeMatcher,295,190,92,17,0,186,0,0,37,3,0,0.799,,2000,,,,,1,,,
CompleteGumtreeMatcher,355,173,127,58,0,170,0,0,47,3,0,0.799,,2000,,,,,2,,,
CompleteGumtreeMatcher,1257,98,600,561,0,96,0,0,19,3,0,0.799,,2000,,,,,3,,,
CompleteGumtreeMatcher,1710,79,836,797,0,77,0,0,19,3,0,0.799,,2000,,,,,4,,,
CompleteGumtreeMatcher,2384,57,1184,1145,0,55,0,0,19,3,0,0.799,,2000,,,,,5,,,
CompleteGumtreeMatcher,320,199,99,24,0,197,0,0,19,3,0,0.899,,100,,,,,1,,,
CompleteGumtreeMatcher,395,182,142,73,0,180,0,0,19,3,0,0.899,,100,,,,,2,,,
CompleteGumtreeMatcher,1257,98,600,561,0,96,0,0,19,3,0,0.899,,100,,,,,3,,,
CompleteGumtreeMatcher,1710,79,836,797,0,77,0,0,20,3,0,0.899,,100,,,,,4,,,
CompleteGumtreeMatcher,2384,57,1184,1145,0,55,0,0,19,3,0,0.899,,100,,,,,5,,,
CompleteGumtreeMatcher,320,199,99,24,0,197,0,0,20,3,0,0.899,,200,,,,,1,,,
CompleteGumtreeMatcher,395,182,142,73,0,180,0,0,20,3,0,0.899,,200,,,,,2,,,
CompleteGumtreeMatcher,1257,98,600,561,0,96,0,0,19,3,0,0.899,,200,,,,,3,,,
CompleteGumtreeMatcher,1710,79,836,797,0,77,0,0,20,3,0,0.899,,200,,,,,4,,,
CompleteGumtreeMatcher,2384,57,1184,1145,0,55,0,0,20,3,0,0.899,,200,,,,,5,,,
CompleteGumtreeMatcher,320,199,99,24,0,197,0,0,21,3,0,0.899,,300,,,,,1,,,
CompleteGumtreeMatcher,395,182,142,73,0,180,0,0,19,3,0,0.899,,300,,,,,2,,,
CompleteGumtreeMatcher,1257,98,600,561,0,96,0,0,19,3,0,0.899,,300,,,,,3,,,
CompleteGumtreeMatcher,1710,79,836,797,0,77,0,0,19,3,0,0.899,,300,,,,,4,,,
CompleteGumtreeMatcher,2384,57,1184,1145,0,55,0,0,20,3,0,0.899,,300,,,,,5,,,
CompleteGumtreeMatcher,320,199,99,24,0,197,0,0,20,3,0,0.899,,400,,,,,1,,,
CompleteGumtreeMatcher,395,182,142,73,0,180,0,0,20,3,0,0.899,,400,,,,,2,,,
CompleteGumtreeMatcher,1257,98,600,561,0,96,0,0,19,3,0,0.899,,400,,,,,3,,,
CompleteGumtreeMatcher,1710,79,836,797,0,77,0,0,19,3,0,0.899,,400,,,,,4,,,
CompleteGumtreeMatcher,2384,57,1184,1145,0,55,0,0,19,3,0,0.899,,400,,,,,5,,,
CompleteGumtreeMatcher,320,199,99,24,0,197,0,0,19,3,0,0.899,,500,,,,,1,,,
CompleteGumtreeMatcher,395,182,142,73,0,180,0,0,19,3,0,0.899,,500,,,,,2,,,
CompleteGumtreeMatcher,1257,98,600,561,0,96,0,0,20,3,0,0.899,,500,,,,,3,,,
CompleteGumtreeMatcher,1710,79,836,797,0,77,0,0,20,3,0,0.899,,500,,,,,4,,,
CompleteGumtreeMatcher,2384,57,1184,1145,0,55,0,0,20,3,0,0.899,,500,,,,,5,,,
CompleteGumtreeMatcher,320,199,99,24,0,197,0,0,20,3,0,0.899,,600,,,,,1,,,
CompleteGumtreeMatcher,395,182,142,73,0,180,0,0,19,3,0,0.899,,600,,,,,2,,,
CompleteGumtreeMatcher,1257,98,600,561,0,96,0,0,19,3,0,0.899,,600,,,,,3,,,
CompleteGumtreeMatcher,1710,79,836,797,0,77,0,0,20,3,0,0.899,,600,,,,,4,,,
CompleteGumtreeMatcher,2384,57,1184,1145,0,55,0,0,19,3,0,0.899,,600,,,,,5,,,
CompleteGumtreeMatcher,320,199,99,24,0,197,0,0,21,3,0,0.899,,700,,,,,1,,,
CompleteGumtreeMatcher,395,182,142,73,0,180,0,0,19,3,0,0.899,,700,,,,,2,,,
CompleteGumtreeMatcher,1257,98,600,561,0,96,0,0,19,3,0,0.899,,700,,,,,3,,,
CompleteGumtreeMatcher,1710,79,836,797,0,77,0,0,20,3,0,0.899,,700,,,,,4,,,
CompleteGumtreeMatcher,2384,57,1184,1145,0,55,0,0,19,3,0,0.899,,700,,,,,5,,,
CompleteGumtreeMatcher,320,199,99,24,0,197,0,0,20,3,0,0.899,,800,,,,,1,,,
CompleteGumtreeMatcher,395,182,142,73,0,180,0,0,19,3,0,0.899,,800,,,,,2,,,
CompleteGumtreeMatcher,1257,98,600,561,0,96,0,0,19,3,0,0.899,,800,,,,,3,,,
CompleteGumtreeMatcher,1710,79,836,797,0,77,0,0,19,3,0,0.899,,800,,,,,4,,,
CompleteGumtreeMatcher,2384,57,1184,1145,0,55,0,0,20,3,0,0.899,,800,,,,,5,,,
CompleteGumtreeMatcher,320,199,99,24,0,197,0,0,20,3,0,0.899,,900,,,,,1,,,
CompleteGumtreeMatcher,395,182,142,73,0,180,0,0,19,3,0,0.899,,900,,,,,2,,,
CompleteGumtreeMatcher,1257,98,600,561,0,96,0,0,19,3,0,0.899,,900,,,,,3,,,
CompleteGumtreeMatcher,1710,79,836,797,0,77,0,0,20,3,0,0.899,,900,,,,,4,,,
CompleteGumtreeMatcher,2384,57,1184,1145,0,55,0,0,20,3,0,0.899,,900,,,,,5,,,
CompleteGumtreeMatcher,320,199,99,24,0,197,0,0,20,3,0,0.899,,1000,,,,,1,,,
CompleteGumtreeMatcher,395,182,142,73,0,180,0,0,20,3,0,0.899,,1000,,,,,2,,,
CompleteGumtreeMatcher,1257,98,600,561,0,96,0,0,19,3,0,0.899,,1000,,,,,3,,,
CompleteGumtreeMatcher,1710,79,836,797,0,77,0,0,19,3,0,0.899,,1000,,,,,4,,,
CompleteGumtreeMatcher,2384,57,1184,1145,0,55,0,0,20,3,0,0.899,,1000,,,,,5,,,
CompleteGumtreeMatcher,320,199,99,24,0,197,0,0,20,3,0,0.899,,1100,,,,,1,,,
CompleteGumtreeMatcher,395,182,142,73,0,180,0,0,19,3,0,0.899,,1100,,,,,2,,,
CompleteGumtreeMatcher,1257,98,600,561,0,96,0,0,20,3,0,0.899,,1100,,,,,3,,,
CompleteGumtreeMatcher,1710,79,836,797,0,77,0,0,20,3,0,0.899,,1100,,,,,4,,,
CompleteGumtreeMatcher,2384,57,1184,1145,0,55,0,0,20,3,0,0.899,,1100,,,,,5,,,
CompleteGumtreeMatcher,320,199,99,24,0,197,0,0,20,3,0,0.899,,1200,,,,,1,,,
CompleteGumtreeMatcher,395,182,142,73,0,180,0,0,20,3,0,0.899,,1200,,,,,2,,,
CompleteGumtreeMatcher,1257,98,600,561,0,96,0,0,19,3,0,0.899,,1200,,,,,3,,,
CompleteGumtreeMatcher,1710,79,836,797,0,77,0,0,20,3,0,0.899,,1200,,,,,4,,,
CompleteGumtreeMatcher,2384,57,1184,1145,0,55,0,0,19,3,0,0.899,,1200,,,,,5,,,
CompleteGumtreeMatcher,320,199,99,24,0,197,0,0,20,3,0,0.899,,1300,,,,,1,,,
CompleteGumtreeMatcher,395,182,142,73,0,180,0,0,20,3,0,0.899,,1300,,,,,2,,,
CompleteGumtreeMatcher,1257,98,600,561,0,96,0,0,20,3,0,0.899,,1300,,,,,3,,,
CompleteGumtreeMatcher,1710,79,836,797,0,77,0,0,19,3,0,0.899,,1300,,,,,4,,,
CompleteGumtreeMatcher,2384,57,1184,1145,0,55,0,0,20,3,0,0.899,,1300,,,,,5,,,
CompleteGumtreeMatcher,320,199,99,24,0,197,0,0,20,3,0,0.899,,1400,,,,,1,,,
CompleteGumtreeMatcher,395,182,142,73,0,180,0,0,20,3,0,0.899,,1400,,,,,2,,,
CompleteGumtreeMatcher,1257,98,600,561,0,96,0,0,19,3,0,0.899,,1400,,,,,3,,,
CompleteGumtreeMatcher,1710,79,836,797,0,77,0,0,19,3,0,0.899,,1400,,,,,4,,,
CompleteGumtreeMatcher,2384,57,1184,1145,0,55,0,0,19,3,0,0.899,,1400,,,,,5,,,
CompleteGumtreeMatcher,320,199,99,24,0,197,0,0,20,3,0,0.899,,1500,,,,,1,,,
CompleteGumtreeMatcher,395,182,142,73,0,180,0,0,20,3,0,0.899,,1500,,,,,2,,,
CompleteGumtreeMatcher,1257,98,600,561,0,96,0,0,19,3,0,0.899,,1500,,,,,3,,,
CompleteGumtreeMatcher,1710,79,836,797,0,77,0,0,19,3,0,0.899,,1500,,,,,4,,,
CompleteGumtreeMatcher,2384,57,1184,1145,0,55,0,0,19,3,0,0.899,,1500,,,,,5,,,
CompleteGumtreeMatcher,320,199,99,24,0,197,0,0,20,3,0,0.899,,1600,,,,,1,,,
CompleteGumtreeMatcher,395,182,142,73,0,180,0,0,20,3,0,0.899,,1600,,,,,2,,,
CompleteGumtreeMatcher,1257,98,600,561,0,96,0,0,19,3,0,0.899,,1600,,,,,3,,,
CompleteGumtreeMatcher,1710,79,836,797,0,77,0,0,20,3,0,0.899,,1600,,,,,4,,,
CompleteGumtreeMatcher,2384,57,1184,1145,0,55,0,0,20,3,0,0.899,,1600,,,,,5,,,
CompleteGumtreeMatcher,320,199,99,24,0,197,0,0,20,3,0,0.899,,1700,,,,,1,,,
CompleteGumtreeMatcher,395,182,142,73,0,180,0,0,20,3,0,0.899,,1700,,,,,2,,,
CompleteGumtreeMatcher,1257,98,600,561,0,96,0,0,20,3,0,0.899,,1700,,,,,3,,,
CompleteGumtreeMatcher,1710,79,836,797,0,77,0,0,20,3,0,0.899,,1700,,,,,4,,,
CompleteGumtreeMatcher,2384,57,1184,1145,0,55,0,0,20,3,0,0.899,,1700,,,,,5,,,
CompleteGumtreeMatcher,320,199,99,24,0,197,0,0,20,3,0,0.899,,1800,,,,,1,,,
CompleteGumtreeMatcher,395,182,142,73,0,180,0,0,20,3,0,0.899,,1800,,,,,2,,,
CompleteGumtreeMatcher,1257,98,600,561,0,96,0,0,19,3,0,0.899,,1800,,,,,3,,,
CompleteGumtreeMatcher,1710,79,836,797,0,77,0,0,20,3,0,0.899,,1800,,,,,4,,,
CompleteGumtreeMatcher,2384,57,1184,1145,0,55,0,0,20,3,0,0.899,,1800,,,,,5,,,
CompleteGumtreeMatcher,320,199,99,24,0,197,0,0,20,3,0,0.899,,1900,,,,,1,,,
CompleteGumtreeMatcher,395,182,142,73,0,180,0,0,19,3,0,0.899,,1900,,,,,2,,,
CompleteGumtreeMatcher,1257,98,600,561,0,96,0,0,20,3,0,0.899,,1900,,,,,3,,,
CompleteGumtreeMatcher,1710,79,836,797,0,77,0,0,20,3,0,0.899,,1900,,,,,4,,,
CompleteGumtreeMatcher,2384,57,1184,1145,0,55,0,0,20,3,0,0.899,,1900,,,,,5,,,
CompleteGumtreeMatcher,320,199,99,24,0,197,0,0,20,3,0,0.899,,2000,,,,,1,,,
CompleteGumtreeMatcher,395,182,142,73,0,180,0,0,20,3,0,0.899,,2000,,,,,2,,,
CompleteGumtreeMatcher,1257,98,600,561,0,96,0,0,19,3,0,0.899,,2000,,,,,3,,,
CompleteGumtreeMatcher,1710,79,836,797,0,77,0,0,19,3,0,0.899,,2000,,,,,4,,,
CompleteGumtreeMatcher,2384,57,1184,1145,0,55,0,0,20,3,0,0.899,,2000,,,,,5,,,
CompleteGumtreeMatcher,320,199,99,24,0,197,0,0,21,3,0,0.999,,100,,,,,1,,,
CompleteGumtreeMatcher,395,182,142,73,0,180,0,0,19,3,0,0.999,,100,,,,,2,,,
CompleteGumtreeMatcher,1257,98,600,561,0,96,0,0,19,3,0,0.999,,100,,,,,3,,,
CompleteGumtreeMatcher,1710,79,836,797,0,77,0,0,19,3,0,0.999,,100,,,,,4,,,
CompleteGumtreeMatcher,2384,57,1184,1145,0,55,0,0,19,3,0,0.999,,100,,,,,5,,,
CompleteGumtreeMatcher,320,199,99,24,0,197,0,0,21,3,0,0.999,,200,,,,,1,,,
CompleteGumtreeMatcher,395,182,142,73,0,180,0,0,20,3,0,0.999,,200,,,,,2,,,
CompleteGumtreeMatcher,1257,98,600,561,0,96,0,0,19,3,0,0.999,,200,,,,,3,,,
CompleteGumtreeMatcher,1710,79,836,797,0,77,0,0,20,3,0,0.999,,200,,,,,4,,,
CompleteGumtreeMatcher,2384,57,1184,1145,0,55,0,0,19,3,0,0.999,,200,,,,,5,,,
CompleteGumtreeMatcher,320,199,99,24,0,197,0,0,20,3,0,0.999,,300,,,,,1,,,
CompleteGumtreeMatcher,395,182,142,73,0,180,0,0,20,3,0,0.999,,300,,,,,2,,,
CompleteGumtreeMatcher,1257,98,600,561,0,96,0,0,20,3,0,0.999,,300,,,,,3,,,
CompleteGumtreeMatcher,1710,79,836,797,0,77,0,0,19,3,0,0.999,,300,,,,,4,,,
CompleteGumtreeMatcher,2384,57,1184,1145,0,55,0,0,19,3,0,0.999,,300,,,,,5,,,
CompleteGumtreeMatcher,320,199,99,24,0,197,0,0,20,3,0,0.999,,400,,,,,1,,,
CompleteGumtreeMatcher,395,182,142,73,0,180,0,0,20,3,0,0.999,,400,,,,,2,,,
CompleteGumtreeMatcher,1257,98,600,561,0,96,0,0,18,3,0,0.999,,400,,,,,3,,,
CompleteGumtreeMatcher,1710,79,836,797,0,77,0,0,19,3,0,0.999,,400,,,,,4,,,
CompleteGumtreeMatcher,2384,57,1184,1145,0,55,0,0,20,3,0,0.999,,400,,,,,5,,,
CompleteGumtreeMatcher,320,199,99,24,0,197,0,0,21,3,0,0.999,,500,,,,,1,,,
CompleteGumtreeMatcher,395,182,142,73,0,180,0,0,19,3,0,0.999,,500,,,,,2,,,
CompleteGumtreeMatcher,1257,98,600,561,0,96,0,0,19,3,0,0.999,,500,,,,,3,,,
CompleteGumtreeMatcher,1710,79,836,797,0,77,0,0,20,3,0,0.999,,500,,,,,4,,,
CompleteGumtreeMatcher,2384,57,1184,1145,0,55,0,0,20,3,0,0.999,,500,,,,,5,,,
CompleteGumtreeMatcher,320,199,99,24,0,197,0,0,21,3,0,0.999,,600,,,,,1,,,
CompleteGumtreeMatcher,395,182,142,73,0,180,0,0,20,3,0,0.999,,600,,,,,2,,,
CompleteGumtreeMatcher,1257,98,600,561,0,96,0,0,20,3,0,0.999,,600,,,,,3,,,
CompleteGumtreeMatcher,1710,79,836,797,0,77,0,0,19,3,0,0.999,,600,,,,,4,,,
CompleteGumtreeMatcher,2384,57,1184,1145,0,55,0,0,20,3,0,0.999,,600,,,,,5,,,
CompleteGumtreeMatcher,320,199,99,24,0,197,0,0,21,3,0,0.999,,700,,,,,1,,,
CompleteGumtreeMatcher,395,182,142,73,0,180,0,0,19,3,0,0.999,,700,,,,,2,,,
CompleteGumtreeMatcher,1257,98,600,561,0,96,0,0,20,3,0,0.999,,700,,,,,3,,,
CompleteGumtreeMatcher,1710,79,836,797,0,77,0,0,19,3,0,0.999,,700,,,,,4,,,
CompleteGumtreeMatcher,2384,57,1184,1145,0,55,0,0,19,3,0,0.999,,700,,,,,5,,,
CompleteGumtreeMatcher,320,199,99,24,0,197,0,0,20,3,0,0.999,,800,,,,,1,,,
CompleteGumtreeMatcher,395,182,142,73,0,180,0,0,20,3,0,0.999,,800,,,,,2,,,
CompleteGumtreeMatcher,1257,98,600,561,0,96,0,0,20,3,0,0.999,,800,,,,,3,,,
CompleteGumtreeMatcher,1710,79,836,797,0,77,0,0,19,3,0,0.999,,800,,,,,4,,,
CompleteGumtreeMatcher,2384,57,1184,1145,0,55,0,0,19,3,0,0.999,,800,,,,,5,,,
CompleteGumtreeMatcher,320,199,99,24,0,197,0,0,21,3,0,0.999,,900,,,,,1,,,
CompleteGumtreeMatcher,395,182,142,73,0,180,0,0,19,3,0,0.999,,900,,,,,2,,,
CompleteGumtreeMatcher,1257,98,600,561,0,96,0,0,20,3,0,0.999,,900,,,,,3,,,
CompleteGumtreeMatcher,1710,79,836,797,0,77,0,0,20,3,0,0.999,,900,,,,,4,,,
CompleteGumtreeMatcher,2384,57,1184,1145,0,55,0,0,20,3,0,0.999,,900,,,,,5,,,
CompleteGumtreeMatcher,320,199,99,24,0,197,0,0,20,3,0,0.999,,1000,,,,,1,,,
CompleteGumtreeMatcher,395,182,142,73,0,180,0,0,19,3,0,0.999,,1000,,,,,2,,,
CompleteGumtreeMatcher,1257,98,600,561,0,96,0,0,19,3,0,0.999,,1000,,,,,3,,,
CompleteGumtreeMatcher,1710,79,836,797,0,77,0,0,20,3,0,0.999,,1000,,,,,4,,,
CompleteGumtreeMatcher,2384,57,1184,1145,0,55,0,0,20,3,0,0.999,,1000,,,,,5,,,
CompleteGumtreeMatcher,320,199,99,24,0,197,0,0,20,3,0,0.999,,1100,,,,,1,,,
CompleteGumtreeMatcher,395,182,142,73,0,180,0,0,19,3,0,0.999,,1100,,,,,2,,,
CompleteGumtreeMatcher,1257,98,600,561,0,96,0,0,19,3,0,0.999,,1100,,,,,3,,,
CompleteGumtreeMatcher,1710,79,836,797,0,77,0,0,19,3,0,0.999,,1100,,,,,4,,,
CompleteGumtreeMatcher,2384,57,1184,1145,0,55,0,0,20,3,0,0.999,,1100,,,,,5,,,
CompleteGumtreeMatcher,320,199,99,24,0,197,0,0,20,3,0,0.999,,1200,,,,,1,,,
CompleteGumtreeMatcher,395,182,142,73,0,180,0,0,20,3,0,0.999,,1200,,,,,2,,,
CompleteGumtreeMatcher,1257,98,600,561,0,96,0,0,19,3,0,0.999,,1200,,,,,3,,,
CompleteGumtreeMatcher,1710,79,836,797,0,77,0,0,20,3,0,0.999,,1200,,,,,4,,,
CompleteGumtreeMatcher,2384,57,1184,1145,0,55,0,0,20,3,0,0.999,,1200,,,,,5,,,
CompleteGumtreeMatcher,320,199,99,24,0,197,0,0,20,3,0,0.999,,1300,,,,,1,,,
CompleteGumtreeMatcher,395,182,142,73,0,180,0,0,20,3,0,0.999,,1300,,,,,2,,,
CompleteGumtreeMatcher,1257,98,600,561,0,96,0,0,20,3,0,0.999,,1300,,,,,3,,,
CompleteGumtreeMatcher,1710,79,836,797,0,77,0,0,19,3,0,0.999,,1300,,,,,4,,,
CompleteGumtreeMatcher,2384,57,1184,1145,0,55,0,0,20,3,0,0.999,,1300,,,,,5,,,
CompleteGumtreeMatcher,320,199,99,24,0,197,0,0,21,3,0,0.999,,1400,,,,,1,,,
CompleteGumtreeMatcher,395,182,142,73,0,180,0,0,20,3,0,0.999,,1400,,,,,2,,,
CompleteGumtreeMatcher,1257,98,600,561,0,96,0,0,20,3,0,0.999,,1400,,,,,3,,,
CompleteGumtreeMatcher,1710,79,836,797,0,77,0,0,19,3,0,0.999,,1400,,,,,4,,,
CompleteGumtreeMatcher,2384,57,1184,1145,0,55,0,0,19,3,0,0.999,,1400,,,,,5,,,
CompleteGumtreeMatcher,320,199,99,24,0,197,0,0,20,3,0,0.999,,1500,,,,,1,,,
CompleteGumtreeMatcher,395,182,142,73,0,180,0,0,20,3,0,0.999,,1500,,,,,2,,,
CompleteGumtreeMatcher,1257,98,600,561,0,96,0,0,19,3,0,0.999,,1500,,,,,3,,,
CompleteGumtreeMatcher,1710,79,836,797,0,77,0,0,20,3,0,0.999,,1500,,,,,4,,,
CompleteGumtreeMatcher,2384,57,1184,1145,0,55,0,0,20,3,0,0.999,,1500,,,,,5,,,
CompleteGumtreeMatcher,320,199,99,24,0,197,0,0,20,3,0,0.999,,1600,,,,,1,,,
CompleteGumtreeMatcher,395,182,142,73,0,180,0,0,20,3,0,0.999,,1600,,,,,2,,,
CompleteGumtreeMatcher,1257,98,600,561,0,96,0,0,20,3,0,0.999,,1600,,,,,3,,,
CompleteGumtreeMatcher,1710,79,836,797,0,77,0,0,19,3,0,0.999,,1600,,,,,4,,,
CompleteGumtreeMatcher,2384,57,1184,1145,0,55,0,0,20,3,0,0.999,,1600,,,,,5,,,
CompleteGumtreeMatcher,320,199,99,24,0,197,0,0,20,3,0,0.999,,1700,,,,,1,,,
CompleteGumtreeMatcher,395,182,142,73,0,180,0,0,20,3,0,0.999,,1700,,,,,2,,,
CompleteGumtreeMatcher,1257,98,600,561,0,96,0,0,20,3,0,0.999,,1700,,,,,3,,,
CompleteGumtreeMatcher,1710,79,836,797,0,77,0,0,19,3,0,0.999,,1700,,,,,4,,,
CompleteGumtreeMatcher,2384,57,1184,1145,0,55,0,0,20,3,0,0.999,,1700,,,,,5,,,
CompleteGumtreeMatcher,320,199,99,24,0,197,0,0,20,3,0,0.999,,1800,,,,,1,,,
CompleteGumtreeMatcher,395,182,142,73,0,180,0,0,20,3,0,0.999,,1800,,,,,2,,,
CompleteGumtreeMatcher,1257,98,600,561,0,96,0,0,19,3,0,0.999,,1800,,,,,3,,,
CompleteGumtreeMatcher,1710,79,836,797,0,77,0,0,19,3,0,0.999,,1800,,,,,4,,,
CompleteGumtreeMatcher,2384,57,1184,1145,0,55,0,0,20,3,0,0.999,,1800,,,,,5,,,
CompleteGumtreeMatcher,320,199,99,24,0,197,0,0,20,3,0,0.999,,1900,,,,,1,,,
CompleteGumtreeMatcher,395,182,142,73,0,180,0,0,20,3,0,0.999,,1900,,,,,2,,,
CompleteGumtreeMatcher,1257,98,600,561,0,96,0,0,19,3,0,0.999,,1900,,,,,3,,,
CompleteGumtreeMatcher,1710,79,836,797,0,77,0,0,20,3,0,0.999,,1900,,,,,4,,,
CompleteGumtreeMatcher,2384,57,1184,1145,0,55,0,0,19,3,0,0.999,,1900,,,,,5,,,
CompleteGumtreeMatcher,320,199,99,24,0,197,0,0,19,3,0,0.999,,2000,,,,,1,,,
CompleteGumtreeMatcher,395,182,142,73,0,180,0,0,18,3,0,0.999,,2000,,,,,2,,,
CompleteGumtreeMatcher,1257,98,600,561,0,96,0,0,18,3,0,0.999,,2000,,,,,3,,,
CompleteGumtreeMatcher,1710,79,836,797,0,77,0,0,19,3,0,0.999,,2000,,,,,4,,,
CompleteGumtreeMatcher,2384,57,1184,1145,0,55,0,0,18,3,0,0.999,,2000,,,,,5,,,
ChangeDistiller,8615,7631,993,954,3415,3253,0,0,374504,4,0,,,,0.1,2,0.2,0.1,,,,
ChangeDistiller,8607,7471,1111,1072,3268,3156,0,0,376968,4,0,,,,0.1,2,0.2,0.3,,,,
ChangeDistiller,8856,7510,1294,1255,3143,3164,0,0,372559,4,0,,,,0.1,2,0.2,0.5,,,,
ChangeDistiller,10379,8506,1930,1891,2972,3586,0,0,375415,4,0,,,,0.1,2,0.2,0.7,,,,
ChangeDistiller,10641,8721,1996,1957,2998,3690,0,0,376207,4,0,,,,0.1,2,0.2,0.899,,,,
ChangeDistiller,6192,5668,669,630,2461,2432,0,0,248105,4,0,,,,0.3,2,0.2,0.1,,,,
ChangeDistiller,6191,5571,740,701,2378,2372,0,0,247616,4,0,,,,0.3,2,0.2,0.3,,,,
ChangeDistiller,6608,5714,943,904,2323,2438,0,0,248122,4,0,,,,0.3,2,0.2,0.5,,,,
ChangeDistiller,7989,6767,1482,1443,2221,2843,0,0,249206,4,0,,,,0.3,2,0.2,0.7,,,,
ChangeDistiller,8087,6850,1510,1471,2228,2878,0,0,246946,4,0,,,,0.3,2,0.2,0.899,,,,
ChangeDistiller,3457,3256,342,303,1325,1487,0,0,131797,4,0,,,,0.5,2,0.2,0.1,,,,
ChangeDistiller,3473,3253,370,331,1305,1467,0,0,132393,4,0,,,,0.5,2,0.2,0.3,,,,
ChangeDistiller,3742,3383,468,429,1293,1552,0,0,133490,4,0,,,,0.5,2,0.2,0.5,,,,
ChangeDistiller,4785,4229,840,801,1267,1877,0,0,132699,4,0,,,,0.5,2,0.2,0.7,,,,
ChangeDistiller,4839,4273,857,818,1269,1895,0,0,133144,4,0,,,,0.5,2,0.2,0.899,,,,
ChangeDistiller,1631,1535,201,162,500,768,0,0,107530,4,0,,,,0.7,2,0.2,0.1,,,,
ChangeDistiller,1594,1484,213,174,474,733,0,0,107664,4,0,,,,0.7,2,0.2,0.3,,,,
ChangeDistiller,1897,1675,286,247,510,854,0,0,107777,4,0,,,,0.7,2,0.2,0.5,,,,
ChangeDistiller,2421,2108,459,420,518,1024,0,0,107918,4,0,,,,0.7,2,0.2,0.7,,,,
ChangeDistiller,2460,2139,471,432,520,1037,0,0,108140,4,0,,,,0.7,2,0.2,0.899,,,,
ChangeDistiller,529,496,88,49,54,338,0,0,63440,4,0,,,,0.899,2,0.2,0.1,,,,
ChangeDistiller,528,495,91,52,49,336,0,0,63516,4,0,,,,0.899,2,0.2,0.3,,,,
ChangeDistiller,769,696,129,90,96,454,0,0,63553,4,0,,,,0.899,2,0.2,0.5,,,,
ChangeDistiller,883,793,165,126,99,493,0,0,63743,4,0,,,,0.899,2,0.2,0.7,,,,
ChangeDistiller,889,799,167,128,99,495,0,0,63744,4,0,,,,0.899,2,0.2,0.899,,,,
ChangeDistiller,9725,7582,1437,1398,3319,3571,0,0,373647,4,0,,,,0.1,2,0.4,0.1,,,,
ChangeDistiller,9631,7322,1553,1514,3135,3429,0,0,378002,4,0,,,,0.1,2,0.4,0.3,,,,
ChangeDistiller,9849,7244,1736,1697,3005,3411,0,0,377301,4,0,,,,0.1,2,0.4,0.5,,,,
ChangeDistiller,11446,7569,2469,2430,2797,3750,0,0,381149,4,0,,,,0.1,2,0.4,0.7,,,,
ChangeDistiller,11726,7746,2541,2502,2823,3860,0,0,381601,4,0,,,,0.1,2,0.4,0.899,,,,
ChangeDistiller,6712,5787,895,856,2402,2559,0,0,248363,4,0,,,,0.3,2,0.4,0.1,,,,
ChangeDistiller,6656,5612,969,930,2291,2466,0,0,248885,4,0,,,,0.3,2,0.4,0.3,,,,
ChangeDistiller,7076,5636,1190,1151,2219,2516,0,0,250427,4,0,,,,0.3,2,0.4,0.5,,,,
ChangeDistiller,8484,6405,1793,1754,2075,2862,0,0,249649,4,0,,,,0.3,2,0.4,0.7,,,,
ChangeDistiller,8599,6464,1829,1790,2079,2901,0,0,250972,4,0,,,,0.3,2,0.4,0.899,,,,
ChangeDistiller,3571,3287,409,370,1283,1509,0,0,132064,4,0,,,,0.5,2,0.4,0.1,,,,
ChangeDistiller,3509,3200,433,394,1234,1448,0,0,132435,4,0,,,,0.5,2,0.4,0.3,,,,
ChangeDistiller,3767,3244,541,502,1206,1518,0,0,132598,4,0,,,,0.5,2,0.4,0.5,,,,
ChangeDistiller,4761,3956,933,894,1153,1781,0,0,132830,4,0,,,,0.5,2,0.4,0.7,,,,
ChangeDistiller,4815,4002,950,911,1155,1799,0,0,133096,4,0,,,,0.5,2,0.4,0.899,,,,
ChangeDistiller,1670,1556,218,179,496,777,0,0,107391,4,0,,,,0.7,2,0.4,0.1,,,,
ChangeDistiller,1639,1505,231,192,472,744,0,0,107749,4,0,,,,0.7,2,0.4,0.3,,,,
ChangeDistiller,1855,1615,304,265,474,812,0,0,108006,4,0,,,,0.7,2,0.4,0.5,,,,
ChangeDistiller,2340,1961,487,448,457,948,0,0,108500,4,0,,,,0.7,2,0.4,0.7,,,,
ChangeDistiller,2379,1992,499,460,459,961,0,0,108290,4,0,,,,0.7,2,0.4,0.899,,,,
ChangeDistiller,552,512,95,56,56,345,0,0,63683,4,0,,,,0.899,2,0.4,0.1,,,,
ChangeDistiller,536,496,96,57,48,335,0,0,63864,4,0,,,,0.899,2,0.4,0.3,,,,
ChangeDistiller,668,595,132,93,57,386,0,0,63981,4,0,,,,0.899,2,0.4,0.5,,,,
ChangeDistiller,788,696,173,134,56,425,0,0,63842,4,0,,,,0.899,2,0.4,0.7,,,,
ChangeDistiller,794,702,175,136,56,427,0,0,63950,4,0,,,,0.899,2,0.4,0.899,,,,
ChangeDistiller,10723,7670,1755,1716,3302,3950,0,0,373142,4,0,,,,0.1,2,0.6,0.1,,,,
ChangeDistiller,10751,7366,1921,1882,3096,3852,0,0,376738,4,0,,,,0.1,2,0.6,0.3,,,,
ChangeDistiller,10993,7144,2122,2083,2960,3828,0,0,378889,4,0,,,,0.1,2,0.6,0.5,,,,
ChangeDistiller,12270,7075,2807,2768,2753,3942,0,0,376990,4,0,,,,0.1,2,0.6,0.7,,,,
ChangeDistiller,12528,7120,2919,2880,2753,3976,0,0,382180,4,0,,,,0.1,2,0.6,0.899,,,,
ChangeDistiller,8060,6136,1276,1237,2407,3140,0,0,249590,4,0,,,,0.3,2,0.6,0.1,,,,
ChangeDistiller,8053,5903,1392,1353,2265,3043,0,0,249658,4,0,,,,0.3,2,0.6,0.3,,,,
ChangeDistiller,8465,5763,1616,1577,2186,3086,0,0,251055,4,0,,,,0.3,2,0.6,0.5,,,,
ChangeDistiller,9827,5882,2232,2193,2041,3361,0,0,250298,4,0,,,,0.3,2,0.6,0.7,,,,
ChangeDistiller,9935,5901,2272,2233,2041,3389,0,0,251629,4,0,,,,0.3,2,0.6,0.899,,,,
ChangeDistiller,4215,3642,606,567,1288,1754,0,0,134112,4,0,,,,0.5,2,0.6,0.1,,,,
ChangeDistiller,4132,3553,633,594,1227,1678,0,0,133899,4,0,,,,0.5,2,0.6,0.3,,,,
ChangeDistiller,4383,3584,751,712,1189,1731,0,0,134268,4,0,,,,0.5,2,0.6,0.5,,,,
ChangeDistiller,5572,4196,1203,1164,1133,2072,0,0,134413,4,0,,,,0.5,2,0.6,0.7,,,,
ChangeDistiller,5629,4238,1224,1185,1133,2087,0,0,134604,4,0,,,,0.5,2,0.6,0.899,,,,
ChangeDistiller,1982,1789,307,268,499,908,0,0,107468,4,0,,,,0.7,2,0.6,0.1,,,,
ChangeDistiller,1951,1739,322,283,473,873,0,0,107643,4,0,,,,0.7,2,0.6,0.3,,,,
ChangeDistiller,2130,1805,391,352,463,924,0,0,108048,4,0,,,,0.7,2,0.6,0.5,,,,
ChangeDistiller,2653,2153,594,555,441,1063,0,0,108003,4,0,,,,0.7,2,0.6,0.7,,,,
ChangeDistiller,2686,2180,606,567,441,1072,0,0,108098,4,0,,,,0.7,2,0.6,0.899,,,,
ChangeDistiller,718,668,138,99,60,421,0,0,63669,4,0,,,,0.899,2,0.6,0.1,,,,
ChangeDistiller,710,659,142,103,51,414,0,0,63828,4,0,,,,0.899,2,0.6,0.3,,,,
ChangeDistiller,813,721,178,139,48,448,0,0,63926,4,0,,,,0.899,2,0.6,0.5,,,,
ChangeDistiller,944,809,225,186,42,491,0,0,63822,4,0,,,,0.899,2,0.6,0.7,,,,
ChangeDistiller,950,815,227,188,42,493,0,0,63932,4,0,,,,0.899,2,0.6,0.899,,,,
ChangeDistiller,11126,7484,1946,1771,3305,4104,0,0,380661,4,0,,,,0.1,2,0.8,0.1,,,,
ChangeDistiller,11239,7189,2131,1988,3098,4022,0,0,378610,4,0,,,,0.1,2,0.8,0.3,,,,
ChangeDistiller,11535,6981,2324,2258,2959,3994,0,0,391042,4,0,,,,0.1,2,0.8,0.5,,,,
ChangeDistiller,12684,6773,2978,2937,2753,4016,0,0,383102,4,0,,,,0.1,2,0.8,0.7,,,,
ChangeDistiller,12877,6792,3064,3024,2753,4036,0,0,391172,4,0,,,,0.1,2,0.8,0.899,,,,
ChangeDistiller,9165,6451,1589,1550,2423,3603,0,0,247947,4,0,,,,0.3,2,0.8,0.1,,,,
ChangeDistiller,9072,5916,1718,1538,2270,3546,0,0,249526,4,0,,,,0.3,2,0.8,0.3,,,,
ChangeDistiller,9479,5746,1932,1839,2184,3524,0,0,250008,4,0,,,,0.3,2,0.8,0.5,,,,
ChangeDistiller,10623,5672,2524,2451,2041,3607,0,0,250139,4,0,,,,0.3,2,0.8,0.7,,,,
ChangeDistiller,10730,5687,2569,2497,2041,3623,0,0,250991,4,0,,,,0.3,2,0.8,0.899,,,,
ChangeDistiller,5942,4385,1015,976,1307,2644,0,0,133710,4,0,,,,0.5,2,0.8,0.1,,,,
ChangeDistiller,5929,4265,1067,1028,1231,2603,0,0,133819,4,0,,,,0.5,2,0.8,0.3,,,,
ChangeDistiller,6095,4152,1169,1130,1189,2607,0,0,133958,4,0,,,,0.5,2,0.8,0.5,,,,
ChangeDistiller,7108,4307,1624,1585,1133,2766,0,0,134331,4,0,,,,0.5,2,0.8,0.7,,,,
ChangeDistiller,7200,4302,1656,1617,1133,2794,0,0,134107,4,0,,,,0.5,2,0.8,0.899,,,,
ChangeDistiller,3000,2441,568,529,515,1388,0,0,108118,4,0,,,,0.7,2,0.8,0.1,,,,
ChangeDistiller,2983,2398,590,551,483,1359,0,0,108216,4,0,,,,0.7,2,0.8,0.3,,,,
ChangeDistiller,3176,2411,665,626,463,1422,0,0,107892,4,0,,,,0.7,2,0.8,0.5,,,,
ChangeDistiller,3807,2689,897,858,441,1611,0,0,108335,4,0,,,,0.7,2,0.8,0.7,,,,
ChangeDistiller,3871,2717,917,878,441,1635,0,0,108402,4,0,,,,0.7,2,0.8,0.899,,,,
ChangeDistiller,1418,1194,304,265,77,772,0,0,63866,4,0,,,,0.899,2,0.8,0.1,,,,
ChangeDistiller,1397,1175,306,267,64,760,0,0,63756,4,0,,,,0.899,2,0.8,0.3,,,,
ChangeDistiller,1458,1190,339,300,48,771,0,0,63809,4,0,,,,0.899,2,0.8,0.5,,,,
ChangeDistiller,1625,1276,402,363,42,818,0,0,63976,4,0,,,,0.899,2,0.8,0.7,,,,
ChangeDistiller,1631,1282,404,365,42,820,0,0,63735,4,0,,,,0.899,2,0.8,0.899,,,,
ChangeDistiller,11339,7557,2016,1843,3311,4169,0,0,379541,4,0,,,,0.1,2,1.0,0.1,,,,
ChangeDistiller,11522,7271,2231,2088,3098,4105,0,0,382481,4,0,,,,0.1,2,1.0,0.3,,,,
ChangeDistiller,11833,7068,2429,2363,2959,4082,0,0,383586,4,0,,,,0.1,2,1.0,0.5,,,,
ChangeDistiller,12872,6821,3046,3007,2753,4066,0,0,384621,4,0,,,,0.1,2,1.0,0.7,,,,
ChangeDistiller,13004,6821,3112,3073,2753,4066,0,0,397773,4,0,,,,0.1,2,1.0,0.899,,,,
ChangeDistiller,9583,6387,1761,1552,2431,3839,0,0,249565,4,0,,,,0.3,2,1.0,0.1,,,,
ChangeDistiller,9718,6145,1916,1750,2270,3782,0,0,249844,4,0,,,,0.3,2,1.0,0.3,,,,
ChangeDistiller,10109,5953,2123,2057,2184,3745,0,0,250360,4,0,,,,0.3,2,1.0,0.5,,,,
ChangeDistiller,11042,5779,2652,2613,2041,3736,0,0,250702,4,0,,,,0.3,2,1.0,0.7,,,,
ChangeDistiller,11098,5779,2680,2641,2041,3736,0,0,251723,4,0,,,,0.3,2,1.0,0.899,,,,
ChangeDistiller,6807,4468,1274,1130,1314,3089,0,0,134250,4,0,,,,0.5,2,1.0,0.1,,,,
ChangeDistiller,6843,4354,1334,1220,1231,3058,0,0,133935,4,0,,,,0.5,2,1.0,0.3,,,,
ChangeDistiller,7047,4265,1432,1373,1189,3053,0,0,134101,4,0,,,,0.5,2,1.0,0.5,,,,
ChangeDistiller,7756,4187,1805,1766,1133,3052,0,0,134490,4,0,,,,0.5,2,1.0,0.7,,,,
ChangeDistiller,7790,4187,1822,1783,1133,3052,0,0,134246,4,0,,,,0.5,2,1.0,0.899,,,,
ChangeDistiller,4506,2948,865,746,521,2374,0,0,108058,4,0,,,,0.7,2,1.0,0.1,,,,
ChangeDistiller,4528,2891,892,798,483,2355,0,0,108079,4,0,,,,0.7,2,1.0,0.3,,,,
ChangeDistiller,4674,2830,957,904,463,2350,0,0,108563,4,0,,,,0.7,2,1.0,0.5,,,,
ChangeDistiller,5016,2785,1136,1097,441,2342,0,0,108858,4,0,,,,0.7,2,1.0,0.7,,,,
ChangeDistiller,5040,2785,1148,1109,441,2342,0,0,108907,4,0,,,,0.7,2,1.0,0.899,,,,
ChangeDistiller,2683,1783,488,432,79,1684,0,0,64092,4,0,,,,0.899,2,1.0,0.1,,,,
ChangeDistiller,2680,1765,494,440,64,1682,0,0,64196,4,0,,,,0.899,2,1.0,0.3,,,,
ChangeDistiller,2742,1738,527,485,48,1682,0,0,64301,4,0,,,,0.899,2,1.0,0.5,,,,
ChangeDistiller,2823,1726,569,530,42,1682,0,0,64384,4,0,,,,0.899,2,1.0,0.7,,,,
ChangeDistiller,2827,1726,571,532,42,1682,0,0,64283,4,0,,,,0.899,2,1.0,0.899,,,,
ChangeDistiller,8584,7668,950,911,3439,3284,0,0,378324,4,0,,,,0.1,4,0.2,0.1,,,,
ChangeDistiller,8761,7437,1244,1205,3174,3138,0,0,379084,4,0,,,,0.1,4,0.2,0.3,,,,
ChangeDistiller,9310,7548,1571,1532,3007,3200,0,0,382092,4,0,,,,0.1,4,0.2,0.5,,,,
ChangeDistiller,11429,8651,2473,2434,2782,3740,0,0,390669,4,0,,,,0.1,4,0.2,0.7,,,,
ChangeDistiller,11955,8958,2648,2609,2795,3903,0,0,391778,4,0,,,,0.1,4,0.2,0.899,,,,
ChangeDistiller,6178,5665,652,613,2475,2438,0,0,247622,4,0,,,,0.3,4,0.2,0.1,,,,
ChangeDistiller,6300,5598,822,783,2328,2367,0,0,248049,4,0,,,,0.3,4,0.2,0.3,,,,
ChangeDistiller,6920,5818,1125,1086,2228,2481,0,0,249082,4,0,,,,0.3,4,0.2,0.5,,,,
ChangeDistiller,8895,7078,1912,1873,2071,3039,0,0,248973,4,0,,,,0.3,4,0.2,0.7,,,,
ChangeDistiller,9453,7485,2092,2053,2072,3236,0,0,251504,4,0,,,,0.3,4,0.2,0.899,,,,
ChangeDistiller,3455,3257,333,294,1335,1493,0,0,134796,4,0,,,,0.5,4,0.2,0.1,,,,
ChangeDistiller,3435,3201,396,357,1252,1430,0,0,134879,4,0,,,,0.5,4,0.2,0.3,,,,
ChangeDistiller,3813,3366,554,515,1215,1529,0,0,135062,4,0,,,,0.5,4,0.2,0.5,,,,
ChangeDistiller,5384,4545,1117,1078,1157,2032,0,0,135400,4,0,,,,0.5,4,0.2,0.7,,,,
ChangeDistiller,5938,4963,1285,1246,1161,2246,0,0,135596,4,0,,,,0.5,4,0.2,0.899,,,,
ChangeDistiller,1649,1552,194,155,514,786,0,0,107586,4,0,,,,0.7,4,0.2,0.1,,,,
ChangeDistiller,1631,1511,223,184,477,747,0,0,107958,4,0,,,,0.7,4,0.2,0.3,,,,
ChangeDistiller,1911,1662,320,281,478,832,0,0,107748,4,0,,,,0.7,4,0.2,0.5,,,,
ChangeDistiller,2903,2453,640,601,467,1195,0,0,107887,4,0,,,,0.7,4,0.2,0.7,,,,
ChangeDistiller,3283,2747,749,710,469,1355,0,0,108301,4,0,,,,0.7,4,0.2,0.899,,,,
ChangeDistiller,593,560,87,48,79,379,0,0,63869,4,0,,,,0.899,4,0.2,0.1,,,,
ChangeDistiller,539,504,93,54,51,341,0,0,63682,4,0,,,,0.899,4,0.2,0.3,,,,
ChangeDistiller,679,611,135,96,57,391,0,0,63624,4,0,,,,0.899,4,0.2,0.5,,,,
ChangeDistiller,1250,1110,293,254,59,644,0,0,63869,4,0,,,,0.899,4,0.2,0.7,,,,
ChangeDistiller,1446,1255,345,306,62,733,0,0,63693,4,0,,,,0.899,4,0.2,0.899,,,,
ChangeDistiller,,,,,,,,,,,1,,,,0.1,4,0.4,0.1,,,,
ChangeDistiller,,,,,,,,,,,1,,,,0.1,4,0.4,0.3,,,,
ChangeDistiller,,,,,,,,,,,1,,,,0.1,4,0.4,0.5,,,,
ChangeDistiller,,,,,,,,,,,1,,,,0.1,4,0.4,0.7,,,,
ChangeDistiller,,,,,,,,,,,1,,,,0.1,4,0.4,0.899,,,,
ChangeDistiller,,,,,,,,,,,1,,,,0.3,4,0.4,0.1,,,,
ChangeDistiller,,,,,,,,,,,1,,,,0.3,4,0.4,0.3,,,,
ChangeDistiller,,,,,,,,,,,1,,,,0.3,4,0.4,0.5,,,,
ChangeDistiller,,,,,,,,,,,1,,,,0.3,4,0.4,0.7,,,,
ChangeDistiller,,,,,,,,,,,1,,,,0.3,4,0.4,0.899,,,,
ChangeDistiller,,,,,,,,,,,1,,,,0.5,4,0.4,0.1,,,,
ChangeDistiller,,,,,,,,,,,1,,,,0.5,4,0.4,0.3,,,,
ChangeDistiller,,,,,,,,,,,1,,,,0.5,4,0.4,0.5,,,,
ChangeDistiller,,,,,,,,,,,1,,,,0.5,4,0.4,0.7,,,,
ChangeDistiller,,,,,,,,,,,1,,,,0.5,4,0.4,0.899,,,,
ChangeDistiller,,,,,,,,,,,1,,,,0.7,4,0.4,0.1,,,,
ChangeDistiller,,,,,,,,,,,1,,,,0.7,4,0.4,0.3,,,,
ChangeDistiller,,,,,,,,,,,1,,,,0.7,4,0.4,0.5,,,,
ChangeDistiller,,,,,,,,,,,1,,,,0.7,4,0.4,0.7,,,,
ChangeDistiller,,,,,,,,,,,1,,,,0.7,4,0.4,0.899,,,,
ChangeDistiller,,,,,,,,,,,1,,,,0.899,4,0.4,0.1,,,,
ChangeDistiller,,,,,,,,,,,1,,,,0.899,4,0.4,0.3,,,,
ChangeDistiller,,,,,,,,,,,1,,,,0.899,4,0.4,0.5,,,,
ChangeDistiller,,,,,,,,,,,1,,,,0.899,4,0.4,0.7,,,,
ChangeDistiller,,,,,,,,,,,1,,,,0.899,4,0.4,0.899,,,,
ChangeDistiller,,,,,,,,,,,1,,,,0.1,4,0.6,0.1,,,,
ChangeDistiller,,,,,,,,,,,1,,,,0.1,4,0.6,0.3,,,,
ChangeDistiller,,,,,,,,,,,1,,,,0.1,4,0.6,0.5,,,,
ChangeDistiller,,,,,,,,,,,1,,,,0.1,4,0.6,0.7,,,,
ChangeDistiller,,,,,,,,,,,1,,,,0.1,4,0.6,0.899,,,,
ChangeDistiller,,,,,,,,,,,1,,,,0.3,4,0.6,0.1,,,,
ChangeDistiller,,,,,,,,,,,1,,,,0.3,4,0.6,0.3,,,,
ChangeDistiller,,,,,,,,,,,1,,,,0.3,4,0.6,0.5,,,,
ChangeDistiller,,,,,,,,,,,1,,,,0.3,4,0.6,0.7,,,,
ChangeDistiller,,,,,,,,,,,1,,,,0.3,4,0.6,0.899,,,,
ChangeDistiller,,,,,,,,,,,1,,,,0.5,4,0.6,0.1,,,,
ChangeDistiller,,,,,,,,,,,1,,,,0.5,4,0.6,0.3,,,,
ChangeDistiller,,,,,,,,,,,1,,,,0.5,4,0.6,0.5,,,,
ChangeDistiller,,,,,,,,,,,1,,,,0.5,4,0.6,0.7,,,,
ChangeDistiller,,,,,,,,,,,1,,,,0.5,4,0.6,0.899,,,,
ChangeDistiller,,,,,,,,,,,1,,,,0.7,4,0.6,0.1,,,,
ChangeDistiller,,,,,,,,,,,1,,,,0.7,4,0.6,0.3,,,,
ChangeDistiller,,,,,,,,,,,1,,,,0.7,4,0.6,0.5,,,,
ChangeDistiller,,,,,,,,,,,1,,,,0.7,4,0.6,0.7,,,,
ChangeDistiller,,,,,,,,,,,1,,,,0.7,4,0.6,0.899,,,,
ChangeDistiller,,,,,,,,,,,1,,,,0.899,4,0.6,0.1,,,,
ChangeDistiller,,,,,,,,,,,1,,,,0.899,4,0.6,0.3,,,,
ChangeDistiller,,,,,,,,,,,1,,,,0.899,4,0.6,0.5,,,,
ChangeDistiller,,,,,,,,,,,1,,,,0.899,4,0.6,0.7,,,,
ChangeDistiller,,,,,,,,,,,1,,,,0.899,4,0.6,0.899,,,,
ChangeDistiller,,,,,,,,,,,1,,,,0.1,4,0.8,0.1,,,,
ChangeDistiller,,,,,,,,,,,1,,,,0.1,4,0.8,0.3,,,,
ChangeDistiller,,,,,,,,,,,1,,,,0.1,4,0.8,0.5,,,,
ChangeDistiller,,,,,,,,,,,1,,,,0.1,4,0.8,0.7,,,,
ChangeDistiller,,,,,,,,,,,1,,,,0.1,4,0.8,0.899,,,,
ChangeDistiller,,,,,,,,,,,1,,,,0.3,4,0.8,0.1,,,,
ChangeDistiller,,,,,,,,,,,1,,,,0.3,4,0.8,0.3,,,,
ChangeDistiller,,,,,,,,,,,1,,,,0.3,4,0.8,0.5,,,,
ChangeDistiller,,,,,,,,,,,1,,,,0.3,4,0.8,0.7,,,,
ChangeDistiller,,,,,,,,,,,1,,,,0.3,4,0.8,0.899,,,,
ChangeDistiller,,,,,,,,,,,1,,,,0.5,4,0.8,0.1,,,,
ChangeDistiller,,,,,,,,,,,1,,,,0.5,4,0.8,0.3,,,,
ChangeDistiller,,,,,,,,,,,1,,,,0.5,4,0.8,0.5,,,,
ChangeDistiller,,,,,,,,,,,1,,,,0.5,4,0.8,0.7,,,,
ChangeDistiller,,,,,,,,,,,1,,,,0.5,4,0.8,0.899,,,,
ChangeDistiller,,,,,,,,,,,1,,,,0.7,4,0.8,0.1,,,,
ChangeDistiller,,,,,,,,,,,1,,,,0.7,4,0.8,0.3,,,,
ChangeDistiller,,,,,,,,,,,1,,,,0.7,4,0.8,0.5,,,,
ChangeDistiller,,,,,,,,,,,1,,,,0.7,4,0.8,0.7,,,,
ChangeDistiller,,,,,,,,,,,1,,,,0.7,4,0.8,0.899,,,,
ChangeDistiller,,,,,,,,,,,1,,,,0.899,4,0.8,0.1,,,,
ChangeDistiller,,,,,,,,,,,1,,,,0.899,4,0.8,0.3,,,,
ChangeDistiller,,,,,,,,,,,1,,,,0.899,4,0.8,0.5,,,,
ChangeDistiller,,,,,,,,,,,1,,,,0.899,4,0.8,0.7,,,,
ChangeDistiller,,,,,,,,,,,1,,,,0.899,4,0.8,0.899,,,,
ChangeDistiller,,,,,,,,,,,1,,,,0.1,4,1.0,0.1,,,,
ChangeDistiller,,,,,,,,,,,1,,,,0.1,4,1.0,0.3,,,,
ChangeDistiller,,,,,,,,,,,1,,,,0.1,4,1.0,0.5,,,,
ChangeDistiller,,,,,,,,,,,1,,,,0.1,4,1.0,0.7,,,,
ChangeDistiller,,,,,,,,,,,1,,,,0.1,4,1.0,0.899,,,,
ChangeDistiller,,,,,,,,,,,1,,,,0.3,4,1.0,0.1,,,,
ChangeDistiller,,,,,,,,,,,1,,,,0.3,4,1.0,0.3,,,,
ChangeDistiller,,,,,,,,,,,1,,,,0.3,4,1.0,0.5,,,,
ChangeDistiller,,,,,,,,,,,1,,,,0.3,4,1.0,0.7,,,,
ChangeDistiller,,,,,,,,,,,1,,,,0.3,4,1.0,0.899,,,,
ChangeDistiller,,,,,,,,,,,1,,,,0.5,4,1.0,0.1,,,,
ChangeDistiller,,,,,,,,,,,1,,,,0.5,4,1.0,0.3,,,,
ChangeDistiller,,,,,,,,,,,1,,,,0.5,4,1.0,0.5,,,,
ChangeDistiller,,,,,,,,,,,1,,,,0.5,4,1.0,0.7,,,,
ChangeDistiller,,,,,,,,,,,1,,,,0.5,4,1.0,0.899,,,,
ChangeDistiller,,,,,,,,,,,1,,,,0.7,4,1.0,0.1,,,,
ChangeDistiller,,,,,,,,,,,1,,,,0.7,4,1.0,0.3,,,,
ChangeDistiller,,,,,,,,,,,1,,,,0.7,4,1.0,0.5,,,,
ChangeDistiller,,,,,,,,,,,1,,,,0.7,4,1.0,0.7,,,,
ChangeDistiller,,,,,,,,,,,1,,,,0.7,4,1.0,0.899,,,,
ChangeDistiller,,,,,,,,,,,1,,,,0.899,4,1.0,0.1,,,,
ChangeDistiller,,,,,,,,,,,1,,,,0.899,4,1.0,0.3,,,,
ChangeDistiller,,,,,,,,,,,1,,,,0.899,4,1.0,0.5,,,,
ChangeDistiller,,,,,,,,,,,1,,,,0.899,4,1.0,0.7,,,,
ChangeDistiller,,,,,,,,,,,1,,,,0.899,4,1.0,0.899,,,,
ChangeDistiller,,,,,,,,,,,1,,,,0.1,6,0.2,0.1,,,,
ChangeDistiller,,,,,,,,,,,1,,,,0.1,6,0.2,0.3,,,,
ChangeDistiller,,,,,,,,,,,1,,,,0.1,6,0.2,0.5,,,,
ChangeDistiller,,,,,,,,,,,1,,,,0.1,6,0.2,0.7,,,,
ChangeDistiller,,,,,,,,,,,1,,,,0.1,6,0.2,0.899,,,,
ChangeDistiller,,,,,,,,,,,1,,,,0.3,6,0.2,0.1,,,,
ChangeDistiller,,,,,,,,,,,1,,,,0.3,6,0.2,0.3,,,,
ChangeDistiller,,,,,,,,,,,1,,,,0.3,6,0.2,0.5,,,,
ChangeDistiller,,,,,,,,,,,1,,,,0.3,6,0.2,0.7,,,,
ChangeDistiller,,,,,,,,,,,1,,,,0.3,6,0.2,0.899,,,,
ChangeDistiller,,,,,,,,,,,1,,,,0.5,6,0.2,0.1,,,,
ChangeDistiller,,,,,,,,,,,1,,,,0.5,6,0.2,0.3,,,,
ChangeDistiller,,,,,,,,,,,1,,,,0.5,6,0.2,0.5,,,,
ChangeDistiller,,,,,,,,,,,1,,,,0.5,6,0.2,0.7,,,,
ChangeDistiller,,,,,,,,,,,1,,,,0.5,6,0.2,0.899,,,,
ChangeDistiller,,,,,,,,,,,1,,,,0.7,6,0.2,0.1,,,,
ChangeDistiller,,,,,,,,,,,1,,,,0.7,6,0.2,0.3,,,,
ChangeDistiller,,,,,,,,,,,1,,,,0.7,6,0.2,0.5,,,,
ChangeDistiller,,,,,,,,,,,1,,,,0.7,6,0.2,0.7,,,,
ChangeDistiller,,,,,,,,,,,1,,,,0.7,6,0.2,0.899,,,,
ChangeDistiller,,,,,,,,,,,1,,,,0.899,6,0.2,0.1,,,,
ChangeDistiller,,,,,,,,,,,1,,,,0.899,6,0.2,0.3,,,,
ChangeDistiller,,,,,,,,,,,1,,,,0.899,6,0.2,0.5,,,,
ChangeDistiller,,,,,,,,,,,1,,,,0.899,6,0.2,0.7,,,,
ChangeDistiller,,,,,,,,,,,1,,,,0.899,6,0.2,0.899,,,,
ChangeDistiller,,,,,,,,,,,1,,,,0.1,6,0.4,0.1,,,,
ChangeDistiller,,,,,,,,,,,1,,,,0.1,6,0.4,0.3,,,,
ChangeDistiller,,,,,,,,,,,1,,,,0.1,6,0.4,0.5,,,,
ChangeDistiller,,,,,,,,,,,1,,,,0.1,6,0.4,0.7,,,,
ChangeDistiller,,,,,,,,,,,1,,,,0.1,6,0.4,0.899,,,,
ChangeDistiller,,,,,,,,,,,1,,,,0.3,6,0.4,0.1,,,,
ChangeDistiller,,,,,,,,,,,1,,,,0.3,6,0.4,0.3,,,,
ChangeDistiller,,,,,,,,,,,1,,,,0.3,6,0.4,0.5,,,,
ChangeDistiller,,,,,,,,,,,1,,,,0.3,6,0.4,0.7,,,,
ChangeDistiller,,,,,,,,,,,1,,,,0.3,6,0.4,0.899,,,,
ChangeDistiller,,,,,,,,,,,1,,,,0.5,6,0.4,0.1,,,,
ChangeDistiller,,,,,,,,,,,1,,,,0.5,6,0.4,0.3,,,,
ChangeDistiller,,,,,,,,,,,1,,,,0.5,6,0.4,0.5,,,,
ChangeDistiller,,,,,,,,,,,1,,,,0.5,6,0.4,0.7,,,,
ChangeDistiller,,,,,,,,,,,1,,,,0.5,6,0.4,0.899,,,,
ChangeDistiller,,,,,,,,,,,1,,,,0.7,6,0.4,0.1,,,,
ChangeDistiller,,,,,,,,,,,1,,,,0.7,6,0.4,0.3,,,,
ChangeDistiller,,,,,,,,,,,1,,,,0.7,6,0.4,0.5,,,,
ChangeDistiller,,,,,,,,,,,1,,,,0.7,6,0.4,0.7,,,,
ChangeDistiller,,,,,,,,,,,1,,,,0.7,6,0.4,0.899,,,,
ChangeDistiller,,,,,,,,,,,1,,,,0.899,6,0.4,0.1,,,,
ChangeDistiller,,,,,,,,,,,1,,,,0.899,6,0.4,0.3,,,,
ChangeDistiller,,,,,,,,,,,1,,,,0.899,6,0.4,0.5,,,,
ChangeDistiller,,,,,,,,,,,1,,,,0.899,6,0.4,0.7,,,,
ChangeDistiller,,,,,,,,,,,1,,,,0.899,6,0.4,0.899,,,,
ChangeDistiller,,,,,,,,,,,1,,,,0.1,6,0.6,0.1,,,,
ChangeDistiller,,,,,,,,,,,1,,,,0.1,6,0.6,0.3,,,,
ChangeDistiller,,,,,,,,,,,1,,,,0.1,6,0.6,0.5,,,,
ChangeDistiller,,,,,,,,,,,1,,,,0.1,6,0.6,0.7,,,,
ChangeDistiller,,,,,,,,,,,1,,,,0.1,6,0.6,0.899,,,,
ChangeDistiller,,,,,,,,,,,1,,,,0.3,6,0.6,0.1,,,,
ChangeDistiller,,,,,,,,,,,1,,,,0.3,6,0.6,0.3,,,,
ChangeDistiller,,,,,,,,,,,1,,,,0.3,6,0.6,0.5,,,,
ChangeDistiller,,,,,,,,,,,1,,,,0.3,6,0.6,0.7,,,,
ChangeDistiller,,,,,,,,,,,1,,,,0.3,6,0.6,0.899,,,,
ChangeDistiller,,,,,,,,,,,1,,,,0.5,6,0.6,0.1,,,,
ChangeDistiller,,,,,,,,,,,1,,,,0.5,6,0.6,0.3,,,,
ChangeDistiller,,,,,,,,,,,1,,,,0.5,6,0.6,0.5,,,,
ChangeDistiller,,,,,,,,,,,1,,,,0.5,6,0.6,0.7,,,,
ChangeDistiller,,,,,,,,,,,1,,,,0.5,6,0.6,0.899,,,,
ChangeDistiller,,,,,,,,,,,1,,,,0.7,6,0.6,0.1,,,,
ChangeDistiller,,,,,,,,,,,1,,,,0.7,6,0.6,0.3,,,,
ChangeDistiller,,,,,,,,,,,1,,,,0.7,6,0.6,0.5,,,,
ChangeDistiller,,,,,,,,,,,1,,,,0.7,6,0.6,0.7,,,,
ChangeDistiller,,,,,,,,,,,1,,,,0.7,6,0.6,0.899,,,,
ChangeDistiller,,,,,,,,,,,1,,,,0.899,6,0.6,0.1,,,,
ChangeDistiller,,,,,,,,,,,1,,,,0.899,6,0.6,0.3,,,,
ChangeDistiller,,,,,,,,,,,1,,,,0.899,6,0.6,0.5,,,,
ChangeDistiller,,,,,,,,,,,1,,,,0.899,6,0.6,0.7,,,,
ChangeDistiller,,,,,,,,,,,1,,,,0.899,6,0.6,0.899,,,,
ChangeDistiller,,,,,,,,,,,1,,,,0.1,6,0.8,0.1,,,,
ChangeDistiller,,,,,,,,,,,1,,,,0.1,6,0.8,0.3,,,,
ChangeDistiller,,,,,,,,,,,1,,,,0.1,6,0.8,0.5,,,,
ChangeDistiller,,,,,,,,,,,1,,,,0.1,6,0.8,0.7,,,,
ChangeDistiller,,,,,,,,,,,1,,,,0.1,6,0.8,0.899,,,,
ChangeDistiller,,,,,,,,,,,1,,,,0.3,6,0.8,0.1,,,,
ChangeDistiller,,,,,,,,,,,1,,,,0.3,6,0.8,0.3,,,,
ChangeDistiller,,,,,,,,,,,1,,,,0.3,6,0.8,0.5,,,,
ChangeDistiller,,,,,,,,,,,1,,,,0.3,6,0.8,0.7,,,,
ChangeDistiller,,,,,,,,,,,1,,,,0.3,6,0.8,0.899,,,,
ChangeDistiller,,,,,,,,,,,1,,,,0.5,6,0.8,0.1,,,,
ChangeDistiller,,,,,,,,,,,1,,,,0.5,6,0.8,0.3,,,,
ChangeDistiller,,,,,,,,,,,1,,,,0.5,6,0.8,0.5,,,,
ChangeDistiller,,,,,,,,,,,1,,,,0.5,6,0.8,0.7,,,,
ChangeDistiller,,,,,,,,,,,1,,,,0.5,6,0.8,0.899,,,,
ChangeDistiller,,,,,,,,,,,1,,,,0.7,6,0.8,0.1,,,,
ChangeDistiller,,,,,,,,,,,1,,,,0.7,6,0.8,0.3,,,,
ChangeDistiller,,,,,,,,,,,1,,,,0.7,6,0.8,0.5,,,,
ChangeDistiller,,,,,,,,,,,1,,,,0.7,6,0.8,0.7,,,,
ChangeDistiller,,,,,,,,,,,1,,,,0.7,6,0.8,0.899,,,,
ChangeDistiller,,,,,,,,,,,1,,,,0.899,6,0.8,0.1,,,,
ChangeDistiller,,,,,,,,,,,1,,,,0.899,6,0.8,0.3,,,,
ChangeDistiller,,,,,,,,,,,1,,,,0.899,6,0.8,0.5,,,,
ChangeDistiller,,,,,,,,,,,1,,,,0.899,6,0.8,0.7,,,,
ChangeDistiller,,,,,,,,,,,1,,,,0.899,6,0.8,0.899,,,,
ChangeDistiller,,,,,,,,,,,1,,,,0.1,6,1.0,0.1,,,,
ChangeDistiller,,,,,,,,,,,1,,,,0.1,6,1.0,0.3,,,,
ChangeDistiller,,,,,,,,,,,1,,,,0.1,6,1.0,0.5,,,,
ChangeDistiller,,,,,,,,,,,1,,,,0.1,6,1.0,0.7,,,,
ChangeDistiller,,,,,,,,,,,1,,,,0.1,6,1.0,0.899,,,,
ChangeDistiller,,,,,,,,,,,1,,,,0.3,6,1.0,0.1,,,,
ChangeDistiller,,,,,,,,,,,1,,,,0.3,6,1.0,0.3,,,,
ChangeDistiller,,,,,,,,,,,1,,,,0.3,6,1.0,0.5,,,,
ChangeDistiller,,,,,,,,,,,1,,,,0.3,6,1.0,0.7,,,,
ChangeDistiller,,,,,,,,,,,1,,,,0.3,6,1.0,0.899,,,,
ChangeDistiller,,,,,,,,,,,1,,,,0.5,6,1.0,0.1,,,,
ChangeDistiller,,,,,,,,,,,1,,,,0.5,6,1.0,0.3,,,,
ChangeDistiller,,,,,,,,,,,1,,,,0.5,6,1.0,0.5,,,,
ChangeDistiller,,,,,,,,,,,1,,,,0.5,6,1.0,0.7,,,,
ChangeDistiller,,,,,,,,,,,1,,,,0.5,6,1.0,0.899,,,,
ChangeDistiller,,,,,,,,,,,1,,,,0.7,6,1.0,0.1,,,,
ChangeDistiller,,,,,,,,,,,1,,,,0.7,6,1.0,0.3,,,,
ChangeDistiller,,,,,,,,,,,1,,,,0.7,6,1.0,0.5,,,,
ChangeDistiller,,,,,,,,,,,1,,,,0.7,6,1.0,0.7,,,,
ChangeDistiller,,,,,,,,,,,1,,,,0.7,6,1.0,0.899,,,,
ChangeDistiller,,,,,,,,,,,1,,,,0.899,6,1.0,0.1,,,,
ChangeDistiller,,,,,,,,,,,1,,,,0.899,6,1.0,0.3,,,,
ChangeDistiller,,,,,,,,,,,1,,,,0.899,6,1.0,0.5,,,,
ChangeDistiller,,,,,,,,,,,1,,,,0.899,6,1.0,0.7,,,,
ChangeDistiller,,,,,,,,,,,1,,,,0.899,6,1.0,0.899,,,,
