MATCHER,NRACTIONS,NRROOTS,NR_INSERT,NR_DELETE,NR_UPDATE,NR_MOVE,NR_TREEINSERT,NR_TREEDELETE,TIME,NROPTIONS,TIMEOUT,GT_BUM_SMT,GT_BUM_SMT_SBUP,GT_BUM_SZT,GT_CD_LSIM,GT_CD_ML,GT_CD_SSIM1,GT_CD_SSIM2,GT_STM_MH,GT_XYM_SIM,GUMTREE_MATCH_GT_MINH,
SimpleGumtree,1,1,0,1,0,0,0,0,1,2,0,,0.1,,,,,,1,,,
SimpleGumtree,1,1,0,1,0,0,0,0,1,2,0,,0.3,,,,,,1,,,
SimpleGumtree,1,1,0,1,0,0,0,0,1,2,0,,0.5,,,,,,1,,,
SimpleGumtree,1,1,0,1,0,0,0,0,1,2,0,,0.7,,,,,,1,,,
SimpleGumtree,1,1,0,1,0,0,0,0,1,2,0,,0.899,,,,,,1,,,
SimpleGumtree,15,2,7,8,0,0,0,0,1,2,0,,0.1,,,,,,2,,,
SimpleGumtree,15,2,7,8,0,0,0,0,1,2,0,,0.3,,,,,,2,,,
SimpleGumtree,15,2,7,8,0,0,0,0,1,2,0,,0.5,,,,,,2,,,
SimpleGumtree,15,2,7,8,0,0,0,0,1,2,0,,0.7,,,,,,2,,,
SimpleGumtree,15,2,7,8,0,0,0,0,1,2,0,,0.899,,,,,,2,,,
SimpleGumtree,15,2,7,8,0,0,0,0,1,2,0,,0.1,,,,,,3,,,
SimpleGumtree,15,2,7,8,0,0,0,0,1,2,0,,0.3,,,,,,3,,,
SimpleGumtree,15,2,7,8,0,0,0,0,1,2,0,,0.5,,,,,,3,,,
SimpleGumtree,15,2,7,8,0,0,0,0,0,2,0,,0.7,,,,,,3,,,
SimpleGumtree,15,2,7,8,0,0,0,0,0,2,0,,0.899,,,,,,3,,,
SimpleGumtree,15,2,7,8,0,0,0,0,0,2,0,,0.1,,,,,,4,,,
SimpleGumtree,15,2,7,8,0,0,0,0,0,2,0,,0.3,,,,,,4,,,
SimpleGumtree,15,2,7,8,0,0,0,0,1,2,0,,0.5,,,,,,4,,,
SimpleGumtree,15,2,7,8,0,0,0,0,1,2,0,,0.7,,,,,,4,,,
SimpleGumtree,15,2,7,8,0,0,0,0,1,2,0,,0.899,,,,,,4,,,
SimpleGumtree,15,2,7,8,0,0,0,0,1,2,0,,0.1,,,,,,5,,,
SimpleGumtree,15,2,7,8,0,0,0,0,1,2,0,,0.3,,,,,,5,,,
SimpleGumtree,15,2,7,8,0,0,0,0,1,2,0,,0.5,,,,,,5,,,
SimpleGumtree,15,2,7,8,0,0,0,0,1,2,0,,0.7,,,,,,5,,,
SimpleGumtree,15,2,7,8,0,0,0,0,1,2,0,,0.899,,,,,,5,,,
ClassicGumtree,3,3,1,2,0,0,0,0,1,3,0,0.1,,100,,,,,1,,,
ClassicGumtree,3,3,1,2,0,0,0,0,1,3,0,0.2,,100,,,,,1,,,
ClassicGumtree,3,3,1,2,0,0,0,0,1,3,0,0.3,,100,,,,,1,,,
ClassicGumtree,3,3,1,2,0,0,0,0,1,3,0,0.4,,100,,,,,1,,,
ClassicGumtree,3,3,1,2,0,0,0,0,1,3,0,0.5,,100,,,,,1,,,
ClassicGumtree,3,3,1,2,0,0,0,0,0,3,0,0.6,,100,,,,,1,,,
ClassicGumtree,11,6,4,5,0,2,0,0,0,3,0,0.7,,100,,,,,1,,,
ClassicGumtree,11,6,4,5,0,2,0,0,1,3,0,0.799,,100,,,,,1,,,
ClassicGumtree,11,6,4,5,0,2,0,0,1,3,0,0.899,,100,,,,,1,,,
ClassicGumtree,45,36,5,6,0,34,0,0,1,3,0,0.999,,100,,,,,1,,,
ClassicGumtree,29,10,14,15,0,0,0,0,1,3,0,0.1,,100,,,,,2,,,
ClassicGumtree,29,10,14,15,0,0,0,0,1,3,0,0.2,,100,,,,,2,,,
ClassicGumtree,29,10,14,15,0,0,0,0,1,3,0,0.3,,100,,,,,2,,,
ClassicGumtree,29,10,14,15,0,0,0,0,1,3,0,0.4,,100,,,,,2,,,
ClassicGumtree,29,10,14,15,0,0,0,0,1,3,0,0.5,,100,,,,,2,,,
ClassicGumtree,29,10,14,15,0,0,0,0,1,3,0,0.6,,100,,,,,2,,,
ClassicGumtree,29,10,14,15,0,0,0,0,1,3,0,0.7,,100,,,,,2,,,
ClassicGumtree,29,10,14,15,0,0,0,0,0,3,0,0.799,,100,,,,,2,,,
ClassicGumtree,29,10,14,15,0,0,0,0,0,3,0,0.899,,100,,,,,2,,,
ClassicGumtree,60,31,15,16,0,29,0,0,0,3,0,0.999,,100,,,,,2,,,
ClassicGumtree,275,48,137,138,0,0,0,0,0,3,0,0.1,,100,,,,,3,,,
ClassicGumtree,275,48,137,138,0,0,0,0,0,3,0,0.2,,100,,,,,3,,,
ClassicGumtree,275,48,137,138,0,0,0,0,1,3,0,0.3,,100,,,,,3,,,
ClassicGumtree,275,48,137,138,0,0,0,0,1,3,0,0.4,,100,,,,,3,,,
ClassicGumtree,275,48,137,138,0,0,0,0,1,3,0,0.5,,100,,,,,3,,,
ClassicGumtree,275,48,137,138,0,0,0,0,1,3,0,0.6,,100,,,,,3,,,
ClassicGumtree,287,12,138,139,0,10,0,0,1,3,0,0.7,,100,,,,,3,,,
ClassicGumtree,287,12,138,139,0,10,0,0,1,3,0,0.799,,100,,,,,3,,,
ClassicGumtree,287,12,138,139,0,10,0,0,1,3,0,0.899,,100,,,,,3,,,
ClassicGumtree,287,12,138,139,0,10,0,0,1,3,0,0.999,,100,,,,,3,,,
ClassicGumtree,375,58,187,188,0,0,0,0,1,3,0,0.1,,100,,,,,4,,,
ClassicGumtree,375,58,187,188,0,0,0,0,1,3,0,0.2,,100,,,,,4,,,
ClassicGumtree,375,58,187,188,0,0,0,0,1,3,0,0.3,,100,,,,,4,,,
ClassicGumtree,375,58,187,188,0,0,0,0,1,3,0,0.4,,100,,,,,4,,,
ClassicGumtree,375,58,187,188,0,0,0,0,1,3,0,0.5,,100,,,,,4,,,
ClassicGumtree,382,7,188,189,0,5,0,0,1,3,0,0.6,,100,,,,,4,,,
ClassicGumtree,382,7,188,189,0,5,0,0,1,3,0,0.7,,100,,,,,4,,,
ClassicGumtree,382,7,188,189,0,5,0,0,1,3,0,0.799,,100,,,,,4,,,
ClassicGumtree,382,7,188,189,0,5,0,0,2,3,0,0.899,,100,,,,,4,,,
ClassicGumtree,382,7,188,189,0,5,0,0,2,3,0,0.999,,100,,,,,4,,,
ClassicGumtree,585,62,292,293,0,0,0,0,1,3,0,0.1,,100,,,,,5,,,
ClassicGumtree,585,62,292,293,0,0,0,0,1,3,0,0.2,,100,,,,,5,,,
ClassicGumtree,590,5,293,294,0,3,0,0,1,3,0,0.3,,100,,,,,5,,,
ClassicGumtree,590,5,293,294,0,3,0,0,1,3,0,0.4,,100,,,,,5,,,
ClassicGumtree,590,5,293,294,0,3,0,0,1,3,0,0.5,,100,,,,,5,,,
ClassicGumtree,590,5,293,294,0,3,0,0,1,3,0,0.6,,100,,,,,5,,,
ClassicGumtree,590,5,293,294,0,3,0,0,1,3,0,0.7,,100,,,,,5,,,
ClassicGumtree,590,5,293,294,0,3,0,0,1,3,0,0.799,,100,,,,,5,,,
ClassicGumtree,590,5,293,294,0,3,0,0,1,3,0,0.899,,100,,,,,5,,,
ClassicGumtree,590,5,293,294,0,3,0,0,1,3,0,0.999,,100,,,,,5,,,
ClassicGumtree,3,3,1,2,0,0,0,0,0,3,0,0.1,,200,,,,,1,,,
ClassicGumtree,3,3,1,2,0,0,0,0,1,3,0,0.2,,200,,,,,1,,,
ClassicGumtree,3,3,1,2,0,0,0,0,1,3,0,0.3,,200,,,,,1,,,
ClassicGumtree,3,3,1,2,0,0,0,0,0,3,0,0.4,,200,,,,,1,,,
ClassicGumtree,3,3,1,2,0,0,0,0,0,3,0,0.5,,200,,,,,1,,,
ClassicGumtree,3,3,1,2,0,0,0,0,1,3,0,0.6,,200,,,,,1,,,
ClassicGumtree,11,6,4,5,0,2,0,0,1,3,0,0.7,,200,,,,,1,,,
ClassicGumtree,11,6,4,5,0,2,0,0,1,3,0,0.799,,200,,,,,1,,,
ClassicGumtree,11,6,4,5,0,2,0,0,1,3,0,0.899,,200,,,,,1,,,
ClassicGumtree,45,36,5,6,0,34,0,0,1,3,0,0.999,,200,,,,,1,,,
ClassicGumtree,29,10,14,15,0,0,0,0,1,3,0,0.1,,200,,,,,2,,,
ClassicGumtree,29,10,14,15,0,0,0,0,1,3,0,0.2,,200,,,,,2,,,
ClassicGumtree,29,10,14,15,0,0,0,0,1,3,0,0.3,,200,,,,,2,,,
ClassicGumtree,29,10,14,15,0,0,0,0,0,3,0,0.4,,200,,,,,2,,,
ClassicGumtree,29,10,14,15,0,0,0,0,0,3,0,0.5,,200,,,,,2,,,
ClassicGumtree,29,10,14,15,0,0,0,0,0,3,0,0.6,,200,,,,,2,,,
ClassicGumtree,29,10,14,15,0,0,0,0,1,3,0,0.7,,200,,,,,2,,,
ClassicGumtree,29,10,14,15,0,0,0,0,1,3,0,0.799,,200,,,,,2,,,
ClassicGumtree,29,10,14,15,0,0,0,0,0,3,0,0.899,,200,,,,,2,,,
ClassicGumtree,60,31,15,16,0,29,0,0,1,3,0,0.999,,200,,,,,2,,,
ClassicGumtree,275,48,137,138,0,0,0,0,1,3,0,0.1,,200,,,,,3,,,
ClassicGumtree,275,48,137,138,0,0,0,0,1,3,0,0.2,,200,,,,,3,,,
ClassicGumtree,275,48,137,138,0,0,0,0,1,3,0,0.3,,200,,,,,3,,,
ClassicGumtree,275,48,137,138,0,0,0,0,1,3,0,0.4,,200,,,,,3,,,
ClassicGumtree,275,48,137,138,0,0,0,0,1,3,0,0.5,,200,,,,,3,,,
ClassicGumtree,275,48,137,138,0,0,0,0,1,3,0,0.6,,200,,,,,3,,,
ClassicGumtree,287,12,138,139,0,10,0,0,1,3,0,0.7,,200,,,,,3,,,
ClassicGumtree,287,12,138,139,0,10,0,0,0,3,0,0.799,,200,,,,,3,,,
ClassicGumtree,287,12,138,139,0,10,0,0,1,3,0,0.899,,200,,,,,3,,,
ClassicGumtree,287,12,138,139,0,10,0,0,1,3,0,0.999,,200,,,,,3,,,
ClassicGumtree,375,58,187,188,0,0,0,0,1,3,0,0.1,,200,,,,,4,,,
ClassicGumtree,375,58,187,188,0,0,0,0,1,3,0,0.2,,200,,,,,4,,,
ClassicGumtree,375,58,187,188,0,0,0,0,1,3,0,0.3,,200,,,,,4,,,
ClassicGumtree,375,58,187,188,0,0,0,0,1,3,0,0.4,,200,,,,,4,,,
ClassicGumtree,375,58,187,188,0,0,0,0,1,3,0,0.5,,200,,,,,4,,,
ClassicGumtree,382,7,188,189,0,5,0,0,1,3,0,0.6,,200,,,,,4,,,
ClassicGumtree,382,7,188,189,0,5,0,0,1,3,0,0.7,,200,,,,,4,,,
ClassicGumtree,382,7,188,189,0,5,0,0,0,3,0,0.799,,200,,,,,4,,,
ClassicGumtree,382,7,188,189,0,5,0,0,0,3,0,0.899,,200,,,,,4,,,
ClassicGumtree,382,7,188,189,0,5,0,0,1,3,0,0.999,,200,,,,,4,,,
ClassicGumtree,585,62,292,293,0,0,0,0,1,3,0,0.1,,200,,,,,5,,,
ClassicGumtree,585,62,292,293,0,0,0,0,1,3,0,0.2,,200,,,,,5,,,
ClassicGumtree,590,5,293,294,0,3,0,0,1,3,0,0.3,,200,,,,,5,,,
ClassicGumtree,590,5,293,294,0,3,0,0,1,3,0,0.4,,200,,,,,5,,,
ClassicGumtree,590,5,293,294,0,3,0,0,1,3,0,0.5,,200,,,,,5,,,
ClassicGumtree,590,5,293,294,0,3,0,0,1,3,0,0.6,,200,,,,,5,,,
ClassicGumtree,590,5,293,294,0,3,0,0,1,3,0,0.7,,200,,,,,5,,,
ClassicGumtree,590,5,293,294,0,3,0,0,1,3,0,0.799,,200,,,,,5,,,
ClassicGumtree,590,5,293,294,0,3,0,0,1,3,0,0.899,,200,,,,,5,,,
ClassicGumtree,590,5,293,294,0,3,0,0,1,3,0,0.999,,200,,,,,5,,,
ClassicGumtree,3,3,1,2,0,0,0,0,0,3,0,0.1,,300,,,,,1,,,
ClassicGumtree,3,3,1,2,0,0,0,0,0,3,0,0.2,,300,,,,,1,,,
ClassicGumtree,3,3,1,2,0,0,0,0,1,3,0,0.3,,300,,,,,1,,,
ClassicGumtree,3,3,1,2,0,0,0,0,1,3,0,0.4,,300,,,,,1,,,
ClassicGumtree,3,3,1,2,0,0,0,0,1,3,0,0.5,,300,,,,,1,,,
ClassicGumtree,3,3,1,2,0,0,0,0,1,3,0,0.6,,300,,,,,1,,,
ClassicGumtree,11,6,4,5,0,2,0,0,1,3,0,0.7,,300,,,,,1,,,
ClassicGumtree,11,6,4,5,0,2,0,0,1,3,0,0.799,,300,,,,,1,,,
ClassicGumtree,11,6,4,5,0,2,0,0,1,3,0,0.899,,300,,,,,1,,,
ClassicGumtree,45,36,5,6,0,34,0,0,1,3,0,0.999,,300,,,,,1,,,
ClassicGumtree,29,10,14,15,0,0,0,0,1,3,0,0.1,,300,,,,,2,,,
ClassicGumtree,29,10,14,15,0,0,0,0,0,3,0,0.2,,300,,,,,2,,,
ClassicGumtree,29,10,14,15,0,0,0,0,0,3,0,0.3,,300,,,,,2,,,
ClassicGumtree,29,10,14,15,0,0,0,0,0,3,0,0.4,,300,,,,,2,,,
ClassicGumtree,29,10,14,15,0,0,0,0,0,3,0,0.5,,300,,,,,2,,,
ClassicGumtree,29,10,14,15,0,0,0,0,1,3,0,0.6,,300,,,,,2,,,
ClassicGumtree,29,10,14,15,0,0,0,0,1,3,0,0.7,,300,,,,,2,,,
ClassicGumtree,29,10,14,15,0,0,0,0,1,3,0,0.799,,300,,,,,2,,,
ClassicGumtree,29,10,14,15,0,0,0,0,1,3,0,0.899,,300,,,,,2,,,
ClassicGumtree,60,31,15,16,0,29,0,0,1,3,0,0.999,,300,,,,,2,,,
ClassicGumtree,275,48,137,138,0,0,0,0,1,3,0,0.1,,300,,,,,3,,,
ClassicGumtree,275,48,137,138,0,0,0,0,1,3,0,0.2,,300,,,,,3,,,
ClassicGumtree,275,48,137,138,0,0,0,0,1,3,0,0.3,,300,,,,,3,,,
ClassicGumtree,275,48,137,138,0,0,0,0,1,3,0,0.4,,300,,,,,3,,,
ClassicGumtree,275,48,137,138,0,0,0,0,1,3,0,0.5,,300,,,,,3,,,
ClassicGumtree,275,48,137,138,0,0,0,0,1,3,0,0.6,,300,,,,,3,,,
ClassicGumtree,287,12,138,139,0,10,0,0,1,3,0,0.7,,300,,,,,3,,,
ClassicGumtree,287,12,138,139,0,10,0,0,1,3,0,0.799,,300,,,,,3,,,
ClassicGumtree,287,12,138,139,0,10,0,0,1,3,0,0.899,,300,,,,,3,,,
ClassicGumtree,287,12,138,139,0,10,0,0,1,3,0,0.999,,300,,,,,3,,,
ClassicGumtree,375,58,187,188,0,0,0,0,1,3,0,0.1,,300,,,,,4,,,
ClassicGumtree,375,58,187,188,0,0,0,0,1,3,0,0.2,,300,,,,,4,,,
ClassicGumtree,375,58,187,188,0,0,0,0,1,3,0,0.3,,300,,,,,4,,,
ClassicGumtree,375,58,187,188,0,0,0,0,0,3,0,0.4,,300,,,,,4,,,
ClassicGumtree,375,58,187,188,0,0,0,0,0,3,0,0.5,,300,,,,,4,,,
ClassicGumtree,382,7,188,189,0,5,0,0,0,3,0,0.6,,300,,,,,4,,,
ClassicGumtree,382,7,188,189,0,5,0,0,1,3,0,0.7,,300,,,,,4,,,
ClassicGumtree,382,7,188,189,0,5,0,0,1,3,0,0.799,,300,,,,,4,,,
ClassicGumtree,382,7,188,189,0,5,0,0,1,3,0,0.899,,300,,,,,4,,,
ClassicGumtree,382,7,188,189,0,5,0,0,1,3,0,0.999,,300,,,,,4,,,
ClassicGumtree,585,62,292,293,0,0,0,0,1,3,0,0.1,,300,,,,,5,,,
ClassicGumtree,585,62,292,293,0,0,0,0,1,3,0,0.2,,300,,,,,5,,,
ClassicGumtree,590,5,293,294,0,3,0,0,1,3,0,0.3,,300,,,,,5,,,
ClassicGumtree,590,5,293,294,0,3,0,0,1,3,0,0.4,,300,,,,,5,,,
ClassicGumtree,590,5,293,294,0,3,0,0,1,3,0,0.5,,300,,,,,5,,,
ClassicGumtree,590,5,293,294,0,3,0,0,1,3,0,0.6,,300,,,,,5,,,
ClassicGumtree,590,5,293,294,0,3,0,0,0,3,0,0.7,,300,,,,,5,,,
ClassicGumtree,590,5,293,294,0,3,0,0,0,3,0,0.799,,300,,,,,5,,,
ClassicGumtree,590,5,293,294,0,3,0,0,1,3,0,0.899,,300,,,,,5,,,
ClassicGumtree,590,5,293,294,0,3,0,0,1,3,0,0.999,,300,,,,,5,,,
ClassicGumtree,1,1,0,1,0,0,0,0,143,3,0,0.1,,400,,,,,1,,,
ClassicGumtree,1,1,0,1,0,0,0,0,188,3,0,0.2,,400,,,,,1,,,
ClassicGumtree,1,1,0,1,0,0,0,0,188,3,0,0.3,,400,,,,,1,,,
ClassicGumtree,1,1,0,1,0,0,0,0,142,3,0,0.4,,400,,,,,1,,,
ClassicGumtree,1,1,0,1,0,0,0,0,142,3,0,0.5,,400,,,,,1,,,
ClassicGumtree,1,1,0,1,0,0,0,0,142,3,0,0.6,,400,,,,,1,,,
ClassicGumtree,1,1,0,1,0,0,0,0,142,3,0,0.7,,400,,,,,1,,,
ClassicGumtree,1,1,0,1,0,0,0,0,141,3,0,0.799,,400,,,,,1,,,
ClassicGumtree,1,1,0,1,0,0,0,0,142,3,0,0.899,,400,,,,,1,,,
ClassicGumtree,1,1,0,1,0,0,0,0,73,3,0,0.999,,400,,,,,1,,,
ClassicGumtree,1,1,0,1,0,0,0,0,138,3,0,0.1,,400,,,,,2,,,
ClassicGumtree,1,1,0,1,0,0,0,0,138,3,0,0.2,,400,,,,,2,,,
ClassicGumtree,1,1,0,1,0,0,0,0,138,3,0,0.3,,400,,,,,2,,,
ClassicGumtree,1,1,0,1,0,0,0,0,138,3,0,0.4,,400,,,,,2,,,
ClassicGumtree,1,1,0,1,0,0,0,0,138,3,0,0.5,,400,,,,,2,,,
ClassicGumtree,1,1,0,1,0,0,0,0,138,3,0,0.6,,400,,,,,2,,,
ClassicGumtree,1,1,0,1,0,0,0,0,138,3,0,0.7,,400,,,,,2,,,
ClassicGumtree,1,1,0,1,0,0,0,0,144,3,0,0.799,,400,,,,,2,,,
ClassicGumtree,1,1,0,1,0,0,0,0,139,3,0,0.899,,400,,,,,2,,,
ClassicGumtree,1,1,0,1,0,0,0,0,70,3,0,0.999,,400,,,,,2,,,
ClassicGumtree,1,1,0,1,0,0,0,0,138,3,0,0.1,,400,,,,,3,,,
ClassicGumtree,1,1,0,1,0,0,0,0,138,3,0,0.2,,400,,,,,3,,,
ClassicGumtree,1,1,0,1,0,0,0,0,141,3,0,0.3,,400,,,,,3,,,
ClassicGumtree,1,1,0,1,0,0,0,0,139,3,0,0.4,,400,,,,,3,,,
ClassicGumtree,1,1,0,1,0,0,0,0,139,3,0,0.5,,400,,,,,3,,,
ClassicGumtree,1,1,0,1,0,0,0,0,139,3,0,0.6,,400,,,,,3,,,
ClassicGumtree,1,1,0,1,0,0,0,0,69,3,0,0.7,,400,,,,,3,,,
ClassicGumtree,1,1,0,1,0,0,0,0,69,3,0,0.799,,400,,,,,3,,,
ClassicGumtree,1,1,0,1,0,0,0,0,70,3,0,0.899,,400,,,,,3,,,
ClassicGumtree,1,1,0,1,0,0,0,0,69,3,0,0.999,,400,,,,,3,,,
ClassicGumtree,1,1,0,1,0,0,0,0,138,3,0,0.1,,400,,,,,4,,,
ClassicGumtree,1,1,0,1,0,0,0,0,139,3,0,0.2,,400,,,,,4,,,
ClassicGumtree,1,1,0,1,0,0,0,0,139,3,0,0.3,,400,,,,,4,,,
ClassicGumtree,1,1,0,1,0,0,0,0,138,3,0,0.4,,400,,,,,4,,,
ClassicGumtree,1,1,0,1,0,0,0,0,138,3,0,0.5,,400,,,,,4,,,
ClassicGumtree,1,1,0,1,0,0,0,0,69,3,0,0.6,,400,,,,,4,,,
ClassicGumtree,1,1,0,1,0,0,0,0,69,3,0,0.7,,400,,,,,4,,,
ClassicGumtree,1,1,0,1,0,0,0,0,69,3,0,0.799,,400,,,,,4,,,
ClassicGumtree,1,1,0,1,0,0,0,0,69,3,0,0.899,,400,,,,,4,,,
ClassicGumtree,1,1,0,1,0,0,0,0,69,3,0,0.999,,400,,,,,4,,,
ClassicGumtree,1,1,0,1,0,0,0,0,139,3,0,0.1,,400,,,,,5,,,
ClassicGumtree,1,1,0,1,0,0,0,0,138,3,0,0.2,,400,,,,,5,,,
ClassicGumtree,1,1,0,1,0,0,0,0,69,3,0,0.3,,400,,,,,5,,,
ClassicGumtree,1,1,0,1,0,0,0,0,69,3,0,0.4,,400,,,,,5,,,
ClassicGumtree,1,1,0,1,0,0,0,0,70,3,0,0.5,,400,,,,,5,,,
ClassicGumtree,1,1,0,1,0,0,0,0,69,3,0,0.6,,400,,,,,5,,,
ClassicGumtree,1,1,0,1,0,0,0,0,69,3,0,0.7,,400,,,,,5,,,
ClassicGumtree,1,1,0,1,0,0,0,0,69,3,0,0.799,,400,,,,,5,,,
ClassicGumtree,1,1,0,1,0,0,0,0,70,3,0,0.899,,400,,,,,5,,,
ClassicGumtree,1,1,0,1,0,0,0,0,70,3,0,0.999,,400,,,,,5,,,
ClassicGumtree,1,1,0,1,0,0,0,0,139,3,0,0.1,,500,,,,,1,,,
ClassicGumtree,1,1,0,1,0,0,0,0,139,3,0,0.2,,500,,,,,1,,,
ClassicGumtree,1,1,0,1,0,0,0,0,138,3,0,0.3,,500,,,,,1,,,
ClassicGumtree,1,1,0,1,0,0,0,0,138,3,0,0.4,,500,,,,,1,,,
ClassicGumtree,1,1,0,1,0,0,0,0,139,3,0,0.5,,500,,,,,1,,,
ClassicGumtree,1,1,0,1,0,0,0,0,139,3,0,0.6,,500,,,,,1,,,
ClassicGumtree,1,1,0,1,0,0,0,0,138,3,0,0.7,,500,,,,,1,,,
ClassicGumtree,1,1,0,1,0,0,0,0,138,3,0,0.799,,500,,,,,1,,,
ClassicGumtree,1,1,0,1,0,0,0,0,138,3,0,0.899,,500,,,,,1,,,
ClassicGumtree,1,1,0,1,0,0,0,0,69,3,0,0.999,,500,,,,,1,,,
ClassicGumtree,1,1,0,1,0,0,0,0,139,3,0,0.1,,500,,,,,2,,,
ClassicGumtree,1,1,0,1,0,0,0,0,138,3,0,0.2,,500,,,,,2,,,
ClassicGumtree,1,1,0,1,0,0,0,0,139,3,0,0.3,,500,,,,,2,,,
ClassicGumtree,1,1,0,1,0,0,0,0,139,3,0,0.4,,500,,,,,2,,,
ClassicGumtree,1,1,0,1,0,0,0,0,139,3,0,0.5,,500,,,,,2,,,
ClassicGumtree,1,1,0,1,0,0,0,0,139,3,0,0.6,,500,,,,,2,,,
ClassicGumtree,1,1,0,1,0,0,0,0,139,3,0,0.7,,500,,,,,2,,,
ClassicGumtree,1,1,0,1,0,0,0,0,139,3,0,0.799,,500,,,,,2,,,
ClassicGumtree,1,1,0,1,0,0,0,0,139,3,0,0.899,,500,,,,,2,,,
ClassicGumtree,1,1,0,1,0,0,0,0,70,3,0,0.999,,500,,,,,2,,,
ClassicGumtree,1,1,0,1,0,0,0,0,138,3,0,0.1,,500,,,,,3,,,
ClassicGumtree,1,1,0,1,0,0,0,0,138,3,0,0.2,,500,,,,,3,,,
ClassicGumtree,1,1,0,1,0,0,0,0,137,3,0,0.3,,500,,,,,3,,,
ClassicGumtree,1,1,0,1,0,0,0,0,138,3,0,0.4,,500,,,,,3,,,
ClassicGumtree,1,1,0,1,0,0,0,0,138,3,0,0.5,,500,,,,,3,,,
ClassicGumtree,1,1,0,1,0,0,0,0,138,3,0,0.6,,500,,,,,3,,,
ClassicGumtree,1,1,0,1,0,0,0,0,69,3,0,0.7,,500,,,,,3,,,
ClassicGumtree,1,1,0,1,0,0,0,0,69,3,0,0.799,,500,,,,,3,,,
ClassicGumtree,1,1,0,1,0,0,0,0,69,3,0,0.899,,500,,,,,3,,,
ClassicGumtree,1,1,0,1,0,0,0,0,69,3,0,0.999,,500,,,,,3,,,
ClassicGumtree,1,1,0,1,0,0,0,0,138,3,0,0.1,,500,,,,,4,,,
ClassicGumtree,1,1,0,1,0,0,0,0,138,3,0,0.2,,500,,,,,4,,,
ClassicGumtree,1,1,0,1,0,0,0,0,138,3,0,0.3,,500,,,,,4,,,
ClassicGumtree,1,1,0,1,0,0,0,0,138,3,0,0.4,,500,,,,,4,,,
ClassicGumtree,1,1,0,1,0,0,0,0,138,3,0,0.5,,500,,,,,4,,,
ClassicGumtree,1,1,0,1,0,0,0,0,70,3,0,0.6,,500,,,,,4,,,
ClassicGumtree,1,1,0,1,0,0,0,0,70,3,0,0.7,,500,,,,,4,,,
ClassicGumtree,1,1,0,1,0,0,0,0,69,3,0,0.799,,500,,,,,4,,,
ClassicGumtree,1,1,0,1,0,0,0,0,69,3,0,0.899,,500,,,,,4,,,
ClassicGumtree,1,1,0,1,0,0,0,0,70,3,0,0.999,,500,,,,,4,,,
ClassicGumtree,1,1,0,1,0,0,0,0,138,3,0,0.1,,500,,,,,5,,,
ClassicGumtree,1,1,0,1,0,0,0,0,138,3,0,0.2,,500,,,,,5,,,
ClassicGumtree,1,1,0,1,0,0,0,0,69,3,0,0.3,,500,,,,,5,,,
ClassicGumtree,1,1,0,1,0,0,0,0,70,3,0,0.4,,500,,,,,5,,,
ClassicGumtree,1,1,0,1,0,0,0,0,69,3,0,0.5,,500,,,,,5,,,
ClassicGumtree,1,1,0,1,0,0,0,0,70,3,0,0.6,,500,,,,,5,,,
ClassicGumtree,1,1,0,1,0,0,0,0,69,3,0,0.7,,500,,,,,5,,,
ClassicGumtree,1,1,0,1,0,0,0,0,70,3,0,0.799,,500,,,,,5,,,
ClassicGumtree,1,1,0,1,0,0,0,0,69,3,0,0.899,,500,,,,,5,,,
ClassicGumtree,1,1,0,1,0,0,0,0,69,3,0,0.999,,500,,,,,5,,,
ClassicGumtree,1,1,0,1,0,0,0,0,138,3,0,0.1,,600,,,,,1,,,
ClassicGumtree,1,1,0,1,0,0,0,0,138,3,0,0.2,,600,,,,,1,,,
ClassicGumtree,1,1,0,1,0,0,0,0,138,3,0,0.3,,600,,,,,1,,,
ClassicGumtree,1,1,0,1,0,0,0,0,138,3,0,0.4,,600,,,,,1,,,
ClassicGumtree,1,1,0,1,0,0,0,0,138,3,0,0.5,,600,,,,,1,,,
ClassicGumtree,1,1,0,1,0,0,0,0,138,3,0,0.6,,600,,,,,1,,,
ClassicGumtree,1,1,0,1,0,0,0,0,141,3,0,0.7,,600,,,,,1,,,
ClassicGumtree,1,1,0,1,0,0,0,0,139,3,0,0.799,,600,,,,,1,,,
ClassicGumtree,1,1,0,1,0,0,0,0,138,3,0,0.899,,600,,,,,1,,,
ClassicGumtree,1,1,0,1,0,0,0,0,69,3,0,0.999,,600,,,,,1,,,
ClassicGumtree,1,1,0,1,0,0,0,0,138,3,0,0.1,,600,,,,,2,,,
ClassicGumtree,1,1,0,1,0,0,0,0,138,3,0,0.2,,600,,,,,2,,,
ClassicGumtree,1,1,0,1,0,0,0,0,138,3,0,0.3,,600,,,,,2,,,
ClassicGumtree,1,1,0,1,0,0,0,0,138,3,0,0.4,,600,,,,,2,,,
ClassicGumtree,1,1,0,1,0,0,0,0,138,3,0,0.5,,600,,,,,2,,,
ClassicGumtree,1,1,0,1,0,0,0,0,138,3,0,0.6,,600,,,,,2,,,
ClassicGumtree,1,1,0,1,0,0,0,0,138,3,0,0.7,,600,,,,,2,,,
ClassicGumtree,1,1,0,1,0,0,0,0,138,3,0,0.799,,600,,,,,2,,,
ClassicGumtree,1,1,0,1,0,0,0,0,138,3,0,0.899,,600,,,,,2,,,
ClassicGumtree,1,1,0,1,0,0,0,0,69,3,0,0.999,,600,,,,,2,,,
ClassicGumtree,1,1,0,1,0,0,0,0,139,3,0,0.1,,600,,,,,3,,,
ClassicGumtree,1,1,0,1,0,0,0,0,138,3,0,0.2,,600,,,,,3,,,
ClassicGumtree,1,1,0,1,0,0,0,0,138,3,0,0.3,,600,,,,,3,,,
ClassicGumtree,1,1,0,1,0,0,0,0,138,3,0,0.4,,600,,,,,3,,,
ClassicGumtree,1,1,0,1,0,0,0,0,138,3,0,0.5,,600,,,,,3,,,
ClassicGumtree,1,1,0,1,0,0,0,0,138,3,0,0.6,,600,,,,,3,,,
ClassicGumtree,1,1,0,1,0,0,0,0,70,3,0,0.7,,600,,,,,3,,,
ClassicGumtree,1,1,0,1,0,0,0,0,69,3,0,0.799,,600,,,,,3,,,
ClassicGumtree,1,1,0,1,0,0,0,0,69,3,0,0.899,,600,,,,,3,,,
ClassicGumtree,1,1,0,1,0,0,0,0,69,3,0,0.999,,600,,,,,3,,,
ClassicGumtree,1,1,0,1,0,0,0,0,138,3,0,0.1,,600,,,,,4,,,
ClassicGumtree,1,1,0,1,0,0,0,0,138,3,0,0.2,,600,,,,,4,,,
ClassicGumtree,1,1,0,1,0,0,0,0,144,3,0,0.3,,600,,,,,4,,,
ClassicGumtree,1,1,0,1,0,0,0,0,144,3,0,0.4,,600,,,,,4,,,
ClassicGumtree,1,1,0,1,0,0,0,0,145,3,0,0.5,,600,,,,,4,,,
ClassicGumtree,1,1,0,1,0,0,0,0,69,3,0,0.6,,600,,,,,4,,,
ClassicGumtree,1,1,0,1,0,0,0,0,70,3,0,0.7,,600,,,,,4,,,
ClassicGumtree,1,1,0,1,0,0,0,0,70,3,0,0.799,,600,,,,,4,,,
ClassicGumtree,1,1,0,1,0,0,0,0,70,3,0,0.899,,600,,,,,4,,,
ClassicGumtree,1,1,0,1,0,0,0,0,70,3,0,0.999,,600,,,,,4,,,
ClassicGumtree,1,1,0,1,0,0,0,0,144,3,0,0.1,,600,,,,,5,,,
ClassicGumtree,1,1,0,1,0,0,0,0,143,3,0,0.2,,600,,,,,5,,,
ClassicGumtree,1,1,0,1,0,0,0,0,75,3,0,0.3,,600,,,,,5,,,
ClassicGumtree,1,1,0,1,0,0,0,0,75,3,0,0.4,,600,,,,,5,,,
ClassicGumtree,1,1,0,1,0,0,0,0,75,3,0,0.5,,600,,,,,5,,,
ClassicGumtree,1,1,0,1,0,0,0,0,75,3,0,0.6,,600,,,,,5,,,
ClassicGumtree,1,1,0,1,0,0,0,0,75,3,0,0.7,,600,,,,,5,,,
ClassicGumtree,1,1,0,1,0,0,0,0,69,3,0,0.799,,600,,,,,5,,,
ClassicGumtree,1,1,0,1,0,0,0,0,69,3,0,0.899,,600,,,,,5,,,
ClassicGumtree,1,1,0,1,0,0,0,0,70,3,0,0.999,,600,,,,,5,,,
ClassicGumtree,1,1,0,1,0,0,0,0,138,3,0,0.1,,700,,,,,1,,,
ClassicGumtree,1,1,0,1,0,0,0,0,138,3,0,0.2,,700,,,,,1,,,
ClassicGumtree,1,1,0,1,0,0,0,0,141,3,0,0.3,,700,,,,,1,,,
ClassicGumtree,1,1,0,1,0,0,0,0,138,3,0,0.4,,700,,,,,1,,,
ClassicGumtree,1,1,0,1,0,0,0,0,138,3,0,0.5,,700,,,,,1,,,
ClassicGumtree,1,1,0,1,0,0,0,0,138,3,0,0.6,,700,,,,,1,,,
ClassicGumtree,1,1,0,1,0,0,0,0,138,3,0,0.7,,700,,,,,1,,,
ClassicGumtree,1,1,0,1,0,0,0,0,138,3,0,0.799,,700,,,,,1,,,
ClassicGumtree,1,1,0,1,0,0,0,0,141,3,0,0.899,,700,,,,,1,,,
ClassicGumtree,1,1,0,1,0,0,0,0,69,3,0,0.999,,700,,,,,1,,,
ClassicGumtree,1,1,0,1,0,0,0,0,138,3,0,0.1,,700,,,,,2,,,
ClassicGumtree,1,1,0,1,0,0,0,0,138,3,0,0.2,,700,,,,,2,,,
ClassicGumtree,1,1,0,1,0,0,0,0,138,3,0,0.3,,700,,,,,2,,,
ClassicGumtree,1,1,0,1,0,0,0,0,138,3,0,0.4,,700,,,,,2,,,
ClassicGumtree,1,1,0,1,0,0,0,0,139,3,0,0.5,,700,,,,,2,,,
ClassicGumtree,1,1,0,1,0,0,0,0,138,3,0,0.6,,700,,,,,2,,,
ClassicGumtree,1,1,0,1,0,0,0,0,138,3,0,0.7,,700,,,,,2,,,
ClassicGumtree,1,1,0,1,0,0,0,0,138,3,0,0.799,,700,,,,,2,,,
ClassicGumtree,1,1,0,1,0,0,0,0,138,3,0,0.899,,700,,,,,2,,,
ClassicGumtree,1,1,0,1,0,0,0,0,69,3,0,0.999,,700,,,,,2,,,
ClassicGumtree,1,1,0,1,0,0,0,0,138,3,0,0.1,,700,,,,,3,,,
ClassicGumtree,1,1,0,1,0,0,0,0,138,3,0,0.2,,700,,,,,3,,,
ClassicGumtree,1,1,0,1,0,0,0,0,138,3,0,0.3,,700,,,,,3,,,
ClassicGumtree,1,1,0,1,0,0,0,0,138,3,0,0.4,,700,,,,,3,,,
ClassicGumtree,1,1,0,1,0,0,0,0,138,3,0,0.5,,700,,,,,3,,,
ClassicGumtree,1,1,0,1,0,0,0,0,142,3,0,0.6,,700,,,,,3,,,
ClassicGumtree,1,1,0,1,0,0,0,0,69,3,0,0.7,,700,,,,,3,,,
ClassicGumtree,1,1,0,1,0,0,0,0,70,3,0,0.799,,700,,,,,3,,,
ClassicGumtree,1,1,0,1,0,0,0,0,70,3,0,0.899,,700,,,,,3,,,
ClassicGumtree,1,1,0,1,0,0,0,0,69,3,0,0.999,,700,,,,,3,,,
ClassicGumtree,1,1,0,1,0,0,0,0,139,3,0,0.1,,700,,,,,4,,,
ClassicGumtree,1,1,0,1,0,0,0,0,138,3,0,0.2,,700,,,,,4,,,
ClassicGumtree,1,1,0,1,0,0,0,0,137,3,0,0.3,,700,,,,,4,,,
ClassicGumtree,1,1,0,1,0,0,0,0,138,3,0,0.4,,700,,,,,4,,,
ClassicGumtree,1,1,0,1,0,0,0,0,138,3,0,0.5,,700,,,,,4,,,
ClassicGumtree,1,1,0,1,0,0,0,0,70,3,0,0.6,,700,,,,,4,,,
ClassicGumtree,1,1,0,1,0,0,0,0,70,3,0,0.7,,700,,,,,4,,,
ClassicGumtree,1,1,0,1,0,0,0,0,69,3,0,0.799,,700,,,,,4,,,
ClassicGumtree,1,1,0,1,0,0,0,0,69,3,0,0.899,,700,,,,,4,,,
ClassicGumtree,1,1,0,1,0,0,0,0,69,3,0,0.999,,700,,,,,4,,,
ClassicGumtree,1,1,0,1,0,0,0,0,138,3,0,0.1,,700,,,,,5,,,
ClassicGumtree,1,1,0,1,0,0,0,0,138,3,0,0.2,,700,,,,,5,,,
ClassicGumtree,1,1,0,1,0,0,0,0,70,3,0,0.3,,700,,,,,5,,,
ClassicGumtree,1,1,0,1,0,0,0,0,70,3,0,0.4,,700,,,,,5,,,
ClassicGumtree,1,1,0,1,0,0,0,0,69,3,0,0.5,,700,,,,,5,,,
ClassicGumtree,1,1,0,1,0,0,0,0,69,3,0,0.6,,700,,,,,5,,,
ClassicGumtree,1,1,0,1,0,0,0,0,69,3,0,0.7,,700,,,,,5,,,
ClassicGumtree,1,1,0,1,0,0,0,0,70,3,0,0.799,,700,,,,,5,,,
ClassicGumtree,1,1,0,1,0,0,0,0,70,3,0,0.899,,700,,,,,5,,,
ClassicGumtree,1,1,0,1,0,0,0,0,69,3,0,0.999,,700,,,,,5,,,
ClassicGumtree,1,1,0,1,0,0,0,0,138,3,0,0.1,,800,,,,,1,,,
ClassicGumtree,1,1,0,1,0,0,0,0,138,3,0,0.2,,800,,,,,1,,,
ClassicGumtree,1,1,0,1,0,0,0,0,138,3,0,0.3,,800,,,,,1,,,
ClassicGumtree,1,1,0,1,0,0,0,0,138,3,0,0.4,,800,,,,,1,,,
ClassicGumtree,1,1,0,1,0,0,0,0,138,3,0,0.5,,800,,,,,1,,,
ClassicGumtree,1,1,0,1,0,0,0,0,138,3,0,0.6,,800,,,,,1,,,
ClassicGumtree,1,1,0,1,0,0,0,0,138,3,0,0.7,,800,,,,,1,,,
ClassicGumtree,1,1,0,1,0,0,0,0,137,3,0,0.799,,800,,,,,1,,,
ClassicGumtree,1,1,0,1,0,0,0,0,138,3,0,0.899,,800,,,,,1,,,
ClassicGumtree,1,1,0,1,0,0,0,0,69,3,0,0.999,,800,,,,,1,,,
ClassicGumtree,1,1,0,1,0,0,0,0,138,3,0,0.1,,800,,,,,2,,,
ClassicGumtree,1,1,0,1,0,0,0,0,138,3,0,0.2,,800,,,,,2,,,
ClassicGumtree,1,1,0,1,0,0,0,0,137,3,0,0.3,,800,,,,,2,,,
ClassicGumtree,1,1,0,1,0,0,0,0,138,3,0,0.4,,800,,,,,2,,,
ClassicGumtree,1,1,0,1,0,0,0,0,138,3,0,0.5,,800,,,,,2,,,
ClassicGumtree,1,1,0,1,0,0,0,0,138,3,0,0.6,,800,,,,,2,,,
ClassicGumtree,1,1,0,1,0,0,0,0,138,3,0,0.7,,800,,,,,2,,,
ClassicGumtree,1,1,0,1,0,0,0,0,138,3,0,0.799,,800,,,,,2,,,
ClassicGumtree,1,1,0,1,0,0,0,0,139,3,0,0.899,,800,,,,,2,,,
ClassicGumtree,1,1,0,1,0,0,0,0,69,3,0,0.999,,800,,,,,2,,,
ClassicGumtree,1,1,0,1,0,0,0,0,138,3,0,0.1,,800,,,,,3,,,
ClassicGumtree,1,1,0,1,0,0,0,0,138,3,0,0.2,,800,,,,,3,,,
ClassicGumtree,1,1,0,1,0,0,0,0,138,3,0,0.3,,800,,,,,3,,,
ClassicGumtree,1,1,0,1,0,0,0,0,139,3,0,0.4,,800,,,,,3,,,
ClassicGumtree,1,1,0,1,0,0,0,0,138,3,0,0.5,,800,,,,,3,,,
ClassicGumtree,1,1,0,1,0,0,0,0,138,3,0,0.6,,800,,,,,3,,,
ClassicGumtree,1,1,0,1,0,0,0,0,70,3,0,0.7,,800,,,,,3,,,
ClassicGumtree,1,1,0,1,0,0,0,0,69,3,0,0.799,,800,,,,,3,,,
ClassicGumtree,1,1,0,1,0,0,0,0,69,3,0,0.899,,800,,,,,3,,,
ClassicGumtree,1,1,0,1,0,0,0,0,69,3,0,0.999,,800,,,,,3,,,
ClassicGumtree,1,1,0,1,0,0,0,0,138,3,0,0.1,,800,,,,,4,,,
ClassicGumtree,1,1,0,1,0,0,0,0,138,3,0,0.2,,800,,,,,4,,,
ClassicGumtree,1,1,0,1,0,0,0,0,139,3,0,0.3,,800,,,,,4,,,
ClassicGumtree,1,1,0,1,0,0,0,0,138,3,0,0.4,,800,,,,,4,,,
ClassicGumtree,1,1,0,1,0,0,0,0,139,3,0,0.5,,800,,,,,4,,,
ClassicGumtree,1,1,0,1,0,0,0,0,70,3,0,0.6,,800,,,,,4,,,
ClassicGumtree,1,1,0,1,0,0,0,0,69,3,0,0.7,,800,,,,,4,,,
ClassicGumtree,1,1,0,1,0,0,0,0,69,3,0,0.799,,800,,,,,4,,,
ClassicGumtree,1,1,0,1,0,0,0,0,69,3,0,0.899,,800,,,,,4,,,
ClassicGumtree,1,1,0,1,0,0,0,0,70,3,0,0.999,,800,,,,,4,,,
ClassicGumtree,1,1,0,1,0,0,0,0,138,3,0,0.1,,800,,,,,5,,,
ClassicGumtree,1,1,0,1,0,0,0,0,139,3,0,0.2,,800,,,,,5,,,
ClassicGumtree,1,1,0,1,0,0,0,0,70,3,0,0.3,,800,,,,,5,,,
ClassicGumtree,1,1,0,1,0,0,0,0,70,3,0,0.4,,800,,,,,5,,,
ClassicGumtree,1,1,0,1,0,0,0,0,69,3,0,0.5,,800,,,,,5,,,
ClassicGumtree,1,1,0,1,0,0,0,0,69,3,0,0.6,,800,,,,,5,,,
ClassicGumtree,1,1,0,1,0,0,0,0,70,3,0,0.7,,800,,,,,5,,,
ClassicGumtree,1,1,0,1,0,0,0,0,70,3,0,0.799,,800,,,,,5,,,
ClassicGumtree,1,1,0,1,0,0,0,0,70,3,0,0.899,,800,,,,,5,,,
ClassicGumtree,1,1,0,1,0,0,0,0,69,3,0,0.999,,800,,,,,5,,,
ClassicGumtree,1,1,0,1,0,0,0,0,138,3,0,0.1,,900,,,,,1,,,
ClassicGumtree,1,1,0,1,0,0,0,0,137,3,0,0.2,,900,,,,,1,,,
ClassicGumtree,1,1,0,1,0,0,0,0,138,3,0,0.3,,900,,,,,1,,,
ClassicGumtree,1,1,0,1,0,0,0,0,138,3,0,0.4,,900,,,,,1,,,
ClassicGumtree,1,1,0,1,0,0,0,0,138,3,0,0.5,,900,,,,,1,,,
ClassicGumtree,1,1,0,1,0,0,0,0,138,3,0,0.6,,900,,,,,1,,,
ClassicGumtree,1,1,0,1,0,0,0,0,138,3,0,0.7,,900,,,,,1,,,
ClassicGumtree,1,1,0,1,0,0,0,0,138,3,0,0.799,,900,,,,,1,,,
ClassicGumtree,1,1,0,1,0,0,0,0,138,3,0,0.899,,900,,,,,1,,,
ClassicGumtree,1,1,0,1,0,0,0,0,69,3,0,0.999,,900,,,,,1,,,
ClassicGumtree,1,1,0,1,0,0,0,0,138,3,0,0.1,,900,,,,,2,,,
ClassicGumtree,1,1,0,1,0,0,0,0,137,3,0,0.2,,900,,,,,2,,,
ClassicGumtree,1,1,0,1,0,0,0,0,138,3,0,0.3,,900,,,,,2,,,
ClassicGumtree,1,1,0,1,0,0,0,0,138,3,0,0.4,,900,,,,,2,,,
ClassicGumtree,1,1,0,1,0,0,0,0,138,3,0,0.5,,900,,,,,2,,,
ClassicGumtree,1,1,0,1,0,0,0,0,138,3,0,0.6,,900,,,,,2,,,
ClassicGumtree,1,1,0,1,0,0,0,0,137,3,0,0.7,,900,,,,,2,,,
ClassicGumtree,1,1,0,1,0,0,0,0,138,3,0,0.799,,900,,,,,2,,,
ClassicGumtree,1,1,0,1,0,0,0,0,138,3,0,0.899,,900,,,,,2,,,
ClassicGumtree,1,1,0,1,0,0,0,0,70,3,0,0.999,,900,,,,,2,,,
ClassicGumtree,1,1,0,1,0,0,0,0,138,3,0,0.1,,900,,,,,3,,,
ClassicGumtree,1,1,0,1,0,0,0,0,139,3,0,0.2,,900,,,,,3,,,
ClassicGumtree,1,1,0,1,0,0,0,0,138,3,0,0.3,,900,,,,,3,,,
ClassicGumtree,1,1,0,1,0,0,0,0,138,3,0,0.4,,900,,,,,3,,,
ClassicGumtree,1,1,0,1,0,0,0,0,138,3,0,0.5,,900,,,,,3,,,
ClassicGumtree,1,1,0,1,0,0,0,0,138,3,0,0.6,,900,,,,,3,,,
ClassicGumtree,1,1,0,1,0,0,0,0,69,3,0,0.7,,900,,,,,3,,,
ClassicGumtree,1,1,0,1,0,0,0,0,70,3,0,0.799,,900,,,,,3,,,
ClassicGumtree,1,1,0,1,0,0,0,0,69,3,0,0.899,,900,,,,,3,,,
ClassicGumtree,1,1,0,1,0,0,0,0,69,3,0,0.999,,900,,,,,3,,,
ClassicGumtree,1,1,0,1,0,0,0,0,138,3,0,0.1,,900,,,,,4,,,
ClassicGumtree,1,1,0,1,0,0,0,0,138,3,0,0.2,,900,,,,,4,,,
ClassicGumtree,1,1,0,1,0,0,0,0,138,3,0,0.3,,900,,,,,4,,,
ClassicGumtree,1,1,0,1,0,0,0,0,138,3,0,0.4,,900,,,,,4,,,
ClassicGumtree,1,1,0,1,0,0,0,0,138,3,0,0.5,,900,,,,,4,,,
ClassicGumtree,1,1,0,1,0,0,0,0,70,3,0,0.6,,900,,,,,4,,,
ClassicGumtree,1,1,0,1,0,0,0,0,69,3,0,0.7,,900,,,,,4,,,
ClassicGumtree,1,1,0,1,0,0,0,0,70,3,0,0.799,,900,,,,,4,,,
ClassicGumtree,1,1,0,1,0,0,0,0,69,3,0,0.899,,900,,,,,4,,,
ClassicGumtree,1,1,0,1,0,0,0,0,70,3,0,0.999,,900,,,,,4,,,
ClassicGumtree,1,1,0,1,0,0,0,0,138,3,0,0.1,,900,,,,,5,,,
ClassicGumtree,1,1,0,1,0,0,0,0,138,3,0,0.2,,900,,,,,5,,,
ClassicGumtree,1,1,0,1,0,0,0,0,69,3,0,0.3,,900,,,,,5,,,
ClassicGumtree,1,1,0,1,0,0,0,0,70,3,0,0.4,,900,,,,,5,,,
ClassicGumtree,1,1,0,1,0,0,0,0,69,3,0,0.5,,900,,,,,5,,,
ClassicGumtree,1,1,0,1,0,0,0,0,69,3,0,0.6,,900,,,,,5,,,
ClassicGumtree,1,1,0,1,0,0,0,0,69,3,0,0.7,,900,,,,,5,,,
ClassicGumtree,1,1,0,1,0,0,0,0,69,3,0,0.799,,900,,,,,5,,,
ClassicGumtree,1,1,0,1,0,0,0,0,70,3,0,0.899,,900,,,,,5,,,
ClassicGumtree,1,1,0,1,0,0,0,0,69,3,0,0.999,,900,,,,,5,,,
ClassicGumtree,1,1,0,1,0,0,0,0,138,3,0,0.1,,1000,,,,,1,,,
ClassicGumtree,1,1,0,1,0,0,0,0,138,3,0,0.2,,1000,,,,,1,,,
ClassicGumtree,1,1,0,1,0,0,0,0,138,3,0,0.3,,1000,,,,,1,,,
ClassicGumtree,1,1,0,1,0,0,0,0,138,3,0,0.4,,1000,,,,,1,,,
ClassicGumtree,1,1,0,1,0,0,0,0,138,3,0,0.5,,1000,,,,,1,,,
ClassicGumtree,1,1,0,1,0,0,0,0,138,3,0,0.6,,1000,,,,,1,,,
ClassicGumtree,1,1,0,1,0,0,0,0,138,3,0,0.7,,1000,,,,,1,,,
ClassicGumtree,1,1,0,1,0,0,0,0,138,3,0,0.799,,1000,,,,,1,,,
ClassicGumtree,1,1,0,1,0,0,0,0,138,3,0,0.899,,1000,,,,,1,,,
ClassicGumtree,1,1,0,1,0,0,0,0,69,3,0,0.999,,1000,,,,,1,,,
ClassicGumtree,1,1,0,1,0,0,0,0,144,3,0,0.1,,1000,,,,,2,,,
ClassicGumtree,1,1,0,1,0,0,0,0,143,3,0,0.2,,1000,,,,,2,,,
ClassicGumtree,1,1,0,1,0,0,0,0,143,3,0,0.3,,1000,,,,,2,,,
ClassicGumtree,1,1,0,1,0,0,0,0,143,3,0,0.4,,1000,,,,,2,,,
ClassicGumtree,1,1,0,1,0,0,0,0,143,3,0,0.5,,1000,,,,,2,,,
ClassicGumtree,1,1,0,1,0,0,0,0,143,3,0,0.6,,1000,,,,,2,,,
ClassicGumtree,1,1,0,1,0,0,0,0,144,3,0,0.7,,1000,,,,,2,,,
ClassicGumtree,1,1,0,1,0,0,0,0,143,3,0,0.799,,1000,,,,,2,,,
ClassicGumtree,1,1,0,1,0,0,0,0,144,3,0,0.899,,1000,,,,,2,,,
ClassicGumtree,1,1,0,1,0,0,0,0,74,3,0,0.999,,1000,,,,,2,,,
ClassicGumtree,1,1,0,1,0,0,0,0,138,3,0,0.1,,1000,,,,,3,,,
ClassicGumtree,1,1,0,1,0,0,0,0,138,3,0,0.2,,1000,,,,,3,,,
ClassicGumtree,1,1,0,1,0,0,0,0,138,3,0,0.3,,1000,,,,,3,,,
ClassicGumtree,1,1,0,1,0,0,0,0,138,3,0,0.4,,1000,,,,,3,,,
ClassicGumtree,1,1,0,1,0,0,0,0,138,3,0,0.5,,1000,,,,,3,,,
ClassicGumtree,1,1,0,1,0,0,0,0,139,3,0,0.6,,1000,,,,,3,,,
ClassicGumtree,1,1,0,1,0,0,0,0,70,3,0,0.7,,1000,,,,,3,,,
ClassicGumtree,1,1,0,1,0,0,0,0,69,3,0,0.799,,1000,,,,,3,,,
ClassicGumtree,1,1,0,1,0,0,0,0,69,3,0,0.899,,1000,,,,,3,,,
ClassicGumtree,1,1,0,1,0,0,0,0,69,3,0,0.999,,1000,,,,,3,,,
ClassicGumtree,1,1,0,1,0,0,0,0,138,3,0,0.1,,1000,,,,,4,,,
ClassicGumtree,1,1,0,1,0,0,0,0,138,3,0,0.2,,1000,,,,,4,,,
ClassicGumtree,1,1,0,1,0,0,0,0,138,3,0,0.3,,1000,,,,,4,,,
ClassicGumtree,1,1,0,1,0,0,0,0,138,3,0,0.4,,1000,,,,,4,,,
ClassicGumtree,1,1,0,1,0,0,0,0,138,3,0,0.5,,1000,,,,,4,,,
ClassicGumtree,1,1,0,1,0,0,0,0,69,3,0,0.6,,1000,,,,,4,,,
ClassicGumtree,1,1,0,1,0,0,0,0,69,3,0,0.7,,1000,,,,,4,,,
ClassicGumtree,1,1,0,1,0,0,0,0,70,3,0,0.799,,1000,,,,,4,,,
ClassicGumtree,1,1,0,1,0,0,0,0,69,3,0,0.899,,1000,,,,,4,,,
ClassicGumtree,1,1,0,1,0,0,0,0,69,3,0,0.999,,1000,,,,,4,,,
ClassicGumtree,1,1,0,1,0,0,0,0,138,3,0,0.1,,1000,,,,,5,,,
ClassicGumtree,1,1,0,1,0,0,0,0,138,3,0,0.2,,1000,,,,,5,,,
ClassicGumtree,1,1,0,1,0,0,0,0,69,3,0,0.3,,1000,,,,,5,,,
ClassicGumtree,1,1,0,1,0,0,0,0,69,3,0,0.4,,1000,,,,,5,,,
ClassicGumtree,1,1,0,1,0,0,0,0,69,3,0,0.5,,1000,,,,,5,,,
ClassicGumtree,1,1,0,1,0,0,0,0,69,3,0,0.6,,1000,,,,,5,,,
ClassicGumtree,1,1,0,1,0,0,0,0,69,3,0,0.7,,1000,,,,,5,,,
ClassicGumtree,1,1,0,1,0,0,0,0,70,3,0,0.799,,1000,,,,,5,,,
ClassicGumtree,1,1,0,1,0,0,0,0,69,3,0,0.899,,1000,,,,,5,,,
ClassicGumtree,1,1,0,1,0,0,0,0,69,3,0,0.999,,1000,,,,,5,,,
ClassicGumtree,1,1,0,1,0,0,0,0,138,3,0,0.1,,1100,,,,,1,,,
ClassicGumtree,1,1,0,1,0,0,0,0,138,3,0,0.2,,1100,,,,,1,,,
ClassicGumtree,1,1,0,1,0,0,0,0,138,3,0,0.3,,1100,,,,,1,,,
ClassicGumtree,1,1,0,1,0,0,0,0,138,3,0,0.4,,1100,,,,,1,,,
ClassicGumtree,1,1,0,1,0,0,0,0,138,3,0,0.5,,1100,,,,,1,,,
ClassicGumtree,1,1,0,1,0,0,0,0,138,3,0,0.6,,1100,,,,,1,,,
ClassicGumtree,1,1,0,1,0,0,0,0,138,3,0,0.7,,1100,,,,,1,,,
ClassicGumtree,1,1,0,1,0,0,0,0,138,3,0,0.799,,1100,,,,,1,,,
ClassicGumtree,1,1,0,1,0,0,0,0,139,3,0,0.899,,1100,,,,,1,,,
ClassicGumtree,1,1,0,1,0,0,0,0,70,3,0,0.999,,1100,,,,,1,,,
ClassicGumtree,1,1,0,1,0,0,0,0,138,3,0,0.1,,1100,,,,,2,,,
ClassicGumtree,1,1,0,1,0,0,0,0,138,3,0,0.2,,1100,,,,,2,,,
ClassicGumtree,1,1,0,1,0,0,0,0,138,3,0,0.3,,1100,,,,,2,,,
ClassicGumtree,1,1,0,1,0,0,0,0,138,3,0,0.4,,1100,,,,,2,,,
ClassicGumtree,1,1,0,1,0,0,0,0,138,3,0,0.5,,1100,,,,,2,,,
ClassicGumtree,1,1,0,1,0,0,0,0,138,3,0,0.6,,1100,,,,,2,,,
ClassicGumtree,1,1,0,1,0,0,0,0,138,3,0,0.7,,1100,,,,,2,,,
ClassicGumtree,1,1,0,1,0,0,0,0,138,3,0,0.799,,1100,,,,,2,,,
ClassicGumtree,1,1,0,1,0,0,0,0,139,3,0,0.899,,1100,,,,,2,,,
ClassicGumtree,1,1,0,1,0,0,0,0,69,3,0,0.999,,1100,,,,,2,,,
ClassicGumtree,1,1,0,1,0,0,0,0,138,3,0,0.1,,1100,,,,,3,,,
ClassicGumtree,1,1,0,1,0,0,0,0,138,3,0,0.2,,1100,,,,,3,,,
ClassicGumtree,1,1,0,1,0,0,0,0,138,3,0,0.3,,1100,,,,,3,,,
ClassicGumtree,1,1,0,1,0,0,0,0,138,3,0,0.4,,1100,,,,,3,,,
ClassicGumtree,1,1,0,1,0,0,0,0,138,3,0,0.5,,1100,,,,,3,,,
ClassicGumtree,1,1,0,1,0,0,0,0,138,3,0,0.6,,1100,,,,,3,,,
ClassicGumtree,1,1,0,1,0,0,0,0,70,3,0,0.7,,1100,,,,,3,,,
ClassicGumtree,1,1,0,1,0,0,0,0,69,3,0,0.799,,1100,,,,,3,,,
ClassicGumtree,1,1,0,1,0,0,0,0,70,3,0,0.899,,1100,,,,,3,,,
ClassicGumtree,1,1,0,1,0,0,0,0,69,3,0,0.999,,1100,,,,,3,,,
ClassicGumtree,1,1,0,1,0,0,0,0,138,3,0,0.1,,1100,,,,,4,,,
ClassicGumtree,1,1,0,1,0,0,0,0,138,3,0,0.2,,1100,,,,,4,,,
ClassicGumtree,1,1,0,1,0,0,0,0,138,3,0,0.3,,1100,,,,,4,,,
ClassicGumtree,1,1,0,1,0,0,0,0,138,3,0,0.4,,1100,,,,,4,,,
ClassicGumtree,1,1,0,1,0,0,0,0,138,3,0,0.5,,1100,,,,,4,,,
ClassicGumtree,1,1,0,1,0,0,0,0,69,3,0,0.6,,1100,,,,,4,,,
ClassicGumtree,1,1,0,1,0,0,0,0,69,3,0,0.7,,1100,,,,,4,,,
ClassicGumtree,1,1,0,1,0,0,0,0,70,3,0,0.799,,1100,,,,,4,,,
ClassicGumtree,1,1,0,1,0,0,0,0,69,3,0,0.899,,1100,,,,,4,,,
ClassicGumtree,1,1,0,1,0,0,0,0,69,3,0,0.999,,1100,,,,,4,,,
ClassicGumtree,1,1,0,1,0,0,0,0,138,3,0,0.1,,1100,,,,,5,,,
ClassicGumtree,1,1,0,1,0,0,0,0,138,3,0,0.2,,1100,,,,,5,,,
ClassicGumtree,1,1,0,1,0,0,0,0,69,3,0,0.3,,1100,,,,,5,,,
ClassicGumtree,1,1,0,1,0,0,0,0,70,3,0,0.4,,1100,,,,,5,,,
ClassicGumtree,1,1,0,1,0,0,0,0,69,3,0,0.5,,1100,,,,,5,,,
ClassicGumtree,1,1,0,1,0,0,0,0,69,3,0,0.6,,1100,,,,,5,,,
ClassicGumtree,1,1,0,1,0,0,0,0,69,3,0,0.7,,1100,,,,,5,,,
ClassicGumtree,1,1,0,1,0,0,0,0,69,3,0,0.799,,1100,,,,,5,,,
ClassicGumtree,1,1,0,1,0,0,0,0,69,3,0,0.899,,1100,,,,,5,,,
ClassicGumtree,1,1,0,1,0,0,0,0,70,3,0,0.999,,1100,,,,,5,,,
ClassicGumtree,1,1,0,1,0,0,0,0,138,3,0,0.1,,1200,,,,,1,,,
ClassicGumtree,1,1,0,1,0,0,0,0,138,3,0,0.2,,1200,,,,,1,,,
ClassicGumtree,1,1,0,1,0,0,0,0,138,3,0,0.3,,1200,,,,,1,,,
ClassicGumtree,1,1,0,1,0,0,0,0,138,3,0,0.4,,1200,,,,,1,,,
ClassicGumtree,1,1,0,1,0,0,0,0,138,3,0,0.5,,1200,,,,,1,,,
ClassicGumtree,1,1,0,1,0,0,0,0,138,3,0,0.6,,1200,,,,,1,,,
ClassicGumtree,1,1,0,1,0,0,0,0,138,3,0,0.7,,1200,,,,,1,,,
ClassicGumtree,1,1,0,1,0,0,0,0,138,3,0,0.799,,1200,,,,,1,,,
ClassicGumtree,1,1,0,1,0,0,0,0,138,3,0,0.899,,1200,,,,,1,,,
ClassicGumtree,1,1,0,1,0,0,0,0,69,3,0,0.999,,1200,,,,,1,,,
ClassicGumtree,1,1,0,1,0,0,0,0,138,3,0,0.1,,1200,,,,,2,,,
ClassicGumtree,1,1,0,1,0,0,0,0,138,3,0,0.2,,1200,,,,,2,,,
ClassicGumtree,1,1,0,1,0,0,0,0,138,3,0,0.3,,1200,,,,,2,,,
ClassicGumtree,1,1,0,1,0,0,0,0,138,3,0,0.4,,1200,,,,,2,,,
ClassicGumtree,1,1,0,1,0,0,0,0,138,3,0,0.5,,1200,,,,,2,,,
ClassicGumtree,1,1,0,1,0,0,0,0,138,3,0,0.6,,1200,,,,,2,,,
ClassicGumtree,1,1,0,1,0,0,0,0,138,3,0,0.7,,1200,,,,,2,,,
ClassicGumtree,1,1,0,1,0,0,0,0,138,3,0,0.799,,1200,,,,,2,,,
ClassicGumtree,1,1,0,1,0,0,0,0,138,3,0,0.899,,1200,,,,,2,,,
ClassicGumtree,1,1,0,1,0,0,0,0,69,3,0,0.999,,1200,,,,,2,,,
ClassicGumtree,1,1,0,1,0,0,0,0,138,3,0,0.1,,1200,,,,,3,,,
ClassicGumtree,1,1,0,1,0,0,0,0,138,3,0,0.2,,1200,,,,,3,,,
ClassicGumtree,1,1,0,1,0,0,0,0,138,3,0,0.3,,1200,,,,,3,,,
ClassicGumtree,1,1,0,1,0,0,0,0,138,3,0,0.4,,1200,,,,,3,,,
ClassicGumtree,1,1,0,1,0,0,0,0,138,3,0,0.5,,1200,,,,,3,,,
ClassicGumtree,1,1,0,1,0,0,0,0,138,3,0,0.6,,1200,,,,,3,,,
ClassicGumtree,1,1,0,1,0,0,0,0,70,3,0,0.7,,1200,,,,,3,,,
ClassicGumtree,1,1,0,1,0,0,0,0,69,3,0,0.799,,1200,,,,,3,,,
ClassicGumtree,1,1,0,1,0,0,0,0,70,3,0,0.899,,1200,,,,,3,,,
ClassicGumtree,1,1,0,1,0,0,0,0,69,3,0,0.999,,1200,,,,,3,,,
ClassicGumtree,1,1,0,1,0,0,0,0,138,3,0,0.1,,1200,,,,,4,,,
ClassicGumtree,1,1,0,1,0,0,0,0,138,3,0,0.2,,1200,,,,,4,,,
ClassicGumtree,1,1,0,1,0,0,0,0,138,3,0,0.3,,1200,,,,,4,,,
ClassicGumtree,1,1,0,1,0,0,0,0,138,3,0,0.4,,1200,,,,,4,,,
ClassicGumtree,1,1,0,1,0,0,0,0,138,3,0,0.5,,1200,,,,,4,,,
ClassicGumtree,1,1,0,1,0,0,0,0,70,3,0,0.6,,1200,,,,,4,,,
ClassicGumtree,1,1,0,1,0,0,0,0,70,3,0,0.7,,1200,,,,,4,,,
ClassicGumtree,1,1,0,1,0,0,0,0,69,3,0,0.799,,1200,,,,,4,,,
ClassicGumtree,1,1,0,1,0,0,0,0,70,3,0,0.899,,1200,,,,,4,,,
ClassicGumtree,1,1,0,1,0,0,0,0,69,3,0,0.999,,1200,,,,,4,,,
ClassicGumtree,1,1,0,1,0,0,0,0,138,3,0,0.1,,1200,,,,,5,,,
ClassicGumtree,1,1,0,1,0,0,0,0,138,3,0,0.2,,1200,,,,,5,,,
ClassicGumtree,1,1,0,1,0,0,0,0,71,3,0,0.3,,1200,,,,,5,,,
ClassicGumtree,1,1,0,1,0,0,0,0,69,3,0,0.4,,1200,,,,,5,,,
ClassicGumtree,1,1,0,1,0,0,0,0,70,3,0,0.5,,1200,,,,,5,,,
ClassicGumtree,1,1,0,1,0,0,0,0,69,3,0,0.6,,1200,,,,,5,,,
ClassicGumtree,1,1,0,1,0,0,0,0,70,3,0,0.7,,1200,,,,,5,,,
ClassicGumtree,1,1,0,1,0,0,0,0,69,3,0,0.799,,1200,,,,,5,,,
ClassicGumtree,1,1,0,1,0,0,0,0,70,3,0,0.899,,1200,,,,,5,,,
ClassicGumtree,1,1,0,1,0,0,0,0,69,3,0,0.999,,1200,,,,,5,,,
ClassicGumtree,1,1,0,1,0,0,0,0,138,3,0,0.1,,1300,,,,,1,,,
ClassicGumtree,1,1,0,1,0,0,0,0,138,3,0,0.2,,1300,,,,,1,,,
ClassicGumtree,1,1,0,1,0,0,0,0,138,3,0,0.3,,1300,,,,,1,,,
ClassicGumtree,1,1,0,1,0,0,0,0,138,3,0,0.4,,1300,,,,,1,,,
ClassicGumtree,1,1,0,1,0,0,0,0,138,3,0,0.5,,1300,,,,,1,,,
ClassicGumtree,1,1,0,1,0,0,0,0,139,3,0,0.6,,1300,,,,,1,,,
ClassicGumtree,1,1,0,1,0,0,0,0,138,3,0,0.7,,1300,,,,,1,,,
ClassicGumtree,1,1,0,1,0,0,0,0,138,3,0,0.799,,1300,,,,,1,,,
ClassicGumtree,1,1,0,1,0,0,0,0,138,3,0,0.899,,1300,,,,,1,,,
ClassicGumtree,1,1,0,1,0,0,0,0,70,3,0,0.999,,1300,,,,,1,,,
ClassicGumtree,1,1,0,1,0,0,0,0,138,3,0,0.1,,1300,,,,,2,,,
ClassicGumtree,1,1,0,1,0,0,0,0,138,3,0,0.2,,1300,,,,,2,,,
ClassicGumtree,1,1,0,1,0,0,0,0,138,3,0,0.3,,1300,,,,,2,,,
ClassicGumtree,1,1,0,1,0,0,0,0,138,3,0,0.4,,1300,,,,,2,,,
ClassicGumtree,1,1,0,1,0,0,0,0,138,3,0,0.5,,1300,,,,,2,,,
ClassicGumtree,1,1,0,1,0,0,0,0,138,3,0,0.6,,1300,,,,,2,,,
ClassicGumtree,1,1,0,1,0,0,0,0,138,3,0,0.7,,1300,,,,,2,,,
ClassicGumtree,1,1,0,1,0,0,0,0,138,3,0,0.799,,1300,,,,,2,,,
ClassicGumtree,1,1,0,1,0,0,0,0,138,3,0,0.899,,1300,,,,,2,,,
ClassicGumtree,1,1,0,1,0,0,0,0,69,3,0,0.999,,1300,,,,,2,,,
ClassicGumtree,1,1,0,1,0,0,0,0,138,3,0,0.1,,1300,,,,,3,,,
ClassicGumtree,1,1,0,1,0,0,0,0,137,3,0,0.2,,1300,,,,,3,,,
ClassicGumtree,1,1,0,1,0,0,0,0,138,3,0,0.3,,1300,,,,,3,,,
ClassicGumtree,1,1,0,1,0,0,0,0,138,3,0,0.4,,1300,,,,,3,,,
ClassicGumtree,1,1,0,1,0,0,0,0,138,3,0,0.5,,1300,,,,,3,,,
ClassicGumtree,1,1,0,1,0,0,0,0,138,3,0,0.6,,1300,,,,,3,,,
ClassicGumtree,1,1,0,1,0,0,0,0,69,3,0,0.7,,1300,,,,,3,,,
ClassicGumtree,1,1,0,1,0,0,0,0,69,3,0,0.799,,1300,,,,,3,,,
ClassicGumtree,1,1,0,1,0,0,0,0,70,3,0,0.899,,1300,,,,,3,,,
ClassicGumtree,1,1,0,1,0,0,0,0,70,3,0,0.999,,1300,,,,,3,,,
ClassicGumtree,1,1,0,1,0,0,0,0,142,3,0,0.1,,1300,,,,,4,,,
ClassicGumtree,1,1,0,1,0,0,0,0,143,3,0,0.2,,1300,,,,,4,,,
ClassicGumtree,1,1,0,1,0,0,0,0,142,3,0,0.3,,1300,,,,,4,,,
ClassicGumtree,1,1,0,1,0,0,0,0,142,3,0,0.4,,1300,,,,,4,,,
ClassicGumtree,1,1,0,1,0,0,0,0,142,3,0,0.5,,1300,,,,,4,,,
ClassicGumtree,1,1,0,1,0,0,0,0,74,3,0,0.6,,1300,,,,,4,,,
ClassicGumtree,1,1,0,1,0,0,0,0,74,3,0,0.7,,1300,,,,,4,,,
ClassicGumtree,1,1,0,1,0,0,0,0,74,3,0,0.799,,1300,,,,,4,,,
ClassicGumtree,1,1,0,1,0,0,0,0,74,3,0,0.899,,1300,,,,,4,,,
ClassicGumtree,1,1,0,1,0,0,0,0,74,3,0,0.999,,1300,,,,,4,,,
ClassicGumtree,1,1,0,1,0,0,0,0,137,3,0,0.1,,1300,,,,,5,,,
ClassicGumtree,1,1,0,1,0,0,0,0,138,3,0,0.2,,1300,,,,,5,,,
ClassicGumtree,1,1,0,1,0,0,0,0,70,3,0,0.3,,1300,,,,,5,,,
ClassicGumtree,1,1,0,1,0,0,0,0,69,3,0,0.4,,1300,,,,,5,,,
ClassicGumtree,1,1,0,1,0,0,0,0,69,3,0,0.5,,1300,,,,,5,,,
ClassicGumtree,1,1,0,1,0,0,0,0,70,3,0,0.6,,1300,,,,,5,,,
ClassicGumtree,1,1,0,1,0,0,0,0,69,3,0,0.7,,1300,,,,,5,,,
ClassicGumtree,1,1,0,1,0,0,0,0,70,3,0,0.799,,1300,,,,,5,,,
ClassicGumtree,1,1,0,1,0,0,0,0,70,3,0,0.899,,1300,,,,,5,,,
ClassicGumtree,1,1,0,1,0,0,0,0,70,3,0,0.999,,1300,,,,,5,,,
ClassicGumtree,1,1,0,1,0,0,0,0,138,3,0,0.1,,1400,,,,,1,,,
ClassicGumtree,1,1,0,1,0,0,0,0,138,3,0,0.2,,1400,,,,,1,,,
ClassicGumtree,1,1,0,1,0,0,0,0,139,3,0,0.3,,1400,,,,,1,,,
ClassicGumtree,1,1,0,1,0,0,0,0,138,3,0,0.4,,1400,,,,,1,,,
ClassicGumtree,1,1,0,1,0,0,0,0,139,3,0,0.5,,1400,,,,,1,,,
ClassicGumtree,1,1,0,1,0,0,0,0,138,3,0,0.6,,1400,,,,,1,,,
ClassicGumtree,1,1,0,1,0,0,0,0,138,3,0,0.7,,1400,,,,,1,,,
ClassicGumtree,1,1,0,1,0,0,0,0,138,3,0,0.799,,1400,,,,,1,,,
ClassicGumtree,1,1,0,1,0,0,0,0,139,3,0,0.899,,1400,,,,,1,,,
ClassicGumtree,1,1,0,1,0,0,0,0,70,3,0,0.999,,1400,,,,,1,,,
ClassicGumtree,1,1,0,1,0,0,0,0,138,3,0,0.1,,1400,,,,,2,,,
ClassicGumtree,1,1,0,1,0,0,0,0,138,3,0,0.2,,1400,,,,,2,,,
ClassicGumtree,1,1,0,1,0,0,0,0,139,3,0,0.3,,1400,,,,,2,,,
ClassicGumtree,1,1,0,1,0,0,0,0,138,3,0,0.4,,1400,,,,,2,,,
ClassicGumtree,1,1,0,1,0,0,0,0,139,3,0,0.5,,1400,,,,,2,,,
ClassicGumtree,1,1,0,1,0,0,0,0,138,3,0,0.6,,1400,,,,,2,,,
ClassicGumtree,1,1,0,1,0,0,0,0,138,3,0,0.7,,1400,,,,,2,,,
ClassicGumtree,1,1,0,1,0,0,0,0,138,3,0,0.799,,1400,,,,,2,,,
ClassicGumtree,1,1,0,1,0,0,0,0,139,3,0,0.899,,1400,,,,,2,,,
ClassicGumtree,1,1,0,1,0,0,0,0,70,3,0,0.999,,1400,,,,,2,,,
ClassicGumtree,1,1,0,1,0,0,0,0,138,3,0,0.1,,1400,,,,,3,,,
ClassicGumtree,1,1,0,1,0,0,0,0,138,3,0,0.2,,1400,,,,,3,,,
ClassicGumtree,1,1,0,1,0,0,0,0,138,3,0,0.3,,1400,,,,,3,,,
ClassicGumtree,1,1,0,1,0,0,0,0,138,3,0,0.4,,1400,,,,,3,,,
ClassicGumtree,1,1,0,1,0,0,0,0,140,3,0,0.5,,1400,,,,,3,,,
ClassicGumtree,1,1,0,1,0,0,0,0,137,3,0,0.6,,1400,,,,,3,,,
ClassicGumtree,1,1,0,1,0,0,0,0,69,3,0,0.7,,1400,,,,,3,,,
ClassicGumtree,1,1,0,1,0,0,0,0,70,3,0,0.799,,1400,,,,,3,,,
ClassicGumtree,1,1,0,1,0,0,0,0,70,3,0,0.899,,1400,,,,,3,,,
ClassicGumtree,1,1,0,1,0,0,0,0,69,3,0,0.999,,1400,,,,,3,,,
ClassicGumtree,1,1,0,1,0,0,0,0,138,3,0,0.1,,1400,,,,,4,,,
ClassicGumtree,1,1,0,1,0,0,0,0,139,3,0,0.2,,1400,,,,,4,,,
ClassicGumtree,1,1,0,1,0,0,0,0,138,3,0,0.3,,1400,,,,,4,,,
ClassicGumtree,1,1,0,1,0,0,0,0,138,3,0,0.4,,1400,,,,,4,,,
ClassicGumtree,1,1,0,1,0,0,0,0,137,3,0,0.5,,1400,,,,,4,,,
ClassicGumtree,1,1,0,1,0,0,0,0,70,3,0,0.6,,1400,,,,,4,,,
ClassicGumtree,1,1,0,1,0,0,0,0,70,3,0,0.7,,1400,,,,,4,,,
ClassicGumtree,1,1,0,1,0,0,0,0,69,3,0,0.799,,1400,,,,,4,,,
ClassicGumtree,1,1,0,1,0,0,0,0,70,3,0,0.899,,1400,,,,,4,,,
ClassicGumtree,1,1,0,1,0,0,0,0,69,3,0,0.999,,1400,,,,,4,,,
ClassicGumtree,1,1,0,1,0,0,0,0,138,3,0,0.1,,1400,,,,,5,,,
ClassicGumtree,1,1,0,1,0,0,0,0,138,3,0,0.2,,1400,,,,,5,,,
ClassicGumtree,1,1,0,1,0,0,0,0,69,3,0,0.3,,1400,,,,,5,,,
ClassicGumtree,1,1,0,1,0,0,0,0,70,3,0,0.4,,1400,,,,,5,,,
ClassicGumtree,1,1,0,1,0,0,0,0,69,3,0,0.5,,1400,,,,,5,,,
ClassicGumtree,1,1,0,1,0,0,0,0,70,3,0,0.6,,1400,,,,,5,,,
ClassicGumtree,1,1,0,1,0,0,0,0,70,3,0,0.7,,1400,,,,,5,,,
ClassicGumtree,1,1,0,1,0,0,0,0,69,3,0,0.799,,1400,,,,,5,,,
ClassicGumtree,1,1,0,1,0,0,0,0,69,3,0,0.899,,1400,,,,,5,,,
ClassicGumtree,1,1,0,1,0,0,0,0,70,3,0,0.999,,1400,,,,,5,,,
ClassicGumtree,1,1,0,1,0,0,0,0,138,3,0,0.1,,1500,,,,,1,,,
ClassicGumtree,1,1,0,1,0,0,0,0,138,3,0,0.2,,1500,,,,,1,,,
ClassicGumtree,1,1,0,1,0,0,0,0,138,3,0,0.3,,1500,,,,,1,,,
ClassicGumtree,1,1,0,1,0,0,0,0,138,3,0,0.4,,1500,,,,,1,,,
ClassicGumtree,1,1,0,1,0,0,0,0,138,3,0,0.5,,1500,,,,,1,,,
ClassicGumtree,1,1,0,1,0,0,0,0,138,3,0,0.6,,1500,,,,,1,,,
ClassicGumtree,1,1,0,1,0,0,0,0,138,3,0,0.7,,1500,,,,,1,,,
ClassicGumtree,1,1,0,1,0,0,0,0,138,3,0,0.799,,1500,,,,,1,,,
ClassicGumtree,1,1,0,1,0,0,0,0,138,3,0,0.899,,1500,,,,,1,,,
ClassicGumtree,1,1,0,1,0,0,0,0,69,3,0,0.999,,1500,,,,,1,,,
ClassicGumtree,1,1,0,1,0,0,0,0,138,3,0,0.1,,1500,,,,,2,,,
ClassicGumtree,1,1,0,1,0,0,0,0,138,3,0,0.2,,1500,,,,,2,,,
ClassicGumtree,1,1,0,1,0,0,0,0,138,3,0,0.3,,1500,,,,,2,,,
ClassicGumtree,1,1,0,1,0,0,0,0,138,3,0,0.4,,1500,,,,,2,,,
ClassicGumtree,1,1,0,1,0,0,0,0,138,3,0,0.5,,1500,,,,,2,,,
ClassicGumtree,1,1,0,1,0,0,0,0,138,3,0,0.6,,1500,,,,,2,,,
ClassicGumtree,1,1,0,1,0,0,0,0,138,3,0,0.7,,1500,,,,,2,,,
ClassicGumtree,1,1,0,1,0,0,0,0,138,3,0,0.799,,1500,,,,,2,,,
ClassicGumtree,1,1,0,1,0,0,0,0,138,3,0,0.899,,1500,,,,,2,,,
ClassicGumtree,1,1,0,1,0,0,0,0,69,3,0,0.999,,1500,,,,,2,,,
ClassicGumtree,1,1,0,1,0,0,0,0,138,3,0,0.1,,1500,,,,,3,,,
ClassicGumtree,1,1,0,1,0,0,0,0,138,3,0,0.2,,1500,,,,,3,,,
ClassicGumtree,1,1,0,1,0,0,0,0,138,3,0,0.3,,1500,,,,,3,,,
ClassicGumtree,1,1,0,1,0,0,0,0,138,3,0,0.4,,1500,,,,,3,,,
ClassicGumtree,1,1,0,1,0,0,0,0,138,3,0,0.5,,1500,,,,,3,,,
ClassicGumtree,1,1,0,1,0,0,0,0,138,3,0,0.6,,1500,,,,,3,,,
ClassicGumtree,1,1,0,1,0,0,0,0,69,3,0,0.7,,1500,,,,,3,,,
ClassicGumtree,1,1,0,1,0,0,0,0,69,3,0,0.799,,1500,,,,,3,,,
ClassicGumtree,1,1,0,1,0,0,0,0,69,3,0,0.899,,1500,,,,,3,,,
ClassicGumtree,1,1,0,1,0,0,0,0,69,3,0,0.999,,1500,,,,,3,,,
ClassicGumtree,1,1,0,1,0,0,0,0,138,3,0,0.1,,1500,,,,,4,,,
ClassicGumtree,1,1,0,1,0,0,0,0,138,3,0,0.2,,1500,,,,,4,,,
ClassicGumtree,1,1,0,1,0,0,0,0,138,3,0,0.3,,1500,,,,,4,,,
ClassicGumtree,1,1,0,1,0,0,0,0,138,3,0,0.4,,1500,,,,,4,,,
ClassicGumtree,1,1,0,1,0,0,0,0,138,3,0,0.5,,1500,,,,,4,,,
ClassicGumtree,1,1,0,1,0,0,0,0,69,3,0,0.6,,1500,,,,,4,,,
ClassicGumtree,1,1,0,1,0,0,0,0,70,3,0,0.7,,1500,,,,,4,,,
ClassicGumtree,1,1,0,1,0,0,0,0,70,3,0,0.799,,1500,,,,,4,,,
ClassicGumtree,1,1,0,1,0,0,0,0,70,3,0,0.899,,1500,,,,,4,,,
ClassicGumtree,1,1,0,1,0,0,0,0,69,3,0,0.999,,1500,,,,,4,,,
ClassicGumtree,1,1,0,1,0,0,0,0,138,3,0,0.1,,1500,,,,,5,,,
ClassicGumtree,1,1,0,1,0,0,0,0,137,3,0,0.2,,1500,,,,,5,,,
ClassicGumtree,1,1,0,1,0,0,0,0,69,3,0,0.3,,1500,,,,,5,,,
ClassicGumtree,1,1,0,1,0,0,0,0,70,3,0,0.4,,1500,,,,,5,,,
ClassicGumtree,1,1,0,1,0,0,0,0,69,3,0,0.5,,1500,,,,,5,,,
ClassicGumtree,1,1,0,1,0,0,0,0,69,3,0,0.6,,1500,,,,,5,,,
ClassicGumtree,1,1,0,1,0,0,0,0,69,3,0,0.7,,1500,,,,,5,,,
ClassicGumtree,1,1,0,1,0,0,0,0,69,3,0,0.799,,1500,,,,,5,,,
ClassicGumtree,1,1,0,1,0,0,0,0,69,3,0,0.899,,1500,,,,,5,,,
ClassicGumtree,1,1,0,1,0,0,0,0,69,3,0,0.999,,1500,,,,,5,,,
ClassicGumtree,1,1,0,1,0,0,0,0,138,3,0,0.1,,1600,,,,,1,,,
ClassicGumtree,1,1,0,1,0,0,0,0,138,3,0,0.2,,1600,,,,,1,,,
ClassicGumtree,1,1,0,1,0,0,0,0,138,3,0,0.3,,1600,,,,,1,,,
ClassicGumtree,1,1,0,1,0,0,0,0,138,3,0,0.4,,1600,,,,,1,,,
ClassicGumtree,1,1,0,1,0,0,0,0,138,3,0,0.5,,1600,,,,,1,,,
ClassicGumtree,1,1,0,1,0,0,0,0,138,3,0,0.6,,1600,,,,,1,,,
ClassicGumtree,1,1,0,1,0,0,0,0,138,3,0,0.7,,1600,,,,,1,,,
ClassicGumtree,1,1,0,1,0,0,0,0,138,3,0,0.799,,1600,,,,,1,,,
ClassicGumtree,1,1,0,1,0,0,0,0,138,3,0,0.899,,1600,,,,,1,,,
ClassicGumtree,1,1,0,1,0,0,0,0,70,3,0,0.999,,1600,,,,,1,,,
ClassicGumtree,1,1,0,1,0,0,0,0,138,3,0,0.1,,1600,,,,,2,,,
ClassicGumtree,1,1,0,1,0,0,0,0,138,3,0,0.2,,1600,,,,,2,,,
ClassicGumtree,1,1,0,1,0,0,0,0,137,3,0,0.3,,1600,,,,,2,,,
ClassicGumtree,1,1,0,1,0,0,0,0,139,3,0,0.4,,1600,,,,,2,,,
ClassicGumtree,1,1,0,1,0,0,0,0,138,3,0,0.5,,1600,,,,,2,,,
ClassicGumtree,1,1,0,1,0,0,0,0,138,3,0,0.6,,1600,,,,,2,,,
ClassicGumtree,1,1,0,1,0,0,0,0,138,3,0,0.7,,1600,,,,,2,,,
ClassicGumtree,1,1,0,1,0,0,0,0,138,3,0,0.799,,1600,,,,,2,,,
ClassicGumtree,1,1,0,1,0,0,0,0,138,3,0,0.899,,1600,,,,,2,,,
ClassicGumtree,1,1,0,1,0,0,0,0,69,3,0,0.999,,1600,,,,,2,,,
ClassicGumtree,1,1,0,1,0,0,0,0,138,3,0,0.1,,1600,,,,,3,,,
ClassicGumtree,1,1,0,1,0,0,0,0,138,3,0,0.2,,1600,,,,,3,,,
ClassicGumtree,1,1,0,1,0,0,0,0,138,3,0,0.3,,1600,,,,,3,,,
ClassicGumtree,1,1,0,1,0,0,0,0,139,3,0,0.4,,1600,,,,,3,,,
ClassicGumtree,1,1,0,1,0,0,0,0,138,3,0,0.5,,1600,,,,,3,,,
ClassicGumtree,1,1,0,1,0,0,0,0,138,3,0,0.6,,1600,,,,,3,,,
ClassicGumtree,1,1,0,1,0,0,0,0,70,3,0,0.7,,1600,,,,,3,,,
ClassicGumtree,1,1,0,1,0,0,0,0,70,3,0,0.799,,1600,,,,,3,,,
ClassicGumtree,1,1,0,1,0,0,0,0,70,3,0,0.899,,1600,,,,,3,,,
ClassicGumtree,1,1,0,1,0,0,0,0,70,3,0,0.999,,1600,,,,,3,,,
ClassicGumtree,1,1,0,1,0,0,0,0,138,3,0,0.1,,1600,,,,,4,,,
ClassicGumtree,1,1,0,1,0,0,0,0,138,3,0,0.2,,1600,,,,,4,,,
ClassicGumtree,1,1,0,1,0,0,0,0,138,3,0,0.3,,1600,,,,,4,,,
ClassicGumtree,1,1,0,1,0,0,0,0,138,3,0,0.4,,1600,,,,,4,,,
ClassicGumtree,1,1,0,1,0,0,0,0,138,3,0,0.5,,1600,,,,,4,,,
ClassicGumtree,1,1,0,1,0,0,0,0,69,3,0,0.6,,1600,,,,,4,,,
ClassicGumtree,1,1,0,1,0,0,0,0,69,3,0,0.7,,1600,,,,,4,,,
ClassicGumtree,1,1,0,1,0,0,0,0,69,3,0,0.799,,1600,,,,,4,,,
ClassicGumtree,1,1,0,1,0,0,0,0,69,3,0,0.899,,1600,,,,,4,,,
ClassicGumtree,1,1,0,1,0,0,0,0,70,3,0,0.999,,1600,,,,,4,,,
ClassicGumtree,1,1,0,1,0,0,0,0,138,3,0,0.1,,1600,,,,,5,,,
ClassicGumtree,1,1,0,1,0,0,0,0,138,3,0,0.2,,1600,,,,,5,,,
ClassicGumtree,1,1,0,1,0,0,0,0,69,3,0,0.3,,1600,,,,,5,,,
ClassicGumtree,1,1,0,1,0,0,0,0,69,3,0,0.4,,1600,,,,,5,,,
ClassicGumtree,1,1,0,1,0,0,0,0,69,3,0,0.5,,1600,,,,,5,,,
ClassicGumtree,1,1,0,1,0,0,0,0,69,3,0,0.6,,1600,,,,,5,,,
ClassicGumtree,1,1,0,1,0,0,0,0,69,3,0,0.7,,1600,,,,,5,,,
ClassicGumtree,1,1,0,1,0,0,0,0,69,3,0,0.799,,1600,,,,,5,,,
ClassicGumtree,1,1,0,1,0,0,0,0,69,3,0,0.899,,1600,,,,,5,,,
ClassicGumtree,1,1,0,1,0,0,0,0,70,3,0,0.999,,1600,,,,,5,,,
ClassicGumtree,1,1,0,1,0,0,0,0,138,3,0,0.1,,1700,,,,,1,,,
ClassicGumtree,1,1,0,1,0,0,0,0,145,3,0,0.2,,1700,,,,,1,,,
ClassicGumtree,1,1,0,1,0,0,0,0,144,3,0,0.3,,1700,,,,,1,,,
ClassicGumtree,1,1,0,1,0,0,0,0,145,3,0,0.4,,1700,,,,,1,,,
ClassicGumtree,1,1,0,1,0,0,0,0,143,3,0,0.5,,1700,,,,,1,,,
ClassicGumtree,1,1,0,1,0,0,0,0,144,3,0,0.6,,1700,,,,,1,,,
ClassicGumtree,1,1,0,1,0,0,0,0,144,3,0,0.7,,1700,,,,,1,,,
ClassicGumtree,1,1,0,1,0,0,0,0,144,3,0,0.799,,1700,,,,,1,,,
ClassicGumtree,1,1,0,1,0,0,0,0,144,3,0,0.899,,1700,,,,,1,,,
ClassicGumtree,1,1,0,1,0,0,0,0,70,3,0,0.999,,1700,,,,,1,,,
ClassicGumtree,1,1,0,1,0,0,0,0,144,3,0,0.1,,1700,,,,,2,,,
ClassicGumtree,1,1,0,1,0,0,0,0,144,3,0,0.2,,1700,,,,,2,,,
ClassicGumtree,1,1,0,1,0,0,0,0,138,3,0,0.3,,1700,,,,,2,,,
ClassicGumtree,1,1,0,1,0,0,0,0,138,3,0,0.4,,1700,,,,,2,,,
ClassicGumtree,1,1,0,1,0,0,0,0,138,3,0,0.5,,1700,,,,,2,,,
ClassicGumtree,1,1,0,1,0,0,0,0,138,3,0,0.6,,1700,,,,,2,,,
ClassicGumtree,1,1,0,1,0,0,0,0,138,3,0,0.7,,1700,,,,,2,,,
ClassicGumtree,1,1,0,1,0,0,0,0,138,3,0,0.799,,1700,,,,,2,,,
ClassicGumtree,1,1,0,1,0,0,0,0,138,3,0,0.899,,1700,,,,,2,,,
ClassicGumtree,1,1,0,1,0,0,0,0,70,3,0,0.999,,1700,,,,,2,,,
ClassicGumtree,1,1,0,1,0,0,0,0,138,3,0,0.1,,1700,,,,,3,,,
ClassicGumtree,1,1,0,1,0,0,0,0,139,3,0,0.2,,1700,,,,,3,,,
ClassicGumtree,1,1,0,1,0,0,0,0,139,3,0,0.3,,1700,,,,,3,,,
ClassicGumtree,1,1,0,1,0,0,0,0,138,3,0,0.4,,1700,,,,,3,,,
ClassicGumtree,1,1,0,1,0,0,0,0,139,3,0,0.5,,1700,,,,,3,,,
ClassicGumtree,1,1,0,1,0,0,0,0,139,3,0,0.6,,1700,,,,,3,,,
ClassicGumtree,1,1,0,1,0,0,0,0,69,3,0,0.7,,1700,,,,,3,,,
ClassicGumtree,1,1,0,1,0,0,0,0,70,3,0,0.799,,1700,,,,,3,,,
ClassicGumtree,1,1,0,1,0,0,0,0,70,3,0,0.899,,1700,,,,,3,,,
ClassicGumtree,1,1,0,1,0,0,0,0,70,3,0,0.999,,1700,,,,,3,,,
ClassicGumtree,1,1,0,1,0,0,0,0,139,3,0,0.1,,1700,,,,,4,,,
ClassicGumtree,1,1,0,1,0,0,0,0,138,3,0,0.2,,1700,,,,,4,,,
ClassicGumtree,1,1,0,1,0,0,0,0,139,3,0,0.3,,1700,,,,,4,,,
ClassicGumtree,1,1,0,1,0,0,0,0,138,3,0,0.4,,1700,,,,,4,,,
ClassicGumtree,1,1,0,1,0,0,0,0,139,3,0,0.5,,1700,,,,,4,,,
ClassicGumtree,1,1,0,1,0,0,0,0,70,3,0,0.6,,1700,,,,,4,,,
ClassicGumtree,1,1,0,1,0,0,0,0,70,3,0,0.7,,1700,,,,,4,,,
ClassicGumtree,1,1,0,1,0,0,0,0,70,3,0,0.799,,1700,,,,,4,,,
ClassicGumtree,1,1,0,1,0,0,0,0,70,3,0,0.899,,1700,,,,,4,,,
ClassicGumtree,1,1,0,1,0,0,0,0,69,3,0,0.999,,1700,,,,,4,,,
ClassicGumtree,1,1,0,1,0,0,0,0,138,3,0,0.1,,1700,,,,,5,,,
ClassicGumtree,1,1,0,1,0,0,0,0,138,3,0,0.2,,1700,,,,,5,,,
ClassicGumtree,1,1,0,1,0,0,0,0,69,3,0,0.3,,1700,,,,,5,,,
ClassicGumtree,1,1,0,1,0,0,0,0,69,3,0,0.4,,1700,,,,,5,,,
ClassicGumtree,1,1,0,1,0,0,0,0,69,3,0,0.5,,1700,,,,,5,,,
ClassicGumtree,1,1,0,1,0,0,0,0,70,3,0,0.6,,1700,,,,,5,,,
ClassicGumtree,1,1,0,1,0,0,0,0,70,3,0,0.7,,1700,,,,,5,,,
ClassicGumtree,1,1,0,1,0,0,0,0,69,3,0,0.799,,1700,,,,,5,,,
ClassicGumtree,1,1,0,1,0,0,0,0,69,3,0,0.899,,1700,,,,,5,,,
ClassicGumtree,1,1,0,1,0,0,0,0,69,3,0,0.999,,1700,,,,,5,,,
ClassicGumtree,1,1,0,1,0,0,0,0,138,3,0,0.1,,1800,,,,,1,,,
ClassicGumtree,1,1,0,1,0,0,0,0,138,3,0,0.2,,1800,,,,,1,,,
ClassicGumtree,1,1,0,1,0,0,0,0,138,3,0,0.3,,1800,,,,,1,,,
ClassicGumtree,1,1,0,1,0,0,0,0,138,3,0,0.4,,1800,,,,,1,,,
ClassicGumtree,1,1,0,1,0,0,0,0,138,3,0,0.5,,1800,,,,,1,,,
ClassicGumtree,1,1,0,1,0,0,0,0,138,3,0,0.6,,1800,,,,,1,,,
ClassicGumtree,1,1,0,1,0,0,0,0,138,3,0,0.7,,1800,,,,,1,,,
ClassicGumtree,1,1,0,1,0,0,0,0,138,3,0,0.799,,1800,,,,,1,,,
ClassicGumtree,1,1,0,1,0,0,0,0,138,3,0,0.899,,1800,,,,,1,,,
ClassicGumtree,1,1,0,1,0,0,0,0,69,3,0,0.999,,1800,,,,,1,,,
ClassicGumtree,1,1,0,1,0,0,0,0,138,3,0,0.1,,1800,,,,,2,,,
ClassicGumtree,1,1,0,1,0,0,0,0,138,3,0,0.2,,1800,,,,,2,,,
ClassicGumtree,1,1,0,1,0,0,0,0,138,3,0,0.3,,1800,,,,,2,,,
ClassicGumtree,1,1,0,1,0,0,0,0,138,3,0,0.4,,1800,,,,,2,,,
ClassicGumtree,1,1,0,1,0,0,0,0,138,3,0,0.5,,1800,,,,,2,,,
ClassicGumtree,1,1,0,1,0,0,0,0,138,3,0,0.6,,1800,,,,,2,,,
ClassicGumtree,1,1,0,1,0,0,0,0,138,3,0,0.7,,1800,,,,,2,,,
ClassicGumtree,1,1,0,1,0,0,0,0,138,3,0,0.799,,1800,,,,,2,,,
ClassicGumtree,1,1,0,1,0,0,0,0,138,3,0,0.899,,1800,,,,,2,,,
ClassicGumtree,1,1,0,1,0,0,0,0,69,3,0,0.999,,1800,,,,,2,,,
ClassicGumtree,1,1,0,1,0,0,0,0,138,3,0,0.1,,1800,,,,,3,,,
ClassicGumtree,1,1,0,1,0,0,0,0,138,3,0,0.2,,1800,,,,,3,,,
ClassicGumtree,1,1,0,1,0,0,0,0,138,3,0,0.3,,1800,,,,,3,,,
ClassicGumtree,1,1,0,1,0,0,0,0,138,3,0,0.4,,1800,,,,,3,,,
ClassicGumtree,1,1,0,1,0,0,0,0,138,3,0,0.5,,1800,,,,,3,,,
ClassicGumtree,1,1,0,1,0,0,0,0,138,3,0,0.6,,1800,,,,,3,,,
ClassicGumtree,1,1,0,1,0,0,0,0,69,3,0,0.7,,1800,,,,,3,,,
ClassicGumtree,1,1,0,1,0,0,0,0,69,3,0,0.799,,1800,,,,,3,,,
ClassicGumtree,1,1,0,1,0,0,0,0,70,3,0,0.899,,1800,,,,,3,,,
ClassicGumtree,1,1,0,1,0,0,0,0,69,3,0,0.999,,1800,,,,,3,,,
ClassicGumtree,1,1,0,1,0,0,0,0,138,3,0,0.1,,1800,,,,,4,,,
ClassicGumtree,1,1,0,1,0,0,0,0,139,3,0,0.2,,1800,,,,,4,,,
ClassicGumtree,1,1,0,1,0,0,0,0,138,3,0,0.3,,1800,,,,,4,,,
ClassicGumtree,1,1,0,1,0,0,0,0,138,3,0,0.4,,1800,,,,,4,,,
ClassicGumtree,1,1,0,1,0,0,0,0,138,3,0,0.5,,1800,,,,,4,,,
ClassicGumtree,1,1,0,1,0,0,0,0,69,3,0,0.6,,1800,,,,,4,,,
ClassicGumtree,1,1,0,1,0,0,0,0,69,3,0,0.7,,1800,,,,,4,,,
ClassicGumtree,1,1,0,1,0,0,0,0,69,3,0,0.799,,1800,,,,,4,,,
ClassicGumtree,1,1,0,1,0,0,0,0,70,3,0,0.899,,1800,,,,,4,,,
ClassicGumtree,1,1,0,1,0,0,0,0,69,3,0,0.999,,1800,,,,,4,,,
ClassicGumtree,1,1,0,1,0,0,0,0,138,3,0,0.1,,1800,,,,,5,,,
ClassicGumtree,1,1,0,1,0,0,0,0,138,3,0,0.2,,1800,,,,,5,,,
ClassicGumtree,1,1,0,1,0,0,0,0,69,3,0,0.3,,1800,,,,,5,,,
ClassicGumtree,1,1,0,1,0,0,0,0,69,3,0,0.4,,1800,,,,,5,,,
ClassicGumtree,1,1,0,1,0,0,0,0,69,3,0,0.5,,1800,,,,,5,,,
ClassicGumtree,1,1,0,1,0,0,0,0,69,3,0,0.6,,1800,,,,,5,,,
ClassicGumtree,1,1,0,1,0,0,0,0,69,3,0,0.7,,1800,,,,,5,,,
ClassicGumtree,1,1,0,1,0,0,0,0,69,3,0,0.799,,1800,,,,,5,,,
ClassicGumtree,1,1,0,1,0,0,0,0,69,3,0,0.899,,1800,,,,,5,,,
ClassicGumtree,1,1,0,1,0,0,0,0,69,3,0,0.999,,1800,,,,,5,,,
ClassicGumtree,1,1,0,1,0,0,0,0,138,3,0,0.1,,1900,,,,,1,,,
ClassicGumtree,1,1,0,1,0,0,0,0,138,3,0,0.2,,1900,,,,,1,,,
ClassicGumtree,1,1,0,1,0,0,0,0,138,3,0,0.3,,1900,,,,,1,,,
ClassicGumtree,1,1,0,1,0,0,0,0,139,3,0,0.4,,1900,,,,,1,,,
ClassicGumtree,1,1,0,1,0,0,0,0,138,3,0,0.5,,1900,,,,,1,,,
ClassicGumtree,1,1,0,1,0,0,0,0,138,3,0,0.6,,1900,,,,,1,,,
ClassicGumtree,1,1,0,1,0,0,0,0,138,3,0,0.7,,1900,,,,,1,,,
ClassicGumtree,1,1,0,1,0,0,0,0,138,3,0,0.799,,1900,,,,,1,,,
ClassicGumtree,1,1,0,1,0,0,0,0,138,3,0,0.899,,1900,,,,,1,,,
ClassicGumtree,1,1,0,1,0,0,0,0,69,3,0,0.999,,1900,,,,,1,,,
ClassicGumtree,1,1,0,1,0,0,0,0,139,3,0,0.1,,1900,,,,,2,,,
ClassicGumtree,1,1,0,1,0,0,0,0,138,3,0,0.2,,1900,,,,,2,,,
ClassicGumtree,1,1,0,1,0,0,0,0,138,3,0,0.3,,1900,,,,,2,,,
ClassicGumtree,1,1,0,1,0,0,0,0,138,3,0,0.4,,1900,,,,,2,,,
ClassicGumtree,1,1,0,1,0,0,0,0,138,3,0,0.5,,1900,,,,,2,,,
ClassicGumtree,1,1,0,1,0,0,0,0,138,3,0,0.6,,1900,,,,,2,,,
ClassicGumtree,1,1,0,1,0,0,0,0,138,3,0,0.7,,1900,,,,,2,,,
ClassicGumtree,1,1,0,1,0,0,0,0,138,3,0,0.799,,1900,,,,,2,,,
ClassicGumtree,1,1,0,1,0,0,0,0,141,3,0,0.899,,1900,,,,,2,,,
ClassicGumtree,1,1,0,1,0,0,0,0,70,3,0,0.999,,1900,,,,,2,,,
ClassicGumtree,1,1,0,1,0,0,0,0,138,3,0,0.1,,1900,,,,,3,,,
ClassicGumtree,1,1,0,1,0,0,0,0,138,3,0,0.2,,1900,,,,,3,,,
ClassicGumtree,1,1,0,1,0,0,0,0,139,3,0,0.3,,1900,,,,,3,,,
ClassicGumtree,1,1,0,1,0,0,0,0,138,3,0,0.4,,1900,,,,,3,,,
ClassicGumtree,1,1,0,1,0,0,0,0,139,3,0,0.5,,1900,,,,,3,,,
ClassicGumtree,1,1,0,1,0,0,0,0,139,3,0,0.6,,1900,,,,,3,,,
ClassicGumtree,1,1,0,1,0,0,0,0,70,3,0,0.7,,1900,,,,,3,,,
ClassicGumtree,1,1,0,1,0,0,0,0,70,3,0,0.799,,1900,,,,,3,,,
ClassicGumtree,1,1,0,1,0,0,0,0,70,3,0,0.899,,1900,,,,,3,,,
ClassicGumtree,1,1,0,1,0,0,0,0,69,3,0,0.999,,1900,,,,,3,,,
ClassicGumtree,1,1,0,1,0,0,0,0,138,3,0,0.1,,1900,,,,,4,,,
ClassicGumtree,1,1,0,1,0,0,0,0,138,3,0,0.2,,1900,,,,,4,,,
ClassicGumtree,1,1,0,1,0,0,0,0,138,3,0,0.3,,1900,,,,,4,,,
ClassicGumtree,1,1,0,1,0,0,0,0,138,3,0,0.4,,1900,,,,,4,,,
ClassicGumtree,1,1,0,1,0,0,0,0,138,3,0,0.5,,1900,,,,,4,,,
ClassicGumtree,1,1,0,1,0,0,0,0,70,3,0,0.6,,1900,,,,,4,,,
ClassicGumtree,1,1,0,1,0,0,0,0,69,3,0,0.7,,1900,,,,,4,,,
ClassicGumtree,1,1,0,1,0,0,0,0,69,3,0,0.799,,1900,,,,,4,,,
ClassicGumtree,1,1,0,1,0,0,0,0,69,3,0,0.899,,1900,,,,,4,,,
ClassicGumtree,1,1,0,1,0,0,0,0,70,3,0,0.999,,1900,,,,,4,,,
ClassicGumtree,1,1,0,1,0,0,0,0,138,3,0,0.1,,1900,,,,,5,,,
ClassicGumtree,1,1,0,1,0,0,0,0,138,3,0,0.2,,1900,,,,,5,,,
ClassicGumtree,1,1,0,1,0,0,0,0,70,3,0,0.3,,1900,,,,,5,,,
ClassicGumtree,1,1,0,1,0,0,0,0,69,3,0,0.4,,1900,,,,,5,,,
ClassicGumtree,1,1,0,1,0,0,0,0,69,3,0,0.5,,1900,,,,,5,,,
ClassicGumtree,1,1,0,1,0,0,0,0,69,3,0,0.6,,1900,,,,,5,,,
ClassicGumtree,1,1,0,1,0,0,0,0,69,3,0,0.7,,1900,,,,,5,,,
ClassicGumtree,1,1,0,1,0,0,0,0,69,3,0,0.799,,1900,,,,,5,,,
ClassicGumtree,1,1,0,1,0,0,0,0,69,3,0,0.899,,1900,,,,,5,,,
ClassicGumtree,1,1,0,1,0,0,0,0,70,3,0,0.999,,1900,,,,,5,,,
ClassicGumtree,1,1,0,1,0,0,0,0,138,3,0,0.1,,2000,,,,,1,,,
ClassicGumtree,1,1,0,1,0,0,0,0,139,3,0,0.2,,2000,,,,,1,,,
ClassicGumtree,1,1,0,1,0,0,0,0,138,3,0,0.3,,2000,,,,,1,,,
ClassicGumtree,1,1,0,1,0,0,0,0,138,3,0,0.4,,2000,,,,,1,,,
ClassicGumtree,1,1,0,1,0,0,0,0,138,3,0,0.5,,2000,,,,,1,,,
ClassicGumtree,1,1,0,1,0,0,0,0,139,3,0,0.6,,2000,,,,,1,,,
ClassicGumtree,1,1,0,1,0,0,0,0,139,3,0,0.7,,2000,,,,,1,,,
ClassicGumtree,1,1,0,1,0,0,0,0,138,3,0,0.799,,2000,,,,,1,,,
ClassicGumtree,1,1,0,1,0,0,0,0,138,3,0,0.899,,2000,,,,,1,,,
ClassicGumtree,1,1,0,1,0,0,0,0,69,3,0,0.999,,2000,,,,,1,,,
ClassicGumtree,1,1,0,1,0,0,0,0,138,3,0,0.1,,2000,,,,,2,,,
ClassicGumtree,1,1,0,1,0,0,0,0,138,3,0,0.2,,2000,,,,,2,,,
ClassicGumtree,1,1,0,1,0,0,0,0,138,3,0,0.3,,2000,,,,,2,,,
ClassicGumtree,1,1,0,1,0,0,0,0,138,3,0,0.4,,2000,,,,,2,,,
ClassicGumtree,1,1,0,1,0,0,0,0,138,3,0,0.5,,2000,,,,,2,,,
ClassicGumtree,1,1,0,1,0,0,0,0,138,3,0,0.6,,2000,,,,,2,,,
ClassicGumtree,1,1,0,1,0,0,0,0,138,3,0,0.7,,2000,,,,,2,,,
ClassicGumtree,1,1,0,1,0,0,0,0,138,3,0,0.799,,2000,,,,,2,,,
ClassicGumtree,1,1,0,1,0,0,0,0,138,3,0,0.899,,2000,,,,,2,,,
ClassicGumtree,1,1,0,1,0,0,0,0,70,3,0,0.999,,2000,,,,,2,,,
ClassicGumtree,1,1,0,1,0,0,0,0,141,3,0,0.1,,2000,,,,,3,,,
ClassicGumtree,1,1,0,1,0,0,0,0,141,3,0,0.2,,2000,,,,,3,,,
ClassicGumtree,1,1,0,1,0,0,0,0,142,3,0,0.3,,2000,,,,,3,,,
ClassicGumtree,1,1,0,1,0,0,0,0,142,3,0,0.4,,2000,,,,,3,,,
ClassicGumtree,1,1,0,1,0,0,0,0,143,3,0,0.5,,2000,,,,,3,,,
ClassicGumtree,1,1,0,1,0,0,0,0,143,3,0,0.6,,2000,,,,,3,,,
ClassicGumtree,1,1,0,1,0,0,0,0,73,3,0,0.7,,2000,,,,,3,,,
ClassicGumtree,1,1,0,1,0,0,0,0,73,3,0,0.799,,2000,,,,,3,,,
ClassicGumtree,1,1,0,1,0,0,0,0,73,3,0,0.899,,2000,,,,,3,,,
ClassicGumtree,1,1,0,1,0,0,0,0,73,3,0,0.999,,2000,,,,,3,,,
ClassicGumtree,1,1,0,1,0,0,0,0,139,3,0,0.1,,2000,,,,,4,,,
ClassicGumtree,1,1,0,1,0,0,0,0,139,3,0,0.2,,2000,,,,,4,,,
ClassicGumtree,1,1,0,1,0,0,0,0,138,3,0,0.3,,2000,,,,,4,,,
ClassicGumtree,1,1,0,1,0,0,0,0,139,3,0,0.4,,2000,,,,,4,,,
ClassicGumtree,1,1,0,1,0,0,0,0,139,3,0,0.5,,2000,,,,,4,,,
ClassicGumtree,1,1,0,1,0,0,0,0,70,3,0,0.6,,2000,,,,,4,,,
ClassicGumtree,1,1,0,1,0,0,0,0,70,3,0,0.7,,2000,,,,,4,,,
ClassicGumtree,1,1,0,1,0,0,0,0,70,3,0,0.799,,2000,,,,,4,,,
ClassicGumtree,1,1,0,1,0,0,0,0,69,3,0,0.899,,2000,,,,,4,,,
ClassicGumtree,1,1,0,1,0,0,0,0,69,3,0,0.999,,2000,,,,,4,,,
ClassicGumtree,1,1,0,1,0,0,0,0,137,3,0,0.1,,2000,,,,,5,,,
ClassicGumtree,1,1,0,1,0,0,0,0,135,3,0,0.2,,2000,,,,,5,,,
ClassicGumtree,1,1,0,1,0,0,0,0,69,3,0,0.3,,2000,,,,,5,,,
ClassicGumtree,1,1,0,1,0,0,0,0,69,3,0,0.4,,2000,,,,,5,,,
ClassicGumtree,1,1,0,1,0,0,0,0,69,3,0,0.5,,2000,,,,,5,,,
ClassicGumtree,1,1,0,1,0,0,0,0,67,3,0,0.6,,2000,,,,,5,,,
ClassicGumtree,1,1,0,1,0,0,0,0,67,3,0,0.7,,2000,,,,,5,,,
ClassicGumtree,1,1,0,1,0,0,0,0,67,3,0,0.799,,2000,,,,,5,,,
ClassicGumtree,1,1,0,1,0,0,0,0,66,3,0,0.899,,2000,,,,,5,,,
ClassicGumtree,1,1,0,1,0,0,0,0,66,3,0,0.999,,2000,,,,,5,,,
CompleteGumtreeMatcher,45,36,5,6,0,34,0,0,1,3,0,0.1,,100,,,,,1,,,
CompleteGumtreeMatcher,45,36,5,6,0,34,0,0,1,3,0,0.2,,100,,,,,1,,,
CompleteGumtreeMatcher,45,36,5,6,0,34,0,0,0,3,0,0.3,,100,,,,,1,,,
CompleteGumtreeMatcher,45,36,5,6,0,34,0,0,0,3,0,0.4,,100,,,,,1,,,
CompleteGumtreeMatcher,45,36,5,6,0,34,0,0,1,3,0,0.5,,100,,,,,1,,,
CompleteGumtreeMatcher,45,36,5,6,0,34,0,0,1,3,0,0.6,,100,,,,,1,,,
CompleteGumtreeMatcher,45,36,5,6,0,34,0,0,1,3,0,0.7,,100,,,,,1,,,
CompleteGumtreeMatcher,45,36,5,6,0,34,0,0,1,3,0,0.799,,100,,,,,1,,,
CompleteGumtreeMatcher,45,36,5,6,0,34,0,0,1,3,0,0.899,,100,,,,,1,,,
CompleteGumtreeMatcher,45,36,5,6,0,34,0,0,1,3,0,0.999,,100,,,,,1,,,
CompleteGumtreeMatcher,60,31,15,16,0,29,0,0,1,3,0,0.1,,100,,,,,2,,,
CompleteGumtreeMatcher,60,31,15,16,0,29,0,0,1,3,0,0.2,,100,,,,,2,,,
CompleteGumtreeMatcher,60,31,15,16,0,29,0,0,1,3,0,0.3,,100,,,,,2,,,
CompleteGumtreeMatcher,60,31,15,16,0,29,0,0,1,3,0,0.4,,100,,,,,2,,,
CompleteGumtreeMatcher,60,31,15,16,0,29,0,0,0,3,0,0.5,,100,,,,,2,,,
CompleteGumtreeMatcher,60,31,15,16,0,29,0,0,0,3,0,0.6,,100,,,,,2,,,
CompleteGumtreeMatcher,60,31,15,16,0,29,0,0,0,3,0,0.7,,100,,,,,2,,,
CompleteGumtreeMatcher,60,31,15,16,0,29,0,0,0,3,0,0.799,,100,,,,,2,,,
CompleteGumtreeMatcher,60,31,15,16,0,29,0,0,1,3,0,0.899,,100,,,,,2,,,
CompleteGumtreeMatcher,60,31,15,16,0,29,0,0,1,3,0,0.999,,100,,,,,2,,,
CompleteGumtreeMatcher,287,12,138,139,0,10,0,0,1,3,0,0.1,,100,,,,,3,,,
CompleteGumtreeMatcher,287,12,138,139,0,10,0,0,1,3,0,0.2,,100,,,,,3,,,
CompleteGumtreeMatcher,287,12,138,139,0,10,0,0,1,3,0,0.3,,100,,,,,3,,,
CompleteGumtreeMatcher,287,12,138,139,0,10,0,0,1,3,0,0.4,,100,,,,,3,,,
CompleteGumtreeMatcher,287,12,138,139,0,10,0,0,1,3,0,0.5,,100,,,,,3,,,
CompleteGumtreeMatcher,287,12,138,139,0,10,0,0,1,3,0,0.6,,100,,,,,3,,,
CompleteGumtreeMatcher,287,12,138,139,0,10,0,0,1,3,0,0.7,,100,,,,,3,,,
CompleteGumtreeMatcher,287,12,138,139,0,10,0,0,1,3,0,0.799,,100,,,,,3,,,
CompleteGumtreeMatcher,287,12,138,139,0,10,0,0,0,3,0,0.899,,100,,,,,3,,,
CompleteGumtreeMatcher,287,12,138,139,0,10,0,0,0,3,0,0.999,,100,,,,,3,,,
CompleteGumtreeMatcher,382,7,188,189,0,5,0,0,0,3,0,0.1,,100,,,,,4,,,
CompleteGumtreeMatcher,382,7,188,189,0,5,0,0,0,3,0,0.2,,100,,,,,4,,,
CompleteGumtreeMatcher,382,7,188,189,0,5,0,0,1,3,0,0.3,,100,,,,,4,,,
CompleteGumtreeMatcher,382,7,188,189,0,5,0,0,1,3,0,0.4,,100,,,,,4,,,
CompleteGumtreeMatcher,382,7,188,189,0,5,0,0,1,3,0,0.5,,100,,,,,4,,,
CompleteGumtreeMatcher,382,7,188,189,0,5,0,0,1,3,0,0.6,,100,,,,,4,,,
CompleteGumtreeMatcher,382,7,188,189,0,5,0,0,1,3,0,0.7,,100,,,,,4,,,
CompleteGumtreeMatcher,382,7,188,189,0,5,0,0,1,3,0,0.799,,100,,,,,4,,,
CompleteGumtreeMatcher,382,7,188,189,0,5,0,0,1,3,0,0.899,,100,,,,,4,,,
CompleteGumtreeMatcher,382,7,188,189,0,5,0,0,1,3,0,0.999,,100,,,,,4,,,
CompleteGumtreeMatcher,590,5,293,294,0,3,0,0,1,3,0,0.1,,100,,,,,5,,,
CompleteGumtreeMatcher,590,5,293,294,0,3,0,0,1,3,0,0.2,,100,,,,,5,,,
CompleteGumtreeMatcher,590,5,293,294,0,3,0,0,0,3,0,0.3,,100,,,,,5,,,
CompleteGumtreeMatcher,590,5,293,294,0,3,0,0,0,3,0,0.4,,100,,,,,5,,,
CompleteGumtreeMatcher,590,5,293,294,0,3,0,0,1,3,0,0.5,,100,,,,,5,,,
CompleteGumtreeMatcher,590,5,293,294,0,3,0,0,1,3,0,0.6,,100,,,,,5,,,
CompleteGumtreeMatcher,590,5,293,294,0,3,0,0,1,3,0,0.7,,100,,,,,5,,,
CompleteGumtreeMatcher,590,5,293,294,0,3,0,0,1,3,0,0.799,,100,,,,,5,,,
CompleteGumtreeMatcher,590,5,293,294,0,3,0,0,1,3,0,0.899,,100,,,,,5,,,
CompleteGumtreeMatcher,590,5,293,294,0,3,0,0,1,3,0,0.999,,100,,,,,5,,,
CompleteGumtreeMatcher,45,36,5,6,0,34,0,0,1,3,0,0.1,,200,,,,,1,,,
CompleteGumtreeMatcher,45,36,5,6,0,34,0,0,1,3,0,0.2,,200,,,,,1,,,
CompleteGumtreeMatcher,45,36,5,6,0,34,0,0,1,3,0,0.3,,200,,,,,1,,,
CompleteGumtreeMatcher,45,36,5,6,0,34,0,0,1,3,0,0.4,,200,,,,,1,,,
CompleteGumtreeMatcher,45,36,5,6,0,34,0,0,0,3,0,0.5,,200,,,,,1,,,
CompleteGumtreeMatcher,45,36,5,6,0,34,0,0,0,3,0,0.6,,200,,,,,1,,,
CompleteGumtreeMatcher,45,36,5,6,0,34,0,0,0,3,0,0.7,,200,,,,,1,,,
CompleteGumtreeMatcher,45,36,5,6,0,34,0,0,1,3,0,0.799,,200,,,,,1,,,
CompleteGumtreeMatcher,45,36,5,6,0,34,0,0,1,3,0,0.899,,200,,,,,1,,,
CompleteGumtreeMatcher,45,36,5,6,0,34,0,0,1,3,0,0.999,,200,,,,,1,,,
CompleteGumtreeMatcher,60,31,15,16,0,29,0,0,1,3,0,0.1,,200,,,,,2,,,
CompleteGumtreeMatcher,60,31,15,16,0,29,0,0,1,3,0,0.2,,200,,,,,2,,,
CompleteGumtreeMatcher,60,31,15,16,0,29,0,0,1,3,0,0.3,,200,,,,,2,,,
CompleteGumtreeMatcher,60,31,15,16,0,29,0,0,1,3,0,0.4,,200,,,,,2,,,
CompleteGumtreeMatcher,60,31,15,16,0,29,0,0,1,3,0,0.5,,200,,,,,2,,,
CompleteGumtreeMatcher,60,31,15,16,0,29,0,0,1,3,0,0.6,,200,,,,,2,,,
CompleteGumtreeMatcher,60,31,15,16,0,29,0,0,1,3,0,0.7,,200,,,,,2,,,
CompleteGumtreeMatcher,60,31,15,16,0,29,0,0,0,3,0,0.799,,200,,,,,2,,,
CompleteGumtreeMatcher,60,31,15,16,0,29,0,0,0,3,0,0.899,,200,,,,,2,,,
CompleteGumtreeMatcher,60,31,15,16,0,29,0,0,0,3,0,0.999,,200,,,,,2,,,
CompleteGumtreeMatcher,287,12,138,139,0,10,0,0,0,3,0,0.1,,200,,,,,3,,,
CompleteGumtreeMatcher,287,12,138,139,0,10,0,0,0,3,0,0.2,,200,,,,,3,,,
CompleteGumtreeMatcher,287,12,138,139,0,10,0,0,1,3,0,0.3,,200,,,,,3,,,
CompleteGumtreeMatcher,287,12,138,139,0,10,0,0,1,3,0,0.4,,200,,,,,3,,,
CompleteGumtreeMatcher,287,12,138,139,0,10,0,0,1,3,0,0.5,,200,,,,,3,,,
CompleteGumtreeMatcher,287,12,138,139,0,10,0,0,1,3,0,0.6,,200,,,,,3,,,
CompleteGumtreeMatcher,287,12,138,139,0,10,0,0,1,3,0,0.7,,200,,,,,3,,,
CompleteGumtreeMatcher,287,12,138,139,0,10,0,0,1,3,0,0.799,,200,,,,,3,,,
CompleteGumtreeMatcher,287,12,138,139,0,10,0,0,1,3,0,0.899,,200,,,,,3,,,
CompleteGumtreeMatcher,287,12,138,139,0,10,0,0,1,3,0,0.999,,200,,,,,3,,,
CompleteGumtreeMatcher,382,7,188,189,0,5,0,0,1,3,0,0.1,,200,,,,,4,,,
CompleteGumtreeMatcher,382,7,188,189,0,5,0,0,1,3,0,0.2,,200,,,,,4,,,
CompleteGumtreeMatcher,382,7,188,189,0,5,0,0,0,3,0,0.3,,200,,,,,4,,,
CompleteGumtreeMatcher,382,7,188,189,0,5,0,0,0,3,0,0.4,,200,,,,,4,,,
CompleteGumtreeMatcher,382,7,188,189,0,5,0,0,1,3,0,0.5,,200,,,,,4,,,
CompleteGumtreeMatcher,382,7,188,189,0,5,0,0,1,3,0,0.6,,200,,,,,4,,,
CompleteGumtreeMatcher,382,7,188,189,0,5,0,0,1,3,0,0.7,,200,,,,,4,,,
CompleteGumtreeMatcher,382,7,188,189,0,5,0,0,1,3,0,0.799,,200,,,,,4,,,
CompleteGumtreeMatcher,382,7,188,189,0,5,0,0,1,3,0,0.899,,200,,,,,4,,,
CompleteGumtreeMatcher,382,7,188,189,0,5,0,0,1,3,0,0.999,,200,,,,,4,,,
CompleteGumtreeMatcher,590,5,293,294,0,3,0,0,1,3,0,0.1,,200,,,,,5,,,
CompleteGumtreeMatcher,590,5,293,294,0,3,0,0,1,3,0,0.2,,200,,,,,5,,,
CompleteGumtreeMatcher,590,5,293,294,0,3,0,0,1,3,0,0.3,,200,,,,,5,,,
CompleteGumtreeMatcher,590,5,293,294,0,3,0,0,1,3,0,0.4,,200,,,,,5,,,
CompleteGumtreeMatcher,590,5,293,294,0,3,0,0,0,3,0,0.5,,200,,,,,5,,,
CompleteGumtreeMatcher,590,5,293,294,0,3,0,0,0,3,0,0.6,,200,,,,,5,,,
CompleteGumtreeMatcher,590,5,293,294,0,3,0,0,1,3,0,0.7,,200,,,,,5,,,
CompleteGumtreeMatcher,590,5,293,294,0,3,0,0,1,3,0,0.799,,200,,,,,5,,,
CompleteGumtreeMatcher,590,5,293,294,0,3,0,0,1,3,0,0.899,,200,,,,,5,,,
CompleteGumtreeMatcher,590,5,293,294,0,3,0,0,1,3,0,0.999,,200,,,,,5,,,
CompleteGumtreeMatcher,45,36,5,6,0,34,0,0,1,3,0,0.1,,300,,,,,1,,,
CompleteGumtreeMatcher,45,36,5,6,0,34,0,0,1,3,0,0.2,,300,,,,,1,,,
CompleteGumtreeMatcher,45,36,5,6,0,34,0,0,1,3,0,0.3,,300,,,,,1,,,
CompleteGumtreeMatcher,45,36,5,6,0,34,0,0,1,3,0,0.4,,300,,,,,1,,,
CompleteGumtreeMatcher,45,36,5,6,0,34,0,0,1,3,0,0.5,,300,,,,,1,,,
CompleteGumtreeMatcher,45,36,5,6,0,34,0,0,1,3,0,0.6,,300,,,,,1,,,
CompleteGumtreeMatcher,45,36,5,6,0,34,0,0,0,3,0,0.7,,300,,,,,1,,,
CompleteGumtreeMatcher,45,36,5,6,0,34,0,0,0,3,0,0.799,,300,,,,,1,,,
CompleteGumtreeMatcher,45,36,5,6,0,34,0,0,0,3,0,0.899,,300,,,,,1,,,
CompleteGumtreeMatcher,45,36,5,6,0,34,0,0,0,3,0,0.999,,300,,,,,1,,,
CompleteGumtreeMatcher,60,31,15,16,0,29,0,0,0,3,0,0.1,,300,,,,,2,,,
CompleteGumtreeMatcher,60,31,15,16,0,29,0,0,0,3,0,0.2,,300,,,,,2,,,
CompleteGumtreeMatcher,60,31,15,16,0,29,0,0,1,3,0,0.3,,300,,,,,2,,,
CompleteGumtreeMatcher,60,31,15,16,0,29,0,0,1,3,0,0.4,,300,,,,,2,,,
CompleteGumtreeMatcher,60,31,15,16,0,29,0,0,1,3,0,0.5,,300,,,,,2,,,
CompleteGumtreeMatcher,60,31,15,16,0,29,0,0,1,3,0,0.6,,300,,,,,2,,,
CompleteGumtreeMatcher,60,31,15,16,0,29,0,0,1,3,0,0.7,,300,,,,,2,,,
CompleteGumtreeMatcher,60,31,15,16,0,29,0,0,1,3,0,0.799,,300,,,,,2,,,
CompleteGumtreeMatcher,60,31,15,16,0,29,0,0,1,3,0,0.899,,300,,,,,2,,,
CompleteGumtreeMatcher,60,31,15,16,0,29,0,0,1,3,0,0.999,,300,,,,,2,,,
CompleteGumtreeMatcher,287,12,138,139,0,10,0,0,1,3,0,0.1,,300,,,,,3,,,
CompleteGumtreeMatcher,287,12,138,139,0,10,0,0,1,3,0,0.2,,300,,,,,3,,,
CompleteGumtreeMatcher,287,12,138,139,0,10,0,0,0,3,0,0.3,,300,,,,,3,,,
CompleteGumtreeMatcher,287,12,138,139,0,10,0,0,0,3,0,0.4,,300,,,,,3,,,
CompleteGumtreeMatcher,287,12,138,139,0,10,0,0,1,3,0,0.5,,300,,,,,3,,,
CompleteGumtreeMatcher,287,12,138,139,0,10,0,0,1,3,0,0.6,,300,,,,,3,,,
CompleteGumtreeMatcher,287,12,138,139,0,10,0,0,1,3,0,0.7,,300,,,,,3,,,
CompleteGumtreeMatcher,287,12,138,139,0,10,0,0,1,3,0,0.799,,300,,,,,3,,,
CompleteGumtreeMatcher,287,12,138,139,0,10,0,0,1,3,0,0.899,,300,,,,,3,,,
CompleteGumtreeMatcher,287,12,138,139,0,10,0,0,1,3,0,0.999,,300,,,,,3,,,
CompleteGumtreeMatcher,382,7,188,189,0,5,0,0,1,3,0,0.1,,300,,,,,4,,,
CompleteGumtreeMatcher,382,7,188,189,0,5,0,0,1,3,0,0.2,,300,,,,,4,,,
CompleteGumtreeMatcher,382,7,188,189,0,5,0,0,1,3,0,0.3,,300,,,,,4,,,
CompleteGumtreeMatcher,382,7,188,189,0,5,0,0,1,3,0,0.4,,300,,,,,4,,,
CompleteGumtreeMatcher,382,7,188,189,0,5,0,0,0,3,0,0.5,,300,,,,,4,,,
CompleteGumtreeMatcher,382,7,188,189,0,5,0,0,0,3,0,0.6,,300,,,,,4,,,
CompleteGumtreeMatcher,382,7,188,189,0,5,0,0,0,3,0,0.7,,300,,,,,4,,,
CompleteGumtreeMatcher,382,7,188,189,0,5,0,0,1,3,0,0.799,,300,,,,,4,,,
CompleteGumtreeMatcher,382,7,188,189,0,5,0,0,1,3,0,0.899,,300,,,,,4,,,
CompleteGumtreeMatcher,382,7,188,189,0,5,0,0,1,3,0,0.999,,300,,,,,4,,,
CompleteGumtreeMatcher,590,5,293,294,0,3,0,0,1,3,0,0.1,,300,,,,,5,,,
CompleteGumtreeMatcher,590,5,293,294,0,3,0,0,1,3,0,0.2,,300,,,,,5,,,
CompleteGumtreeMatcher,590,5,293,294,0,3,0,0,1,3,0,0.3,,300,,,,,5,,,
CompleteGumtreeMatcher,590,5,293,294,0,3,0,0,1,3,0,0.4,,300,,,,,5,,,
CompleteGumtreeMatcher,590,5,293,294,0,3,0,0,1,3,0,0.5,,300,,,,,5,,,
CompleteGumtreeMatcher,590,5,293,294,0,3,0,0,1,3,0,0.6,,300,,,,,5,,,
CompleteGumtreeMatcher,590,5,293,294,0,3,0,0,1,3,0,0.7,,300,,,,,5,,,
CompleteGumtreeMatcher,590,5,293,294,0,3,0,0,0,3,0,0.799,,300,,,,,5,,,
CompleteGumtreeMatcher,590,5,293,294,0,3,0,0,0,3,0,0.899,,300,,,,,5,,,
CompleteGumtreeMatcher,590,5,293,294,0,3,0,0,0,3,0,0.999,,300,,,,,5,,,
CompleteGumtreeMatcher,1,1,0,1,0,0,0,0,70,3,0,0.1,,400,,,,,1,,,
CompleteGumtreeMatcher,1,1,0,1,0,0,0,0,70,3,0,0.2,,400,,,,,1,,,
CompleteGumtreeMatcher,1,1,0,1,0,0,0,0,70,3,0,0.3,,400,,,,,1,,,
CompleteGumtreeMatcher,1,1,0,1,0,0,0,0,70,3,0,0.4,,400,,,,,1,,,
CompleteGumtreeMatcher,1,1,0,1,0,0,0,0,70,3,0,0.5,,400,,,,,1,,,
CompleteGumtreeMatcher,1,1,0,1,0,0,0,0,70,3,0,0.6,,400,,,,,1,,,
CompleteGumtreeMatcher,1,1,0,1,0,0,0,0,70,3,0,0.7,,400,,,,,1,,,
CompleteGumtreeMatcher,1,1,0,1,0,0,0,0,70,3,0,0.799,,400,,,,,1,,,
CompleteGumtreeMatcher,1,1,0,1,0,0,0,0,69,3,0,0.899,,400,,,,,1,,,
CompleteGumtreeMatcher,1,1,0,1,0,0,0,0,70,3,0,0.999,,400,,,,,1,,,
CompleteGumtreeMatcher,1,1,0,1,0,0,0,0,69,3,0,0.1,,400,,,,,2,,,
CompleteGumtreeMatcher,1,1,0,1,0,0,0,0,69,3,0,0.2,,400,,,,,2,,,
CompleteGumtreeMatcher,1,1,0,1,0,0,0,0,69,3,0,0.3,,400,,,,,2,,,
CompleteGumtreeMatcher,1,1,0,1,0,0,0,0,70,3,0,0.4,,400,,,,,2,,,
CompleteGumtreeMatcher,1,1,0,1,0,0,0,0,70,3,0,0.5,,400,,,,,2,,,
CompleteGumtreeMatcher,1,1,0,1,0,0,0,0,70,3,0,0.6,,400,,,,,2,,,
CompleteGumtreeMatcher,1,1,0,1,0,0,0,0,70,3,0,0.7,,400,,,,,2,,,
CompleteGumtreeMatcher,1,1,0,1,0,0,0,0,70,3,0,0.799,,400,,,,,2,,,
CompleteGumtreeMatcher,1,1,0,1,0,0,0,0,70,3,0,0.899,,400,,,,,2,,,
CompleteGumtreeMatcher,1,1,0,1,0,0,0,0,69,3,0,0.999,,400,,,,,2,,,
CompleteGumtreeMatcher,1,1,0,1,0,0,0,0,70,3,0,0.1,,400,,,,,3,,,
CompleteGumtreeMatcher,1,1,0,1,0,0,0,0,70,3,0,0.2,,400,,,,,3,,,
CompleteGumtreeMatcher,1,1,0,1,0,0,0,0,70,3,0,0.3,,400,,,,,3,,,
CompleteGumtreeMatcher,1,1,0,1,0,0,0,0,69,3,0,0.4,,400,,,,,3,,,
CompleteGumtreeMatcher,1,1,0,1,0,0,0,0,69,3,0,0.5,,400,,,,,3,,,
CompleteGumtreeMatcher,1,1,0,1,0,0,0,0,69,3,0,0.6,,400,,,,,3,,,
CompleteGumtreeMatcher,1,1,0,1,0,0,0,0,69,3,0,0.7,,400,,,,,3,,,
CompleteGumtreeMatcher,1,1,0,1,0,0,0,0,69,3,0,0.799,,400,,,,,3,,,
CompleteGumtreeMatcher,1,1,0,1,0,0,0,0,69,3,0,0.899,,400,,,,,3,,,
CompleteGumtreeMatcher,1,1,0,1,0,0,0,0,69,3,0,0.999,,400,,,,,3,,,
CompleteGumtreeMatcher,1,1,0,1,0,0,0,0,69,3,0,0.1,,400,,,,,4,,,
CompleteGumtreeMatcher,1,1,0,1,0,0,0,0,69,3,0,0.2,,400,,,,,4,,,
CompleteGumtreeMatcher,1,1,0,1,0,0,0,0,69,3,0,0.3,,400,,,,,4,,,
CompleteGumtreeMatcher,1,1,0,1,0,0,0,0,69,3,0,0.4,,400,,,,,4,,,
CompleteGumtreeMatcher,1,1,0,1,0,0,0,0,71,3,0,0.5,,400,,,,,4,,,
CompleteGumtreeMatcher,1,1,0,1,0,0,0,0,69,3,0,0.6,,400,,,,,4,,,
CompleteGumtreeMatcher,1,1,0,1,0,0,0,0,69,3,0,0.7,,400,,,,,4,,,
CompleteGumtreeMatcher,1,1,0,1,0,0,0,0,69,3,0,0.799,,400,,,,,4,,,
CompleteGumtreeMatcher,1,1,0,1,0,0,0,0,69,3,0,0.899,,400,,,,,4,,,
CompleteGumtreeMatcher,1,1,0,1,0,0,0,0,70,3,0,0.999,,400,,,,,4,,,
CompleteGumtreeMatcher,1,1,0,1,0,0,0,0,69,3,0,0.1,,400,,,,,5,,,
CompleteGumtreeMatcher,1,1,0,1,0,0,0,0,69,3,0,0.2,,400,,,,,5,,,
CompleteGumtreeMatcher,1,1,0,1,0,0,0,0,70,3,0,0.3,,400,,,,,5,,,
CompleteGumtreeMatcher,1,1,0,1,0,0,0,0,70,3,0,0.4,,400,,,,,5,,,
CompleteGumtreeMatcher,1,1,0,1,0,0,0,0,70,3,0,0.5,,400,,,,,5,,,
CompleteGumtreeMatcher,1,1,0,1,0,0,0,0,70,3,0,0.6,,400,,,,,5,,,
CompleteGumtreeMatcher,1,1,0,1,0,0,0,0,70,3,0,0.7,,400,,,,,5,,,
CompleteGumtreeMatcher,1,1,0,1,0,0,0,0,69,3,0,0.799,,400,,,,,5,,,
CompleteGumtreeMatcher,1,1,0,1,0,0,0,0,69,3,0,0.899,,400,,,,,5,,,
CompleteGumtreeMatcher,1,1,0,1,0,0,0,0,69,3,0,0.999,,400,,,,,5,,,
CompleteGumtreeMatcher,1,1,0,1,0,0,0,0,70,3,0,0.1,,500,,,,,1,,,
CompleteGumtreeMatcher,1,1,0,1,0,0,0,0,70,3,0,0.2,,500,,,,,1,,,
CompleteGumtreeMatcher,1,1,0,1,0,0,0,0,69,3,0,0.3,,500,,,,,1,,,
CompleteGumtreeMatcher,1,1,0,1,0,0,0,0,69,3,0,0.4,,500,,,,,1,,,
CompleteGumtreeMatcher,1,1,0,1,0,0,0,0,69,3,0,0.5,,500,,,,,1,,,
CompleteGumtreeMatcher,1,1,0,1,0,0,0,0,70,3,0,0.6,,500,,,,,1,,,
CompleteGumtreeMatcher,1,1,0,1,0,0,0,0,69,3,0,0.7,,500,,,,,1,,,
CompleteGumtreeMatcher,1,1,0,1,0,0,0,0,69,3,0,0.799,,500,,,,,1,,,
CompleteGumtreeMatcher,1,1,0,1,0,0,0,0,70,3,0,0.899,,500,,,,,1,,,
CompleteGumtreeMatcher,1,1,0,1,0,0,0,0,70,3,0,0.999,,500,,,,,1,,,
CompleteGumtreeMatcher,1,1,0,1,0,0,0,0,69,3,0,0.1,,500,,,,,2,,,
CompleteGumtreeMatcher,1,1,0,1,0,0,0,0,69,3,0,0.2,,500,,,,,2,,,
CompleteGumtreeMatcher,1,1,0,1,0,0,0,0,69,3,0,0.3,,500,,,,,2,,,
CompleteGumtreeMatcher,1,1,0,1,0,0,0,0,70,3,0,0.4,,500,,,,,2,,,
CompleteGumtreeMatcher,1,1,0,1,0,0,0,0,70,3,0,0.5,,500,,,,,2,,,
CompleteGumtreeMatcher,1,1,0,1,0,0,0,0,70,3,0,0.6,,500,,,,,2,,,
CompleteGumtreeMatcher,1,1,0,1,0,0,0,0,70,3,0,0.7,,500,,,,,2,,,
CompleteGumtreeMatcher,1,1,0,1,0,0,0,0,69,3,0,0.799,,500,,,,,2,,,
CompleteGumtreeMatcher,1,1,0,1,0,0,0,0,70,3,0,0.899,,500,,,,,2,,,
CompleteGumtreeMatcher,1,1,0,1,0,0,0,0,69,3,0,0.999,,500,,,,,2,,,
CompleteGumtreeMatcher,1,1,0,1,0,0,0,0,70,3,0,0.1,,500,,,,,3,,,
CompleteGumtreeMatcher,1,1,0,1,0,0,0,0,70,3,0,0.2,,500,,,,,3,,,
CompleteGumtreeMatcher,1,1,0,1,0,0,0,0,70,3,0,0.3,,500,,,,,3,,,
CompleteGumtreeMatcher,1,1,0,1,0,0,0,0,69,3,0,0.4,,500,,,,,3,,,
CompleteGumtreeMatcher,1,1,0,1,0,0,0,0,72,3,0,0.5,,500,,,,,3,,,
CompleteGumtreeMatcher,1,1,0,1,0,0,0,0,69,3,0,0.6,,500,,,,,3,,,
CompleteGumtreeMatcher,1,1,0,1,0,0,0,0,69,3,0,0.7,,500,,,,,3,,,
CompleteGumtreeMatcher,1,1,0,1,0,0,0,0,70,3,0,0.799,,500,,,,,3,,,
CompleteGumtreeMatcher,1,1,0,1,0,0,0,0,69,3,0,0.899,,500,,,,,3,,,
CompleteGumtreeMatcher,1,1,0,1,0,0,0,0,69,3,0,0.999,,500,,,,,3,,,
CompleteGumtreeMatcher,1,1,0,1,0,0,0,0,69,3,0,0.1,,500,,,,,4,,,
CompleteGumtreeMatcher,1,1,0,1,0,0,0,0,69,3,0,0.2,,500,,,,,4,,,
CompleteGumtreeMatcher,1,1,0,1,0,0,0,0,69,3,0,0.3,,500,,,,,4,,,
CompleteGumtreeMatcher,1,1,0,1,0,0,0,0,69,3,0,0.4,,500,,,,,4,,,
CompleteGumtreeMatcher,1,1,0,1,0,0,0,0,69,3,0,0.5,,500,,,,,4,,,
CompleteGumtreeMatcher,1,1,0,1,0,0,0,0,70,3,0,0.6,,500,,,,,4,,,
CompleteGumtreeMatcher,1,1,0,1,0,0,0,0,69,3,0,0.7,,500,,,,,4,,,
CompleteGumtreeMatcher,1,1,0,1,0,0,0,0,70,3,0,0.799,,500,,,,,4,,,
CompleteGumtreeMatcher,1,1,0,1,0,0,0,0,70,3,0,0.899,,500,,,,,4,,,
CompleteGumtreeMatcher,1,1,0,1,0,0,0,0,69,3,0,0.999,,500,,,,,4,,,
CompleteGumtreeMatcher,1,1,0,1,0,0,0,0,69,3,0,0.1,,500,,,,,5,,,
CompleteGumtreeMatcher,1,1,0,1,0,0,0,0,69,3,0,0.2,,500,,,,,5,,,
CompleteGumtreeMatcher,1,1,0,1,0,0,0,0,69,3,0,0.3,,500,,,,,5,,,
CompleteGumtreeMatcher,1,1,0,1,0,0,0,0,69,3,0,0.4,,500,,,,,5,,,
CompleteGumtreeMatcher,1,1,0,1,0,0,0,0,70,3,0,0.5,,500,,,,,5,,,
CompleteGumtreeMatcher,1,1,0,1,0,0,0,0,69,3,0,0.6,,500,,,,,5,,,
CompleteGumtreeMatcher,1,1,0,1,0,0,0,0,69,3,0,0.7,,500,,,,,5,,,
CompleteGumtreeMatcher,1,1,0,1,0,0,0,0,69,3,0,0.799,,500,,,,,5,,,
CompleteGumtreeMatcher,1,1,0,1,0,0,0,0,69,3,0,0.899,,500,,,,,5,,,
CompleteGumtreeMatcher,1,1,0,1,0,0,0,0,69,3,0,0.999,,500,,,,,5,,,
CompleteGumtreeMatcher,1,1,0,1,0,0,0,0,70,3,0,0.1,,600,,,,,1,,,
CompleteGumtreeMatcher,1,1,0,1,0,0,0,0,70,3,0,0.2,,600,,,,,1,,,
CompleteGumtreeMatcher,1,1,0,1,0,0,0,0,72,3,0,0.3,,600,,,,,1,,,
CompleteGumtreeMatcher,1,1,0,1,0,0,0,0,70,3,0,0.4,,600,,,,,1,,,
CompleteGumtreeMatcher,1,1,0,1,0,0,0,0,69,3,0,0.5,,600,,,,,1,,,
CompleteGumtreeMatcher,1,1,0,1,0,0,0,0,69,3,0,0.6,,600,,,,,1,,,
CompleteGumtreeMatcher,1,1,0,1,0,0,0,0,69,3,0,0.7,,600,,,,,1,,,
CompleteGumtreeMatcher,1,1,0,1,0,0,0,0,69,3,0,0.799,,600,,,,,1,,,
CompleteGumtreeMatcher,1,1,0,1,0,0,0,0,70,3,0,0.899,,600,,,,,1,,,
CompleteGumtreeMatcher,1,1,0,1,0,0,0,0,69,3,0,0.999,,600,,,,,1,,,
CompleteGumtreeMatcher,1,1,0,1,0,0,0,0,69,3,0,0.1,,600,,,,,2,,,
CompleteGumtreeMatcher,1,1,0,1,0,0,0,0,69,3,0,0.2,,600,,,,,2,,,
CompleteGumtreeMatcher,1,1,0,1,0,0,0,0,69,3,0,0.3,,600,,,,,2,,,
CompleteGumtreeMatcher,1,1,0,1,0,0,0,0,69,3,0,0.4,,600,,,,,2,,,
CompleteGumtreeMatcher,1,1,0,1,0,0,0,0,70,3,0,0.5,,600,,,,,2,,,
CompleteGumtreeMatcher,1,1,0,1,0,0,0,0,70,3,0,0.6,,600,,,,,2,,,
CompleteGumtreeMatcher,1,1,0,1,0,0,0,0,70,3,0,0.7,,600,,,,,2,,,
CompleteGumtreeMatcher,1,1,0,1,0,0,0,0,69,3,0,0.799,,600,,,,,2,,,
CompleteGumtreeMatcher,1,1,0,1,0,0,0,0,70,3,0,0.899,,600,,,,,2,,,
CompleteGumtreeMatcher,1,1,0,1,0,0,0,0,70,3,0,0.999,,600,,,,,2,,,
CompleteGumtreeMatcher,1,1,0,1,0,0,0,0,70,3,0,0.1,,600,,,,,3,,,
CompleteGumtreeMatcher,1,1,0,1,0,0,0,0,69,3,0,0.2,,600,,,,,3,,,
CompleteGumtreeMatcher,1,1,0,1,0,0,0,0,70,3,0,0.3,,600,,,,,3,,,
CompleteGumtreeMatcher,1,1,0,1,0,0,0,0,70,3,0,0.4,,600,,,,,3,,,
CompleteGumtreeMatcher,1,1,0,1,0,0,0,0,69,3,0,0.5,,600,,,,,3,,,
CompleteGumtreeMatcher,1,1,0,1,0,0,0,0,70,3,0,0.6,,600,,,,,3,,,
CompleteGumtreeMatcher,1,1,0,1,0,0,0,0,69,3,0,0.7,,600,,,,,3,,,
CompleteGumtreeMatcher,1,1,0,1,0,0,0,0,70,3,0,0.799,,600,,,,,3,,,
CompleteGumtreeMatcher,1,1,0,1,0,0,0,0,69,3,0,0.899,,600,,,,,3,,,
CompleteGumtreeMatcher,1,1,0,1,0,0,0,0,69,3,0,0.999,,600,,,,,3,,,
CompleteGumtreeMatcher,1,1,0,1,0,0,0,0,70,3,0,0.1,,600,,,,,4,,,
CompleteGumtreeMatcher,1,1,0,1,0,0,0,0,69,3,0,0.2,,600,,,,,4,,,
CompleteGumtreeMatcher,1,1,0,1,0,0,0,0,69,3,0,0.3,,600,,,,,4,,,
CompleteGumtreeMatcher,1,1,0,1,0,0,0,0,69,3,0,0.4,,600,,,,,4,,,
CompleteGumtreeMatcher,1,1,0,1,0,0,0,0,69,3,0,0.5,,600,,,,,4,,,
CompleteGumtreeMatcher,1,1,0,1,0,0,0,0,69,3,0,0.6,,600,,,,,4,,,
CompleteGumtreeMatcher,1,1,0,1,0,0,0,0,69,3,0,0.7,,600,,,,,4,,,
CompleteGumtreeMatcher,1,1,0,1,0,0,0,0,69,3,0,0.799,,600,,,,,4,,,
CompleteGumtreeMatcher,1,1,0,1,0,0,0,0,69,3,0,0.899,,600,,,,,4,,,
CompleteGumtreeMatcher,1,1,0,1,0,0,0,0,69,3,0,0.999,,600,,,,,4,,,
CompleteGumtreeMatcher,1,1,0,1,0,0,0,0,69,3,0,0.1,,600,,,,,5,,,
CompleteGumtreeMatcher,1,1,0,1,0,0,0,0,69,3,0,0.2,,600,,,,,5,,,
CompleteGumtreeMatcher,1,1,0,1,0,0,0,0,69,3,0,0.3,,600,,,,,5,,,
CompleteGumtreeMatcher,1,1,0,1,0,0,0,0,69,3,0,0.4,,600,,,,,5,,,
CompleteGumtreeMatcher,1,1,0,1,0,0,0,0,70,3,0,0.5,,600,,,,,5,,,
CompleteGumtreeMatcher,1,1,0,1,0,0,0,0,69,3,0,0.6,,600,,,,,5,,,
CompleteGumtreeMatcher,1,1,0,1,0,0,0,0,70,3,0,0.7,,600,,,,,5,,,
CompleteGumtreeMatcher,1,1,0,1,0,0,0,0,70,3,0,0.799,,600,,,,,5,,,
CompleteGumtreeMatcher,1,1,0,1,0,0,0,0,70,3,0,0.899,,600,,,,,5,,,
CompleteGumtreeMatcher,1,1,0,1,0,0,0,0,70,3,0,0.999,,600,,,,,5,,,
CompleteGumtreeMatcher,1,1,0,1,0,0,0,0,69,3,0,0.1,,700,,,,,1,,,
CompleteGumtreeMatcher,1,1,0,1,0,0,0,0,69,3,0,0.2,,700,,,,,1,,,
CompleteGumtreeMatcher,1,1,0,1,0,0,0,0,69,3,0,0.3,,700,,,,,1,,,
CompleteGumtreeMatcher,1,1,0,1,0,0,0,0,70,3,0,0.4,,700,,,,,1,,,
CompleteGumtreeMatcher,1,1,0,1,0,0,0,0,69,3,0,0.5,,700,,,,,1,,,
CompleteGumtreeMatcher,1,1,0,1,0,0,0,0,69,3,0,0.6,,700,,,,,1,,,
CompleteGumtreeMatcher,1,1,0,1,0,0,0,0,69,3,0,0.7,,700,,,,,1,,,
CompleteGumtreeMatcher,1,1,0,1,0,0,0,0,69,3,0,0.799,,700,,,,,1,,,
CompleteGumtreeMatcher,1,1,0,1,0,0,0,0,69,3,0,0.899,,700,,,,,1,,,
CompleteGumtreeMatcher,1,1,0,1,0,0,0,0,69,3,0,0.999,,700,,,,,1,,,
CompleteGumtreeMatcher,1,1,0,1,0,0,0,0,70,3,0,0.1,,700,,,,,2,,,
CompleteGumtreeMatcher,1,1,0,1,0,0,0,0,70,3,0,0.2,,700,,,,,2,,,
CompleteGumtreeMatcher,1,1,0,1,0,0,0,0,72,3,0,0.3,,700,,,,,2,,,
CompleteGumtreeMatcher,1,1,0,1,0,0,0,0,69,3,0,0.4,,700,,,,,2,,,
CompleteGumtreeMatcher,1,1,0,1,0,0,0,0,69,3,0,0.5,,700,,,,,2,,,
CompleteGumtreeMatcher,1,1,0,1,0,0,0,0,70,3,0,0.6,,700,,,,,2,,,
CompleteGumtreeMatcher,1,1,0,1,0,0,0,0,70,3,0,0.7,,700,,,,,2,,,
CompleteGumtreeMatcher,1,1,0,1,0,0,0,0,69,3,0,0.799,,700,,,,,2,,,
CompleteGumtreeMatcher,1,1,0,1,0,0,0,0,69,3,0,0.899,,700,,,,,2,,,
CompleteGumtreeMatcher,1,1,0,1,0,0,0,0,70,3,0,0.999,,700,,,,,2,,,
CompleteGumtreeMatcher,1,1,0,1,0,0,0,0,69,3,0,0.1,,700,,,,,3,,,
CompleteGumtreeMatcher,1,1,0,1,0,0,0,0,69,3,0,0.2,,700,,,,,3,,,
CompleteGumtreeMatcher,1,1,0,1,0,0,0,0,69,3,0,0.3,,700,,,,,3,,,
CompleteGumtreeMatcher,1,1,0,1,0,0,0,0,70,3,0,0.4,,700,,,,,3,,,
CompleteGumtreeMatcher,1,1,0,1,0,0,0,0,69,3,0,0.5,,700,,,,,3,,,
CompleteGumtreeMatcher,1,1,0,1,0,0,0,0,69,3,0,0.6,,700,,,,,3,,,
CompleteGumtreeMatcher,1,1,0,1,0,0,0,0,70,3,0,0.7,,700,,,,,3,,,
CompleteGumtreeMatcher,1,1,0,1,0,0,0,0,70,3,0,0.799,,700,,,,,3,,,
CompleteGumtreeMatcher,1,1,0,1,0,0,0,0,70,3,0,0.899,,700,,,,,3,,,
CompleteGumtreeMatcher,1,1,0,1,0,0,0,0,69,3,0,0.999,,700,,,,,3,,,
CompleteGumtreeMatcher,1,1,0,1,0,0,0,0,69,3,0,0.1,,700,,,,,4,,,
CompleteGumtreeMatcher,1,1,0,1,0,0,0,0,69,3,0,0.2,,700,,,,,4,,,
CompleteGumtreeMatcher,1,1,0,1,0,0,0,0,70,3,0,0.3,,700,,,,,4,,,
CompleteGumtreeMatcher,1,1,0,1,0,0,0,0,69,3,0,0.4,,700,,,,,4,,,
CompleteGumtreeMatcher,1,1,0,1,0,0,0,0,69,3,0,0.5,,700,,,,,4,,,
CompleteGumtreeMatcher,1,1,0,1,0,0,0,0,69,3,0,0.6,,700,,,,,4,,,
CompleteGumtreeMatcher,1,1,0,1,0,0,0,0,69,3,0,0.7,,700,,,,,4,,,
CompleteGumtreeMatcher,1,1,0,1,0,0,0,0,69,3,0,0.799,,700,,,,,4,,,
CompleteGumtreeMatcher,1,1,0,1,0,0,0,0,69,3,0,0.899,,700,,,,,4,,,
CompleteGumtreeMatcher,1,1,0,1,0,0,0,0,70,3,0,0.999,,700,,,,,4,,,
CompleteGumtreeMatcher,1,1,0,1,0,0,0,0,70,3,0,0.1,,700,,,,,5,,,
CompleteGumtreeMatcher,1,1,0,1,0,0,0,0,70,3,0,0.2,,700,,,,,5,,,
CompleteGumtreeMatcher,1,1,0,1,0,0,0,0,69,3,0,0.3,,700,,,,,5,,,
CompleteGumtreeMatcher,1,1,0,1,0,0,0,0,69,3,0,0.4,,700,,,,,5,,,
CompleteGumtreeMatcher,1,1,0,1,0,0,0,0,70,3,0,0.5,,700,,,,,5,,,
CompleteGumtreeMatcher,1,1,0,1,0,0,0,0,70,3,0,0.6,,700,,,,,5,,,
CompleteGumtreeMatcher,1,1,0,1,0,0,0,0,69,3,0,0.7,,700,,,,,5,,,
CompleteGumtreeMatcher,1,1,0,1,0,0,0,0,69,3,0,0.799,,700,,,,,5,,,
CompleteGumtreeMatcher,1,1,0,1,0,0,0,0,69,3,0,0.899,,700,,,,,5,,,
CompleteGumtreeMatcher,1,1,0,1,0,0,0,0,69,3,0,0.999,,700,,,,,5,,,
CompleteGumtreeMatcher,1,1,0,1,0,0,0,0,69,3,0,0.1,,800,,,,,1,,,
CompleteGumtreeMatcher,1,1,0,1,0,0,0,0,69,3,0,0.2,,800,,,,,1,,,
CompleteGumtreeMatcher,1,1,0,1,0,0,0,0,69,3,0,0.3,,800,,,,,1,,,
CompleteGumtreeMatcher,1,1,0,1,0,0,0,0,70,3,0,0.4,,800,,,,,1,,,
CompleteGumtreeMatcher,1,1,0,1,0,0,0,0,69,3,0,0.5,,800,,,,,1,,,
CompleteGumtreeMatcher,1,1,0,1,0,0,0,0,69,3,0,0.6,,800,,,,,1,,,
CompleteGumtreeMatcher,1,1,0,1,0,0,0,0,69,3,0,0.7,,800,,,,,1,,,
CompleteGumtreeMatcher,1,1,0,1,0,0,0,0,69,3,0,0.799,,800,,,,,1,,,
CompleteGumtreeMatcher,1,1,0,1,0,0,0,0,70,3,0,0.899,,800,,,,,1,,,
CompleteGumtreeMatcher,1,1,0,1,0,0,0,0,70,3,0,0.999,,800,,,,,1,,,
CompleteGumtreeMatcher,1,1,0,1,0,0,0,0,69,3,0,0.1,,800,,,,,2,,,
CompleteGumtreeMatcher,1,1,0,1,0,0,0,0,69,3,0,0.2,,800,,,,,2,,,
CompleteGumtreeMatcher,1,1,0,1,0,0,0,0,69,3,0,0.3,,800,,,,,2,,,
CompleteGumtreeMatcher,1,1,0,1,0,0,0,0,69,3,0,0.4,,800,,,,,2,,,
CompleteGumtreeMatcher,1,1,0,1,0,0,0,0,69,3,0,0.5,,800,,,,,2,,,
CompleteGumtreeMatcher,1,1,0,1,0,0,0,0,69,3,0,0.6,,800,,,,,2,,,
CompleteGumtreeMatcher,1,1,0,1,0,0,0,0,70,3,0,0.7,,800,,,,,2,,,
CompleteGumtreeMatcher,1,1,0,1,0,0,0,0,70,3,0,0.799,,800,,,,,2,,,
CompleteGumtreeMatcher,1,1,0,1,0,0,0,0,69,3,0,0.899,,800,,,,,2,,,
CompleteGumtreeMatcher,1,1,0,1,0,0,0,0,69,3,0,0.999,,800,,,,,2,,,
CompleteGumtreeMatcher,1,1,0,1,0,0,0,0,70,3,0,0.1,,800,,,,,3,,,
CompleteGumtreeMatcher,1,1,0,1,0,0,0,0,70,3,0,0.2,,800,,,,,3,,,
CompleteGumtreeMatcher,1,1,0,1,0,0,0,0,70,3,0,0.3,,800,,,,,3,,,
CompleteGumtreeMatcher,1,1,0,1,0,0,0,0,70,3,0,0.4,,800,,,,,3,,,
CompleteGumtreeMatcher,1,1,0,1,0,0,0,0,70,3,0,0.5,,800,,,,,3,,,
CompleteGumtreeMatcher,1,1,0,1,0,0,0,0,70,3,0,0.6,,800,,,,,3,,,
CompleteGumtreeMatcher,1,1,0,1,0,0,0,0,69,3,0,0.7,,800,,,,,3,,,
CompleteGumtreeMatcher,1,1,0,1,0,0,0,0,69,3,0,0.799,,800,,,,,3,,,
CompleteGumtreeMatcher,1,1,0,1,0,0,0,0,69,3,0,0.899,,800,,,,,3,,,
CompleteGumtreeMatcher,1,1,0,1,0,0,0,0,70,3,0,0.999,,800,,,,,3,,,
CompleteGumtreeMatcher,1,1,0,1,0,0,0,0,69,3,0,0.1,,800,,,,,4,,,
CompleteGumtreeMatcher,1,1,0,1,0,0,0,0,69,3,0,0.2,,800,,,,,4,,,
CompleteGumtreeMatcher,1,1,0,1,0,0,0,0,69,3,0,0.3,,800,,,,,4,,,
CompleteGumtreeMatcher,1,1,0,1,0,0,0,0,69,3,0,0.4,,800,,,,,4,,,
CompleteGumtreeMatcher,1,1,0,1,0,0,0,0,69,3,0,0.5,,800,,,,,4,,,
CompleteGumtreeMatcher,1,1,0,1,0,0,0,0,69,3,0,0.6,,800,,,,,4,,,
CompleteGumtreeMatcher,1,1,0,1,0,0,0,0,69,3,0,0.7,,800,,,,,4,,,
CompleteGumtreeMatcher,1,1,0,1,0,0,0,0,69,3,0,0.799,,800,,,,,4,,,
CompleteGumtreeMatcher,1,1,0,1,0,0,0,0,69,3,0,0.899,,800,,,,,4,,,
CompleteGumtreeMatcher,1,1,0,1,0,0,0,0,69,3,0,0.999,,800,,,,,4,,,
CompleteGumtreeMatcher,1,1,0,1,0,0,0,0,73,3,0,0.1,,800,,,,,5,,,
CompleteGumtreeMatcher,1,1,0,1,0,0,0,0,73,3,0,0.2,,800,,,,,5,,,
CompleteGumtreeMatcher,1,1,0,1,0,0,0,0,73,3,0,0.3,,800,,,,,5,,,
CompleteGumtreeMatcher,1,1,0,1,0,0,0,0,74,3,0,0.4,,800,,,,,5,,,
CompleteGumtreeMatcher,1,1,0,1,0,0,0,0,73,3,0,0.5,,800,,,,,5,,,
CompleteGumtreeMatcher,1,1,0,1,0,0,0,0,73,3,0,0.6,,800,,,,,5,,,
CompleteGumtreeMatcher,1,1,0,1,0,0,0,0,73,3,0,0.7,,800,,,,,5,,,
CompleteGumtreeMatcher,1,1,0,1,0,0,0,0,73,3,0,0.799,,800,,,,,5,,,
CompleteGumtreeMatcher,1,1,0,1,0,0,0,0,73,3,0,0.899,,800,,,,,5,,,
CompleteGumtreeMatcher,1,1,0,1,0,0,0,0,73,3,0,0.999,,800,,,,,5,,,
CompleteGumtreeMatcher,1,1,0,1,0,0,0,0,69,3,0,0.1,,900,,,,,1,,,
CompleteGumtreeMatcher,1,1,0,1,0,0,0,0,69,3,0,0.2,,900,,,,,1,,,
CompleteGumtreeMatcher,1,1,0,1,0,0,0,0,69,3,0,0.3,,900,,,,,1,,,
CompleteGumtreeMatcher,1,1,0,1,0,0,0,0,69,3,0,0.4,,900,,,,,1,,,
CompleteGumtreeMatcher,1,1,0,1,0,0,0,0,72,3,0,0.5,,900,,,,,1,,,
CompleteGumtreeMatcher,1,1,0,1,0,0,0,0,69,3,0,0.6,,900,,,,,1,,,
CompleteGumtreeMatcher,1,1,0,1,0,0,0,0,69,3,0,0.7,,900,,,,,1,,,
CompleteGumtreeMatcher,1,1,0,1,0,0,0,0,69,3,0,0.799,,900,,,,,1,,,
CompleteGumtreeMatcher,1,1,0,1,0,0,0,0,69,3,0,0.899,,900,,,,,1,,,
CompleteGumtreeMatcher,1,1,0,1,0,0,0,0,70,3,0,0.999,,900,,,,,1,,,
CompleteGumtreeMatcher,1,1,0,1,0,0,0,0,69,3,0,0.1,,900,,,,,2,,,
CompleteGumtreeMatcher,1,1,0,1,0,0,0,0,69,3,0,0.2,,900,,,,,2,,,
CompleteGumtreeMatcher,1,1,0,1,0,0,0,0,69,3,0,0.3,,900,,,,,2,,,
CompleteGumtreeMatcher,1,1,0,1,0,0,0,0,69,3,0,0.4,,900,,,,,2,,,
CompleteGumtreeMatcher,1,1,0,1,0,0,0,0,70,3,0,0.5,,900,,,,,2,,,
CompleteGumtreeMatcher,1,1,0,1,0,0,0,0,70,3,0,0.6,,900,,,,,2,,,
CompleteGumtreeMatcher,1,1,0,1,0,0,0,0,70,3,0,0.7,,900,,,,,2,,,
CompleteGumtreeMatcher,1,1,0,1,0,0,0,0,70,3,0,0.799,,900,,,,,2,,,
CompleteGumtreeMatcher,1,1,0,1,0,0,0,0,69,3,0,0.899,,900,,,,,2,,,
CompleteGumtreeMatcher,1,1,0,1,0,0,0,0,69,3,0,0.999,,900,,,,,2,,,
CompleteGumtreeMatcher,1,1,0,1,0,0,0,0,70,3,0,0.1,,900,,,,,3,,,
CompleteGumtreeMatcher,1,1,0,1,0,0,0,0,70,3,0,0.2,,900,,,,,3,,,
CompleteGumtreeMatcher,1,1,0,1,0,0,0,0,70,3,0,0.3,,900,,,,,3,,,
CompleteGumtreeMatcher,1,1,0,1,0,0,0,0,70,3,0,0.4,,900,,,,,3,,,
CompleteGumtreeMatcher,1,1,0,1,0,0,0,0,69,3,0,0.5,,900,,,,,3,,,
CompleteGumtreeMatcher,1,1,0,1,0,0,0,0,69,3,0,0.6,,900,,,,,3,,,
CompleteGumtreeMatcher,1,1,0,1,0,0,0,0,69,3,0,0.7,,900,,,,,3,,,
CompleteGumtreeMatcher,1,1,0,1,0,0,0,0,69,3,0,0.799,,900,,,,,3,,,
CompleteGumtreeMatcher,1,1,0,1,0,0,0,0,69,3,0,0.899,,900,,,,,3,,,
CompleteGumtreeMatcher,1,1,0,1,0,0,0,0,70,3,0,0.999,,900,,,,,3,,,
CompleteGumtreeMatcher,1,1,0,1,0,0,0,0,69,3,0,0.1,,900,,,,,4,,,
CompleteGumtreeMatcher,1,1,0,1,0,0,0,0,69,3,0,0.2,,900,,,,,4,,,
CompleteGumtreeMatcher,1,1,0,1,0,0,0,0,69,3,0,0.3,,900,,,,,4,,,
CompleteGumtreeMatcher,1,1,0,1,0,0,0,0,69,3,0,0.4,,900,,,,,4,,,
CompleteGumtreeMatcher,1,1,0,1,0,0,0,0,69,3,0,0.5,,900,,,,,4,,,
CompleteGumtreeMatcher,1,1,0,1,0,0,0,0,70,3,0,0.6,,900,,,,,4,,,
CompleteGumtreeMatcher,1,1,0,1,0,0,0,0,69,3,0,0.7,,900,,,,,4,,,
CompleteGumtreeMatcher,1,1,0,1,0,0,0,0,70,3,0,0.799,,900,,,,,4,,,
CompleteGumtreeMatcher,1,1,0,1,0,0,0,0,70,3,0,0.899,,900,,,,,4,,,
CompleteGumtreeMatcher,1,1,0,1,0,0,0,0,69,3,0,0.999,,900,,,,,4,,,
CompleteGumtreeMatcher,1,1,0,1,0,0,0,0,69,3,0,0.1,,900,,,,,5,,,
CompleteGumtreeMatcher,1,1,0,1,0,0,0,0,69,3,0,0.2,,900,,,,,5,,,
CompleteGumtreeMatcher,1,1,0,1,0,0,0,0,69,3,0,0.3,,900,,,,,5,,,
CompleteGumtreeMatcher,1,1,0,1,0,0,0,0,69,3,0,0.4,,900,,,,,5,,,
CompleteGumtreeMatcher,1,1,0,1,0,0,0,0,70,3,0,0.5,,900,,,,,5,,,
CompleteGumtreeMatcher,1,1,0,1,0,0,0,0,70,3,0,0.6,,900,,,,,5,,,
CompleteGumtreeMatcher,1,1,0,1,0,0,0,0,69,3,0,0.7,,900,,,,,5,,,
CompleteGumtreeMatcher,1,1,0,1,0,0,0,0,69,3,0,0.799,,900,,,,,5,,,
CompleteGumtreeMatcher,1,1,0,1,0,0,0,0,69,3,0,0.899,,900,,,,,5,,,
CompleteGumtreeMatcher,1,1,0,1,0,0,0,0,70,3,0,0.999,,900,,,,,5,,,
CompleteGumtreeMatcher,1,1,0,1,0,0,0,0,70,3,0,0.1,,1000,,,,,1,,,
CompleteGumtreeMatcher,1,1,0,1,0,0,0,0,70,3,0,0.2,,1000,,,,,1,,,
CompleteGumtreeMatcher,1,1,0,1,0,0,0,0,70,3,0,0.3,,1000,,,,,1,,,
CompleteGumtreeMatcher,1,1,0,1,0,0,0,0,69,3,0,0.4,,1000,,,,,1,,,
CompleteGumtreeMatcher,1,1,0,1,0,0,0,0,69,3,0,0.5,,1000,,,,,1,,,
CompleteGumtreeMatcher,1,1,0,1,0,0,0,0,70,3,0,0.6,,1000,,,,,1,,,
CompleteGumtreeMatcher,1,1,0,1,0,0,0,0,69,3,0,0.7,,1000,,,,,1,,,
CompleteGumtreeMatcher,1,1,0,1,0,0,0,0,69,3,0,0.799,,1000,,,,,1,,,
CompleteGumtreeMatcher,1,1,0,1,0,0,0,0,69,3,0,0.899,,1000,,,,,1,,,
CompleteGumtreeMatcher,1,1,0,1,0,0,0,0,69,3,0,0.999,,1000,,,,,1,,,
CompleteGumtreeMatcher,1,1,0,1,0,0,0,0,69,3,0,0.1,,1000,,,,,2,,,
CompleteGumtreeMatcher,1,1,0,1,0,0,0,0,69,3,0,0.2,,1000,,,,,2,,,
CompleteGumtreeMatcher,1,1,0,1,0,0,0,0,69,3,0,0.3,,1000,,,,,2,,,
CompleteGumtreeMatcher,1,1,0,1,0,0,0,0,70,3,0,0.4,,1000,,,,,2,,,
CompleteGumtreeMatcher,1,1,0,1,0,0,0,0,69,3,0,0.5,,1000,,,,,2,,,
CompleteGumtreeMatcher,1,1,0,1,0,0,0,0,69,3,0,0.6,,1000,,,,,2,,,
CompleteGumtreeMatcher,1,1,0,1,0,0,0,0,70,3,0,0.7,,1000,,,,,2,,,
CompleteGumtreeMatcher,1,1,0,1,0,0,0,0,69,3,0,0.799,,1000,,,,,2,,,
CompleteGumtreeMatcher,1,1,0,1,0,0,0,0,69,3,0,0.899,,1000,,,,,2,,,
CompleteGumtreeMatcher,1,1,0,1,0,0,0,0,70,3,0,0.999,,1000,,,,,2,,,
CompleteGumtreeMatcher,1,1,0,1,0,0,0,0,69,3,0,0.1,,1000,,,,,3,,,
CompleteGumtreeMatcher,1,1,0,1,0,0,0,0,69,3,0,0.2,,1000,,,,,3,,,
CompleteGumtreeMatcher,1,1,0,1,0,0,0,0,70,3,0,0.3,,1000,,,,,3,,,
CompleteGumtreeMatcher,1,1,0,1,0,0,0,0,69,3,0,0.4,,1000,,,,,3,,,
CompleteGumtreeMatcher,1,1,0,1,0,0,0,0,69,3,0,0.5,,1000,,,,,3,,,
CompleteGumtreeMatcher,1,1,0,1,0,0,0,0,70,3,0,0.6,,1000,,,,,3,,,
CompleteGumtreeMatcher,1,1,0,1,0,0,0,0,69,3,0,0.7,,1000,,,,,3,,,
CompleteGumtreeMatcher,1,1,0,1,0,0,0,0,69,3,0,0.799,,1000,,,,,3,,,
CompleteGumtreeMatcher,1,1,0,1,0,0,0,0,70,3,0,0.899,,1000,,,,,3,,,
CompleteGumtreeMatcher,1,1,0,1,0,0,0,0,69,3,0,0.999,,1000,,,,,3,,,
CompleteGumtreeMatcher,1,1,0,1,0,0,0,0,70,3,0,0.1,,1000,,,,,4,,,
CompleteGumtreeMatcher,1,1,0,1,0,0,0,0,70,3,0,0.2,,1000,,,,,4,,,
CompleteGumtreeMatcher,1,1,0,1,0,0,0,0,69,3,0,0.3,,1000,,,,,4,,,
CompleteGumtreeMatcher,1,1,0,1,0,0,0,0,69,3,0,0.4,,1000,,,,,4,,,
CompleteGumtreeMatcher,1,1,0,1,0,0,0,0,69,3,0,0.5,,1000,,,,,4,,,
CompleteGumtreeMatcher,1,1,0,1,0,0,0,0,69,3,0,0.6,,1000,,,,,4,,,
CompleteGumtreeMatcher,1,1,0,1,0,0,0,0,69,3,0,0.7,,1000,,,,,4,,,
CompleteGumtreeMatcher,1,1,0,1,0,0,0,0,70,3,0,0.799,,1000,,,,,4,,,
CompleteGumtreeMatcher,1,1,0,1,0,0,0,0,69,3,0,0.899,,1000,,,,,4,,,
CompleteGumtreeMatcher,1,1,0,1,0,0,0,0,70,3,0,0.999,,1000,,,,,4,,,
CompleteGumtreeMatcher,1,1,0,1,0,0,0,0,69,3,0,0.1,,1000,,,,,5,,,
CompleteGumtreeMatcher,1,1,0,1,0,0,0,0,69,3,0,0.2,,1000,,,,,5,,,
CompleteGumtreeMatcher,1,1,0,1,0,0,0,0,69,3,0,0.3,,1000,,,,,5,,,
CompleteGumtreeMatcher,1,1,0,1,0,0,0,0,70,3,0,0.4,,1000,,,,,5,,,
CompleteGumtreeMatcher,1,1,0,1,0,0,0,0,69,3,0,0.5,,1000,,,,,5,,,
CompleteGumtreeMatcher,1,1,0,1,0,0,0,0,69,3,0,0.6,,1000,,,,,5,,,
CompleteGumtreeMatcher,1,1,0,1,0,0,0,0,69,3,0,0.7,,1000,,,,,5,,,
CompleteGumtreeMatcher,1,1,0,1,0,0,0,0,69,3,0,0.799,,1000,,,,,5,,,
CompleteGumtreeMatcher,1,1,0,1,0,0,0,0,69,3,0,0.899,,1000,,,,,5,,,
CompleteGumtreeMatcher,1,1,0,1,0,0,0,0,69,3,0,0.999,,1000,,,,,5,,,
CompleteGumtreeMatcher,1,1,0,1,0,0,0,0,69,3,0,0.1,,1100,,,,,1,,,
CompleteGumtreeMatcher,1,1,0,1,0,0,0,0,69,3,0,0.2,,1100,,,,,1,,,
CompleteGumtreeMatcher,1,1,0,1,0,0,0,0,70,3,0,0.3,,1100,,,,,1,,,
CompleteGumtreeMatcher,1,1,0,1,0,0,0,0,69,3,0,0.4,,1100,,,,,1,,,
CompleteGumtreeMatcher,1,1,0,1,0,0,0,0,70,3,0,0.5,,1100,,,,,1,,,
CompleteGumtreeMatcher,1,1,0,1,0,0,0,0,70,3,0,0.6,,1100,,,,,1,,,
CompleteGumtreeMatcher,1,1,0,1,0,0,0,0,70,3,0,0.7,,1100,,,,,1,,,
CompleteGumtreeMatcher,1,1,0,1,0,0,0,0,69,3,0,0.799,,1100,,,,,1,,,
CompleteGumtreeMatcher,1,1,0,1,0,0,0,0,70,3,0,0.899,,1100,,,,,1,,,
CompleteGumtreeMatcher,1,1,0,1,0,0,0,0,70,3,0,0.999,,1100,,,,,1,,,
CompleteGumtreeMatcher,1,1,0,1,0,0,0,0,70,3,0,0.1,,1100,,,,,2,,,
CompleteGumtreeMatcher,1,1,0,1,0,0,0,0,70,3,0,0.2,,1100,,,,,2,,,
CompleteGumtreeMatcher,1,1,0,1,0,0,0,0,69,3,0,0.3,,1100,,,,,2,,,
CompleteGumtreeMatcher,1,1,0,1,0,0,0,0,69,3,0,0.4,,1100,,,,,2,,,
CompleteGumtreeMatcher,1,1,0,1,0,0,0,0,69,3,0,0.5,,1100,,,,,2,,,
CompleteGumtreeMatcher,1,1,0,1,0,0,0,0,69,3,0,0.6,,1100,,,,,2,,,
CompleteGumtreeMatcher,1,1,0,1,0,0,0,0,70,3,0,0.7,,1100,,,,,2,,,
CompleteGumtreeMatcher,1,1,0,1,0,0,0,0,70,3,0,0.799,,1100,,,,,2,,,
CompleteGumtreeMatcher,1,1,0,1,0,0,0,0,69,3,0,0.899,,1100,,,,,2,,,
CompleteGumtreeMatcher,1,1,0,1,0,0,0,0,69,3,0,0.999,,1100,,,,,2,,,
CompleteGumtreeMatcher,1,1,0,1,0,0,0,0,69,3,0,0.1,,1100,,,,,3,,,
CompleteGumtreeMatcher,1,1,0,1,0,0,0,0,69,3,0,0.2,,1100,,,,,3,,,
CompleteGumtreeMatcher,1,1,0,1,0,0,0,0,69,3,0,0.3,,1100,,,,,3,,,
CompleteGumtreeMatcher,1,1,0,1,0,0,0,0,70,3,0,0.4,,1100,,,,,3,,,
CompleteGumtreeMatcher,1,1,0,1,0,0,0,0,69,3,0,0.5,,1100,,,,,3,,,
CompleteGumtreeMatcher,1,1,0,1,0,0,0,0,69,3,0,0.6,,1100,,,,,3,,,
CompleteGumtreeMatcher,1,1,0,1,0,0,0,0,69,3,0,0.7,,1100,,,,,3,,,
CompleteGumtreeMatcher,1,1,0,1,0,0,0,0,69,3,0,0.799,,1100,,,,,3,,,
CompleteGumtreeMatcher,1,1,0,1,0,0,0,0,69,3,0,0.899,,1100,,,,,3,,,
CompleteGumtreeMatcher,1,1,0,1,0,0,0,0,70,3,0,0.999,,1100,,,,,3,,,
CompleteGumtreeMatcher,1,1,0,1,0,0,0,0,69,3,0,0.1,,1100,,,,,4,,,
CompleteGumtreeMatcher,1,1,0,1,0,0,0,0,69,3,0,0.2,,1100,,,,,4,,,
CompleteGumtreeMatcher,1,1,0,1,0,0,0,0,69,3,0,0.3,,1100,,,,,4,,,
CompleteGumtreeMatcher,1,1,0,1,0,0,0,0,69,3,0,0.4,,1100,,,,,4,,,
CompleteGumtreeMatcher,1,1,0,1,0,0,0,0,69,3,0,0.5,,1100,,,,,4,,,
CompleteGumtreeMatcher,1,1,0,1,0,0,0,0,70,3,0,0.6,,1100,,,,,4,,,
CompleteGumtreeMatcher,1,1,0,1,0,0,0,0,69,3,0,0.7,,1100,,,,,4,,,
CompleteGumtreeMatcher,1,1,0,1,0,0,0,0,69,3,0,0.799,,1100,,,,,4,,,
CompleteGumtreeMatcher,1,1,0,1,0,0,0,0,70,3,0,0.899,,1100,,,,,4,,,
CompleteGumtreeMatcher,1,1,0,1,0,0,0,0,69,3,0,0.999,,1100,,,,,4,,,
CompleteGumtreeMatcher,1,1,0,1,0,0,0,0,70,3,0,0.1,,1100,,,,,5,,,
CompleteGumtreeMatcher,1,1,0,1,0,0,0,0,70,3,0,0.2,,1100,,,,,5,,,
CompleteGumtreeMatcher,1,1,0,1,0,0,0,0,69,3,0,0.3,,1100,,,,,5,,,
CompleteGumtreeMatcher,1,1,0,1,0,0,0,0,69,3,0,0.4,,1100,,,,,5,,,
CompleteGumtreeMatcher,1,1,0,1,0,0,0,0,70,3,0,0.5,,1100,,,,,5,,,
CompleteGumtreeMatcher,1,1,0,1,0,0,0,0,69,3,0,0.6,,1100,,,,,5,,,
CompleteGumtreeMatcher,1,1,0,1,0,0,0,0,69,3,0,0.7,,1100,,,,,5,,,
CompleteGumtreeMatcher,1,1,0,1,0,0,0,0,71,3,0,0.799,,1100,,,,,5,,,
CompleteGumtreeMatcher,1,1,0,1,0,0,0,0,69,3,0,0.899,,1100,,,,,5,,,
CompleteGumtreeMatcher,1,1,0,1,0,0,0,0,70,3,0,0.999,,1100,,,,,5,,,
CompleteGumtreeMatcher,1,1,0,1,0,0,0,0,70,3,0,0.1,,1200,,,,,1,,,
CompleteGumtreeMatcher,1,1,0,1,0,0,0,0,69,3,0,0.2,,1200,,,,,1,,,
CompleteGumtreeMatcher,1,1,0,1,0,0,0,0,69,3,0,0.3,,1200,,,,,1,,,
CompleteGumtreeMatcher,1,1,0,1,0,0,0,0,69,3,0,0.4,,1200,,,,,1,,,
CompleteGumtreeMatcher,1,1,0,1,0,0,0,0,69,3,0,0.5,,1200,,,,,1,,,
CompleteGumtreeMatcher,1,1,0,1,0,0,0,0,69,3,0,0.6,,1200,,,,,1,,,
CompleteGumtreeMatcher,1,1,0,1,0,0,0,0,70,3,0,0.7,,1200,,,,,1,,,
CompleteGumtreeMatcher,1,1,0,1,0,0,0,0,69,3,0,0.799,,1200,,,,,1,,,
CompleteGumtreeMatcher,1,1,0,1,0,0,0,0,69,3,0,0.899,,1200,,,,,1,,,
CompleteGumtreeMatcher,1,1,0,1,0,0,0,0,69,3,0,0.999,,1200,,,,,1,,,
CompleteGumtreeMatcher,1,1,0,1,0,0,0,0,69,3,0,0.1,,1200,,,,,2,,,
CompleteGumtreeMatcher,1,1,0,1,0,0,0,0,69,3,0,0.2,,1200,,,,,2,,,
CompleteGumtreeMatcher,1,1,0,1,0,0,0,0,70,3,0,0.3,,1200,,,,,2,,,
CompleteGumtreeMatcher,1,1,0,1,0,0,0,0,70,3,0,0.4,,1200,,,,,2,,,
CompleteGumtreeMatcher,1,1,0,1,0,0,0,0,69,3,0,0.5,,1200,,,,,2,,,
CompleteGumtreeMatcher,1,1,0,1,0,0,0,0,69,3,0,0.6,,1200,,,,,2,,,
CompleteGumtreeMatcher,1,1,0,1,0,0,0,0,69,3,0,0.7,,1200,,,,,2,,,
CompleteGumtreeMatcher,1,1,0,1,0,0,0,0,69,3,0,0.799,,1200,,,,,2,,,
CompleteGumtreeMatcher,1,1,0,1,0,0,0,0,70,3,0,0.899,,1200,,,,,2,,,
CompleteGumtreeMatcher,1,1,0,1,0,0,0,0,70,3,0,0.999,,1200,,,,,2,,,
CompleteGumtreeMatcher,1,1,0,1,0,0,0,0,70,3,0,0.1,,1200,,,,,3,,,
CompleteGumtreeMatcher,1,1,0,1,0,0,0,0,70,3,0,0.2,,1200,,,,,3,,,
CompleteGumtreeMatcher,1,1,0,1,0,0,0,0,69,3,0,0.3,,1200,,,,,3,,,
CompleteGumtreeMatcher,1,1,0,1,0,0,0,0,69,3,0,0.4,,1200,,,,,3,,,
CompleteGumtreeMatcher,1,1,0,1,0,0,0,0,70,3,0,0.5,,1200,,,,,3,,,
CompleteGumtreeMatcher,1,1,0,1,0,0,0,0,70,3,0,0.6,,1200,,,,,3,,,
CompleteGumtreeMatcher,1,1,0,1,0,0,0,0,69,3,0,0.7,,1200,,,,,3,,,
CompleteGumtreeMatcher,1,1,0,1,0,0,0,0,70,3,0,0.799,,1200,,,,,3,,,
CompleteGumtreeMatcher,1,1,0,1,0,0,0,0,69,3,0,0.899,,1200,,,,,3,,,
CompleteGumtreeMatcher,1,1,0,1,0,0,0,0,69,3,0,0.999,,1200,,,,,3,,,
CompleteGumtreeMatcher,1,1,0,1,0,0,0,0,69,3,0,0.1,,1200,,,,,4,,,
CompleteGumtreeMatcher,1,1,0,1,0,0,0,0,69,3,0,0.2,,1200,,,,,4,,,
CompleteGumtreeMatcher,1,1,0,1,0,0,0,0,70,3,0,0.3,,1200,,,,,4,,,
CompleteGumtreeMatcher,1,1,0,1,0,0,0,0,70,3,0,0.4,,1200,,,,,4,,,
CompleteGumtreeMatcher,1,1,0,1,0,0,0,0,69,3,0,0.5,,1200,,,,,4,,,
CompleteGumtreeMatcher,1,1,0,1,0,0,0,0,70,3,0,0.6,,1200,,,,,4,,,
CompleteGumtreeMatcher,1,1,0,1,0,0,0,0,70,3,0,0.7,,1200,,,,,4,,,
CompleteGumtreeMatcher,1,1,0,1,0,0,0,0,69,3,0,0.799,,1200,,,,,4,,,
CompleteGumtreeMatcher,1,1,0,1,0,0,0,0,70,3,0,0.899,,1200,,,,,4,,,
CompleteGumtreeMatcher,1,1,0,1,0,0,0,0,70,3,0,0.999,,1200,,,,,4,,,
CompleteGumtreeMatcher,1,1,0,1,0,0,0,0,70,3,0,0.1,,1200,,,,,5,,,
CompleteGumtreeMatcher,1,1,0,1,0,0,0,0,70,3,0,0.2,,1200,,,,,5,,,
CompleteGumtreeMatcher,1,1,0,1,0,0,0,0,69,3,0,0.3,,1200,,,,,5,,,
CompleteGumtreeMatcher,1,1,0,1,0,0,0,0,69,3,0,0.4,,1200,,,,,5,,,
CompleteGumtreeMatcher,1,1,0,1,0,0,0,0,70,3,0,0.5,,1200,,,,,5,,,
CompleteGumtreeMatcher,1,1,0,1,0,0,0,0,69,3,0,0.6,,1200,,,,,5,,,
CompleteGumtreeMatcher,1,1,0,1,0,0,0,0,69,3,0,0.7,,1200,,,,,5,,,
CompleteGumtreeMatcher,1,1,0,1,0,0,0,0,70,3,0,0.799,,1200,,,,,5,,,
CompleteGumtreeMatcher,1,1,0,1,0,0,0,0,69,3,0,0.899,,1200,,,,,5,,,
CompleteGumtreeMatcher,1,1,0,1,0,0,0,0,69,3,0,0.999,,1200,,,,,5,,,
CompleteGumtreeMatcher,1,1,0,1,0,0,0,0,69,3,0,0.1,,1300,,,,,1,,,
CompleteGumtreeMatcher,1,1,0,1,0,0,0,0,69,3,0,0.2,,1300,,,,,1,,,
CompleteGumtreeMatcher,1,1,0,1,0,0,0,0,69,3,0,0.3,,1300,,,,,1,,,
CompleteGumtreeMatcher,1,1,0,1,0,0,0,0,69,3,0,0.4,,1300,,,,,1,,,
CompleteGumtreeMatcher,1,1,0,1,0,0,0,0,69,3,0,0.5,,1300,,,,,1,,,
CompleteGumtreeMatcher,1,1,0,1,0,0,0,0,69,3,0,0.6,,1300,,,,,1,,,
CompleteGumtreeMatcher,1,1,0,1,0,0,0,0,69,3,0,0.7,,1300,,,,,1,,,
CompleteGumtreeMatcher,1,1,0,1,0,0,0,0,69,3,0,0.799,,1300,,,,,1,,,
CompleteGumtreeMatcher,1,1,0,1,0,0,0,0,70,3,0,0.899,,1300,,,,,1,,,
CompleteGumtreeMatcher,1,1,0,1,0,0,0,0,70,3,0,0.999,,1300,,,,,1,,,
CompleteGumtreeMatcher,1,1,0,1,0,0,0,0,69,3,0,0.1,,1300,,,,,2,,,
CompleteGumtreeMatcher,1,1,0,1,0,0,0,0,69,3,0,0.2,,1300,,,,,2,,,
CompleteGumtreeMatcher,1,1,0,1,0,0,0,0,69,3,0,0.3,,1300,,,,,2,,,
CompleteGumtreeMatcher,1,1,0,1,0,0,0,0,69,3,0,0.4,,1300,,,,,2,,,
CompleteGumtreeMatcher,1,1,0,1,0,0,0,0,69,3,0,0.5,,1300,,,,,2,,,
CompleteGumtreeMatcher,1,1,0,1,0,0,0,0,70,3,0,0.6,,1300,,,,,2,,,
CompleteGumtreeMatcher,1,1,0,1,0,0,0,0,73,3,0,0.7,,1300,,,,,2,,,
CompleteGumtreeMatcher,1,1,0,1,0,0,0,0,70,3,0,0.799,,1300,,,,,2,,,
CompleteGumtreeMatcher,1,1,0,1,0,0,0,0,69,3,0,0.899,,1300,,,,,2,,,
CompleteGumtreeMatcher,1,1,0,1,0,0,0,0,69,3,0,0.999,,1300,,,,,2,,,
CompleteGumtreeMatcher,1,1,0,1,0,0,0,0,70,3,0,0.1,,1300,,,,,3,,,
CompleteGumtreeMatcher,1,1,0,1,0,0,0,0,70,3,0,0.2,,1300,,,,,3,,,
CompleteGumtreeMatcher,1,1,0,1,0,0,0,0,70,3,0,0.3,,1300,,,,,3,,,
CompleteGumtreeMatcher,1,1,0,1,0,0,0,0,70,3,0,0.4,,1300,,,,,3,,,
CompleteGumtreeMatcher,1,1,0,1,0,0,0,0,70,3,0,0.5,,1300,,,,,3,,,
CompleteGumtreeMatcher,1,1,0,1,0,0,0,0,69,3,0,0.6,,1300,,,,,3,,,
CompleteGumtreeMatcher,1,1,0,1,0,0,0,0,69,3,0,0.7,,1300,,,,,3,,,
CompleteGumtreeMatcher,1,1,0,1,0,0,0,0,70,3,0,0.799,,1300,,,,,3,,,
CompleteGumtreeMatcher,1,1,0,1,0,0,0,0,69,3,0,0.899,,1300,,,,,3,,,
CompleteGumtreeMatcher,1,1,0,1,0,0,0,0,70,3,0,0.999,,1300,,,,,3,,,
CompleteGumtreeMatcher,1,1,0,1,0,0,0,0,69,3,0,0.1,,1300,,,,,4,,,
CompleteGumtreeMatcher,1,1,0,1,0,0,0,0,69,3,0,0.2,,1300,,,,,4,,,
CompleteGumtreeMatcher,1,1,0,1,0,0,0,0,69,3,0,0.3,,1300,,,,,4,,,
CompleteGumtreeMatcher,1,1,0,1,0,0,0,0,69,3,0,0.4,,1300,,,,,4,,,
CompleteGumtreeMatcher,1,1,0,1,0,0,0,0,69,3,0,0.5,,1300,,,,,4,,,
CompleteGumtreeMatcher,1,1,0,1,0,0,0,0,69,3,0,0.6,,1300,,,,,4,,,
CompleteGumtreeMatcher,1,1,0,1,0,0,0,0,70,3,0,0.7,,1300,,,,,4,,,
CompleteGumtreeMatcher,1,1,0,1,0,0,0,0,69,3,0,0.799,,1300,,,,,4,,,
CompleteGumtreeMatcher,1,1,0,1,0,0,0,0,70,3,0,0.899,,1300,,,,,4,,,
CompleteGumtreeMatcher,1,1,0,1,0,0,0,0,69,3,0,0.999,,1300,,,,,4,,,
CompleteGumtreeMatcher,1,1,0,1,0,0,0,0,69,3,0,0.1,,1300,,,,,5,,,
CompleteGumtreeMatcher,1,1,0,1,0,0,0,0,69,3,0,0.2,,1300,,,,,5,,,
CompleteGumtreeMatcher,1,1,0,1,0,0,0,0,69,3,0,0.3,,1300,,,,,5,,,
CompleteGumtreeMatcher,1,1,0,1,0,0,0,0,69,3,0,0.4,,1300,,,,,5,,,
CompleteGumtreeMatcher,1,1,0,1,0,0,0,0,69,3,0,0.5,,1300,,,,,5,,,
CompleteGumtreeMatcher,1,1,0,1,0,0,0,0,70,3,0,0.6,,1300,,,,,5,,,
CompleteGumtreeMatcher,1,1,0,1,0,0,0,0,69,3,0,0.7,,1300,,,,,5,,,
CompleteGumtreeMatcher,1,1,0,1,0,0,0,0,69,3,0,0.799,,1300,,,,,5,,,
CompleteGumtreeMatcher,1,1,0,1,0,0,0,0,69,3,0,0.899,,1300,,,,,5,,,
CompleteGumtreeMatcher,1,1,0,1,0,0,0,0,70,3,0,0.999,,1300,,,,,5,,,
CompleteGumtreeMatcher,1,1,0,1,0,0,0,0,70,3,0,0.1,,1400,,,,,1,,,
CompleteGumtreeMatcher,1,1,0,1,0,0,0,0,70,3,0,0.2,,1400,,,,,1,,,
CompleteGumtreeMatcher,1,1,0,1,0,0,0,0,70,3,0,0.3,,1400,,,,,1,,,
CompleteGumtreeMatcher,1,1,0,1,0,0,0,0,70,3,0,0.4,,1400,,,,,1,,,
CompleteGumtreeMatcher,1,1,0,1,0,0,0,0,69,3,0,0.5,,1400,,,,,1,,,
CompleteGumtreeMatcher,1,1,0,1,0,0,0,0,69,3,0,0.6,,1400,,,,,1,,,
CompleteGumtreeMatcher,1,1,0,1,0,0,0,0,69,3,0,0.7,,1400,,,,,1,,,
CompleteGumtreeMatcher,1,1,0,1,0,0,0,0,70,3,0,0.799,,1400,,,,,1,,,
CompleteGumtreeMatcher,1,1,0,1,0,0,0,0,69,3,0,0.899,,1400,,,,,1,,,
CompleteGumtreeMatcher,1,1,0,1,0,0,0,0,69,3,0,0.999,,1400,,,,,1,,,
CompleteGumtreeMatcher,1,1,0,1,0,0,0,0,73,3,0,0.1,,1400,,,,,2,,,
CompleteGumtreeMatcher,1,1,0,1,0,0,0,0,73,3,0,0.2,,1400,,,,,2,,,
CompleteGumtreeMatcher,1,1,0,1,0,0,0,0,73,3,0,0.3,,1400,,,,,2,,,
CompleteGumtreeMatcher,1,1,0,1,0,0,0,0,73,3,0,0.4,,1400,,,,,2,,,
CompleteGumtreeMatcher,1,1,0,1,0,0,0,0,73,3,0,0.5,,1400,,,,,2,,,
CompleteGumtreeMatcher,1,1,0,1,0,0,0,0,73,3,0,0.6,,1400,,,,,2,,,
CompleteGumtreeMatcher,1,1,0,1,0,0,0,0,73,3,0,0.7,,1400,,,,,2,,,
CompleteGumtreeMatcher,1,1,0,1,0,0,0,0,73,3,0,0.799,,1400,,,,,2,,,
CompleteGumtreeMatcher,1,1,0,1,0,0,0,0,73,3,0,0.899,,1400,,,,,2,,,
CompleteGumtreeMatcher,1,1,0,1,0,0,0,0,73,3,0,0.999,,1400,,,,,2,,,
CompleteGumtreeMatcher,1,1,0,1,0,0,0,0,69,3,0,0.1,,1400,,,,,3,,,
CompleteGumtreeMatcher,1,1,0,1,0,0,0,0,69,3,0,0.2,,1400,,,,,3,,,
CompleteGumtreeMatcher,1,1,0,1,0,0,0,0,69,3,0,0.3,,1400,,,,,3,,,
CompleteGumtreeMatcher,1,1,0,1,0,0,0,0,69,3,0,0.4,,1400,,,,,3,,,
CompleteGumtreeMatcher,1,1,0,1,0,0,0,0,69,3,0,0.5,,1400,,,,,3,,,
CompleteGumtreeMatcher,1,1,0,1,0,0,0,0,69,3,0,0.6,,1400,,,,,3,,,
CompleteGumtreeMatcher,1,1,0,1,0,0,0,0,69,3,0,0.7,,1400,,,,,3,,,
CompleteGumtreeMatcher,1,1,0,1,0,0,0,0,69,3,0,0.799,,1400,,,,,3,,,
CompleteGumtreeMatcher,1,1,0,1,0,0,0,0,69,3,0,0.899,,1400,,,,,3,,,
CompleteGumtreeMatcher,1,1,0,1,0,0,0,0,70,3,0,0.999,,1400,,,,,3,,,
CompleteGumtreeMatcher,1,1,0,1,0,0,0,0,69,3,0,0.1,,1400,,,,,4,,,
CompleteGumtreeMatcher,1,1,0,1,0,0,0,0,69,3,0,0.2,,1400,,,,,4,,,
CompleteGumtreeMatcher,1,1,0,1,0,0,0,0,69,3,0,0.3,,1400,,,,,4,,,
CompleteGumtreeMatcher,1,1,0,1,0,0,0,0,69,3,0,0.4,,1400,,,,,4,,,
CompleteGumtreeMatcher,1,1,0,1,0,0,0,0,70,3,0,0.5,,1400,,,,,4,,,
CompleteGumtreeMatcher,1,1,0,1,0,0,0,0,69,3,0,0.6,,1400,,,,,4,,,
CompleteGumtreeMatcher,1,1,0,1,0,0,0,0,70,3,0,0.7,,1400,,,,,4,,,
CompleteGumtreeMatcher,1,1,0,1,0,0,0,0,69,3,0,0.799,,1400,,,,,4,,,
CompleteGumtreeMatcher,1,1,0,1,0,0,0,0,69,3,0,0.899,,1400,,,,,4,,,
CompleteGumtreeMatcher,1,1,0,1,0,0,0,0,70,3,0,0.999,,1400,,,,,4,,,
CompleteGumtreeMatcher,1,1,0,1,0,0,0,0,73,3,0,0.1,,1400,,,,,5,,,
CompleteGumtreeMatcher,1,1,0,1,0,0,0,0,70,3,0,0.2,,1400,,,,,5,,,
CompleteGumtreeMatcher,1,1,0,1,0,0,0,0,70,3,0,0.3,,1400,,,,,5,,,
CompleteGumtreeMatcher,1,1,0,1,0,0,0,0,69,3,0,0.4,,1400,,,,,5,,,
CompleteGumtreeMatcher,1,1,0,1,0,0,0,0,69,3,0,0.5,,1400,,,,,5,,,
CompleteGumtreeMatcher,1,1,0,1,0,0,0,0,70,3,0,0.6,,1400,,,,,5,,,
CompleteGumtreeMatcher,1,1,0,1,0,0,0,0,69,3,0,0.7,,1400,,,,,5,,,
CompleteGumtreeMatcher,1,1,0,1,0,0,0,0,70,3,0,0.799,,1400,,,,,5,,,
CompleteGumtreeMatcher,1,1,0,1,0,0,0,0,70,3,0,0.899,,1400,,,,,5,,,
CompleteGumtreeMatcher,1,1,0,1,0,0,0,0,69,3,0,0.999,,1400,,,,,5,,,
CompleteGumtreeMatcher,1,1,0,1,0,0,0,0,69,3,0,0.1,,1500,,,,,1,,,
CompleteGumtreeMatcher,1,1,0,1,0,0,0,0,69,3,0,0.2,,1500,,,,,1,,,
CompleteGumtreeMatcher,1,1,0,1,0,0,0,0,70,3,0,0.3,,1500,,,,,1,,,
CompleteGumtreeMatcher,1,1,0,1,0,0,0,0,69,3,0,0.4,,1500,,,,,1,,,
CompleteGumtreeMatcher,1,1,0,1,0,0,0,0,69,3,0,0.5,,1500,,,,,1,,,
CompleteGumtreeMatcher,1,1,0,1,0,0,0,0,72,3,0,0.6,,1500,,,,,1,,,
CompleteGumtreeMatcher,1,1,0,1,0,0,0,0,69,3,0,0.7,,1500,,,,,1,,,
CompleteGumtreeMatcher,1,1,0,1,0,0,0,0,69,3,0,0.799,,1500,,,,,1,,,
CompleteGumtreeMatcher,1,1,0,1,0,0,0,0,69,3,0,0.899,,1500,,,,,1,,,
CompleteGumtreeMatcher,1,1,0,1,0,0,0,0,70,3,0,0.999,,1500,,,,,1,,,
CompleteGumtreeMatcher,1,1,0,1,0,0,0,0,70,3,0,0.1,,1500,,,,,2,,,
CompleteGumtreeMatcher,1,1,0,1,0,0,0,0,69,3,0,0.2,,1500,,,,,2,,,
CompleteGumtreeMatcher,1,1,0,1,0,0,0,0,69,3,0,0.3,,1500,,,,,2,,,
CompleteGumtreeMatcher,1,1,0,1,0,0,0,0,70,3,0,0.4,,1500,,,,,2,,,
CompleteGumtreeMatcher,1,1,0,1,0,0,0,0,69,3,0,0.5,,1500,,,,,2,,,
CompleteGumtreeMatcher,1,1,0,1,0,0,0,0,69,3,0,0.6,,1500,,,,,2,,,
CompleteGumtreeMatcher,1,1,0,1,0,0,0,0,69,3,0,0.7,,1500,,,,,2,,,
CompleteGumtreeMatcher,1,1,0,1,0,0,0,0,69,3,0,0.799,,1500,,,,,2,,,
CompleteGumtreeMatcher,1,1,0,1,0,0,0,0,69,3,0,0.899,,1500,,,,,2,,,
CompleteGumtreeMatcher,1,1,0,1,0,0,0,0,69,3,0,0.999,,1500,,,,,2,,,
CompleteGumtreeMatcher,1,1,0,1,0,0,0,0,70,3,0,0.1,,1500,,,,,3,,,
CompleteGumtreeMatcher,1,1,0,1,0,0,0,0,69,3,0,0.2,,1500,,,,,3,,,
CompleteGumtreeMatcher,1,1,0,1,0,0,0,0,70,3,0,0.3,,1500,,,,,3,,,
CompleteGumtreeMatcher,1,1,0,1,0,0,0,0,69,3,0,0.4,,1500,,,,,3,,,
CompleteGumtreeMatcher,1,1,0,1,0,0,0,0,70,3,0,0.5,,1500,,,,,3,,,
CompleteGumtreeMatcher,1,1,0,1,0,0,0,0,70,3,0,0.6,,1500,,,,,3,,,
CompleteGumtreeMatcher,1,1,0,1,0,0,0,0,70,3,0,0.7,,1500,,,,,3,,,
CompleteGumtreeMatcher,1,1,0,1,0,0,0,0,70,3,0,0.799,,1500,,,,,3,,,
CompleteGumtreeMatcher,1,1,0,1,0,0,0,0,70,3,0,0.899,,1500,,,,,3,,,
CompleteGumtreeMatcher,1,1,0,1,0,0,0,0,70,3,0,0.999,,1500,,,,,3,,,
CompleteGumtreeMatcher,1,1,0,1,0,0,0,0,69,3,0,0.1,,1500,,,,,4,,,
CompleteGumtreeMatcher,1,1,0,1,0,0,0,0,70,3,0,0.2,,1500,,,,,4,,,
CompleteGumtreeMatcher,1,1,0,1,0,0,0,0,69,3,0,0.3,,1500,,,,,4,,,
CompleteGumtreeMatcher,1,1,0,1,0,0,0,0,72,3,0,0.4,,1500,,,,,4,,,
CompleteGumtreeMatcher,1,1,0,1,0,0,0,0,69,3,0,0.5,,1500,,,,,4,,,
CompleteGumtreeMatcher,1,1,0,1,0,0,0,0,69,3,0,0.6,,1500,,,,,4,,,
CompleteGumtreeMatcher,1,1,0,1,0,0,0,0,69,3,0,0.7,,1500,,,,,4,,,
CompleteGumtreeMatcher,1,1,0,1,0,0,0,0,69,3,0,0.799,,1500,,,,,4,,,
CompleteGumtreeMatcher,1,1,0,1,0,0,0,0,69,3,0,0.899,,1500,,,,,4,,,
CompleteGumtreeMatcher,1,1,0,1,0,0,0,0,69,3,0,0.999,,1500,,,,,4,,,
CompleteGumtreeMatcher,1,1,0,1,0,0,0,0,69,3,0,0.1,,1500,,,,,5,,,
CompleteGumtreeMatcher,1,1,0,1,0,0,0,0,69,3,0,0.2,,1500,,,,,5,,,
CompleteGumtreeMatcher,1,1,0,1,0,0,0,0,69,3,0,0.3,,1500,,,,,5,,,
CompleteGumtreeMatcher,1,1,0,1,0,0,0,0,69,3,0,0.4,,1500,,,,,5,,,
CompleteGumtreeMatcher,1,1,0,1,0,0,0,0,69,3,0,0.5,,1500,,,,,5,,,
CompleteGumtreeMatcher,1,1,0,1,0,0,0,0,69,3,0,0.6,,1500,,,,,5,,,
CompleteGumtreeMatcher,1,1,0,1,0,0,0,0,69,3,0,0.7,,1500,,,,,5,,,
CompleteGumtreeMatcher,1,1,0,1,0,0,0,0,69,3,0,0.799,,1500,,,,,5,,,
CompleteGumtreeMatcher,1,1,0,1,0,0,0,0,69,3,0,0.899,,1500,,,,,5,,,
CompleteGumtreeMatcher,1,1,0,1,0,0,0,0,70,3,0,0.999,,1500,,,,,5,,,
CompleteGumtreeMatcher,1,1,0,1,0,0,0,0,70,3,0,0.1,,1600,,,,,1,,,
CompleteGumtreeMatcher,1,1,0,1,0,0,0,0,69,3,0,0.2,,1600,,,,,1,,,
CompleteGumtreeMatcher,1,1,0,1,0,0,0,0,69,3,0,0.3,,1600,,,,,1,,,
CompleteGumtreeMatcher,1,1,0,1,0,0,0,0,70,3,0,0.4,,1600,,,,,1,,,
CompleteGumtreeMatcher,1,1,0,1,0,0,0,0,70,3,0,0.5,,1600,,,,,1,,,
CompleteGumtreeMatcher,1,1,0,1,0,0,0,0,70,3,0,0.6,,1600,,,,,1,,,
CompleteGumtreeMatcher,1,1,0,1,0,0,0,0,70,3,0,0.7,,1600,,,,,1,,,
CompleteGumtreeMatcher,1,1,0,1,0,0,0,0,70,3,0,0.799,,1600,,,,,1,,,
CompleteGumtreeMatcher,1,1,0,1,0,0,0,0,70,3,0,0.899,,1600,,,,,1,,,
CompleteGumtreeMatcher,1,1,0,1,0,0,0,0,69,3,0,0.999,,1600,,,,,1,,,
CompleteGumtreeMatcher,1,1,0,1,0,0,0,0,69,3,0,0.1,,1600,,,,,2,,,
CompleteGumtreeMatcher,1,1,0,1,0,0,0,0,70,3,0,0.2,,1600,,,,,2,,,
CompleteGumtreeMatcher,1,1,0,1,0,0,0,0,70,3,0,0.3,,1600,,,,,2,,,
CompleteGumtreeMatcher,1,1,0,1,0,0,0,0,69,3,0,0.4,,1600,,,,,2,,,
CompleteGumtreeMatcher,1,1,0,1,0,0,0,0,69,3,0,0.5,,1600,,,,,2,,,
CompleteGumtreeMatcher,1,1,0,1,0,0,0,0,69,3,0,0.6,,1600,,,,,2,,,
CompleteGumtreeMatcher,1,1,0,1,0,0,0,0,69,3,0,0.7,,1600,,,,,2,,,
CompleteGumtreeMatcher,1,1,0,1,0,0,0,0,69,3,0,0.799,,1600,,,,,2,,,
CompleteGumtreeMatcher,1,1,0,1,0,0,0,0,69,3,0,0.899,,1600,,,,,2,,,
CompleteGumtreeMatcher,1,1,0,1,0,0,0,0,70,3,0,0.999,,1600,,,,,2,,,
CompleteGumtreeMatcher,1,1,0,1,0,0,0,0,69,3,0,0.1,,1600,,,,,3,,,
CompleteGumtreeMatcher,1,1,0,1,0,0,0,0,69,3,0,0.2,,1600,,,,,3,,,
CompleteGumtreeMatcher,1,1,0,1,0,0,0,0,69,3,0,0.3,,1600,,,,,3,,,
CompleteGumtreeMatcher,1,1,0,1,0,0,0,0,69,3,0,0.4,,1600,,,,,3,,,
CompleteGumtreeMatcher,1,1,0,1,0,0,0,0,69,3,0,0.5,,1600,,,,,3,,,
CompleteGumtreeMatcher,1,1,0,1,0,0,0,0,69,3,0,0.6,,1600,,,,,3,,,
CompleteGumtreeMatcher,1,1,0,1,0,0,0,0,69,3,0,0.7,,1600,,,,,3,,,
CompleteGumtreeMatcher,1,1,0,1,0,0,0,0,70,3,0,0.799,,1600,,,,,3,,,
CompleteGumtreeMatcher,1,1,0,1,0,0,0,0,69,3,0,0.899,,1600,,,,,3,,,
CompleteGumtreeMatcher,1,1,0,1,0,0,0,0,69,3,0,0.999,,1600,,,,,3,,,
CompleteGumtreeMatcher,1,1,0,1,0,0,0,0,70,3,0,0.1,,1600,,,,,4,,,
CompleteGumtreeMatcher,1,1,0,1,0,0,0,0,69,3,0,0.2,,1600,,,,,4,,,
CompleteGumtreeMatcher,1,1,0,1,0,0,0,0,69,3,0,0.3,,1600,,,,,4,,,
CompleteGumtreeMatcher,1,1,0,1,0,0,0,0,70,3,0,0.4,,1600,,,,,4,,,
CompleteGumtreeMatcher,1,1,0,1,0,0,0,0,69,3,0,0.5,,1600,,,,,4,,,
CompleteGumtreeMatcher,1,1,0,1,0,0,0,0,69,3,0,0.6,,1600,,,,,4,,,
CompleteGumtreeMatcher,1,1,0,1,0,0,0,0,70,3,0,0.7,,1600,,,,,4,,,
CompleteGumtreeMatcher,1,1,0,1,0,0,0,0,69,3,0,0.799,,1600,,,,,4,,,
CompleteGumtreeMatcher,1,1,0,1,0,0,0,0,69,3,0,0.899,,1600,,,,,4,,,
CompleteGumtreeMatcher,1,1,0,1,0,0,0,0,70,3,0,0.999,,1600,,,,,4,,,
CompleteGumtreeMatcher,1,1,0,1,0,0,0,0,69,3,0,0.1,,1600,,,,,5,,,
CompleteGumtreeMatcher,1,1,0,1,0,0,0,0,70,3,0,0.2,,1600,,,,,5,,,
CompleteGumtreeMatcher,1,1,0,1,0,0,0,0,70,3,0,0.3,,1600,,,,,5,,,
CompleteGumtreeMatcher,1,1,0,1,0,0,0,0,69,3,0,0.4,,1600,,,,,5,,,
CompleteGumtreeMatcher,1,1,0,1,0,0,0,0,71,3,0,0.5,,1600,,,,,5,,,
CompleteGumtreeMatcher,1,1,0,1,0,0,0,0,70,3,0,0.6,,1600,,,,,5,,,
CompleteGumtreeMatcher,1,1,0,1,0,0,0,0,69,3,0,0.7,,1600,,,,,5,,,
CompleteGumtreeMatcher,1,1,0,1,0,0,0,0,69,3,0,0.799,,1600,,,,,5,,,
CompleteGumtreeMatcher,1,1,0,1,0,0,0,0,70,3,0,0.899,,1600,,,,,5,,,
CompleteGumtreeMatcher,1,1,0,1,0,0,0,0,69,3,0,0.999,,1600,,,,,5,,,
CompleteGumtreeMatcher,1,1,0,1,0,0,0,0,69,3,0,0.1,,1700,,,,,1,,,
CompleteGumtreeMatcher,1,1,0,1,0,0,0,0,69,3,0,0.2,,1700,,,,,1,,,
CompleteGumtreeMatcher,1,1,0,1,0,0,0,0,69,3,0,0.3,,1700,,,,,1,,,
CompleteGumtreeMatcher,1,1,0,1,0,0,0,0,69,3,0,0.4,,1700,,,,,1,,,
CompleteGumtreeMatcher,1,1,0,1,0,0,0,0,69,3,0,0.5,,1700,,,,,1,,,
CompleteGumtreeMatcher,1,1,0,1,0,0,0,0,69,3,0,0.6,,1700,,,,,1,,,
CompleteGumtreeMatcher,1,1,0,1,0,0,0,0,69,3,0,0.7,,1700,,,,,1,,,
CompleteGumtreeMatcher,1,1,0,1,0,0,0,0,70,3,0,0.799,,1700,,,,,1,,,
CompleteGumtreeMatcher,1,1,0,1,0,0,0,0,69,3,0,0.899,,1700,,,,,1,,,
CompleteGumtreeMatcher,1,1,0,1,0,0,0,0,70,3,0,0.999,,1700,,,,,1,,,
CompleteGumtreeMatcher,1,1,0,1,0,0,0,0,70,3,0,0.1,,1700,,,,,2,,,
CompleteGumtreeMatcher,1,1,0,1,0,0,0,0,69,3,0,0.2,,1700,,,,,2,,,
CompleteGumtreeMatcher,1,1,0,1,0,0,0,0,69,3,0,0.3,,1700,,,,,2,,,
CompleteGumtreeMatcher,1,1,0,1,0,0,0,0,69,3,0,0.4,,1700,,,,,2,,,
CompleteGumtreeMatcher,1,1,0,1,0,0,0,0,69,3,0,0.5,,1700,,,,,2,,,
CompleteGumtreeMatcher,1,1,0,1,0,0,0,0,69,3,0,0.6,,1700,,,,,2,,,
CompleteGumtreeMatcher,1,1,0,1,0,0,0,0,69,3,0,0.7,,1700,,,,,2,,,
CompleteGumtreeMatcher,1,1,0,1,0,0,0,0,69,3,0,0.799,,1700,,,,,2,,,
CompleteGumtreeMatcher,1,1,0,1,0,0,0,0,69,3,0,0.899,,1700,,,,,2,,,
CompleteGumtreeMatcher,1,1,0,1,0,0,0,0,69,3,0,0.999,,1700,,,,,2,,,
CompleteGumtreeMatcher,1,1,0,1,0,0,0,0,69,3,0,0.1,,1700,,,,,3,,,
CompleteGumtreeMatcher,1,1,0,1,0,0,0,0,70,3,0,0.2,,1700,,,,,3,,,
CompleteGumtreeMatcher,1,1,0,1,0,0,0,0,70,3,0,0.3,,1700,,,,,3,,,
CompleteGumtreeMatcher,1,1,0,1,0,0,0,0,70,3,0,0.4,,1700,,,,,3,,,
CompleteGumtreeMatcher,1,1,0,1,0,0,0,0,70,3,0,0.5,,1700,,,,,3,,,
CompleteGumtreeMatcher,1,1,0,1,0,0,0,0,70,3,0,0.6,,1700,,,,,3,,,
CompleteGumtreeMatcher,1,1,0,1,0,0,0,0,70,3,0,0.7,,1700,,,,,3,,,
CompleteGumtreeMatcher,1,1,0,1,0,0,0,0,69,3,0,0.799,,1700,,,,,3,,,
CompleteGumtreeMatcher,1,1,0,1,0,0,0,0,69,3,0,0.899,,1700,,,,,3,,,
CompleteGumtreeMatcher,1,1,0,1,0,0,0,0,69,3,0,0.999,,1700,,,,,3,,,
CompleteGumtreeMatcher,1,1,0,1,0,0,0,0,69,3,0,0.1,,1700,,,,,4,,,
CompleteGumtreeMatcher,1,1,0,1,0,0,0,0,69,3,0,0.2,,1700,,,,,4,,,
CompleteGumtreeMatcher,1,1,0,1,0,0,0,0,69,3,0,0.3,,1700,,,,,4,,,
CompleteGumtreeMatcher,1,1,0,1,0,0,0,0,69,3,0,0.4,,1700,,,,,4,,,
CompleteGumtreeMatcher,1,1,0,1,0,0,0,0,69,3,0,0.5,,1700,,,,,4,,,
CompleteGumtreeMatcher,1,1,0,1,0,0,0,0,69,3,0,0.6,,1700,,,,,4,,,
CompleteGumtreeMatcher,1,1,0,1,0,0,0,0,69,3,0,0.7,,1700,,,,,4,,,
CompleteGumtreeMatcher,1,1,0,1,0,0,0,0,70,3,0,0.799,,1700,,,,,4,,,
CompleteGumtreeMatcher,1,1,0,1,0,0,0,0,70,3,0,0.899,,1700,,,,,4,,,
CompleteGumtreeMatcher,1,1,0,1,0,0,0,0,70,3,0,0.999,,1700,,,,,4,,,
CompleteGumtreeMatcher,1,1,0,1,0,0,0,0,70,3,0,0.1,,1700,,,,,5,,,
CompleteGumtreeMatcher,1,1,0,1,0,0,0,0,69,3,0,0.2,,1700,,,,,5,,,
CompleteGumtreeMatcher,1,1,0,1,0,0,0,0,69,3,0,0.3,,1700,,,,,5,,,
CompleteGumtreeMatcher,1,1,0,1,0,0,0,0,69,3,0,0.4,,1700,,,,,5,,,
CompleteGumtreeMatcher,1,1,0,1,0,0,0,0,69,3,0,0.5,,1700,,,,,5,,,
CompleteGumtreeMatcher,1,1,0,1,0,0,0,0,72,3,0,0.6,,1700,,,,,5,,,
CompleteGumtreeMatcher,1,1,0,1,0,0,0,0,69,3,0,0.7,,1700,,,,,5,,,
CompleteGumtreeMatcher,1,1,0,1,0,0,0,0,69,3,0,0.799,,1700,,,,,5,,,
CompleteGumtreeMatcher,1,1,0,1,0,0,0,0,73,3,0,0.899,,1700,,,,,5,,,
CompleteGumtreeMatcher,1,1,0,1,0,0,0,0,69,3,0,0.999,,1700,,,,,5,,,
CompleteGumtreeMatcher,1,1,0,1,0,0,0,0,69,3,0,0.1,,1800,,,,,1,,,
CompleteGumtreeMatcher,1,1,0,1,0,0,0,0,69,3,0,0.2,,1800,,,,,1,,,
CompleteGumtreeMatcher,1,1,0,1,0,0,0,0,70,3,0,0.3,,1800,,,,,1,,,
CompleteGumtreeMatcher,1,1,0,1,0,0,0,0,70,3,0,0.4,,1800,,,,,1,,,
CompleteGumtreeMatcher,1,1,0,1,0,0,0,0,70,3,0,0.5,,1800,,,,,1,,,
CompleteGumtreeMatcher,1,1,0,1,0,0,0,0,70,3,0,0.6,,1800,,,,,1,,,
CompleteGumtreeMatcher,1,1,0,1,0,0,0,0,69,3,0,0.7,,1800,,,,,1,,,
CompleteGumtreeMatcher,1,1,0,1,0,0,0,0,72,3,0,0.799,,1800,,,,,1,,,
CompleteGumtreeMatcher,1,1,0,1,0,0,0,0,72,3,0,0.899,,1800,,,,,1,,,
CompleteGumtreeMatcher,1,1,0,1,0,0,0,0,70,3,0,0.999,,1800,,,,,1,,,
CompleteGumtreeMatcher,1,1,0,1,0,0,0,0,69,3,0,0.1,,1800,,,,,2,,,
CompleteGumtreeMatcher,1,1,0,1,0,0,0,0,70,3,0,0.2,,1800,,,,,2,,,
CompleteGumtreeMatcher,1,1,0,1,0,0,0,0,69,3,0,0.3,,1800,,,,,2,,,
CompleteGumtreeMatcher,1,1,0,1,0,0,0,0,69,3,0,0.4,,1800,,,,,2,,,
CompleteGumtreeMatcher,1,1,0,1,0,0,0,0,69,3,0,0.5,,1800,,,,,2,,,
CompleteGumtreeMatcher,1,1,0,1,0,0,0,0,69,3,0,0.6,,1800,,,,,2,,,
CompleteGumtreeMatcher,1,1,0,1,0,0,0,0,70,3,0,0.7,,1800,,,,,2,,,
CompleteGumtreeMatcher,1,1,0,1,0,0,0,0,70,3,0,0.799,,1800,,,,,2,,,
CompleteGumtreeMatcher,1,1,0,1,0,0,0,0,69,3,0,0.899,,1800,,,,,2,,,
CompleteGumtreeMatcher,1,1,0,1,0,0,0,0,71,3,0,0.999,,1800,,,,,2,,,
CompleteGumtreeMatcher,1,1,0,1,0,0,0,0,70,3,0,0.1,,1800,,,,,3,,,
CompleteGumtreeMatcher,1,1,0,1,0,0,0,0,69,3,0,0.2,,1800,,,,,3,,,
CompleteGumtreeMatcher,1,1,0,1,0,0,0,0,69,3,0,0.3,,1800,,,,,3,,,
CompleteGumtreeMatcher,1,1,0,1,0,0,0,0,69,3,0,0.4,,1800,,,,,3,,,
CompleteGumtreeMatcher,1,1,0,1,0,0,0,0,69,3,0,0.5,,1800,,,,,3,,,
CompleteGumtreeMatcher,1,1,0,1,0,0,0,0,69,3,0,0.6,,1800,,,,,3,,,
CompleteGumtreeMatcher,1,1,0,1,0,0,0,0,69,3,0,0.7,,1800,,,,,3,,,
CompleteGumtreeMatcher,1,1,0,1,0,0,0,0,69,3,0,0.799,,1800,,,,,3,,,
CompleteGumtreeMatcher,1,1,0,1,0,0,0,0,70,3,0,0.899,,1800,,,,,3,,,
CompleteGumtreeMatcher,1,1,0,1,0,0,0,0,70,3,0,0.999,,1800,,,,,3,,,
CompleteGumtreeMatcher,1,1,0,1,0,0,0,0,69,3,0,0.1,,1800,,,,,4,,,
CompleteGumtreeMatcher,1,1,0,1,0,0,0,0,69,3,0,0.2,,1800,,,,,4,,,
CompleteGumtreeMatcher,1,1,0,1,0,0,0,0,70,3,0,0.3,,1800,,,,,4,,,
CompleteGumtreeMatcher,1,1,0,1,0,0,0,0,69,3,0,0.4,,1800,,,,,4,,,
CompleteGumtreeMatcher,1,1,0,1,0,0,0,0,69,3,0,0.5,,1800,,,,,4,,,
CompleteGumtreeMatcher,1,1,0,1,0,0,0,0,70,3,0,0.6,,1800,,,,,4,,,
CompleteGumtreeMatcher,1,1,0,1,0,0,0,0,69,3,0,0.7,,1800,,,,,4,,,
CompleteGumtreeMatcher,1,1,0,1,0,0,0,0,69,3,0,0.799,,1800,,,,,4,,,
CompleteGumtreeMatcher,1,1,0,1,0,0,0,0,69,3,0,0.899,,1800,,,,,4,,,
CompleteGumtreeMatcher,1,1,0,1,0,0,0,0,69,3,0,0.999,,1800,,,,,4,,,
CompleteGumtreeMatcher,1,1,0,1,0,0,0,0,69,3,0,0.1,,1800,,,,,5,,,
CompleteGumtreeMatcher,1,1,0,1,0,0,0,0,70,3,0,0.2,,1800,,,,,5,,,
CompleteGumtreeMatcher,1,1,0,1,0,0,0,0,69,3,0,0.3,,1800,,,,,5,,,
CompleteGumtreeMatcher,1,1,0,1,0,0,0,0,70,3,0,0.4,,1800,,,,,5,,,
CompleteGumtreeMatcher,1,1,0,1,0,0,0,0,70,3,0,0.5,,1800,,,,,5,,,
CompleteGumtreeMatcher,1,1,0,1,0,0,0,0,69,3,0,0.6,,1800,,,,,5,,,
CompleteGumtreeMatcher,1,1,0,1,0,0,0,0,70,3,0,0.7,,1800,,,,,5,,,
CompleteGumtreeMatcher,1,1,0,1,0,0,0,0,70,3,0,0.799,,1800,,,,,5,,,
CompleteGumtreeMatcher,1,1,0,1,0,0,0,0,70,3,0,0.899,,1800,,,,,5,,,
CompleteGumtreeMatcher,1,1,0,1,0,0,0,0,69,3,0,0.999,,1800,,,,,5,,,
CompleteGumtreeMatcher,1,1,0,1,0,0,0,0,70,3,0,0.1,,1900,,,,,1,,,
CompleteGumtreeMatcher,1,1,0,1,0,0,0,0,69,3,0,0.2,,1900,,,,,1,,,
CompleteGumtreeMatcher,1,1,0,1,0,0,0,0,69,3,0,0.3,,1900,,,,,1,,,
CompleteGumtreeMatcher,1,1,0,1,0,0,0,0,69,3,0,0.4,,1900,,,,,1,,,
CompleteGumtreeMatcher,1,1,0,1,0,0,0,0,69,3,0,0.5,,1900,,,,,1,,,
CompleteGumtreeMatcher,1,1,0,1,0,0,0,0,69,3,0,0.6,,1900,,,,,1,,,
CompleteGumtreeMatcher,1,1,0,1,0,0,0,0,69,3,0,0.7,,1900,,,,,1,,,
CompleteGumtreeMatcher,1,1,0,1,0,0,0,0,69,3,0,0.799,,1900,,,,,1,,,
CompleteGumtreeMatcher,1,1,0,1,0,0,0,0,69,3,0,0.899,,1900,,,,,1,,,
CompleteGumtreeMatcher,1,1,0,1,0,0,0,0,70,3,0,0.999,,1900,,,,,1,,,
CompleteGumtreeMatcher,1,1,0,1,0,0,0,0,69,3,0,0.1,,1900,,,,,2,,,
CompleteGumtreeMatcher,1,1,0,1,0,0,0,0,69,3,0,0.2,,1900,,,,,2,,,
CompleteGumtreeMatcher,1,1,0,1,0,0,0,0,70,3,0,0.3,,1900,,,,,2,,,
CompleteGumtreeMatcher,1,1,0,1,0,0,0,0,69,3,0,0.4,,1900,,,,,2,,,
CompleteGumtreeMatcher,1,1,0,1,0,0,0,0,69,3,0,0.5,,1900,,,,,2,,,
CompleteGumtreeMatcher,1,1,0,1,0,0,0,0,70,3,0,0.6,,1900,,,,,2,,,
CompleteGumtreeMatcher,1,1,0,1,0,0,0,0,69,3,0,0.7,,1900,,,,,2,,,
CompleteGumtreeMatcher,1,1,0,1,0,0,0,0,69,3,0,0.799,,1900,,,,,2,,,
CompleteGumtreeMatcher,1,1,0,1,0,0,0,0,70,3,0,0.899,,1900,,,,,2,,,
CompleteGumtreeMatcher,1,1,0,1,0,0,0,0,69,3,0,0.999,,1900,,,,,2,,,
CompleteGumtreeMatcher,1,1,0,1,0,0,0,0,69,3,0,0.1,,1900,,,,,3,,,
CompleteGumtreeMatcher,1,1,0,1,0,0,0,0,70,3,0,0.2,,1900,,,,,3,,,
CompleteGumtreeMatcher,1,1,0,1,0,0,0,0,69,3,0,0.3,,1900,,,,,3,,,
CompleteGumtreeMatcher,1,1,0,1,0,0,0,0,70,3,0,0.4,,1900,,,,,3,,,
CompleteGumtreeMatcher,1,1,0,1,0,0,0,0,70,3,0,0.5,,1900,,,,,3,,,
CompleteGumtreeMatcher,1,1,0,1,0,0,0,0,69,3,0,0.6,,1900,,,,,3,,,
CompleteGumtreeMatcher,1,1,0,1,0,0,0,0,70,3,0,0.7,,1900,,,,,3,,,
CompleteGumtreeMatcher,1,1,0,1,0,0,0,0,71,3,0,0.799,,1900,,,,,3,,,
CompleteGumtreeMatcher,1,1,0,1,0,0,0,0,70,3,0,0.899,,1900,,,,,3,,,
CompleteGumtreeMatcher,1,1,0,1,0,0,0,0,69,3,0,0.999,,1900,,,,,3,,,
CompleteGumtreeMatcher,1,1,0,1,0,0,0,0,70,3,0,0.1,,1900,,,,,4,,,
CompleteGumtreeMatcher,1,1,0,1,0,0,0,0,69,3,0,0.2,,1900,,,,,4,,,
CompleteGumtreeMatcher,1,1,0,1,0,0,0,0,70,3,0,0.3,,1900,,,,,4,,,
CompleteGumtreeMatcher,1,1,0,1,0,0,0,0,69,3,0,0.4,,1900,,,,,4,,,
CompleteGumtreeMatcher,1,1,0,1,0,0,0,0,69,3,0,0.5,,1900,,,,,4,,,
CompleteGumtreeMatcher,1,1,0,1,0,0,0,0,70,3,0,0.6,,1900,,,,,4,,,
CompleteGumtreeMatcher,1,1,0,1,0,0,0,0,69,3,0,0.7,,1900,,,,,4,,,
CompleteGumtreeMatcher,1,1,0,1,0,0,0,0,70,3,0,0.799,,1900,,,,,4,,,
CompleteGumtreeMatcher,1,1,0,1,0,0,0,0,69,3,0,0.899,,1900,,,,,4,,,
CompleteGumtreeMatcher,1,1,0,1,0,0,0,0,70,3,0,0.999,,1900,,,,,4,,,
CompleteGumtreeMatcher,1,1,0,1,0,0,0,0,73,3,0,0.1,,1900,,,,,5,,,
CompleteGumtreeMatcher,1,1,0,1,0,0,0,0,73,3,0,0.2,,1900,,,,,5,,,
CompleteGumtreeMatcher,1,1,0,1,0,0,0,0,72,3,0,0.3,,1900,,,,,5,,,
CompleteGumtreeMatcher,1,1,0,1,0,0,0,0,73,3,0,0.4,,1900,,,,,5,,,
CompleteGumtreeMatcher,1,1,0,1,0,0,0,0,73,3,0,0.5,,1900,,,,,5,,,
CompleteGumtreeMatcher,1,1,0,1,0,0,0,0,72,3,0,0.6,,1900,,,,,5,,,
CompleteGumtreeMatcher,1,1,0,1,0,0,0,0,73,3,0,0.7,,1900,,,,,5,,,
CompleteGumtreeMatcher,1,1,0,1,0,0,0,0,73,3,0,0.799,,1900,,,,,5,,,
CompleteGumtreeMatcher,1,1,0,1,0,0,0,0,73,3,0,0.899,,1900,,,,,5,,,
CompleteGumtreeMatcher,1,1,0,1,0,0,0,0,72,3,0,0.999,,1900,,,,,5,,,
CompleteGumtreeMatcher,1,1,0,1,0,0,0,0,69,3,0,0.1,,2000,,,,,1,,,
CompleteGumtreeMatcher,1,1,0,1,0,0,0,0,69,3,0,0.2,,2000,,,,,1,,,
CompleteGumtreeMatcher,1,1,0,1,0,0,0,0,70,3,0,0.3,,2000,,,,,1,,,
CompleteGumtreeMatcher,1,1,0,1,0,0,0,0,69,3,0,0.4,,2000,,,,,1,,,
CompleteGumtreeMatcher,1,1,0,1,0,0,0,0,69,3,0,0.5,,2000,,,,,1,,,
CompleteGumtreeMatcher,1,1,0,1,0,0,0,0,70,3,0,0.6,,2000,,,,,1,,,
CompleteGumtreeMatcher,1,1,0,1,0,0,0,0,69,3,0,0.7,,2000,,,,,1,,,
CompleteGumtreeMatcher,1,1,0,1,0,0,0,0,69,3,0,0.799,,2000,,,,,1,,,
CompleteGumtreeMatcher,1,1,0,1,0,0,0,0,70,3,0,0.899,,2000,,,,,1,,,
CompleteGumtreeMatcher,1,1,0,1,0,0,0,0,70,3,0,0.999,,2000,,,,,1,,,
CompleteGumtreeMatcher,1,1,0,1,0,0,0,0,69,3,0,0.1,,2000,,,,,2,,,
CompleteGumtreeMatcher,1,1,0,1,0,0,0,0,69,3,0,0.2,,2000,,,,,2,,,
CompleteGumtreeMatcher,1,1,0,1,0,0,0,0,69,3,0,0.3,,2000,,,,,2,,,
CompleteGumtreeMatcher,1,1,0,1,0,0,0,0,69,3,0,0.4,,2000,,,,,2,,,
CompleteGumtreeMatcher,1,1,0,1,0,0,0,0,69,3,0,0.5,,2000,,,,,2,,,
CompleteGumtreeMatcher,1,1,0,1,0,0,0,0,69,3,0,0.6,,2000,,,,,2,,,
CompleteGumtreeMatcher,1,1,0,1,0,0,0,0,70,3,0,0.7,,2000,,,,,2,,,
CompleteGumtreeMatcher,1,1,0,1,0,0,0,0,69,3,0,0.799,,2000,,,,,2,,,
CompleteGumtreeMatcher,1,1,0,1,0,0,0,0,69,3,0,0.899,,2000,,,,,2,,,
CompleteGumtreeMatcher,1,1,0,1,0,0,0,0,69,3,0,0.999,,2000,,,,,2,,,
CompleteGumtreeMatcher,1,1,0,1,0,0,0,0,70,3,0,0.1,,2000,,,,,3,,,
CompleteGumtreeMatcher,1,1,0,1,0,0,0,0,69,3,0,0.2,,2000,,,,,3,,,
CompleteGumtreeMatcher,1,1,0,1,0,0,0,0,69,3,0,0.3,,2000,,,,,3,,,
CompleteGumtreeMatcher,1,1,0,1,0,0,0,0,70,3,0,0.4,,2000,,,,,3,,,
CompleteGumtreeMatcher,1,1,0,1,0,0,0,0,70,3,0,0.5,,2000,,,,,3,,,
CompleteGumtreeMatcher,1,1,0,1,0,0,0,0,69,3,0,0.6,,2000,,,,,3,,,
CompleteGumtreeMatcher,1,1,0,1,0,0,0,0,69,3,0,0.7,,2000,,,,,3,,,
CompleteGumtreeMatcher,1,1,0,1,0,0,0,0,69,3,0,0.799,,2000,,,,,3,,,
CompleteGumtreeMatcher,1,1,0,1,0,0,0,0,69,3,0,0.899,,2000,,,,,3,,,
CompleteGumtreeMatcher,1,1,0,1,0,0,0,0,70,3,0,0.999,,2000,,,,,3,,,
CompleteGumtreeMatcher,1,1,0,1,0,0,0,0,69,3,0,0.1,,2000,,,,,4,,,
CompleteGumtreeMatcher,1,1,0,1,0,0,0,0,69,3,0,0.2,,2000,,,,,4,,,
CompleteGumtreeMatcher,1,1,0,1,0,0,0,0,70,3,0,0.3,,2000,,,,,4,,,
CompleteGumtreeMatcher,1,1,0,1,0,0,0,0,69,3,0,0.4,,2000,,,,,4,,,
CompleteGumtreeMatcher,1,1,0,1,0,0,0,0,69,3,0,0.5,,2000,,,,,4,,,
CompleteGumtreeMatcher,1,1,0,1,0,0,0,0,69,3,0,0.6,,2000,,,,,4,,,
CompleteGumtreeMatcher,1,1,0,1,0,0,0,0,69,3,0,0.7,,2000,,,,,4,,,
CompleteGumtreeMatcher,1,1,0,1,0,0,0,0,70,3,0,0.799,,2000,,,,,4,,,
CompleteGumtreeMatcher,1,1,0,1,0,0,0,0,70,3,0,0.899,,2000,,,,,4,,,
CompleteGumtreeMatcher,1,1,0,1,0,0,0,0,69,3,0,0.999,,2000,,,,,4,,,
CompleteGumtreeMatcher,1,1,0,1,0,0,0,0,69,3,0,0.1,,2000,,,,,5,,,
CompleteGumtreeMatcher,1,1,0,1,0,0,0,0,69,3,0,0.2,,2000,,,,,5,,,
CompleteGumtreeMatcher,1,1,0,1,0,0,0,0,69,3,0,0.3,,2000,,,,,5,,,
CompleteGumtreeMatcher,1,1,0,1,0,0,0,0,69,3,0,0.4,,2000,,,,,5,,,
CompleteGumtreeMatcher,1,1,0,1,0,0,0,0,69,3,0,0.5,,2000,,,,,5,,,
CompleteGumtreeMatcher,1,1,0,1,0,0,0,0,69,3,0,0.6,,2000,,,,,5,,,
CompleteGumtreeMatcher,1,1,0,1,0,0,0,0,69,3,0,0.7,,2000,,,,,5,,,
CompleteGumtreeMatcher,1,1,0,1,0,0,0,0,68,3,0,0.799,,2000,,,,,5,,,
CompleteGumtreeMatcher,1,1,0,1,0,0,0,0,67,3,0,0.899,,2000,,,,,5,,,
CompleteGumtreeMatcher,1,1,0,1,0,0,0,0,68,3,0,0.999,,2000,,,,,5,,,
ChangeDistiller,220,206,26,27,78,89,0,0,299,4,0,,,,0.1,2,0.2,0.1,,,,
ChangeDistiller,220,206,26,27,78,89,0,0,297,4,0,,,,0.1,4,0.2,0.1,,,,
ChangeDistiller,220,206,26,27,78,89,0,0,305,4,0,,,,0.1,6,0.2,0.1,,,,
ChangeDistiller,229,209,29,30,78,92,0,0,297,4,0,,,,0.1,2,0.2,0.3,,,,
ChangeDistiller,229,209,29,30,78,92,0,0,297,4,0,,,,0.1,4,0.2,0.3,,,,
ChangeDistiller,236,214,30,31,79,96,0,0,298,4,0,,,,0.1,6,0.2,0.3,,,,
ChangeDistiller,229,209,29,30,78,92,0,0,297,4,0,,,,0.1,2,0.2,0.5,,,,
ChangeDistiller,249,225,35,36,79,99,0,0,353,4,0,,,,0.1,4,0.2,0.5,,,,
ChangeDistiller,278,240,42,43,79,114,0,0,353,4,0,,,,0.1,6,0.2,0.5,,,,
ChangeDistiller,257,237,39,40,78,100,0,0,297,4,0,,,,0.1,2,0.2,0.7,,,,
ChangeDistiller,294,264,50,51,79,114,0,0,291,4,0,,,,0.1,4,0.2,0.7,,,,
ChangeDistiller,339,289,61,62,79,137,0,0,291,4,0,,,,0.1,6,0.2,0.7,,,,
ChangeDistiller,278,258,46,47,78,107,0,0,291,4,0,,,,0.1,2,0.2,0.899,,,,
ChangeDistiller,318,284,58,59,79,122,0,0,291,4,0,,,,0.1,4,0.2,0.899,,,,
ChangeDistiller,363,309,69,70,79,145,0,0,291,4,0,,,,0.1,6,0.2,0.899,,,,
ChangeDistiller,240,218,31,32,78,99,0,0,290,4,0,,,,0.1,2,0.4,0.1,,,,
ChangeDistiller,233,211,29,30,78,96,0,0,291,4,0,,,,0.1,4,0.4,0.1,,,,
ChangeDistiller,220,206,26,27,78,89,0,0,290,4,0,,,,0.1,6,0.4,0.1,,,,
ChangeDistiller,249,221,34,35,78,102,0,0,290,4,0,,,,0.1,2,0.4,0.3,,,,
ChangeDistiller,242,214,32,33,78,99,0,0,290,4,0,,,,0.1,4,0.4,0.3,,,,
ChangeDistiller,233,211,30,31,78,94,0,0,290,4,0,,,,0.1,6,0.4,0.3,,,,
ChangeDistiller,251,221,35,36,78,102,0,0,290,4,0,,,,0.1,2,0.4,0.5,,,,
ChangeDistiller,265,231,39,40,78,108,0,0,290,4,0,,,,0.1,4,0.4,0.5,,,,
ChangeDistiller,275,237,42,43,78,112,0,0,291,4,0,,,,0.1,6,0.4,0.5,,,,
ChangeDistiller,279,249,45,46,78,110,0,0,291,4,0,,,,0.1,2,0.4,0.7,,,,
ChangeDistiller,309,271,54,55,78,122,0,0,291,4,0,,,,0.1,4,0.4,0.7,,,,
ChangeDistiller,339,283,62,63,78,136,0,0,291,4,0,,,,0.1,6,0.4,0.7,,,,
ChangeDistiller,300,270,52,53,78,117,0,0,291,4,0,,,,0.1,2,0.4,0.899,,,,
ChangeDistiller,333,291,62,63,78,130,0,0,291,4,0,,,,0.1,4,0.4,0.899,,,,
ChangeDistiller,363,303,70,71,78,144,0,0,291,4,0,,,,0.1,6,0.4,0.899,,,,
ChangeDistiller,288,248,43,44,78,123,0,0,291,4,0,,,,0.1,2,0.6,0.1,,,,
ChangeDistiller,274,240,38,39,80,117,0,0,290,4,0,,,,0.1,4,0.6,0.1,,,,
ChangeDistiller,239,223,29,30,80,100,0,0,290,4,0,,,,0.1,6,0.6,0.1,,,,
ChangeDistiller,297,251,46,47,78,126,0,0,290,4,0,,,,0.1,2,0.6,0.3,,,,
ChangeDistiller,282,242,41,42,79,120,0,0,291,4,0,,,,0.1,4,0.6,0.3,,,,
ChangeDistiller,249,225,33,34,78,104,0,0,290,4,0,,,,0.1,6,0.6,0.3,,,,
ChangeDistiller,299,251,47,48,78,126,0,0,292,4,0,,,,0.1,2,0.6,0.5,,,,
ChangeDistiller,299,251,47,48,78,126,0,0,294,4,0,,,,0.1,4,0.6,0.5,,,,
ChangeDistiller,290,248,45,46,78,121,0,0,294,4,0,,,,0.1,6,0.6,0.5,,,,
ChangeDistiller,327,271,58,59,78,132,0,0,294,4,0,,,,0.1,2,0.6,0.7,,,,
ChangeDistiller,341,285,62,63,78,138,0,0,294,4,0,,,,0.1,4,0.6,0.7,,,,
ChangeDistiller,349,291,64,65,78,142,0,0,294,4,0,,,,0.1,6,0.6,0.7,,,,
ChangeDistiller,352,292,67,68,78,139,0,0,295,4,0,,,,0.1,2,0.6,0.899,,,,
ChangeDistiller,365,305,70,71,78,146,0,0,295,4,0,,,,0.1,4,0.6,0.899,,,,
ChangeDistiller,373,311,72,73,78,150,0,0,295,4,0,,,,0.1,6,0.6,0.899,,,,
ChangeDistiller,355,296,55,56,78,166,0,0,294,4,0,,,,0.1,2,0.8,0.1,,,,
ChangeDistiller,314,271,43,44,80,147,0,0,294,4,0,,,,0.1,4,0.8,0.1,,,,
ChangeDistiller,271,246,32,33,80,126,0,0,291,4,0,,,,0.1,6,0.8,0.1,,,,
ChangeDistiller,361,290,58,59,78,166,0,0,291,4,0,,,,0.1,2,0.8,0.3,,,,
ChangeDistiller,319,264,46,47,79,147,0,0,291,4,0,,,,0.1,4,0.8,0.3,,,,
ChangeDistiller,278,239,36,37,78,127,0,0,290,4,0,,,,0.1,6,0.8,0.3,,,,
ChangeDistiller,363,290,59,60,78,166,0,0,291,4,0,,,,0.1,2,0.8,0.5,,,,
ChangeDistiller,336,273,52,53,78,153,0,0,290,4,0,,,,0.1,4,0.8,0.5,,,,
ChangeDistiller,319,262,48,49,78,144,0,0,290,4,0,,,,0.1,6,0.8,0.5,,,,
ChangeDistiller,387,302,69,70,78,170,0,0,291,4,0,,,,0.1,2,0.8,0.7,,,,
ChangeDistiller,387,302,69,70,78,170,0,0,291,4,0,,,,0.1,4,0.8,0.7,,,,
ChangeDistiller,387,302,69,70,78,170,0,0,292,4,0,,,,0.1,6,0.8,0.7,,,,
ChangeDistiller,411,256,78,79,78,176,0,0,291,4,0,,,,0.1,2,0.8,0.899,,,,
ChangeDistiller,415,258,79,80,78,178,0,0,290,4,0,,,,0.1,4,0.8,0.899,,,,
ChangeDistiller,415,258,79,80,78,178,0,0,291,4,0,,,,0.1,6,0.8,0.899,,,,
ChangeDistiller,367,261,58,53,78,178,0,0,291,4,0,,,,0.1,2,1.0,0.1,,,,
ChangeDistiller,338,259,47,39,80,172,0,0,291,4,0,,,,0.1,4,1.0,0.1,,,,
ChangeDistiller,296,256,36,19,80,161,0,0,291,4,0,,,,0.1,6,1.0,0.1,,,,
ChangeDistiller,379,258,61,62,78,178,0,0,291,4,0,,,,0.1,2,1.0,0.3,,,,
ChangeDistiller,349,255,50,48,79,172,0,0,290,4,0,,,,0.1,4,1.0,0.3,,,,
ChangeDistiller,309,250,40,30,78,161,0,0,290,4,0,,,,0.1,6,1.0,0.3,,,,
ChangeDistiller,381,258,62,63,78,178,0,0,291,4,0,,,,0.1,2,1.0,0.5,,,,
ChangeDistiller,365,254,56,57,78,174,0,0,290,4,0,,,,0.1,4,1.0,0.5,,,,
ChangeDistiller,349,252,52,50,78,169,0,0,290,4,0,,,,0.1,6,1.0,0.5,,,,
ChangeDistiller,401,258,72,73,78,178,0,0,291,4,0,,,,0.1,2,1.0,0.7,,,,
ChangeDistiller,397,256,71,72,78,176,0,0,291,4,0,,,,0.1,4,1.0,0.7,,,,
ChangeDistiller,397,256,71,72,78,176,0,0,291,4,0,,,,0.1,6,1.0,0.7,,,,
ChangeDistiller,415,258,79,80,78,178,0,0,291,4,0,,,,0.1,4,1.0,0.899,,,,
ChangeDistiller,415,258,79,80,78,178,0,0,291,4,0,,,,0.1,6,1.0,0.899,,,,
ChangeDistiller,81,81,4,5,30,42,0,0,117,4,0,,,,0.3,2,0.2,0.1,,,,
ChangeDistiller,81,81,4,5,30,42,0,0,117,4,0,,,,0.3,4,0.2,0.1,,,,
ChangeDistiller,81,81,4,5,30,42,0,0,117,4,0,,,,0.3,6,0.2,0.1,,,,
ChangeDistiller,81,81,4,5,30,42,0,0,117,4,0,,,,0.3,2,0.2,0.3,,,,
ChangeDistiller,81,81,4,5,30,42,0,0,116,4,0,,,,0.3,4,0.2,0.3,,,,
ChangeDistiller,81,81,4,5,30,42,0,0,117,4,0,,,,0.3,6,0.2,0.3,,,,
ChangeDistiller,81,81,4,5,30,42,0,0,117,4,0,,,,0.3,2,0.2,0.5,,,,
ChangeDistiller,84,84,5,6,30,43,0,0,117,4,0,,,,0.3,4,0.2,0.5,,,,
ChangeDistiller,84,84,5,6,30,43,0,0,117,4,0,,,,0.3,6,0.2,0.5,,,,
ChangeDistiller,87,87,6,7,30,44,0,0,117,4,0,,,,0.3,2,0.2,0.7,,,,
ChangeDistiller,106,104,11,12,30,53,0,0,117,4,0,,,,0.3,4,0.2,0.7,,,,
ChangeDistiller,124,118,15,16,30,63,0,0,117,4,0,,,,0.3,6,0.2,0.7,,,,
ChangeDistiller,90,90,7,8,30,45,0,0,117,4,0,,,,0.3,2,0.2,0.899,,,,
ChangeDistiller,130,126,17,18,30,65,0,0,117,4,0,,,,0.3,4,0.2,0.899,,,,
ChangeDistiller,174,166,25,26,31,92,0,0,118,4,0,,,,0.3,6,0.2,0.899,,,,
ChangeDistiller,81,81,4,5,30,42,0,0,117,4,0,,,,0.3,2,0.4,0.1,,,,
ChangeDistiller,81,81,4,5,30,42,0,0,117,4,0,,,,0.3,4,0.4,0.1,,,,
ChangeDistiller,81,81,4,5,30,42,0,0,117,4,0,,,,0.3,6,0.4,0.1,,,,
ChangeDistiller,81,81,4,5,30,42,0,0,117,4,0,,,,0.3,2,0.4,0.3,,,,
ChangeDistiller,81,81,4,5,30,42,0,0,116,4,0,,,,0.3,4,0.4,0.3,,,,
ChangeDistiller,81,81,4,5,30,42,0,0,117,4,0,,,,0.3,6,0.4,0.3,,,,
ChangeDistiller,81,81,4,5,30,42,0,0,117,4,0,,,,0.3,2,0.4,0.5,,,,
ChangeDistiller,84,84,5,6,30,43,0,0,117,4,0,,,,0.3,4,0.4,0.5,,,,
ChangeDistiller,84,84,5,6,30,43,0,0,117,4,0,,,,0.3,6,0.4,0.5,,,,
ChangeDistiller,87,87,6,7,30,44,0,0,117,4,0,,,,0.3,2,0.4,0.7,,,,
ChangeDistiller,106,104,11,12,30,53,0,0,117,4,0,,,,0.3,4,0.4,0.7,,,,
ChangeDistiller,124,118,15,16,30,63,0,0,117,4,0,,,,0.3,6,0.4,0.7,,,,
ChangeDistiller,90,90,7,8,30,45,0,0,117,4,0,,,,0.3,2,0.4,0.899,,,,
ChangeDistiller,130,126,17,18,30,65,0,0,117,4,0,,,,0.3,4,0.4,0.899,,,,
ChangeDistiller,170,162,25,26,30,89,0,0,118,4,0,,,,0.3,6,0.4,0.899,,,,
ChangeDistiller,98,98,8,9,30,51,0,0,120,4,0,,,,0.3,2,0.6,0.1,,,,
ChangeDistiller,91,91,6,7,30,48,0,0,120,4,0,,,,0.3,4,0.6,0.1,,,,
ChangeDistiller,81,81,4,5,30,42,0,0,120,4,0,,,,0.3,6,0.6,0.1,,,,
ChangeDistiller,98,98,8,9,30,51,0,0,119,4,0,,,,0.3,2,0.6,0.3,,,,
ChangeDistiller,91,91,6,7,30,48,0,0,119,4,0,,,,0.3,4,0.6,0.3,,,,
ChangeDistiller,81,81,4,5,30,42,0,0,119,4,0,,,,0.3,6,0.6,0.3,,,,
ChangeDistiller,98,98,8,9,30,51,0,0,120,4,0,,,,0.3,2,0.6,0.5,,,,
ChangeDistiller,94,94,7,8,30,49,0,0,119,4,0,,,,0.3,4,0.6,0.5,,,,
ChangeDistiller,84,84,5,6,30,43,0,0,120,4,0,,,,0.3,6,0.6,0.5,,,,
ChangeDistiller,104,104,10,11,30,53,0,0,119,4,0,,,,0.3,2,0.6,0.7,,,,
ChangeDistiller,122,110,15,16,30,61,0,0,117,4,0,,,,0.3,4,0.6,0.7,,,,
ChangeDistiller,128,116,16,17,30,65,0,0,118,4,0,,,,0.3,6,0.6,0.7,,,,
ChangeDistiller,107,107,11,12,30,54,0,0,117,4,0,,,,0.3,2,0.6,0.899,,,,
ChangeDistiller,146,132,21,22,30,73,0,0,118,4,0,,,,0.3,4,0.6,0.899,,,,
ChangeDistiller,174,160,26,27,30,91,0,0,117,4,0,,,,0.3,6,0.6,0.899,,,,
ChangeDistiller,146,138,18,19,30,79,0,0,117,4,0,,,,0.3,2,0.8,0.1,,,,
ChangeDistiller,127,123,12,13,31,71,0,0,117,4,0,,,,0.3,4,0.8,0.1,,,,
ChangeDistiller,94,94,6,7,30,51,0,0,117,4,0,,,,0.3,6,0.8,0.1,,,,
ChangeDistiller,146,138,18,19,30,79,0,0,117,4,0,,,,0.3,2,0.8,0.3,,,,
ChangeDistiller,124,120,12,13,30,69,0,0,117,4,0,,,,0.3,4,0.8,0.3,,,,
ChangeDistiller,94,94,6,7,30,51,0,0,117,4,0,,,,0.3,6,0.8,0.3,,,,
ChangeDistiller,146,138,18,19,30,79,0,0,118,4,0,,,,0.3,2,0.8,0.5,,,,
ChangeDistiller,127,123,13,14,30,70,0,0,117,4,0,,,,0.3,4,0.8,0.5,,,,
ChangeDistiller,97,97,7,8,30,52,0,0,116,4,0,,,,0.3,6,0.8,0.5,,,,
ChangeDistiller,150,138,20,21,30,79,0,0,118,4,0,,,,0.3,2,0.8,0.7,,,,
ChangeDistiller,146,134,19,20,30,77,0,0,117,4,0,,,,0.3,4,0.8,0.7,,,,
ChangeDistiller,134,122,17,18,30,69,0,0,117,4,0,,,,0.3,6,0.8,0.7,,,,
ChangeDistiller,156,142,22,23,30,81,0,0,117,4,0,,,,0.3,2,0.8,0.899,,,,
ChangeDistiller,170,156,25,26,30,89,0,0,117,4,0,,,,0.3,4,0.8,0.899,,,,
ChangeDistiller,180,166,27,28,30,95,0,0,118,4,0,,,,0.3,6,0.8,0.899,,,,
ChangeDistiller,239,178,31,32,30,146,0,0,117,4,0,,,,0.3,2,1.0,0.1,,,,
ChangeDistiller,212,173,21,21,32,138,0,0,117,4,0,,,,0.3,4,1.0,0.1,,,,
ChangeDistiller,173,152,13,12,30,118,0,0,117,4,0,,,,0.3,6,1.0,0.1,,,,
ChangeDistiller,239,178,31,32,30,146,0,0,118,4,0,,,,0.3,2,1.0,0.3,,,,
ChangeDistiller,207,168,21,21,30,135,0,0,117,4,0,,,,0.3,4,1.0,0.3,,,,
ChangeDistiller,173,152,13,12,30,118,0,0,117,4,0,,,,0.3,6,1.0,0.3,,,,
ChangeDistiller,239,178,31,32,30,146,0,0,117,4,0,,,,0.3,2,1.0,0.5,,,,
ChangeDistiller,209,168,22,22,30,135,0,0,117,4,0,,,,0.3,4,1.0,0.5,,,,
ChangeDistiller,175,152,14,13,30,118,0,0,117,4,0,,,,0.3,6,1.0,0.5,,,,
ChangeDistiller,243,178,33,34,30,146,0,0,117,4,0,,,,0.3,2,1.0,0.7,,,,
ChangeDistiller,226,171,28,29,30,139,0,0,117,4,0,,,,0.3,4,1.0,0.7,,,,
ChangeDistiller,208,161,24,25,30,129,0,0,117,4,0,,,,0.3,6,1.0,0.7,,,,
ChangeDistiller,245,178,34,35,30,146,0,0,117,4,0,,,,0.3,2,1.0,0.899,,,,
ChangeDistiller,245,178,34,35,30,146,0,0,117,4,0,,,,0.3,4,1.0,0.899,,,,
ChangeDistiller,245,178,34,35,30,146,0,0,117,4,0,,,,0.3,6,1.0,0.899,,,,
ChangeDistiller,61,61,4,5,22,30,0,0,99,4,0,,,,0.5,2,0.2,0.1,,,,
ChangeDistiller,61,61,4,5,22,30,0,0,100,4,0,,,,0.5,4,0.2,0.1,,,,
ChangeDistiller,61,61,4,5,22,30,0,0,100,4,0,,,,0.5,6,0.2,0.1,,,,
ChangeDistiller,61,61,4,5,22,30,0,0,100,4,0,,,,0.5,2,0.2,0.3,,,,
ChangeDistiller,61,61,4,5,22,30,0,0,100,4,0,,,,0.5,4,0.2,0.3,,,,
ChangeDistiller,61,61,4,5,22,30,0,0,100,4,0,,,,0.5,6,0.2,0.3,,,,
ChangeDistiller,61,61,4,5,22,30,0,0,101,4,0,,,,0.5,2,0.2,0.5,,,,
ChangeDistiller,61,61,4,5,22,30,0,0,100,4,0,,,,0.5,4,0.2,0.5,,,,
ChangeDistiller,61,61,4,5,22,30,0,0,101,4,0,,,,0.5,6,0.2,0.5,,,,
ChangeDistiller,70,70,7,8,22,33,0,0,100,4,0,,,,0.5,2,0.2,0.7,,,,
ChangeDistiller,81,77,10,11,22,38,0,0,100,4,0,,,,0.5,4,0.2,0.7,,,,
ChangeDistiller,88,78,12,13,22,41,0,0,100,4,0,,,,0.5,6,0.2,0.7,,,,
ChangeDistiller,73,73,8,9,22,34,0,0,100,4,0,,,,0.5,2,0.2,0.899,,,,
ChangeDistiller,115,109,18,19,22,56,0,0,101,4,0,,,,0.5,4,0.2,0.899,,,,
ChangeDistiller,145,133,24,25,22,74,0,0,101,4,0,,,,0.5,6,0.2,0.899,,,,
ChangeDistiller,61,61,4,5,22,30,0,0,101,4,0,,,,0.5,2,0.4,0.1,,,,
ChangeDistiller,61,61,4,5,22,30,0,0,102,4,0,,,,0.5,4,0.4,0.1,,,,
ChangeDistiller,61,61,4,5,22,30,0,0,101,4,0,,,,0.5,6,0.4,0.1,,,,
ChangeDistiller,61,61,4,5,22,30,0,0,101,4,0,,,,0.5,2,0.4,0.3,,,,
ChangeDistiller,61,61,4,5,22,30,0,0,101,4,0,,,,0.5,4,0.4,0.3,,,,
ChangeDistiller,61,61,4,5,22,30,0,0,102,4,0,,,,0.5,6,0.4,0.3,,,,
ChangeDistiller,61,61,4,5,22,30,0,0,101,4,0,,,,0.5,2,0.4,0.5,,,,
ChangeDistiller,61,61,4,5,22,30,0,0,101,4,0,,,,0.5,4,0.4,0.5,,,,
ChangeDistiller,61,61,4,5,22,30,0,0,101,4,0,,,,0.5,6,0.4,0.5,,,,
ChangeDistiller,70,70,7,8,22,33,0,0,101,4,0,,,,0.5,2,0.4,0.7,,,,
ChangeDistiller,81,77,10,11,22,38,0,0,102,4,0,,,,0.5,4,0.4,0.7,,,,
ChangeDistiller,88,78,12,13,22,41,0,0,101,4,0,,,,0.5,6,0.4,0.7,,,,
ChangeDistiller,73,73,8,9,22,34,0,0,103,4,0,,,,0.5,2,0.4,0.899,,,,
ChangeDistiller,115,109,18,19,22,56,0,0,101,4,0,,,,0.5,4,0.4,0.899,,,,
ChangeDistiller,145,133,24,25,22,74,0,0,102,4,0,,,,0.5,6,0.4,0.899,,,,
ChangeDistiller,66,64,5,6,22,33,0,0,101,4,0,,,,0.5,2,0.6,0.1,,,,
ChangeDistiller,66,64,5,6,22,33,0,0,101,4,0,,,,0.5,4,0.6,0.1,,,,
ChangeDistiller,61,61,4,5,22,30,0,0,101,4,0,,,,0.5,6,0.6,0.1,,,,
ChangeDistiller,66,64,5,6,22,33,0,0,101,4,0,,,,0.5,2,0.6,0.3,,,,
ChangeDistiller,66,64,5,6,22,33,0,0,101,4,0,,,,0.5,4,0.6,0.3,,,,
ChangeDistiller,61,61,4,5,22,30,0,0,101,4,0,,,,0.5,6,0.6,0.3,,,,
ChangeDistiller,66,64,5,6,22,33,0,0,102,4,0,,,,0.5,2,0.6,0.5,,,,
ChangeDistiller,66,64,5,6,22,33,0,0,103,4,0,,,,0.5,4,0.6,0.5,,,,
ChangeDistiller,61,61,4,5,22,30,0,0,101,4,0,,,,0.5,6,0.6,0.5,,,,
ChangeDistiller,75,73,8,9,22,36,0,0,101,4,0,,,,0.5,2,0.6,0.7,,,,
ChangeDistiller,88,78,12,13,22,41,0,0,101,4,0,,,,0.5,4,0.6,0.7,,,,
ChangeDistiller,88,78,12,13,22,41,0,0,102,4,0,,,,0.5,6,0.6,0.7,,,,
ChangeDistiller,78,76,9,10,22,37,0,0,102,4,0,,,,0.5,2,0.6,0.899,,,,
ChangeDistiller,122,110,20,21,22,59,0,0,102,4,0,,,,0.5,4,0.6,0.899,,,,
ChangeDistiller,145,133,24,25,22,74,0,0,102,4,0,,,,0.5,6,0.6,0.899,,,,
ChangeDistiller,87,77,10,11,22,44,0,0,101,4,0,,,,0.5,2,0.8,0.1,,,,
ChangeDistiller,76,70,7,8,22,39,0,0,101,4,0,,,,0.5,4,0.8,0.1,,,,
ChangeDistiller,61,61,4,5,22,30,0,0,103,4,0,,,,0.5,6,0.8,0.1,,,,
ChangeDistiller,87,77,10,11,22,44,0,0,102,4,0,,,,0.5,2,0.8,0.3,,,,
ChangeDistiller,76,70,7,8,22,39,0,0,101,4,0,,,,0.5,4,0.8,0.3,,,,
ChangeDistiller,61,61,4,5,22,30,0,0,101,4,0,,,,0.5,6,0.8,0.3,,,,
ChangeDistiller,87,77,10,11,22,44,0,0,101,4,0,,,,0.5,2,0.8,0.5,,,,
ChangeDistiller,76,70,7,8,22,39,0,0,101,4,0,,,,0.5,4,0.8,0.5,,,,
ChangeDistiller,61,61,4,5,22,30,0,0,101,4,0,,,,0.5,6,0.8,0.5,,,,
ChangeDistiller,97,81,14,15,22,46,0,0,102,4,0,,,,0.5,2,0.8,0.7,,,,
ChangeDistiller,93,77,13,14,22,44,0,0,103,4,0,,,,0.5,4,0.8,0.7,,,,
ChangeDistiller,93,77,13,14,22,44,0,0,102,4,0,,,,0.5,6,0.8,0.7,,,,
ChangeDistiller,103,85,16,17,22,48,0,0,102,4,0,,,,0.5,2,0.8,0.899,,,,
ChangeDistiller,127,109,21,22,22,62,0,0,101,4,0,,,,0.5,4,0.8,0.899,,,,
ChangeDistiller,150,132,25,26,22,77,0,0,102,4,0,,,,0.5,6,0.8,0.899,,,,
ChangeDistiller,201,144,29,30,22,120,0,0,102,4,0,,,,0.5,2,1.0,0.1,,,,
ChangeDistiller,168,133,19,19,23,107,0,0,102,4,0,,,,0.5,4,1.0,0.1,,,,
ChangeDistiller,133,116,12,10,22,89,0,0,102,4,0,,,,0.5,6,1.0,0.1,,,,
ChangeDistiller,201,144,29,30,22,120,0,0,102,4,0,,,,0.5,2,1.0,0.3,,,,
ChangeDistiller,166,131,19,19,22,106,0,0,101,4,0,,,,0.5,4,1.0,0.3,,,,
ChangeDistiller,133,116,12,10,22,89,0,0,99,4,0,,,,0.5,6,1.0,0.3,,,,
ChangeDistiller,201,144,29,30,22,120,0,0,100,4,0,,,,0.5,2,1.0,0.5,,,,
ChangeDistiller,166,131,19,19,22,106,0,0,100,4,0,,,,0.5,4,1.0,0.5,,,,
ChangeDistiller,133,116,12,10,22,89,0,0,100,4,0,,,,0.5,6,1.0,0.5,,,,
ChangeDistiller,207,144,32,33,22,120,0,0,100,4,0,,,,0.5,2,1.0,0.7,,,,
ChangeDistiller,182,133,25,26,22,109,0,0,100,4,0,,,,0.5,4,1.0,0.7,,,,
ChangeDistiller,157,118,20,21,22,94,0,0,99,4,0,,,,0.5,6,1.0,0.7,,,,
ChangeDistiller,209,144,33,34,22,120,0,0,100,4,0,,,,0.5,2,1.0,0.899,,,,
ChangeDistiller,209,144,33,34,22,120,0,0,100,4,0,,,,0.5,4,1.0,0.899,,,,
ChangeDistiller,203,140,32,33,22,116,0,0,100,4,0,,,,0.5,6,1.0,0.899,,,,
ChangeDistiller,35,35,1,2,10,22,0,0,82,4,0,,,,0.7,2,0.2,0.1,,,,
ChangeDistiller,35,35,1,2,10,22,0,0,82,4,0,,,,0.7,4,0.2,0.1,,,,
ChangeDistiller,35,35,1,2,10,22,0,0,82,4,0,,,,0.7,6,0.2,0.1,,,,
ChangeDistiller,35,35,1,2,10,22,0,0,82,4,0,,,,0.7,2,0.2,0.3,,,,
ChangeDistiller,35,35,1,2,10,22,0,0,82,4,0,,,,0.7,4,0.2,0.3,,,,
ChangeDistiller,35,35,1,2,10,22,0,0,82,4,0,,,,0.7,6,0.2,0.3,,,,
ChangeDistiller,35,35,1,2,10,22,0,0,81,4,0,,,,0.7,2,0.2,0.5,,,,
ChangeDistiller,35,35,1,2,10,22,0,0,81,4,0,,,,0.7,4,0.2,0.5,,,,
ChangeDistiller,35,35,1,2,10,22,0,0,81,4,0,,,,0.7,6,0.2,0.5,,,,
ChangeDistiller,38,38,2,3,10,23,0,0,85,4,0,,,,0.7,2,0.2,0.7,,,,
ChangeDistiller,45,43,4,5,10,26,0,0,82,4,0,,,,0.7,4,0.2,0.7,,,,
ChangeDistiller,50,46,5,6,10,29,0,0,81,4,0,,,,0.7,6,0.2,0.7,,,,
ChangeDistiller,38,38,2,3,10,23,0,0,81,4,0,,,,0.7,2,0.2,0.899,,,,
ChangeDistiller,69,67,9,10,10,40,0,0,81,4,0,,,,0.7,4,0.2,0.899,,,,
ChangeDistiller,99,95,14,15,10,60,0,0,81,4,0,,,,0.7,6,0.2,0.899,,,,
ChangeDistiller,35,35,1,2,10,22,0,0,81,4,0,,,,0.7,2,0.4,0.1,,,,
ChangeDistiller,35,35,1,2,10,22,0,0,82,4,0,,,,0.7,4,0.4,0.1,,,,
ChangeDistiller,35,35,1,2,10,22,0,0,81,4,0,,,,0.7,6,0.4,0.1,,,,
ChangeDistiller,35,35,1,2,10,22,0,0,82,4,0,,,,0.7,2,0.4,0.3,,,,
ChangeDistiller,35,35,1,2,10,22,0,0,84,4,0,,,,0.7,4,0.4,0.3,,,,
ChangeDistiller,35,35,1,2,10,22,0,0,84,4,0,,,,0.7,6,0.4,0.3,,,,
ChangeDistiller,35,35,1,2,10,22,0,0,85,4,0,,,,0.7,2,0.4,0.5,,,,
ChangeDistiller,35,35,1,2,10,22,0,0,85,4,0,,,,0.7,4,0.4,0.5,,,,
ChangeDistiller,35,35,1,2,10,22,0,0,84,4,0,,,,0.7,6,0.4,0.5,,,,
ChangeDistiller,38,38,2,3,10,23,0,0,85,4,0,,,,0.7,2,0.4,0.7,,,,
ChangeDistiller,45,43,4,5,10,26,0,0,85,4,0,,,,0.7,4,0.4,0.7,,,,
ChangeDistiller,50,46,5,6,10,29,0,0,84,4,0,,,,0.7,6,0.4,0.7,,,,
ChangeDistiller,38,38,2,3,10,23,0,0,85,4,0,,,,0.7,2,0.4,0.899,,,,
ChangeDistiller,69,67,9,10,10,40,0,0,85,4,0,,,,0.7,4,0.4,0.899,,,,
ChangeDistiller,99,95,14,15,10,60,0,0,82,4,0,,,,0.7,6,0.4,0.899,,,,
ChangeDistiller,40,38,2,3,10,25,0,0,82,4,0,,,,0.7,2,0.6,0.1,,,,
ChangeDistiller,40,38,2,3,10,25,0,0,82,4,0,,,,0.7,4,0.6,0.1,,,,
ChangeDistiller,35,35,1,2,10,22,0,0,82,4,0,,,,0.7,6,0.6,0.1,,,,
ChangeDistiller,40,38,2,3,10,25,0,0,82,4,0,,,,0.7,2,0.6,0.3,,,,
ChangeDistiller,40,38,2,3,10,25,0,0,81,4,0,,,,0.7,4,0.6,0.3,,,,
ChangeDistiller,35,35,1,2,10,22,0,0,82,4,0,,,,0.7,6,0.6,0.3,,,,
ChangeDistiller,40,38,2,3,10,25,0,0,82,4,0,,,,0.7,2,0.6,0.5,,,,
ChangeDistiller,40,38,2,3,10,25,0,0,82,4,0,,,,0.7,4,0.6,0.5,,,,
ChangeDistiller,35,35,1,2,10,22,0,0,82,4,0,,,,0.7,6,0.6,0.5,,,,
ChangeDistiller,43,41,3,4,10,26,0,0,82,4,0,,,,0.7,2,0.6,0.7,,,,
ChangeDistiller,50,46,5,6,10,29,0,0,82,4,0,,,,0.7,4,0.6,0.7,,,,
ChangeDistiller,50,46,5,6,10,29,0,0,81,4,0,,,,0.7,6,0.6,0.7,,,,
ChangeDistiller,43,41,3,4,10,26,0,0,82,4,0,,,,0.7,2,0.6,0.899,,,,
ChangeDistiller,74,70,10,11,10,43,0,0,82,4,0,,,,0.7,4,0.6,0.899,,,,
ChangeDistiller,99,95,14,15,10,60,0,0,82,4,0,,,,0.7,6,0.6,0.899,,,,
ChangeDistiller,48,46,4,5,10,29,0,0,82,4,0,,,,0.7,2,0.8,0.1,,,,
ChangeDistiller,40,38,2,3,10,25,0,0,82,4,0,,,,0.7,4,0.8,0.1,,,,
ChangeDistiller,35,35,1,2,10,22,0,0,82,4,0,,,,0.7,6,0.8,0.1,,,,
ChangeDistiller,48,46,4,5,10,29,0,0,81,4,0,,,,0.7,2,0.8,0.3,,,,
ChangeDistiller,40,38,2,3,10,25,0,0,82,4,0,,,,0.7,4,0.8,0.3,,,,
ChangeDistiller,35,35,1,2,10,22,0,0,81,4,0,,,,0.7,6,0.8,0.3,,,,
ChangeDistiller,48,46,4,5,10,29,0,0,82,4,0,,,,0.7,2,0.8,0.5,,,,
ChangeDistiller,40,38,2,3,10,25,0,0,81,4,0,,,,0.7,4,0.8,0.5,,,,
ChangeDistiller,35,35,1,2,10,22,0,0,81,4,0,,,,0.7,6,0.8,0.5,,,,
ChangeDistiller,54,50,6,7,10,31,0,0,81,4,0,,,,0.7,2,0.8,0.7,,,,
ChangeDistiller,50,46,5,6,10,29,0,0,81,4,0,,,,0.7,4,0.8,0.7,,,,
ChangeDistiller,50,46,5,6,10,29,0,0,82,4,0,,,,0.7,6,0.8,0.7,,,,
ChangeDistiller,54,50,6,7,10,31,0,0,81,4,0,,,,0.7,2,0.8,0.899,,,,
ChangeDistiller,74,70,10,11,10,43,0,0,82,4,0,,,,0.7,4,0.8,0.899,,,,
ChangeDistiller,99,95,14,15,10,60,0,0,82,4,0,,,,0.7,6,0.8,0.899,,,,
ChangeDistiller,167,124,22,23,10,112,0,0,82,4,0,,,,0.7,2,1.0,0.1,,,,
ChangeDistiller,147,118,15,16,12,104,0,0,82,4,0,,,,0.7,4,1.0,0.1,,,,
ChangeDistiller,110,95,9,9,10,82,0,0,82,4,0,,,,0.7,6,1.0,0.1,,,,
ChangeDistiller,167,124,22,23,10,112,0,0,82,4,0,,,,0.7,2,1.0,0.3,,,,
ChangeDistiller,142,113,15,16,10,101,0,0,82,4,0,,,,0.7,4,1.0,0.3,,,,
ChangeDistiller,110,95,9,9,10,82,0,0,82,4,0,,,,0.7,6,1.0,0.3,,,,
ChangeDistiller,167,124,22,23,10,112,0,0,82,4,0,,,,0.7,2,1.0,0.5,,,,
ChangeDistiller,142,113,15,16,10,101,0,0,82,4,0,,,,0.7,4,1.0,0.5,,,,
ChangeDistiller,110,95,9,9,10,82,0,0,82,4,0,,,,0.7,6,1.0,0.5,,,,
ChangeDistiller,169,124,23,24,10,112,0,0,82,4,0,,,,0.7,2,1.0,0.7,,,,
ChangeDistiller,150,115,18,19,10,103,0,0,82,4,0,,,,0.7,4,1.0,0.7,,,,
ChangeDistiller,123,98,13,14,10,86,0,0,82,4,0,,,,0.7,6,1.0,0.7,,,,
ChangeDistiller,169,124,23,24,10,112,0,0,82,4,0,,,,0.7,2,1.0,0.899,,,,
ChangeDistiller,169,124,23,24,10,112,0,0,82,4,0,,,,0.7,4,1.0,0.899,,,,
ChangeDistiller,163,120,22,23,10,108,0,0,82,4,0,,,,0.7,6,1.0,0.899,,,,
ChangeDistiller,13,13,0,1,0,12,0,0,69,4,0,,,,0.899,2,0.2,0.1,,,,
ChangeDistiller,13,13,0,1,0,12,0,0,68,4,0,,,,0.899,4,0.2,0.1,,,,
ChangeDistiller,13,13,0,1,0,12,0,0,69,4,0,,,,0.899,6,0.2,0.1,,,,
ChangeDistiller,13,13,0,1,0,12,0,0,68,4,0,,,,0.899,2,0.2,0.3,,,,
ChangeDistiller,13,13,0,1,0,12,0,0,69,4,0,,,,0.899,4,0.2,0.3,,,,
ChangeDistiller,13,13,0,1,0,12,0,0,69,4,0,,,,0.899,6,0.2,0.3,,,,
ChangeDistiller,13,13,0,1,0,12,0,0,69,4,0,,,,0.899,2,0.2,0.5,,,,
ChangeDistiller,13,13,0,1,0,12,0,0,69,4,0,,,,0.899,4,0.2,0.5,,,,
ChangeDistiller,13,13,0,1,0,12,0,0,69,4,0,,,,0.899,6,0.2,0.5,,,,
ChangeDistiller,13,13,0,1,0,12,0,0,69,4,0,,,,0.899,2,0.2,0.7,,,,
ChangeDistiller,13,13,0,1,0,12,0,0,69,4,0,,,,0.899,4,0.2,0.7,,,,
ChangeDistiller,13,13,0,1,0,12,0,0,69,4,0,,,,0.899,6,0.2,0.7,,,,
ChangeDistiller,13,13,0,1,0,12,0,0,69,4,0,,,,0.899,2,0.2,0.899,,,,
ChangeDistiller,38,38,5,6,0,27,0,0,69,4,0,,,,0.899,4,0.2,0.899,,,,
ChangeDistiller,57,57,8,9,0,40,0,0,68,4,0,,,,0.899,6,0.2,0.899,,,,
ChangeDistiller,13,13,0,1,0,12,0,0,68,4,0,,,,0.899,2,0.4,0.1,,,,
ChangeDistiller,13,13,0,1,0,12,0,0,68,4,0,,,,0.899,4,0.4,0.1,,,,
ChangeDistiller,13,13,0,1,0,12,0,0,69,4,0,,,,0.899,6,0.4,0.1,,,,
ChangeDistiller,13,13,0,1,0,12,0,0,68,4,0,,,,0.899,2,0.4,0.3,,,,
ChangeDistiller,13,13,0,1,0,12,0,0,69,4,0,,,,0.899,4,0.4,0.3,,,,
ChangeDistiller,13,13,0,1,0,12,0,0,68,4,0,,,,0.899,6,0.4,0.3,,,,
ChangeDistiller,13,13,0,1,0,12,0,0,69,4,0,,,,0.899,2,0.4,0.5,,,,
ChangeDistiller,13,13,0,1,0,12,0,0,68,4,0,,,,0.899,4,0.4,0.5,,,,
ChangeDistiller,13,13,0,1,0,12,0,0,69,4,0,,,,0.899,6,0.4,0.5,,,,
ChangeDistiller,13,13,0,1,0,12,0,0,69,4,0,,,,0.899,2,0.4,0.7,,,,
ChangeDistiller,13,13,0,1,0,12,0,0,69,4,0,,,,0.899,4,0.4,0.7,,,,
ChangeDistiller,13,13,0,1,0,12,0,0,69,4,0,,,,0.899,6,0.4,0.7,,,,
ChangeDistiller,13,13,0,1,0,12,0,0,68,4,0,,,,0.899,2,0.4,0.899,,,,
ChangeDistiller,38,38,5,6,0,27,0,0,69,4,0,,,,0.899,4,0.4,0.899,,,,
ChangeDistiller,57,57,8,9,0,40,0,0,68,4,0,,,,0.899,6,0.4,0.899,,,,
ChangeDistiller,13,13,0,1,0,12,0,0,69,4,0,,,,0.899,2,0.6,0.1,,,,
ChangeDistiller,13,13,0,1,0,12,0,0,68,4,0,,,,0.899,4,0.6,0.1,,,,
ChangeDistiller,13,13,0,1,0,12,0,0,69,4,0,,,,0.899,6,0.6,0.1,,,,
ChangeDistiller,13,13,0,1,0,12,0,0,68,4,0,,,,0.899,2,0.6,0.3,,,,
ChangeDistiller,13,13,0,1,0,12,0,0,69,4,0,,,,0.899,4,0.6,0.3,,,,
ChangeDistiller,13,13,0,1,0,12,0,0,69,4,0,,,,0.899,6,0.6,0.3,,,,
ChangeDistiller,13,13,0,1,0,12,0,0,68,4,0,,,,0.899,2,0.6,0.5,,,,
ChangeDistiller,13,13,0,1,0,12,0,0,69,4,0,,,,0.899,4,0.6,0.5,,,,
ChangeDistiller,13,13,0,1,0,12,0,0,69,4,0,,,,0.899,6,0.6,0.5,,,,
ChangeDistiller,13,13,0,1,0,12,0,0,69,4,0,,,,0.899,2,0.6,0.7,,,,
ChangeDistiller,13,13,0,1,0,12,0,0,69,4,0,,,,0.899,4,0.6,0.7,,,,
ChangeDistiller,13,13,0,1,0,12,0,0,69,4,0,,,,0.899,6,0.6,0.7,,,,
ChangeDistiller,13,13,0,1,0,12,0,0,69,4,0,,,,0.899,2,0.6,0.899,,,,
ChangeDistiller,38,38,5,6,0,27,0,0,69,4,0,,,,0.899,4,0.6,0.899,,,,
ChangeDistiller,57,57,8,9,0,40,0,0,68,4,0,,,,0.899,6,0.6,0.899,,,,
ChangeDistiller,13,13,0,1,0,12,0,0,68,4,0,,,,0.899,2,0.8,0.1,,,,
ChangeDistiller,13,13,0,1,0,12,0,0,69,4,0,,,,0.899,4,0.8,0.1,,,,
ChangeDistiller,13,13,0,1,0,12,0,0,68,4,0,,,,0.899,6,0.8,0.1,,,,
ChangeDistiller,13,13,0,1,0,12,0,0,68,4,0,,,,0.899,2,0.8,0.3,,,,
ChangeDistiller,13,13,0,1,0,12,0,0,68,4,0,,,,0.899,4,0.8,0.3,,,,
ChangeDistiller,13,13,0,1,0,12,0,0,68,4,0,,,,0.899,6,0.8,0.3,,,,
ChangeDistiller,13,13,0,1,0,12,0,0,68,4,0,,,,0.899,2,0.8,0.5,,,,
ChangeDistiller,13,13,0,1,0,12,0,0,68,4,0,,,,0.899,4,0.8,0.5,,,,
ChangeDistiller,13,13,0,1,0,12,0,0,69,4,0,,,,0.899,6,0.8,0.5,,,,
ChangeDistiller,13,13,0,1,0,12,0,0,69,4,0,,,,0.899,2,0.8,0.7,,,,
ChangeDistiller,13,13,0,1,0,12,0,0,69,4,0,,,,0.899,4,0.8,0.7,,,,
ChangeDistiller,13,13,0,1,0,12,0,0,69,4,0,,,,0.899,6,0.8,0.7,,,,
ChangeDistiller,13,13,0,1,0,12,0,0,69,4,0,,,,0.899,2,0.8,0.899,,,,
ChangeDistiller,38,38,5,6,0,27,0,0,69,4,0,,,,0.899,4,0.8,0.899,,,,
ChangeDistiller,57,57,8,9,0,40,0,0,69,4,0,,,,0.899,6,0.8,0.899,,,,
ChangeDistiller,119,90,15,16,0,88,0,0,69,4,0,,,,0.899,2,1.0,0.1,,,,
ChangeDistiller,99,80,10,11,0,78,0,0,69,4,0,,,,0.899,4,1.0,0.1,,,,
ChangeDistiller,77,66,6,7,0,64,0,0,69,4,0,,,,0.899,6,1.0,0.1,,,,
ChangeDistiller,119,90,15,16,0,88,0,0,69,4,0,,,,0.899,2,1.0,0.3,,,,
ChangeDistiller,99,80,10,11,0,78,0,0,69,4,0,,,,0.899,4,1.0,0.3,,,,
ChangeDistiller,77,66,6,7,0,64,0,0,69,4,0,,,,0.899,6,1.0,0.3,,,,
ChangeDistiller,119,90,15,16,0,88,0,0,69,4,0,,,,0.899,2,1.0,0.5,,,,
ChangeDistiller,99,80,10,11,0,78,0,0,69,4,0,,,,0.899,4,1.0,0.5,,,,
ChangeDistiller,77,66,6,7,0,64,0,0,67,4,0,,,,0.899,6,1.0,0.5,,,,
ChangeDistiller,119,90,15,16,0,88,0,0,67,4,0,,,,0.899,2,1.0,0.7,,,,
ChangeDistiller,99,80,10,11,0,78,0,0,67,4,0,,,,0.899,4,1.0,0.7,,,,
ChangeDistiller,77,66,6,7,0,64,0,0,65,4,0,,,,0.899,6,1.0,0.7,,,,
ChangeDistiller,119,90,15,16,0,88,0,0,65,4,0,,,,0.899,2,1.0,0.899,,,,
ChangeDistiller,119,90,15,16,0,88,0,0,64,4,0,,,,0.899,4,1.0,0.899,,,,
ChangeDistiller,113,86,14,15,0,84,0,0,64,4,0,,,,0.899,6,1.0,0.899,,,,
