MATCHER,NRACTIONS,NRROOTS,NR_INSERT,NR_DELETE,NR_UPDATE,NR_MOVE,NR_TREEINSERT,NR_TREEDELETE,TIME,NROPTIONS,TIMEOUT,GT_BUM_SMT,GT_BUM_SMT_SBUP,GT_BUM_SZT,GT_CD_LSIM,GT_CD_ML,GT_CD_SSIM1,GT_CD_SSIM2,GT_STM_MH,GT_XYM_SIM,GUMTREE_MATCH_GT_MINH,
SimpleGumtree,43,7,29,13,0,1,0,0,1,2,0,,0.1,,,,,,1,,,
SimpleGumtree,43,7,29,13,0,1,0,0,1,2,0,,0.3,,,,,,1,,,
SimpleGumtree,43,7,29,13,0,1,0,0,1,2,0,,0.5,,,,,,1,,,
SimpleGumtree,43,7,29,13,0,1,0,0,1,2,0,,0.7,,,,,,1,,,
SimpleGumtree,43,7,29,13,0,1,0,0,1,2,0,,0.899,,,,,,1,,,
SimpleGumtree,50,7,33,17,0,0,0,0,1,2,0,,0.1,,,,,,2,,,
SimpleGumtree,50,7,33,17,0,0,0,0,1,2,0,,0.3,,,,,,2,,,
SimpleGumtree,50,7,33,17,0,0,0,0,1,2,0,,0.5,,,,,,2,,,
SimpleGumtree,50,7,33,17,0,0,0,0,1,2,0,,0.7,,,,,,2,,,
SimpleGumtree,50,7,33,17,0,0,0,0,1,2,0,,0.899,,,,,,2,,,
SimpleGumtree,50,7,33,17,0,0,0,0,1,2,0,,0.1,,,,,,3,,,
SimpleGumtree,50,7,33,17,0,0,0,0,1,2,0,,0.3,,,,,,3,,,
SimpleGumtree,50,7,33,17,0,0,0,0,1,2,0,,0.5,,,,,,3,,,
SimpleGumtree,50,7,33,17,0,0,0,0,1,2,0,,0.7,,,,,,3,,,
SimpleGumtree,50,7,33,17,0,0,0,0,1,2,0,,0.899,,,,,,3,,,
SimpleGumtree,50,7,33,17,0,0,0,0,1,2,0,,0.1,,,,,,4,,,
SimpleGumtree,50,7,33,17,0,0,0,0,1,2,0,,0.3,,,,,,4,,,
SimpleGumtree,50,7,33,17,0,0,0,0,1,2,0,,0.5,,,,,,4,,,
SimpleGumtree,50,7,33,17,0,0,0,0,1,2,0,,0.7,,,,,,4,,,
SimpleGumtree,50,7,33,17,0,0,0,0,1,2,0,,0.899,,,,,,4,,,
SimpleGumtree,50,7,33,17,0,0,0,0,0,2,0,,0.1,,,,,,5,,,
SimpleGumtree,50,7,33,17,0,0,0,0,0,2,0,,0.3,,,,,,5,,,
SimpleGumtree,50,7,33,17,0,0,0,0,0,2,0,,0.5,,,,,,5,,,
SimpleGumtree,50,7,33,17,0,0,0,0,1,2,0,,0.7,,,,,,5,,,
SimpleGumtree,50,7,33,17,0,0,0,0,1,2,0,,0.899,,,,,,5,,,
ClassicGumtree,25,13,19,3,0,3,0,0,13,3,0,0.1,,100,,,,,1,,,
ClassicGumtree,21,9,17,1,0,3,0,0,69,3,0,0.1,,200,,,,,1,,,
ClassicGumtree,21,9,17,1,0,3,0,0,69,3,0,0.1,,300,,,,,1,,,
ClassicGumtree,21,9,17,1,0,3,0,0,406,3,0,0.1,,400,,,,,1,,,
ClassicGumtree,21,9,17,1,0,3,0,0,323,3,0,0.1,,500,,,,,1,,,
ClassicGumtree,21,9,17,1,0,3,0,0,407,3,0,0.1,,600,,,,,1,,,
ClassicGumtree,21,9,17,1,0,3,0,0,406,3,0,0.1,,700,,,,,1,,,
ClassicGumtree,21,9,17,1,0,3,0,0,406,3,0,0.1,,800,,,,,1,,,
ClassicGumtree,21,9,17,1,0,3,0,0,406,3,0,0.1,,900,,,,,1,,,
ClassicGumtree,21,9,17,1,0,3,0,0,406,3,0,0.1,,1000,,,,,1,,,
ClassicGumtree,21,9,17,1,0,3,0,0,324,3,0,0.1,,1100,,,,,1,,,
ClassicGumtree,21,9,17,1,0,3,0,0,330,3,0,0.1,,1200,,,,,1,,,
ClassicGumtree,21,9,17,1,0,3,0,0,330,3,0,0.1,,1300,,,,,1,,,
ClassicGumtree,21,9,17,1,0,3,0,0,343,3,0,0.1,,1400,,,,,1,,,
ClassicGumtree,21,9,17,1,0,3,0,0,342,3,0,0.1,,1500,,,,,1,,,
ClassicGumtree,21,9,17,1,0,3,0,0,343,3,0,0.1,,1600,,,,,1,,,
ClassicGumtree,21,9,17,1,0,3,0,0,343,3,0,0.1,,1700,,,,,1,,,
ClassicGumtree,21,9,17,1,0,3,0,0,342,3,0,0.1,,1800,,,,,1,,,
ClassicGumtree,21,9,17,1,0,3,0,0,342,3,0,0.1,,1900,,,,,1,,,
ClassicGumtree,21,9,17,1,0,3,0,0,343,3,0,0.1,,2000,,,,,1,,,
ClassicGumtree,77,37,45,29,0,3,0,0,13,3,0,0.1,,100,,,,,2,,,
ClassicGumtree,29,13,21,5,0,3,0,0,75,3,0,0.1,,200,,,,,2,,,
ClassicGumtree,29,13,21,5,0,3,0,0,75,3,0,0.1,,300,,,,,2,,,
ClassicGumtree,21,9,17,1,0,3,0,0,343,3,0,0.1,,400,,,,,2,,,
ClassicGumtree,21,9,17,1,0,3,0,0,342,3,0,0.1,,500,,,,,2,,,
ClassicGumtree,21,9,17,1,0,3,0,0,343,3,0,0.1,,600,,,,,2,,,
ClassicGumtree,21,9,17,1,0,3,0,0,343,3,0,0.1,,700,,,,,2,,,
ClassicGumtree,21,9,17,1,0,3,0,0,343,3,0,0.1,,800,,,,,2,,,
ClassicGumtree,21,9,17,1,0,3,0,0,343,3,0,0.1,,900,,,,,2,,,
ClassicGumtree,21,9,17,1,0,3,0,0,344,3,0,0.1,,1000,,,,,2,,,
ClassicGumtree,21,9,17,1,0,3,0,0,343,3,0,0.1,,1100,,,,,2,,,
ClassicGumtree,21,9,17,1,0,3,0,0,343,3,0,0.1,,1200,,,,,2,,,
ClassicGumtree,21,9,17,1,0,3,0,0,343,3,0,0.1,,1300,,,,,2,,,
ClassicGumtree,21,9,17,1,0,3,0,0,343,3,0,0.1,,1400,,,,,2,,,
ClassicGumtree,21,9,17,1,0,3,0,0,343,3,0,0.1,,1500,,,,,2,,,
ClassicGumtree,21,9,17,1,0,3,0,0,344,3,0,0.1,,1600,,,,,2,,,
ClassicGumtree,21,9,17,1,0,3,0,0,348,3,0,0.1,,1700,,,,,2,,,
ClassicGumtree,21,9,17,1,0,3,0,0,348,3,0,0.1,,1800,,,,,2,,,
ClassicGumtree,21,9,17,1,0,3,0,0,348,3,0,0.1,,1900,,,,,2,,,
ClassicGumtree,21,9,17,1,0,3,0,0,348,3,0,0.1,,2000,,,,,2,,,
ClassicGumtree,95,41,54,38,0,3,0,0,12,3,0,0.1,,100,,,,,3,,,
ClassicGumtree,39,15,26,10,0,3,0,0,75,3,0,0.1,,200,,,,,3,,,
ClassicGumtree,39,15,26,10,0,3,0,0,74,3,0,0.1,,300,,,,,3,,,
ClassicGumtree,21,9,17,1,0,3,0,0,347,3,0,0.1,,400,,,,,3,,,
ClassicGumtree,21,9,17,1,0,3,0,0,347,3,0,0.1,,500,,,,,3,,,
ClassicGumtree,21,9,17,1,0,3,0,0,347,3,0,0.1,,600,,,,,3,,,
ClassicGumtree,21,9,17,1,0,3,0,0,347,3,0,0.1,,700,,,,,3,,,
ClassicGumtree,21,9,17,1,0,3,0,0,347,3,0,0.1,,800,,,,,3,,,
ClassicGumtree,21,9,17,1,0,3,0,0,348,3,0,0.1,,900,,,,,3,,,
ClassicGumtree,21,9,17,1,0,3,0,0,342,3,0,0.1,,1000,,,,,3,,,
ClassicGumtree,21,9,17,1,0,3,0,0,342,3,0,0.1,,1100,,,,,3,,,
ClassicGumtree,21,9,17,1,0,3,0,0,342,3,0,0.1,,1200,,,,,3,,,
ClassicGumtree,21,9,17,1,0,3,0,0,342,3,0,0.1,,1300,,,,,3,,,
ClassicGumtree,21,9,17,1,0,3,0,0,341,3,0,0.1,,1400,,,,,3,,,
ClassicGumtree,21,9,17,1,0,3,0,0,342,3,0,0.1,,1500,,,,,3,,,
ClassicGumtree,21,9,17,1,0,3,0,0,341,3,0,0.1,,1600,,,,,3,,,
ClassicGumtree,21,9,17,1,0,3,0,0,342,3,0,0.1,,1700,,,,,3,,,
ClassicGumtree,21,9,17,1,0,3,0,0,342,3,0,0.1,,1800,,,,,3,,,
ClassicGumtree,21,9,17,1,0,3,0,0,343,3,0,0.1,,1900,,,,,3,,,
ClassicGumtree,21,9,17,1,0,3,0,0,341,3,0,0.1,,2000,,,,,3,,,
ClassicGumtree,145,36,80,64,0,1,0,0,11,3,0,0.1,,100,,,,,4,,,
ClassicGumtree,39,15,26,10,0,3,0,0,73,3,0,0.1,,200,,,,,4,,,
ClassicGumtree,39,15,26,10,0,3,0,0,73,3,0,0.1,,300,,,,,4,,,
ClassicGumtree,21,9,17,1,0,3,0,0,341,3,0,0.1,,400,,,,,4,,,
ClassicGumtree,21,9,17,1,0,3,0,0,341,3,0,0.1,,500,,,,,4,,,
ClassicGumtree,21,9,17,1,0,3,0,0,344,3,0,0.1,,600,,,,,4,,,
ClassicGumtree,21,9,17,1,0,3,0,0,341,3,0,0.1,,700,,,,,4,,,
ClassicGumtree,21,9,17,1,0,3,0,0,341,3,0,0.1,,800,,,,,4,,,
ClassicGumtree,21,9,17,1,0,3,0,0,341,3,0,0.1,,900,,,,,4,,,
ClassicGumtree,21,9,17,1,0,3,0,0,343,3,0,0.1,,1000,,,,,4,,,
ClassicGumtree,21,9,17,1,0,3,0,0,341,3,0,0.1,,1100,,,,,4,,,
ClassicGumtree,21,9,17,1,0,3,0,0,341,3,0,0.1,,1200,,,,,4,,,
ClassicGumtree,21,9,17,1,0,3,0,0,341,3,0,0.1,,1300,,,,,4,,,
ClassicGumtree,21,9,17,1,0,3,0,0,341,3,0,0.1,,1400,,,,,4,,,
ClassicGumtree,21,9,17,1,0,3,0,0,340,3,0,0.1,,1500,,,,,4,,,
ClassicGumtree,21,9,17,1,0,3,0,0,346,3,0,0.1,,1600,,,,,4,,,
ClassicGumtree,21,9,17,1,0,3,0,0,341,3,0,0.1,,1700,,,,,4,,,
ClassicGumtree,21,9,17,1,0,3,0,0,340,3,0,0.1,,1800,,,,,4,,,
ClassicGumtree,21,9,17,1,0,3,0,0,340,3,0,0.1,,1900,,,,,4,,,
ClassicGumtree,21,9,17,1,0,3,0,0,342,3,0,0.1,,2000,,,,,4,,,
ClassicGumtree,169,38,92,76,0,1,0,0,11,3,0,0.1,,100,,,,,5,,,
ClassicGumtree,63,17,38,22,0,3,0,0,73,3,0,0.1,,200,,,,,5,,,
ClassicGumtree,63,17,38,22,0,3,0,0,73,3,0,0.1,,300,,,,,5,,,
ClassicGumtree,21,9,17,1,0,3,0,0,342,3,0,0.1,,400,,,,,5,,,
ClassicGumtree,21,9,17,1,0,3,0,0,341,3,0,0.1,,500,,,,,5,,,
ClassicGumtree,21,9,17,1,0,3,0,0,340,3,0,0.1,,600,,,,,5,,,
ClassicGumtree,21,9,17,1,0,3,0,0,341,3,0,0.1,,700,,,,,5,,,
ClassicGumtree,21,9,17,1,0,3,0,0,341,3,0,0.1,,800,,,,,5,,,
ClassicGumtree,21,9,17,1,0,3,0,0,341,3,0,0.1,,900,,,,,5,,,
ClassicGumtree,21,9,17,1,0,3,0,0,351,3,0,0.1,,1000,,,,,5,,,
ClassicGumtree,21,9,17,1,0,3,0,0,341,3,0,0.1,,1100,,,,,5,,,
ClassicGumtree,21,9,17,1,0,3,0,0,351,3,0,0.1,,1200,,,,,5,,,
ClassicGumtree,21,9,17,1,0,3,0,0,345,3,0,0.1,,1300,,,,,5,,,
ClassicGumtree,21,9,17,1,0,3,0,0,341,3,0,0.1,,1400,,,,,5,,,
ClassicGumtree,21,9,17,1,0,3,0,0,340,3,0,0.1,,1500,,,,,5,,,
ClassicGumtree,21,9,17,1,0,3,0,0,340,3,0,0.1,,1600,,,,,5,,,
ClassicGumtree,21,9,17,1,0,3,0,0,341,3,0,0.1,,1700,,,,,5,,,
ClassicGumtree,21,9,17,1,0,3,0,0,340,3,0,0.1,,1800,,,,,5,,,
ClassicGumtree,21,9,17,1,0,3,0,0,342,3,0,0.1,,1900,,,,,5,,,
ClassicGumtree,21,9,17,1,0,3,0,0,344,3,0,0.1,,2000,,,,,5,,,
ClassicGumtree,25,13,19,3,0,3,0,0,14,3,0,0.2,,100,,,,,1,,,
ClassicGumtree,21,9,17,1,0,3,0,0,74,3,0,0.2,,200,,,,,1,,,
ClassicGumtree,21,9,17,1,0,3,0,0,75,3,0,0.2,,300,,,,,1,,,
ClassicGumtree,21,9,17,1,0,3,0,0,346,3,0,0.2,,400,,,,,1,,,
ClassicGumtree,21,9,17,1,0,3,0,0,344,3,0,0.2,,500,,,,,1,,,
ClassicGumtree,21,9,17,1,0,3,0,0,343,3,0,0.2,,600,,,,,1,,,
ClassicGumtree,21,9,17,1,0,3,0,0,345,3,0,0.2,,700,,,,,1,,,
ClassicGumtree,21,9,17,1,0,3,0,0,343,3,0,0.2,,800,,,,,1,,,
ClassicGumtree,21,9,17,1,0,3,0,0,343,3,0,0.2,,900,,,,,1,,,
ClassicGumtree,21,9,17,1,0,3,0,0,344,3,0,0.2,,1000,,,,,1,,,
ClassicGumtree,21,9,17,1,0,3,0,0,342,3,0,0.2,,1100,,,,,1,,,
ClassicGumtree,21,9,17,1,0,3,0,0,343,3,0,0.2,,1200,,,,,1,,,
ClassicGumtree,21,9,17,1,0,3,0,0,343,3,0,0.2,,1300,,,,,1,,,
ClassicGumtree,21,9,17,1,0,3,0,0,346,3,0,0.2,,1400,,,,,1,,,
ClassicGumtree,21,9,17,1,0,3,0,0,347,3,0,0.2,,1500,,,,,1,,,
ClassicGumtree,21,9,17,1,0,3,0,0,348,3,0,0.2,,1600,,,,,1,,,
ClassicGumtree,21,9,17,1,0,3,0,0,346,3,0,0.2,,1700,,,,,1,,,
ClassicGumtree,21,9,17,1,0,3,0,0,347,3,0,0.2,,1800,,,,,1,,,
ClassicGumtree,21,9,17,1,0,3,0,0,346,3,0,0.2,,1900,,,,,1,,,
ClassicGumtree,21,9,17,1,0,3,0,0,346,3,0,0.2,,2000,,,,,1,,,
ClassicGumtree,77,37,45,29,0,3,0,0,14,3,0,0.2,,100,,,,,2,,,
ClassicGumtree,29,13,21,5,0,3,0,0,78,3,0,0.2,,200,,,,,2,,,
ClassicGumtree,29,13,21,5,0,3,0,0,78,3,0,0.2,,300,,,,,2,,,
ClassicGumtree,21,9,17,1,0,3,0,0,346,3,0,0.2,,400,,,,,2,,,
ClassicGumtree,21,9,17,1,0,3,0,0,343,3,0,0.2,,500,,,,,2,,,
ClassicGumtree,21,9,17,1,0,3,0,0,343,3,0,0.2,,600,,,,,2,,,
ClassicGumtree,21,9,17,1,0,3,0,0,342,3,0,0.2,,700,,,,,2,,,
ClassicGumtree,21,9,17,1,0,3,0,0,343,3,0,0.2,,800,,,,,2,,,
ClassicGumtree,21,9,17,1,0,3,0,0,343,3,0,0.2,,900,,,,,2,,,
ClassicGumtree,21,9,17,1,0,3,0,0,343,3,0,0.2,,1000,,,,,2,,,
ClassicGumtree,21,9,17,1,0,3,0,0,342,3,0,0.2,,1100,,,,,2,,,
ClassicGumtree,21,9,17,1,0,3,0,0,343,3,0,0.2,,1200,,,,,2,,,
ClassicGumtree,21,9,17,1,0,3,0,0,343,3,0,0.2,,1300,,,,,2,,,
ClassicGumtree,21,9,17,1,0,3,0,0,343,3,0,0.2,,1400,,,,,2,,,
ClassicGumtree,21,9,17,1,0,3,0,0,342,3,0,0.2,,1500,,,,,2,,,
ClassicGumtree,21,9,17,1,0,3,0,0,342,3,0,0.2,,1600,,,,,2,,,
ClassicGumtree,21,9,17,1,0,3,0,0,343,3,0,0.2,,1700,,,,,2,,,
ClassicGumtree,21,9,17,1,0,3,0,0,343,3,0,0.2,,1800,,,,,2,,,
ClassicGumtree,21,9,17,1,0,3,0,0,345,3,0,0.2,,1900,,,,,2,,,
ClassicGumtree,21,9,17,1,0,3,0,0,344,3,0,0.2,,2000,,,,,2,,,
ClassicGumtree,134,37,74,58,0,2,0,0,11,3,0,0.2,,100,,,,,3,,,
ClassicGumtree,39,15,26,10,0,3,0,0,73,3,0,0.2,,200,,,,,3,,,
ClassicGumtree,39,15,26,10,0,3,0,0,73,3,0,0.2,,300,,,,,3,,,
ClassicGumtree,21,9,17,1,0,3,0,0,340,3,0,0.2,,400,,,,,3,,,
ClassicGumtree,21,9,17,1,0,3,0,0,341,3,0,0.2,,500,,,,,3,,,
ClassicGumtree,21,9,17,1,0,3,0,0,341,3,0,0.2,,600,,,,,3,,,
ClassicGumtree,21,9,17,1,0,3,0,0,343,3,0,0.2,,700,,,,,3,,,
ClassicGumtree,21,9,17,1,0,3,0,0,346,3,0,0.2,,800,,,,,3,,,
ClassicGumtree,21,9,17,1,0,3,0,0,342,3,0,0.2,,900,,,,,3,,,
ClassicGumtree,21,9,17,1,0,3,0,0,341,3,0,0.2,,1000,,,,,3,,,
ClassicGumtree,21,9,17,1,0,3,0,0,340,3,0,0.2,,1100,,,,,3,,,
ClassicGumtree,21,9,17,1,0,3,0,0,341,3,0,0.2,,1200,,,,,3,,,
ClassicGumtree,21,9,17,1,0,3,0,0,342,3,0,0.2,,1300,,,,,3,,,
ClassicGumtree,21,9,17,1,0,3,0,0,342,3,0,0.2,,1400,,,,,3,,,
ClassicGumtree,21,9,17,1,0,3,0,0,340,3,0,0.2,,1500,,,,,3,,,
ClassicGumtree,21,9,17,1,0,3,0,0,341,3,0,0.2,,1600,,,,,3,,,
ClassicGumtree,21,9,17,1,0,3,0,0,340,3,0,0.2,,1700,,,,,3,,,
ClassicGumtree,21,9,17,1,0,3,0,0,340,3,0,0.2,,1800,,,,,3,,,
ClassicGumtree,21,9,17,1,0,3,0,0,341,3,0,0.2,,1900,,,,,3,,,
ClassicGumtree,21,9,17,1,0,3,0,0,340,3,0,0.2,,2000,,,,,3,,,
ClassicGumtree,145,36,80,64,0,1,0,0,11,3,0,0.2,,100,,,,,4,,,
ClassicGumtree,39,15,26,10,0,3,0,0,73,3,0,0.2,,200,,,,,4,,,
ClassicGumtree,39,15,26,10,0,3,0,0,73,3,0,0.2,,300,,,,,4,,,
ClassicGumtree,21,9,17,1,0,3,0,0,341,3,0,0.2,,400,,,,,4,,,
ClassicGumtree,21,9,17,1,0,3,0,0,342,3,0,0.2,,500,,,,,4,,,
ClassicGumtree,21,9,17,1,0,3,0,0,341,3,0,0.2,,600,,,,,4,,,
ClassicGumtree,21,9,17,1,0,3,0,0,342,3,0,0.2,,700,,,,,4,,,
ClassicGumtree,21,9,17,1,0,3,0,0,341,3,0,0.2,,800,,,,,4,,,
ClassicGumtree,21,9,17,1,0,3,0,0,341,3,0,0.2,,900,,,,,4,,,
ClassicGumtree,21,9,17,1,0,3,0,0,341,3,0,0.2,,1000,,,,,4,,,
ClassicGumtree,21,9,17,1,0,3,0,0,343,3,0,0.2,,1100,,,,,4,,,
ClassicGumtree,21,9,17,1,0,3,0,0,340,3,0,0.2,,1200,,,,,4,,,
ClassicGumtree,21,9,17,1,0,3,0,0,341,3,0,0.2,,1300,,,,,4,,,
ClassicGumtree,21,9,17,1,0,3,0,0,341,3,0,0.2,,1400,,,,,4,,,
ClassicGumtree,21,9,17,1,0,3,0,0,341,3,0,0.2,,1500,,,,,4,,,
ClassicGumtree,21,9,17,1,0,3,0,0,340,3,0,0.2,,1600,,,,,4,,,
ClassicGumtree,21,9,17,1,0,3,0,0,341,3,0,0.2,,1700,,,,,4,,,
ClassicGumtree,21,9,17,1,0,3,0,0,341,3,0,0.2,,1800,,,,,4,,,
ClassicGumtree,21,9,17,1,0,3,0,0,340,3,0,0.2,,1900,,,,,4,,,
ClassicGumtree,21,9,17,1,0,3,0,0,341,3,0,0.2,,2000,,,,,4,,,
ClassicGumtree,169,38,92,76,0,1,0,0,12,3,0,0.2,,100,,,,,5,,,
ClassicGumtree,63,17,38,22,0,3,0,0,73,3,0,0.2,,200,,,,,5,,,
ClassicGumtree,63,17,38,22,0,3,0,0,73,3,0,0.2,,300,,,,,5,,,
ClassicGumtree,21,9,17,1,0,3,0,0,340,3,0,0.2,,400,,,,,5,,,
ClassicGumtree,21,9,17,1,0,3,0,0,341,3,0,0.2,,500,,,,,5,,,
ClassicGumtree,21,9,17,1,0,3,0,0,340,3,0,0.2,,600,,,,,5,,,
ClassicGumtree,21,9,17,1,0,3,0,0,340,3,0,0.2,,700,,,,,5,,,
ClassicGumtree,21,9,17,1,0,3,0,0,342,3,0,0.2,,800,,,,,5,,,
ClassicGumtree,21,9,17,1,0,3,0,0,343,3,0,0.2,,900,,,,,5,,,
ClassicGumtree,21,9,17,1,0,3,0,0,340,3,0,0.2,,1000,,,,,5,,,
ClassicGumtree,21,9,17,1,0,3,0,0,341,3,0,0.2,,1100,,,,,5,,,
ClassicGumtree,21,9,17,1,0,3,0,0,344,3,0,0.2,,1200,,,,,5,,,
ClassicGumtree,21,9,17,1,0,3,0,0,343,3,0,0.2,,1300,,,,,5,,,
ClassicGumtree,21,9,17,1,0,3,0,0,343,3,0,0.2,,1400,,,,,5,,,
ClassicGumtree,21,9,17,1,0,3,0,0,343,3,0,0.2,,1500,,,,,5,,,
ClassicGumtree,21,9,17,1,0,3,0,0,344,3,0,0.2,,1600,,,,,5,,,
ClassicGumtree,21,9,17,1,0,3,0,0,344,3,0,0.2,,1700,,,,,5,,,
ClassicGumtree,21,9,17,1,0,3,0,0,345,3,0,0.2,,1800,,,,,5,,,
ClassicGumtree,21,9,17,1,0,3,0,0,346,3,0,0.2,,1900,,,,,5,,,
ClassicGumtree,21,9,17,1,0,3,0,0,343,3,0,0.2,,2000,,,,,5,,,
ClassicGumtree,25,13,19,3,0,3,0,0,16,3,0,0.3,,100,,,,,1,,,
ClassicGumtree,21,9,17,1,0,3,0,0,75,3,0,0.3,,200,,,,,1,,,
ClassicGumtree,21,9,17,1,0,3,0,0,75,3,0,0.3,,300,,,,,1,,,
ClassicGumtree,21,9,17,1,0,3,0,0,344,3,0,0.3,,400,,,,,1,,,
ClassicGumtree,21,9,17,1,0,3,0,0,343,3,0,0.3,,500,,,,,1,,,
ClassicGumtree,21,9,17,1,0,3,0,0,343,3,0,0.3,,600,,,,,1,,,
ClassicGumtree,21,9,17,1,0,3,0,0,343,3,0,0.3,,700,,,,,1,,,
ClassicGumtree,21,9,17,1,0,3,0,0,343,3,0,0.3,,800,,,,,1,,,
ClassicGumtree,21,9,17,1,0,3,0,0,343,3,0,0.3,,900,,,,,1,,,
ClassicGumtree,21,9,17,1,0,3,0,0,343,3,0,0.3,,1000,,,,,1,,,
ClassicGumtree,21,9,17,1,0,3,0,0,343,3,0,0.3,,1100,,,,,1,,,
ClassicGumtree,21,9,17,1,0,3,0,0,343,3,0,0.3,,1200,,,,,1,,,
ClassicGumtree,21,9,17,1,0,3,0,0,344,3,0,0.3,,1300,,,,,1,,,
ClassicGumtree,21,9,17,1,0,3,0,0,343,3,0,0.3,,1400,,,,,1,,,
ClassicGumtree,21,9,17,1,0,3,0,0,346,3,0,0.3,,1500,,,,,1,,,
ClassicGumtree,21,9,17,1,0,3,0,0,342,3,0,0.3,,1600,,,,,1,,,
ClassicGumtree,21,9,17,1,0,3,0,0,343,3,0,0.3,,1700,,,,,1,,,
ClassicGumtree,21,9,17,1,0,3,0,0,344,3,0,0.3,,1800,,,,,1,,,
ClassicGumtree,21,9,17,1,0,3,0,0,342,3,0,0.3,,1900,,,,,1,,,
ClassicGumtree,21,9,17,1,0,3,0,0,342,3,0,0.3,,2000,,,,,1,,,
ClassicGumtree,109,34,61,45,0,3,0,0,12,3,0,0.3,,100,,,,,2,,,
ClassicGumtree,29,13,21,5,0,3,0,0,74,3,0,0.3,,200,,,,,2,,,
ClassicGumtree,29,13,21,5,0,3,0,0,74,3,0,0.3,,300,,,,,2,,,
ClassicGumtree,21,9,17,1,0,3,0,0,341,3,0,0.3,,400,,,,,2,,,
ClassicGumtree,21,9,17,1,0,3,0,0,341,3,0,0.3,,500,,,,,2,,,
ClassicGumtree,21,9,17,1,0,3,0,0,342,3,0,0.3,,600,,,,,2,,,
ClassicGumtree,21,9,17,1,0,3,0,0,347,3,0,0.3,,700,,,,,2,,,
ClassicGumtree,21,9,17,1,0,3,0,0,342,3,0,0.3,,800,,,,,2,,,
ClassicGumtree,21,9,17,1,0,3,0,0,342,3,0,0.3,,900,,,,,2,,,
ClassicGumtree,21,9,17,1,0,3,0,0,342,3,0,0.3,,1000,,,,,2,,,
ClassicGumtree,21,9,17,1,0,3,0,0,341,3,0,0.3,,1100,,,,,2,,,
ClassicGumtree,21,9,17,1,0,3,0,0,341,3,0,0.3,,1200,,,,,2,,,
ClassicGumtree,21,9,17,1,0,3,0,0,341,3,0,0.3,,1300,,,,,2,,,
ClassicGumtree,21,9,17,1,0,3,0,0,341,3,0,0.3,,1400,,,,,2,,,
ClassicGumtree,21,9,17,1,0,3,0,0,341,3,0,0.3,,1500,,,,,2,,,
ClassicGumtree,21,9,17,1,0,3,0,0,343,3,0,0.3,,1600,,,,,2,,,
ClassicGumtree,21,9,17,1,0,3,0,0,347,3,0,0.3,,1700,,,,,2,,,
ClassicGumtree,21,9,17,1,0,3,0,0,342,3,0,0.3,,1800,,,,,2,,,
ClassicGumtree,21,9,17,1,0,3,0,0,341,3,0,0.3,,1900,,,,,2,,,
ClassicGumtree,21,9,17,1,0,3,0,0,341,3,0,0.3,,2000,,,,,2,,,
ClassicGumtree,134,37,74,58,0,2,0,0,11,3,0,0.3,,100,,,,,3,,,
ClassicGumtree,39,15,26,10,0,3,0,0,73,3,0,0.3,,200,,,,,3,,,
ClassicGumtree,39,15,26,10,0,3,0,0,73,3,0,0.3,,300,,,,,3,,,
ClassicGumtree,21,9,17,1,0,3,0,0,341,3,0,0.3,,400,,,,,3,,,
ClassicGumtree,21,9,17,1,0,3,0,0,341,3,0,0.3,,500,,,,,3,,,
ClassicGumtree,21,9,17,1,0,3,0,0,341,3,0,0.3,,600,,,,,3,,,
ClassicGumtree,21,9,17,1,0,3,0,0,341,3,0,0.3,,700,,,,,3,,,
ClassicGumtree,21,9,17,1,0,3,0,0,340,3,0,0.3,,800,,,,,3,,,
ClassicGumtree,21,9,17,1,0,3,0,0,341,3,0,0.3,,900,,,,,3,,,
ClassicGumtree,21,9,17,1,0,3,0,0,340,3,0,0.3,,1000,,,,,3,,,
ClassicGumtree,21,9,17,1,0,3,0,0,340,3,0,0.3,,1100,,,,,3,,,
ClassicGumtree,21,9,17,1,0,3,0,0,340,3,0,0.3,,1200,,,,,3,,,
ClassicGumtree,21,9,17,1,0,3,0,0,341,3,0,0.3,,1300,,,,,3,,,
ClassicGumtree,21,9,17,1,0,3,0,0,341,3,0,0.3,,1400,,,,,3,,,
ClassicGumtree,21,9,17,1,0,3,0,0,340,3,0,0.3,,1500,,,,,3,,,
ClassicGumtree,21,9,17,1,0,3,0,0,341,3,0,0.3,,1600,,,,,3,,,
ClassicGumtree,21,9,17,1,0,3,0,0,340,3,0,0.3,,1700,,,,,3,,,
ClassicGumtree,21,9,17,1,0,3,0,0,341,3,0,0.3,,1800,,,,,3,,,
ClassicGumtree,21,9,17,1,0,3,0,0,341,3,0,0.3,,1900,,,,,3,,,
ClassicGumtree,21,9,17,1,0,3,0,0,341,3,0,0.3,,2000,,,,,3,,,
ClassicGumtree,145,36,80,64,0,1,0,0,11,3,0,0.3,,100,,,,,4,,,
ClassicGumtree,39,15,26,10,0,3,0,0,73,3,0,0.3,,200,,,,,4,,,
ClassicGumtree,39,15,26,10,0,3,0,0,73,3,0,0.3,,300,,,,,4,,,
ClassicGumtree,21,9,17,1,0,3,0,0,340,3,0,0.3,,400,,,,,4,,,
ClassicGumtree,21,9,17,1,0,3,0,0,341,3,0,0.3,,500,,,,,4,,,
ClassicGumtree,21,9,17,1,0,3,0,0,340,3,0,0.3,,600,,,,,4,,,
ClassicGumtree,21,9,17,1,0,3,0,0,340,3,0,0.3,,700,,,,,4,,,
ClassicGumtree,21,9,17,1,0,3,0,0,345,3,0,0.3,,800,,,,,4,,,
ClassicGumtree,21,9,17,1,0,3,0,0,344,3,0,0.3,,900,,,,,4,,,
ClassicGumtree,21,9,17,1,0,3,0,0,344,3,0,0.3,,1000,,,,,4,,,
ClassicGumtree,21,9,17,1,0,3,0,0,344,3,0,0.3,,1100,,,,,4,,,
ClassicGumtree,21,9,17,1,0,3,0,0,346,3,0,0.3,,1200,,,,,4,,,
ClassicGumtree,21,9,17,1,0,3,0,0,344,3,0,0.3,,1300,,,,,4,,,
ClassicGumtree,21,9,17,1,0,3,0,0,344,3,0,0.3,,1400,,,,,4,,,
ClassicGumtree,21,9,17,1,0,3,0,0,344,3,0,0.3,,1500,,,,,4,,,
ClassicGumtree,21,9,17,1,0,3,0,0,345,3,0,0.3,,1600,,,,,4,,,
ClassicGumtree,21,9,17,1,0,3,0,0,344,3,0,0.3,,1700,,,,,4,,,
ClassicGumtree,21,9,17,1,0,3,0,0,346,3,0,0.3,,1800,,,,,4,,,
ClassicGumtree,21,9,17,1,0,3,0,0,340,3,0,0.3,,1900,,,,,4,,,
ClassicGumtree,21,9,17,1,0,3,0,0,341,3,0,0.3,,2000,,,,,4,,,
ClassicGumtree,169,38,92,76,0,1,0,0,11,3,0,0.3,,100,,,,,5,,,
ClassicGumtree,63,17,38,22,0,3,0,0,73,3,0,0.3,,200,,,,,5,,,
ClassicGumtree,63,17,38,22,0,3,0,0,73,3,0,0.3,,300,,,,,5,,,
ClassicGumtree,21,9,17,1,0,3,0,0,341,3,0,0.3,,400,,,,,5,,,
ClassicGumtree,21,9,17,1,0,3,0,0,340,3,0,0.3,,500,,,,,5,,,
ClassicGumtree,21,9,17,1,0,3,0,0,341,3,0,0.3,,600,,,,,5,,,
ClassicGumtree,21,9,17,1,0,3,0,0,341,3,0,0.3,,700,,,,,5,,,
ClassicGumtree,21,9,17,1,0,3,0,0,340,3,0,0.3,,800,,,,,5,,,
ClassicGumtree,21,9,17,1,0,3,0,0,340,3,0,0.3,,900,,,,,5,,,
ClassicGumtree,21,9,17,1,0,3,0,0,340,3,0,0.3,,1000,,,,,5,,,
ClassicGumtree,21,9,17,1,0,3,0,0,340,3,0,0.3,,1100,,,,,5,,,
ClassicGumtree,21,9,17,1,0,3,0,0,342,3,0,0.3,,1200,,,,,5,,,
ClassicGumtree,21,9,17,1,0,3,0,0,340,3,0,0.3,,1300,,,,,5,,,
ClassicGumtree,21,9,17,1,0,3,0,0,343,3,0,0.3,,1400,,,,,5,,,
ClassicGumtree,21,9,17,1,0,3,0,0,341,3,0,0.3,,1500,,,,,5,,,
ClassicGumtree,21,9,17,1,0,3,0,0,341,3,0,0.3,,1600,,,,,5,,,
ClassicGumtree,21,9,17,1,0,3,0,0,340,3,0,0.3,,1700,,,,,5,,,
ClassicGumtree,21,9,17,1,0,3,0,0,341,3,0,0.3,,1800,,,,,5,,,
ClassicGumtree,21,9,17,1,0,3,0,0,341,3,0,0.3,,1900,,,,,5,,,
ClassicGumtree,21,9,17,1,0,3,0,0,341,3,0,0.3,,2000,,,,,5,,,
ClassicGumtree,52,11,32,16,0,4,0,0,12,3,0,0.4,,100,,,,,1,,,
ClassicGumtree,21,9,17,1,0,3,0,0,74,3,0,0.4,,200,,,,,1,,,
ClassicGumtree,21,9,17,1,0,3,0,0,74,3,0,0.4,,300,,,,,1,,,
ClassicGumtree,21,9,17,1,0,3,0,0,341,3,0,0.4,,400,,,,,1,,,
ClassicGumtree,21,9,17,1,0,3,0,0,343,3,0,0.4,,500,,,,,1,,,
ClassicGumtree,21,9,17,1,0,3,0,0,341,3,0,0.4,,600,,,,,1,,,
ClassicGumtree,21,9,17,1,0,3,0,0,343,3,0,0.4,,700,,,,,1,,,
ClassicGumtree,21,9,17,1,0,3,0,0,341,3,0,0.4,,800,,,,,1,,,
ClassicGumtree,21,9,17,1,0,3,0,0,343,3,0,0.4,,900,,,,,1,,,
ClassicGumtree,21,9,17,1,0,3,0,0,342,3,0,0.4,,1000,,,,,1,,,
ClassicGumtree,21,9,17,1,0,3,0,0,341,3,0,0.4,,1100,,,,,1,,,
ClassicGumtree,21,9,17,1,0,3,0,0,341,3,0,0.4,,1200,,,,,1,,,
ClassicGumtree,21,9,17,1,0,3,0,0,341,3,0,0.4,,1300,,,,,1,,,
ClassicGumtree,21,9,17,1,0,3,0,0,342,3,0,0.4,,1400,,,,,1,,,
ClassicGumtree,21,9,17,1,0,3,0,0,341,3,0,0.4,,1500,,,,,1,,,
ClassicGumtree,21,9,17,1,0,3,0,0,342,3,0,0.4,,1600,,,,,1,,,
ClassicGumtree,21,9,17,1,0,3,0,0,342,3,0,0.4,,1700,,,,,1,,,
ClassicGumtree,21,9,17,1,0,3,0,0,341,3,0,0.4,,1800,,,,,1,,,
ClassicGumtree,21,9,17,1,0,3,0,0,342,3,0,0.4,,1900,,,,,1,,,
ClassicGumtree,21,9,17,1,0,3,0,0,341,3,0,0.4,,2000,,,,,1,,,
ClassicGumtree,109,34,61,45,0,3,0,0,12,3,0,0.4,,100,,,,,2,,,
ClassicGumtree,29,13,21,5,0,3,0,0,73,3,0,0.4,,200,,,,,2,,,
ClassicGumtree,29,13,21,5,0,3,0,0,74,3,0,0.4,,300,,,,,2,,,
ClassicGumtree,21,9,17,1,0,3,0,0,342,3,0,0.4,,400,,,,,2,,,
ClassicGumtree,21,9,17,1,0,3,0,0,342,3,0,0.4,,500,,,,,2,,,
ClassicGumtree,21,9,17,1,0,3,0,0,342,3,0,0.4,,600,,,,,2,,,
ClassicGumtree,21,9,17,1,0,3,0,0,341,3,0,0.4,,700,,,,,2,,,
ClassicGumtree,21,9,17,1,0,3,0,0,342,3,0,0.4,,800,,,,,2,,,
ClassicGumtree,21,9,17,1,0,3,0,0,344,3,0,0.4,,900,,,,,2,,,
ClassicGumtree,21,9,17,1,0,3,0,0,341,3,0,0.4,,1000,,,,,2,,,
ClassicGumtree,21,9,17,1,0,3,0,0,341,3,0,0.4,,1100,,,,,2,,,
ClassicGumtree,21,9,17,1,0,3,0,0,343,3,0,0.4,,1200,,,,,2,,,
ClassicGumtree,21,9,17,1,0,3,0,0,342,3,0,0.4,,1300,,,,,2,,,
ClassicGumtree,21,9,17,1,0,3,0,0,341,3,0,0.4,,1400,,,,,2,,,
ClassicGumtree,21,9,17,1,0,3,0,0,341,3,0,0.4,,1500,,,,,2,,,
ClassicGumtree,21,9,17,1,0,3,0,0,341,3,0,0.4,,1600,,,,,2,,,
ClassicGumtree,21,9,17,1,0,3,0,0,341,3,0,0.4,,1700,,,,,2,,,
ClassicGumtree,21,9,17,1,0,3,0,0,341,3,0,0.4,,1800,,,,,2,,,
ClassicGumtree,21,9,17,1,0,3,0,0,342,3,0,0.4,,1900,,,,,2,,,
ClassicGumtree,21,9,17,1,0,3,0,0,342,3,0,0.4,,2000,,,,,2,,,
ClassicGumtree,134,37,74,58,0,2,0,0,11,3,0,0.4,,100,,,,,3,,,
ClassicGumtree,39,15,26,10,0,3,0,0,73,3,0,0.4,,200,,,,,3,,,
ClassicGumtree,39,15,26,10,0,3,0,0,73,3,0,0.4,,300,,,,,3,,,
ClassicGumtree,21,9,17,1,0,3,0,0,340,3,0,0.4,,400,,,,,3,,,
ClassicGumtree,21,9,17,1,0,3,0,0,341,3,0,0.4,,500,,,,,3,,,
ClassicGumtree,21,9,17,1,0,3,0,0,340,3,0,0.4,,600,,,,,3,,,
ClassicGumtree,21,9,17,1,0,3,0,0,344,3,0,0.4,,700,,,,,3,,,
ClassicGumtree,21,9,17,1,0,3,0,0,344,3,0,0.4,,800,,,,,3,,,
ClassicGumtree,21,9,17,1,0,3,0,0,344,3,0,0.4,,900,,,,,3,,,
ClassicGumtree,21,9,17,1,0,3,0,0,344,3,0,0.4,,1000,,,,,3,,,
ClassicGumtree,21,9,17,1,0,3,0,0,344,3,0,0.4,,1100,,,,,3,,,
ClassicGumtree,21,9,17,1,0,3,0,0,343,3,0,0.4,,1200,,,,,3,,,
ClassicGumtree,21,9,17,1,0,3,0,0,343,3,0,0.4,,1300,,,,,3,,,
ClassicGumtree,21,9,17,1,0,3,0,0,344,3,0,0.4,,1400,,,,,3,,,
ClassicGumtree,21,9,17,1,0,3,0,0,345,3,0,0.4,,1500,,,,,3,,,
ClassicGumtree,21,9,17,1,0,3,0,0,345,3,0,0.4,,1600,,,,,3,,,
ClassicGumtree,21,9,17,1,0,3,0,0,341,3,0,0.4,,1700,,,,,3,,,
ClassicGumtree,21,9,17,1,0,3,0,0,340,3,0,0.4,,1800,,,,,3,,,
ClassicGumtree,21,9,17,1,0,3,0,0,341,3,0,0.4,,1900,,,,,3,,,
ClassicGumtree,21,9,17,1,0,3,0,0,341,3,0,0.4,,2000,,,,,3,,,
ClassicGumtree,145,36,80,64,0,1,0,0,11,3,0,0.4,,100,,,,,4,,,
ClassicGumtree,39,15,26,10,0,3,0,0,73,3,0,0.4,,200,,,,,4,,,
ClassicGumtree,39,15,26,10,0,3,0,0,73,3,0,0.4,,300,,,,,4,,,
ClassicGumtree,21,9,17,1,0,3,0,0,341,3,0,0.4,,400,,,,,4,,,
ClassicGumtree,21,9,17,1,0,3,0,0,340,3,0,0.4,,500,,,,,4,,,
ClassicGumtree,21,9,17,1,0,3,0,0,341,3,0,0.4,,600,,,,,4,,,
ClassicGumtree,21,9,17,1,0,3,0,0,341,3,0,0.4,,700,,,,,4,,,
ClassicGumtree,21,9,17,1,0,3,0,0,342,3,0,0.4,,800,,,,,4,,,
ClassicGumtree,21,9,17,1,0,3,0,0,341,3,0,0.4,,900,,,,,4,,,
ClassicGumtree,21,9,17,1,0,3,0,0,340,3,0,0.4,,1000,,,,,4,,,
ClassicGumtree,21,9,17,1,0,3,0,0,341,3,0,0.4,,1100,,,,,4,,,
ClassicGumtree,21,9,17,1,0,3,0,0,340,3,0,0.4,,1200,,,,,4,,,
ClassicGumtree,21,9,17,1,0,3,0,0,340,3,0,0.4,,1300,,,,,4,,,
ClassicGumtree,21,9,17,1,0,3,0,0,340,3,0,0.4,,1400,,,,,4,,,
ClassicGumtree,21,9,17,1,0,3,0,0,341,3,0,0.4,,1500,,,,,4,,,
ClassicGumtree,21,9,17,1,0,3,0,0,340,3,0,0.4,,1600,,,,,4,,,
ClassicGumtree,21,9,17,1,0,3,0,0,340,3,0,0.4,,1700,,,,,4,,,
ClassicGumtree,21,9,17,1,0,3,0,0,341,3,0,0.4,,1800,,,,,4,,,
ClassicGumtree,21,9,17,1,0,3,0,0,340,3,0,0.4,,1900,,,,,4,,,
ClassicGumtree,21,9,17,1,0,3,0,0,341,3,0,0.4,,2000,,,,,4,,,
ClassicGumtree,169,38,92,76,0,1,0,0,11,3,0,0.4,,100,,,,,5,,,
ClassicGumtree,63,17,38,22,0,3,0,0,73,3,0,0.4,,200,,,,,5,,,
ClassicGumtree,63,17,38,22,0,3,0,0,73,3,0,0.4,,300,,,,,5,,,
ClassicGumtree,21,9,17,1,0,3,0,0,341,3,0,0.4,,400,,,,,5,,,
ClassicGumtree,21,9,17,1,0,3,0,0,341,3,0,0.4,,500,,,,,5,,,
ClassicGumtree,21,9,17,1,0,3,0,0,340,3,0,0.4,,600,,,,,5,,,
ClassicGumtree,21,9,17,1,0,3,0,0,346,3,0,0.4,,700,,,,,5,,,
ClassicGumtree,21,9,17,1,0,3,0,0,340,3,0,0.4,,800,,,,,5,,,
ClassicGumtree,21,9,17,1,0,3,0,0,340,3,0,0.4,,900,,,,,5,,,
ClassicGumtree,21,9,17,1,0,3,0,0,340,3,0,0.4,,1000,,,,,5,,,
ClassicGumtree,21,9,17,1,0,3,0,0,341,3,0,0.4,,1100,,,,,5,,,
ClassicGumtree,21,9,17,1,0,3,0,0,341,3,0,0.4,,1200,,,,,5,,,
ClassicGumtree,21,9,17,1,0,3,0,0,340,3,0,0.4,,1300,,,,,5,,,
ClassicGumtree,21,9,17,1,0,3,0,0,340,3,0,0.4,,1400,,,,,5,,,
ClassicGumtree,21,9,17,1,0,3,0,0,340,3,0,0.4,,1500,,,,,5,,,
ClassicGumtree,21,9,17,1,0,3,0,0,340,3,0,0.4,,1600,,,,,5,,,
ClassicGumtree,21,9,17,1,0,3,0,0,351,3,0,0.4,,1700,,,,,5,,,
ClassicGumtree,21,9,17,1,0,3,0,0,340,3,0,0.4,,1800,,,,,5,,,
ClassicGumtree,21,9,17,1,0,3,0,0,341,3,0,0.4,,1900,,,,,5,,,
ClassicGumtree,21,9,17,1,0,3,0,0,341,3,0,0.4,,2000,,,,,5,,,
ClassicGumtree,52,11,32,16,0,4,0,0,12,3,0,0.5,,100,,,,,1,,,
ClassicGumtree,21,9,17,1,0,3,0,0,74,3,0,0.5,,200,,,,,1,,,
ClassicGumtree,21,9,17,1,0,3,0,0,74,3,0,0.5,,300,,,,,1,,,
ClassicGumtree,21,9,17,1,0,3,0,0,342,3,0,0.5,,400,,,,,1,,,
ClassicGumtree,21,9,17,1,0,3,0,0,343,3,0,0.5,,500,,,,,1,,,
ClassicGumtree,21,9,17,1,0,3,0,0,342,3,0,0.5,,600,,,,,1,,,
ClassicGumtree,21,9,17,1,0,3,0,0,341,3,0,0.5,,700,,,,,1,,,
ClassicGumtree,21,9,17,1,0,3,0,0,342,3,0,0.5,,800,,,,,1,,,
ClassicGumtree,21,9,17,1,0,3,0,0,342,3,0,0.5,,900,,,,,1,,,
ClassicGumtree,21,9,17,1,0,3,0,0,342,3,0,0.5,,1000,,,,,1,,,
ClassicGumtree,21,9,17,1,0,3,0,0,341,3,0,0.5,,1100,,,,,1,,,
ClassicGumtree,21,9,17,1,0,3,0,0,342,3,0,0.5,,1200,,,,,1,,,
ClassicGumtree,21,9,17,1,0,3,0,0,341,3,0,0.5,,1300,,,,,1,,,
ClassicGumtree,21,9,17,1,0,3,0,0,341,3,0,0.5,,1400,,,,,1,,,
ClassicGumtree,21,9,17,1,0,3,0,0,342,3,0,0.5,,1500,,,,,1,,,
ClassicGumtree,21,9,17,1,0,3,0,0,347,3,0,0.5,,1600,,,,,1,,,
ClassicGumtree,21,9,17,1,0,3,0,0,341,3,0,0.5,,1700,,,,,1,,,
ClassicGumtree,21,9,17,1,0,3,0,0,341,3,0,0.5,,1800,,,,,1,,,
ClassicGumtree,21,9,17,1,0,3,0,0,341,3,0,0.5,,1900,,,,,1,,,
ClassicGumtree,21,9,17,1,0,3,0,0,352,3,0,0.5,,2000,,,,,1,,,
ClassicGumtree,109,34,61,45,0,3,0,0,12,3,0,0.5,,100,,,,,2,,,
ClassicGumtree,29,13,21,5,0,3,0,0,73,3,0,0.5,,200,,,,,2,,,
ClassicGumtree,29,13,21,5,0,3,0,0,74,3,0,0.5,,300,,,,,2,,,
ClassicGumtree,21,9,17,1,0,3,0,0,345,3,0,0.5,,400,,,,,2,,,
ClassicGumtree,21,9,17,1,0,3,0,0,344,3,0,0.5,,500,,,,,2,,,
ClassicGumtree,21,9,17,1,0,3,0,0,344,3,0,0.5,,600,,,,,2,,,
ClassicGumtree,21,9,17,1,0,3,0,0,345,3,0,0.5,,700,,,,,2,,,
ClassicGumtree,21,9,17,1,0,3,0,0,346,3,0,0.5,,800,,,,,2,,,
ClassicGumtree,21,9,17,1,0,3,0,0,344,3,0,0.5,,900,,,,,2,,,
ClassicGumtree,21,9,17,1,0,3,0,0,344,3,0,0.5,,1000,,,,,2,,,
ClassicGumtree,21,9,17,1,0,3,0,0,345,3,0,0.5,,1100,,,,,2,,,
ClassicGumtree,21,9,17,1,0,3,0,0,344,3,0,0.5,,1200,,,,,2,,,
ClassicGumtree,21,9,17,1,0,3,0,0,341,3,0,0.5,,1300,,,,,2,,,
ClassicGumtree,21,9,17,1,0,3,0,0,341,3,0,0.5,,1400,,,,,2,,,
ClassicGumtree,21,9,17,1,0,3,0,0,341,3,0,0.5,,1500,,,,,2,,,
ClassicGumtree,21,9,17,1,0,3,0,0,347,3,0,0.5,,1600,,,,,2,,,
ClassicGumtree,21,9,17,1,0,3,0,0,341,3,0,0.5,,1700,,,,,2,,,
ClassicGumtree,21,9,17,1,0,3,0,0,342,3,0,0.5,,1800,,,,,2,,,
ClassicGumtree,21,9,17,1,0,3,0,0,342,3,0,0.5,,1900,,,,,2,,,
ClassicGumtree,21,9,17,1,0,3,0,0,342,3,0,0.5,,2000,,,,,2,,,
ClassicGumtree,134,37,74,58,0,2,0,0,11,3,0,0.5,,100,,,,,3,,,
ClassicGumtree,39,15,26,10,0,3,0,0,73,3,0,0.5,,200,,,,,3,,,
ClassicGumtree,39,15,26,10,0,3,0,0,73,3,0,0.5,,300,,,,,3,,,
ClassicGumtree,21,9,17,1,0,3,0,0,341,3,0,0.5,,400,,,,,3,,,
ClassicGumtree,21,9,17,1,0,3,0,0,341,3,0,0.5,,500,,,,,3,,,
ClassicGumtree,21,9,17,1,0,3,0,0,342,3,0,0.5,,600,,,,,3,,,
ClassicGumtree,21,9,17,1,0,3,0,0,340,3,0,0.5,,700,,,,,3,,,
ClassicGumtree,21,9,17,1,0,3,0,0,341,3,0,0.5,,800,,,,,3,,,
ClassicGumtree,21,9,17,1,0,3,0,0,340,3,0,0.5,,900,,,,,3,,,
ClassicGumtree,21,9,17,1,0,3,0,0,341,3,0,0.5,,1000,,,,,3,,,
ClassicGumtree,21,9,17,1,0,3,0,0,342,3,0,0.5,,1100,,,,,3,,,
ClassicGumtree,21,9,17,1,0,3,0,0,340,3,0,0.5,,1200,,,,,3,,,
ClassicGumtree,21,9,17,1,0,3,0,0,340,3,0,0.5,,1300,,,,,3,,,
ClassicGumtree,21,9,17,1,0,3,0,0,340,3,0,0.5,,1400,,,,,3,,,
ClassicGumtree,21,9,17,1,0,3,0,0,340,3,0,0.5,,1500,,,,,3,,,
ClassicGumtree,21,9,17,1,0,3,0,0,342,3,0,0.5,,1600,,,,,3,,,
ClassicGumtree,21,9,17,1,0,3,0,0,341,3,0,0.5,,1700,,,,,3,,,
ClassicGumtree,21,9,17,1,0,3,0,0,340,3,0,0.5,,1800,,,,,3,,,
ClassicGumtree,21,9,17,1,0,3,0,0,343,3,0,0.5,,1900,,,,,3,,,
ClassicGumtree,21,9,17,1,0,3,0,0,340,3,0,0.5,,2000,,,,,3,,,
ClassicGumtree,145,36,80,64,0,1,0,0,11,3,0,0.5,,100,,,,,4,,,
ClassicGumtree,39,15,26,10,0,3,0,0,73,3,0,0.5,,200,,,,,4,,,
ClassicGumtree,39,15,26,10,0,3,0,0,73,3,0,0.5,,300,,,,,4,,,
ClassicGumtree,21,9,17,1,0,3,0,0,340,3,0,0.5,,400,,,,,4,,,
ClassicGumtree,21,9,17,1,0,3,0,0,340,3,0,0.5,,500,,,,,4,,,
ClassicGumtree,21,9,17,1,0,3,0,0,342,3,0,0.5,,600,,,,,4,,,
ClassicGumtree,21,9,17,1,0,3,0,0,341,3,0,0.5,,700,,,,,4,,,
ClassicGumtree,21,9,17,1,0,3,0,0,341,3,0,0.5,,800,,,,,4,,,
ClassicGumtree,21,9,17,1,0,3,0,0,341,3,0,0.5,,900,,,,,4,,,
ClassicGumtree,21,9,17,1,0,3,0,0,341,3,0,0.5,,1000,,,,,4,,,
ClassicGumtree,21,9,17,1,0,3,0,0,342,3,0,0.5,,1100,,,,,4,,,
ClassicGumtree,21,9,17,1,0,3,0,0,342,3,0,0.5,,1200,,,,,4,,,
ClassicGumtree,21,9,17,1,0,3,0,0,341,3,0,0.5,,1300,,,,,4,,,
ClassicGumtree,21,9,17,1,0,3,0,0,341,3,0,0.5,,1400,,,,,4,,,
ClassicGumtree,21,9,17,1,0,3,0,0,340,3,0,0.5,,1500,,,,,4,,,
ClassicGumtree,21,9,17,1,0,3,0,0,341,3,0,0.5,,1600,,,,,4,,,
ClassicGumtree,21,9,17,1,0,3,0,0,341,3,0,0.5,,1700,,,,,4,,,
ClassicGumtree,21,9,17,1,0,3,0,0,341,3,0,0.5,,1800,,,,,4,,,
ClassicGumtree,21,9,17,1,0,3,0,0,340,3,0,0.5,,1900,,,,,4,,,
ClassicGumtree,21,9,17,1,0,3,0,0,340,3,0,0.5,,2000,,,,,4,,,
ClassicGumtree,169,38,92,76,0,1,0,0,11,3,0,0.5,,100,,,,,5,,,
ClassicGumtree,63,17,38,22,0,3,0,0,73,3,0,0.5,,200,,,,,5,,,
ClassicGumtree,63,17,38,22,0,3,0,0,72,3,0,0.5,,300,,,,,5,,,
ClassicGumtree,21,9,17,1,0,3,0,0,340,3,0,0.5,,400,,,,,5,,,
ClassicGumtree,21,9,17,1,0,3,0,0,341,3,0,0.5,,500,,,,,5,,,
ClassicGumtree,21,9,17,1,0,3,0,0,344,3,0,0.5,,600,,,,,5,,,
ClassicGumtree,21,9,17,1,0,3,0,0,341,3,0,0.5,,700,,,,,5,,,
ClassicGumtree,21,9,17,1,0,3,0,0,341,3,0,0.5,,800,,,,,5,,,
ClassicGumtree,21,9,17,1,0,3,0,0,342,3,0,0.5,,900,,,,,5,,,
ClassicGumtree,21,9,17,1,0,3,0,0,340,3,0,0.5,,1000,,,,,5,,,
ClassicGumtree,21,9,17,1,0,3,0,0,340,3,0,0.5,,1100,,,,,5,,,
ClassicGumtree,21,9,17,1,0,3,0,0,341,3,0,0.5,,1200,,,,,5,,,
ClassicGumtree,21,9,17,1,0,3,0,0,341,3,0,0.5,,1300,,,,,5,,,
ClassicGumtree,21,9,17,1,0,3,0,0,341,3,0,0.5,,1400,,,,,5,,,
ClassicGumtree,21,9,17,1,0,3,0,0,346,3,0,0.5,,1500,,,,,5,,,
ClassicGumtree,21,9,17,1,0,3,0,0,341,3,0,0.5,,1600,,,,,5,,,
ClassicGumtree,21,9,17,1,0,3,0,0,340,3,0,0.5,,1700,,,,,5,,,
ClassicGumtree,21,9,17,1,0,3,0,0,340,3,0,0.5,,1800,,,,,5,,,
ClassicGumtree,21,9,17,1,0,3,0,0,345,3,0,0.5,,1900,,,,,5,,,
ClassicGumtree,21,9,17,1,0,3,0,0,345,3,0,0.5,,2000,,,,,5,,,
ClassicGumtree,52,11,32,16,0,4,0,0,12,3,0,0.6,,100,,,,,1,,,
ClassicGumtree,21,9,17,1,0,3,0,0,74,3,0,0.6,,200,,,,,1,,,
ClassicGumtree,21,9,17,1,0,3,0,0,74,3,0,0.6,,300,,,,,1,,,
ClassicGumtree,21,9,17,1,0,3,0,0,345,3,0,0.6,,400,,,,,1,,,
ClassicGumtree,21,9,17,1,0,3,0,0,345,3,0,0.6,,500,,,,,1,,,
ClassicGumtree,21,9,17,1,0,3,0,0,345,3,0,0.6,,600,,,,,1,,,
ClassicGumtree,21,9,17,1,0,3,0,0,345,3,0,0.6,,700,,,,,1,,,
ClassicGumtree,21,9,17,1,0,3,0,0,345,3,0,0.6,,800,,,,,1,,,
ClassicGumtree,21,9,17,1,0,3,0,0,345,3,0,0.6,,900,,,,,1,,,
ClassicGumtree,21,9,17,1,0,3,0,0,345,3,0,0.6,,1000,,,,,1,,,
ClassicGumtree,21,9,17,1,0,3,0,0,345,3,0,0.6,,1100,,,,,1,,,
ClassicGumtree,21,9,17,1,0,3,0,0,343,3,0,0.6,,1200,,,,,1,,,
ClassicGumtree,21,9,17,1,0,3,0,0,341,3,0,0.6,,1300,,,,,1,,,
ClassicGumtree,21,9,17,1,0,3,0,0,341,3,0,0.6,,1400,,,,,1,,,
ClassicGumtree,21,9,17,1,0,3,0,0,342,3,0,0.6,,1500,,,,,1,,,
ClassicGumtree,21,9,17,1,0,3,0,0,342,3,0,0.6,,1600,,,,,1,,,
ClassicGumtree,21,9,17,1,0,3,0,0,342,3,0,0.6,,1700,,,,,1,,,
ClassicGumtree,21,9,17,1,0,3,0,0,341,3,0,0.6,,1800,,,,,1,,,
ClassicGumtree,21,9,17,1,0,3,0,0,341,3,0,0.6,,1900,,,,,1,,,
ClassicGumtree,21,9,17,1,0,3,0,0,342,3,0,0.6,,2000,,,,,1,,,
ClassicGumtree,109,34,61,45,0,3,0,0,12,3,0,0.6,,100,,,,,2,,,
ClassicGumtree,29,13,21,5,0,3,0,0,74,3,0,0.6,,200,,,,,2,,,
ClassicGumtree,29,13,21,5,0,3,0,0,74,3,0,0.6,,300,,,,,2,,,
ClassicGumtree,21,9,17,1,0,3,0,0,341,3,0,0.6,,400,,,,,2,,,
ClassicGumtree,21,9,17,1,0,3,0,0,342,3,0,0.6,,500,,,,,2,,,
ClassicGumtree,21,9,17,1,0,3,0,0,341,3,0,0.6,,600,,,,,2,,,
ClassicGumtree,21,9,17,1,0,3,0,0,341,3,0,0.6,,700,,,,,2,,,
ClassicGumtree,21,9,17,1,0,3,0,0,341,3,0,0.6,,800,,,,,2,,,
ClassicGumtree,21,9,17,1,0,3,0,0,341,3,0,0.6,,900,,,,,2,,,
ClassicGumtree,21,9,17,1,0,3,0,0,341,3,0,0.6,,1000,,,,,2,,,
ClassicGumtree,21,9,17,1,0,3,0,0,341,3,0,0.6,,1100,,,,,2,,,
ClassicGumtree,21,9,17,1,0,3,0,0,341,3,0,0.6,,1200,,,,,2,,,
ClassicGumtree,21,9,17,1,0,3,0,0,341,3,0,0.6,,1300,,,,,2,,,
ClassicGumtree,21,9,17,1,0,3,0,0,341,3,0,0.6,,1400,,,,,2,,,
ClassicGumtree,21,9,17,1,0,3,0,0,342,3,0,0.6,,1500,,,,,2,,,
ClassicGumtree,21,9,17,1,0,3,0,0,343,3,0,0.6,,1600,,,,,2,,,
ClassicGumtree,21,9,17,1,0,3,0,0,342,3,0,0.6,,1700,,,,,2,,,
ClassicGumtree,21,9,17,1,0,3,0,0,341,3,0,0.6,,1800,,,,,2,,,
ClassicGumtree,21,9,17,1,0,3,0,0,347,3,0,0.6,,1900,,,,,2,,,
ClassicGumtree,21,9,17,1,0,3,0,0,341,3,0,0.6,,2000,,,,,2,,,
ClassicGumtree,134,37,74,58,0,2,0,0,12,3,0,0.6,,100,,,,,3,,,
ClassicGumtree,39,15,26,10,0,3,0,0,73,3,0,0.6,,200,,,,,3,,,
ClassicGumtree,39,15,26,10,0,3,0,0,72,3,0,0.6,,300,,,,,3,,,
ClassicGumtree,21,9,17,1,0,3,0,0,340,3,0,0.6,,400,,,,,3,,,
ClassicGumtree,21,9,17,1,0,3,0,0,341,3,0,0.6,,500,,,,,3,,,
ClassicGumtree,21,9,17,1,0,3,0,0,341,3,0,0.6,,600,,,,,3,,,
ClassicGumtree,21,9,17,1,0,3,0,0,341,3,0,0.6,,700,,,,,3,,,
ClassicGumtree,21,9,17,1,0,3,0,0,342,3,0,0.6,,800,,,,,3,,,
ClassicGumtree,21,9,17,1,0,3,0,0,347,3,0,0.6,,900,,,,,3,,,
ClassicGumtree,21,9,17,1,0,3,0,0,340,3,0,0.6,,1000,,,,,3,,,
ClassicGumtree,21,9,17,1,0,3,0,0,344,3,0,0.6,,1100,,,,,3,,,
ClassicGumtree,21,9,17,1,0,3,0,0,340,3,0,0.6,,1200,,,,,3,,,
ClassicGumtree,21,9,17,1,0,3,0,0,341,3,0,0.6,,1300,,,,,3,,,
ClassicGumtree,21,9,17,1,0,3,0,0,341,3,0,0.6,,1400,,,,,3,,,
ClassicGumtree,21,9,17,1,0,3,0,0,340,3,0,0.6,,1500,,,,,3,,,
ClassicGumtree,21,9,17,1,0,3,0,0,344,3,0,0.6,,1600,,,,,3,,,
ClassicGumtree,21,9,17,1,0,3,0,0,340,3,0,0.6,,1700,,,,,3,,,
ClassicGumtree,21,9,17,1,0,3,0,0,341,3,0,0.6,,1800,,,,,3,,,
ClassicGumtree,21,9,17,1,0,3,0,0,340,3,0,0.6,,1900,,,,,3,,,
ClassicGumtree,21,9,17,1,0,3,0,0,341,3,0,0.6,,2000,,,,,3,,,
ClassicGumtree,145,36,80,64,0,1,0,0,12,3,0,0.6,,100,,,,,4,,,
ClassicGumtree,39,15,26,10,0,3,0,0,74,3,0,0.6,,200,,,,,4,,,
ClassicGumtree,39,15,26,10,0,3,0,0,73,3,0,0.6,,300,,,,,4,,,
ClassicGumtree,21,9,17,1,0,3,0,0,341,3,0,0.6,,400,,,,,4,,,
ClassicGumtree,21,9,17,1,0,3,0,0,341,3,0,0.6,,500,,,,,4,,,
ClassicGumtree,21,9,17,1,0,3,0,0,340,3,0,0.6,,600,,,,,4,,,
ClassicGumtree,21,9,17,1,0,3,0,0,340,3,0,0.6,,700,,,,,4,,,
ClassicGumtree,21,9,17,1,0,3,0,0,341,3,0,0.6,,800,,,,,4,,,
ClassicGumtree,21,9,17,1,0,3,0,0,347,3,0,0.6,,900,,,,,4,,,
ClassicGumtree,21,9,17,1,0,3,0,0,341,3,0,0.6,,1000,,,,,4,,,
ClassicGumtree,21,9,17,1,0,3,0,0,341,3,0,0.6,,1100,,,,,4,,,
ClassicGumtree,21,9,17,1,0,3,0,0,341,3,0,0.6,,1200,,,,,4,,,
ClassicGumtree,21,9,17,1,0,3,0,0,340,3,0,0.6,,1300,,,,,4,,,
ClassicGumtree,21,9,17,1,0,3,0,0,340,3,0,0.6,,1400,,,,,4,,,
ClassicGumtree,21,9,17,1,0,3,0,0,344,3,0,0.6,,1500,,,,,4,,,
ClassicGumtree,21,9,17,1,0,3,0,0,344,3,0,0.6,,1600,,,,,4,,,
ClassicGumtree,21,9,17,1,0,3,0,0,344,3,0,0.6,,1700,,,,,4,,,
ClassicGumtree,21,9,17,1,0,3,0,0,344,3,0,0.6,,1800,,,,,4,,,
ClassicGumtree,21,9,17,1,0,3,0,0,343,3,0,0.6,,1900,,,,,4,,,
ClassicGumtree,21,9,17,1,0,3,0,0,343,3,0,0.6,,2000,,,,,4,,,
ClassicGumtree,169,38,92,76,0,1,0,0,12,3,0,0.6,,100,,,,,5,,,
ClassicGumtree,63,17,38,22,0,3,0,0,73,3,0,0.6,,200,,,,,5,,,
ClassicGumtree,63,17,38,22,0,3,0,0,73,3,0,0.6,,300,,,,,5,,,
ClassicGumtree,21,9,17,1,0,3,0,0,344,3,0,0.6,,400,,,,,5,,,
ClassicGumtree,21,9,17,1,0,3,0,0,344,3,0,0.6,,500,,,,,5,,,
ClassicGumtree,21,9,17,1,0,3,0,0,345,3,0,0.6,,600,,,,,5,,,
ClassicGumtree,21,9,17,1,0,3,0,0,344,3,0,0.6,,700,,,,,5,,,
ClassicGumtree,21,9,17,1,0,3,0,0,340,3,0,0.6,,800,,,,,5,,,
ClassicGumtree,21,9,17,1,0,3,0,0,340,3,0,0.6,,900,,,,,5,,,
ClassicGumtree,21,9,17,1,0,3,0,0,340,3,0,0.6,,1000,,,,,5,,,
ClassicGumtree,21,9,17,1,0,3,0,0,347,3,0,0.6,,1100,,,,,5,,,
ClassicGumtree,21,9,17,1,0,3,0,0,341,3,0,0.6,,1200,,,,,5,,,
ClassicGumtree,21,9,17,1,0,3,0,0,341,3,0,0.6,,1300,,,,,5,,,
ClassicGumtree,21,9,17,1,0,3,0,0,340,3,0,0.6,,1400,,,,,5,,,
ClassicGumtree,21,9,17,1,0,3,0,0,342,3,0,0.6,,1500,,,,,5,,,
ClassicGumtree,21,9,17,1,0,3,0,0,341,3,0,0.6,,1600,,,,,5,,,
ClassicGumtree,21,9,17,1,0,3,0,0,340,3,0,0.6,,1700,,,,,5,,,
ClassicGumtree,21,9,17,1,0,3,0,0,341,3,0,0.6,,1800,,,,,5,,,
ClassicGumtree,21,9,17,1,0,3,0,0,341,3,0,0.6,,1900,,,,,5,,,
ClassicGumtree,21,9,17,1,0,3,0,0,341,3,0,0.6,,2000,,,,,5,,,
ClassicGumtree,52,11,32,16,0,4,0,0,12,3,0,0.7,,100,,,,,1,,,
ClassicGumtree,21,9,17,1,0,3,0,0,74,3,0,0.7,,200,,,,,1,,,
ClassicGumtree,21,9,17,1,0,3,0,0,74,3,0,0.7,,300,,,,,1,,,
ClassicGumtree,21,9,17,1,0,3,0,0,341,3,0,0.7,,400,,,,,1,,,
ClassicGumtree,21,9,17,1,0,3,0,0,341,3,0,0.7,,500,,,,,1,,,
ClassicGumtree,21,9,17,1,0,3,0,0,341,3,0,0.7,,600,,,,,1,,,
ClassicGumtree,21,9,17,1,0,3,0,0,342,3,0,0.7,,700,,,,,1,,,
ClassicGumtree,21,9,17,1,0,3,0,0,341,3,0,0.7,,800,,,,,1,,,
ClassicGumtree,21,9,17,1,0,3,0,0,342,3,0,0.7,,900,,,,,1,,,
ClassicGumtree,21,9,17,1,0,3,0,0,342,3,0,0.7,,1000,,,,,1,,,
ClassicGumtree,21,9,17,1,0,3,0,0,341,3,0,0.7,,1100,,,,,1,,,
ClassicGumtree,21,9,17,1,0,3,0,0,344,3,0,0.7,,1200,,,,,1,,,
ClassicGumtree,21,9,17,1,0,3,0,0,341,3,0,0.7,,1300,,,,,1,,,
ClassicGumtree,21,9,17,1,0,3,0,0,342,3,0,0.7,,1400,,,,,1,,,
ClassicGumtree,21,9,17,1,0,3,0,0,342,3,0,0.7,,1500,,,,,1,,,
ClassicGumtree,21,9,17,1,0,3,0,0,342,3,0,0.7,,1600,,,,,1,,,
ClassicGumtree,21,9,17,1,0,3,0,0,342,3,0,0.7,,1700,,,,,1,,,
ClassicGumtree,21,9,17,1,0,3,0,0,342,3,0,0.7,,1800,,,,,1,,,
ClassicGumtree,21,9,17,1,0,3,0,0,343,3,0,0.7,,1900,,,,,1,,,
ClassicGumtree,21,9,17,1,0,3,0,0,341,3,0,0.7,,2000,,,,,1,,,
ClassicGumtree,109,34,61,45,0,3,0,0,12,3,0,0.7,,100,,,,,2,,,
ClassicGumtree,29,13,21,5,0,3,0,0,74,3,0,0.7,,200,,,,,2,,,
ClassicGumtree,29,13,21,5,0,3,0,0,74,3,0,0.7,,300,,,,,2,,,
ClassicGumtree,21,9,17,1,0,3,0,0,341,3,0,0.7,,400,,,,,2,,,
ClassicGumtree,21,9,17,1,0,3,0,0,341,3,0,0.7,,500,,,,,2,,,
ClassicGumtree,21,9,17,1,0,3,0,0,341,3,0,0.7,,600,,,,,2,,,
ClassicGumtree,21,9,17,1,0,3,0,0,341,3,0,0.7,,700,,,,,2,,,
ClassicGumtree,21,9,17,1,0,3,0,0,341,3,0,0.7,,800,,,,,2,,,
ClassicGumtree,21,9,17,1,0,3,0,0,341,3,0,0.7,,900,,,,,2,,,
ClassicGumtree,21,9,17,1,0,3,0,0,341,3,0,0.7,,1000,,,,,2,,,
ClassicGumtree,21,9,17,1,0,3,0,0,341,3,0,0.7,,1100,,,,,2,,,
ClassicGumtree,21,9,17,1,0,3,0,0,342,3,0,0.7,,1200,,,,,2,,,
ClassicGumtree,21,9,17,1,0,3,0,0,342,3,0,0.7,,1300,,,,,2,,,
ClassicGumtree,21,9,17,1,0,3,0,0,342,3,0,0.7,,1400,,,,,2,,,
ClassicGumtree,21,9,17,1,0,3,0,0,341,3,0,0.7,,1500,,,,,2,,,
ClassicGumtree,21,9,17,1,0,3,0,0,342,3,0,0.7,,1600,,,,,2,,,
ClassicGumtree,21,9,17,1,0,3,0,0,341,3,0,0.7,,1700,,,,,2,,,
ClassicGumtree,21,9,17,1,0,3,0,0,342,3,0,0.7,,1800,,,,,2,,,
ClassicGumtree,21,9,17,1,0,3,0,0,341,3,0,0.7,,1900,,,,,2,,,
ClassicGumtree,21,9,17,1,0,3,0,0,341,3,0,0.7,,2000,,,,,2,,,
ClassicGumtree,134,37,74,58,0,2,0,0,12,3,0,0.7,,100,,,,,3,,,
ClassicGumtree,39,15,26,10,0,3,0,0,73,3,0,0.7,,200,,,,,3,,,
ClassicGumtree,39,15,26,10,0,3,0,0,72,3,0,0.7,,300,,,,,3,,,
ClassicGumtree,21,9,17,1,0,3,0,0,343,3,0,0.7,,400,,,,,3,,,
ClassicGumtree,21,9,17,1,0,3,0,0,341,3,0,0.7,,500,,,,,3,,,
ClassicGumtree,21,9,17,1,0,3,0,0,341,3,0,0.7,,600,,,,,3,,,
ClassicGumtree,21,9,17,1,0,3,0,0,340,3,0,0.7,,700,,,,,3,,,
ClassicGumtree,21,9,17,1,0,3,0,0,341,3,0,0.7,,800,,,,,3,,,
ClassicGumtree,21,9,17,1,0,3,0,0,341,3,0,0.7,,900,,,,,3,,,
ClassicGumtree,21,9,17,1,0,3,0,0,341,3,0,0.7,,1000,,,,,3,,,
ClassicGumtree,21,9,17,1,0,3,0,0,341,3,0,0.7,,1100,,,,,3,,,
ClassicGumtree,21,9,17,1,0,3,0,0,341,3,0,0.7,,1200,,,,,3,,,
ClassicGumtree,21,9,17,1,0,3,0,0,341,3,0,0.7,,1300,,,,,3,,,
ClassicGumtree,21,9,17,1,0,3,0,0,343,3,0,0.7,,1400,,,,,3,,,
ClassicGumtree,21,9,17,1,0,3,0,0,345,3,0,0.7,,1500,,,,,3,,,
ClassicGumtree,21,9,17,1,0,3,0,0,343,3,0,0.7,,1600,,,,,3,,,
ClassicGumtree,21,9,17,1,0,3,0,0,344,3,0,0.7,,1700,,,,,3,,,
ClassicGumtree,21,9,17,1,0,3,0,0,343,3,0,0.7,,1800,,,,,3,,,
ClassicGumtree,21,9,17,1,0,3,0,0,343,3,0,0.7,,1900,,,,,3,,,
ClassicGumtree,21,9,17,1,0,3,0,0,343,3,0,0.7,,2000,,,,,3,,,
ClassicGumtree,148,25,81,65,0,2,0,0,11,3,0,0.7,,100,,,,,4,,,
ClassicGumtree,39,15,26,10,0,3,0,0,76,3,0,0.7,,200,,,,,4,,,
ClassicGumtree,39,15,26,10,0,3,0,0,76,3,0,0.7,,300,,,,,4,,,
ClassicGumtree,21,9,17,1,0,3,0,0,343,3,0,0.7,,400,,,,,4,,,
ClassicGumtree,21,9,17,1,0,3,0,0,340,3,0,0.7,,500,,,,,4,,,
ClassicGumtree,21,9,17,1,0,3,0,0,344,3,0,0.7,,600,,,,,4,,,
ClassicGumtree,21,9,17,1,0,3,0,0,341,3,0,0.7,,700,,,,,4,,,
ClassicGumtree,21,9,17,1,0,3,0,0,342,3,0,0.7,,800,,,,,4,,,
ClassicGumtree,21,9,17,1,0,3,0,0,341,3,0,0.7,,900,,,,,4,,,
ClassicGumtree,21,9,17,1,0,3,0,0,340,3,0,0.7,,1000,,,,,4,,,
ClassicGumtree,21,9,17,1,0,3,0,0,341,3,0,0.7,,1100,,,,,4,,,
ClassicGumtree,21,9,17,1,0,3,0,0,341,3,0,0.7,,1200,,,,,4,,,
ClassicGumtree,21,9,17,1,0,3,0,0,341,3,0,0.7,,1300,,,,,4,,,
ClassicGumtree,21,9,17,1,0,3,0,0,341,3,0,0.7,,1400,,,,,4,,,
ClassicGumtree,21,9,17,1,0,3,0,0,341,3,0,0.7,,1500,,,,,4,,,
ClassicGumtree,21,9,17,1,0,3,0,0,341,3,0,0.7,,1600,,,,,4,,,
ClassicGumtree,21,9,17,1,0,3,0,0,340,3,0,0.7,,1700,,,,,4,,,
ClassicGumtree,21,9,17,1,0,3,0,0,341,3,0,0.7,,1800,,,,,4,,,
ClassicGumtree,21,9,17,1,0,3,0,0,341,3,0,0.7,,1900,,,,,4,,,
ClassicGumtree,21,9,17,1,0,3,0,0,341,3,0,0.7,,2000,,,,,4,,,
ClassicGumtree,172,27,93,77,0,2,0,0,11,3,0,0.7,,100,,,,,5,,,
ClassicGumtree,63,17,38,22,0,3,0,0,73,3,0,0.7,,200,,,,,5,,,
ClassicGumtree,63,17,38,22,0,3,0,0,73,3,0,0.7,,300,,,,,5,,,
ClassicGumtree,21,9,17,1,0,3,0,0,341,3,0,0.7,,400,,,,,5,,,
ClassicGumtree,21,9,17,1,0,3,0,0,341,3,0,0.7,,500,,,,,5,,,
ClassicGumtree,21,9,17,1,0,3,0,0,346,3,0,0.7,,600,,,,,5,,,
ClassicGumtree,21,9,17,1,0,3,0,0,343,3,0,0.7,,700,,,,,5,,,
ClassicGumtree,21,9,17,1,0,3,0,0,341,3,0,0.7,,800,,,,,5,,,
ClassicGumtree,21,9,17,1,0,3,0,0,340,3,0,0.7,,900,,,,,5,,,
ClassicGumtree,21,9,17,1,0,3,0,0,341,3,0,0.7,,1000,,,,,5,,,
ClassicGumtree,21,9,17,1,0,3,0,0,342,3,0,0.7,,1100,,,,,5,,,
ClassicGumtree,21,9,17,1,0,3,0,0,340,3,0,0.7,,1200,,,,,5,,,
ClassicGumtree,21,9,17,1,0,3,0,0,340,3,0,0.7,,1300,,,,,5,,,
ClassicGumtree,21,9,17,1,0,3,0,0,340,3,0,0.7,,1400,,,,,5,,,
ClassicGumtree,21,9,17,1,0,3,0,0,340,3,0,0.7,,1500,,,,,5,,,
ClassicGumtree,21,9,17,1,0,3,0,0,342,3,0,0.7,,1600,,,,,5,,,
ClassicGumtree,21,9,17,1,0,3,0,0,340,3,0,0.7,,1700,,,,,5,,,
ClassicGumtree,21,9,17,1,0,3,0,0,340,3,0,0.7,,1800,,,,,5,,,
ClassicGumtree,21,9,17,1,0,3,0,0,340,3,0,0.7,,1900,,,,,5,,,
ClassicGumtree,21,9,17,1,0,3,0,0,341,3,0,0.7,,2000,,,,,5,,,
ClassicGumtree,52,11,32,16,0,4,0,0,12,3,0,0.799,,100,,,,,1,,,
ClassicGumtree,21,9,17,1,0,3,0,0,74,3,0,0.799,,200,,,,,1,,,
ClassicGumtree,21,9,17,1,0,3,0,0,74,3,0,0.799,,300,,,,,1,,,
ClassicGumtree,21,9,17,1,0,3,0,0,342,3,0,0.799,,400,,,,,1,,,
ClassicGumtree,21,9,17,1,0,3,0,0,341,3,0,0.799,,500,,,,,1,,,
ClassicGumtree,21,9,17,1,0,3,0,0,342,3,0,0.799,,600,,,,,1,,,
ClassicGumtree,21,9,17,1,0,3,0,0,342,3,0,0.799,,700,,,,,1,,,
ClassicGumtree,21,9,17,1,0,3,0,0,342,3,0,0.799,,800,,,,,1,,,
ClassicGumtree,21,9,17,1,0,3,0,0,345,3,0,0.799,,900,,,,,1,,,
ClassicGumtree,21,9,17,1,0,3,0,0,342,3,0,0.799,,1000,,,,,1,,,
ClassicGumtree,21,9,17,1,0,3,0,0,342,3,0,0.799,,1100,,,,,1,,,
ClassicGumtree,21,9,17,1,0,3,0,0,342,3,0,0.799,,1200,,,,,1,,,
ClassicGumtree,21,9,17,1,0,3,0,0,341,3,0,0.799,,1300,,,,,1,,,
ClassicGumtree,21,9,17,1,0,3,0,0,341,3,0,0.799,,1400,,,,,1,,,
ClassicGumtree,21,9,17,1,0,3,0,0,341,3,0,0.799,,1500,,,,,1,,,
ClassicGumtree,21,9,17,1,0,3,0,0,343,3,0,0.799,,1600,,,,,1,,,
ClassicGumtree,21,9,17,1,0,3,0,0,341,3,0,0.799,,1700,,,,,1,,,
ClassicGumtree,21,9,17,1,0,3,0,0,341,3,0,0.799,,1800,,,,,1,,,
ClassicGumtree,21,9,17,1,0,3,0,0,342,3,0,0.799,,1900,,,,,1,,,
ClassicGumtree,21,9,17,1,0,3,0,0,343,3,0,0.799,,2000,,,,,1,,,
ClassicGumtree,112,23,62,46,0,4,0,0,12,3,0,0.799,,100,,,,,2,,,
ClassicGumtree,29,13,21,5,0,3,0,0,74,3,0,0.799,,200,,,,,2,,,
ClassicGumtree,29,13,21,5,0,3,0,0,74,3,0,0.799,,300,,,,,2,,,
ClassicGumtree,21,9,17,1,0,3,0,0,341,3,0,0.799,,400,,,,,2,,,
ClassicGumtree,21,9,17,1,0,3,0,0,341,3,0,0.799,,500,,,,,2,,,
ClassicGumtree,21,9,17,1,0,3,0,0,341,3,0,0.799,,600,,,,,2,,,
ClassicGumtree,21,9,17,1,0,3,0,0,342,3,0,0.799,,700,,,,,2,,,
ClassicGumtree,21,9,17,1,0,3,0,0,342,3,0,0.799,,800,,,,,2,,,
ClassicGumtree,21,9,17,1,0,3,0,0,342,3,0,0.799,,900,,,,,2,,,
ClassicGumtree,21,9,17,1,0,3,0,0,347,3,0,0.799,,1000,,,,,2,,,
ClassicGumtree,21,9,17,1,0,3,0,0,345,3,0,0.799,,1100,,,,,2,,,
ClassicGumtree,21,9,17,1,0,3,0,0,344,3,0,0.799,,1200,,,,,2,,,
ClassicGumtree,21,9,17,1,0,3,0,0,345,3,0,0.799,,1300,,,,,2,,,
ClassicGumtree,21,9,17,1,0,3,0,0,345,3,0,0.799,,1400,,,,,2,,,
ClassicGumtree,21,9,17,1,0,3,0,0,345,3,0,0.799,,1500,,,,,2,,,
ClassicGumtree,21,9,17,1,0,3,0,0,345,3,0,0.799,,1600,,,,,2,,,
ClassicGumtree,21,9,17,1,0,3,0,0,344,3,0,0.799,,1700,,,,,2,,,
ClassicGumtree,21,9,17,1,0,3,0,0,344,3,0,0.799,,1800,,,,,2,,,
ClassicGumtree,21,9,17,1,0,3,0,0,346,3,0,0.799,,1900,,,,,2,,,
ClassicGumtree,21,9,17,1,0,3,0,0,341,3,0,0.799,,2000,,,,,2,,,
ClassicGumtree,202,8,106,90,0,6,0,0,1,3,0,0.799,,100,,,,,3,,,
ClassicGumtree,202,8,106,90,0,6,0,0,0,3,0,0.799,,200,,,,,3,,,
ClassicGumtree,202,8,106,90,0,6,0,0,1,3,0,0.799,,300,,,,,3,,,
ClassicGumtree,21,9,17,1,0,3,0,0,135,3,0,0.799,,400,,,,,3,,,
ClassicGumtree,21,9,17,1,0,3,0,0,135,3,0,0.799,,500,,,,,3,,,
ClassicGumtree,21,9,17,1,0,3,0,0,135,3,0,0.799,,600,,,,,3,,,
ClassicGumtree,21,9,17,1,0,3,0,0,134,3,0,0.799,,700,,,,,3,,,
ClassicGumtree,21,9,17,1,0,3,0,0,134,3,0,0.799,,800,,,,,3,,,
ClassicGumtree,21,9,17,1,0,3,0,0,135,3,0,0.799,,900,,,,,3,,,
ClassicGumtree,21,9,17,1,0,3,0,0,134,3,0,0.799,,1000,,,,,3,,,
ClassicGumtree,21,9,17,1,0,3,0,0,134,3,0,0.799,,1100,,,,,3,,,
ClassicGumtree,21,9,17,1,0,3,0,0,134,3,0,0.799,,1200,,,,,3,,,
ClassicGumtree,21,9,17,1,0,3,0,0,135,3,0,0.799,,1300,,,,,3,,,
ClassicGumtree,21,9,17,1,0,3,0,0,135,3,0,0.799,,1400,,,,,3,,,
ClassicGumtree,21,9,17,1,0,3,0,0,135,3,0,0.799,,1500,,,,,3,,,
ClassicGumtree,21,9,17,1,0,3,0,0,135,3,0,0.799,,1600,,,,,3,,,
ClassicGumtree,21,9,17,1,0,3,0,0,134,3,0,0.799,,1700,,,,,3,,,
ClassicGumtree,21,9,17,1,0,3,0,0,134,3,0,0.799,,1800,,,,,3,,,
ClassicGumtree,21,9,17,1,0,3,0,0,135,3,0,0.799,,1900,,,,,3,,,
ClassicGumtree,21,9,17,1,0,3,0,0,135,3,0,0.799,,2000,,,,,3,,,
ClassicGumtree,213,7,112,96,0,5,0,0,1,3,0,0.799,,100,,,,,4,,,
ClassicGumtree,213,7,112,96,0,5,0,0,1,3,0,0.799,,200,,,,,4,,,
ClassicGumtree,213,7,112,96,0,5,0,0,1,3,0,0.799,,300,,,,,4,,,
ClassicGumtree,21,9,17,1,0,3,0,0,134,3,0,0.799,,400,,,,,4,,,
ClassicGumtree,21,9,17,1,0,3,0,0,135,3,0,0.799,,500,,,,,4,,,
ClassicGumtree,21,9,17,1,0,3,0,0,134,3,0,0.799,,600,,,,,4,,,
ClassicGumtree,21,9,17,1,0,3,0,0,134,3,0,0.799,,700,,,,,4,,,
ClassicGumtree,21,9,17,1,0,3,0,0,135,3,0,0.799,,800,,,,,4,,,
ClassicGumtree,21,9,17,1,0,3,0,0,134,3,0,0.799,,900,,,,,4,,,
ClassicGumtree,21,9,17,1,0,3,0,0,135,3,0,0.799,,1000,,,,,4,,,
ClassicGumtree,21,9,17,1,0,3,0,0,135,3,0,0.799,,1100,,,,,4,,,
ClassicGumtree,21,9,17,1,0,3,0,0,135,3,0,0.799,,1200,,,,,4,,,
ClassicGumtree,21,9,17,1,0,3,0,0,136,3,0,0.799,,1300,,,,,4,,,
ClassicGumtree,21,9,17,1,0,3,0,0,135,3,0,0.799,,1400,,,,,4,,,
ClassicGumtree,21,9,17,1,0,3,0,0,135,3,0,0.799,,1500,,,,,4,,,
ClassicGumtree,21,9,17,1,0,3,0,0,135,3,0,0.799,,1600,,,,,4,,,
ClassicGumtree,21,9,17,1,0,3,0,0,135,3,0,0.799,,1700,,,,,4,,,
ClassicGumtree,21,9,17,1,0,3,0,0,135,3,0,0.799,,1800,,,,,4,,,
ClassicGumtree,21,9,17,1,0,3,0,0,135,3,0,0.799,,1900,,,,,4,,,
ClassicGumtree,21,9,17,1,0,3,0,0,134,3,0,0.799,,2000,,,,,4,,,
ClassicGumtree,236,6,124,108,0,4,0,0,1,3,0,0.799,,100,,,,,5,,,
ClassicGumtree,236,6,124,108,0,4,0,0,0,3,0,0.799,,200,,,,,5,,,
ClassicGumtree,236,6,124,108,0,4,0,0,1,3,0,0.799,,300,,,,,5,,,
ClassicGumtree,21,9,17,1,0,3,0,0,135,3,0,0.799,,400,,,,,5,,,
ClassicGumtree,21,9,17,1,0,3,0,0,134,3,0,0.799,,500,,,,,5,,,
ClassicGumtree,21,9,17,1,0,3,0,0,134,3,0,0.799,,600,,,,,5,,,
ClassicGumtree,21,9,17,1,0,3,0,0,134,3,0,0.799,,700,,,,,5,,,
ClassicGumtree,21,9,17,1,0,3,0,0,134,3,0,0.799,,800,,,,,5,,,
ClassicGumtree,21,9,17,1,0,3,0,0,134,3,0,0.799,,900,,,,,5,,,
ClassicGumtree,21,9,17,1,0,3,0,0,134,3,0,0.799,,1000,,,,,5,,,
ClassicGumtree,21,9,17,1,0,3,0,0,134,3,0,0.799,,1100,,,,,5,,,
ClassicGumtree,21,9,17,1,0,3,0,0,135,3,0,0.799,,1200,,,,,5,,,
ClassicGumtree,21,9,17,1,0,3,0,0,135,3,0,0.799,,1300,,,,,5,,,
ClassicGumtree,21,9,17,1,0,3,0,0,135,3,0,0.799,,1400,,,,,5,,,
ClassicGumtree,21,9,17,1,0,3,0,0,135,3,0,0.799,,1500,,,,,5,,,
ClassicGumtree,21,9,17,1,0,3,0,0,135,3,0,0.799,,1600,,,,,5,,,
ClassicGumtree,21,9,17,1,0,3,0,0,135,3,0,0.799,,1700,,,,,5,,,
ClassicGumtree,21,9,17,1,0,3,0,0,134,3,0,0.799,,1800,,,,,5,,,
ClassicGumtree,21,9,17,1,0,3,0,0,135,3,0,0.799,,1900,,,,,5,,,
ClassicGumtree,21,9,17,1,0,3,0,0,135,3,0,0.799,,2000,,,,,5,,,
ClassicGumtree,64,17,34,18,0,12,0,0,12,3,0,0.899,,100,,,,,1,,,
ClassicGumtree,62,15,33,17,0,12,0,0,24,3,0,0.899,,200,,,,,1,,,
ClassicGumtree,62,15,33,17,0,12,0,0,24,3,0,0.899,,300,,,,,1,,,
ClassicGumtree,21,9,17,1,0,3,0,0,293,3,0,0.899,,400,,,,,1,,,
ClassicGumtree,21,9,17,1,0,3,0,0,292,3,0,0.899,,500,,,,,1,,,
ClassicGumtree,21,9,17,1,0,3,0,0,292,3,0,0.899,,600,,,,,1,,,
ClassicGumtree,21,9,17,1,0,3,0,0,292,3,0,0.899,,700,,,,,1,,,
ClassicGumtree,21,9,17,1,0,3,0,0,292,3,0,0.899,,800,,,,,1,,,
ClassicGumtree,21,9,17,1,0,3,0,0,292,3,0,0.899,,900,,,,,1,,,
ClassicGumtree,21,9,17,1,0,3,0,0,292,3,0,0.899,,1000,,,,,1,,,
ClassicGumtree,21,9,17,1,0,3,0,0,293,3,0,0.899,,1100,,,,,1,,,
ClassicGumtree,21,9,17,1,0,3,0,0,292,3,0,0.899,,1200,,,,,1,,,
ClassicGumtree,21,9,17,1,0,3,0,0,292,3,0,0.899,,1300,,,,,1,,,
ClassicGumtree,21,9,17,1,0,3,0,0,293,3,0,0.899,,1400,,,,,1,,,
ClassicGumtree,21,9,17,1,0,3,0,0,292,3,0,0.899,,1500,,,,,1,,,
ClassicGumtree,21,9,17,1,0,3,0,0,292,3,0,0.899,,1600,,,,,1,,,
ClassicGumtree,21,9,17,1,0,3,0,0,292,3,0,0.899,,1700,,,,,1,,,
ClassicGumtree,21,9,17,1,0,3,0,0,296,3,0,0.899,,1800,,,,,1,,,
ClassicGumtree,21,9,17,1,0,3,0,0,292,3,0,0.899,,1900,,,,,1,,,
ClassicGumtree,21,9,17,1,0,3,0,0,292,3,0,0.899,,2000,,,,,1,,,
ClassicGumtree,122,23,64,48,0,10,0,0,11,3,0,0.899,,100,,,,,2,,,
ClassicGumtree,102,13,54,38,0,10,0,0,25,3,0,0.899,,200,,,,,2,,,
ClassicGumtree,102,13,54,38,0,10,0,0,24,3,0,0.899,,300,,,,,2,,,
ClassicGumtree,21,9,17,1,0,3,0,0,158,3,0,0.899,,400,,,,,2,,,
ClassicGumtree,21,9,17,1,0,3,0,0,159,3,0,0.899,,500,,,,,2,,,
ClassicGumtree,21,9,17,1,0,3,0,0,158,3,0,0.899,,600,,,,,2,,,
ClassicGumtree,21,9,17,1,0,3,0,0,158,3,0,0.899,,700,,,,,2,,,
ClassicGumtree,21,9,17,1,0,3,0,0,158,3,0,0.899,,800,,,,,2,,,
ClassicGumtree,21,9,17,1,0,3,0,0,162,3,0,0.899,,900,,,,,2,,,
ClassicGumtree,21,9,17,1,0,3,0,0,158,3,0,0.899,,1000,,,,,2,,,
ClassicGumtree,21,9,17,1,0,3,0,0,158,3,0,0.899,,1100,,,,,2,,,
ClassicGumtree,21,9,17,1,0,3,0,0,159,3,0,0.899,,1200,,,,,2,,,
ClassicGumtree,21,9,17,1,0,3,0,0,158,3,0,0.899,,1300,,,,,2,,,
ClassicGumtree,21,9,17,1,0,3,0,0,159,3,0,0.899,,1400,,,,,2,,,
ClassicGumtree,21,9,17,1,0,3,0,0,162,3,0,0.899,,1500,,,,,2,,,
ClassicGumtree,21,9,17,1,0,3,0,0,158,3,0,0.899,,1600,,,,,2,,,
ClassicGumtree,21,9,17,1,0,3,0,0,158,3,0,0.899,,1700,,,,,2,,,
ClassicGumtree,21,9,17,1,0,3,0,0,158,3,0,0.899,,1800,,,,,2,,,
ClassicGumtree,21,9,17,1,0,3,0,0,158,3,0,0.899,,1900,,,,,2,,,
ClassicGumtree,21,9,17,1,0,3,0,0,159,3,0,0.899,,2000,,,,,2,,,
ClassicGumtree,202,8,106,90,0,6,0,0,1,3,0,0.899,,100,,,,,3,,,
ClassicGumtree,202,8,106,90,0,6,0,0,1,3,0,0.899,,200,,,,,3,,,
ClassicGumtree,202,8,106,90,0,6,0,0,1,3,0,0.899,,300,,,,,3,,,
ClassicGumtree,21,9,17,1,0,3,0,0,134,3,0,0.899,,400,,,,,3,,,
ClassicGumtree,21,9,17,1,0,3,0,0,134,3,0,0.899,,500,,,,,3,,,
ClassicGumtree,21,9,17,1,0,3,0,0,134,3,0,0.899,,600,,,,,3,,,
ClassicGumtree,21,9,17,1,0,3,0,0,134,3,0,0.899,,700,,,,,3,,,
ClassicGumtree,21,9,17,1,0,3,0,0,139,3,0,0.899,,800,,,,,3,,,
ClassicGumtree,21,9,17,1,0,3,0,0,134,3,0,0.899,,900,,,,,3,,,
ClassicGumtree,21,9,17,1,0,3,0,0,135,3,0,0.899,,1000,,,,,3,,,
ClassicGumtree,21,9,17,1,0,3,0,0,135,3,0,0.899,,1100,,,,,3,,,
ClassicGumtree,21,9,17,1,0,3,0,0,135,3,0,0.899,,1200,,,,,3,,,
ClassicGumtree,21,9,17,1,0,3,0,0,135,3,0,0.899,,1300,,,,,3,,,
ClassicGumtree,21,9,17,1,0,3,0,0,135,3,0,0.899,,1400,,,,,3,,,
ClassicGumtree,21,9,17,1,0,3,0,0,135,3,0,0.899,,1500,,,,,3,,,
ClassicGumtree,21,9,17,1,0,3,0,0,135,3,0,0.899,,1600,,,,,3,,,
ClassicGumtree,21,9,17,1,0,3,0,0,135,3,0,0.899,,1700,,,,,3,,,
ClassicGumtree,21,9,17,1,0,3,0,0,135,3,0,0.899,,1800,,,,,3,,,
ClassicGumtree,21,9,17,1,0,3,0,0,135,3,0,0.899,,1900,,,,,3,,,
ClassicGumtree,21,9,17,1,0,3,0,0,134,3,0,0.899,,2000,,,,,3,,,
ClassicGumtree,213,7,112,96,0,5,0,0,0,3,0,0.899,,100,,,,,4,,,
ClassicGumtree,213,7,112,96,0,5,0,0,1,3,0,0.899,,200,,,,,4,,,
ClassicGumtree,213,7,112,96,0,5,0,0,1,3,0,0.899,,300,,,,,4,,,
ClassicGumtree,21,9,17,1,0,3,0,0,135,3,0,0.899,,400,,,,,4,,,
ClassicGumtree,21,9,17,1,0,3,0,0,135,3,0,0.899,,500,,,,,4,,,
ClassicGumtree,21,9,17,1,0,3,0,0,135,3,0,0.899,,600,,,,,4,,,
ClassicGumtree,21,9,17,1,0,3,0,0,134,3,0,0.899,,700,,,,,4,,,
ClassicGumtree,21,9,17,1,0,3,0,0,135,3,0,0.899,,800,,,,,4,,,
ClassicGumtree,21,9,17,1,0,3,0,0,135,3,0,0.899,,900,,,,,4,,,
ClassicGumtree,21,9,17,1,0,3,0,0,134,3,0,0.899,,1000,,,,,4,,,
ClassicGumtree,21,9,17,1,0,3,0,0,135,3,0,0.899,,1100,,,,,4,,,
ClassicGumtree,21,9,17,1,0,3,0,0,135,3,0,0.899,,1200,,,,,4,,,
ClassicGumtree,21,9,17,1,0,3,0,0,135,3,0,0.899,,1300,,,,,4,,,
ClassicGumtree,21,9,17,1,0,3,0,0,134,3,0,0.899,,1400,,,,,4,,,
ClassicGumtree,21,9,17,1,0,3,0,0,134,3,0,0.899,,1500,,,,,4,,,
ClassicGumtree,21,9,17,1,0,3,0,0,134,3,0,0.899,,1600,,,,,4,,,
ClassicGumtree,21,9,17,1,0,3,0,0,135,3,0,0.899,,1700,,,,,4,,,
ClassicGumtree,21,9,17,1,0,3,0,0,134,3,0,0.899,,1800,,,,,4,,,
ClassicGumtree,21,9,17,1,0,3,0,0,135,3,0,0.899,,1900,,,,,4,,,
ClassicGumtree,21,9,17,1,0,3,0,0,135,3,0,0.899,,2000,,,,,4,,,
ClassicGumtree,236,6,124,108,0,4,0,0,1,3,0,0.899,,100,,,,,5,,,
ClassicGumtree,236,6,124,108,0,4,0,0,0,3,0,0.899,,200,,,,,5,,,
ClassicGumtree,236,6,124,108,0,4,0,0,1,3,0,0.899,,300,,,,,5,,,
ClassicGumtree,21,9,17,1,0,3,0,0,135,3,0,0.899,,400,,,,,5,,,
ClassicGumtree,21,9,17,1,0,3,0,0,134,3,0,0.899,,500,,,,,5,,,
ClassicGumtree,21,9,17,1,0,3,0,0,135,3,0,0.899,,600,,,,,5,,,
ClassicGumtree,21,9,17,1,0,3,0,0,135,3,0,0.899,,700,,,,,5,,,
ClassicGumtree,21,9,17,1,0,3,0,0,135,3,0,0.899,,800,,,,,5,,,
ClassicGumtree,21,9,17,1,0,3,0,0,135,3,0,0.899,,900,,,,,5,,,
ClassicGumtree,21,9,17,1,0,3,0,0,134,3,0,0.899,,1000,,,,,5,,,
ClassicGumtree,21,9,17,1,0,3,0,0,135,3,0,0.899,,1100,,,,,5,,,
ClassicGumtree,21,9,17,1,0,3,0,0,135,3,0,0.899,,1200,,,,,5,,,
ClassicGumtree,21,9,17,1,0,3,0,0,135,3,0,0.899,,1300,,,,,5,,,
ClassicGumtree,21,9,17,1,0,3,0,0,135,3,0,0.899,,1400,,,,,5,,,
ClassicGumtree,21,9,17,1,0,3,0,0,135,3,0,0.899,,1500,,,,,5,,,
ClassicGumtree,21,9,17,1,0,3,0,0,134,3,0,0.899,,1600,,,,,5,,,
ClassicGumtree,21,9,17,1,0,3,0,0,137,3,0,0.899,,1700,,,,,5,,,
ClassicGumtree,21,9,17,1,0,3,0,0,138,3,0,0.899,,1800,,,,,5,,,
ClassicGumtree,21,9,17,1,0,3,0,0,137,3,0,0.899,,1900,,,,,5,,,
ClassicGumtree,21,9,17,1,0,3,0,0,138,3,0,0.899,,2000,,,,,5,,,
ClassicGumtree,92,30,40,24,0,28,0,0,1,3,0,0.999,,100,,,,,1,,,
ClassicGumtree,92,30,40,24,0,28,0,0,1,3,0,0.999,,200,,,,,1,,,
ClassicGumtree,92,30,40,24,0,28,0,0,0,3,0,0.999,,300,,,,,1,,,
ClassicGumtree,21,9,17,1,0,3,0,0,138,3,0,0.999,,400,,,,,1,,,
ClassicGumtree,21,9,17,1,0,3,0,0,138,3,0,0.999,,500,,,,,1,,,
ClassicGumtree,21,9,17,1,0,3,0,0,137,3,0,0.999,,600,,,,,1,,,
ClassicGumtree,21,9,17,1,0,3,0,0,137,3,0,0.999,,700,,,,,1,,,
ClassicGumtree,21,9,17,1,0,3,0,0,137,3,0,0.999,,800,,,,,1,,,
ClassicGumtree,21,9,17,1,0,3,0,0,138,3,0,0.999,,900,,,,,1,,,
ClassicGumtree,21,9,17,1,0,3,0,0,135,3,0,0.999,,1000,,,,,1,,,
ClassicGumtree,21,9,17,1,0,3,0,0,135,3,0,0.999,,1100,,,,,1,,,
ClassicGumtree,21,9,17,1,0,3,0,0,135,3,0,0.999,,1200,,,,,1,,,
ClassicGumtree,21,9,17,1,0,3,0,0,135,3,0,0.999,,1300,,,,,1,,,
ClassicGumtree,21,9,17,1,0,3,0,0,135,3,0,0.999,,1400,,,,,1,,,
ClassicGumtree,21,9,17,1,0,3,0,0,135,3,0,0.999,,1500,,,,,1,,,
ClassicGumtree,21,9,17,1,0,3,0,0,135,3,0,0.999,,1600,,,,,1,,,
ClassicGumtree,21,9,17,1,0,3,0,0,135,3,0,0.999,,1700,,,,,1,,,
ClassicGumtree,21,9,17,1,0,3,0,0,135,3,0,0.999,,1800,,,,,1,,,
ClassicGumtree,21,9,17,1,0,3,0,0,135,3,0,0.999,,1900,,,,,1,,,
ClassicGumtree,21,9,17,1,0,3,0,0,135,3,0,0.999,,2000,,,,,1,,,
ClassicGumtree,140,16,71,55,0,14,0,0,0,3,0,0.999,,100,,,,,2,,,
ClassicGumtree,140,16,71,55,0,14,0,0,1,3,0,0.999,,200,,,,,2,,,
ClassicGumtree,140,16,71,55,0,14,0,0,1,3,0,0.999,,300,,,,,2,,,
ClassicGumtree,21,9,17,1,0,3,0,0,135,3,0,0.999,,400,,,,,2,,,
ClassicGumtree,21,9,17,1,0,3,0,0,138,3,0,0.999,,500,,,,,2,,,
ClassicGumtree,21,9,17,1,0,3,0,0,135,3,0,0.999,,600,,,,,2,,,
ClassicGumtree,21,9,17,1,0,3,0,0,135,3,0,0.999,,700,,,,,2,,,
ClassicGumtree,21,9,17,1,0,3,0,0,135,3,0,0.999,,800,,,,,2,,,
ClassicGumtree,21,9,17,1,0,3,0,0,135,3,0,0.999,,900,,,,,2,,,
ClassicGumtree,21,9,17,1,0,3,0,0,135,3,0,0.999,,1000,,,,,2,,,
ClassicGumtree,21,9,17,1,0,3,0,0,135,3,0,0.999,,1100,,,,,2,,,
ClassicGumtree,21,9,17,1,0,3,0,0,135,3,0,0.999,,1200,,,,,2,,,
ClassicGumtree,21,9,17,1,0,3,0,0,135,3,0,0.999,,1300,,,,,2,,,
ClassicGumtree,21,9,17,1,0,3,0,0,135,3,0,0.999,,1400,,,,,2,,,
ClassicGumtree,21,9,17,1,0,3,0,0,135,3,0,0.999,,1500,,,,,2,,,
ClassicGumtree,21,9,17,1,0,3,0,0,135,3,0,0.999,,1600,,,,,2,,,
ClassicGumtree,21,9,17,1,0,3,0,0,135,3,0,0.999,,1700,,,,,2,,,
ClassicGumtree,21,9,17,1,0,3,0,0,136,3,0,0.999,,1800,,,,,2,,,
ClassicGumtree,21,9,17,1,0,3,0,0,135,3,0,0.999,,1900,,,,,2,,,
ClassicGumtree,21,9,17,1,0,3,0,0,135,3,0,0.999,,2000,,,,,2,,,
ClassicGumtree,202,8,106,90,0,6,0,0,1,3,0,0.999,,100,,,,,3,,,
ClassicGumtree,202,8,106,90,0,6,0,0,0,3,0,0.999,,200,,,,,3,,,
ClassicGumtree,202,8,106,90,0,6,0,0,1,3,0,0.999,,300,,,,,3,,,
ClassicGumtree,21,9,17,1,0,3,0,0,135,3,0,0.999,,400,,,,,3,,,
ClassicGumtree,21,9,17,1,0,3,0,0,135,3,0,0.999,,500,,,,,3,,,
ClassicGumtree,21,9,17,1,0,3,0,0,135,3,0,0.999,,600,,,,,3,,,
ClassicGumtree,21,9,17,1,0,3,0,0,135,3,0,0.999,,700,,,,,3,,,
ClassicGumtree,21,9,17,1,0,3,0,0,134,3,0,0.999,,800,,,,,3,,,
ClassicGumtree,21,9,17,1,0,3,0,0,135,3,0,0.999,,900,,,,,3,,,
ClassicGumtree,21,9,17,1,0,3,0,0,134,3,0,0.999,,1000,,,,,3,,,
ClassicGumtree,21,9,17,1,0,3,0,0,135,3,0,0.999,,1100,,,,,3,,,
ClassicGumtree,21,9,17,1,0,3,0,0,135,3,0,0.999,,1200,,,,,3,,,
ClassicGumtree,21,9,17,1,0,3,0,0,134,3,0,0.999,,1300,,,,,3,,,
ClassicGumtree,21,9,17,1,0,3,0,0,135,3,0,0.999,,1400,,,,,3,,,
ClassicGumtree,21,9,17,1,0,3,0,0,134,3,0,0.999,,1500,,,,,3,,,
ClassicGumtree,21,9,17,1,0,3,0,0,134,3,0,0.999,,1600,,,,,3,,,
ClassicGumtree,21,9,17,1,0,3,0,0,137,3,0,0.999,,1700,,,,,3,,,
ClassicGumtree,21,9,17,1,0,3,0,0,135,3,0,0.999,,1800,,,,,3,,,
ClassicGumtree,21,9,17,1,0,3,0,0,134,3,0,0.999,,1900,,,,,3,,,
ClassicGumtree,21,9,17,1,0,3,0,0,135,3,0,0.999,,2000,,,,,3,,,
ClassicGumtree,213,7,112,96,0,5,0,0,1,3,0,0.999,,100,,,,,4,,,
ClassicGumtree,213,7,112,96,0,5,0,0,0,3,0,0.999,,200,,,,,4,,,
ClassicGumtree,213,7,112,96,0,5,0,0,1,3,0,0.999,,300,,,,,4,,,
ClassicGumtree,21,9,17,1,0,3,0,0,135,3,0,0.999,,400,,,,,4,,,
ClassicGumtree,21,9,17,1,0,3,0,0,134,3,0,0.999,,500,,,,,4,,,
ClassicGumtree,21,9,17,1,0,3,0,0,135,3,0,0.999,,600,,,,,4,,,
ClassicGumtree,21,9,17,1,0,3,0,0,135,3,0,0.999,,700,,,,,4,,,
ClassicGumtree,21,9,17,1,0,3,0,0,135,3,0,0.999,,800,,,,,4,,,
ClassicGumtree,21,9,17,1,0,3,0,0,135,3,0,0.999,,900,,,,,4,,,
ClassicGumtree,21,9,17,1,0,3,0,0,135,3,0,0.999,,1000,,,,,4,,,
ClassicGumtree,21,9,17,1,0,3,0,0,135,3,0,0.999,,1100,,,,,4,,,
ClassicGumtree,21,9,17,1,0,3,0,0,135,3,0,0.999,,1200,,,,,4,,,
ClassicGumtree,21,9,17,1,0,3,0,0,135,3,0,0.999,,1300,,,,,4,,,
ClassicGumtree,21,9,17,1,0,3,0,0,136,3,0,0.999,,1400,,,,,4,,,
ClassicGumtree,21,9,17,1,0,3,0,0,135,3,0,0.999,,1500,,,,,4,,,
ClassicGumtree,21,9,17,1,0,3,0,0,135,3,0,0.999,,1600,,,,,4,,,
ClassicGumtree,21,9,17,1,0,3,0,0,134,3,0,0.999,,1700,,,,,4,,,
ClassicGumtree,21,9,17,1,0,3,0,0,135,3,0,0.999,,1800,,,,,4,,,
ClassicGumtree,21,9,17,1,0,3,0,0,135,3,0,0.999,,1900,,,,,4,,,
ClassicGumtree,21,9,17,1,0,3,0,0,135,3,0,0.999,,2000,,,,,4,,,
ClassicGumtree,236,6,124,108,0,4,0,0,1,3,0,0.999,,100,,,,,5,,,
ClassicGumtree,236,6,124,108,0,4,0,0,0,3,0,0.999,,200,,,,,5,,,
ClassicGumtree,236,6,124,108,0,4,0,0,1,3,0,0.999,,300,,,,,5,,,
ClassicGumtree,21,9,17,1,0,3,0,0,135,3,0,0.999,,400,,,,,5,,,
ClassicGumtree,21,9,17,1,0,3,0,0,134,3,0,0.999,,500,,,,,5,,,
ClassicGumtree,21,9,17,1,0,3,0,0,134,3,0,0.999,,600,,,,,5,,,
ClassicGumtree,21,9,17,1,0,3,0,0,134,3,0,0.999,,700,,,,,5,,,
ClassicGumtree,21,9,17,1,0,3,0,0,135,3,0,0.999,,800,,,,,5,,,
ClassicGumtree,21,9,17,1,0,3,0,0,135,3,0,0.999,,900,,,,,5,,,
ClassicGumtree,21,9,17,1,0,3,0,0,135,3,0,0.999,,1000,,,,,5,,,
ClassicGumtree,21,9,17,1,0,3,0,0,134,3,0,0.999,,1100,,,,,5,,,
ClassicGumtree,21,9,17,1,0,3,0,0,134,3,0,0.999,,1200,,,,,5,,,
ClassicGumtree,21,9,17,1,0,3,0,0,133,3,0,0.999,,1300,,,,,5,,,
ClassicGumtree,21,9,17,1,0,3,0,0,131,3,0,0.999,,1400,,,,,5,,,
ClassicGumtree,21,9,17,1,0,3,0,0,131,3,0,0.999,,1500,,,,,5,,,
ClassicGumtree,21,9,17,1,0,3,0,0,131,3,0,0.999,,1600,,,,,5,,,
ClassicGumtree,21,9,17,1,0,3,0,0,130,3,0,0.999,,1700,,,,,5,,,
ClassicGumtree,21,9,17,1,0,3,0,0,128,3,0,0.999,,1800,,,,,5,,,
ClassicGumtree,21,9,17,1,0,3,0,0,125,3,0,0.999,,1900,,,,,5,,,
ClassicGumtree,21,9,17,1,0,3,0,0,123,3,0,0.999,,2000,,,,,5,,,
CompleteGumtreeMatcher,100,24,54,24,0,22,0,0,1,3,0,0.1,,100,,,,,1,,,
CompleteGumtreeMatcher,100,24,54,24,0,22,0,0,1,3,0,0.1,,200,,,,,1,,,
CompleteGumtreeMatcher,100,24,54,24,0,22,0,0,1,3,0,0.1,,300,,,,,1,,,
CompleteGumtreeMatcher,35,15,31,1,0,3,0,0,139,3,0,0.1,,400,,,,,1,,,
CompleteGumtreeMatcher,35,15,31,1,0,3,0,0,139,3,0,0.1,,500,,,,,1,,,
CompleteGumtreeMatcher,35,15,31,1,0,3,0,0,138,3,0,0.1,,600,,,,,1,,,
CompleteGumtreeMatcher,35,15,31,1,0,3,0,0,138,3,0,0.1,,700,,,,,1,,,
CompleteGumtreeMatcher,35,15,31,1,0,3,0,0,138,3,0,0.1,,800,,,,,1,,,
CompleteGumtreeMatcher,35,15,31,1,0,3,0,0,138,3,0,0.1,,900,,,,,1,,,
CompleteGumtreeMatcher,35,15,31,1,0,3,0,0,138,3,0,0.1,,1000,,,,,1,,,
CompleteGumtreeMatcher,35,15,31,1,0,3,0,0,138,3,0,0.1,,1100,,,,,1,,,
CompleteGumtreeMatcher,35,15,31,1,0,3,0,0,139,3,0,0.1,,1200,,,,,1,,,
CompleteGumtreeMatcher,35,15,31,1,0,3,0,0,139,3,0,0.1,,1300,,,,,1,,,
CompleteGumtreeMatcher,35,15,31,1,0,3,0,0,135,3,0,0.1,,1400,,,,,1,,,
CompleteGumtreeMatcher,35,15,31,1,0,3,0,0,135,3,0,0.1,,1500,,,,,1,,,
CompleteGumtreeMatcher,35,15,31,1,0,3,0,0,135,3,0,0.1,,1600,,,,,1,,,
CompleteGumtreeMatcher,35,15,31,1,0,3,0,0,135,3,0,0.1,,1700,,,,,1,,,
CompleteGumtreeMatcher,35,15,31,1,0,3,0,0,135,3,0,0.1,,1800,,,,,1,,,
CompleteGumtreeMatcher,35,15,31,1,0,3,0,0,135,3,0,0.1,,1900,,,,,1,,,
CompleteGumtreeMatcher,35,15,31,1,0,3,0,0,135,3,0,0.1,,2000,,,,,1,,,
CompleteGumtreeMatcher,140,16,71,55,0,14,0,0,1,3,0,0.1,,100,,,,,2,,,
CompleteGumtreeMatcher,140,16,71,55,0,14,0,0,0,3,0,0.1,,200,,,,,2,,,
CompleteGumtreeMatcher,140,16,71,55,0,14,0,0,0,3,0,0.1,,300,,,,,2,,,
CompleteGumtreeMatcher,21,9,17,1,0,3,0,0,134,3,0,0.1,,400,,,,,2,,,
CompleteGumtreeMatcher,21,9,17,1,0,3,0,0,136,3,0,0.1,,500,,,,,2,,,
CompleteGumtreeMatcher,21,9,17,1,0,3,0,0,135,3,0,0.1,,600,,,,,2,,,
CompleteGumtreeMatcher,21,9,17,1,0,3,0,0,134,3,0,0.1,,700,,,,,2,,,
CompleteGumtreeMatcher,21,9,17,1,0,3,0,0,134,3,0,0.1,,800,,,,,2,,,
CompleteGumtreeMatcher,21,9,17,1,0,3,0,0,134,3,0,0.1,,900,,,,,2,,,
CompleteGumtreeMatcher,21,9,17,1,0,3,0,0,134,3,0,0.1,,1000,,,,,2,,,
CompleteGumtreeMatcher,21,9,17,1,0,3,0,0,134,3,0,0.1,,1100,,,,,2,,,
CompleteGumtreeMatcher,21,9,17,1,0,3,0,0,135,3,0,0.1,,1200,,,,,2,,,
CompleteGumtreeMatcher,21,9,17,1,0,3,0,0,134,3,0,0.1,,1300,,,,,2,,,
CompleteGumtreeMatcher,21,9,17,1,0,3,0,0,137,3,0,0.1,,1400,,,,,2,,,
CompleteGumtreeMatcher,21,9,17,1,0,3,0,0,135,3,0,0.1,,1500,,,,,2,,,
CompleteGumtreeMatcher,21,9,17,1,0,3,0,0,135,3,0,0.1,,1600,,,,,2,,,
CompleteGumtreeMatcher,21,9,17,1,0,3,0,0,135,3,0,0.1,,1700,,,,,2,,,
CompleteGumtreeMatcher,21,9,17,1,0,3,0,0,135,3,0,0.1,,1800,,,,,2,,,
CompleteGumtreeMatcher,21,9,17,1,0,3,0,0,135,3,0,0.1,,1900,,,,,2,,,
CompleteGumtreeMatcher,21,9,17,1,0,3,0,0,135,3,0,0.1,,2000,,,,,2,,,
CompleteGumtreeMatcher,202,8,106,90,0,6,0,0,1,3,0,0.1,,100,,,,,3,,,
CompleteGumtreeMatcher,202,8,106,90,0,6,0,0,1,3,0,0.1,,200,,,,,3,,,
CompleteGumtreeMatcher,202,8,106,90,0,6,0,0,1,3,0,0.1,,300,,,,,3,,,
CompleteGumtreeMatcher,21,9,17,1,0,3,0,0,135,3,0,0.1,,400,,,,,3,,,
CompleteGumtreeMatcher,21,9,17,1,0,3,0,0,135,3,0,0.1,,500,,,,,3,,,
CompleteGumtreeMatcher,21,9,17,1,0,3,0,0,134,3,0,0.1,,600,,,,,3,,,
CompleteGumtreeMatcher,21,9,17,1,0,3,0,0,134,3,0,0.1,,700,,,,,3,,,
CompleteGumtreeMatcher,21,9,17,1,0,3,0,0,135,3,0,0.1,,800,,,,,3,,,
CompleteGumtreeMatcher,21,9,17,1,0,3,0,0,135,3,0,0.1,,900,,,,,3,,,
CompleteGumtreeMatcher,21,9,17,1,0,3,0,0,135,3,0,0.1,,1000,,,,,3,,,
CompleteGumtreeMatcher,21,9,17,1,0,3,0,0,136,3,0,0.1,,1100,,,,,3,,,
CompleteGumtreeMatcher,21,9,17,1,0,3,0,0,136,3,0,0.1,,1200,,,,,3,,,
CompleteGumtreeMatcher,21,9,17,1,0,3,0,0,136,3,0,0.1,,1300,,,,,3,,,
CompleteGumtreeMatcher,21,9,17,1,0,3,0,0,136,3,0,0.1,,1400,,,,,3,,,
CompleteGumtreeMatcher,21,9,17,1,0,3,0,0,136,3,0,0.1,,1500,,,,,3,,,
CompleteGumtreeMatcher,21,9,17,1,0,3,0,0,136,3,0,0.1,,1600,,,,,3,,,
CompleteGumtreeMatcher,21,9,17,1,0,3,0,0,136,3,0,0.1,,1700,,,,,3,,,
CompleteGumtreeMatcher,21,9,17,1,0,3,0,0,135,3,0,0.1,,1800,,,,,3,,,
CompleteGumtreeMatcher,21,9,17,1,0,3,0,0,136,3,0,0.1,,1900,,,,,3,,,
CompleteGumtreeMatcher,21,9,17,1,0,3,0,0,135,3,0,0.1,,2000,,,,,3,,,
CompleteGumtreeMatcher,213,7,112,96,0,5,0,0,0,3,0,0.1,,100,,,,,4,,,
CompleteGumtreeMatcher,213,7,112,96,0,5,0,0,0,3,0,0.1,,200,,,,,4,,,
CompleteGumtreeMatcher,213,7,112,96,0,5,0,0,0,3,0,0.1,,300,,,,,4,,,
CompleteGumtreeMatcher,21,9,17,1,0,3,0,0,135,3,0,0.1,,400,,,,,4,,,
CompleteGumtreeMatcher,21,9,17,1,0,3,0,0,135,3,0,0.1,,500,,,,,4,,,
CompleteGumtreeMatcher,21,9,17,1,0,3,0,0,136,3,0,0.1,,600,,,,,4,,,
CompleteGumtreeMatcher,21,9,17,1,0,3,0,0,135,3,0,0.1,,700,,,,,4,,,
CompleteGumtreeMatcher,21,9,17,1,0,3,0,0,135,3,0,0.1,,800,,,,,4,,,
CompleteGumtreeMatcher,21,9,17,1,0,3,0,0,135,3,0,0.1,,900,,,,,4,,,
CompleteGumtreeMatcher,21,9,17,1,0,3,0,0,135,3,0,0.1,,1000,,,,,4,,,
CompleteGumtreeMatcher,21,9,17,1,0,3,0,0,135,3,0,0.1,,1100,,,,,4,,,
CompleteGumtreeMatcher,21,9,17,1,0,3,0,0,135,3,0,0.1,,1200,,,,,4,,,
CompleteGumtreeMatcher,21,9,17,1,0,3,0,0,135,3,0,0.1,,1300,,,,,4,,,
CompleteGumtreeMatcher,21,9,17,1,0,3,0,0,135,3,0,0.1,,1400,,,,,4,,,
CompleteGumtreeMatcher,21,9,17,1,0,3,0,0,135,3,0,0.1,,1500,,,,,4,,,
CompleteGumtreeMatcher,21,9,17,1,0,3,0,0,135,3,0,0.1,,1600,,,,,4,,,
CompleteGumtreeMatcher,21,9,17,1,0,3,0,0,135,3,0,0.1,,1700,,,,,4,,,
CompleteGumtreeMatcher,21,9,17,1,0,3,0,0,135,3,0,0.1,,1800,,,,,4,,,
CompleteGumtreeMatcher,21,9,17,1,0,3,0,0,135,3,0,0.1,,1900,,,,,4,,,
CompleteGumtreeMatcher,21,9,17,1,0,3,0,0,135,3,0,0.1,,2000,,,,,4,,,
CompleteGumtreeMatcher,236,6,124,108,0,4,0,0,1,3,0,0.1,,100,,,,,5,,,
CompleteGumtreeMatcher,236,6,124,108,0,4,0,0,0,3,0,0.1,,200,,,,,5,,,
CompleteGumtreeMatcher,236,6,124,108,0,4,0,0,1,3,0,0.1,,300,,,,,5,,,
CompleteGumtreeMatcher,21,9,17,1,0,3,0,0,136,3,0,0.1,,400,,,,,5,,,
CompleteGumtreeMatcher,21,9,17,1,0,3,0,0,135,3,0,0.1,,500,,,,,5,,,
CompleteGumtreeMatcher,21,9,17,1,0,3,0,0,136,3,0,0.1,,600,,,,,5,,,
CompleteGumtreeMatcher,21,9,17,1,0,3,0,0,135,3,0,0.1,,700,,,,,5,,,
CompleteGumtreeMatcher,21,9,17,1,0,3,0,0,135,3,0,0.1,,800,,,,,5,,,
CompleteGumtreeMatcher,21,9,17,1,0,3,0,0,135,3,0,0.1,,900,,,,,5,,,
CompleteGumtreeMatcher,21,9,17,1,0,3,0,0,135,3,0,0.1,,1000,,,,,5,,,
CompleteGumtreeMatcher,21,9,17,1,0,3,0,0,135,3,0,0.1,,1100,,,,,5,,,
CompleteGumtreeMatcher,21,9,17,1,0,3,0,0,135,3,0,0.1,,1200,,,,,5,,,
CompleteGumtreeMatcher,21,9,17,1,0,3,0,0,135,3,0,0.1,,1300,,,,,5,,,
CompleteGumtreeMatcher,21,9,17,1,0,3,0,0,135,3,0,0.1,,1400,,,,,5,,,
CompleteGumtreeMatcher,21,9,17,1,0,3,0,0,135,3,0,0.1,,1500,,,,,5,,,
CompleteGumtreeMatcher,21,9,17,1,0,3,0,0,134,3,0,0.1,,1600,,,,,5,,,
CompleteGumtreeMatcher,21,9,17,1,0,3,0,0,135,3,0,0.1,,1700,,,,,5,,,
CompleteGumtreeMatcher,21,9,17,1,0,3,0,0,135,3,0,0.1,,1800,,,,,5,,,
CompleteGumtreeMatcher,21,9,17,1,0,3,0,0,134,3,0,0.1,,1900,,,,,5,,,
CompleteGumtreeMatcher,21,9,17,1,0,3,0,0,135,3,0,0.1,,2000,,,,,5,,,
CompleteGumtreeMatcher,100,24,54,24,0,22,0,0,1,3,0,0.2,,100,,,,,1,,,
CompleteGumtreeMatcher,100,24,54,24,0,22,0,0,1,3,0,0.2,,200,,,,,1,,,
CompleteGumtreeMatcher,100,24,54,24,0,22,0,0,1,3,0,0.2,,300,,,,,1,,,
CompleteGumtreeMatcher,35,15,31,1,0,3,0,0,135,3,0,0.2,,400,,,,,1,,,
CompleteGumtreeMatcher,35,15,31,1,0,3,0,0,135,3,0,0.2,,500,,,,,1,,,
CompleteGumtreeMatcher,35,15,31,1,0,3,0,0,136,3,0,0.2,,600,,,,,1,,,
CompleteGumtreeMatcher,35,15,31,1,0,3,0,0,135,3,0,0.2,,700,,,,,1,,,
CompleteGumtreeMatcher,35,15,31,1,0,3,0,0,135,3,0,0.2,,800,,,,,1,,,
CompleteGumtreeMatcher,35,15,31,1,0,3,0,0,139,3,0,0.2,,900,,,,,1,,,
CompleteGumtreeMatcher,35,15,31,1,0,3,0,0,139,3,0,0.2,,1000,,,,,1,,,
CompleteGumtreeMatcher,35,15,31,1,0,3,0,0,139,3,0,0.2,,1100,,,,,1,,,
CompleteGumtreeMatcher,35,15,31,1,0,3,0,0,139,3,0,0.2,,1200,,,,,1,,,
CompleteGumtreeMatcher,35,15,31,1,0,3,0,0,139,3,0,0.2,,1300,,,,,1,,,
CompleteGumtreeMatcher,35,15,31,1,0,3,0,0,139,3,0,0.2,,1400,,,,,1,,,
CompleteGumtreeMatcher,35,15,31,1,0,3,0,0,139,3,0,0.2,,1500,,,,,1,,,
CompleteGumtreeMatcher,35,15,31,1,0,3,0,0,139,3,0,0.2,,1600,,,,,1,,,
CompleteGumtreeMatcher,35,15,31,1,0,3,0,0,139,3,0,0.2,,1700,,,,,1,,,
CompleteGumtreeMatcher,35,15,31,1,0,3,0,0,140,3,0,0.2,,1800,,,,,1,,,
CompleteGumtreeMatcher,35,15,31,1,0,3,0,0,136,3,0,0.2,,1900,,,,,1,,,
CompleteGumtreeMatcher,35,15,31,1,0,3,0,0,135,3,0,0.2,,2000,,,,,1,,,
CompleteGumtreeMatcher,140,16,71,55,0,14,0,0,1,3,0,0.2,,100,,,,,2,,,
CompleteGumtreeMatcher,140,16,71,55,0,14,0,0,1,3,0,0.2,,200,,,,,2,,,
CompleteGumtreeMatcher,140,16,71,55,0,14,0,0,1,3,0,0.2,,300,,,,,2,,,
CompleteGumtreeMatcher,21,9,17,1,0,3,0,0,135,3,0,0.2,,400,,,,,2,,,
CompleteGumtreeMatcher,21,9,17,1,0,3,0,0,135,3,0,0.2,,500,,,,,2,,,
CompleteGumtreeMatcher,21,9,17,1,0,3,0,0,134,3,0,0.2,,600,,,,,2,,,
CompleteGumtreeMatcher,21,9,17,1,0,3,0,0,135,3,0,0.2,,700,,,,,2,,,
CompleteGumtreeMatcher,21,9,17,1,0,3,0,0,135,3,0,0.2,,800,,,,,2,,,
CompleteGumtreeMatcher,21,9,17,1,0,3,0,0,135,3,0,0.2,,900,,,,,2,,,
CompleteGumtreeMatcher,21,9,17,1,0,3,0,0,135,3,0,0.2,,1000,,,,,2,,,
CompleteGumtreeMatcher,21,9,17,1,0,3,0,0,135,3,0,0.2,,1100,,,,,2,,,
CompleteGumtreeMatcher,21,9,17,1,0,3,0,0,134,3,0,0.2,,1200,,,,,2,,,
CompleteGumtreeMatcher,21,9,17,1,0,3,0,0,135,3,0,0.2,,1300,,,,,2,,,
CompleteGumtreeMatcher,21,9,17,1,0,3,0,0,136,3,0,0.2,,1400,,,,,2,,,
CompleteGumtreeMatcher,21,9,17,1,0,3,0,0,135,3,0,0.2,,1500,,,,,2,,,
CompleteGumtreeMatcher,21,9,17,1,0,3,0,0,135,3,0,0.2,,1600,,,,,2,,,
CompleteGumtreeMatcher,21,9,17,1,0,3,0,0,135,3,0,0.2,,1700,,,,,2,,,
CompleteGumtreeMatcher,21,9,17,1,0,3,0,0,135,3,0,0.2,,1800,,,,,2,,,
CompleteGumtreeMatcher,21,9,17,1,0,3,0,0,135,3,0,0.2,,1900,,,,,2,,,
CompleteGumtreeMatcher,21,9,17,1,0,3,0,0,135,3,0,0.2,,2000,,,,,2,,,
CompleteGumtreeMatcher,202,8,106,90,0,6,0,0,0,3,0,0.2,,100,,,,,3,,,
CompleteGumtreeMatcher,202,8,106,90,0,6,0,0,1,3,0,0.2,,200,,,,,3,,,
CompleteGumtreeMatcher,202,8,106,90,0,6,0,0,1,3,0,0.2,,300,,,,,3,,,
CompleteGumtreeMatcher,21,9,17,1,0,3,0,0,135,3,0,0.2,,400,,,,,3,,,
CompleteGumtreeMatcher,21,9,17,1,0,3,0,0,135,3,0,0.2,,500,,,,,3,,,
CompleteGumtreeMatcher,21,9,17,1,0,3,0,0,135,3,0,0.2,,600,,,,,3,,,
CompleteGumtreeMatcher,21,9,17,1,0,3,0,0,135,3,0,0.2,,700,,,,,3,,,
CompleteGumtreeMatcher,21,9,17,1,0,3,0,0,136,3,0,0.2,,800,,,,,3,,,
CompleteGumtreeMatcher,21,9,17,1,0,3,0,0,135,3,0,0.2,,900,,,,,3,,,
CompleteGumtreeMatcher,21,9,17,1,0,3,0,0,135,3,0,0.2,,1000,,,,,3,,,
CompleteGumtreeMatcher,21,9,17,1,0,3,0,0,136,3,0,0.2,,1100,,,,,3,,,
CompleteGumtreeMatcher,21,9,17,1,0,3,0,0,135,3,0,0.2,,1200,,,,,3,,,
CompleteGumtreeMatcher,21,9,17,1,0,3,0,0,135,3,0,0.2,,1300,,,,,3,,,
CompleteGumtreeMatcher,21,9,17,1,0,3,0,0,135,3,0,0.2,,1400,,,,,3,,,
CompleteGumtreeMatcher,21,9,17,1,0,3,0,0,135,3,0,0.2,,1500,,,,,3,,,
CompleteGumtreeMatcher,21,9,17,1,0,3,0,0,135,3,0,0.2,,1600,,,,,3,,,
CompleteGumtreeMatcher,21,9,17,1,0,3,0,0,134,3,0,0.2,,1700,,,,,3,,,
CompleteGumtreeMatcher,21,9,17,1,0,3,0,0,137,3,0,0.2,,1800,,,,,3,,,
CompleteGumtreeMatcher,21,9,17,1,0,3,0,0,135,3,0,0.2,,1900,,,,,3,,,
CompleteGumtreeMatcher,21,9,17,1,0,3,0,0,135,3,0,0.2,,2000,,,,,3,,,
CompleteGumtreeMatcher,213,7,112,96,0,5,0,0,1,3,0,0.2,,100,,,,,4,,,
CompleteGumtreeMatcher,213,7,112,96,0,5,0,0,0,3,0,0.2,,200,,,,,4,,,
CompleteGumtreeMatcher,213,7,112,96,0,5,0,0,1,3,0,0.2,,300,,,,,4,,,
CompleteGumtreeMatcher,21,9,17,1,0,3,0,0,135,3,0,0.2,,400,,,,,4,,,
CompleteGumtreeMatcher,21,9,17,1,0,3,0,0,135,3,0,0.2,,500,,,,,4,,,
CompleteGumtreeMatcher,21,9,17,1,0,3,0,0,135,3,0,0.2,,600,,,,,4,,,
CompleteGumtreeMatcher,21,9,17,1,0,3,0,0,135,3,0,0.2,,700,,,,,4,,,
CompleteGumtreeMatcher,21,9,17,1,0,3,0,0,134,3,0,0.2,,800,,,,,4,,,
CompleteGumtreeMatcher,21,9,17,1,0,3,0,0,135,3,0,0.2,,900,,,,,4,,,
CompleteGumtreeMatcher,21,9,17,1,0,3,0,0,135,3,0,0.2,,1000,,,,,4,,,
CompleteGumtreeMatcher,21,9,17,1,0,3,0,0,135,3,0,0.2,,1100,,,,,4,,,
CompleteGumtreeMatcher,21,9,17,1,0,3,0,0,134,3,0,0.2,,1200,,,,,4,,,
CompleteGumtreeMatcher,21,9,17,1,0,3,0,0,135,3,0,0.2,,1300,,,,,4,,,
CompleteGumtreeMatcher,21,9,17,1,0,3,0,0,137,3,0,0.2,,1400,,,,,4,,,
CompleteGumtreeMatcher,21,9,17,1,0,3,0,0,135,3,0,0.2,,1500,,,,,4,,,
CompleteGumtreeMatcher,21,9,17,1,0,3,0,0,135,3,0,0.2,,1600,,,,,4,,,
CompleteGumtreeMatcher,21,9,17,1,0,3,0,0,134,3,0,0.2,,1700,,,,,4,,,
CompleteGumtreeMatcher,21,9,17,1,0,3,0,0,136,3,0,0.2,,1800,,,,,4,,,
CompleteGumtreeMatcher,21,9,17,1,0,3,0,0,135,3,0,0.2,,1900,,,,,4,,,
CompleteGumtreeMatcher,21,9,17,1,0,3,0,0,135,3,0,0.2,,2000,,,,,4,,,
CompleteGumtreeMatcher,236,6,124,108,0,4,0,0,1,3,0,0.2,,100,,,,,5,,,
CompleteGumtreeMatcher,236,6,124,108,0,4,0,0,0,3,0,0.2,,200,,,,,5,,,
CompleteGumtreeMatcher,236,6,124,108,0,4,0,0,1,3,0,0.2,,300,,,,,5,,,
CompleteGumtreeMatcher,21,9,17,1,0,3,0,0,136,3,0,0.2,,400,,,,,5,,,
CompleteGumtreeMatcher,21,9,17,1,0,3,0,0,135,3,0,0.2,,500,,,,,5,,,
CompleteGumtreeMatcher,21,9,17,1,0,3,0,0,135,3,0,0.2,,600,,,,,5,,,
CompleteGumtreeMatcher,21,9,17,1,0,3,0,0,135,3,0,0.2,,700,,,,,5,,,
CompleteGumtreeMatcher,21,9,17,1,0,3,0,0,135,3,0,0.2,,800,,,,,5,,,
CompleteGumtreeMatcher,21,9,17,1,0,3,0,0,135,3,0,0.2,,900,,,,,5,,,
CompleteGumtreeMatcher,21,9,17,1,0,3,0,0,136,3,0,0.2,,1000,,,,,5,,,
CompleteGumtreeMatcher,21,9,17,1,0,3,0,0,135,3,0,0.2,,1100,,,,,5,,,
CompleteGumtreeMatcher,21,9,17,1,0,3,0,0,135,3,0,0.2,,1200,,,,,5,,,
CompleteGumtreeMatcher,21,9,17,1,0,3,0,0,135,3,0,0.2,,1300,,,,,5,,,
CompleteGumtreeMatcher,21,9,17,1,0,3,0,0,134,3,0,0.2,,1400,,,,,5,,,
CompleteGumtreeMatcher,21,9,17,1,0,3,0,0,135,3,0,0.2,,1500,,,,,5,,,
CompleteGumtreeMatcher,21,9,17,1,0,3,0,0,135,3,0,0.2,,1600,,,,,5,,,
CompleteGumtreeMatcher,21,9,17,1,0,3,0,0,135,3,0,0.2,,1700,,,,,5,,,
CompleteGumtreeMatcher,21,9,17,1,0,3,0,0,135,3,0,0.2,,1800,,,,,5,,,
CompleteGumtreeMatcher,21,9,17,1,0,3,0,0,135,3,0,0.2,,1900,,,,,5,,,
CompleteGumtreeMatcher,21,9,17,1,0,3,0,0,135,3,0,0.2,,2000,,,,,5,,,
CompleteGumtreeMatcher,100,24,54,24,0,22,0,0,1,3,0,0.3,,100,,,,,1,,,
CompleteGumtreeMatcher,100,24,54,24,0,22,0,0,1,3,0,0.3,,200,,,,,1,,,
CompleteGumtreeMatcher,100,24,54,24,0,22,0,0,1,3,0,0.3,,300,,,,,1,,,
CompleteGumtreeMatcher,35,15,31,1,0,3,0,0,135,3,0,0.3,,400,,,,,1,,,
CompleteGumtreeMatcher,35,15,31,1,0,3,0,0,135,3,0,0.3,,500,,,,,1,,,
CompleteGumtreeMatcher,35,15,31,1,0,3,0,0,135,3,0,0.3,,600,,,,,1,,,
CompleteGumtreeMatcher,35,15,31,1,0,3,0,0,135,3,0,0.3,,700,,,,,1,,,
CompleteGumtreeMatcher,35,15,31,1,0,3,0,0,135,3,0,0.3,,800,,,,,1,,,
CompleteGumtreeMatcher,35,15,31,1,0,3,0,0,135,3,0,0.3,,900,,,,,1,,,
CompleteGumtreeMatcher,35,15,31,1,0,3,0,0,135,3,0,0.3,,1000,,,,,1,,,
CompleteGumtreeMatcher,35,15,31,1,0,3,0,0,135,3,0,0.3,,1100,,,,,1,,,
CompleteGumtreeMatcher,35,15,31,1,0,3,0,0,135,3,0,0.3,,1200,,,,,1,,,
CompleteGumtreeMatcher,35,15,31,1,0,3,0,0,135,3,0,0.3,,1300,,,,,1,,,
CompleteGumtreeMatcher,35,15,31,1,0,3,0,0,136,3,0,0.3,,1400,,,,,1,,,
CompleteGumtreeMatcher,35,15,31,1,0,3,0,0,136,3,0,0.3,,1500,,,,,1,,,
CompleteGumtreeMatcher,35,15,31,1,0,3,0,0,136,3,0,0.3,,1600,,,,,1,,,
CompleteGumtreeMatcher,35,15,31,1,0,3,0,0,137,3,0,0.3,,1700,,,,,1,,,
CompleteGumtreeMatcher,35,15,31,1,0,3,0,0,137,3,0,0.3,,1800,,,,,1,,,
CompleteGumtreeMatcher,35,15,31,1,0,3,0,0,137,3,0,0.3,,1900,,,,,1,,,
CompleteGumtreeMatcher,35,15,31,1,0,3,0,0,137,3,0,0.3,,2000,,,,,1,,,
CompleteGumtreeMatcher,140,16,71,55,0,14,0,0,1,3,0,0.3,,100,,,,,2,,,
CompleteGumtreeMatcher,140,16,71,55,0,14,0,0,0,3,0,0.3,,200,,,,,2,,,
CompleteGumtreeMatcher,140,16,71,55,0,14,0,0,1,3,0,0.3,,300,,,,,2,,,
CompleteGumtreeMatcher,21,9,17,1,0,3,0,0,137,3,0,0.3,,400,,,,,2,,,
CompleteGumtreeMatcher,21,9,17,1,0,3,0,0,136,3,0,0.3,,500,,,,,2,,,
CompleteGumtreeMatcher,21,9,17,1,0,3,0,0,136,3,0,0.3,,600,,,,,2,,,
CompleteGumtreeMatcher,21,9,17,1,0,3,0,0,138,3,0,0.3,,700,,,,,2,,,
CompleteGumtreeMatcher,21,9,17,1,0,3,0,0,138,3,0,0.3,,800,,,,,2,,,
CompleteGumtreeMatcher,21,9,17,1,0,3,0,0,138,3,0,0.3,,900,,,,,2,,,
CompleteGumtreeMatcher,21,9,17,1,0,3,0,0,137,3,0,0.3,,1000,,,,,2,,,
CompleteGumtreeMatcher,21,9,17,1,0,3,0,0,137,3,0,0.3,,1100,,,,,2,,,
CompleteGumtreeMatcher,21,9,17,1,0,3,0,0,137,3,0,0.3,,1200,,,,,2,,,
CompleteGumtreeMatcher,21,9,17,1,0,3,0,0,137,3,0,0.3,,1300,,,,,2,,,
CompleteGumtreeMatcher,21,9,17,1,0,3,0,0,137,3,0,0.3,,1400,,,,,2,,,
CompleteGumtreeMatcher,21,9,17,1,0,3,0,0,137,3,0,0.3,,1500,,,,,2,,,
CompleteGumtreeMatcher,21,9,17,1,0,3,0,0,138,3,0,0.3,,1600,,,,,2,,,
CompleteGumtreeMatcher,21,9,17,1,0,3,0,0,139,3,0,0.3,,1700,,,,,2,,,
CompleteGumtreeMatcher,21,9,17,1,0,3,0,0,138,3,0,0.3,,1800,,,,,2,,,
CompleteGumtreeMatcher,21,9,17,1,0,3,0,0,138,3,0,0.3,,1900,,,,,2,,,
CompleteGumtreeMatcher,21,9,17,1,0,3,0,0,138,3,0,0.3,,2000,,,,,2,,,
CompleteGumtreeMatcher,202,8,106,90,0,6,0,0,1,3,0,0.3,,100,,,,,3,,,
CompleteGumtreeMatcher,202,8,106,90,0,6,0,0,1,3,0,0.3,,200,,,,,3,,,
CompleteGumtreeMatcher,202,8,106,90,0,6,0,0,1,3,0,0.3,,300,,,,,3,,,
CompleteGumtreeMatcher,21,9,17,1,0,3,0,0,138,3,0,0.3,,400,,,,,3,,,
CompleteGumtreeMatcher,21,9,17,1,0,3,0,0,137,3,0,0.3,,500,,,,,3,,,
CompleteGumtreeMatcher,21,9,17,1,0,3,0,0,137,3,0,0.3,,600,,,,,3,,,
CompleteGumtreeMatcher,21,9,17,1,0,3,0,0,138,3,0,0.3,,700,,,,,3,,,
CompleteGumtreeMatcher,21,9,17,1,0,3,0,0,138,3,0,0.3,,800,,,,,3,,,
CompleteGumtreeMatcher,21,9,17,1,0,3,0,0,138,3,0,0.3,,900,,,,,3,,,
CompleteGumtreeMatcher,21,9,17,1,0,3,0,0,136,3,0,0.3,,1000,,,,,3,,,
CompleteGumtreeMatcher,21,9,17,1,0,3,0,0,135,3,0,0.3,,1100,,,,,3,,,
CompleteGumtreeMatcher,21,9,17,1,0,3,0,0,135,3,0,0.3,,1200,,,,,3,,,
CompleteGumtreeMatcher,21,9,17,1,0,3,0,0,136,3,0,0.3,,1300,,,,,3,,,
CompleteGumtreeMatcher,21,9,17,1,0,3,0,0,136,3,0,0.3,,1400,,,,,3,,,
CompleteGumtreeMatcher,21,9,17,1,0,3,0,0,136,3,0,0.3,,1500,,,,,3,,,
CompleteGumtreeMatcher,21,9,17,1,0,3,0,0,135,3,0,0.3,,1600,,,,,3,,,
CompleteGumtreeMatcher,21,9,17,1,0,3,0,0,136,3,0,0.3,,1700,,,,,3,,,
CompleteGumtreeMatcher,21,9,17,1,0,3,0,0,136,3,0,0.3,,1800,,,,,3,,,
CompleteGumtreeMatcher,21,9,17,1,0,3,0,0,136,3,0,0.3,,1900,,,,,3,,,
CompleteGumtreeMatcher,21,9,17,1,0,3,0,0,138,3,0,0.3,,2000,,,,,3,,,
CompleteGumtreeMatcher,213,7,112,96,0,5,0,0,1,3,0,0.3,,100,,,,,4,,,
CompleteGumtreeMatcher,213,7,112,96,0,5,0,0,1,3,0,0.3,,200,,,,,4,,,
CompleteGumtreeMatcher,213,7,112,96,0,5,0,0,1,3,0,0.3,,300,,,,,4,,,
CompleteGumtreeMatcher,21,9,17,1,0,3,0,0,138,3,0,0.3,,400,,,,,4,,,
CompleteGumtreeMatcher,21,9,17,1,0,3,0,0,138,3,0,0.3,,500,,,,,4,,,
CompleteGumtreeMatcher,21,9,17,1,0,3,0,0,137,3,0,0.3,,600,,,,,4,,,
CompleteGumtreeMatcher,21,9,17,1,0,3,0,0,138,3,0,0.3,,700,,,,,4,,,
CompleteGumtreeMatcher,21,9,17,1,0,3,0,0,138,3,0,0.3,,800,,,,,4,,,
CompleteGumtreeMatcher,21,9,17,1,0,3,0,0,138,3,0,0.3,,900,,,,,4,,,
CompleteGumtreeMatcher,21,9,17,1,0,3,0,0,138,3,0,0.3,,1000,,,,,4,,,
CompleteGumtreeMatcher,21,9,17,1,0,3,0,0,138,3,0,0.3,,1100,,,,,4,,,
CompleteGumtreeMatcher,21,9,17,1,0,3,0,0,138,3,0,0.3,,1200,,,,,4,,,
CompleteGumtreeMatcher,21,9,17,1,0,3,0,0,136,3,0,0.3,,1300,,,,,4,,,
CompleteGumtreeMatcher,21,9,17,1,0,3,0,0,136,3,0,0.3,,1400,,,,,4,,,
CompleteGumtreeMatcher,21,9,17,1,0,3,0,0,136,3,0,0.3,,1500,,,,,4,,,
CompleteGumtreeMatcher,21,9,17,1,0,3,0,0,137,3,0,0.3,,1600,,,,,4,,,
CompleteGumtreeMatcher,21,9,17,1,0,3,0,0,136,3,0,0.3,,1700,,,,,4,,,
CompleteGumtreeMatcher,21,9,17,1,0,3,0,0,136,3,0,0.3,,1800,,,,,4,,,
CompleteGumtreeMatcher,21,9,17,1,0,3,0,0,136,3,0,0.3,,1900,,,,,4,,,
CompleteGumtreeMatcher,21,9,17,1,0,3,0,0,136,3,0,0.3,,2000,,,,,4,,,
CompleteGumtreeMatcher,236,6,124,108,0,4,0,0,0,3,0,0.3,,100,,,,,5,,,
CompleteGumtreeMatcher,236,6,124,108,0,4,0,0,1,3,0,0.3,,200,,,,,5,,,
CompleteGumtreeMatcher,236,6,124,108,0,4,0,0,0,3,0,0.3,,300,,,,,5,,,
CompleteGumtreeMatcher,21,9,17,1,0,3,0,0,138,3,0,0.3,,400,,,,,5,,,
CompleteGumtreeMatcher,21,9,17,1,0,3,0,0,138,3,0,0.3,,500,,,,,5,,,
CompleteGumtreeMatcher,21,9,17,1,0,3,0,0,138,3,0,0.3,,600,,,,,5,,,
CompleteGumtreeMatcher,21,9,17,1,0,3,0,0,138,3,0,0.3,,700,,,,,5,,,
CompleteGumtreeMatcher,21,9,17,1,0,3,0,0,138,3,0,0.3,,800,,,,,5,,,
CompleteGumtreeMatcher,21,9,17,1,0,3,0,0,137,3,0,0.3,,900,,,,,5,,,
CompleteGumtreeMatcher,21,9,17,1,0,3,0,0,138,3,0,0.3,,1000,,,,,5,,,
CompleteGumtreeMatcher,21,9,17,1,0,3,0,0,138,3,0,0.3,,1100,,,,,5,,,
CompleteGumtreeMatcher,21,9,17,1,0,3,0,0,139,3,0,0.3,,1200,,,,,5,,,
CompleteGumtreeMatcher,21,9,17,1,0,3,0,0,138,3,0,0.3,,1300,,,,,5,,,
CompleteGumtreeMatcher,21,9,17,1,0,3,0,0,137,3,0,0.3,,1400,,,,,5,,,
CompleteGumtreeMatcher,21,9,17,1,0,3,0,0,138,3,0,0.3,,1500,,,,,5,,,
CompleteGumtreeMatcher,21,9,17,1,0,3,0,0,137,3,0,0.3,,1600,,,,,5,,,
CompleteGumtreeMatcher,21,9,17,1,0,3,0,0,137,3,0,0.3,,1700,,,,,5,,,
CompleteGumtreeMatcher,21,9,17,1,0,3,0,0,138,3,0,0.3,,1800,,,,,5,,,
CompleteGumtreeMatcher,21,9,17,1,0,3,0,0,138,3,0,0.3,,1900,,,,,5,,,
CompleteGumtreeMatcher,21,9,17,1,0,3,0,0,137,3,0,0.3,,2000,,,,,5,,,
CompleteGumtreeMatcher,100,24,54,24,0,22,0,0,1,3,0,0.4,,100,,,,,1,,,
CompleteGumtreeMatcher,100,24,54,24,0,22,0,0,1,3,0,0.4,,200,,,,,1,,,
CompleteGumtreeMatcher,100,24,54,24,0,22,0,0,1,3,0,0.4,,300,,,,,1,,,
CompleteGumtreeMatcher,35,15,31,1,0,3,0,0,138,3,0,0.4,,400,,,,,1,,,
CompleteGumtreeMatcher,35,15,31,1,0,3,0,0,138,3,0,0.4,,500,,,,,1,,,
CompleteGumtreeMatcher,35,15,31,1,0,3,0,0,138,3,0,0.4,,600,,,,,1,,,
CompleteGumtreeMatcher,35,15,31,1,0,3,0,0,138,3,0,0.4,,700,,,,,1,,,
CompleteGumtreeMatcher,35,15,31,1,0,3,0,0,138,3,0,0.4,,800,,,,,1,,,
CompleteGumtreeMatcher,35,15,31,1,0,3,0,0,137,3,0,0.4,,900,,,,,1,,,
CompleteGumtreeMatcher,35,15,31,1,0,3,0,0,137,3,0,0.4,,1000,,,,,1,,,
CompleteGumtreeMatcher,35,15,31,1,0,3,0,0,137,3,0,0.4,,1100,,,,,1,,,
CompleteGumtreeMatcher,35,15,31,1,0,3,0,0,137,3,0,0.4,,1200,,,,,1,,,
CompleteGumtreeMatcher,35,15,31,1,0,3,0,0,137,3,0,0.4,,1300,,,,,1,,,
CompleteGumtreeMatcher,35,15,31,1,0,3,0,0,136,3,0,0.4,,1400,,,,,1,,,
CompleteGumtreeMatcher,35,15,31,1,0,3,0,0,137,3,0,0.4,,1500,,,,,1,,,
CompleteGumtreeMatcher,35,15,31,1,0,3,0,0,137,3,0,0.4,,1600,,,,,1,,,
CompleteGumtreeMatcher,35,15,31,1,0,3,0,0,137,3,0,0.4,,1700,,,,,1,,,
CompleteGumtreeMatcher,35,15,31,1,0,3,0,0,137,3,0,0.4,,1800,,,,,1,,,
CompleteGumtreeMatcher,35,15,31,1,0,3,0,0,138,3,0,0.4,,1900,,,,,1,,,
CompleteGumtreeMatcher,35,15,31,1,0,3,0,0,138,3,0,0.4,,2000,,,,,1,,,
CompleteGumtreeMatcher,140,16,71,55,0,14,0,0,0,3,0,0.4,,100,,,,,2,,,
CompleteGumtreeMatcher,140,16,71,55,0,14,0,0,1,3,0,0.4,,200,,,,,2,,,
CompleteGumtreeMatcher,140,16,71,55,0,14,0,0,1,3,0,0.4,,300,,,,,2,,,
CompleteGumtreeMatcher,21,9,17,1,0,3,0,0,137,3,0,0.4,,400,,,,,2,,,
CompleteGumtreeMatcher,21,9,17,1,0,3,0,0,138,3,0,0.4,,500,,,,,2,,,
CompleteGumtreeMatcher,21,9,17,1,0,3,0,0,138,3,0,0.4,,600,,,,,2,,,
CompleteGumtreeMatcher,21,9,17,1,0,3,0,0,138,3,0,0.4,,700,,,,,2,,,
CompleteGumtreeMatcher,21,9,17,1,0,3,0,0,137,3,0,0.4,,800,,,,,2,,,
CompleteGumtreeMatcher,21,9,17,1,0,3,0,0,138,3,0,0.4,,900,,,,,2,,,
CompleteGumtreeMatcher,21,9,17,1,0,3,0,0,138,3,0,0.4,,1000,,,,,2,,,
CompleteGumtreeMatcher,21,9,17,1,0,3,0,0,137,3,0,0.4,,1100,,,,,2,,,
CompleteGumtreeMatcher,21,9,17,1,0,3,0,0,135,3,0,0.4,,1200,,,,,2,,,
CompleteGumtreeMatcher,21,9,17,1,0,3,0,0,135,3,0,0.4,,1300,,,,,2,,,
CompleteGumtreeMatcher,21,9,17,1,0,3,0,0,135,3,0,0.4,,1400,,,,,2,,,
CompleteGumtreeMatcher,21,9,17,1,0,3,0,0,134,3,0,0.4,,1500,,,,,2,,,
CompleteGumtreeMatcher,21,9,17,1,0,3,0,0,135,3,0,0.4,,1600,,,,,2,,,
CompleteGumtreeMatcher,21,9,17,1,0,3,0,0,135,3,0,0.4,,1700,,,,,2,,,
CompleteGumtreeMatcher,21,9,17,1,0,3,0,0,135,3,0,0.4,,1800,,,,,2,,,
CompleteGumtreeMatcher,21,9,17,1,0,3,0,0,134,3,0,0.4,,1900,,,,,2,,,
CompleteGumtreeMatcher,21,9,17,1,0,3,0,0,134,3,0,0.4,,2000,,,,,2,,,
CompleteGumtreeMatcher,202,8,106,90,0,6,0,0,1,3,0,0.4,,100,,,,,3,,,
CompleteGumtreeMatcher,202,8,106,90,0,6,0,0,1,3,0,0.4,,200,,,,,3,,,
CompleteGumtreeMatcher,202,8,106,90,0,6,0,0,0,3,0,0.4,,300,,,,,3,,,
CompleteGumtreeMatcher,21,9,17,1,0,3,0,0,135,3,0,0.4,,400,,,,,3,,,
CompleteGumtreeMatcher,21,9,17,1,0,3,0,0,134,3,0,0.4,,500,,,,,3,,,
CompleteGumtreeMatcher,21,9,17,1,0,3,0,0,134,3,0,0.4,,600,,,,,3,,,
CompleteGumtreeMatcher,21,9,17,1,0,3,0,0,138,3,0,0.4,,700,,,,,3,,,
CompleteGumtreeMatcher,21,9,17,1,0,3,0,0,135,3,0,0.4,,800,,,,,3,,,
CompleteGumtreeMatcher,21,9,17,1,0,3,0,0,134,3,0,0.4,,900,,,,,3,,,
CompleteGumtreeMatcher,21,9,17,1,0,3,0,0,134,3,0,0.4,,1000,,,,,3,,,
CompleteGumtreeMatcher,21,9,17,1,0,3,0,0,134,3,0,0.4,,1100,,,,,3,,,
CompleteGumtreeMatcher,21,9,17,1,0,3,0,0,135,3,0,0.4,,1200,,,,,3,,,
CompleteGumtreeMatcher,21,9,17,1,0,3,0,0,135,3,0,0.4,,1300,,,,,3,,,
CompleteGumtreeMatcher,21,9,17,1,0,3,0,0,134,3,0,0.4,,1400,,,,,3,,,
CompleteGumtreeMatcher,21,9,17,1,0,3,0,0,135,3,0,0.4,,1500,,,,,3,,,
CompleteGumtreeMatcher,21,9,17,1,0,3,0,0,135,3,0,0.4,,1600,,,,,3,,,
CompleteGumtreeMatcher,21,9,17,1,0,3,0,0,134,3,0,0.4,,1700,,,,,3,,,
CompleteGumtreeMatcher,21,9,17,1,0,3,0,0,135,3,0,0.4,,1800,,,,,3,,,
CompleteGumtreeMatcher,21,9,17,1,0,3,0,0,134,3,0,0.4,,1900,,,,,3,,,
CompleteGumtreeMatcher,21,9,17,1,0,3,0,0,135,3,0,0.4,,2000,,,,,3,,,
CompleteGumtreeMatcher,213,7,112,96,0,5,0,0,0,3,0,0.4,,100,,,,,4,,,
CompleteGumtreeMatcher,213,7,112,96,0,5,0,0,0,3,0,0.4,,200,,,,,4,,,
CompleteGumtreeMatcher,213,7,112,96,0,5,0,0,1,3,0,0.4,,300,,,,,4,,,
CompleteGumtreeMatcher,21,9,17,1,0,3,0,0,135,3,0,0.4,,400,,,,,4,,,
CompleteGumtreeMatcher,21,9,17,1,0,3,0,0,135,3,0,0.4,,500,,,,,4,,,
CompleteGumtreeMatcher,21,9,17,1,0,3,0,0,134,3,0,0.4,,600,,,,,4,,,
CompleteGumtreeMatcher,21,9,17,1,0,3,0,0,135,3,0,0.4,,700,,,,,4,,,
CompleteGumtreeMatcher,21,9,17,1,0,3,0,0,134,3,0,0.4,,800,,,,,4,,,
CompleteGumtreeMatcher,21,9,17,1,0,3,0,0,134,3,0,0.4,,900,,,,,4,,,
CompleteGumtreeMatcher,21,9,17,1,0,3,0,0,134,3,0,0.4,,1000,,,,,4,,,
CompleteGumtreeMatcher,21,9,17,1,0,3,0,0,134,3,0,0.4,,1100,,,,,4,,,
CompleteGumtreeMatcher,21,9,17,1,0,3,0,0,135,3,0,0.4,,1200,,,,,4,,,
CompleteGumtreeMatcher,21,9,17,1,0,3,0,0,134,3,0,0.4,,1300,,,,,4,,,
CompleteGumtreeMatcher,21,9,17,1,0,3,0,0,134,3,0,0.4,,1400,,,,,4,,,
CompleteGumtreeMatcher,21,9,17,1,0,3,0,0,134,3,0,0.4,,1500,,,,,4,,,
CompleteGumtreeMatcher,21,9,17,1,0,3,0,0,135,3,0,0.4,,1600,,,,,4,,,
CompleteGumtreeMatcher,21,9,17,1,0,3,0,0,134,3,0,0.4,,1700,,,,,4,,,
CompleteGumtreeMatcher,21,9,17,1,0,3,0,0,135,3,0,0.4,,1800,,,,,4,,,
CompleteGumtreeMatcher,21,9,17,1,0,3,0,0,135,3,0,0.4,,1900,,,,,4,,,
CompleteGumtreeMatcher,21,9,17,1,0,3,0,0,135,3,0,0.4,,2000,,,,,4,,,
CompleteGumtreeMatcher,236,6,124,108,0,4,0,0,1,3,0,0.4,,100,,,,,5,,,
CompleteGumtreeMatcher,236,6,124,108,0,4,0,0,1,3,0,0.4,,200,,,,,5,,,
CompleteGumtreeMatcher,236,6,124,108,0,4,0,0,1,3,0,0.4,,300,,,,,5,,,
CompleteGumtreeMatcher,21,9,17,1,0,3,0,0,134,3,0,0.4,,400,,,,,5,,,
CompleteGumtreeMatcher,21,9,17,1,0,3,0,0,135,3,0,0.4,,500,,,,,5,,,
CompleteGumtreeMatcher,21,9,17,1,0,3,0,0,134,3,0,0.4,,600,,,,,5,,,
CompleteGumtreeMatcher,21,9,17,1,0,3,0,0,135,3,0,0.4,,700,,,,,5,,,
CompleteGumtreeMatcher,21,9,17,1,0,3,0,0,137,3,0,0.4,,800,,,,,5,,,
CompleteGumtreeMatcher,21,9,17,1,0,3,0,0,134,3,0,0.4,,900,,,,,5,,,
CompleteGumtreeMatcher,21,9,17,1,0,3,0,0,135,3,0,0.4,,1000,,,,,5,,,
CompleteGumtreeMatcher,21,9,17,1,0,3,0,0,134,3,0,0.4,,1100,,,,,5,,,
CompleteGumtreeMatcher,21,9,17,1,0,3,0,0,134,3,0,0.4,,1200,,,,,5,,,
CompleteGumtreeMatcher,21,9,17,1,0,3,0,0,134,3,0,0.4,,1300,,,,,5,,,
CompleteGumtreeMatcher,21,9,17,1,0,3,0,0,135,3,0,0.4,,1400,,,,,5,,,
CompleteGumtreeMatcher,21,9,17,1,0,3,0,0,134,3,0,0.4,,1500,,,,,5,,,
CompleteGumtreeMatcher,21,9,17,1,0,3,0,0,135,3,0,0.4,,1600,,,,,5,,,
CompleteGumtreeMatcher,21,9,17,1,0,3,0,0,135,3,0,0.4,,1700,,,,,5,,,
CompleteGumtreeMatcher,21,9,17,1,0,3,0,0,136,3,0,0.4,,1800,,,,,5,,,
CompleteGumtreeMatcher,21,9,17,1,0,3,0,0,135,3,0,0.4,,1900,,,,,5,,,
CompleteGumtreeMatcher,21,9,17,1,0,3,0,0,134,3,0,0.4,,2000,,,,,5,,,
CompleteGumtreeMatcher,100,24,54,24,0,22,0,0,0,3,0,0.5,,100,,,,,1,,,
CompleteGumtreeMatcher,100,24,54,24,0,22,0,0,1,3,0,0.5,,200,,,,,1,,,
CompleteGumtreeMatcher,100,24,54,24,0,22,0,0,0,3,0,0.5,,300,,,,,1,,,
CompleteGumtreeMatcher,35,15,31,1,0,3,0,0,135,3,0,0.5,,400,,,,,1,,,
CompleteGumtreeMatcher,35,15,31,1,0,3,0,0,135,3,0,0.5,,500,,,,,1,,,
CompleteGumtreeMatcher,35,15,31,1,0,3,0,0,135,3,0,0.5,,600,,,,,1,,,
CompleteGumtreeMatcher,35,15,31,1,0,3,0,0,135,3,0,0.5,,700,,,,,1,,,
CompleteGumtreeMatcher,35,15,31,1,0,3,0,0,135,3,0,0.5,,800,,,,,1,,,
CompleteGumtreeMatcher,35,15,31,1,0,3,0,0,135,3,0,0.5,,900,,,,,1,,,
CompleteGumtreeMatcher,35,15,31,1,0,3,0,0,135,3,0,0.5,,1000,,,,,1,,,
CompleteGumtreeMatcher,35,15,31,1,0,3,0,0,135,3,0,0.5,,1100,,,,,1,,,
CompleteGumtreeMatcher,35,15,31,1,0,3,0,0,135,3,0,0.5,,1200,,,,,1,,,
CompleteGumtreeMatcher,35,15,31,1,0,3,0,0,135,3,0,0.5,,1300,,,,,1,,,
CompleteGumtreeMatcher,35,15,31,1,0,3,0,0,135,3,0,0.5,,1400,,,,,1,,,
CompleteGumtreeMatcher,35,15,31,1,0,3,0,0,135,3,0,0.5,,1500,,,,,1,,,
CompleteGumtreeMatcher,35,15,31,1,0,3,0,0,135,3,0,0.5,,1600,,,,,1,,,
CompleteGumtreeMatcher,35,15,31,1,0,3,0,0,135,3,0,0.5,,1700,,,,,1,,,
CompleteGumtreeMatcher,35,15,31,1,0,3,0,0,135,3,0,0.5,,1800,,,,,1,,,
CompleteGumtreeMatcher,35,15,31,1,0,3,0,0,135,3,0,0.5,,1900,,,,,1,,,
CompleteGumtreeMatcher,35,15,31,1,0,3,0,0,134,3,0,0.5,,2000,,,,,1,,,
CompleteGumtreeMatcher,140,16,71,55,0,14,0,0,1,3,0,0.5,,100,,,,,2,,,
CompleteGumtreeMatcher,140,16,71,55,0,14,0,0,0,3,0,0.5,,200,,,,,2,,,
CompleteGumtreeMatcher,140,16,71,55,0,14,0,0,1,3,0,0.5,,300,,,,,2,,,
CompleteGumtreeMatcher,21,9,17,1,0,3,0,0,135,3,0,0.5,,400,,,,,2,,,
CompleteGumtreeMatcher,21,9,17,1,0,3,0,0,135,3,0,0.5,,500,,,,,2,,,
CompleteGumtreeMatcher,21,9,17,1,0,3,0,0,135,3,0,0.5,,600,,,,,2,,,
CompleteGumtreeMatcher,21,9,17,1,0,3,0,0,134,3,0,0.5,,700,,,,,2,,,
CompleteGumtreeMatcher,21,9,17,1,0,3,0,0,135,3,0,0.5,,800,,,,,2,,,
CompleteGumtreeMatcher,21,9,17,1,0,3,0,0,135,3,0,0.5,,900,,,,,2,,,
CompleteGumtreeMatcher,21,9,17,1,0,3,0,0,134,3,0,0.5,,1000,,,,,2,,,
CompleteGumtreeMatcher,21,9,17,1,0,3,0,0,135,3,0,0.5,,1100,,,,,2,,,
CompleteGumtreeMatcher,21,9,17,1,0,3,0,0,135,3,0,0.5,,1200,,,,,2,,,
CompleteGumtreeMatcher,21,9,17,1,0,3,0,0,135,3,0,0.5,,1300,,,,,2,,,
CompleteGumtreeMatcher,21,9,17,1,0,3,0,0,135,3,0,0.5,,1400,,,,,2,,,
CompleteGumtreeMatcher,21,9,17,1,0,3,0,0,135,3,0,0.5,,1500,,,,,2,,,
CompleteGumtreeMatcher,21,9,17,1,0,3,0,0,135,3,0,0.5,,1600,,,,,2,,,
CompleteGumtreeMatcher,21,9,17,1,0,3,0,0,135,3,0,0.5,,1700,,,,,2,,,
CompleteGumtreeMatcher,21,9,17,1,0,3,0,0,134,3,0,0.5,,1800,,,,,2,,,
CompleteGumtreeMatcher,21,9,17,1,0,3,0,0,134,3,0,0.5,,1900,,,,,2,,,
CompleteGumtreeMatcher,21,9,17,1,0,3,0,0,135,3,0,0.5,,2000,,,,,2,,,
CompleteGumtreeMatcher,202,8,106,90,0,6,0,0,0,3,0,0.5,,100,,,,,3,,,
CompleteGumtreeMatcher,202,8,106,90,0,6,0,0,0,3,0,0.5,,200,,,,,3,,,
CompleteGumtreeMatcher,202,8,106,90,0,6,0,0,0,3,0,0.5,,300,,,,,3,,,
CompleteGumtreeMatcher,21,9,17,1,0,3,0,0,134,3,0,0.5,,400,,,,,3,,,
CompleteGumtreeMatcher,21,9,17,1,0,3,0,0,135,3,0,0.5,,500,,,,,3,,,
CompleteGumtreeMatcher,21,9,17,1,0,3,0,0,136,3,0,0.5,,600,,,,,3,,,
CompleteGumtreeMatcher,21,9,17,1,0,3,0,0,134,3,0,0.5,,700,,,,,3,,,
CompleteGumtreeMatcher,21,9,17,1,0,3,0,0,135,3,0,0.5,,800,,,,,3,,,
CompleteGumtreeMatcher,21,9,17,1,0,3,0,0,135,3,0,0.5,,900,,,,,3,,,
CompleteGumtreeMatcher,21,9,17,1,0,3,0,0,135,3,0,0.5,,1000,,,,,3,,,
CompleteGumtreeMatcher,21,9,17,1,0,3,0,0,135,3,0,0.5,,1100,,,,,3,,,
CompleteGumtreeMatcher,21,9,17,1,0,3,0,0,135,3,0,0.5,,1200,,,,,3,,,
CompleteGumtreeMatcher,21,9,17,1,0,3,0,0,135,3,0,0.5,,1300,,,,,3,,,
CompleteGumtreeMatcher,21,9,17,1,0,3,0,0,135,3,0,0.5,,1400,,,,,3,,,
CompleteGumtreeMatcher,21,9,17,1,0,3,0,0,135,3,0,0.5,,1500,,,,,3,,,
CompleteGumtreeMatcher,21,9,17,1,0,3,0,0,135,3,0,0.5,,1600,,,,,3,,,
CompleteGumtreeMatcher,21,9,17,1,0,3,0,0,136,3,0,0.5,,1700,,,,,3,,,
CompleteGumtreeMatcher,21,9,17,1,0,3,0,0,135,3,0,0.5,,1800,,,,,3,,,
CompleteGumtreeMatcher,21,9,17,1,0,3,0,0,135,3,0,0.5,,1900,,,,,3,,,
CompleteGumtreeMatcher,21,9,17,1,0,3,0,0,134,3,0,0.5,,2000,,,,,3,,,
CompleteGumtreeMatcher,213,7,112,96,0,5,0,0,1,3,0,0.5,,100,,,,,4,,,
CompleteGumtreeMatcher,213,7,112,96,0,5,0,0,1,3,0,0.5,,200,,,,,4,,,
CompleteGumtreeMatcher,213,7,112,96,0,5,0,0,1,3,0,0.5,,300,,,,,4,,,
CompleteGumtreeMatcher,21,9,17,1,0,3,0,0,134,3,0,0.5,,400,,,,,4,,,
CompleteGumtreeMatcher,21,9,17,1,0,3,0,0,134,3,0,0.5,,500,,,,,4,,,
CompleteGumtreeMatcher,21,9,17,1,0,3,0,0,134,3,0,0.5,,600,,,,,4,,,
CompleteGumtreeMatcher,21,9,17,1,0,3,0,0,135,3,0,0.5,,700,,,,,4,,,
CompleteGumtreeMatcher,21,9,17,1,0,3,0,0,134,3,0,0.5,,800,,,,,4,,,
CompleteGumtreeMatcher,21,9,17,1,0,3,0,0,134,3,0,0.5,,900,,,,,4,,,
CompleteGumtreeMatcher,21,9,17,1,0,3,0,0,134,3,0,0.5,,1000,,,,,4,,,
CompleteGumtreeMatcher,21,9,17,1,0,3,0,0,135,3,0,0.5,,1100,,,,,4,,,
CompleteGumtreeMatcher,21,9,17,1,0,3,0,0,135,3,0,0.5,,1200,,,,,4,,,
CompleteGumtreeMatcher,21,9,17,1,0,3,0,0,135,3,0,0.5,,1300,,,,,4,,,
CompleteGumtreeMatcher,21,9,17,1,0,3,0,0,135,3,0,0.5,,1400,,,,,4,,,
CompleteGumtreeMatcher,21,9,17,1,0,3,0,0,134,3,0,0.5,,1500,,,,,4,,,
CompleteGumtreeMatcher,21,9,17,1,0,3,0,0,135,3,0,0.5,,1600,,,,,4,,,
CompleteGumtreeMatcher,21,9,17,1,0,3,0,0,134,3,0,0.5,,1700,,,,,4,,,
CompleteGumtreeMatcher,21,9,17,1,0,3,0,0,135,3,0,0.5,,1800,,,,,4,,,
CompleteGumtreeMatcher,21,9,17,1,0,3,0,0,135,3,0,0.5,,1900,,,,,4,,,
CompleteGumtreeMatcher,21,9,17,1,0,3,0,0,135,3,0,0.5,,2000,,,,,4,,,
CompleteGumtreeMatcher,236,6,124,108,0,4,0,0,1,3,0,0.5,,100,,,,,5,,,
CompleteGumtreeMatcher,236,6,124,108,0,4,0,0,0,3,0,0.5,,200,,,,,5,,,
CompleteGumtreeMatcher,236,6,124,108,0,4,0,0,0,3,0,0.5,,300,,,,,5,,,
CompleteGumtreeMatcher,21,9,17,1,0,3,0,0,135,3,0,0.5,,400,,,,,5,,,
CompleteGumtreeMatcher,21,9,17,1,0,3,0,0,135,3,0,0.5,,500,,,,,5,,,
CompleteGumtreeMatcher,21,9,17,1,0,3,0,0,134,3,0,0.5,,600,,,,,5,,,
CompleteGumtreeMatcher,21,9,17,1,0,3,0,0,134,3,0,0.5,,700,,,,,5,,,
CompleteGumtreeMatcher,21,9,17,1,0,3,0,0,135,3,0,0.5,,800,,,,,5,,,
CompleteGumtreeMatcher,21,9,17,1,0,3,0,0,134,3,0,0.5,,900,,,,,5,,,
CompleteGumtreeMatcher,21,9,17,1,0,3,0,0,135,3,0,0.5,,1000,,,,,5,,,
CompleteGumtreeMatcher,21,9,17,1,0,3,0,0,134,3,0,0.5,,1100,,,,,5,,,
CompleteGumtreeMatcher,21,9,17,1,0,3,0,0,134,3,0,0.5,,1200,,,,,5,,,
CompleteGumtreeMatcher,21,9,17,1,0,3,0,0,134,3,0,0.5,,1300,,,,,5,,,
CompleteGumtreeMatcher,21,9,17,1,0,3,0,0,134,3,0,0.5,,1400,,,,,5,,,
CompleteGumtreeMatcher,21,9,17,1,0,3,0,0,135,3,0,0.5,,1500,,,,,5,,,
CompleteGumtreeMatcher,21,9,17,1,0,3,0,0,135,3,0,0.5,,1600,,,,,5,,,
CompleteGumtreeMatcher,21,9,17,1,0,3,0,0,137,3,0,0.5,,1700,,,,,5,,,
CompleteGumtreeMatcher,21,9,17,1,0,3,0,0,134,3,0,0.5,,1800,,,,,5,,,
CompleteGumtreeMatcher,21,9,17,1,0,3,0,0,135,3,0,0.5,,1900,,,,,5,,,
CompleteGumtreeMatcher,21,9,17,1,0,3,0,0,134,3,0,0.5,,2000,,,,,5,,,
CompleteGumtreeMatcher,100,24,54,24,0,22,0,0,1,3,0,0.6,,100,,,,,1,,,
CompleteGumtreeMatcher,100,24,54,24,0,22,0,0,1,3,0,0.6,,200,,,,,1,,,
CompleteGumtreeMatcher,100,24,54,24,0,22,0,0,1,3,0,0.6,,300,,,,,1,,,
CompleteGumtreeMatcher,35,15,31,1,0,3,0,0,135,3,0,0.6,,400,,,,,1,,,
CompleteGumtreeMatcher,35,15,31,1,0,3,0,0,135,3,0,0.6,,500,,,,,1,,,
CompleteGumtreeMatcher,35,15,31,1,0,3,0,0,135,3,0,0.6,,600,,,,,1,,,
CompleteGumtreeMatcher,35,15,31,1,0,3,0,0,135,3,0,0.6,,700,,,,,1,,,
CompleteGumtreeMatcher,35,15,31,1,0,3,0,0,134,3,0,0.6,,800,,,,,1,,,
CompleteGumtreeMatcher,35,15,31,1,0,3,0,0,134,3,0,0.6,,900,,,,,1,,,
CompleteGumtreeMatcher,35,15,31,1,0,3,0,0,135,3,0,0.6,,1000,,,,,1,,,
CompleteGumtreeMatcher,35,15,31,1,0,3,0,0,134,3,0,0.6,,1100,,,,,1,,,
CompleteGumtreeMatcher,35,15,31,1,0,3,0,0,135,3,0,0.6,,1200,,,,,1,,,
CompleteGumtreeMatcher,35,15,31,1,0,3,0,0,135,3,0,0.6,,1300,,,,,1,,,
CompleteGumtreeMatcher,35,15,31,1,0,3,0,0,135,3,0,0.6,,1400,,,,,1,,,
CompleteGumtreeMatcher,35,15,31,1,0,3,0,0,135,3,0,0.6,,1500,,,,,1,,,
CompleteGumtreeMatcher,35,15,31,1,0,3,0,0,135,3,0,0.6,,1600,,,,,1,,,
CompleteGumtreeMatcher,35,15,31,1,0,3,0,0,135,3,0,0.6,,1700,,,,,1,,,
CompleteGumtreeMatcher,35,15,31,1,0,3,0,0,135,3,0,0.6,,1800,,,,,1,,,
CompleteGumtreeMatcher,35,15,31,1,0,3,0,0,139,3,0,0.6,,1900,,,,,1,,,
CompleteGumtreeMatcher,35,15,31,1,0,3,0,0,138,3,0,0.6,,2000,,,,,1,,,
CompleteGumtreeMatcher,140,16,71,55,0,14,0,0,1,3,0,0.6,,100,,,,,2,,,
CompleteGumtreeMatcher,140,16,71,55,0,14,0,0,1,3,0,0.6,,200,,,,,2,,,
CompleteGumtreeMatcher,140,16,71,55,0,14,0,0,1,3,0,0.6,,300,,,,,2,,,
CompleteGumtreeMatcher,21,9,17,1,0,3,0,0,137,3,0,0.6,,400,,,,,2,,,
CompleteGumtreeMatcher,21,9,17,1,0,3,0,0,138,3,0,0.6,,500,,,,,2,,,
CompleteGumtreeMatcher,21,9,17,1,0,3,0,0,138,3,0,0.6,,600,,,,,2,,,
CompleteGumtreeMatcher,21,9,17,1,0,3,0,0,137,3,0,0.6,,700,,,,,2,,,
CompleteGumtreeMatcher,21,9,17,1,0,3,0,0,138,3,0,0.6,,800,,,,,2,,,
CompleteGumtreeMatcher,21,9,17,1,0,3,0,0,138,3,0,0.6,,900,,,,,2,,,
CompleteGumtreeMatcher,21,9,17,1,0,3,0,0,139,3,0,0.6,,1000,,,,,2,,,
CompleteGumtreeMatcher,21,9,17,1,0,3,0,0,138,3,0,0.6,,1100,,,,,2,,,
CompleteGumtreeMatcher,21,9,17,1,0,3,0,0,134,3,0,0.6,,1200,,,,,2,,,
CompleteGumtreeMatcher,21,9,17,1,0,3,0,0,135,3,0,0.6,,1300,,,,,2,,,
CompleteGumtreeMatcher,21,9,17,1,0,3,0,0,135,3,0,0.6,,1400,,,,,2,,,
CompleteGumtreeMatcher,21,9,17,1,0,3,0,0,134,3,0,0.6,,1500,,,,,2,,,
CompleteGumtreeMatcher,21,9,17,1,0,3,0,0,134,3,0,0.6,,1600,,,,,2,,,
CompleteGumtreeMatcher,21,9,17,1,0,3,0,0,135,3,0,0.6,,1700,,,,,2,,,
CompleteGumtreeMatcher,21,9,17,1,0,3,0,0,134,3,0,0.6,,1800,,,,,2,,,
CompleteGumtreeMatcher,21,9,17,1,0,3,0,0,134,3,0,0.6,,1900,,,,,2,,,
CompleteGumtreeMatcher,21,9,17,1,0,3,0,0,135,3,0,0.6,,2000,,,,,2,,,
CompleteGumtreeMatcher,202,8,106,90,0,6,0,0,0,3,0,0.6,,100,,,,,3,,,
CompleteGumtreeMatcher,202,8,106,90,0,6,0,0,1,3,0,0.6,,200,,,,,3,,,
CompleteGumtreeMatcher,202,8,106,90,0,6,0,0,1,3,0,0.6,,300,,,,,3,,,
CompleteGumtreeMatcher,21,9,17,1,0,3,0,0,138,3,0,0.6,,400,,,,,3,,,
CompleteGumtreeMatcher,21,9,17,1,0,3,0,0,135,3,0,0.6,,500,,,,,3,,,
CompleteGumtreeMatcher,21,9,17,1,0,3,0,0,135,3,0,0.6,,600,,,,,3,,,
CompleteGumtreeMatcher,21,9,17,1,0,3,0,0,135,3,0,0.6,,700,,,,,3,,,
CompleteGumtreeMatcher,21,9,17,1,0,3,0,0,135,3,0,0.6,,800,,,,,3,,,
CompleteGumtreeMatcher,21,9,17,1,0,3,0,0,135,3,0,0.6,,900,,,,,3,,,
CompleteGumtreeMatcher,21,9,17,1,0,3,0,0,135,3,0,0.6,,1000,,,,,3,,,
CompleteGumtreeMatcher,21,9,17,1,0,3,0,0,135,3,0,0.6,,1100,,,,,3,,,
CompleteGumtreeMatcher,21,9,17,1,0,3,0,0,135,3,0,0.6,,1200,,,,,3,,,
CompleteGumtreeMatcher,21,9,17,1,0,3,0,0,135,3,0,0.6,,1300,,,,,3,,,
CompleteGumtreeMatcher,21,9,17,1,0,3,0,0,135,3,0,0.6,,1400,,,,,3,,,
CompleteGumtreeMatcher,21,9,17,1,0,3,0,0,135,3,0,0.6,,1500,,,,,3,,,
CompleteGumtreeMatcher,21,9,17,1,0,3,0,0,134,3,0,0.6,,1600,,,,,3,,,
CompleteGumtreeMatcher,21,9,17,1,0,3,0,0,134,3,0,0.6,,1700,,,,,3,,,
CompleteGumtreeMatcher,21,9,17,1,0,3,0,0,134,3,0,0.6,,1800,,,,,3,,,
CompleteGumtreeMatcher,21,9,17,1,0,3,0,0,135,3,0,0.6,,1900,,,,,3,,,
CompleteGumtreeMatcher,21,9,17,1,0,3,0,0,134,3,0,0.6,,2000,,,,,3,,,
CompleteGumtreeMatcher,213,7,112,96,0,5,0,0,1,3,0,0.6,,100,,,,,4,,,
CompleteGumtreeMatcher,213,7,112,96,0,5,0,0,1,3,0,0.6,,200,,,,,4,,,
CompleteGumtreeMatcher,213,7,112,96,0,5,0,0,1,3,0,0.6,,300,,,,,4,,,
CompleteGumtreeMatcher,21,9,17,1,0,3,0,0,135,3,0,0.6,,400,,,,,4,,,
CompleteGumtreeMatcher,21,9,17,1,0,3,0,0,134,3,0,0.6,,500,,,,,4,,,
CompleteGumtreeMatcher,21,9,17,1,0,3,0,0,134,3,0,0.6,,600,,,,,4,,,
CompleteGumtreeMatcher,21,9,17,1,0,3,0,0,134,3,0,0.6,,700,,,,,4,,,
CompleteGumtreeMatcher,21,9,17,1,0,3,0,0,134,3,0,0.6,,800,,,,,4,,,
CompleteGumtreeMatcher,21,9,17,1,0,3,0,0,135,3,0,0.6,,900,,,,,4,,,
CompleteGumtreeMatcher,21,9,17,1,0,3,0,0,135,3,0,0.6,,1000,,,,,4,,,
CompleteGumtreeMatcher,21,9,17,1,0,3,0,0,135,3,0,0.6,,1100,,,,,4,,,
CompleteGumtreeMatcher,21,9,17,1,0,3,0,0,134,3,0,0.6,,1200,,,,,4,,,
CompleteGumtreeMatcher,21,9,17,1,0,3,0,0,135,3,0,0.6,,1300,,,,,4,,,
CompleteGumtreeMatcher,21,9,17,1,0,3,0,0,134,3,0,0.6,,1400,,,,,4,,,
CompleteGumtreeMatcher,21,9,17,1,0,3,0,0,135,3,0,0.6,,1500,,,,,4,,,
CompleteGumtreeMatcher,21,9,17,1,0,3,0,0,135,3,0,0.6,,1600,,,,,4,,,
CompleteGumtreeMatcher,21,9,17,1,0,3,0,0,135,3,0,0.6,,1700,,,,,4,,,
CompleteGumtreeMatcher,21,9,17,1,0,3,0,0,135,3,0,0.6,,1800,,,,,4,,,
CompleteGumtreeMatcher,21,9,17,1,0,3,0,0,134,3,0,0.6,,1900,,,,,4,,,
CompleteGumtreeMatcher,21,9,17,1,0,3,0,0,134,3,0,0.6,,2000,,,,,4,,,
CompleteGumtreeMatcher,236,6,124,108,0,4,0,0,1,3,0,0.6,,100,,,,,5,,,
CompleteGumtreeMatcher,236,6,124,108,0,4,0,0,1,3,0,0.6,,200,,,,,5,,,
CompleteGumtreeMatcher,236,6,124,108,0,4,0,0,0,3,0,0.6,,300,,,,,5,,,
CompleteGumtreeMatcher,21,9,17,1,0,3,0,0,134,3,0,0.6,,400,,,,,5,,,
CompleteGumtreeMatcher,21,9,17,1,0,3,0,0,135,3,0,0.6,,500,,,,,5,,,
CompleteGumtreeMatcher,21,9,17,1,0,3,0,0,134,3,0,0.6,,600,,,,,5,,,
CompleteGumtreeMatcher,21,9,17,1,0,3,0,0,135,3,0,0.6,,700,,,,,5,,,
CompleteGumtreeMatcher,21,9,17,1,0,3,0,0,134,3,0,0.6,,800,,,,,5,,,
CompleteGumtreeMatcher,21,9,17,1,0,3,0,0,134,3,0,0.6,,900,,,,,5,,,
CompleteGumtreeMatcher,21,9,17,1,0,3,0,0,134,3,0,0.6,,1000,,,,,5,,,
CompleteGumtreeMatcher,21,9,17,1,0,3,0,0,134,3,0,0.6,,1100,,,,,5,,,
CompleteGumtreeMatcher,21,9,17,1,0,3,0,0,135,3,0,0.6,,1200,,,,,5,,,
CompleteGumtreeMatcher,21,9,17,1,0,3,0,0,135,3,0,0.6,,1300,,,,,5,,,
CompleteGumtreeMatcher,21,9,17,1,0,3,0,0,135,3,0,0.6,,1400,,,,,5,,,
CompleteGumtreeMatcher,21,9,17,1,0,3,0,0,134,3,0,0.6,,1500,,,,,5,,,
CompleteGumtreeMatcher,21,9,17,1,0,3,0,0,135,3,0,0.6,,1600,,,,,5,,,
CompleteGumtreeMatcher,21,9,17,1,0,3,0,0,134,3,0,0.6,,1700,,,,,5,,,
CompleteGumtreeMatcher,21,9,17,1,0,3,0,0,135,3,0,0.6,,1800,,,,,5,,,
CompleteGumtreeMatcher,21,9,17,1,0,3,0,0,135,3,0,0.6,,1900,,,,,5,,,
CompleteGumtreeMatcher,21,9,17,1,0,3,0,0,135,3,0,0.6,,2000,,,,,5,,,
CompleteGumtreeMatcher,100,24,54,24,0,22,0,0,1,3,0,0.7,,100,,,,,1,,,
CompleteGumtreeMatcher,100,24,54,24,0,22,0,0,1,3,0,0.7,,200,,,,,1,,,
CompleteGumtreeMatcher,100,24,54,24,0,22,0,0,1,3,0,0.7,,300,,,,,1,,,
CompleteGumtreeMatcher,35,15,31,1,0,3,0,0,135,3,0,0.7,,400,,,,,1,,,
CompleteGumtreeMatcher,35,15,31,1,0,3,0,0,134,3,0,0.7,,500,,,,,1,,,
CompleteGumtreeMatcher,35,15,31,1,0,3,0,0,134,3,0,0.7,,600,,,,,1,,,
CompleteGumtreeMatcher,35,15,31,1,0,3,0,0,135,3,0,0.7,,700,,,,,1,,,
CompleteGumtreeMatcher,35,15,31,1,0,3,0,0,135,3,0,0.7,,800,,,,,1,,,
CompleteGumtreeMatcher,35,15,31,1,0,3,0,0,134,3,0,0.7,,900,,,,,1,,,
CompleteGumtreeMatcher,35,15,31,1,0,3,0,0,135,3,0,0.7,,1000,,,,,1,,,
CompleteGumtreeMatcher,35,15,31,1,0,3,0,0,135,3,0,0.7,,1100,,,,,1,,,
CompleteGumtreeMatcher,35,15,31,1,0,3,0,0,135,3,0,0.7,,1200,,,,,1,,,
CompleteGumtreeMatcher,35,15,31,1,0,3,0,0,134,3,0,0.7,,1300,,,,,1,,,
CompleteGumtreeMatcher,35,15,31,1,0,3,0,0,134,3,0,0.7,,1400,,,,,1,,,
CompleteGumtreeMatcher,35,15,31,1,0,3,0,0,135,3,0,0.7,,1500,,,,,1,,,
CompleteGumtreeMatcher,35,15,31,1,0,3,0,0,135,3,0,0.7,,1600,,,,,1,,,
CompleteGumtreeMatcher,35,15,31,1,0,3,0,0,134,3,0,0.7,,1700,,,,,1,,,
CompleteGumtreeMatcher,35,15,31,1,0,3,0,0,135,3,0,0.7,,1800,,,,,1,,,
CompleteGumtreeMatcher,35,15,31,1,0,3,0,0,135,3,0,0.7,,1900,,,,,1,,,
CompleteGumtreeMatcher,35,15,31,1,0,3,0,0,134,3,0,0.7,,2000,,,,,1,,,
CompleteGumtreeMatcher,140,16,71,55,0,14,0,0,0,3,0,0.7,,100,,,,,2,,,
CompleteGumtreeMatcher,140,16,71,55,0,14,0,0,1,3,0,0.7,,200,,,,,2,,,
CompleteGumtreeMatcher,140,16,71,55,0,14,0,0,1,3,0,0.7,,300,,,,,2,,,
CompleteGumtreeMatcher,21,9,17,1,0,3,0,0,134,3,0,0.7,,400,,,,,2,,,
CompleteGumtreeMatcher,21,9,17,1,0,3,0,0,135,3,0,0.7,,500,,,,,2,,,
CompleteGumtreeMatcher,21,9,17,1,0,3,0,0,135,3,0,0.7,,600,,,,,2,,,
CompleteGumtreeMatcher,21,9,17,1,0,3,0,0,135,3,0,0.7,,700,,,,,2,,,
CompleteGumtreeMatcher,21,9,17,1,0,3,0,0,135,3,0,0.7,,800,,,,,2,,,
CompleteGumtreeMatcher,21,9,17,1,0,3,0,0,134,3,0,0.7,,900,,,,,2,,,
CompleteGumtreeMatcher,21,9,17,1,0,3,0,0,135,3,0,0.7,,1000,,,,,2,,,
CompleteGumtreeMatcher,21,9,17,1,0,3,0,0,136,3,0,0.7,,1100,,,,,2,,,
CompleteGumtreeMatcher,21,9,17,1,0,3,0,0,135,3,0,0.7,,1200,,,,,2,,,
CompleteGumtreeMatcher,21,9,17,1,0,3,0,0,135,3,0,0.7,,1300,,,,,2,,,
CompleteGumtreeMatcher,21,9,17,1,0,3,0,0,135,3,0,0.7,,1400,,,,,2,,,
CompleteGumtreeMatcher,21,9,17,1,0,3,0,0,134,3,0,0.7,,1500,,,,,2,,,
CompleteGumtreeMatcher,21,9,17,1,0,3,0,0,134,3,0,0.7,,1600,,,,,2,,,
CompleteGumtreeMatcher,21,9,17,1,0,3,0,0,134,3,0,0.7,,1700,,,,,2,,,
CompleteGumtreeMatcher,21,9,17,1,0,3,0,0,134,3,0,0.7,,1800,,,,,2,,,
CompleteGumtreeMatcher,21,9,17,1,0,3,0,0,135,3,0,0.7,,1900,,,,,2,,,
CompleteGumtreeMatcher,21,9,17,1,0,3,0,0,134,3,0,0.7,,2000,,,,,2,,,
CompleteGumtreeMatcher,202,8,106,90,0,6,0,0,1,3,0,0.7,,100,,,,,3,,,
CompleteGumtreeMatcher,202,8,106,90,0,6,0,0,1,3,0,0.7,,200,,,,,3,,,
CompleteGumtreeMatcher,202,8,106,90,0,6,0,0,0,3,0,0.7,,300,,,,,3,,,
CompleteGumtreeMatcher,21,9,17,1,0,3,0,0,135,3,0,0.7,,400,,,,,3,,,
CompleteGumtreeMatcher,21,9,17,1,0,3,0,0,135,3,0,0.7,,500,,,,,3,,,
CompleteGumtreeMatcher,21,9,17,1,0,3,0,0,134,3,0,0.7,,600,,,,,3,,,
CompleteGumtreeMatcher,21,9,17,1,0,3,0,0,134,3,0,0.7,,700,,,,,3,,,
CompleteGumtreeMatcher,21,9,17,1,0,3,0,0,135,3,0,0.7,,800,,,,,3,,,
CompleteGumtreeMatcher,21,9,17,1,0,3,0,0,135,3,0,0.7,,900,,,,,3,,,
CompleteGumtreeMatcher,21,9,17,1,0,3,0,0,135,3,0,0.7,,1000,,,,,3,,,
CompleteGumtreeMatcher,21,9,17,1,0,3,0,0,135,3,0,0.7,,1100,,,,,3,,,
CompleteGumtreeMatcher,21,9,17,1,0,3,0,0,138,3,0,0.7,,1200,,,,,3,,,
CompleteGumtreeMatcher,21,9,17,1,0,3,0,0,135,3,0,0.7,,1300,,,,,3,,,
CompleteGumtreeMatcher,21,9,17,1,0,3,0,0,134,3,0,0.7,,1400,,,,,3,,,
CompleteGumtreeMatcher,21,9,17,1,0,3,0,0,134,3,0,0.7,,1500,,,,,3,,,
CompleteGumtreeMatcher,21,9,17,1,0,3,0,0,134,3,0,0.7,,1600,,,,,3,,,
CompleteGumtreeMatcher,21,9,17,1,0,3,0,0,135,3,0,0.7,,1700,,,,,3,,,
CompleteGumtreeMatcher,21,9,17,1,0,3,0,0,134,3,0,0.7,,1800,,,,,3,,,
CompleteGumtreeMatcher,21,9,17,1,0,3,0,0,134,3,0,0.7,,1900,,,,,3,,,
CompleteGumtreeMatcher,21,9,17,1,0,3,0,0,134,3,0,0.7,,2000,,,,,3,,,
CompleteGumtreeMatcher,213,7,112,96,0,5,0,0,0,3,0,0.7,,100,,,,,4,,,
CompleteGumtreeMatcher,213,7,112,96,0,5,0,0,1,3,0,0.7,,200,,,,,4,,,
CompleteGumtreeMatcher,213,7,112,96,0,5,0,0,1,3,0,0.7,,300,,,,,4,,,
CompleteGumtreeMatcher,21,9,17,1,0,3,0,0,134,3,0,0.7,,400,,,,,4,,,
CompleteGumtreeMatcher,21,9,17,1,0,3,0,0,134,3,0,0.7,,500,,,,,4,,,
CompleteGumtreeMatcher,21,9,17,1,0,3,0,0,135,3,0,0.7,,600,,,,,4,,,
CompleteGumtreeMatcher,21,9,17,1,0,3,0,0,135,3,0,0.7,,700,,,,,4,,,
CompleteGumtreeMatcher,21,9,17,1,0,3,0,0,135,3,0,0.7,,800,,,,,4,,,
CompleteGumtreeMatcher,21,9,17,1,0,3,0,0,135,3,0,0.7,,900,,,,,4,,,
CompleteGumtreeMatcher,21,9,17,1,0,3,0,0,134,3,0,0.7,,1000,,,,,4,,,
CompleteGumtreeMatcher,21,9,17,1,0,3,0,0,135,3,0,0.7,,1100,,,,,4,,,
CompleteGumtreeMatcher,21,9,17,1,0,3,0,0,135,3,0,0.7,,1200,,,,,4,,,
CompleteGumtreeMatcher,21,9,17,1,0,3,0,0,135,3,0,0.7,,1300,,,,,4,,,
CompleteGumtreeMatcher,21,9,17,1,0,3,0,0,135,3,0,0.7,,1400,,,,,4,,,
CompleteGumtreeMatcher,21,9,17,1,0,3,0,0,135,3,0,0.7,,1500,,,,,4,,,
CompleteGumtreeMatcher,21,9,17,1,0,3,0,0,134,3,0,0.7,,1600,,,,,4,,,
CompleteGumtreeMatcher,21,9,17,1,0,3,0,0,134,3,0,0.7,,1700,,,,,4,,,
CompleteGumtreeMatcher,21,9,17,1,0,3,0,0,134,3,0,0.7,,1800,,,,,4,,,
CompleteGumtreeMatcher,21,9,17,1,0,3,0,0,134,3,0,0.7,,1900,,,,,4,,,
CompleteGumtreeMatcher,21,9,17,1,0,3,0,0,135,3,0,0.7,,2000,,,,,4,,,
CompleteGumtreeMatcher,236,6,124,108,0,4,0,0,0,3,0,0.7,,100,,,,,5,,,
CompleteGumtreeMatcher,236,6,124,108,0,4,0,0,1,3,0,0.7,,200,,,,,5,,,
CompleteGumtreeMatcher,236,6,124,108,0,4,0,0,1,3,0,0.7,,300,,,,,5,,,
CompleteGumtreeMatcher,21,9,17,1,0,3,0,0,135,3,0,0.7,,400,,,,,5,,,
CompleteGumtreeMatcher,21,9,17,1,0,3,0,0,135,3,0,0.7,,500,,,,,5,,,
CompleteGumtreeMatcher,21,9,17,1,0,3,0,0,134,3,0,0.7,,600,,,,,5,,,
CompleteGumtreeMatcher,21,9,17,1,0,3,0,0,134,3,0,0.7,,700,,,,,5,,,
CompleteGumtreeMatcher,21,9,17,1,0,3,0,0,134,3,0,0.7,,800,,,,,5,,,
CompleteGumtreeMatcher,21,9,17,1,0,3,0,0,135,3,0,0.7,,900,,,,,5,,,
CompleteGumtreeMatcher,21,9,17,1,0,3,0,0,134,3,0,0.7,,1000,,,,,5,,,
CompleteGumtreeMatcher,21,9,17,1,0,3,0,0,134,3,0,0.7,,1100,,,,,5,,,
CompleteGumtreeMatcher,21,9,17,1,0,3,0,0,135,3,0,0.7,,1200,,,,,5,,,
CompleteGumtreeMatcher,21,9,17,1,0,3,0,0,134,3,0,0.7,,1300,,,,,5,,,
CompleteGumtreeMatcher,21,9,17,1,0,3,0,0,134,3,0,0.7,,1400,,,,,5,,,
CompleteGumtreeMatcher,21,9,17,1,0,3,0,0,134,3,0,0.7,,1500,,,,,5,,,
CompleteGumtreeMatcher,21,9,17,1,0,3,0,0,135,3,0,0.7,,1600,,,,,5,,,
CompleteGumtreeMatcher,21,9,17,1,0,3,0,0,135,3,0,0.7,,1700,,,,,5,,,
CompleteGumtreeMatcher,21,9,17,1,0,3,0,0,135,3,0,0.7,,1800,,,,,5,,,
CompleteGumtreeMatcher,21,9,17,1,0,3,0,0,134,3,0,0.7,,1900,,,,,5,,,
CompleteGumtreeMatcher,21,9,17,1,0,3,0,0,135,3,0,0.7,,2000,,,,,5,,,
CompleteGumtreeMatcher,100,24,54,24,0,22,0,0,1,3,0,0.799,,100,,,,,1,,,
CompleteGumtreeMatcher,100,24,54,24,0,22,0,0,1,3,0,0.799,,200,,,,,1,,,
CompleteGumtreeMatcher,100,24,54,24,0,22,0,0,1,3,0,0.799,,300,,,,,1,,,
CompleteGumtreeMatcher,35,15,31,1,0,3,0,0,134,3,0,0.799,,400,,,,,1,,,
CompleteGumtreeMatcher,35,15,31,1,0,3,0,0,135,3,0,0.799,,500,,,,,1,,,
CompleteGumtreeMatcher,35,15,31,1,0,3,0,0,135,3,0,0.799,,600,,,,,1,,,
CompleteGumtreeMatcher,35,15,31,1,0,3,0,0,135,3,0,0.799,,700,,,,,1,,,
CompleteGumtreeMatcher,35,15,31,1,0,3,0,0,135,3,0,0.799,,800,,,,,1,,,
CompleteGumtreeMatcher,35,15,31,1,0,3,0,0,134,3,0,0.799,,900,,,,,1,,,
CompleteGumtreeMatcher,35,15,31,1,0,3,0,0,134,3,0,0.799,,1000,,,,,1,,,
CompleteGumtreeMatcher,35,15,31,1,0,3,0,0,134,3,0,0.799,,1100,,,,,1,,,
CompleteGumtreeMatcher,35,15,31,1,0,3,0,0,135,3,0,0.799,,1200,,,,,1,,,
CompleteGumtreeMatcher,35,15,31,1,0,3,0,0,134,3,0,0.799,,1300,,,,,1,,,
CompleteGumtreeMatcher,35,15,31,1,0,3,0,0,135,3,0,0.799,,1400,,,,,1,,,
CompleteGumtreeMatcher,35,15,31,1,0,3,0,0,135,3,0,0.799,,1500,,,,,1,,,
CompleteGumtreeMatcher,35,15,31,1,0,3,0,0,135,3,0,0.799,,1600,,,,,1,,,
CompleteGumtreeMatcher,35,15,31,1,0,3,0,0,135,3,0,0.799,,1700,,,,,1,,,
CompleteGumtreeMatcher,35,15,31,1,0,3,0,0,135,3,0,0.799,,1800,,,,,1,,,
CompleteGumtreeMatcher,35,15,31,1,0,3,0,0,135,3,0,0.799,,1900,,,,,1,,,
CompleteGumtreeMatcher,35,15,31,1,0,3,0,0,135,3,0,0.799,,2000,,,,,1,,,
CompleteGumtreeMatcher,140,16,71,55,0,14,0,0,1,3,0,0.799,,100,,,,,2,,,
CompleteGumtreeMatcher,140,16,71,55,0,14,0,0,1,3,0,0.799,,200,,,,,2,,,
CompleteGumtreeMatcher,140,16,71,55,0,14,0,0,1,3,0,0.799,,300,,,,,2,,,
CompleteGumtreeMatcher,21,9,17,1,0,3,0,0,135,3,0,0.799,,400,,,,,2,,,
CompleteGumtreeMatcher,21,9,17,1,0,3,0,0,134,3,0,0.799,,500,,,,,2,,,
CompleteGumtreeMatcher,21,9,17,1,0,3,0,0,135,3,0,0.799,,600,,,,,2,,,
CompleteGumtreeMatcher,21,9,17,1,0,3,0,0,134,3,0,0.799,,700,,,,,2,,,
CompleteGumtreeMatcher,21,9,17,1,0,3,0,0,134,3,0,0.799,,800,,,,,2,,,
CompleteGumtreeMatcher,21,9,17,1,0,3,0,0,134,3,0,0.799,,900,,,,,2,,,
CompleteGumtreeMatcher,21,9,17,1,0,3,0,0,134,3,0,0.799,,1000,,,,,2,,,
CompleteGumtreeMatcher,21,9,17,1,0,3,0,0,134,3,0,0.799,,1100,,,,,2,,,
CompleteGumtreeMatcher,21,9,17,1,0,3,0,0,138,3,0,0.799,,1200,,,,,2,,,
CompleteGumtreeMatcher,21,9,17,1,0,3,0,0,138,3,0,0.799,,1300,,,,,2,,,
CompleteGumtreeMatcher,21,9,17,1,0,3,0,0,138,3,0,0.799,,1400,,,,,2,,,
CompleteGumtreeMatcher,21,9,17,1,0,3,0,0,138,3,0,0.799,,1500,,,,,2,,,
CompleteGumtreeMatcher,21,9,17,1,0,3,0,0,138,3,0,0.799,,1600,,,,,2,,,
CompleteGumtreeMatcher,21,9,17,1,0,3,0,0,137,3,0,0.799,,1700,,,,,2,,,
CompleteGumtreeMatcher,21,9,17,1,0,3,0,0,138,3,0,0.799,,1800,,,,,2,,,
CompleteGumtreeMatcher,21,9,17,1,0,3,0,0,138,3,0,0.799,,1900,,,,,2,,,
CompleteGumtreeMatcher,21,9,17,1,0,3,0,0,138,3,0,0.799,,2000,,,,,2,,,
CompleteGumtreeMatcher,202,8,106,90,0,6,0,0,1,3,0,0.799,,100,,,,,3,,,
CompleteGumtreeMatcher,202,8,106,90,0,6,0,0,1,3,0,0.799,,200,,,,,3,,,
CompleteGumtreeMatcher,202,8,106,90,0,6,0,0,1,3,0,0.799,,300,,,,,3,,,
CompleteGumtreeMatcher,21,9,17,1,0,3,0,0,138,3,0,0.799,,400,,,,,3,,,
CompleteGumtreeMatcher,21,9,17,1,0,3,0,0,134,3,0,0.799,,500,,,,,3,,,
CompleteGumtreeMatcher,21,9,17,1,0,3,0,0,134,3,0,0.799,,600,,,,,3,,,
CompleteGumtreeMatcher,21,9,17,1,0,3,0,0,135,3,0,0.799,,700,,,,,3,,,
CompleteGumtreeMatcher,21,9,17,1,0,3,0,0,134,3,0,0.799,,800,,,,,3,,,
CompleteGumtreeMatcher,21,9,17,1,0,3,0,0,134,3,0,0.799,,900,,,,,3,,,
CompleteGumtreeMatcher,21,9,17,1,0,3,0,0,135,3,0,0.799,,1000,,,,,3,,,
CompleteGumtreeMatcher,21,9,17,1,0,3,0,0,134,3,0,0.799,,1100,,,,,3,,,
CompleteGumtreeMatcher,21,9,17,1,0,3,0,0,135,3,0,0.799,,1200,,,,,3,,,
CompleteGumtreeMatcher,21,9,17,1,0,3,0,0,134,3,0,0.799,,1300,,,,,3,,,
CompleteGumtreeMatcher,21,9,17,1,0,3,0,0,134,3,0,0.799,,1400,,,,,3,,,
CompleteGumtreeMatcher,21,9,17,1,0,3,0,0,135,3,0,0.799,,1500,,,,,3,,,
CompleteGumtreeMatcher,21,9,17,1,0,3,0,0,135,3,0,0.799,,1600,,,,,3,,,
CompleteGumtreeMatcher,21,9,17,1,0,3,0,0,135,3,0,0.799,,1700,,,,,3,,,
CompleteGumtreeMatcher,21,9,17,1,0,3,0,0,135,3,0,0.799,,1800,,,,,3,,,
CompleteGumtreeMatcher,21,9,17,1,0,3,0,0,135,3,0,0.799,,1900,,,,,3,,,
CompleteGumtreeMatcher,21,9,17,1,0,3,0,0,134,3,0,0.799,,2000,,,,,3,,,
CompleteGumtreeMatcher,213,7,112,96,0,5,0,0,1,3,0,0.799,,100,,,,,4,,,
CompleteGumtreeMatcher,213,7,112,96,0,5,0,0,1,3,0,0.799,,200,,,,,4,,,
CompleteGumtreeMatcher,213,7,112,96,0,5,0,0,0,3,0,0.799,,300,,,,,4,,,
CompleteGumtreeMatcher,21,9,17,1,0,3,0,0,135,3,0,0.799,,400,,,,,4,,,
CompleteGumtreeMatcher,21,9,17,1,0,3,0,0,135,3,0,0.799,,500,,,,,4,,,
CompleteGumtreeMatcher,21,9,17,1,0,3,0,0,135,3,0,0.799,,600,,,,,4,,,
CompleteGumtreeMatcher,21,9,17,1,0,3,0,0,135,3,0,0.799,,700,,,,,4,,,
CompleteGumtreeMatcher,21,9,17,1,0,3,0,0,135,3,0,0.799,,800,,,,,4,,,
CompleteGumtreeMatcher,21,9,17,1,0,3,0,0,134,3,0,0.799,,900,,,,,4,,,
CompleteGumtreeMatcher,21,9,17,1,0,3,0,0,134,3,0,0.799,,1000,,,,,4,,,
CompleteGumtreeMatcher,21,9,17,1,0,3,0,0,134,3,0,0.799,,1100,,,,,4,,,
CompleteGumtreeMatcher,21,9,17,1,0,3,0,0,135,3,0,0.799,,1200,,,,,4,,,
CompleteGumtreeMatcher,21,9,17,1,0,3,0,0,135,3,0,0.799,,1300,,,,,4,,,
CompleteGumtreeMatcher,21,9,17,1,0,3,0,0,135,3,0,0.799,,1400,,,,,4,,,
CompleteGumtreeMatcher,21,9,17,1,0,3,0,0,134,3,0,0.799,,1500,,,,,4,,,
CompleteGumtreeMatcher,21,9,17,1,0,3,0,0,135,3,0,0.799,,1600,,,,,4,,,
CompleteGumtreeMatcher,21,9,17,1,0,3,0,0,134,3,0,0.799,,1700,,,,,4,,,
CompleteGumtreeMatcher,21,9,17,1,0,3,0,0,134,3,0,0.799,,1800,,,,,4,,,
CompleteGumtreeMatcher,21,9,17,1,0,3,0,0,135,3,0,0.799,,1900,,,,,4,,,
CompleteGumtreeMatcher,21,9,17,1,0,3,0,0,135,3,0,0.799,,2000,,,,,4,,,
CompleteGumtreeMatcher,236,6,124,108,0,4,0,0,1,3,0,0.799,,100,,,,,5,,,
CompleteGumtreeMatcher,236,6,124,108,0,4,0,0,0,3,0,0.799,,200,,,,,5,,,
CompleteGumtreeMatcher,236,6,124,108,0,4,0,0,1,3,0,0.799,,300,,,,,5,,,
CompleteGumtreeMatcher,21,9,17,1,0,3,0,0,135,3,0,0.799,,400,,,,,5,,,
CompleteGumtreeMatcher,21,9,17,1,0,3,0,0,134,3,0,0.799,,500,,,,,5,,,
CompleteGumtreeMatcher,21,9,17,1,0,3,0,0,134,3,0,0.799,,600,,,,,5,,,
CompleteGumtreeMatcher,21,9,17,1,0,3,0,0,134,3,0,0.799,,700,,,,,5,,,
CompleteGumtreeMatcher,21,9,17,1,0,3,0,0,135,3,0,0.799,,800,,,,,5,,,
CompleteGumtreeMatcher,21,9,17,1,0,3,0,0,134,3,0,0.799,,900,,,,,5,,,
CompleteGumtreeMatcher,21,9,17,1,0,3,0,0,135,3,0,0.799,,1000,,,,,5,,,
CompleteGumtreeMatcher,21,9,17,1,0,3,0,0,135,3,0,0.799,,1100,,,,,5,,,
CompleteGumtreeMatcher,21,9,17,1,0,3,0,0,135,3,0,0.799,,1200,,,,,5,,,
CompleteGumtreeMatcher,21,9,17,1,0,3,0,0,134,3,0,0.799,,1300,,,,,5,,,
CompleteGumtreeMatcher,21,9,17,1,0,3,0,0,134,3,0,0.799,,1400,,,,,5,,,
CompleteGumtreeMatcher,21,9,17,1,0,3,0,0,135,3,0,0.799,,1500,,,,,5,,,
CompleteGumtreeMatcher,21,9,17,1,0,3,0,0,134,3,0,0.799,,1600,,,,,5,,,
CompleteGumtreeMatcher,21,9,17,1,0,3,0,0,135,3,0,0.799,,1700,,,,,5,,,
CompleteGumtreeMatcher,21,9,17,1,0,3,0,0,135,3,0,0.799,,1800,,,,,5,,,
CompleteGumtreeMatcher,21,9,17,1,0,3,0,0,135,3,0,0.799,,1900,,,,,5,,,
CompleteGumtreeMatcher,21,9,17,1,0,3,0,0,138,3,0,0.799,,2000,,,,,5,,,
CompleteGumtreeMatcher,100,24,54,24,0,22,0,0,1,3,0,0.899,,100,,,,,1,,,
CompleteGumtreeMatcher,100,24,54,24,0,22,0,0,1,3,0,0.899,,200,,,,,1,,,
CompleteGumtreeMatcher,100,24,54,24,0,22,0,0,1,3,0,0.899,,300,,,,,1,,,
CompleteGumtreeMatcher,35,15,31,1,0,3,0,0,134,3,0,0.899,,400,,,,,1,,,
CompleteGumtreeMatcher,35,15,31,1,0,3,0,0,134,3,0,0.899,,500,,,,,1,,,
CompleteGumtreeMatcher,35,15,31,1,0,3,0,0,135,3,0,0.899,,600,,,,,1,,,
CompleteGumtreeMatcher,35,15,31,1,0,3,0,0,135,3,0,0.899,,700,,,,,1,,,
CompleteGumtreeMatcher,35,15,31,1,0,3,0,0,138,3,0,0.899,,800,,,,,1,,,
CompleteGumtreeMatcher,35,15,31,1,0,3,0,0,135,3,0,0.899,,900,,,,,1,,,
CompleteGumtreeMatcher,35,15,31,1,0,3,0,0,134,3,0,0.899,,1000,,,,,1,,,
CompleteGumtreeMatcher,35,15,31,1,0,3,0,0,134,3,0,0.899,,1100,,,,,1,,,
CompleteGumtreeMatcher,35,15,31,1,0,3,0,0,135,3,0,0.899,,1200,,,,,1,,,
CompleteGumtreeMatcher,35,15,31,1,0,3,0,0,135,3,0,0.899,,1300,,,,,1,,,
CompleteGumtreeMatcher,35,15,31,1,0,3,0,0,135,3,0,0.899,,1400,,,,,1,,,
CompleteGumtreeMatcher,35,15,31,1,0,3,0,0,135,3,0,0.899,,1500,,,,,1,,,
CompleteGumtreeMatcher,35,15,31,1,0,3,0,0,135,3,0,0.899,,1600,,,,,1,,,
CompleteGumtreeMatcher,35,15,31,1,0,3,0,0,135,3,0,0.899,,1700,,,,,1,,,
CompleteGumtreeMatcher,35,15,31,1,0,3,0,0,135,3,0,0.899,,1800,,,,,1,,,
CompleteGumtreeMatcher,35,15,31,1,0,3,0,0,135,3,0,0.899,,1900,,,,,1,,,
CompleteGumtreeMatcher,35,15,31,1,0,3,0,0,135,3,0,0.899,,2000,,,,,1,,,
CompleteGumtreeMatcher,140,16,71,55,0,14,0,0,1,3,0,0.899,,100,,,,,2,,,
CompleteGumtreeMatcher,140,16,71,55,0,14,0,0,1,3,0,0.899,,200,,,,,2,,,
CompleteGumtreeMatcher,140,16,71,55,0,14,0,0,1,3,0,0.899,,300,,,,,2,,,
CompleteGumtreeMatcher,21,9,17,1,0,3,0,0,134,3,0,0.899,,400,,,,,2,,,
CompleteGumtreeMatcher,21,9,17,1,0,3,0,0,134,3,0,0.899,,500,,,,,2,,,
CompleteGumtreeMatcher,21,9,17,1,0,3,0,0,134,3,0,0.899,,600,,,,,2,,,
CompleteGumtreeMatcher,21,9,17,1,0,3,0,0,135,3,0,0.899,,700,,,,,2,,,
CompleteGumtreeMatcher,21,9,17,1,0,3,0,0,135,3,0,0.899,,800,,,,,2,,,
CompleteGumtreeMatcher,21,9,17,1,0,3,0,0,134,3,0,0.899,,900,,,,,2,,,
CompleteGumtreeMatcher,21,9,17,1,0,3,0,0,135,3,0,0.899,,1000,,,,,2,,,
CompleteGumtreeMatcher,21,9,17,1,0,3,0,0,134,3,0,0.899,,1100,,,,,2,,,
CompleteGumtreeMatcher,21,9,17,1,0,3,0,0,135,3,0,0.899,,1200,,,,,2,,,
CompleteGumtreeMatcher,21,9,17,1,0,3,0,0,134,3,0,0.899,,1300,,,,,2,,,
CompleteGumtreeMatcher,21,9,17,1,0,3,0,0,135,3,0,0.899,,1400,,,,,2,,,
CompleteGumtreeMatcher,21,9,17,1,0,3,0,0,135,3,0,0.899,,1500,,,,,2,,,
CompleteGumtreeMatcher,21,9,17,1,0,3,0,0,135,3,0,0.899,,1600,,,,,2,,,
CompleteGumtreeMatcher,21,9,17,1,0,3,0,0,134,3,0,0.899,,1700,,,,,2,,,
CompleteGumtreeMatcher,21,9,17,1,0,3,0,0,134,3,0,0.899,,1800,,,,,2,,,
CompleteGumtreeMatcher,21,9,17,1,0,3,0,0,135,3,0,0.899,,1900,,,,,2,,,
CompleteGumtreeMatcher,21,9,17,1,0,3,0,0,135,3,0,0.899,,2000,,,,,2,,,
CompleteGumtreeMatcher,202,8,106,90,0,6,0,0,1,3,0,0.899,,100,,,,,3,,,
CompleteGumtreeMatcher,202,8,106,90,0,6,0,0,1,3,0,0.899,,200,,,,,3,,,
CompleteGumtreeMatcher,202,8,106,90,0,6,0,0,1,3,0,0.899,,300,,,,,3,,,
CompleteGumtreeMatcher,21,9,17,1,0,3,0,0,134,3,0,0.899,,400,,,,,3,,,
CompleteGumtreeMatcher,21,9,17,1,0,3,0,0,134,3,0,0.899,,500,,,,,3,,,
CompleteGumtreeMatcher,21,9,17,1,0,3,0,0,135,3,0,0.899,,600,,,,,3,,,
CompleteGumtreeMatcher,21,9,17,1,0,3,0,0,134,3,0,0.899,,700,,,,,3,,,
CompleteGumtreeMatcher,21,9,17,1,0,3,0,0,134,3,0,0.899,,800,,,,,3,,,
CompleteGumtreeMatcher,21,9,17,1,0,3,0,0,134,3,0,0.899,,900,,,,,3,,,
CompleteGumtreeMatcher,21,9,17,1,0,3,0,0,135,3,0,0.899,,1000,,,,,3,,,
CompleteGumtreeMatcher,21,9,17,1,0,3,0,0,135,3,0,0.899,,1100,,,,,3,,,
CompleteGumtreeMatcher,21,9,17,1,0,3,0,0,134,3,0,0.899,,1200,,,,,3,,,
CompleteGumtreeMatcher,21,9,17,1,0,3,0,0,134,3,0,0.899,,1300,,,,,3,,,
CompleteGumtreeMatcher,21,9,17,1,0,3,0,0,135,3,0,0.899,,1400,,,,,3,,,
CompleteGumtreeMatcher,21,9,17,1,0,3,0,0,135,3,0,0.899,,1500,,,,,3,,,
CompleteGumtreeMatcher,21,9,17,1,0,3,0,0,134,3,0,0.899,,1600,,,,,3,,,
CompleteGumtreeMatcher,21,9,17,1,0,3,0,0,135,3,0,0.899,,1700,,,,,3,,,
CompleteGumtreeMatcher,21,9,17,1,0,3,0,0,134,3,0,0.899,,1800,,,,,3,,,
CompleteGumtreeMatcher,21,9,17,1,0,3,0,0,135,3,0,0.899,,1900,,,,,3,,,
CompleteGumtreeMatcher,21,9,17,1,0,3,0,0,134,3,0,0.899,,2000,,,,,3,,,
CompleteGumtreeMatcher,213,7,112,96,0,5,0,0,1,3,0,0.899,,100,,,,,4,,,
CompleteGumtreeMatcher,213,7,112,96,0,5,0,0,0,3,0,0.899,,200,,,,,4,,,
CompleteGumtreeMatcher,213,7,112,96,0,5,0,0,1,3,0,0.899,,300,,,,,4,,,
CompleteGumtreeMatcher,21,9,17,1,0,3,0,0,135,3,0,0.899,,400,,,,,4,,,
CompleteGumtreeMatcher,21,9,17,1,0,3,0,0,135,3,0,0.899,,500,,,,,4,,,
CompleteGumtreeMatcher,21,9,17,1,0,3,0,0,135,3,0,0.899,,600,,,,,4,,,
CompleteGumtreeMatcher,21,9,17,1,0,3,0,0,134,3,0,0.899,,700,,,,,4,,,
CompleteGumtreeMatcher,21,9,17,1,0,3,0,0,134,3,0,0.899,,800,,,,,4,,,
CompleteGumtreeMatcher,21,9,17,1,0,3,0,0,135,3,0,0.899,,900,,,,,4,,,
CompleteGumtreeMatcher,21,9,17,1,0,3,0,0,134,3,0,0.899,,1000,,,,,4,,,
CompleteGumtreeMatcher,21,9,17,1,0,3,0,0,135,3,0,0.899,,1100,,,,,4,,,
CompleteGumtreeMatcher,21,9,17,1,0,3,0,0,134,3,0,0.899,,1200,,,,,4,,,
CompleteGumtreeMatcher,21,9,17,1,0,3,0,0,135,3,0,0.899,,1300,,,,,4,,,
CompleteGumtreeMatcher,21,9,17,1,0,3,0,0,134,3,0,0.899,,1400,,,,,4,,,
CompleteGumtreeMatcher,21,9,17,1,0,3,0,0,135,3,0,0.899,,1500,,,,,4,,,
CompleteGumtreeMatcher,21,9,17,1,0,3,0,0,134,3,0,0.899,,1600,,,,,4,,,
CompleteGumtreeMatcher,21,9,17,1,0,3,0,0,135,3,0,0.899,,1700,,,,,4,,,
CompleteGumtreeMatcher,21,9,17,1,0,3,0,0,135,3,0,0.899,,1800,,,,,4,,,
CompleteGumtreeMatcher,21,9,17,1,0,3,0,0,134,3,0,0.899,,1900,,,,,4,,,
CompleteGumtreeMatcher,21,9,17,1,0,3,0,0,135,3,0,0.899,,2000,,,,,4,,,
CompleteGumtreeMatcher,236,6,124,108,0,4,0,0,0,3,0,0.899,,100,,,,,5,,,
CompleteGumtreeMatcher,236,6,124,108,0,4,0,0,1,3,0,0.899,,200,,,,,5,,,
CompleteGumtreeMatcher,236,6,124,108,0,4,0,0,1,3,0,0.899,,300,,,,,5,,,
CompleteGumtreeMatcher,21,9,17,1,0,3,0,0,135,3,0,0.899,,400,,,,,5,,,
CompleteGumtreeMatcher,21,9,17,1,0,3,0,0,134,3,0,0.899,,500,,,,,5,,,
CompleteGumtreeMatcher,21,9,17,1,0,3,0,0,134,3,0,0.899,,600,,,,,5,,,
CompleteGumtreeMatcher,21,9,17,1,0,3,0,0,135,3,0,0.899,,700,,,,,5,,,
CompleteGumtreeMatcher,21,9,17,1,0,3,0,0,134,3,0,0.899,,800,,,,,5,,,
CompleteGumtreeMatcher,21,9,17,1,0,3,0,0,135,3,0,0.899,,900,,,,,5,,,
CompleteGumtreeMatcher,21,9,17,1,0,3,0,0,134,3,0,0.899,,1000,,,,,5,,,
CompleteGumtreeMatcher,21,9,17,1,0,3,0,0,134,3,0,0.899,,1100,,,,,5,,,
CompleteGumtreeMatcher,21,9,17,1,0,3,0,0,135,3,0,0.899,,1200,,,,,5,,,
CompleteGumtreeMatcher,21,9,17,1,0,3,0,0,135,3,0,0.899,,1300,,,,,5,,,
CompleteGumtreeMatcher,21,9,17,1,0,3,0,0,134,3,0,0.899,,1400,,,,,5,,,
CompleteGumtreeMatcher,21,9,17,1,0,3,0,0,135,3,0,0.899,,1500,,,,,5,,,
CompleteGumtreeMatcher,21,9,17,1,0,3,0,0,135,3,0,0.899,,1600,,,,,5,,,
CompleteGumtreeMatcher,21,9,17,1,0,3,0,0,134,3,0,0.899,,1700,,,,,5,,,
CompleteGumtreeMatcher,21,9,17,1,0,3,0,0,134,3,0,0.899,,1800,,,,,5,,,
CompleteGumtreeMatcher,21,9,17,1,0,3,0,0,134,3,0,0.899,,1900,,,,,5,,,
CompleteGumtreeMatcher,21,9,17,1,0,3,0,0,135,3,0,0.899,,2000,,,,,5,,,
CompleteGumtreeMatcher,100,24,54,24,0,22,0,0,1,3,0,0.999,,100,,,,,1,,,
CompleteGumtreeMatcher,100,24,54,24,0,22,0,0,1,3,0,0.999,,200,,,,,1,,,
CompleteGumtreeMatcher,100,24,54,24,0,22,0,0,1,3,0,0.999,,300,,,,,1,,,
CompleteGumtreeMatcher,35,15,31,1,0,3,0,0,134,3,0,0.999,,400,,,,,1,,,
CompleteGumtreeMatcher,35,15,31,1,0,3,0,0,135,3,0,0.999,,500,,,,,1,,,
CompleteGumtreeMatcher,35,15,31,1,0,3,0,0,134,3,0,0.999,,600,,,,,1,,,
CompleteGumtreeMatcher,35,15,31,1,0,3,0,0,135,3,0,0.999,,700,,,,,1,,,
CompleteGumtreeMatcher,35,15,31,1,0,3,0,0,135,3,0,0.999,,800,,,,,1,,,
CompleteGumtreeMatcher,35,15,31,1,0,3,0,0,135,3,0,0.999,,900,,,,,1,,,
CompleteGumtreeMatcher,35,15,31,1,0,3,0,0,136,3,0,0.999,,1000,,,,,1,,,
CompleteGumtreeMatcher,35,15,31,1,0,3,0,0,135,3,0,0.999,,1100,,,,,1,,,
CompleteGumtreeMatcher,35,15,31,1,0,3,0,0,135,3,0,0.999,,1200,,,,,1,,,
CompleteGumtreeMatcher,35,15,31,1,0,3,0,0,135,3,0,0.999,,1300,,,,,1,,,
CompleteGumtreeMatcher,35,15,31,1,0,3,0,0,135,3,0,0.999,,1400,,,,,1,,,
CompleteGumtreeMatcher,35,15,31,1,0,3,0,0,135,3,0,0.999,,1500,,,,,1,,,
CompleteGumtreeMatcher,35,15,31,1,0,3,0,0,135,3,0,0.999,,1600,,,,,1,,,
CompleteGumtreeMatcher,35,15,31,1,0,3,0,0,135,3,0,0.999,,1700,,,,,1,,,
CompleteGumtreeMatcher,35,15,31,1,0,3,0,0,135,3,0,0.999,,1800,,,,,1,,,
CompleteGumtreeMatcher,35,15,31,1,0,3,0,0,135,3,0,0.999,,1900,,,,,1,,,
CompleteGumtreeMatcher,35,15,31,1,0,3,0,0,135,3,0,0.999,,2000,,,,,1,,,
CompleteGumtreeMatcher,140,16,71,55,0,14,0,0,0,3,0,0.999,,100,,,,,2,,,
CompleteGumtreeMatcher,140,16,71,55,0,14,0,0,1,3,0,0.999,,200,,,,,2,,,
CompleteGumtreeMatcher,140,16,71,55,0,14,0,0,1,3,0,0.999,,300,,,,,2,,,
CompleteGumtreeMatcher,21,9,17,1,0,3,0,0,135,3,0,0.999,,400,,,,,2,,,
CompleteGumtreeMatcher,21,9,17,1,0,3,0,0,135,3,0,0.999,,500,,,,,2,,,
CompleteGumtreeMatcher,21,9,17,1,0,3,0,0,134,3,0,0.999,,600,,,,,2,,,
CompleteGumtreeMatcher,21,9,17,1,0,3,0,0,135,3,0,0.999,,700,,,,,2,,,
CompleteGumtreeMatcher,21,9,17,1,0,3,0,0,134,3,0,0.999,,800,,,,,2,,,
CompleteGumtreeMatcher,21,9,17,1,0,3,0,0,135,3,0,0.999,,900,,,,,2,,,
CompleteGumtreeMatcher,21,9,17,1,0,3,0,0,135,3,0,0.999,,1000,,,,,2,,,
CompleteGumtreeMatcher,21,9,17,1,0,3,0,0,134,3,0,0.999,,1100,,,,,2,,,
CompleteGumtreeMatcher,21,9,17,1,0,3,0,0,134,3,0,0.999,,1200,,,,,2,,,
CompleteGumtreeMatcher,21,9,17,1,0,3,0,0,135,3,0,0.999,,1300,,,,,2,,,
CompleteGumtreeMatcher,21,9,17,1,0,3,0,0,134,3,0,0.999,,1400,,,,,2,,,
CompleteGumtreeMatcher,21,9,17,1,0,3,0,0,134,3,0,0.999,,1500,,,,,2,,,
CompleteGumtreeMatcher,21,9,17,1,0,3,0,0,135,3,0,0.999,,1600,,,,,2,,,
CompleteGumtreeMatcher,21,9,17,1,0,3,0,0,134,3,0,0.999,,1700,,,,,2,,,
CompleteGumtreeMatcher,21,9,17,1,0,3,0,0,135,3,0,0.999,,1800,,,,,2,,,
CompleteGumtreeMatcher,21,9,17,1,0,3,0,0,138,3,0,0.999,,1900,,,,,2,,,
CompleteGumtreeMatcher,21,9,17,1,0,3,0,0,137,3,0,0.999,,2000,,,,,2,,,
CompleteGumtreeMatcher,202,8,106,90,0,6,0,0,1,3,0,0.999,,100,,,,,3,,,
CompleteGumtreeMatcher,202,8,106,90,0,6,0,0,1,3,0,0.999,,200,,,,,3,,,
CompleteGumtreeMatcher,202,8,106,90,0,6,0,0,1,3,0,0.999,,300,,,,,3,,,
CompleteGumtreeMatcher,21,9,17,1,0,3,0,0,138,3,0,0.999,,400,,,,,3,,,
CompleteGumtreeMatcher,21,9,17,1,0,3,0,0,138,3,0,0.999,,500,,,,,3,,,
CompleteGumtreeMatcher,21,9,17,1,0,3,0,0,138,3,0,0.999,,600,,,,,3,,,
CompleteGumtreeMatcher,21,9,17,1,0,3,0,0,138,3,0,0.999,,700,,,,,3,,,
CompleteGumtreeMatcher,21,9,17,1,0,3,0,0,138,3,0,0.999,,800,,,,,3,,,
CompleteGumtreeMatcher,21,9,17,1,0,3,0,0,138,3,0,0.999,,900,,,,,3,,,
CompleteGumtreeMatcher,21,9,17,1,0,3,0,0,139,3,0,0.999,,1000,,,,,3,,,
CompleteGumtreeMatcher,21,9,17,1,0,3,0,0,135,3,0,0.999,,1100,,,,,3,,,
CompleteGumtreeMatcher,21,9,17,1,0,3,0,0,135,3,0,0.999,,1200,,,,,3,,,
CompleteGumtreeMatcher,21,9,17,1,0,3,0,0,135,3,0,0.999,,1300,,,,,3,,,
CompleteGumtreeMatcher,21,9,17,1,0,3,0,0,135,3,0,0.999,,1400,,,,,3,,,
CompleteGumtreeMatcher,21,9,17,1,0,3,0,0,135,3,0,0.999,,1500,,,,,3,,,
CompleteGumtreeMatcher,21,9,17,1,0,3,0,0,134,3,0,0.999,,1600,,,,,3,,,
CompleteGumtreeMatcher,21,9,17,1,0,3,0,0,135,3,0,0.999,,1700,,,,,3,,,
CompleteGumtreeMatcher,21,9,17,1,0,3,0,0,135,3,0,0.999,,1800,,,,,3,,,
CompleteGumtreeMatcher,21,9,17,1,0,3,0,0,135,3,0,0.999,,1900,,,,,3,,,
CompleteGumtreeMatcher,21,9,17,1,0,3,0,0,135,3,0,0.999,,2000,,,,,3,,,
CompleteGumtreeMatcher,213,7,112,96,0,5,0,0,1,3,0,0.999,,100,,,,,4,,,
CompleteGumtreeMatcher,213,7,112,96,0,5,0,0,0,3,0,0.999,,200,,,,,4,,,
CompleteGumtreeMatcher,213,7,112,96,0,5,0,0,1,3,0,0.999,,300,,,,,4,,,
CompleteGumtreeMatcher,21,9,17,1,0,3,0,0,135,3,0,0.999,,400,,,,,4,,,
CompleteGumtreeMatcher,21,9,17,1,0,3,0,0,134,3,0,0.999,,500,,,,,4,,,
CompleteGumtreeMatcher,21,9,17,1,0,3,0,0,135,3,0,0.999,,600,,,,,4,,,
CompleteGumtreeMatcher,21,9,17,1,0,3,0,0,134,3,0,0.999,,700,,,,,4,,,
CompleteGumtreeMatcher,21,9,17,1,0,3,0,0,134,3,0,0.999,,800,,,,,4,,,
CompleteGumtreeMatcher,21,9,17,1,0,3,0,0,135,3,0,0.999,,900,,,,,4,,,
CompleteGumtreeMatcher,21,9,17,1,0,3,0,0,135,3,0,0.999,,1000,,,,,4,,,
CompleteGumtreeMatcher,21,9,17,1,0,3,0,0,134,3,0,0.999,,1100,,,,,4,,,
CompleteGumtreeMatcher,21,9,17,1,0,3,0,0,134,3,0,0.999,,1200,,,,,4,,,
CompleteGumtreeMatcher,21,9,17,1,0,3,0,0,134,3,0,0.999,,1300,,,,,4,,,
CompleteGumtreeMatcher,21,9,17,1,0,3,0,0,134,3,0,0.999,,1400,,,,,4,,,
CompleteGumtreeMatcher,21,9,17,1,0,3,0,0,134,3,0,0.999,,1500,,,,,4,,,
CompleteGumtreeMatcher,21,9,17,1,0,3,0,0,134,3,0,0.999,,1600,,,,,4,,,
CompleteGumtreeMatcher,21,9,17,1,0,3,0,0,135,3,0,0.999,,1700,,,,,4,,,
CompleteGumtreeMatcher,21,9,17,1,0,3,0,0,135,3,0,0.999,,1800,,,,,4,,,
CompleteGumtreeMatcher,21,9,17,1,0,3,0,0,134,3,0,0.999,,1900,,,,,4,,,
CompleteGumtreeMatcher,21,9,17,1,0,3,0,0,134,3,0,0.999,,2000,,,,,4,,,
CompleteGumtreeMatcher,236,6,124,108,0,4,0,0,1,3,0,0.999,,100,,,,,5,,,
CompleteGumtreeMatcher,236,6,124,108,0,4,0,0,1,3,0,0.999,,200,,,,,5,,,
CompleteGumtreeMatcher,236,6,124,108,0,4,0,0,0,3,0,0.999,,300,,,,,5,,,
CompleteGumtreeMatcher,21,9,17,1,0,3,0,0,135,3,0,0.999,,400,,,,,5,,,
CompleteGumtreeMatcher,21,9,17,1,0,3,0,0,135,3,0,0.999,,500,,,,,5,,,
CompleteGumtreeMatcher,21,9,17,1,0,3,0,0,135,3,0,0.999,,600,,,,,5,,,
CompleteGumtreeMatcher,21,9,17,1,0,3,0,0,135,3,0,0.999,,700,,,,,5,,,
CompleteGumtreeMatcher,21,9,17,1,0,3,0,0,135,3,0,0.999,,800,,,,,5,,,
CompleteGumtreeMatcher,21,9,17,1,0,3,0,0,135,3,0,0.999,,900,,,,,5,,,
CompleteGumtreeMatcher,21,9,17,1,0,3,0,0,134,3,0,0.999,,1000,,,,,5,,,
CompleteGumtreeMatcher,21,9,17,1,0,3,0,0,134,3,0,0.999,,1100,,,,,5,,,
CompleteGumtreeMatcher,21,9,17,1,0,3,0,0,135,3,0,0.999,,1200,,,,,5,,,
CompleteGumtreeMatcher,21,9,17,1,0,3,0,0,134,3,0,0.999,,1300,,,,,5,,,
CompleteGumtreeMatcher,21,9,17,1,0,3,0,0,136,3,0,0.999,,1400,,,,,5,,,
CompleteGumtreeMatcher,21,9,17,1,0,3,0,0,134,3,0,0.999,,1500,,,,,5,,,
CompleteGumtreeMatcher,21,9,17,1,0,3,0,0,134,3,0,0.999,,1600,,,,,5,,,
CompleteGumtreeMatcher,21,9,17,1,0,3,0,0,133,3,0,0.999,,1700,,,,,5,,,
CompleteGumtreeMatcher,21,9,17,1,0,3,0,0,134,3,0,0.999,,1800,,,,,5,,,
CompleteGumtreeMatcher,21,9,17,1,0,3,0,0,133,3,0,0.999,,1900,,,,,5,,,
CompleteGumtreeMatcher,21,9,17,1,0,3,0,0,131,3,0,0.999,,2000,,,,,5,,,
ChangeDistiller,390,345,61,45,138,146,0,0,302,4,0,,,,0.1,2,0.2,0.1,,,,
ChangeDistiller,451,349,89,73,128,161,0,0,304,4,0,,,,0.1,2,0.4,0.1,,,,
ChangeDistiller,532,327,119,103,129,181,0,0,304,4,0,,,,0.1,2,0.6,0.1,,,,
ChangeDistiller,550,317,128,108,129,185,0,0,304,4,0,,,,0.1,2,0.8,0.1,,,,
ChangeDistiller,553,318,129,109,129,186,0,0,304,4,0,,,,0.1,2,1.0,0.1,,,,
ChangeDistiller,397,355,60,44,140,153,0,0,301,4,0,,,,0.1,4,0.2,0.1,,,,
ChangeDistiller,435,360,75,59,138,163,0,0,302,4,0,,,,0.1,4,0.4,0.1,,,,
ChangeDistiller,493,342,93,77,139,184,0,0,303,4,0,,,,0.1,4,0.6,0.1,,,,
ChangeDistiller,492,330,95,72,139,186,0,0,303,4,0,,,,0.1,4,0.8,0.1,,,,
ChangeDistiller,402,371,57,41,141,163,0,0,298,4,0,,,,0.1,6,0.2,0.1,,,,
ChangeDistiller,420,366,67,51,139,163,0,0,298,4,0,,,,0.1,6,0.4,0.1,,,,
ChangeDistiller,474,351,83,67,140,184,0,0,301,4,0,,,,0.1,6,0.6,0.1,,,,
ChangeDistiller,468,338,85,56,140,187,0,0,299,4,0,,,,0.1,6,0.8,0.1,,,,
ChangeDistiller,468,338,85,56,140,187,0,0,299,4,0,,,,0.1,6,1.0,0.1,,,,
ChangeDistiller,393,347,64,48,134,147,0,0,298,4,0,,,,0.1,2,0.2,0.3,,,,
ChangeDistiller,458,347,95,79,124,160,0,0,299,4,0,,,,0.1,2,0.4,0.3,,,,
ChangeDistiller,537,319,126,110,123,178,0,0,299,4,0,,,,0.1,2,0.6,0.3,,,,
ChangeDistiller,560,310,136,118,123,183,0,0,300,4,0,,,,0.1,2,0.8,0.3,,,,
ChangeDistiller,563,311,137,119,123,184,0,0,301,4,0,,,,0.1,2,1.0,0.3,,,,
ChangeDistiller,398,347,73,57,126,142,0,0,299,4,0,,,,0.1,4,0.2,0.3,,,,
ChangeDistiller,420,348,79,63,126,152,0,0,299,4,0,,,,0.1,4,0.4,0.3,,,,
ChangeDistiller,504,320,109,93,126,176,0,0,300,4,0,,,,0.1,4,0.6,0.3,,,,
ChangeDistiller,507,310,111,92,126,178,0,0,300,4,0,,,,0.1,4,0.8,0.3,,,,
ChangeDistiller,398,347,73,57,126,142,0,0,299,4,0,,,,0.1,6,0.2,0.3,,,,
ChangeDistiller,420,348,79,63,126,152,0,0,299,4,0,,,,0.1,6,0.4,0.3,,,,
ChangeDistiller,488,321,102,86,126,174,0,0,299,4,0,,,,0.1,6,0.6,0.3,,,,
ChangeDistiller,490,310,104,84,126,176,0,0,300,4,0,,,,0.1,6,0.8,0.3,,,,
ChangeDistiller,490,310,104,84,126,176,0,0,300,4,0,,,,0.1,6,1.0,0.3,,,,
ChangeDistiller,406,352,73,57,128,148,0,0,301,4,0,,,,0.1,2,0.2,0.5,,,,
ChangeDistiller,481,327,109,93,118,161,0,0,303,4,0,,,,0.1,2,0.4,0.5,,,,
ChangeDistiller,547,307,135,119,117,176,0,0,303,4,0,,,,0.1,2,0.6,0.5,,,,
ChangeDistiller,575,301,146,130,117,182,0,0,303,4,0,,,,0.1,2,0.8,0.5,,,,
ChangeDistiller,578,302,147,131,117,183,0,0,303,4,0,,,,0.1,2,1.0,0.5,,,,
ChangeDistiller,433,348,95,79,117,142,0,0,302,4,0,,,,0.1,4,0.2,0.5,,,,
ChangeDistiller,482,323,111,95,117,159,0,0,303,4,0,,,,0.1,4,0.4,0.5,,,,
ChangeDistiller,533,303,130,114,117,172,0,0,304,4,0,,,,0.1,4,0.6,0.5,,,,
ChangeDistiller,539,295,132,116,117,174,0,0,303,4,0,,,,0.1,4,0.8,0.5,,,,
ChangeDistiller,539,295,132,116,117,174,0,0,304,4,0,,,,0.1,4,1.0,0.5,,,,
ChangeDistiller,440,349,97,81,118,144,0,0,299,4,0,,,,0.1,6,0.2,0.5,,,,
ChangeDistiller,489,322,114,98,117,160,0,0,300,4,0,,,,0.1,6,0.4,0.5,,,,
ChangeDistiller,522,303,125,109,117,171,0,0,299,4,0,,,,0.1,6,0.6,0.5,,,,
ChangeDistiller,528,295,127,111,117,173,0,0,300,4,0,,,,0.1,6,0.8,0.5,,,,
ChangeDistiller,528,295,127,111,117,173,0,0,300,4,0,,,,0.1,6,1.0,0.5,,,,
ChangeDistiller,442,374,88,72,123,159,0,0,299,4,0,,,,0.1,2,0.2,0.7,,,,
ChangeDistiller,510,327,127,111,110,162,0,0,303,4,0,,,,0.1,2,0.4,0.7,,,,
ChangeDistiller,577,289,153,137,110,177,0,0,300,4,0,,,,0.1,2,0.6,0.7,,,,
ChangeDistiller,600,294,162,146,110,182,0,0,300,4,0,,,,0.1,2,0.8,0.7,,,,
ChangeDistiller,603,295,163,147,110,183,0,0,301,4,0,,,,0.1,2,1.0,0.7,,,,
ChangeDistiller,507,394,124,108,110,165,0,0,300,4,0,,,,0.1,4,0.2,0.7,,,,
ChangeDistiller,569,327,149,133,110,177,0,0,301,4,0,,,,0.1,4,0.4,0.7,,,,
ChangeDistiller,598,294,161,145,110,182,0,0,300,4,0,,,,0.1,4,0.6,0.7,,,,
ChangeDistiller,598,294,161,145,110,182,0,0,300,4,0,,,,0.1,4,0.8,0.7,,,,
ChangeDistiller,598,294,161,145,110,182,0,0,301,4,0,,,,0.1,4,1.0,0.7,,,,
ChangeDistiller,525,395,131,115,111,168,0,0,299,4,0,,,,0.1,6,0.2,0.7,,,,
ChangeDistiller,586,314,157,141,110,178,0,0,301,4,0,,,,0.1,6,0.4,0.7,,,,
ChangeDistiller,598,294,161,145,110,182,0,0,301,4,0,,,,0.1,6,0.6,0.7,,,,
ChangeDistiller,598,294,161,145,110,182,0,0,306,4,0,,,,0.1,6,0.8,0.7,,,,
ChangeDistiller,598,294,161,145,110,182,0,0,302,4,0,,,,0.1,6,1.0,0.7,,,,
ChangeDistiller,445,377,89,73,123,160,0,0,299,4,0,,,,0.1,2,0.2,0.899,,,,
ChangeDistiller,515,328,129,113,110,163,0,0,300,4,0,,,,0.1,2,0.4,0.899,,,,
ChangeDistiller,581,289,155,139,110,177,0,0,301,4,0,,,,0.1,2,0.6,0.899,,,,
ChangeDistiller,602,294,163,147,110,182,0,0,300,4,0,,,,0.1,2,0.8,0.899,,,,
ChangeDistiller,605,295,164,148,110,183,0,0,300,4,0,,,,0.1,2,1.0,0.899,,,,
ChangeDistiller,515,398,127,111,110,167,0,0,299,4,0,,,,0.1,4,0.2,0.899,,,,
ChangeDistiller,576,328,152,136,110,178,0,0,300,4,0,,,,0.1,4,0.4,0.899,,,,
ChangeDistiller,605,295,164,148,110,183,0,0,300,4,0,,,,0.1,4,0.6,0.899,,,,
ChangeDistiller,605,295,164,148,110,183,0,0,301,4,0,,,,0.1,4,0.8,0.899,,,,
ChangeDistiller,605,295,164,148,110,183,0,0,303,4,0,,,,0.1,4,1.0,0.899,,,,
ChangeDistiller,533,399,134,118,111,170,0,0,302,4,0,,,,0.1,6,0.2,0.899,,,,
ChangeDistiller,593,315,160,144,110,179,0,0,303,4,0,,,,0.1,6,0.4,0.899,,,,
ChangeDistiller,605,295,164,148,110,183,0,0,303,4,0,,,,0.1,6,0.6,0.899,,,,
ChangeDistiller,605,295,164,148,110,183,0,0,303,4,0,,,,0.1,6,0.8,0.899,,,,
ChangeDistiller,235,222,38,22,81,94,0,0,151,4,0,,,,0.3,2,0.2,0.1,,,,
ChangeDistiller,248,225,44,28,79,97,0,0,152,4,0,,,,0.3,2,0.4,0.1,,,,
ChangeDistiller,288,238,56,40,79,113,0,0,152,4,0,,,,0.3,2,0.6,0.1,,,,
ChangeDistiller,420,248,101,78,79,162,0,0,154,4,0,,,,0.3,2,0.8,0.1,,,,
ChangeDistiller,436,250,107,85,79,165,0,0,163,4,0,,,,0.3,2,1.0,0.1,,,,
ChangeDistiller,235,222,38,22,81,94,0,0,154,4,0,,,,0.3,4,0.2,0.1,,,,
ChangeDistiller,238,223,39,23,81,95,0,0,154,4,0,,,,0.3,4,0.4,0.1,,,,
ChangeDistiller,278,240,48,32,82,116,0,0,157,4,0,,,,0.3,4,0.6,0.1,,,,
ChangeDistiller,366,256,74,58,83,151,0,0,155,4,0,,,,0.3,4,0.8,0.1,,,,
ChangeDistiller,370,250,77,53,83,157,0,0,157,4,0,,,,0.3,4,1.0,0.1,,,,
ChangeDistiller,233,222,37,21,81,94,0,0,151,4,0,,,,0.3,6,0.2,0.1,,,,
ChangeDistiller,236,223,38,22,81,95,0,0,152,4,0,,,,0.3,6,0.4,0.1,,,,
ChangeDistiller,268,241,44,28,82,114,0,0,151,4,0,,,,0.3,6,0.6,0.1,,,,
ChangeDistiller,347,260,65,49,83,150,0,0,152,4,0,,,,0.3,6,0.8,0.1,,,,
ChangeDistiller,345,252,67,41,83,154,0,0,153,4,0,,,,0.3,6,1.0,0.1,,,,
ChangeDistiller,244,228,42,26,79,97,0,0,152,4,0,,,,0.3,2,0.2,0.3,,,,
ChangeDistiller,249,220,49,33,74,93,0,0,151,4,0,,,,0.3,2,0.4,0.3,,,,
ChangeDistiller,285,230,59,43,74,109,0,0,152,4,0,,,,0.3,2,0.6,0.3,,,,
ChangeDistiller,429,241,107,88,74,160,0,0,154,4,0,,,,0.3,2,0.8,0.3,,,,
ChangeDistiller,445,243,113,95,74,163,0,0,154,4,0,,,,0.3,2,1.0,0.3,,,,
ChangeDistiller,245,221,47,31,75,92,0,0,152,4,0,,,,0.3,4,0.2,0.3,,,,
ChangeDistiller,248,220,48,32,75,93,0,0,152,4,0,,,,0.3,4,0.4,0.3,,,,
ChangeDistiller,275,229,54,38,75,108,0,0,152,4,0,,,,0.3,4,0.6,0.3,,,,
ChangeDistiller,373,232,85,66,75,147,0,0,154,4,0,,,,0.3,4,0.8,0.3,,,,
ChangeDistiller,381,234,87,69,75,150,0,0,153,4,0,,,,0.3,4,1.0,0.3,,,,
ChangeDistiller,245,221,47,31,75,92,0,0,153,4,0,,,,0.3,6,0.2,0.3,,,,
ChangeDistiller,248,220,48,32,75,93,0,0,156,4,0,,,,0.3,6,0.4,0.3,,,,
ChangeDistiller,272,228,53,37,75,107,0,0,152,4,0,,,,0.3,6,0.6,0.3,,,,
ChangeDistiller,356,232,78,58,75,145,0,0,153,4,0,,,,0.3,6,0.8,0.3,,,,
ChangeDistiller,356,232,78,58,75,145,0,0,153,4,0,,,,0.3,6,1.0,0.3,,,,
ChangeDistiller,262,238,48,32,78,104,0,0,152,4,0,,,,0.3,2,0.2,0.5,,,,
ChangeDistiller,266,228,56,40,73,97,0,0,151,4,0,,,,0.3,2,0.4,0.5,,,,
ChangeDistiller,300,229,66,50,73,111,0,0,152,4,0,,,,0.3,2,0.6,0.5,,,,
ChangeDistiller,442,236,113,96,73,160,0,0,153,4,0,,,,0.3,2,0.8,0.5,,,,
ChangeDistiller,458,238,119,103,73,163,0,0,161,4,0,,,,0.3,2,1.0,0.5,,,,
ChangeDistiller,272,226,59,43,73,97,0,0,152,4,0,,,,0.3,4,0.2,0.5,,,,
ChangeDistiller,272,226,59,43,73,97,0,0,151,4,0,,,,0.3,4,0.4,0.5,,,,
ChangeDistiller,297,227,65,49,73,110,0,0,152,4,0,,,,0.3,4,0.6,0.5,,,,
ChangeDistiller,396,227,96,79,73,148,0,0,153,4,0,,,,0.3,4,0.8,0.5,,,,
ChangeDistiller,404,229,98,82,73,151,0,0,153,4,0,,,,0.3,4,1.0,0.5,,,,
ChangeDistiller,278,228,60,44,74,100,0,0,152,4,0,,,,0.3,6,0.2,0.5,,,,
ChangeDistiller,276,228,60,44,73,99,0,0,152,4,0,,,,0.3,6,0.4,0.5,,,,
ChangeDistiller,297,227,65,49,73,110,0,0,152,4,0,,,,0.3,6,0.6,0.5,,,,
ChangeDistiller,382,228,90,72,73,147,0,0,153,4,0,,,,0.3,6,0.8,0.5,,,,
ChangeDistiller,382,228,90,72,73,147,0,0,153,4,0,,,,0.3,6,1.0,0.5,,,,
ChangeDistiller,294,262,62,46,74,112,0,0,152,4,0,,,,0.3,2,0.2,0.7,,,,
ChangeDistiller,298,239,72,56,67,103,0,0,153,4,0,,,,0.3,2,0.4,0.7,,,,
ChangeDistiller,341,228,86,70,67,118,0,0,153,4,0,,,,0.3,2,0.6,0.7,,,,
ChangeDistiller,469,231,129,112,67,161,0,0,154,4,0,,,,0.3,2,0.8,0.7,,,,
ChangeDistiller,482,232,134,118,67,163,0,0,154,4,0,,,,0.3,2,1.0,0.7,,,,
ChangeDistiller,330,259,84,68,67,111,0,0,152,4,0,,,,0.3,4,0.2,0.7,,,,
ChangeDistiller,339,240,87,71,67,114,0,0,153,4,0,,,,0.3,4,0.4,0.7,,,,
ChangeDistiller,357,236,92,76,67,122,0,0,152,4,0,,,,0.3,4,0.6,0.7,,,,
ChangeDistiller,444,224,121,104,67,152,0,0,154,4,0,,,,0.3,4,0.8,0.7,,,,
ChangeDistiller,452,226,123,107,67,155,0,0,154,4,0,,,,0.3,4,1.0,0.7,,,,
ChangeDistiller,348,265,90,74,68,116,0,0,152,4,0,,,,0.3,6,0.2,0.7,,,,
ChangeDistiller,356,243,93,77,67,119,0,0,152,4,0,,,,0.3,6,0.4,0.7,,,,
ChangeDistiller,367,242,96,80,67,124,0,0,153,4,0,,,,0.3,6,0.6,0.7,,,,
ChangeDistiller,441,224,120,103,67,151,0,0,154,4,0,,,,0.3,6,0.8,0.7,,,,
ChangeDistiller,441,224,120,103,67,151,0,0,153,4,0,,,,0.3,6,1.0,0.7,,,,
ChangeDistiller,297,265,63,47,74,113,0,0,152,4,0,,,,0.3,2,0.2,0.899,,,,
ChangeDistiller,301,242,73,57,67,104,0,0,152,4,0,,,,0.3,2,0.4,0.899,,,,
ChangeDistiller,346,231,88,72,67,119,0,0,153,4,0,,,,0.3,2,0.6,0.899,,,,
ChangeDistiller,471,231,130,113,67,161,0,0,153,4,0,,,,0.3,2,0.8,0.899,,,,
ChangeDistiller,484,232,135,119,67,163,0,0,154,4,0,,,,0.3,2,1.0,0.899,,,,
ChangeDistiller,372,295,96,80,67,129,0,0,153,4,0,,,,0.3,4,0.2,0.899,,,,
ChangeDistiller,381,276,99,83,67,132,0,0,153,4,0,,,,0.3,4,0.4,0.899,,,,
ChangeDistiller,461,245,127,111,67,156,0,0,154,4,0,,,,0.3,4,0.6,0.899,,,,
ChangeDistiller,479,231,134,117,67,161,0,0,154,4,0,,,,0.3,4,0.8,0.899,,,,
ChangeDistiller,484,232,135,119,67,163,0,0,154,4,0,,,,0.3,4,1.0,0.899,,,,
ChangeDistiller,399,299,105,89,68,137,0,0,153,4,0,,,,0.3,6,0.2,0.899,,,,
ChangeDistiller,407,277,108,92,67,140,0,0,153,4,0,,,,0.3,6,0.4,0.899,,,,
ChangeDistiller,478,240,133,117,67,161,0,0,154,4,0,,,,0.3,6,0.6,0.899,,,,
ChangeDistiller,484,232,135,119,67,163,0,0,154,4,0,,,,0.3,6,0.8,0.899,,,,
ChangeDistiller,484,232,135,119,67,163,0,0,153,4,0,,,,0.3,6,1.0,0.899,,,,
ChangeDistiller,131,127,23,7,40,61,0,0,99,4,0,,,,0.5,2,0.2,0.1,,,,
ChangeDistiller,138,130,25,9,41,63,0,0,99,4,0,,,,0.5,2,0.4,0.1,,,,
ChangeDistiller,156,143,30,14,41,71,0,0,99,4,0,,,,0.5,2,0.6,0.1,,,,
ChangeDistiller,303,187,74,58,41,130,0,0,100,4,0,,,,0.5,2,0.8,0.1,,,,
ChangeDistiller,339,197,82,65,41,151,0,0,101,4,0,,,,0.5,2,1.0,0.1,,,,
ChangeDistiller,131,127,23,7,40,61,0,0,99,4,0,,,,0.5,4,0.2,0.1,,,,
ChangeDistiller,131,127,23,7,40,61,0,0,99,4,0,,,,0.5,4,0.4,0.1,,,,
ChangeDistiller,136,130,24,8,40,64,0,0,99,4,0,,,,0.5,4,0.6,0.1,,,,
ChangeDistiller,210,160,42,26,42,100,0,0,100,4,0,,,,0.5,4,0.8,0.1,,,,
ChangeDistiller,287,192,62,43,42,140,0,0,100,4,0,,,,0.5,4,1.0,0.1,,,,
ChangeDistiller,131,127,23,7,40,61,0,0,99,4,0,,,,0.5,6,0.2,0.1,,,,
ChangeDistiller,131,127,23,7,40,61,0,0,99,4,0,,,,0.5,6,0.4,0.1,,,,
ChangeDistiller,136,130,24,8,40,64,0,0,99,4,0,,,,0.5,6,0.6,0.1,,,,
ChangeDistiller,199,159,38,22,42,97,0,0,99,4,0,,,,0.5,6,0.8,0.1,,,,
ChangeDistiller,262,187,53,34,42,133,0,0,100,4,0,,,,0.5,6,1.0,0.1,,,,
ChangeDistiller,131,127,23,7,40,61,0,0,100,4,0,,,,0.5,2,0.2,0.3,,,,
ChangeDistiller,138,129,27,11,39,61,0,0,100,4,0,,,,0.5,2,0.4,0.3,,,,
ChangeDistiller,156,142,32,16,39,69,0,0,99,4,0,,,,0.5,2,0.6,0.3,,,,
ChangeDistiller,309,182,78,58,39,134,0,0,101,4,0,,,,0.5,2,0.8,0.3,,,,
ChangeDistiller,340,195,84,67,39,150,0,0,101,4,0,,,,0.5,2,1.0,0.3,,,,
ChangeDistiller,138,129,27,11,39,61,0,0,99,4,0,,,,0.5,4,0.2,0.3,,,,
ChangeDistiller,138,129,27,11,39,61,0,0,99,4,0,,,,0.5,4,0.4,0.3,,,,
ChangeDistiller,143,132,28,12,39,64,0,0,99,4,0,,,,0.5,4,0.6,0.3,,,,
ChangeDistiller,206,150,45,29,39,93,0,0,102,4,0,,,,0.5,4,0.8,0.3,,,,
ChangeDistiller,291,183,67,50,39,135,0,0,103,4,0,,,,0.5,4,1.0,0.3,,,,
ChangeDistiller,138,129,27,11,39,61,0,0,101,4,0,,,,0.5,6,0.2,0.3,,,,
ChangeDistiller,138,129,27,11,39,61,0,0,101,4,0,,,,0.5,6,0.4,0.3,,,,
ChangeDistiller,143,132,28,12,39,64,0,0,104,4,0,,,,0.5,6,0.6,0.3,,,,
ChangeDistiller,196,147,42,26,39,89,0,0,102,4,0,,,,0.5,6,0.8,0.3,,,,
ChangeDistiller,264,175,58,41,39,126,0,0,103,4,0,,,,0.5,6,1.0,0.3,,,,
ChangeDistiller,140,133,26,10,40,64,0,0,102,4,0,,,,0.5,2,0.2,0.5,,,,
ChangeDistiller,147,135,30,14,39,64,0,0,102,4,0,,,,0.5,2,0.4,0.5,,,,
ChangeDistiller,167,146,36,20,39,72,0,0,102,4,0,,,,0.5,2,0.6,0.5,,,,
ChangeDistiller,314,180,81,60,39,134,0,0,101,4,0,,,,0.5,2,0.8,0.5,,,,
ChangeDistiller,347,193,87,71,39,150,0,0,101,4,0,,,,0.5,2,1.0,0.5,,,,
ChangeDistiller,150,136,31,15,39,65,0,0,99,4,0,,,,0.5,4,0.2,0.5,,,,
ChangeDistiller,150,136,31,15,39,65,0,0,99,4,0,,,,0.5,4,0.4,0.5,,,,
ChangeDistiller,154,136,32,16,39,67,0,0,99,4,0,,,,0.5,4,0.6,0.5,,,,
ChangeDistiller,216,151,49,33,39,95,0,0,100,4,0,,,,0.5,4,0.8,0.5,,,,
ChangeDistiller,301,182,71,55,39,136,0,0,100,4,0,,,,0.5,4,1.0,0.5,,,,
ChangeDistiller,150,136,31,15,39,65,0,0,99,4,0,,,,0.5,6,0.2,0.5,,,,
ChangeDistiller,150,136,31,15,39,65,0,0,99,4,0,,,,0.5,6,0.4,0.5,,,,
ChangeDistiller,154,136,32,16,39,67,0,0,99,4,0,,,,0.5,6,0.6,0.5,,,,
ChangeDistiller,206,148,46,30,39,91,0,0,99,4,0,,,,0.5,6,0.8,0.5,,,,
ChangeDistiller,274,174,62,46,39,127,0,0,100,4,0,,,,0.5,6,1.0,0.5,,,,
ChangeDistiller,193,175,44,28,40,81,0,0,100,4,0,,,,0.5,2,0.2,0.7,,,,
ChangeDistiller,191,164,49,33,35,74,0,0,100,4,0,,,,0.5,2,0.4,0.7,,,,
ChangeDistiller,216,163,57,41,35,83,0,0,100,4,0,,,,0.5,2,0.6,0.7,,,,
ChangeDistiller,361,179,101,84,35,141,0,0,101,4,0,,,,0.5,2,0.8,0.7,,,,
ChangeDistiller,378,186,105,89,35,149,0,0,101,4,0,,,,0.5,2,1.0,0.7,,,,
ChangeDistiller,228,187,59,43,37,89,0,0,103,4,0,,,,0.5,4,0.2,0.7,,,,
ChangeDistiller,223,184,59,43,35,86,0,0,100,4,0,,,,0.5,4,0.4,0.7,,,,
ChangeDistiller,238,175,64,48,35,91,0,0,100,4,0,,,,0.5,4,0.6,0.7,,,,
ChangeDistiller,330,170,91,74,35,130,0,0,101,4,0,,,,0.5,4,0.8,0.7,,,,
ChangeDistiller,358,180,99,83,35,141,0,0,101,4,0,,,,0.5,4,1.0,0.7,,,,
ChangeDistiller,232,187,61,45,36,90,0,0,99,4,0,,,,0.5,6,0.2,0.7,,,,
ChangeDistiller,232,187,61,45,36,90,0,0,100,4,0,,,,0.5,6,0.4,0.7,,,,
ChangeDistiller,238,175,64,48,35,91,0,0,104,4,0,,,,0.5,6,0.6,0.7,,,,
ChangeDistiller,327,170,90,73,35,129,0,0,101,4,0,,,,0.5,6,0.8,0.7,,,,
ChangeDistiller,338,175,92,76,35,135,0,0,100,4,0,,,,0.5,6,1.0,0.7,,,,
ChangeDistiller,202,184,46,30,41,85,0,0,99,4,0,,,,0.5,2,0.2,0.899,,,,
ChangeDistiller,197,170,51,35,35,76,0,0,99,4,0,,,,0.5,2,0.4,0.899,,,,
ChangeDistiller,224,169,60,44,35,85,0,0,100,4,0,,,,0.5,2,0.6,0.899,,,,
ChangeDistiller,365,181,103,85,35,142,0,0,101,4,0,,,,0.5,2,0.8,0.899,,,,
ChangeDistiller,382,186,107,91,35,149,0,0,101,4,0,,,,0.5,2,1.0,0.899,,,,
ChangeDistiller,259,214,67,51,37,104,0,0,100,4,0,,,,0.5,4,0.2,0.899,,,,
ChangeDistiller,254,211,67,51,35,101,0,0,100,4,0,,,,0.5,4,0.4,0.899,,,,
ChangeDistiller,274,201,74,58,35,107,0,0,106,4,0,,,,0.5,4,0.6,0.899,,,,
ChangeDistiller,367,181,104,86,35,142,0,0,101,4,0,,,,0.5,4,0.8,0.899,,,,
ChangeDistiller,284,222,76,60,36,112,0,0,100,4,0,,,,0.5,6,0.2,0.899,,,,
ChangeDistiller,284,222,76,60,36,112,0,0,101,4,0,,,,0.5,6,0.4,0.899,,,,
ChangeDistiller,302,203,84,68,35,115,0,0,100,4,0,,,,0.5,6,0.6,0.899,,,,
ChangeDistiller,371,183,105,87,35,144,0,0,101,4,0,,,,0.5,6,0.8,0.899,,,,
ChangeDistiller,382,186,107,91,35,149,0,0,101,4,0,,,,0.5,6,1.0,0.899,,,,
ChangeDistiller,93,87,22,6,19,46,0,0,71,4,0,,,,0.7,2,0.2,0.1,,,,
ChangeDistiller,88,79,23,7,17,41,0,0,70,4,0,,,,0.7,2,0.4,0.1,,,,
ChangeDistiller,104,90,27,11,17,49,0,0,71,4,0,,,,0.7,2,0.6,0.1,,,,
ChangeDistiller,203,121,55,39,17,92,0,0,72,4,0,,,,0.7,2,0.8,0.1,,,,
ChangeDistiller,241,139,62,45,17,117,0,0,72,4,0,,,,0.7,2,1.0,0.1,,,,
ChangeDistiller,98,92,22,6,20,50,0,0,71,4,0,,,,0.7,4,0.2,0.1,,,,
ChangeDistiller,90,84,22,6,17,45,0,0,71,4,0,,,,0.7,4,0.4,0.1,,,,
ChangeDistiller,95,84,24,8,17,46,0,0,71,4,0,,,,0.7,4,0.6,0.1,,,,
ChangeDistiller,144,108,36,20,18,70,0,0,71,4,0,,,,0.7,4,0.8,0.1,,,,
ChangeDistiller,212,137,52,32,18,110,0,0,72,4,0,,,,0.7,4,1.0,0.1,,,,
ChangeDistiller,98,92,22,6,20,50,0,0,71,4,0,,,,0.7,6,0.2,0.1,,,,
ChangeDistiller,98,92,22,6,20,50,0,0,71,4,0,,,,0.7,6,0.4,0.1,,,,
ChangeDistiller,101,94,23,7,20,51,0,0,71,4,0,,,,0.7,6,0.6,0.1,,,,
ChangeDistiller,135,111,31,15,20,69,0,0,71,4,0,,,,0.7,6,0.8,0.1,,,,
ChangeDistiller,197,140,44,24,20,109,0,0,72,4,0,,,,0.7,6,1.0,0.1,,,,
ChangeDistiller,93,87,22,6,19,46,0,0,70,4,0,,,,0.7,2,0.2,0.3,,,,
ChangeDistiller,88,78,25,9,15,39,0,0,71,4,0,,,,0.7,2,0.4,0.3,,,,
ChangeDistiller,101,87,29,13,15,44,0,0,71,4,0,,,,0.7,2,0.6,0.3,,,,
ChangeDistiller,206,118,58,42,15,91,0,0,72,4,0,,,,0.7,2,0.8,0.3,,,,
ChangeDistiller,244,136,65,48,15,116,0,0,72,4,0,,,,0.7,2,1.0,0.3,,,,
ChangeDistiller,97,86,25,9,18,45,0,0,71,4,0,,,,0.7,4,0.2,0.3,,,,
ChangeDistiller,91,81,25,9,16,41,0,0,71,4,0,,,,0.7,4,0.4,0.3,,,,
ChangeDistiller,91,81,25,9,16,41,0,0,71,4,0,,,,0.7,4,0.6,0.3,,,,
ChangeDistiller,141,101,38,22,16,65,0,0,72,4,0,,,,0.7,4,0.8,0.3,,,,
ChangeDistiller,217,131,56,39,16,106,0,0,74,4,0,,,,0.7,4,1.0,0.3,,,,
ChangeDistiller,94,83,25,9,17,43,0,0,71,4,0,,,,0.7,6,0.2,0.3,,,,
ChangeDistiller,91,81,25,9,16,41,0,0,71,4,0,,,,0.7,6,0.4,0.3,,,,
ChangeDistiller,91,81,25,9,16,41,0,0,71,4,0,,,,0.7,6,0.6,0.3,,,,
ChangeDistiller,127,97,34,18,16,59,0,0,71,4,0,,,,0.7,6,0.8,0.3,,,,
ChangeDistiller,194,126,48,31,16,99,0,0,71,4,0,,,,0.7,6,1.0,0.3,,,,
ChangeDistiller,96,88,23,7,19,47,0,0,71,4,0,,,,0.7,2,0.2,0.5,,,,
ChangeDistiller,91,79,26,10,15,40,0,0,71,4,0,,,,0.7,2,0.4,0.5,,,,
ChangeDistiller,107,89,31,15,15,46,0,0,71,4,0,,,,0.7,2,0.6,0.5,,,,
ChangeDistiller,208,116,59,43,15,91,0,0,71,4,0,,,,0.7,2,0.8,0.5,,,,
ChangeDistiller,247,135,66,50,15,116,0,0,71,4,0,,,,0.7,2,1.0,0.5,,,,
ChangeDistiller,94,80,27,11,15,41,0,0,75,4,0,,,,0.7,4,0.2,0.5,,,,
ChangeDistiller,94,80,27,11,15,41,0,0,71,4,0,,,,0.7,4,0.4,0.5,,,,
ChangeDistiller,94,80,27,11,15,41,0,0,71,4,0,,,,0.7,4,0.6,0.5,,,,
ChangeDistiller,133,95,37,21,15,60,0,0,71,4,0,,,,0.7,4,0.8,0.5,,,,
ChangeDistiller,221,129,58,42,15,106,0,0,72,4,0,,,,0.7,4,1.0,0.5,,,,
ChangeDistiller,94,80,27,11,15,41,0,0,71,4,0,,,,0.7,6,0.2,0.5,,,,
ChangeDistiller,94,80,27,11,15,41,0,0,71,4,0,,,,0.7,6,0.4,0.5,,,,
ChangeDistiller,94,80,27,11,15,41,0,0,71,4,0,,,,0.7,6,0.6,0.5,,,,
ChangeDistiller,127,94,35,19,15,58,0,0,72,4,0,,,,0.7,6,0.8,0.5,,,,
ChangeDistiller,197,122,50,34,15,98,0,0,72,4,0,,,,0.7,6,1.0,0.5,,,,
ChangeDistiller,116,103,31,15,17,53,0,0,71,4,0,,,,0.7,2,0.2,0.7,,,,
ChangeDistiller,108,90,34,18,12,44,0,0,71,4,0,,,,0.7,2,0.4,0.7,,,,
ChangeDistiller,128,96,40,24,12,52,0,0,71,4,0,,,,0.7,2,0.6,0.7,,,,
ChangeDistiller,222,115,67,51,12,92,0,0,72,4,0,,,,0.7,2,0.8,0.7,,,,
ChangeDistiller,260,131,74,58,12,116,0,0,72,4,0,,,,0.7,2,1.0,0.7,,,,
ChangeDistiller,131,105,39,23,14,55,0,0,71,4,0,,,,0.7,4,0.2,0.7,,,,
ChangeDistiller,125,101,39,23,12,51,0,0,71,4,0,,,,0.7,4,0.4,0.7,,,,
ChangeDistiller,132,100,41,25,12,54,0,0,71,4,0,,,,0.7,4,0.6,0.7,,,,
ChangeDistiller,183,106,55,39,12,77,0,0,71,4,0,,,,0.7,4,0.8,0.7,,,,
ChangeDistiller,244,125,70,54,12,108,0,0,72,4,0,,,,0.7,4,1.0,0.7,,,,
ChangeDistiller,131,103,40,24,13,54,0,0,71,4,0,,,,0.7,6,0.2,0.7,,,,
ChangeDistiller,128,102,40,24,12,52,0,0,71,4,0,,,,0.7,6,0.4,0.7,,,,
ChangeDistiller,132,100,41,25,12,54,0,0,72,4,0,,,,0.7,6,0.6,0.7,,,,
ChangeDistiller,176,106,53,37,12,74,0,0,71,4,0,,,,0.7,6,0.8,0.7,,,,
ChangeDistiller,223,121,63,46,12,102,0,0,72,4,0,,,,0.7,6,1.0,0.7,,,,
ChangeDistiller,119,105,32,16,17,54,0,0,71,4,0,,,,0.7,2,0.2,0.899,,,,
ChangeDistiller,111,92,35,19,12,45,0,0,72,4,0,,,,0.7,2,0.4,0.899,,,,
ChangeDistiller,134,93,42,26,12,54,0,0,71,4,0,,,,0.7,2,0.6,0.899,,,,
ChangeDistiller,224,114,68,52,12,92,0,0,72,4,0,,,,0.7,2,0.8,0.899,,,,
ChangeDistiller,262,130,75,59,12,116,0,0,72,4,0,,,,0.7,2,1.0,0.899,,,,
ChangeDistiller,154,125,44,28,14,68,0,0,71,4,0,,,,0.7,4,0.2,0.899,,,,
ChangeDistiller,148,121,44,28,12,64,0,0,72,4,0,,,,0.7,4,0.4,0.899,,,,
ChangeDistiller,163,114,49,33,12,69,0,0,71,4,0,,,,0.7,4,0.6,0.899,,,,
ChangeDistiller,224,114,68,52,12,92,0,0,72,4,0,,,,0.7,4,0.8,0.899,,,,
ChangeDistiller,262,130,75,59,12,116,0,0,72,4,0,,,,0.7,4,1.0,0.899,,,,
ChangeDistiller,174,128,52,36,13,73,0,0,71,4,0,,,,0.7,6,0.2,0.899,,,,
ChangeDistiller,174,128,52,36,13,73,0,0,71,4,0,,,,0.7,6,0.4,0.899,,,,
ChangeDistiller,183,120,56,40,12,75,0,0,72,4,0,,,,0.7,6,0.6,0.899,,,,
ChangeDistiller,224,114,68,52,12,92,0,0,72,4,0,,,,0.7,6,0.8,0.899,,,,
ChangeDistiller,262,130,75,59,12,116,0,0,72,4,0,,,,0.7,6,1.0,0.899,,,,
ChangeDistiller,68,62,20,4,7,37,0,0,60,4,0,,,,0.899,2,0.2,0.1,,,,
ChangeDistiller,63,54,21,5,5,32,0,0,59,4,0,,,,0.899,2,0.4,0.1,,,,
ChangeDistiller,69,58,23,7,5,34,0,0,60,4,0,,,,0.899,2,0.6,0.1,,,,
ChangeDistiller,163,83,50,34,5,74,0,0,60,4,0,,,,0.899,2,0.8,0.1,,,,
ChangeDistiller,191,101,55,39,5,92,0,0,60,4,0,,,,0.899,2,1.0,0.1,,,,
ChangeDistiller,73,67,20,4,8,41,0,0,60,4,0,,,,0.899,4,0.2,0.1,,,,
ChangeDistiller,65,59,20,4,5,36,0,0,60,4,0,,,,0.899,4,0.4,0.1,,,,
ChangeDistiller,70,59,22,6,5,37,0,0,60,4,0,,,,0.899,4,0.6,0.1,,,,
ChangeDistiller,109,75,32,16,6,55,0,0,60,4,0,,,,0.899,4,0.8,0.1,,,,
ChangeDistiller,166,101,46,27,6,87,0,0,61,4,0,,,,0.899,4,1.0,0.1,,,,
ChangeDistiller,73,67,20,4,8,41,0,0,60,4,0,,,,0.899,6,0.2,0.1,,,,
ChangeDistiller,73,67,20,4,8,41,0,0,60,4,0,,,,0.899,6,0.4,0.1,,,,
ChangeDistiller,76,69,21,5,8,42,0,0,60,4,0,,,,0.899,6,0.6,0.1,,,,
ChangeDistiller,103,79,28,12,8,55,0,0,60,4,0,,,,0.899,6,0.8,0.1,,,,
ChangeDistiller,154,105,39,20,8,87,0,0,61,4,0,,,,0.899,6,1.0,0.1,,,,
ChangeDistiller,68,62,20,4,7,37,0,0,60,4,0,,,,0.899,2,0.2,0.3,,,,
ChangeDistiller,63,53,23,7,3,30,0,0,60,4,0,,,,0.899,2,0.4,0.3,,,,
ChangeDistiller,69,57,25,9,3,32,0,0,60,4,0,,,,0.899,2,0.6,0.3,,,,
ChangeDistiller,164,80,52,36,3,73,0,0,61,4,0,,,,0.899,2,0.8,0.3,,,,
ChangeDistiller,192,98,57,41,3,91,0,0,60,4,0,,,,0.899,2,1.0,0.3,,,,
ChangeDistiller,72,61,23,7,6,36,0,0,60,4,0,,,,0.899,4,0.2,0.3,,,,
ChangeDistiller,66,56,23,7,4,32,0,0,60,4,0,,,,0.899,4,0.4,0.3,,,,
ChangeDistiller,66,56,23,7,4,32,0,0,60,4,0,,,,0.899,4,0.6,0.3,,,,
ChangeDistiller,102,66,33,17,4,48,0,0,60,4,0,,,,0.899,4,0.8,0.3,,,,
ChangeDistiller,171,95,50,34,4,83,0,0,60,4,0,,,,0.899,4,1.0,0.3,,,,
ChangeDistiller,69,58,23,7,5,34,0,0,60,4,0,,,,0.899,6,0.2,0.3,,,,
ChangeDistiller,66,56,23,7,4,32,0,0,59,4,0,,,,0.899,6,0.4,0.3,,,,
ChangeDistiller,66,56,23,7,4,32,0,0,59,4,0,,,,0.899,6,0.6,0.3,,,,
ChangeDistiller,95,65,31,15,4,45,0,0,60,4,0,,,,0.899,6,0.8,0.3,,,,
ChangeDistiller,151,91,43,27,4,77,0,0,60,4,0,,,,0.899,6,1.0,0.3,,,,
ChangeDistiller,68,62,20,4,7,37,0,0,60,4,0,,,,0.899,2,0.2,0.5,,,,
ChangeDistiller,63,53,23,7,3,30,0,0,60,4,0,,,,0.899,2,0.4,0.5,,,,
ChangeDistiller,69,57,25,9,3,32,0,0,59,4,0,,,,0.899,2,0.6,0.5,,,,
ChangeDistiller,164,80,52,36,3,73,0,0,60,4,0,,,,0.899,2,0.8,0.5,,,,
ChangeDistiller,192,98,57,41,3,91,0,0,61,4,0,,,,0.899,2,1.0,0.5,,,,
ChangeDistiller,63,53,23,7,3,30,0,0,60,4,0,,,,0.899,4,0.2,0.5,,,,
ChangeDistiller,63,53,23,7,3,30,0,0,60,4,0,,,,0.899,4,0.4,0.5,,,,
ChangeDistiller,63,53,23,7,3,30,0,0,60,4,0,,,,0.899,4,0.6,0.5,,,,
ChangeDistiller,92,60,31,15,3,43,0,0,60,4,0,,,,0.899,4,0.8,0.5,,,,
ChangeDistiller,169,93,50,34,3,82,0,0,61,4,0,,,,0.899,4,1.0,0.5,,,,
ChangeDistiller,63,53,23,7,3,30,0,0,59,4,0,,,,0.899,6,0.2,0.5,,,,
ChangeDistiller,63,53,23,7,3,30,0,0,59,4,0,,,,0.899,6,0.4,0.5,,,,
ChangeDistiller,63,53,23,7,3,30,0,0,60,4,0,,,,0.899,6,0.6,0.5,,,,
ChangeDistiller,89,60,30,14,3,42,0,0,60,4,0,,,,0.899,6,0.8,0.5,,,,
ChangeDistiller,148,87,43,27,3,75,0,0,60,4,0,,,,0.899,6,1.0,0.5,,,,
ChangeDistiller,79,68,25,9,5,40,0,0,59,4,0,,,,0.899,2,0.2,0.7,,,,
ChangeDistiller,71,55,28,12,0,31,0,0,60,4,0,,,,0.899,2,0.4,0.7,,,,
ChangeDistiller,81,55,31,15,0,35,0,0,60,4,0,,,,0.899,2,0.6,0.7,,,,
ChangeDistiller,171,76,57,41,0,73,0,0,60,4,0,,,,0.899,2,0.8,0.7,,,,
ChangeDistiller,199,94,62,46,0,91,0,0,60,4,0,,,,0.899,2,1.0,0.7,,,,
ChangeDistiller,87,65,31,15,2,39,0,0,60,4,0,,,,0.899,4,0.2,0.7,,,,
ChangeDistiller,81,61,31,15,0,35,0,0,60,4,0,,,,0.899,4,0.4,0.7,,,,
ChangeDistiller,85,59,32,16,0,37,0,0,62,4,0,,,,0.899,4,0.6,0.7,,,,
ChangeDistiller,132,67,45,29,0,58,0,0,62,4,0,,,,0.899,4,0.8,0.7,,,,
ChangeDistiller,183,88,58,42,0,83,0,0,63,4,0,,,,0.899,4,1.0,0.7,,,,
ChangeDistiller,84,62,31,15,1,37,0,0,62,4,0,,,,0.899,6,0.2,0.7,,,,
ChangeDistiller,81,61,31,15,0,35,0,0,62,4,0,,,,0.899,6,0.4,0.7,,,,
ChangeDistiller,85,59,32,16,0,37,0,0,62,4,0,,,,0.899,6,0.6,0.7,,,,
ChangeDistiller,125,67,43,27,0,55,0,0,63,4,0,,,,0.899,6,0.8,0.7,,,,
ChangeDistiller,162,84,51,34,0,77,0,0,63,4,0,,,,0.899,6,1.0,0.7,,,,
ChangeDistiller,82,70,26,10,5,41,0,0,62,4,0,,,,0.899,2,0.2,0.899,,,,
ChangeDistiller,74,57,29,13,0,32,0,0,63,4,0,,,,0.899,2,0.4,0.899,,,,
ChangeDistiller,84,57,32,16,0,36,0,0,60,4,0,,,,0.899,2,0.6,0.899,,,,
ChangeDistiller,174,78,58,42,0,74,0,0,61,4,0,,,,0.899,2,0.8,0.899,,,,
ChangeDistiller,201,93,63,47,0,91,0,0,61,4,0,,,,0.899,2,1.0,0.899,,,,
ChangeDistiller,110,85,36,20,2,52,0,0,61,4,0,,,,0.899,4,0.2,0.899,,,,
ChangeDistiller,104,81,36,20,0,48,0,0,60,4,0,,,,0.899,4,0.4,0.899,,,,
ChangeDistiller,113,78,39,23,0,51,0,0,59,4,0,,,,0.899,4,0.6,0.899,,,,
ChangeDistiller,174,78,58,42,0,74,0,0,57,4,0,,,,0.899,4,0.8,0.899,,,,
ChangeDistiller,201,93,63,47,0,91,0,0,57,4,0,,,,0.899,4,1.0,0.899,,,,
ChangeDistiller,127,87,43,27,1,56,0,0,56,4,0,,,,0.899,6,0.2,0.899,,,,
ChangeDistiller,127,87,43,27,1,56,0,0,56,4,0,,,,0.899,6,0.4,0.899,,,,
ChangeDistiller,133,84,46,30,0,57,0,0,55,4,0,,,,0.899,6,0.6,0.899,,,,
ChangeDistiller,174,78,58,42,0,74,0,0,54,4,0,,,,0.899,6,0.8,0.899,,,,
ChangeDistiller,201,93,63,47,0,91,0,0,52,4,0,,,,0.899,6,1.0,0.899,,,,
