MATCHER,NRACTIONS,NRROOTS,NR_INSERT,NR_DELETE,NR_UPDATE,NR_MOVE,NR_TREEINSERT,NR_TREEDELETE,TIME,NROPTIONS,TIMEOUT,GT_BUM_SMT,GT_BUM_SMT_SBUP,GT_BUM_SZT,GT_CD_LSIM,GT_CD_ML,GT_CD_SSIM1,GT_CD_SSIM2,GT_STM_MH,GT_XYM_SIM,GUMTREE_MATCH_GT_MINH,
SimpleGumtree,45,2,45,0,0,0,0,0,1,2,0,,0.1,,,,,,1,,,
SimpleGumtree,45,2,45,0,0,0,0,0,1,2,0,,0.3,,,,,,1,,,
SimpleGumtree,45,2,45,0,0,0,0,0,1,2,0,,0.5,,,,,,1,,,
SimpleGumtree,45,2,45,0,0,0,0,0,2,2,0,,0.7,,,,,,1,,,
SimpleGumtree,45,2,45,0,0,0,0,0,2,2,0,,0.899,,,,,,1,,,
SimpleGumtree,45,2,45,0,0,0,0,0,2,2,0,,0.1,,,,,,2,,,
SimpleGumtree,45,2,45,0,0,0,0,0,1,2,0,,0.3,,,,,,2,,,
SimpleGumtree,45,2,45,0,0,0,0,0,2,2,0,,0.5,,,,,,2,,,
SimpleGumtree,45,2,45,0,0,0,0,0,2,2,0,,0.7,,,,,,2,,,
SimpleGumtree,45,2,45,0,0,0,0,0,2,2,0,,0.899,,,,,,2,,,
SimpleGumtree,45,2,45,0,0,0,0,0,1,2,0,,0.1,,,,,,3,,,
SimpleGumtree,45,2,45,0,0,0,0,0,1,2,0,,0.3,,,,,,3,,,
SimpleGumtree,45,2,45,0,0,0,0,0,1,2,0,,0.5,,,,,,3,,,
SimpleGumtree,45,2,45,0,0,0,0,0,2,2,0,,0.7,,,,,,3,,,
SimpleGumtree,45,2,45,0,0,0,0,0,2,2,0,,0.899,,,,,,3,,,
SimpleGumtree,45,2,45,0,0,0,0,0,2,2,0,,0.1,,,,,,4,,,
SimpleGumtree,45,2,45,0,0,0,0,0,2,2,0,,0.3,,,,,,4,,,
SimpleGumtree,45,2,45,0,0,0,0,0,2,2,0,,0.5,,,,,,4,,,
SimpleGumtree,45,2,45,0,0,0,0,0,2,2,0,,0.7,,,,,,4,,,
SimpleGumtree,45,2,45,0,0,0,0,0,2,2,0,,0.899,,,,,,4,,,
SimpleGumtree,45,2,45,0,0,0,0,0,1,2,0,,0.1,,,,,,5,,,
SimpleGumtree,45,2,45,0,0,0,0,0,1,2,0,,0.3,,,,,,5,,,
SimpleGumtree,45,2,45,0,0,0,0,0,1,2,0,,0.5,,,,,,5,,,
SimpleGumtree,45,2,45,0,0,0,0,0,1,2,0,,0.7,,,,,,5,,,
SimpleGumtree,45,2,45,0,0,0,0,0,2,2,0,,0.899,,,,,,5,,,
ClassicGumtree,45,2,45,0,0,0,0,0,6,3,0,0.1,,100,,,,,1,,,
ClassicGumtree,45,2,45,0,0,0,0,0,6,3,0,0.1,,200,,,,,1,,,
ClassicGumtree,45,2,45,0,0,0,0,0,6,3,0,0.1,,300,,,,,1,,,
ClassicGumtree,45,2,45,0,0,0,0,0,11,3,0,0.1,,400,,,,,1,,,
ClassicGumtree,45,2,45,0,0,0,0,0,10,3,0,0.1,,500,,,,,1,,,
ClassicGumtree,45,2,45,0,0,0,0,0,1814,3,0,0.1,,600,,,,,1,,,
ClassicGumtree,45,2,45,0,0,0,0,0,927,3,0,0.1,,700,,,,,1,,,
ClassicGumtree,45,2,45,0,0,0,0,0,926,3,0,0.1,,800,,,,,1,,,
ClassicGumtree,45,2,45,0,0,0,0,0,926,3,0,0.1,,900,,,,,1,,,
ClassicGumtree,45,2,45,0,0,0,0,0,1142,3,0,0.1,,1000,,,,,1,,,
ClassicGumtree,45,2,45,0,0,0,0,0,925,3,0,0.1,,1100,,,,,1,,,
ClassicGumtree,45,2,45,0,0,0,0,0,924,3,0,0.1,,1200,,,,,1,,,
ClassicGumtree,45,2,45,0,0,0,0,0,925,3,0,0.1,,1300,,,,,1,,,
ClassicGumtree,45,2,45,0,0,0,0,0,1817,3,0,0.1,,1400,,,,,1,,,
ClassicGumtree,45,2,45,0,0,0,0,0,995,3,0,0.1,,1500,,,,,1,,,
ClassicGumtree,45,2,45,0,0,0,0,0,941,3,0,0.1,,1600,,,,,1,,,
ClassicGumtree,45,2,45,0,0,0,0,0,941,3,0,0.1,,1700,,,,,1,,,
ClassicGumtree,45,2,45,0,0,0,0,0,943,3,0,0.1,,1800,,,,,1,,,
ClassicGumtree,45,2,45,0,0,0,0,0,942,3,0,0.1,,1900,,,,,1,,,
ClassicGumtree,45,2,45,0,0,0,0,0,941,3,0,0.1,,2000,,,,,1,,,
ClassicGumtree,55,6,50,5,0,0,0,0,6,3,0,0.1,,100,,,,,2,,,
ClassicGumtree,55,6,50,5,0,0,0,0,5,3,0,0.1,,200,,,,,2,,,
ClassicGumtree,55,6,50,5,0,0,0,0,6,3,0,0.1,,300,,,,,2,,,
ClassicGumtree,55,6,50,5,0,0,0,0,6,3,0,0.1,,400,,,,,2,,,
ClassicGumtree,55,6,50,5,0,0,0,0,5,3,0,0.1,,500,,,,,2,,,
ClassicGumtree,45,2,45,0,0,0,0,0,941,3,0,0.1,,600,,,,,2,,,
ClassicGumtree,45,2,45,0,0,0,0,0,941,3,0,0.1,,700,,,,,2,,,
ClassicGumtree,45,2,45,0,0,0,0,0,941,3,0,0.1,,800,,,,,2,,,
ClassicGumtree,45,2,45,0,0,0,0,0,1771,3,0,0.1,,900,,,,,2,,,
ClassicGumtree,45,2,45,0,0,0,0,0,1777,3,0,0.1,,1000,,,,,2,,,
ClassicGumtree,45,2,45,0,0,0,0,0,937,3,0,0.1,,1100,,,,,2,,,
ClassicGumtree,45,2,45,0,0,0,0,0,937,3,0,0.1,,1200,,,,,2,,,
ClassicGumtree,45,2,45,0,0,0,0,0,939,3,0,0.1,,1300,,,,,2,,,
ClassicGumtree,45,2,45,0,0,0,0,0,939,3,0,0.1,,1400,,,,,2,,,
ClassicGumtree,45,2,45,0,0,0,0,0,937,3,0,0.1,,1500,,,,,2,,,
ClassicGumtree,45,2,45,0,0,0,0,0,937,3,0,0.1,,1600,,,,,2,,,
ClassicGumtree,45,2,45,0,0,0,0,0,938,3,0,0.1,,1700,,,,,2,,,
ClassicGumtree,45,2,45,0,0,0,0,0,940,3,0,0.1,,1800,,,,,2,,,
ClassicGumtree,45,2,45,0,0,0,0,0,928,3,0,0.1,,1900,,,,,2,,,
ClassicGumtree,45,2,45,0,0,0,0,0,928,3,0,0.1,,2000,,,,,2,,,
ClassicGumtree,69,8,57,12,0,0,0,0,6,3,0,0.1,,100,,,,,3,,,
ClassicGumtree,69,8,57,12,0,0,0,0,6,3,0,0.1,,200,,,,,3,,,
ClassicGumtree,69,8,57,12,0,0,0,0,5,3,0,0.1,,300,,,,,3,,,
ClassicGumtree,69,8,57,12,0,0,0,0,5,3,0,0.1,,400,,,,,3,,,
ClassicGumtree,69,8,57,12,0,0,0,0,5,3,0,0.1,,500,,,,,3,,,
ClassicGumtree,45,2,45,0,0,0,0,0,928,3,0,0.1,,600,,,,,3,,,
ClassicGumtree,45,2,45,0,0,0,0,0,928,3,0,0.1,,700,,,,,3,,,
ClassicGumtree,45,2,45,0,0,0,0,0,930,3,0,0.1,,800,,,,,3,,,
ClassicGumtree,45,2,45,0,0,0,0,0,928,3,0,0.1,,900,,,,,3,,,
ClassicGumtree,45,2,45,0,0,0,0,0,928,3,0,0.1,,1000,,,,,3,,,
ClassicGumtree,45,2,45,0,0,0,0,0,927,3,0,0.1,,1100,,,,,3,,,
ClassicGumtree,45,2,45,0,0,0,0,0,1812,3,0,0.1,,1200,,,,,3,,,
ClassicGumtree,45,2,45,0,0,0,0,0,1817,3,0,0.1,,1300,,,,,3,,,
ClassicGumtree,45,2,45,0,0,0,0,0,889,3,0,0.1,,1400,,,,,3,,,
ClassicGumtree,45,2,45,0,0,0,0,0,889,3,0,0.1,,1500,,,,,3,,,
ClassicGumtree,45,2,45,0,0,0,0,0,889,3,0,0.1,,1600,,,,,3,,,
ClassicGumtree,45,2,45,0,0,0,0,0,889,3,0,0.1,,1700,,,,,3,,,
ClassicGumtree,45,2,45,0,0,0,0,0,892,3,0,0.1,,1800,,,,,3,,,
ClassicGumtree,45,2,45,0,0,0,0,0,889,3,0,0.1,,1900,,,,,3,,,
ClassicGumtree,45,2,45,0,0,0,0,0,940,3,0,0.1,,2000,,,,,3,,,
ClassicGumtree,69,8,57,12,0,0,0,0,6,3,0,0.1,,100,,,,,4,,,
ClassicGumtree,69,8,57,12,0,0,0,0,5,3,0,0.1,,200,,,,,4,,,
ClassicGumtree,69,8,57,12,0,0,0,0,6,3,0,0.1,,300,,,,,4,,,
ClassicGumtree,69,8,57,12,0,0,0,0,6,3,0,0.1,,400,,,,,4,,,
ClassicGumtree,69,8,57,12,0,0,0,0,5,3,0,0.1,,500,,,,,4,,,
ClassicGumtree,45,2,45,0,0,0,0,0,939,3,0,0.1,,600,,,,,4,,,
ClassicGumtree,45,2,45,0,0,0,0,0,940,3,0,0.1,,700,,,,,4,,,
ClassicGumtree,45,2,45,0,0,0,0,0,940,3,0,0.1,,800,,,,,4,,,
ClassicGumtree,45,2,45,0,0,0,0,0,941,3,0,0.1,,900,,,,,4,,,
ClassicGumtree,45,2,45,0,0,0,0,0,940,3,0,0.1,,1000,,,,,4,,,
ClassicGumtree,45,2,45,0,0,0,0,0,941,3,0,0.1,,1100,,,,,4,,,
ClassicGumtree,45,2,45,0,0,0,0,0,939,3,0,0.1,,1200,,,,,4,,,
ClassicGumtree,45,2,45,0,0,0,0,0,890,3,0,0.1,,1300,,,,,4,,,
ClassicGumtree,45,2,45,0,0,0,0,0,930,3,0,0.1,,1400,,,,,4,,,
ClassicGumtree,45,2,45,0,0,0,0,0,1799,3,0,0.1,,1500,,,,,4,,,
ClassicGumtree,45,2,45,0,0,0,0,0,1806,3,0,0.1,,1600,,,,,4,,,
ClassicGumtree,45,2,45,0,0,0,0,0,930,3,0,0.1,,1700,,,,,4,,,
ClassicGumtree,45,2,45,0,0,0,0,0,930,3,0,0.1,,1800,,,,,4,,,
ClassicGumtree,45,2,45,0,0,0,0,0,930,3,0,0.1,,1900,,,,,4,,,
ClassicGumtree,45,2,45,0,0,0,0,0,930,3,0,0.1,,2000,,,,,4,,,
ClassicGumtree,119,9,82,37,0,0,0,0,1,3,0,0.1,,100,,,,,5,,,
ClassicGumtree,119,9,82,37,0,0,0,0,1,3,0,0.1,,200,,,,,5,,,
ClassicGumtree,119,9,82,37,0,0,0,0,1,3,0,0.1,,300,,,,,5,,,
ClassicGumtree,119,9,82,37,0,0,0,0,1,3,0,0.1,,400,,,,,5,,,
ClassicGumtree,119,9,82,37,0,0,0,0,1,3,0,0.1,,500,,,,,5,,,
ClassicGumtree,45,2,45,0,0,0,0,0,929,3,0,0.1,,600,,,,,5,,,
ClassicGumtree,45,2,45,0,0,0,0,0,925,3,0,0.1,,700,,,,,5,,,
ClassicGumtree,45,2,45,0,0,0,0,0,927,3,0,0.1,,800,,,,,5,,,
ClassicGumtree,45,2,45,0,0,0,0,0,884,3,0,0.1,,900,,,,,5,,,
ClassicGumtree,45,2,45,0,0,0,0,0,922,3,0,0.1,,1000,,,,,5,,,
ClassicGumtree,45,2,45,0,0,0,0,0,922,3,0,0.1,,1100,,,,,5,,,
ClassicGumtree,45,2,45,0,0,0,0,0,922,3,0,0.1,,1200,,,,,5,,,
ClassicGumtree,45,2,45,0,0,0,0,0,922,3,0,0.1,,1300,,,,,5,,,
ClassicGumtree,45,2,45,0,0,0,0,0,923,3,0,0.1,,1400,,,,,5,,,
ClassicGumtree,45,2,45,0,0,0,0,0,921,3,0,0.1,,1500,,,,,5,,,
ClassicGumtree,45,2,45,0,0,0,0,0,921,3,0,0.1,,1600,,,,,5,,,
ClassicGumtree,45,2,45,0,0,0,0,0,922,3,0,0.1,,1700,,,,,5,,,
ClassicGumtree,45,2,45,0,0,0,0,0,1765,3,0,0.1,,1800,,,,,5,,,
ClassicGumtree,45,2,45,0,0,0,0,0,1771,3,0,0.1,,1900,,,,,5,,,
ClassicGumtree,45,2,45,0,0,0,0,0,912,3,0,0.1,,2000,,,,,5,,,
ClassicGumtree,45,2,45,0,0,0,0,0,5,3,0,0.2,,100,,,,,1,,,
ClassicGumtree,45,2,45,0,0,0,0,0,6,3,0,0.2,,200,,,,,1,,,
ClassicGumtree,45,2,45,0,0,0,0,0,6,3,0,0.2,,300,,,,,1,,,
ClassicGumtree,45,2,45,0,0,0,0,0,5,3,0,0.2,,400,,,,,1,,,
ClassicGumtree,45,2,45,0,0,0,0,0,5,3,0,0.2,,500,,,,,1,,,
ClassicGumtree,45,2,45,0,0,0,0,0,917,3,0,0.2,,600,,,,,1,,,
ClassicGumtree,45,2,45,0,0,0,0,0,917,3,0,0.2,,700,,,,,1,,,
ClassicGumtree,45,2,45,0,0,0,0,0,917,3,0,0.2,,800,,,,,1,,,
ClassicGumtree,45,2,45,0,0,0,0,0,917,3,0,0.2,,900,,,,,1,,,
ClassicGumtree,45,2,45,0,0,0,0,0,920,3,0,0.2,,1000,,,,,1,,,
ClassicGumtree,45,2,45,0,0,0,0,0,918,3,0,0.2,,1100,,,,,1,,,
ClassicGumtree,45,2,45,0,0,0,0,0,917,3,0,0.2,,1200,,,,,1,,,
ClassicGumtree,45,2,45,0,0,0,0,0,915,3,0,0.2,,1300,,,,,1,,,
ClassicGumtree,45,2,45,0,0,0,0,0,914,3,0,0.2,,1400,,,,,1,,,
ClassicGumtree,45,2,45,0,0,0,0,0,914,3,0,0.2,,1500,,,,,1,,,
ClassicGumtree,45,2,45,0,0,0,0,0,915,3,0,0.2,,1600,,,,,1,,,
ClassicGumtree,45,2,45,0,0,0,0,0,914,3,0,0.2,,1700,,,,,1,,,
ClassicGumtree,45,2,45,0,0,0,0,0,916,3,0,0.2,,1800,,,,,1,,,
ClassicGumtree,45,2,45,0,0,0,0,0,915,3,0,0.2,,1900,,,,,1,,,
ClassicGumtree,45,2,45,0,0,0,0,0,914,3,0,0.2,,2000,,,,,1,,,
ClassicGumtree,55,6,50,5,0,0,0,0,10,3,0,0.2,,100,,,,,2,,,
ClassicGumtree,55,6,50,5,0,0,0,0,11,3,0,0.2,,200,,,,,2,,,
ClassicGumtree,55,6,50,5,0,0,0,0,10,3,0,0.2,,300,,,,,2,,,
ClassicGumtree,55,6,50,5,0,0,0,0,11,3,0,0.2,,400,,,,,2,,,
ClassicGumtree,55,6,50,5,0,0,0,0,10,3,0,0.2,,500,,,,,2,,,
ClassicGumtree,45,2,45,0,0,0,0,0,1758,3,0,0.2,,600,,,,,2,,,
ClassicGumtree,45,2,45,0,0,0,0,0,1759,3,0,0.2,,700,,,,,2,,,
ClassicGumtree,45,2,45,0,0,0,0,0,921,3,0,0.2,,800,,,,,2,,,
ClassicGumtree,45,2,45,0,0,0,0,0,920,3,0,0.2,,900,,,,,2,,,
ClassicGumtree,45,2,45,0,0,0,0,0,921,3,0,0.2,,1000,,,,,2,,,
ClassicGumtree,45,2,45,0,0,0,0,0,920,3,0,0.2,,1100,,,,,2,,,
ClassicGumtree,45,2,45,0,0,0,0,0,920,3,0,0.2,,1200,,,,,2,,,
ClassicGumtree,45,2,45,0,0,0,0,0,922,3,0,0.2,,1300,,,,,2,,,
ClassicGumtree,45,2,45,0,0,0,0,0,921,3,0,0.2,,1400,,,,,2,,,
ClassicGumtree,45,2,45,0,0,0,0,0,919,3,0,0.2,,1500,,,,,2,,,
ClassicGumtree,45,2,45,0,0,0,0,0,915,3,0,0.2,,1600,,,,,2,,,
ClassicGumtree,45,2,45,0,0,0,0,0,916,3,0,0.2,,1700,,,,,2,,,
ClassicGumtree,45,2,45,0,0,0,0,0,915,3,0,0.2,,1800,,,,,2,,,
ClassicGumtree,45,2,45,0,0,0,0,0,915,3,0,0.2,,1900,,,,,2,,,
ClassicGumtree,45,2,45,0,0,0,0,0,916,3,0,0.2,,2000,,,,,2,,,
ClassicGumtree,69,8,57,12,0,0,0,0,6,3,0,0.2,,100,,,,,3,,,
ClassicGumtree,69,8,57,12,0,0,0,0,5,3,0,0.2,,200,,,,,3,,,
ClassicGumtree,69,8,57,12,0,0,0,0,6,3,0,0.2,,300,,,,,3,,,
ClassicGumtree,69,8,57,12,0,0,0,0,6,3,0,0.2,,400,,,,,3,,,
ClassicGumtree,69,8,57,12,0,0,0,0,5,3,0,0.2,,500,,,,,3,,,
ClassicGumtree,45,2,45,0,0,0,0,0,917,3,0,0.2,,600,,,,,3,,,
ClassicGumtree,45,2,45,0,0,0,0,0,916,3,0,0.2,,700,,,,,3,,,
ClassicGumtree,45,2,45,0,0,0,0,0,915,3,0,0.2,,800,,,,,3,,,
ClassicGumtree,45,2,45,0,0,0,0,0,1775,3,0,0.2,,900,,,,,3,,,
ClassicGumtree,45,2,45,0,0,0,0,0,1777,3,0,0.2,,1000,,,,,3,,,
ClassicGumtree,45,2,45,0,0,0,0,0,910,3,0,0.2,,1100,,,,,3,,,
ClassicGumtree,45,2,45,0,0,0,0,0,909,3,0,0.2,,1200,,,,,3,,,
ClassicGumtree,45,2,45,0,0,0,0,0,910,3,0,0.2,,1300,,,,,3,,,
ClassicGumtree,45,2,45,0,0,0,0,0,911,3,0,0.2,,1400,,,,,3,,,
ClassicGumtree,45,2,45,0,0,0,0,0,910,3,0,0.2,,1500,,,,,3,,,
ClassicGumtree,45,2,45,0,0,0,0,0,913,3,0,0.2,,1600,,,,,3,,,
ClassicGumtree,45,2,45,0,0,0,0,0,910,3,0,0.2,,1700,,,,,3,,,
ClassicGumtree,45,2,45,0,0,0,0,0,910,3,0,0.2,,1800,,,,,3,,,
ClassicGumtree,45,2,45,0,0,0,0,0,890,3,0,0.2,,1900,,,,,3,,,
ClassicGumtree,45,2,45,0,0,0,0,0,912,3,0,0.2,,2000,,,,,3,,,
ClassicGumtree,69,8,57,12,0,0,0,0,6,3,0,0.2,,100,,,,,4,,,
ClassicGumtree,69,8,57,12,0,0,0,0,5,3,0,0.2,,200,,,,,4,,,
ClassicGumtree,69,8,57,12,0,0,0,0,5,3,0,0.2,,300,,,,,4,,,
ClassicGumtree,69,8,57,12,0,0,0,0,6,3,0,0.2,,400,,,,,4,,,
ClassicGumtree,69,8,57,12,0,0,0,0,6,3,0,0.2,,500,,,,,4,,,
ClassicGumtree,45,2,45,0,0,0,0,0,912,3,0,0.2,,600,,,,,4,,,
ClassicGumtree,45,2,45,0,0,0,0,0,910,3,0,0.2,,700,,,,,4,,,
ClassicGumtree,45,2,45,0,0,0,0,0,910,3,0,0.2,,800,,,,,4,,,
ClassicGumtree,45,2,45,0,0,0,0,0,913,3,0,0.2,,900,,,,,4,,,
ClassicGumtree,45,2,45,0,0,0,0,0,913,3,0,0.2,,1000,,,,,4,,,
ClassicGumtree,45,2,45,0,0,0,0,0,911,3,0,0.2,,1100,,,,,4,,,
ClassicGumtree,45,2,45,0,0,0,0,0,1763,3,0,0.2,,1200,,,,,4,,,
ClassicGumtree,45,2,45,0,0,0,0,0,1767,3,0,0.2,,1300,,,,,4,,,
ClassicGumtree,45,2,45,0,0,0,0,0,911,3,0,0.2,,1400,,,,,4,,,
ClassicGumtree,45,2,45,0,0,0,0,0,889,3,0,0.2,,1500,,,,,4,,,
ClassicGumtree,45,2,45,0,0,0,0,0,889,3,0,0.2,,1600,,,,,4,,,
ClassicGumtree,45,2,45,0,0,0,0,0,889,3,0,0.2,,1700,,,,,4,,,
ClassicGumtree,45,2,45,0,0,0,0,0,889,3,0,0.2,,1800,,,,,4,,,
ClassicGumtree,45,2,45,0,0,0,0,0,892,3,0,0.2,,1900,,,,,4,,,
ClassicGumtree,45,2,45,0,0,0,0,0,889,3,0,0.2,,2000,,,,,4,,,
ClassicGumtree,119,9,82,37,0,0,0,0,1,3,0,0.2,,100,,,,,5,,,
ClassicGumtree,119,9,82,37,0,0,0,0,1,3,0,0.2,,200,,,,,5,,,
ClassicGumtree,119,9,82,37,0,0,0,0,1,3,0,0.2,,300,,,,,5,,,
ClassicGumtree,119,9,82,37,0,0,0,0,1,3,0,0.2,,400,,,,,5,,,
ClassicGumtree,119,9,82,37,0,0,0,0,1,3,0,0.2,,500,,,,,5,,,
ClassicGumtree,45,2,45,0,0,0,0,0,901,3,0,0.2,,600,,,,,5,,,
ClassicGumtree,45,2,45,0,0,0,0,0,901,3,0,0.2,,700,,,,,5,,,
ClassicGumtree,45,2,45,0,0,0,0,0,900,3,0,0.2,,800,,,,,5,,,
ClassicGumtree,45,2,45,0,0,0,0,0,900,3,0,0.2,,900,,,,,5,,,
ClassicGumtree,45,2,45,0,0,0,0,0,902,3,0,0.2,,1000,,,,,5,,,
ClassicGumtree,45,2,45,0,0,0,0,0,903,3,0,0.2,,1100,,,,,5,,,
ClassicGumtree,45,2,45,0,0,0,0,0,903,3,0,0.2,,1200,,,,,5,,,
ClassicGumtree,45,2,45,0,0,0,0,0,901,3,0,0.2,,1300,,,,,5,,,
ClassicGumtree,45,2,45,0,0,0,0,0,897,3,0,0.2,,1400,,,,,5,,,
ClassicGumtree,45,2,45,0,0,0,0,0,1745,3,0,0.2,,1500,,,,,5,,,
ClassicGumtree,45,2,45,0,0,0,0,0,1750,3,0,0.2,,1600,,,,,5,,,
ClassicGumtree,45,2,45,0,0,0,0,0,898,3,0,0.2,,1700,,,,,5,,,
ClassicGumtree,45,2,45,0,0,0,0,0,899,3,0,0.2,,1800,,,,,5,,,
ClassicGumtree,45,2,45,0,0,0,0,0,898,3,0,0.2,,1900,,,,,5,,,
ClassicGumtree,45,2,45,0,0,0,0,0,897,3,0,0.2,,2000,,,,,5,,,
ClassicGumtree,45,2,45,0,0,0,0,0,5,3,0,0.3,,100,,,,,1,,,
ClassicGumtree,45,2,45,0,0,0,0,0,6,3,0,0.3,,200,,,,,1,,,
ClassicGumtree,45,2,45,0,0,0,0,0,5,3,0,0.3,,300,,,,,1,,,
ClassicGumtree,45,2,45,0,0,0,0,0,6,3,0,0.3,,400,,,,,1,,,
ClassicGumtree,45,2,45,0,0,0,0,0,6,3,0,0.3,,500,,,,,1,,,
ClassicGumtree,45,2,45,0,0,0,0,0,902,3,0,0.3,,600,,,,,1,,,
ClassicGumtree,45,2,45,0,0,0,0,0,904,3,0,0.3,,700,,,,,1,,,
ClassicGumtree,45,2,45,0,0,0,0,0,903,3,0,0.3,,800,,,,,1,,,
ClassicGumtree,45,2,45,0,0,0,0,0,889,3,0,0.3,,900,,,,,1,,,
ClassicGumtree,45,2,45,0,0,0,0,0,906,3,0,0.3,,1000,,,,,1,,,
ClassicGumtree,45,2,45,0,0,0,0,0,905,3,0,0.3,,1100,,,,,1,,,
ClassicGumtree,45,2,45,0,0,0,0,0,906,3,0,0.3,,1200,,,,,1,,,
ClassicGumtree,45,2,45,0,0,0,0,0,905,3,0,0.3,,1300,,,,,1,,,
ClassicGumtree,45,2,45,0,0,0,0,0,905,3,0,0.3,,1400,,,,,1,,,
ClassicGumtree,45,2,45,0,0,0,0,0,907,3,0,0.3,,1500,,,,,1,,,
ClassicGumtree,45,2,45,0,0,0,0,0,906,3,0,0.3,,1600,,,,,1,,,
ClassicGumtree,45,2,45,0,0,0,0,0,905,3,0,0.3,,1700,,,,,1,,,
ClassicGumtree,45,2,45,0,0,0,0,0,1734,3,0,0.3,,1800,,,,,1,,,
ClassicGumtree,45,2,45,0,0,0,0,0,1739,3,0,0.3,,1900,,,,,1,,,
ClassicGumtree,45,2,45,0,0,0,0,0,899,3,0,0.3,,2000,,,,,1,,,
ClassicGumtree,55,6,50,5,0,0,0,0,5,3,0,0.3,,100,,,,,2,,,
ClassicGumtree,55,6,50,5,0,0,0,0,6,3,0,0.3,,200,,,,,2,,,
ClassicGumtree,55,6,50,5,0,0,0,0,6,3,0,0.3,,300,,,,,2,,,
ClassicGumtree,55,6,50,5,0,0,0,0,5,3,0,0.3,,400,,,,,2,,,
ClassicGumtree,55,6,50,5,0,0,0,0,6,3,0,0.3,,500,,,,,2,,,
ClassicGumtree,45,2,45,0,0,0,0,0,901,3,0,0.3,,600,,,,,2,,,
ClassicGumtree,45,2,45,0,0,0,0,0,900,3,0,0.3,,700,,,,,2,,,
ClassicGumtree,45,2,45,0,0,0,0,0,899,3,0,0.3,,800,,,,,2,,,
ClassicGumtree,45,2,45,0,0,0,0,0,900,3,0,0.3,,900,,,,,2,,,
ClassicGumtree,45,2,45,0,0,0,0,0,902,3,0,0.3,,1000,,,,,2,,,
ClassicGumtree,45,2,45,0,0,0,0,0,900,3,0,0.3,,1100,,,,,2,,,
ClassicGumtree,45,2,45,0,0,0,0,0,899,3,0,0.3,,1200,,,,,2,,,
ClassicGumtree,45,2,45,0,0,0,0,0,900,3,0,0.3,,1300,,,,,2,,,
ClassicGumtree,45,2,45,0,0,0,0,0,899,3,0,0.3,,1400,,,,,2,,,
ClassicGumtree,45,2,45,0,0,0,0,0,899,3,0,0.3,,1500,,,,,2,,,
ClassicGumtree,45,2,45,0,0,0,0,0,899,3,0,0.3,,1600,,,,,2,,,
ClassicGumtree,45,2,45,0,0,0,0,0,899,3,0,0.3,,1700,,,,,2,,,
ClassicGumtree,45,2,45,0,0,0,0,0,901,3,0,0.3,,1800,,,,,2,,,
ClassicGumtree,45,2,45,0,0,0,0,0,899,3,0,0.3,,1900,,,,,2,,,
ClassicGumtree,45,2,45,0,0,0,0,0,899,3,0,0.3,,2000,,,,,2,,,
ClassicGumtree,69,8,57,12,0,0,0,0,10,3,0,0.3,,100,,,,,3,,,
ClassicGumtree,69,8,57,12,0,0,0,0,11,3,0,0.3,,200,,,,,3,,,
ClassicGumtree,69,8,57,12,0,0,0,0,10,3,0,0.3,,300,,,,,3,,,
ClassicGumtree,69,8,57,12,0,0,0,0,10,3,0,0.3,,400,,,,,3,,,
ClassicGumtree,69,8,57,12,0,0,0,0,11,3,0,0.3,,500,,,,,3,,,
ClassicGumtree,45,2,45,0,0,0,0,0,1746,3,0,0.3,,600,,,,,3,,,
ClassicGumtree,45,2,45,0,0,0,0,0,1747,3,0,0.3,,700,,,,,3,,,
ClassicGumtree,45,2,45,0,0,0,0,0,899,3,0,0.3,,800,,,,,3,,,
ClassicGumtree,45,2,45,0,0,0,0,0,898,3,0,0.3,,900,,,,,3,,,
ClassicGumtree,45,2,45,0,0,0,0,0,899,3,0,0.3,,1000,,,,,3,,,
ClassicGumtree,45,2,45,0,0,0,0,0,898,3,0,0.3,,1100,,,,,3,,,
ClassicGumtree,45,2,45,0,0,0,0,0,898,3,0,0.3,,1200,,,,,3,,,
ClassicGumtree,45,2,45,0,0,0,0,0,900,3,0,0.3,,1300,,,,,3,,,
ClassicGumtree,45,2,45,0,0,0,0,0,899,3,0,0.3,,1400,,,,,3,,,
ClassicGumtree,45,2,45,0,0,0,0,0,898,3,0,0.3,,1500,,,,,3,,,
ClassicGumtree,45,2,45,0,0,0,0,0,899,3,0,0.3,,1600,,,,,3,,,
ClassicGumtree,45,2,45,0,0,0,0,0,899,3,0,0.3,,1700,,,,,3,,,
ClassicGumtree,45,2,45,0,0,0,0,0,898,3,0,0.3,,1800,,,,,3,,,
ClassicGumtree,45,2,45,0,0,0,0,0,898,3,0,0.3,,1900,,,,,3,,,
ClassicGumtree,45,2,45,0,0,0,0,0,898,3,0,0.3,,2000,,,,,3,,,
ClassicGumtree,69,8,57,12,0,0,0,0,6,3,0,0.3,,100,,,,,4,,,
ClassicGumtree,69,8,57,12,0,0,0,0,6,3,0,0.3,,200,,,,,4,,,
ClassicGumtree,69,8,57,12,0,0,0,0,5,3,0,0.3,,300,,,,,4,,,
ClassicGumtree,69,8,57,12,0,0,0,0,5,3,0,0.3,,400,,,,,4,,,
ClassicGumtree,69,8,57,12,0,0,0,0,5,3,0,0.3,,500,,,,,4,,,
ClassicGumtree,45,2,45,0,0,0,0,0,900,3,0,0.3,,600,,,,,4,,,
ClassicGumtree,45,2,45,0,0,0,0,0,902,3,0,0.3,,700,,,,,4,,,
ClassicGumtree,45,2,45,0,0,0,0,0,898,3,0,0.3,,800,,,,,4,,,
ClassicGumtree,45,2,45,0,0,0,0,0,1743,3,0,0.3,,900,,,,,4,,,
ClassicGumtree,45,2,45,0,0,0,0,0,1747,3,0,0.3,,1000,,,,,4,,,
ClassicGumtree,45,2,45,0,0,0,0,0,890,3,0,0.3,,1100,,,,,4,,,
ClassicGumtree,45,2,45,0,0,0,0,0,892,3,0,0.3,,1200,,,,,4,,,
ClassicGumtree,45,2,45,0,0,0,0,0,889,3,0,0.3,,1300,,,,,4,,,
ClassicGumtree,45,2,45,0,0,0,0,0,889,3,0,0.3,,1400,,,,,4,,,
ClassicGumtree,45,2,45,0,0,0,0,0,898,3,0,0.3,,1500,,,,,4,,,
ClassicGumtree,45,2,45,0,0,0,0,0,898,3,0,0.3,,1600,,,,,4,,,
ClassicGumtree,45,2,45,0,0,0,0,0,901,3,0,0.3,,1700,,,,,4,,,
ClassicGumtree,45,2,45,0,0,0,0,0,901,3,0,0.3,,1800,,,,,4,,,
ClassicGumtree,45,2,45,0,0,0,0,0,898,3,0,0.3,,1900,,,,,4,,,
ClassicGumtree,45,2,45,0,0,0,0,0,902,3,0,0.3,,2000,,,,,4,,,
ClassicGumtree,119,9,82,37,0,0,0,0,1,3,0,0.3,,100,,,,,5,,,
ClassicGumtree,119,9,82,37,0,0,0,0,1,3,0,0.3,,200,,,,,5,,,
ClassicGumtree,119,9,82,37,0,0,0,0,1,3,0,0.3,,300,,,,,5,,,
ClassicGumtree,119,9,82,37,0,0,0,0,1,3,0,0.3,,400,,,,,5,,,
ClassicGumtree,119,9,82,37,0,0,0,0,1,3,0,0.3,,500,,,,,5,,,
ClassicGumtree,45,2,45,0,0,0,0,0,894,3,0,0.3,,600,,,,,5,,,
ClassicGumtree,45,2,45,0,0,0,0,0,893,3,0,0.3,,700,,,,,5,,,
ClassicGumtree,45,2,45,0,0,0,0,0,884,3,0,0.3,,800,,,,,5,,,
ClassicGumtree,45,2,45,0,0,0,0,0,885,3,0,0.3,,900,,,,,5,,,
ClassicGumtree,45,2,45,0,0,0,0,0,886,3,0,0.3,,1000,,,,,5,,,
ClassicGumtree,45,2,45,0,0,0,0,0,896,3,0,0.3,,1100,,,,,5,,,
ClassicGumtree,45,2,45,0,0,0,0,0,1726,3,0,0.3,,1200,,,,,5,,,
ClassicGumtree,45,2,45,0,0,0,0,0,1730,3,0,0.3,,1300,,,,,5,,,
ClassicGumtree,45,2,45,0,0,0,0,0,897,3,0,0.3,,1400,,,,,5,,,
ClassicGumtree,45,2,45,0,0,0,0,0,896,3,0,0.3,,1500,,,,,5,,,
ClassicGumtree,45,2,45,0,0,0,0,0,897,3,0,0.3,,1600,,,,,5,,,
ClassicGumtree,45,2,45,0,0,0,0,0,896,3,0,0.3,,1700,,,,,5,,,
ClassicGumtree,45,2,45,0,0,0,0,0,896,3,0,0.3,,1800,,,,,5,,,
ClassicGumtree,45,2,45,0,0,0,0,0,897,3,0,0.3,,1900,,,,,5,,,
ClassicGumtree,45,2,45,0,0,0,0,0,899,3,0,0.3,,2000,,,,,5,,,
ClassicGumtree,45,2,45,0,0,0,0,0,5,3,0,0.4,,100,,,,,1,,,
ClassicGumtree,45,2,45,0,0,0,0,0,6,3,0,0.4,,200,,,,,1,,,
ClassicGumtree,45,2,45,0,0,0,0,0,6,3,0,0.4,,300,,,,,1,,,
ClassicGumtree,45,2,45,0,0,0,0,0,5,3,0,0.4,,400,,,,,1,,,
ClassicGumtree,45,2,45,0,0,0,0,0,6,3,0,0.4,,500,,,,,1,,,
ClassicGumtree,45,2,45,0,0,0,0,0,888,3,0,0.4,,600,,,,,1,,,
ClassicGumtree,45,2,45,0,0,0,0,0,902,3,0,0.4,,700,,,,,1,,,
ClassicGumtree,45,2,45,0,0,0,0,0,901,3,0,0.4,,800,,,,,1,,,
ClassicGumtree,45,2,45,0,0,0,0,0,900,3,0,0.4,,900,,,,,1,,,
ClassicGumtree,45,2,45,0,0,0,0,0,900,3,0,0.4,,1000,,,,,1,,,
ClassicGumtree,45,2,45,0,0,0,0,0,901,3,0,0.4,,1100,,,,,1,,,
ClassicGumtree,45,2,45,0,0,0,0,0,901,3,0,0.4,,1200,,,,,1,,,
ClassicGumtree,45,2,45,0,0,0,0,0,903,3,0,0.4,,1300,,,,,1,,,
ClassicGumtree,45,2,45,0,0,0,0,0,1442,3,0,0.4,,1400,,,,,1,,,
ClassicGumtree,45,2,45,0,0,0,0,0,901,3,0,0.4,,1500,,,,,1,,,
ClassicGumtree,45,2,45,0,0,0,0,0,1433,3,0,0.4,,1600,,,,,1,,,
ClassicGumtree,45,2,45,0,0,0,0,0,898,3,0,0.4,,1700,,,,,1,,,
ClassicGumtree,45,2,45,0,0,0,0,0,898,3,0,0.4,,1800,,,,,1,,,
ClassicGumtree,45,2,45,0,0,0,0,0,897,3,0,0.4,,1900,,,,,1,,,
ClassicGumtree,45,2,45,0,0,0,0,0,897,3,0,0.4,,2000,,,,,1,,,
ClassicGumtree,55,6,50,5,0,0,0,0,6,3,0,0.4,,100,,,,,2,,,
ClassicGumtree,55,6,50,5,0,0,0,0,5,3,0,0.4,,200,,,,,2,,,
ClassicGumtree,55,6,50,5,0,0,0,0,6,3,0,0.4,,300,,,,,2,,,
ClassicGumtree,55,6,50,5,0,0,0,0,5,3,0,0.4,,400,,,,,2,,,
ClassicGumtree,55,6,50,5,0,0,0,0,6,3,0,0.4,,500,,,,,2,,,
ClassicGumtree,45,2,45,0,0,0,0,0,898,3,0,0.4,,600,,,,,2,,,
ClassicGumtree,45,2,45,0,0,0,0,0,902,3,0,0.4,,700,,,,,2,,,
ClassicGumtree,45,2,45,0,0,0,0,0,901,3,0,0.4,,800,,,,,2,,,
ClassicGumtree,45,2,45,0,0,0,0,0,897,3,0,0.4,,900,,,,,2,,,
ClassicGumtree,45,2,45,0,0,0,0,0,898,3,0,0.4,,1000,,,,,2,,,
ClassicGumtree,45,2,45,0,0,0,0,0,901,3,0,0.4,,1100,,,,,2,,,
ClassicGumtree,45,2,45,0,0,0,0,0,899,3,0,0.4,,1200,,,,,2,,,
ClassicGumtree,45,2,45,0,0,0,0,0,898,3,0,0.4,,1300,,,,,2,,,
ClassicGumtree,45,2,45,0,0,0,0,0,897,3,0,0.4,,1400,,,,,2,,,
ClassicGumtree,45,2,45,0,0,0,0,0,897,3,0,0.4,,1500,,,,,2,,,
ClassicGumtree,45,2,45,0,0,0,0,0,899,3,0,0.4,,1600,,,,,2,,,
ClassicGumtree,45,2,45,0,0,0,0,0,898,3,0,0.4,,1700,,,,,2,,,
ClassicGumtree,45,2,45,0,0,0,0,0,900,3,0,0.4,,1800,,,,,2,,,
ClassicGumtree,45,2,45,0,0,0,0,0,898,3,0,0.4,,1900,,,,,2,,,
ClassicGumtree,45,2,45,0,0,0,0,0,896,3,0,0.4,,2000,,,,,2,,,
ClassicGumtree,69,8,57,12,0,0,0,0,5,3,0,0.4,,100,,,,,3,,,
ClassicGumtree,69,8,57,12,0,0,0,0,6,3,0,0.4,,200,,,,,3,,,
ClassicGumtree,69,8,57,12,0,0,0,0,5,3,0,0.4,,300,,,,,3,,,
ClassicGumtree,69,8,57,12,0,0,0,0,6,3,0,0.4,,400,,,,,3,,,
ClassicGumtree,69,8,57,12,0,0,0,0,6,3,0,0.4,,500,,,,,3,,,
ClassicGumtree,45,2,45,0,0,0,0,0,897,3,0,0.4,,600,,,,,3,,,
ClassicGumtree,45,2,45,0,0,0,0,0,896,3,0,0.4,,700,,,,,3,,,
ClassicGumtree,45,2,45,0,0,0,0,0,897,3,0,0.4,,800,,,,,3,,,
ClassicGumtree,45,2,45,0,0,0,0,0,898,3,0,0.4,,900,,,,,3,,,
ClassicGumtree,45,2,45,0,0,0,0,0,897,3,0,0.4,,1000,,,,,3,,,
ClassicGumtree,45,2,45,0,0,0,0,0,896,3,0,0.4,,1100,,,,,3,,,
ClassicGumtree,45,2,45,0,0,0,0,0,897,3,0,0.4,,1200,,,,,3,,,
ClassicGumtree,45,2,45,0,0,0,0,0,899,3,0,0.4,,1300,,,,,3,,,
ClassicGumtree,45,2,45,0,0,0,0,0,898,3,0,0.4,,1400,,,,,3,,,
ClassicGumtree,45,2,45,0,0,0,0,0,890,3,0,0.4,,1500,,,,,3,,,
ClassicGumtree,45,2,45,0,0,0,0,0,889,3,0,0.4,,1600,,,,,3,,,
ClassicGumtree,45,2,45,0,0,0,0,0,900,3,0,0.4,,1700,,,,,3,,,
ClassicGumtree,45,2,45,0,0,0,0,0,899,3,0,0.4,,1800,,,,,3,,,
ClassicGumtree,45,2,45,0,0,0,0,0,898,3,0,0.4,,1900,,,,,3,,,
ClassicGumtree,45,2,45,0,0,0,0,0,897,3,0,0.4,,2000,,,,,3,,,
ClassicGumtree,69,8,57,12,0,0,0,0,6,3,0,0.4,,100,,,,,4,,,
ClassicGumtree,69,8,57,12,0,0,0,0,6,3,0,0.4,,200,,,,,4,,,
ClassicGumtree,69,8,57,12,0,0,0,0,5,3,0,0.4,,300,,,,,4,,,
ClassicGumtree,69,8,57,12,0,0,0,0,6,3,0,0.4,,400,,,,,4,,,
ClassicGumtree,69,8,57,12,0,0,0,0,6,3,0,0.4,,500,,,,,4,,,
ClassicGumtree,45,2,45,0,0,0,0,0,899,3,0,0.4,,600,,,,,4,,,
ClassicGumtree,45,2,45,0,0,0,0,0,899,3,0,0.4,,700,,,,,4,,,
ClassicGumtree,45,2,45,0,0,0,0,0,902,3,0,0.4,,800,,,,,4,,,
ClassicGumtree,45,2,45,0,0,0,0,0,899,3,0,0.4,,900,,,,,4,,,
ClassicGumtree,45,2,45,0,0,0,0,0,899,3,0,0.4,,1000,,,,,4,,,
ClassicGumtree,45,2,45,0,0,0,0,0,900,3,0,0.4,,1100,,,,,4,,,
ClassicGumtree,45,2,45,0,0,0,0,0,890,3,0,0.4,,1200,,,,,4,,,
ClassicGumtree,45,2,45,0,0,0,0,0,890,3,0,0.4,,1300,,,,,4,,,
ClassicGumtree,45,2,45,0,0,0,0,0,888,3,0,0.4,,1400,,,,,4,,,
ClassicGumtree,45,2,45,0,0,0,0,0,891,3,0,0.4,,1500,,,,,4,,,
ClassicGumtree,45,2,45,0,0,0,0,0,890,3,0,0.4,,1600,,,,,4,,,
ClassicGumtree,45,2,45,0,0,0,0,0,889,3,0,0.4,,1700,,,,,4,,,
ClassicGumtree,45,2,45,0,0,0,0,0,891,3,0,0.4,,1800,,,,,4,,,
ClassicGumtree,45,2,45,0,0,0,0,0,897,3,0,0.4,,1900,,,,,4,,,
ClassicGumtree,45,2,45,0,0,0,0,0,895,3,0,0.4,,2000,,,,,4,,,
ClassicGumtree,119,9,82,37,0,0,0,0,1,3,0,0.4,,100,,,,,5,,,
ClassicGumtree,119,9,82,37,0,0,0,0,1,3,0,0.4,,200,,,,,5,,,
ClassicGumtree,119,9,82,37,0,0,0,0,1,3,0,0.4,,300,,,,,5,,,
ClassicGumtree,119,9,82,37,0,0,0,0,1,3,0,0.4,,400,,,,,5,,,
ClassicGumtree,119,9,82,37,0,0,0,0,1,3,0,0.4,,500,,,,,5,,,
ClassicGumtree,45,2,45,0,0,0,0,0,891,3,0,0.4,,600,,,,,5,,,
ClassicGumtree,45,2,45,0,0,0,0,0,891,3,0,0.4,,700,,,,,5,,,
ClassicGumtree,45,2,45,0,0,0,0,0,892,3,0,0.4,,800,,,,,5,,,
ClassicGumtree,45,2,45,0,0,0,0,0,891,3,0,0.4,,900,,,,,5,,,
ClassicGumtree,45,2,45,0,0,0,0,0,891,3,0,0.4,,1000,,,,,5,,,
ClassicGumtree,45,2,45,0,0,0,0,0,891,3,0,0.4,,1100,,,,,5,,,
ClassicGumtree,45,2,45,0,0,0,0,0,891,3,0,0.4,,1200,,,,,5,,,
ClassicGumtree,45,2,45,0,0,0,0,0,893,3,0,0.4,,1300,,,,,5,,,
ClassicGumtree,45,2,45,0,0,0,0,0,884,3,0,0.4,,1400,,,,,5,,,
ClassicGumtree,45,2,45,0,0,0,0,0,892,3,0,0.4,,1500,,,,,5,,,
ClassicGumtree,45,2,45,0,0,0,0,0,894,3,0,0.4,,1600,,,,,5,,,
ClassicGumtree,45,2,45,0,0,0,0,0,892,3,0,0.4,,1700,,,,,5,,,
ClassicGumtree,45,2,45,0,0,0,0,0,891,3,0,0.4,,1800,,,,,5,,,
ClassicGumtree,45,2,45,0,0,0,0,0,892,3,0,0.4,,1900,,,,,5,,,
ClassicGumtree,45,2,45,0,0,0,0,0,892,3,0,0.4,,2000,,,,,5,,,
ClassicGumtree,45,2,45,0,0,0,0,0,5,3,0,0.5,,100,,,,,1,,,
ClassicGumtree,45,2,45,0,0,0,0,0,6,3,0,0.5,,200,,,,,1,,,
ClassicGumtree,45,2,45,0,0,0,0,0,6,3,0,0.5,,300,,,,,1,,,
ClassicGumtree,45,2,45,0,0,0,0,0,5,3,0,0.5,,400,,,,,1,,,
ClassicGumtree,45,2,45,0,0,0,0,0,5,3,0,0.5,,500,,,,,1,,,
ClassicGumtree,45,2,45,0,0,0,0,0,896,3,0,0.5,,600,,,,,1,,,
ClassicGumtree,45,2,45,0,0,0,0,0,897,3,0,0.5,,700,,,,,1,,,
ClassicGumtree,45,2,45,0,0,0,0,0,899,3,0,0.5,,800,,,,,1,,,
ClassicGumtree,45,2,45,0,0,0,0,0,897,3,0,0.5,,900,,,,,1,,,
ClassicGumtree,45,2,45,0,0,0,0,0,896,3,0,0.5,,1000,,,,,1,,,
ClassicGumtree,45,2,45,0,0,0,0,0,901,3,0,0.5,,1100,,,,,1,,,
ClassicGumtree,45,2,45,0,0,0,0,0,898,3,0,0.5,,1200,,,,,1,,,
ClassicGumtree,45,2,45,0,0,0,0,0,897,3,0,0.5,,1300,,,,,1,,,
ClassicGumtree,45,2,45,0,0,0,0,0,897,3,0,0.5,,1400,,,,,1,,,
ClassicGumtree,45,2,45,0,0,0,0,0,897,3,0,0.5,,1500,,,,,1,,,
ClassicGumtree,45,2,45,0,0,0,0,0,896,3,0,0.5,,1600,,,,,1,,,
ClassicGumtree,45,2,45,0,0,0,0,0,897,3,0,0.5,,1700,,,,,1,,,
ClassicGumtree,45,2,45,0,0,0,0,0,899,3,0,0.5,,1800,,,,,1,,,
ClassicGumtree,45,2,45,0,0,0,0,0,897,3,0,0.5,,1900,,,,,1,,,
ClassicGumtree,45,2,45,0,0,0,0,0,895,3,0,0.5,,2000,,,,,1,,,
ClassicGumtree,55,6,50,5,0,0,0,0,6,3,0,0.5,,100,,,,,2,,,
ClassicGumtree,55,6,50,5,0,0,0,0,5,3,0,0.5,,200,,,,,2,,,
ClassicGumtree,55,6,50,5,0,0,0,0,6,3,0,0.5,,300,,,,,2,,,
ClassicGumtree,55,6,50,5,0,0,0,0,5,3,0,0.5,,400,,,,,2,,,
ClassicGumtree,55,6,50,5,0,0,0,0,6,3,0,0.5,,500,,,,,2,,,
ClassicGumtree,45,2,45,0,0,0,0,0,896,3,0,0.5,,600,,,,,2,,,
ClassicGumtree,45,2,45,0,0,0,0,0,895,3,0,0.5,,700,,,,,2,,,
ClassicGumtree,45,2,45,0,0,0,0,0,894,3,0,0.5,,800,,,,,2,,,
ClassicGumtree,45,2,45,0,0,0,0,0,894,3,0,0.5,,900,,,,,2,,,
ClassicGumtree,45,2,45,0,0,0,0,0,894,3,0,0.5,,1000,,,,,2,,,
ClassicGumtree,45,2,45,0,0,0,0,0,891,3,0,0.5,,1100,,,,,2,,,
ClassicGumtree,45,2,45,0,0,0,0,0,891,3,0,0.5,,1200,,,,,2,,,
ClassicGumtree,45,2,45,0,0,0,0,0,893,3,0,0.5,,1300,,,,,2,,,
ClassicGumtree,45,2,45,0,0,0,0,0,885,3,0,0.5,,1400,,,,,2,,,
ClassicGumtree,45,2,45,0,0,0,0,0,862,3,0,0.5,,1500,,,,,2,,,
ClassicGumtree,45,2,45,0,0,0,0,0,858,3,0,0.5,,1600,,,,,2,,,
ClassicGumtree,45,2,45,0,0,0,0,0,867,3,0,0.5,,1700,,,,,2,,,
ClassicGumtree,45,2,45,0,0,0,0,0,865,3,0,0.5,,1800,,,,,2,,,
ClassicGumtree,45,2,45,0,0,0,0,0,866,3,0,0.5,,1900,,,,,2,,,
ClassicGumtree,45,2,45,0,0,0,0,0,865,3,0,0.5,,2000,,,,,2,,,
ClassicGumtree,69,8,57,12,0,0,0,0,5,3,0,0.5,,100,,,,,3,,,
ClassicGumtree,69,8,57,12,0,0,0,0,5,3,0,0.5,,200,,,,,3,,,
ClassicGumtree,69,8,57,12,0,0,0,0,6,3,0,0.5,,300,,,,,3,,,
ClassicGumtree,69,8,57,12,0,0,0,0,6,3,0,0.5,,400,,,,,3,,,
ClassicGumtree,69,8,57,12,0,0,0,0,5,3,0,0.5,,500,,,,,3,,,
ClassicGumtree,45,2,45,0,0,0,0,0,868,3,0,0.5,,600,,,,,3,,,
ClassicGumtree,45,2,45,0,0,0,0,0,865,3,0,0.5,,700,,,,,3,,,
ClassicGumtree,45,2,45,0,0,0,0,0,866,3,0,0.5,,800,,,,,3,,,
ClassicGumtree,45,2,45,0,0,0,0,0,866,3,0,0.5,,900,,,,,3,,,
ClassicGumtree,45,2,45,0,0,0,0,0,867,3,0,0.5,,1000,,,,,3,,,
ClassicGumtree,45,2,45,0,0,0,0,0,865,3,0,0.5,,1100,,,,,3,,,
ClassicGumtree,45,2,45,0,0,0,0,0,859,3,0,0.5,,1200,,,,,3,,,
ClassicGumtree,45,2,45,0,0,0,0,0,858,3,0,0.5,,1300,,,,,3,,,
ClassicGumtree,45,2,45,0,0,0,0,0,859,3,0,0.5,,1400,,,,,3,,,
ClassicGumtree,45,2,45,0,0,0,0,0,858,3,0,0.5,,1500,,,,,3,,,
ClassicGumtree,45,2,45,0,0,0,0,0,860,3,0,0.5,,1600,,,,,3,,,
ClassicGumtree,45,2,45,0,0,0,0,0,858,3,0,0.5,,1700,,,,,3,,,
ClassicGumtree,45,2,45,0,0,0,0,0,858,3,0,0.5,,1800,,,,,3,,,
ClassicGumtree,45,2,45,0,0,0,0,0,866,3,0,0.5,,1900,,,,,3,,,
ClassicGumtree,45,2,45,0,0,0,0,0,866,3,0,0.5,,2000,,,,,3,,,
ClassicGumtree,69,8,57,12,0,0,0,0,6,3,0,0.5,,100,,,,,4,,,
ClassicGumtree,69,8,57,12,0,0,0,0,5,3,0,0.5,,200,,,,,4,,,
ClassicGumtree,69,8,57,12,0,0,0,0,6,3,0,0.5,,300,,,,,4,,,
ClassicGumtree,69,8,57,12,0,0,0,0,5,3,0,0.5,,400,,,,,4,,,
ClassicGumtree,69,8,57,12,0,0,0,0,6,3,0,0.5,,500,,,,,4,,,
ClassicGumtree,45,2,45,0,0,0,0,0,866,3,0,0.5,,600,,,,,4,,,
ClassicGumtree,45,2,45,0,0,0,0,0,866,3,0,0.5,,700,,,,,4,,,
ClassicGumtree,45,2,45,0,0,0,0,0,865,3,0,0.5,,800,,,,,4,,,
ClassicGumtree,45,2,45,0,0,0,0,0,866,3,0,0.5,,900,,,,,4,,,
ClassicGumtree,45,2,45,0,0,0,0,0,866,3,0,0.5,,1000,,,,,4,,,
ClassicGumtree,45,2,45,0,0,0,0,0,866,3,0,0.5,,1100,,,,,4,,,
ClassicGumtree,45,2,45,0,0,0,0,0,868,3,0,0.5,,1200,,,,,4,,,
ClassicGumtree,45,2,45,0,0,0,0,0,866,3,0,0.5,,1300,,,,,4,,,
ClassicGumtree,45,2,45,0,0,0,0,0,858,3,0,0.5,,1400,,,,,4,,,
ClassicGumtree,45,2,45,0,0,0,0,0,865,3,0,0.5,,1500,,,,,4,,,
ClassicGumtree,45,2,45,0,0,0,0,0,866,3,0,0.5,,1600,,,,,4,,,
ClassicGumtree,45,2,45,0,0,0,0,0,867,3,0,0.5,,1700,,,,,4,,,
ClassicGumtree,45,2,45,0,0,0,0,0,867,3,0,0.5,,1800,,,,,4,,,
ClassicGumtree,45,2,45,0,0,0,0,0,866,3,0,0.5,,1900,,,,,4,,,
ClassicGumtree,45,2,45,0,0,0,0,0,866,3,0,0.5,,2000,,,,,4,,,
ClassicGumtree,119,9,82,37,0,0,0,0,1,3,0,0.5,,100,,,,,5,,,
ClassicGumtree,119,9,82,37,0,0,0,0,1,3,0,0.5,,200,,,,,5,,,
ClassicGumtree,119,9,82,37,0,0,0,0,1,3,0,0.5,,300,,,,,5,,,
ClassicGumtree,119,9,82,37,0,0,0,0,1,3,0,0.5,,400,,,,,5,,,
ClassicGumtree,119,9,82,37,0,0,0,0,1,3,0,0.5,,500,,,,,5,,,
ClassicGumtree,45,2,45,0,0,0,0,0,863,3,0,0.5,,600,,,,,5,,,
ClassicGumtree,45,2,45,0,0,0,0,0,864,3,0,0.5,,700,,,,,5,,,
ClassicGumtree,45,2,45,0,0,0,0,0,862,3,0,0.5,,800,,,,,5,,,
ClassicGumtree,45,2,45,0,0,0,0,0,862,3,0,0.5,,900,,,,,5,,,
ClassicGumtree,45,2,45,0,0,0,0,0,854,3,0,0.5,,1000,,,,,5,,,
ClassicGumtree,45,2,45,0,0,0,0,0,859,3,0,0.5,,1100,,,,,5,,,
ClassicGumtree,45,2,45,0,0,0,0,0,861,3,0,0.5,,1200,,,,,5,,,
ClassicGumtree,45,2,45,0,0,0,0,0,860,3,0,0.5,,1300,,,,,5,,,
ClassicGumtree,45,2,45,0,0,0,0,0,860,3,0,0.5,,1400,,,,,5,,,
ClassicGumtree,45,2,45,0,0,0,0,0,860,3,0,0.5,,1500,,,,,5,,,
ClassicGumtree,45,2,45,0,0,0,0,0,860,3,0,0.5,,1600,,,,,5,,,
ClassicGumtree,45,2,45,0,0,0,0,0,860,3,0,0.5,,1700,,,,,5,,,
ClassicGumtree,45,2,45,0,0,0,0,0,862,3,0,0.5,,1800,,,,,5,,,
ClassicGumtree,45,2,45,0,0,0,0,0,860,3,0,0.5,,1900,,,,,5,,,
ClassicGumtree,45,2,45,0,0,0,0,0,862,3,0,0.5,,2000,,,,,5,,,
ClassicGumtree,45,2,45,0,0,0,0,0,6,3,0,0.6,,100,,,,,1,,,
ClassicGumtree,45,2,45,0,0,0,0,0,5,3,0,0.6,,200,,,,,1,,,
ClassicGumtree,45,2,45,0,0,0,0,0,5,3,0,0.6,,300,,,,,1,,,
ClassicGumtree,45,2,45,0,0,0,0,0,5,3,0,0.6,,400,,,,,1,,,
ClassicGumtree,45,2,45,0,0,0,0,0,6,3,0,0.6,,500,,,,,1,,,
ClassicGumtree,45,2,45,0,0,0,0,0,858,3,0,0.6,,600,,,,,1,,,
ClassicGumtree,45,2,45,0,0,0,0,0,857,3,0,0.6,,700,,,,,1,,,
ClassicGumtree,45,2,45,0,0,0,0,0,857,3,0,0.6,,800,,,,,1,,,
ClassicGumtree,45,2,45,0,0,0,0,0,857,3,0,0.6,,900,,,,,1,,,
ClassicGumtree,45,2,45,0,0,0,0,0,862,3,0,0.6,,1000,,,,,1,,,
ClassicGumtree,45,2,45,0,0,0,0,0,857,3,0,0.6,,1100,,,,,1,,,
ClassicGumtree,45,2,45,0,0,0,0,0,858,3,0,0.6,,1200,,,,,1,,,
ClassicGumtree,45,2,45,0,0,0,0,0,859,3,0,0.6,,1300,,,,,1,,,
ClassicGumtree,45,2,45,0,0,0,0,0,862,3,0,0.6,,1400,,,,,1,,,
ClassicGumtree,45,2,45,0,0,0,0,0,863,3,0,0.6,,1500,,,,,1,,,
ClassicGumtree,45,2,45,0,0,0,0,0,863,3,0,0.6,,1600,,,,,1,,,
ClassicGumtree,45,2,45,0,0,0,0,0,863,3,0,0.6,,1700,,,,,1,,,
ClassicGumtree,45,2,45,0,0,0,0,0,863,3,0,0.6,,1800,,,,,1,,,
ClassicGumtree,45,2,45,0,0,0,0,0,863,3,0,0.6,,1900,,,,,1,,,
ClassicGumtree,45,2,45,0,0,0,0,0,866,3,0,0.6,,2000,,,,,1,,,
ClassicGumtree,55,6,50,5,0,0,0,0,5,3,0,0.6,,100,,,,,2,,,
ClassicGumtree,55,6,50,5,0,0,0,0,5,3,0,0.6,,200,,,,,2,,,
ClassicGumtree,55,6,50,5,0,0,0,0,6,3,0,0.6,,300,,,,,2,,,
ClassicGumtree,55,6,50,5,0,0,0,0,5,3,0,0.6,,400,,,,,2,,,
ClassicGumtree,55,6,50,5,0,0,0,0,6,3,0,0.6,,500,,,,,2,,,
ClassicGumtree,45,2,45,0,0,0,0,0,862,3,0,0.6,,600,,,,,2,,,
ClassicGumtree,45,2,45,0,0,0,0,0,866,3,0,0.6,,700,,,,,2,,,
ClassicGumtree,45,2,45,0,0,0,0,0,863,3,0,0.6,,800,,,,,2,,,
ClassicGumtree,45,2,45,0,0,0,0,0,858,3,0,0.6,,900,,,,,2,,,
ClassicGumtree,45,2,45,0,0,0,0,0,863,3,0,0.6,,1000,,,,,2,,,
ClassicGumtree,45,2,45,0,0,0,0,0,863,3,0,0.6,,1100,,,,,2,,,
ClassicGumtree,45,2,45,0,0,0,0,0,864,3,0,0.6,,1200,,,,,2,,,
ClassicGumtree,45,2,45,0,0,0,0,0,862,3,0,0.6,,1300,,,,,2,,,
ClassicGumtree,45,2,45,0,0,0,0,0,863,3,0,0.6,,1400,,,,,2,,,
ClassicGumtree,45,2,45,0,0,0,0,0,862,3,0,0.6,,1500,,,,,2,,,
ClassicGumtree,45,2,45,0,0,0,0,0,864,3,0,0.6,,1600,,,,,2,,,
ClassicGumtree,45,2,45,0,0,0,0,0,863,3,0,0.6,,1700,,,,,2,,,
ClassicGumtree,45,2,45,0,0,0,0,0,865,3,0,0.6,,1800,,,,,2,,,
ClassicGumtree,45,2,45,0,0,0,0,0,863,3,0,0.6,,1900,,,,,2,,,
ClassicGumtree,45,2,45,0,0,0,0,0,862,3,0,0.6,,2000,,,,,2,,,
ClassicGumtree,69,8,57,12,0,0,0,0,5,3,0,0.6,,100,,,,,3,,,
ClassicGumtree,69,8,57,12,0,0,0,0,5,3,0,0.6,,200,,,,,3,,,
ClassicGumtree,69,8,57,12,0,0,0,0,6,3,0,0.6,,300,,,,,3,,,
ClassicGumtree,69,8,57,12,0,0,0,0,6,3,0,0.6,,400,,,,,3,,,
ClassicGumtree,69,8,57,12,0,0,0,0,6,3,0,0.6,,500,,,,,3,,,
ClassicGumtree,45,2,45,0,0,0,0,0,862,3,0,0.6,,600,,,,,3,,,
ClassicGumtree,45,2,45,0,0,0,0,0,862,3,0,0.6,,700,,,,,3,,,
ClassicGumtree,45,2,45,0,0,0,0,0,862,3,0,0.6,,800,,,,,3,,,
ClassicGumtree,45,2,45,0,0,0,0,0,862,3,0,0.6,,900,,,,,3,,,
ClassicGumtree,45,2,45,0,0,0,0,0,862,3,0,0.6,,1000,,,,,3,,,
ClassicGumtree,45,2,45,0,0,0,0,0,862,3,0,0.6,,1100,,,,,3,,,
ClassicGumtree,45,2,45,0,0,0,0,0,862,3,0,0.6,,1200,,,,,3,,,
ClassicGumtree,45,2,45,0,0,0,0,0,864,3,0,0.6,,1300,,,,,3,,,
ClassicGumtree,45,2,45,0,0,0,0,0,863,3,0,0.6,,1400,,,,,3,,,
ClassicGumtree,45,2,45,0,0,0,0,0,858,3,0,0.6,,1500,,,,,3,,,
ClassicGumtree,45,2,45,0,0,0,0,0,857,3,0,0.6,,1600,,,,,3,,,
ClassicGumtree,45,2,45,0,0,0,0,0,859,3,0,0.6,,1700,,,,,3,,,
ClassicGumtree,45,2,45,0,0,0,0,0,858,3,0,0.6,,1800,,,,,3,,,
ClassicGumtree,45,2,45,0,0,0,0,0,857,3,0,0.6,,1900,,,,,3,,,
ClassicGumtree,45,2,45,0,0,0,0,0,858,3,0,0.6,,2000,,,,,3,,,
ClassicGumtree,69,8,57,12,0,0,0,0,5,3,0,0.6,,100,,,,,4,,,
ClassicGumtree,69,8,57,12,0,0,0,0,6,3,0,0.6,,200,,,,,4,,,
ClassicGumtree,69,8,57,12,0,0,0,0,6,3,0,0.6,,300,,,,,4,,,
ClassicGumtree,69,8,57,12,0,0,0,0,5,3,0,0.6,,400,,,,,4,,,
ClassicGumtree,69,8,57,12,0,0,0,0,6,3,0,0.6,,500,,,,,4,,,
ClassicGumtree,45,2,45,0,0,0,0,0,863,3,0,0.6,,600,,,,,4,,,
ClassicGumtree,45,2,45,0,0,0,0,0,863,3,0,0.6,,700,,,,,4,,,
ClassicGumtree,45,2,45,0,0,0,0,0,864,3,0,0.6,,800,,,,,4,,,
ClassicGumtree,45,2,45,0,0,0,0,0,866,3,0,0.6,,900,,,,,4,,,
ClassicGumtree,45,2,45,0,0,0,0,0,862,3,0,0.6,,1000,,,,,4,,,
ClassicGumtree,45,2,45,0,0,0,0,0,866,3,0,0.6,,1100,,,,,4,,,
ClassicGumtree,45,2,45,0,0,0,0,0,862,3,0,0.6,,1200,,,,,4,,,
ClassicGumtree,45,2,45,0,0,0,0,0,863,3,0,0.6,,1300,,,,,4,,,
ClassicGumtree,45,2,45,0,0,0,0,0,862,3,0,0.6,,1400,,,,,4,,,
ClassicGumtree,45,2,45,0,0,0,0,0,865,3,0,0.6,,1500,,,,,4,,,
ClassicGumtree,45,2,45,0,0,0,0,0,858,3,0,0.6,,1600,,,,,4,,,
ClassicGumtree,45,2,45,0,0,0,0,0,858,3,0,0.6,,1700,,,,,4,,,
ClassicGumtree,45,2,45,0,0,0,0,0,860,3,0,0.6,,1800,,,,,4,,,
ClassicGumtree,45,2,45,0,0,0,0,0,858,3,0,0.6,,1900,,,,,4,,,
ClassicGumtree,45,2,45,0,0,0,0,0,868,3,0,0.6,,2000,,,,,4,,,
ClassicGumtree,119,9,82,37,0,0,0,0,1,3,0,0.6,,100,,,,,5,,,
ClassicGumtree,119,9,82,37,0,0,0,0,1,3,0,0.6,,200,,,,,5,,,
ClassicGumtree,119,9,82,37,0,0,0,0,1,3,0,0.6,,300,,,,,5,,,
ClassicGumtree,119,9,82,37,0,0,0,0,1,3,0,0.6,,400,,,,,5,,,
ClassicGumtree,119,9,82,37,0,0,0,0,1,3,0,0.6,,500,,,,,5,,,
ClassicGumtree,45,2,45,0,0,0,0,0,859,3,0,0.6,,600,,,,,5,,,
ClassicGumtree,45,2,45,0,0,0,0,0,858,3,0,0.6,,700,,,,,5,,,
ClassicGumtree,45,2,45,0,0,0,0,0,858,3,0,0.6,,800,,,,,5,,,
ClassicGumtree,45,2,45,0,0,0,0,0,859,3,0,0.6,,900,,,,,5,,,
ClassicGumtree,45,2,45,0,0,0,0,0,858,3,0,0.6,,1000,,,,,5,,,
ClassicGumtree,45,2,45,0,0,0,0,0,858,3,0,0.6,,1100,,,,,5,,,
ClassicGumtree,45,2,45,0,0,0,0,0,858,3,0,0.6,,1200,,,,,5,,,
ClassicGumtree,45,2,45,0,0,0,0,0,860,3,0,0.6,,1300,,,,,5,,,
ClassicGumtree,45,2,45,0,0,0,0,0,859,3,0,0.6,,1400,,,,,5,,,
ClassicGumtree,45,2,45,0,0,0,0,0,863,3,0,0.6,,1500,,,,,5,,,
ClassicGumtree,45,2,45,0,0,0,0,0,862,3,0,0.6,,1600,,,,,5,,,
ClassicGumtree,45,2,45,0,0,0,0,0,862,3,0,0.6,,1700,,,,,5,,,
ClassicGumtree,45,2,45,0,0,0,0,0,862,3,0,0.6,,1800,,,,,5,,,
ClassicGumtree,45,2,45,0,0,0,0,0,862,3,0,0.6,,1900,,,,,5,,,
ClassicGumtree,45,2,45,0,0,0,0,0,862,3,0,0.6,,2000,,,,,5,,,
ClassicGumtree,45,2,45,0,0,0,0,0,6,3,0,0.7,,100,,,,,1,,,
ClassicGumtree,45,2,45,0,0,0,0,0,6,3,0,0.7,,200,,,,,1,,,
ClassicGumtree,45,2,45,0,0,0,0,0,5,3,0,0.7,,300,,,,,1,,,
ClassicGumtree,45,2,45,0,0,0,0,0,5,3,0,0.7,,400,,,,,1,,,
ClassicGumtree,45,2,45,0,0,0,0,0,5,3,0,0.7,,500,,,,,1,,,
ClassicGumtree,45,2,45,0,0,0,0,0,866,3,0,0.7,,600,,,,,1,,,
ClassicGumtree,45,2,45,0,0,0,0,0,867,3,0,0.7,,700,,,,,1,,,
ClassicGumtree,45,2,45,0,0,0,0,0,868,3,0,0.7,,800,,,,,1,,,
ClassicGumtree,45,2,45,0,0,0,0,0,864,3,0,0.7,,900,,,,,1,,,
ClassicGumtree,45,2,45,0,0,0,0,0,857,3,0,0.7,,1000,,,,,1,,,
ClassicGumtree,45,2,45,0,0,0,0,0,857,3,0,0.7,,1100,,,,,1,,,
ClassicGumtree,45,2,45,0,0,0,0,0,858,3,0,0.7,,1200,,,,,1,,,
ClassicGumtree,45,2,45,0,0,0,0,0,857,3,0,0.7,,1300,,,,,1,,,
ClassicGumtree,45,2,45,0,0,0,0,0,858,3,0,0.7,,1400,,,,,1,,,
ClassicGumtree,45,2,45,0,0,0,0,0,858,3,0,0.7,,1500,,,,,1,,,
ClassicGumtree,45,2,45,0,0,0,0,0,862,3,0,0.7,,1600,,,,,1,,,
ClassicGumtree,45,2,45,0,0,0,0,0,863,3,0,0.7,,1700,,,,,1,,,
ClassicGumtree,45,2,45,0,0,0,0,0,864,3,0,0.7,,1800,,,,,1,,,
ClassicGumtree,45,2,45,0,0,0,0,0,862,3,0,0.7,,1900,,,,,1,,,
ClassicGumtree,45,2,45,0,0,0,0,0,866,3,0,0.7,,2000,,,,,1,,,
ClassicGumtree,55,6,50,5,0,0,0,0,5,3,0,0.7,,100,,,,,2,,,
ClassicGumtree,55,6,50,5,0,0,0,0,6,3,0,0.7,,200,,,,,2,,,
ClassicGumtree,55,6,50,5,0,0,0,0,6,3,0,0.7,,300,,,,,2,,,
ClassicGumtree,55,6,50,5,0,0,0,0,5,3,0,0.7,,400,,,,,2,,,
ClassicGumtree,55,6,50,5,0,0,0,0,6,3,0,0.7,,500,,,,,2,,,
ClassicGumtree,45,2,45,0,0,0,0,0,862,3,0,0.7,,600,,,,,2,,,
ClassicGumtree,45,2,45,0,0,0,0,0,862,3,0,0.7,,700,,,,,2,,,
ClassicGumtree,45,2,45,0,0,0,0,0,862,3,0,0.7,,800,,,,,2,,,
ClassicGumtree,45,2,45,0,0,0,0,0,862,3,0,0.7,,900,,,,,2,,,
ClassicGumtree,45,2,45,0,0,0,0,0,862,3,0,0.7,,1000,,,,,2,,,
ClassicGumtree,45,2,45,0,0,0,0,0,858,3,0,0.7,,1100,,,,,2,,,
ClassicGumtree,45,2,45,0,0,0,0,0,857,3,0,0.7,,1200,,,,,2,,,
ClassicGumtree,45,2,45,0,0,0,0,0,859,3,0,0.7,,1300,,,,,2,,,
ClassicGumtree,45,2,45,0,0,0,0,0,857,3,0,0.7,,1400,,,,,2,,,
ClassicGumtree,45,2,45,0,0,0,0,0,862,3,0,0.7,,1500,,,,,2,,,
ClassicGumtree,45,2,45,0,0,0,0,0,862,3,0,0.7,,1600,,,,,2,,,
ClassicGumtree,45,2,45,0,0,0,0,0,862,3,0,0.7,,1700,,,,,2,,,
ClassicGumtree,45,2,45,0,0,0,0,0,867,3,0,0.7,,1800,,,,,2,,,
ClassicGumtree,45,2,45,0,0,0,0,0,862,3,0,0.7,,1900,,,,,2,,,
ClassicGumtree,45,2,45,0,0,0,0,0,862,3,0,0.7,,2000,,,,,2,,,
ClassicGumtree,69,8,57,12,0,0,0,0,5,3,0,0.7,,100,,,,,3,,,
ClassicGumtree,69,8,57,12,0,0,0,0,5,3,0,0.7,,200,,,,,3,,,
ClassicGumtree,69,8,57,12,0,0,0,0,6,3,0,0.7,,300,,,,,3,,,
ClassicGumtree,69,8,57,12,0,0,0,0,5,3,0,0.7,,400,,,,,3,,,
ClassicGumtree,69,8,57,12,0,0,0,0,6,3,0,0.7,,500,,,,,3,,,
ClassicGumtree,45,2,45,0,0,0,0,0,862,3,0,0.7,,600,,,,,3,,,
ClassicGumtree,45,2,45,0,0,0,0,0,862,3,0,0.7,,700,,,,,3,,,
ClassicGumtree,45,2,45,0,0,0,0,0,864,3,0,0.7,,800,,,,,3,,,
ClassicGumtree,45,2,45,0,0,0,0,0,862,3,0,0.7,,900,,,,,3,,,
ClassicGumtree,45,2,45,0,0,0,0,0,862,3,0,0.7,,1000,,,,,3,,,
ClassicGumtree,45,2,45,0,0,0,0,0,863,3,0,0.7,,1100,,,,,3,,,
ClassicGumtree,45,2,45,0,0,0,0,0,862,3,0,0.7,,1200,,,,,3,,,
ClassicGumtree,45,2,45,0,0,0,0,0,863,3,0,0.7,,1300,,,,,3,,,
ClassicGumtree,45,2,45,0,0,0,0,0,863,3,0,0.7,,1400,,,,,3,,,
ClassicGumtree,45,2,45,0,0,0,0,0,863,3,0,0.7,,1500,,,,,3,,,
ClassicGumtree,45,2,45,0,0,0,0,0,863,3,0,0.7,,1600,,,,,3,,,
ClassicGumtree,45,2,45,0,0,0,0,0,863,3,0,0.7,,1700,,,,,3,,,
ClassicGumtree,45,2,45,0,0,0,0,0,865,3,0,0.7,,1800,,,,,3,,,
ClassicGumtree,45,2,45,0,0,0,0,0,862,3,0,0.7,,1900,,,,,3,,,
ClassicGumtree,45,2,45,0,0,0,0,0,858,3,0,0.7,,2000,,,,,3,,,
ClassicGumtree,69,8,57,12,0,0,0,0,5,3,0,0.7,,100,,,,,4,,,
ClassicGumtree,69,8,57,12,0,0,0,0,6,3,0,0.7,,200,,,,,4,,,
ClassicGumtree,69,8,57,12,0,0,0,0,5,3,0,0.7,,300,,,,,4,,,
ClassicGumtree,69,8,57,12,0,0,0,0,5,3,0,0.7,,400,,,,,4,,,
ClassicGumtree,69,8,57,12,0,0,0,0,6,3,0,0.7,,500,,,,,4,,,
ClassicGumtree,45,2,45,0,0,0,0,0,857,3,0,0.7,,600,,,,,4,,,
ClassicGumtree,45,2,45,0,0,0,0,0,858,3,0,0.7,,700,,,,,4,,,
ClassicGumtree,45,2,45,0,0,0,0,0,858,3,0,0.7,,800,,,,,4,,,
ClassicGumtree,45,2,45,0,0,0,0,0,858,3,0,0.7,,900,,,,,4,,,
ClassicGumtree,45,2,45,0,0,0,0,0,857,3,0,0.7,,1000,,,,,4,,,
ClassicGumtree,45,2,45,0,0,0,0,0,863,3,0,0.7,,1100,,,,,4,,,
ClassicGumtree,45,2,45,0,0,0,0,0,864,3,0,0.7,,1200,,,,,4,,,
ClassicGumtree,45,2,45,0,0,0,0,0,865,3,0,0.7,,1300,,,,,4,,,
ClassicGumtree,45,2,45,0,0,0,0,0,863,3,0,0.7,,1400,,,,,4,,,
ClassicGumtree,45,2,45,0,0,0,0,0,862,3,0,0.7,,1500,,,,,4,,,
ClassicGumtree,45,2,45,0,0,0,0,0,863,3,0,0.7,,1600,,,,,4,,,
ClassicGumtree,45,2,45,0,0,0,0,0,862,3,0,0.7,,1700,,,,,4,,,
ClassicGumtree,45,2,45,0,0,0,0,0,862,3,0,0.7,,1800,,,,,4,,,
ClassicGumtree,45,2,45,0,0,0,0,0,862,3,0,0.7,,1900,,,,,4,,,
ClassicGumtree,45,2,45,0,0,0,0,0,863,3,0,0.7,,2000,,,,,4,,,
ClassicGumtree,119,9,82,37,0,0,0,0,1,3,0,0.7,,100,,,,,5,,,
ClassicGumtree,119,9,82,37,0,0,0,0,1,3,0,0.7,,200,,,,,5,,,
ClassicGumtree,119,9,82,37,0,0,0,0,1,3,0,0.7,,300,,,,,5,,,
ClassicGumtree,119,9,82,37,0,0,0,0,1,3,0,0.7,,400,,,,,5,,,
ClassicGumtree,119,9,82,37,0,0,0,0,1,3,0,0.7,,500,,,,,5,,,
ClassicGumtree,45,2,45,0,0,0,0,0,853,3,0,0.7,,600,,,,,5,,,
ClassicGumtree,45,2,45,0,0,0,0,0,853,3,0,0.7,,700,,,,,5,,,
ClassicGumtree,45,2,45,0,0,0,0,0,855,3,0,0.7,,800,,,,,5,,,
ClassicGumtree,45,2,45,0,0,0,0,0,853,3,0,0.7,,900,,,,,5,,,
ClassicGumtree,45,2,45,0,0,0,0,0,865,3,0,0.7,,1000,,,,,5,,,
ClassicGumtree,45,2,45,0,0,0,0,0,865,3,0,0.7,,1100,,,,,5,,,
ClassicGumtree,45,2,45,0,0,0,0,0,865,3,0,0.7,,1200,,,,,5,,,
ClassicGumtree,45,2,45,0,0,0,0,0,865,3,0,0.7,,1300,,,,,5,,,
ClassicGumtree,45,2,45,0,0,0,0,0,866,3,0,0.7,,1400,,,,,5,,,
ClassicGumtree,45,2,45,0,0,0,0,0,866,3,0,0.7,,1500,,,,,5,,,
ClassicGumtree,45,2,45,0,0,0,0,0,865,3,0,0.7,,1600,,,,,5,,,
ClassicGumtree,45,2,45,0,0,0,0,0,866,3,0,0.7,,1700,,,,,5,,,
ClassicGumtree,45,2,45,0,0,0,0,0,868,3,0,0.7,,1800,,,,,5,,,
ClassicGumtree,45,2,45,0,0,0,0,0,864,3,0,0.7,,1900,,,,,5,,,
ClassicGumtree,45,2,45,0,0,0,0,0,853,3,0,0.7,,2000,,,,,5,,,
ClassicGumtree,45,2,45,0,0,0,0,0,5,3,0,0.799,,100,,,,,1,,,
ClassicGumtree,45,2,45,0,0,0,0,0,5,3,0,0.799,,200,,,,,1,,,
ClassicGumtree,45,2,45,0,0,0,0,0,6,3,0,0.799,,300,,,,,1,,,
ClassicGumtree,45,2,45,0,0,0,0,0,5,3,0,0.799,,400,,,,,1,,,
ClassicGumtree,45,2,45,0,0,0,0,0,6,3,0,0.799,,500,,,,,1,,,
ClassicGumtree,45,2,45,0,0,0,0,0,862,3,0,0.799,,600,,,,,1,,,
ClassicGumtree,45,2,45,0,0,0,0,0,862,3,0,0.799,,700,,,,,1,,,
ClassicGumtree,45,2,45,0,0,0,0,0,862,3,0,0.799,,800,,,,,1,,,
ClassicGumtree,45,2,45,0,0,0,0,0,862,3,0,0.799,,900,,,,,1,,,
ClassicGumtree,45,2,45,0,0,0,0,0,863,3,0,0.799,,1000,,,,,1,,,
ClassicGumtree,45,2,45,0,0,0,0,0,862,3,0,0.799,,1100,,,,,1,,,
ClassicGumtree,45,2,45,0,0,0,0,0,862,3,0,0.799,,1200,,,,,1,,,
ClassicGumtree,45,2,45,0,0,0,0,0,864,3,0,0.799,,1300,,,,,1,,,
ClassicGumtree,45,2,45,0,0,0,0,0,862,3,0,0.799,,1400,,,,,1,,,
ClassicGumtree,45,2,45,0,0,0,0,0,862,3,0,0.799,,1500,,,,,1,,,
ClassicGumtree,45,2,45,0,0,0,0,0,857,3,0,0.799,,1600,,,,,1,,,
ClassicGumtree,45,2,45,0,0,0,0,0,858,3,0,0.799,,1700,,,,,1,,,
ClassicGumtree,45,2,45,0,0,0,0,0,857,3,0,0.799,,1800,,,,,1,,,
ClassicGumtree,45,2,45,0,0,0,0,0,858,3,0,0.799,,1900,,,,,1,,,
ClassicGumtree,45,2,45,0,0,0,0,0,857,3,0,0.799,,2000,,,,,1,,,
ClassicGumtree,63,9,53,8,0,2,0,0,1,3,0,0.799,,100,,,,,2,,,
ClassicGumtree,63,9,53,8,0,2,0,0,1,3,0,0.799,,200,,,,,2,,,
ClassicGumtree,63,9,53,8,0,2,0,0,1,3,0,0.799,,300,,,,,2,,,
ClassicGumtree,63,9,53,8,0,2,0,0,1,3,0,0.799,,400,,,,,2,,,
ClassicGumtree,63,9,53,8,0,2,0,0,1,3,0,0.799,,500,,,,,2,,,
ClassicGumtree,45,2,45,0,0,0,0,0,853,3,0,0.799,,600,,,,,2,,,
ClassicGumtree,45,2,45,0,0,0,0,0,853,3,0,0.799,,700,,,,,2,,,
ClassicGumtree,45,2,45,0,0,0,0,0,855,3,0,0.799,,800,,,,,2,,,
ClassicGumtree,45,2,45,0,0,0,0,0,853,3,0,0.799,,900,,,,,2,,,
ClassicGumtree,45,2,45,0,0,0,0,0,868,3,0,0.799,,1000,,,,,2,,,
ClassicGumtree,45,2,45,0,0,0,0,0,868,3,0,0.799,,1100,,,,,2,,,
ClassicGumtree,45,2,45,0,0,0,0,0,867,3,0,0.799,,1200,,,,,2,,,
ClassicGumtree,45,2,45,0,0,0,0,0,868,3,0,0.799,,1300,,,,,2,,,
ClassicGumtree,45,2,45,0,0,0,0,0,867,3,0,0.799,,1400,,,,,2,,,
ClassicGumtree,45,2,45,0,0,0,0,0,868,3,0,0.799,,1500,,,,,2,,,
ClassicGumtree,45,2,45,0,0,0,0,0,868,3,0,0.799,,1600,,,,,2,,,
ClassicGumtree,45,2,45,0,0,0,0,0,868,3,0,0.799,,1700,,,,,2,,,
ClassicGumtree,45,2,45,0,0,0,0,0,871,3,0,0.799,,1800,,,,,2,,,
ClassicGumtree,45,2,45,0,0,0,0,0,868,3,0,0.799,,1900,,,,,2,,,
ClassicGumtree,45,2,45,0,0,0,0,0,871,3,0,0.799,,2000,,,,,2,,,
ClassicGumtree,77,11,60,15,0,2,0,0,1,3,0,0.799,,100,,,,,3,,,
ClassicGumtree,77,11,60,15,0,2,0,0,1,3,0,0.799,,200,,,,,3,,,
ClassicGumtree,77,11,60,15,0,2,0,0,1,3,0,0.799,,300,,,,,3,,,
ClassicGumtree,77,11,60,15,0,2,0,0,1,3,0,0.799,,400,,,,,3,,,
ClassicGumtree,77,11,60,15,0,2,0,0,1,3,0,0.799,,500,,,,,3,,,
ClassicGumtree,45,2,45,0,0,0,0,0,871,3,0,0.799,,600,,,,,3,,,
ClassicGumtree,45,2,45,0,0,0,0,0,871,3,0,0.799,,700,,,,,3,,,
ClassicGumtree,45,2,45,0,0,0,0,0,871,3,0,0.799,,800,,,,,3,,,
ClassicGumtree,45,2,45,0,0,0,0,0,871,3,0,0.799,,900,,,,,3,,,
ClassicGumtree,45,2,45,0,0,0,0,0,871,3,0,0.799,,1000,,,,,3,,,
ClassicGumtree,45,2,45,0,0,0,0,0,871,3,0,0.799,,1100,,,,,3,,,
ClassicGumtree,45,2,45,0,0,0,0,0,871,3,0,0.799,,1200,,,,,3,,,
ClassicGumtree,45,2,45,0,0,0,0,0,874,3,0,0.799,,1300,,,,,3,,,
ClassicGumtree,45,2,45,0,0,0,0,0,871,3,0,0.799,,1400,,,,,3,,,
ClassicGumtree,45,2,45,0,0,0,0,0,853,3,0,0.799,,1500,,,,,3,,,
ClassicGumtree,45,2,45,0,0,0,0,0,853,3,0,0.799,,1600,,,,,3,,,
ClassicGumtree,45,2,45,0,0,0,0,0,853,3,0,0.799,,1700,,,,,3,,,
ClassicGumtree,45,2,45,0,0,0,0,0,853,3,0,0.799,,1800,,,,,3,,,
ClassicGumtree,45,2,45,0,0,0,0,0,853,3,0,0.799,,1900,,,,,3,,,
ClassicGumtree,45,2,45,0,0,0,0,0,853,3,0,0.799,,2000,,,,,3,,,
ClassicGumtree,77,11,60,15,0,2,0,0,1,3,0,0.799,,100,,,,,4,,,
ClassicGumtree,77,11,60,15,0,2,0,0,1,3,0,0.799,,200,,,,,4,,,
ClassicGumtree,77,11,60,15,0,2,0,0,1,3,0,0.799,,300,,,,,4,,,
ClassicGumtree,77,11,60,15,0,2,0,0,1,3,0,0.799,,400,,,,,4,,,
ClassicGumtree,77,11,60,15,0,2,0,0,1,3,0,0.799,,500,,,,,4,,,
ClassicGumtree,45,2,45,0,0,0,0,0,853,3,0,0.799,,600,,,,,4,,,
ClassicGumtree,45,2,45,0,0,0,0,0,852,3,0,0.799,,700,,,,,4,,,
ClassicGumtree,45,2,45,0,0,0,0,0,855,3,0,0.799,,800,,,,,4,,,
ClassicGumtree,45,2,45,0,0,0,0,0,853,3,0,0.799,,900,,,,,4,,,
ClassicGumtree,45,2,45,0,0,0,0,0,861,3,0,0.799,,1000,,,,,4,,,
ClassicGumtree,45,2,45,0,0,0,0,0,862,3,0,0.799,,1100,,,,,4,,,
ClassicGumtree,45,2,45,0,0,0,0,0,862,3,0,0.799,,1200,,,,,4,,,
ClassicGumtree,45,2,45,0,0,0,0,0,862,3,0,0.799,,1300,,,,,4,,,
ClassicGumtree,45,2,45,0,0,0,0,0,862,3,0,0.799,,1400,,,,,4,,,
ClassicGumtree,45,2,45,0,0,0,0,0,861,3,0,0.799,,1500,,,,,4,,,
ClassicGumtree,45,2,45,0,0,0,0,0,862,3,0,0.799,,1600,,,,,4,,,
ClassicGumtree,45,2,45,0,0,0,0,0,863,3,0,0.799,,1700,,,,,4,,,
ClassicGumtree,45,2,45,0,0,0,0,0,864,3,0,0.799,,1800,,,,,4,,,
ClassicGumtree,45,2,45,0,0,0,0,0,861,3,0,0.799,,1900,,,,,4,,,
ClassicGumtree,45,2,45,0,0,0,0,0,853,3,0,0.799,,2000,,,,,4,,,
ClassicGumtree,119,9,82,37,0,0,0,0,1,3,0,0.799,,100,,,,,5,,,
ClassicGumtree,119,9,82,37,0,0,0,0,1,3,0,0.799,,200,,,,,5,,,
ClassicGumtree,119,9,82,37,0,0,0,0,1,3,0,0.799,,300,,,,,5,,,
ClassicGumtree,119,9,82,37,0,0,0,0,1,3,0,0.799,,400,,,,,5,,,
ClassicGumtree,119,9,82,37,0,0,0,0,1,3,0,0.799,,500,,,,,5,,,
ClassicGumtree,45,2,45,0,0,0,0,0,906,3,0,0.799,,600,,,,,5,,,
ClassicGumtree,45,2,45,0,0,0,0,0,905,3,0,0.799,,700,,,,,5,,,
ClassicGumtree,45,2,45,0,0,0,0,0,905,3,0,0.799,,800,,,,,5,,,
ClassicGumtree,45,2,45,0,0,0,0,0,906,3,0,0.799,,900,,,,,5,,,
ClassicGumtree,45,2,45,0,0,0,0,0,905,3,0,0.799,,1000,,,,,5,,,
ClassicGumtree,45,2,45,0,0,0,0,0,905,3,0,0.799,,1100,,,,,5,,,
ClassicGumtree,45,2,45,0,0,0,0,0,906,3,0,0.799,,1200,,,,,5,,,
ClassicGumtree,45,2,45,0,0,0,0,0,909,3,0,0.799,,1300,,,,,5,,,
ClassicGumtree,45,2,45,0,0,0,0,0,906,3,0,0.799,,1400,,,,,5,,,
ClassicGumtree,45,2,45,0,0,0,0,0,906,3,0,0.799,,1500,,,,,5,,,
ClassicGumtree,45,2,45,0,0,0,0,0,852,3,0,0.799,,1600,,,,,5,,,
ClassicGumtree,45,2,45,0,0,0,0,0,852,3,0,0.799,,1700,,,,,5,,,
ClassicGumtree,45,2,45,0,0,0,0,0,853,3,0,0.799,,1800,,,,,5,,,
ClassicGumtree,45,2,45,0,0,0,0,0,852,3,0,0.799,,1900,,,,,5,,,
ClassicGumtree,45,2,45,0,0,0,0,0,852,3,0,0.799,,2000,,,,,5,,,
ClassicGumtree,50,6,46,1,0,3,0,0,1,3,0,0.899,,100,,,,,1,,,
ClassicGumtree,50,6,46,1,0,3,0,0,0,3,0,0.899,,200,,,,,1,,,
ClassicGumtree,50,6,46,1,0,3,0,0,1,3,0,0.899,,300,,,,,1,,,
ClassicGumtree,50,6,46,1,0,3,0,0,0,3,0,0.899,,400,,,,,1,,,
ClassicGumtree,50,6,46,1,0,3,0,0,1,3,0,0.899,,500,,,,,1,,,
ClassicGumtree,45,2,45,0,0,0,0,0,853,3,0,0.899,,600,,,,,1,,,
ClassicGumtree,45,2,45,0,0,0,0,0,853,3,0,0.899,,700,,,,,1,,,
ClassicGumtree,45,2,45,0,0,0,0,0,855,3,0,0.899,,800,,,,,1,,,
ClassicGumtree,45,2,45,0,0,0,0,0,852,3,0,0.899,,900,,,,,1,,,
ClassicGumtree,45,2,45,0,0,0,0,0,877,3,0,0.899,,1000,,,,,1,,,
ClassicGumtree,45,2,45,0,0,0,0,0,877,3,0,0.899,,1100,,,,,1,,,
ClassicGumtree,45,2,45,0,0,0,0,0,878,3,0,0.899,,1200,,,,,1,,,
ClassicGumtree,45,2,45,0,0,0,0,0,877,3,0,0.899,,1300,,,,,1,,,
ClassicGumtree,45,2,45,0,0,0,0,0,878,3,0,0.899,,1400,,,,,1,,,
ClassicGumtree,45,2,45,0,0,0,0,0,877,3,0,0.899,,1500,,,,,1,,,
ClassicGumtree,45,2,45,0,0,0,0,0,877,3,0,0.899,,1600,,,,,1,,,
ClassicGumtree,45,2,45,0,0,0,0,0,877,3,0,0.899,,1700,,,,,1,,,
ClassicGumtree,45,2,45,0,0,0,0,0,879,3,0,0.899,,1800,,,,,1,,,
ClassicGumtree,45,2,45,0,0,0,0,0,878,3,0,0.899,,1900,,,,,1,,,
ClassicGumtree,45,2,45,0,0,0,0,0,853,3,0,0.899,,2000,,,,,1,,,
ClassicGumtree,63,9,53,8,0,2,0,0,1,3,0,0.899,,100,,,,,2,,,
ClassicGumtree,63,9,53,8,0,2,0,0,1,3,0,0.899,,200,,,,,2,,,
ClassicGumtree,63,9,53,8,0,2,0,0,1,3,0,0.899,,300,,,,,2,,,
ClassicGumtree,63,9,53,8,0,2,0,0,1,3,0,0.899,,400,,,,,2,,,
ClassicGumtree,63,9,53,8,0,2,0,0,1,3,0,0.899,,500,,,,,2,,,
ClassicGumtree,45,2,45,0,0,0,0,0,860,3,0,0.899,,600,,,,,2,,,
ClassicGumtree,45,2,45,0,0,0,0,0,860,3,0,0.899,,700,,,,,2,,,
ClassicGumtree,45,2,45,0,0,0,0,0,863,3,0,0.899,,800,,,,,2,,,
ClassicGumtree,45,2,45,0,0,0,0,0,860,3,0,0.899,,900,,,,,2,,,
ClassicGumtree,45,2,45,0,0,0,0,0,861,3,0,0.899,,1000,,,,,2,,,
ClassicGumtree,45,2,45,0,0,0,0,0,861,3,0,0.899,,1100,,,,,2,,,
ClassicGumtree,45,2,45,0,0,0,0,0,862,3,0,0.899,,1200,,,,,2,,,
ClassicGumtree,45,2,45,0,0,0,0,0,864,3,0,0.899,,1300,,,,,2,,,
ClassicGumtree,45,2,45,0,0,0,0,0,860,3,0,0.899,,1400,,,,,2,,,
ClassicGumtree,45,2,45,0,0,0,0,0,862,3,0,0.899,,1500,,,,,2,,,
ClassicGumtree,45,2,45,0,0,0,0,0,853,3,0,0.899,,1600,,,,,2,,,
ClassicGumtree,45,2,45,0,0,0,0,0,853,3,0,0.899,,1700,,,,,2,,,
ClassicGumtree,45,2,45,0,0,0,0,0,853,3,0,0.899,,1800,,,,,2,,,
ClassicGumtree,45,2,45,0,0,0,0,0,852,3,0,0.899,,1900,,,,,2,,,
ClassicGumtree,45,2,45,0,0,0,0,0,852,3,0,0.899,,2000,,,,,2,,,
ClassicGumtree,77,11,60,15,0,2,0,0,1,3,0,0.899,,100,,,,,3,,,
ClassicGumtree,77,11,60,15,0,2,0,0,1,3,0,0.899,,200,,,,,3,,,
ClassicGumtree,77,11,60,15,0,2,0,0,1,3,0,0.899,,300,,,,,3,,,
ClassicGumtree,77,11,60,15,0,2,0,0,1,3,0,0.899,,400,,,,,3,,,
ClassicGumtree,77,11,60,15,0,2,0,0,1,3,0,0.899,,500,,,,,3,,,
ClassicGumtree,45,2,45,0,0,0,0,0,853,3,0,0.899,,600,,,,,3,,,
ClassicGumtree,45,2,45,0,0,0,0,0,853,3,0,0.899,,700,,,,,3,,,
ClassicGumtree,45,2,45,0,0,0,0,0,855,3,0,0.899,,800,,,,,3,,,
ClassicGumtree,45,2,45,0,0,0,0,0,853,3,0,0.899,,900,,,,,3,,,
ClassicGumtree,45,2,45,0,0,0,0,0,860,3,0,0.899,,1000,,,,,3,,,
ClassicGumtree,45,2,45,0,0,0,0,0,861,3,0,0.899,,1100,,,,,3,,,
ClassicGumtree,45,2,45,0,0,0,0,0,861,3,0,0.899,,1200,,,,,3,,,
ClassicGumtree,45,2,45,0,0,0,0,0,861,3,0,0.899,,1300,,,,,3,,,
ClassicGumtree,45,2,45,0,0,0,0,0,863,3,0,0.899,,1400,,,,,3,,,
ClassicGumtree,45,2,45,0,0,0,0,0,861,3,0,0.899,,1500,,,,,3,,,
ClassicGumtree,45,2,45,0,0,0,0,0,861,3,0,0.899,,1600,,,,,3,,,
ClassicGumtree,45,2,45,0,0,0,0,0,861,3,0,0.899,,1700,,,,,3,,,
ClassicGumtree,45,2,45,0,0,0,0,0,863,3,0,0.899,,1800,,,,,3,,,
ClassicGumtree,45,2,45,0,0,0,0,0,860,3,0,0.899,,1900,,,,,3,,,
ClassicGumtree,45,2,45,0,0,0,0,0,853,3,0,0.899,,2000,,,,,3,,,
ClassicGumtree,77,11,60,15,0,2,0,0,1,3,0,0.899,,100,,,,,4,,,
ClassicGumtree,77,11,60,15,0,2,0,0,1,3,0,0.899,,200,,,,,4,,,
ClassicGumtree,77,11,60,15,0,2,0,0,1,3,0,0.899,,300,,,,,4,,,
ClassicGumtree,77,11,60,15,0,2,0,0,1,3,0,0.899,,400,,,,,4,,,
ClassicGumtree,77,11,60,15,0,2,0,0,1,3,0,0.899,,500,,,,,4,,,
ClassicGumtree,45,2,45,0,0,0,0,0,853,3,0,0.899,,600,,,,,4,,,
ClassicGumtree,45,2,45,0,0,0,0,0,852,3,0,0.899,,700,,,,,4,,,
ClassicGumtree,45,2,45,0,0,0,0,0,854,3,0,0.899,,800,,,,,4,,,
ClassicGumtree,45,2,45,0,0,0,0,0,853,3,0,0.899,,900,,,,,4,,,
ClassicGumtree,45,2,45,0,0,0,0,0,859,3,0,0.899,,1000,,,,,4,,,
ClassicGumtree,45,2,45,0,0,0,0,0,853,3,0,0.899,,1100,,,,,4,,,
ClassicGumtree,45,2,45,0,0,0,0,0,853,3,0,0.899,,1200,,,,,4,,,
ClassicGumtree,45,2,45,0,0,0,0,0,855,3,0,0.899,,1300,,,,,4,,,
ClassicGumtree,45,2,45,0,0,0,0,0,864,3,0,0.899,,1400,,,,,4,,,
ClassicGumtree,45,2,45,0,0,0,0,0,863,3,0,0.899,,1500,,,,,4,,,
ClassicGumtree,45,2,45,0,0,0,0,0,866,3,0,0.899,,1600,,,,,4,,,
ClassicGumtree,45,2,45,0,0,0,0,0,863,3,0,0.899,,1700,,,,,4,,,
ClassicGumtree,45,2,45,0,0,0,0,0,864,3,0,0.899,,1800,,,,,4,,,
ClassicGumtree,45,2,45,0,0,0,0,0,864,3,0,0.899,,1900,,,,,4,,,
ClassicGumtree,45,2,45,0,0,0,0,0,862,3,0,0.899,,2000,,,,,4,,,
ClassicGumtree,124,5,83,38,0,3,0,0,1,3,0,0.899,,100,,,,,5,,,
ClassicGumtree,124,5,83,38,0,3,0,0,1,3,0,0.899,,200,,,,,5,,,
ClassicGumtree,124,5,83,38,0,3,0,0,1,3,0,0.899,,300,,,,,5,,,
ClassicGumtree,124,5,83,38,0,3,0,0,1,3,0,0.899,,400,,,,,5,,,
ClassicGumtree,124,5,83,38,0,3,0,0,1,3,0,0.899,,500,,,,,5,,,
ClassicGumtree,45,2,45,0,0,0,0,0,438,3,0,0.899,,600,,,,,5,,,
ClassicGumtree,45,2,45,0,0,0,0,0,438,3,0,0.899,,700,,,,,5,,,
ClassicGumtree,45,2,45,0,0,0,0,0,439,3,0,0.899,,800,,,,,5,,,
ClassicGumtree,45,2,45,0,0,0,0,0,426,3,0,0.899,,900,,,,,5,,,
ClassicGumtree,45,2,45,0,0,0,0,0,427,3,0,0.899,,1000,,,,,5,,,
ClassicGumtree,45,2,45,0,0,0,0,0,427,3,0,0.899,,1100,,,,,5,,,
ClassicGumtree,45,2,45,0,0,0,0,0,428,3,0,0.899,,1200,,,,,5,,,
ClassicGumtree,45,2,45,0,0,0,0,0,426,3,0,0.899,,1300,,,,,5,,,
ClassicGumtree,45,2,45,0,0,0,0,0,427,3,0,0.899,,1400,,,,,5,,,
ClassicGumtree,45,2,45,0,0,0,0,0,426,3,0,0.899,,1500,,,,,5,,,
ClassicGumtree,45,2,45,0,0,0,0,0,427,3,0,0.899,,1600,,,,,5,,,
ClassicGumtree,45,2,45,0,0,0,0,0,426,3,0,0.899,,1700,,,,,5,,,
ClassicGumtree,45,2,45,0,0,0,0,0,427,3,0,0.899,,1800,,,,,5,,,
ClassicGumtree,45,2,45,0,0,0,0,0,427,3,0,0.899,,1900,,,,,5,,,
ClassicGumtree,45,2,45,0,0,0,0,0,427,3,0,0.899,,2000,,,,,5,,,
ClassicGumtree,58,11,47,2,0,9,0,0,1,3,0,0.999,,100,,,,,1,,,
ClassicGumtree,58,11,47,2,0,9,0,0,1,3,0,0.999,,200,,,,,1,,,
ClassicGumtree,58,11,47,2,0,9,0,0,1,3,0,0.999,,300,,,,,1,,,
ClassicGumtree,58,11,47,2,0,9,0,0,1,3,0,0.999,,400,,,,,1,,,
ClassicGumtree,58,11,47,2,0,9,0,0,1,3,0,0.999,,500,,,,,1,,,
ClassicGumtree,45,2,45,0,0,0,0,0,427,3,0,0.999,,600,,,,,1,,,
ClassicGumtree,45,2,45,0,0,0,0,0,428,3,0,0.999,,700,,,,,1,,,
ClassicGumtree,45,2,45,0,0,0,0,0,427,3,0,0.999,,800,,,,,1,,,
ClassicGumtree,45,2,45,0,0,0,0,0,427,3,0,0.999,,900,,,,,1,,,
ClassicGumtree,45,2,45,0,0,0,0,0,434,3,0,0.999,,1000,,,,,1,,,
ClassicGumtree,45,2,45,0,0,0,0,0,434,3,0,0.999,,1100,,,,,1,,,
ClassicGumtree,45,2,45,0,0,0,0,0,434,3,0,0.999,,1200,,,,,1,,,
ClassicGumtree,45,2,45,0,0,0,0,0,433,3,0,0.999,,1300,,,,,1,,,
ClassicGumtree,45,2,45,0,0,0,0,0,434,3,0,0.999,,1400,,,,,1,,,
ClassicGumtree,45,2,45,0,0,0,0,0,434,3,0,0.999,,1500,,,,,1,,,
ClassicGumtree,45,2,45,0,0,0,0,0,434,3,0,0.999,,1600,,,,,1,,,
ClassicGumtree,45,2,45,0,0,0,0,0,435,3,0,0.999,,1700,,,,,1,,,
ClassicGumtree,45,2,45,0,0,0,0,0,434,3,0,0.999,,1800,,,,,1,,,
ClassicGumtree,45,2,45,0,0,0,0,0,433,3,0,0.999,,1900,,,,,1,,,
ClassicGumtree,45,2,45,0,0,0,0,0,427,3,0,0.999,,2000,,,,,1,,,
ClassicGumtree,69,8,54,9,0,6,0,0,1,3,0,0.999,,100,,,,,2,,,
ClassicGumtree,69,8,54,9,0,6,0,0,1,3,0,0.999,,200,,,,,2,,,
ClassicGumtree,69,8,54,9,0,6,0,0,1,3,0,0.999,,300,,,,,2,,,
ClassicGumtree,69,8,54,9,0,6,0,0,1,3,0,0.999,,400,,,,,2,,,
ClassicGumtree,69,8,54,9,0,6,0,0,1,3,0,0.999,,500,,,,,2,,,
ClassicGumtree,45,2,45,0,0,0,0,0,427,3,0,0.999,,600,,,,,2,,,
ClassicGumtree,45,2,45,0,0,0,0,0,427,3,0,0.999,,700,,,,,2,,,
ClassicGumtree,45,2,45,0,0,0,0,0,427,3,0,0.999,,800,,,,,2,,,
ClassicGumtree,45,2,45,0,0,0,0,0,427,3,0,0.999,,900,,,,,2,,,
ClassicGumtree,45,2,45,0,0,0,0,0,427,3,0,0.999,,1000,,,,,2,,,
ClassicGumtree,45,2,45,0,0,0,0,0,427,3,0,0.999,,1100,,,,,2,,,
ClassicGumtree,45,2,45,0,0,0,0,0,428,3,0,0.999,,1200,,,,,2,,,
ClassicGumtree,45,2,45,0,0,0,0,0,427,3,0,0.999,,1300,,,,,2,,,
ClassicGumtree,45,2,45,0,0,0,0,0,423,3,0,0.999,,1400,,,,,2,,,
ClassicGumtree,45,2,45,0,0,0,0,0,409,3,0,0.999,,1500,,,,,2,,,
ClassicGumtree,45,2,45,0,0,0,0,0,408,3,0,0.999,,1600,,,,,2,,,
ClassicGumtree,45,2,45,0,0,0,0,0,409,3,0,0.999,,1700,,,,,2,,,
ClassicGumtree,45,2,45,0,0,0,0,0,409,3,0,0.999,,1800,,,,,2,,,
ClassicGumtree,45,2,45,0,0,0,0,0,408,3,0,0.999,,1900,,,,,2,,,
ClassicGumtree,45,2,45,0,0,0,0,0,396,3,0,0.999,,2000,,,,,2,,,
ClassicGumtree,82,7,61,16,0,5,0,0,1,3,0,0.999,,100,,,,,3,,,
ClassicGumtree,82,7,61,16,0,5,0,0,1,3,0,0.999,,200,,,,,3,,,
ClassicGumtree,82,7,61,16,0,5,0,0,1,3,0,0.999,,300,,,,,3,,,
ClassicGumtree,82,7,61,16,0,5,0,0,1,3,0,0.999,,400,,,,,3,,,
ClassicGumtree,82,7,61,16,0,5,0,0,1,3,0,0.999,,500,,,,,3,,,
ClassicGumtree,45,2,45,0,0,0,0,0,397,3,0,0.999,,600,,,,,3,,,
ClassicGumtree,45,2,45,0,0,0,0,0,396,3,0,0.999,,700,,,,,3,,,
ClassicGumtree,45,2,45,0,0,0,0,0,393,3,0,0.999,,800,,,,,3,,,
ClassicGumtree,45,2,45,0,0,0,0,0,389,3,0,0.999,,900,,,,,3,,,
ClassicGumtree,45,2,45,0,0,0,0,0,406,3,0,0.999,,1000,,,,,3,,,
ClassicGumtree,45,2,45,0,0,0,0,0,406,3,0,0.999,,1100,,,,,3,,,
ClassicGumtree,45,2,45,0,0,0,0,0,406,3,0,0.999,,1200,,,,,3,,,
ClassicGumtree,45,2,45,0,0,0,0,0,406,3,0,0.999,,1300,,,,,3,,,
ClassicGumtree,45,2,45,0,0,0,0,0,406,3,0,0.999,,1400,,,,,3,,,
ClassicGumtree,45,2,45,0,0,0,0,0,406,3,0,0.999,,1500,,,,,3,,,
ClassicGumtree,45,2,45,0,0,0,0,0,405,3,0,0.999,,1600,,,,,3,,,
ClassicGumtree,45,2,45,0,0,0,0,0,406,3,0,0.999,,1700,,,,,3,,,
ClassicGumtree,45,2,45,0,0,0,0,0,404,3,0,0.999,,1800,,,,,3,,,
ClassicGumtree,45,2,45,0,0,0,0,0,405,3,0,0.999,,1900,,,,,3,,,
ClassicGumtree,45,2,45,0,0,0,0,0,388,3,0,0.999,,2000,,,,,3,,,
ClassicGumtree,82,7,61,16,0,5,0,0,1,3,0,0.999,,100,,,,,4,,,
ClassicGumtree,82,7,61,16,0,5,0,0,1,3,0,0.999,,200,,,,,4,,,
ClassicGumtree,82,7,61,16,0,5,0,0,1,3,0,0.999,,300,,,,,4,,,
ClassicGumtree,82,7,61,16,0,5,0,0,1,3,0,0.999,,400,,,,,4,,,
ClassicGumtree,82,7,61,16,0,5,0,0,1,3,0,0.999,,500,,,,,4,,,
ClassicGumtree,45,2,45,0,0,0,0,0,388,3,0,0.999,,600,,,,,4,,,
ClassicGumtree,45,2,45,0,0,0,0,0,388,3,0,0.999,,700,,,,,4,,,
ClassicGumtree,45,2,45,0,0,0,0,0,388,3,0,0.999,,800,,,,,4,,,
ClassicGumtree,45,2,45,0,0,0,0,0,388,3,0,0.999,,900,,,,,4,,,
ClassicGumtree,45,2,45,0,0,0,0,0,387,3,0,0.999,,1000,,,,,4,,,
ClassicGumtree,45,2,45,0,0,0,0,0,388,3,0,0.999,,1100,,,,,4,,,
ClassicGumtree,45,2,45,0,0,0,0,0,388,3,0,0.999,,1200,,,,,4,,,
ClassicGumtree,45,2,45,0,0,0,0,0,387,3,0,0.999,,1300,,,,,4,,,
ClassicGumtree,45,2,45,0,0,0,0,0,387,3,0,0.999,,1400,,,,,4,,,
ClassicGumtree,45,2,45,0,0,0,0,0,387,3,0,0.999,,1500,,,,,4,,,
ClassicGumtree,45,2,45,0,0,0,0,0,387,3,0,0.999,,1600,,,,,4,,,
ClassicGumtree,45,2,45,0,0,0,0,0,387,3,0,0.999,,1700,,,,,4,,,
ClassicGumtree,45,2,45,0,0,0,0,0,387,3,0,0.999,,1800,,,,,4,,,
ClassicGumtree,45,2,45,0,0,0,0,0,387,3,0,0.999,,1900,,,,,4,,,
ClassicGumtree,45,2,45,0,0,0,0,0,388,3,0,0.999,,2000,,,,,4,,,
ClassicGumtree,124,5,83,38,0,3,0,0,1,3,0,0.999,,100,,,,,5,,,
ClassicGumtree,124,5,83,38,0,3,0,0,1,3,0,0.999,,200,,,,,5,,,
ClassicGumtree,124,5,83,38,0,3,0,0,1,3,0,0.999,,300,,,,,5,,,
ClassicGumtree,124,5,83,38,0,3,0,0,0,3,0,0.999,,400,,,,,5,,,
ClassicGumtree,124,5,83,38,0,3,0,0,1,3,0,0.999,,500,,,,,5,,,
ClassicGumtree,45,2,45,0,0,0,0,0,387,3,0,0.999,,600,,,,,5,,,
ClassicGumtree,45,2,45,0,0,0,0,0,388,3,0,0.999,,700,,,,,5,,,
ClassicGumtree,45,2,45,0,0,0,0,0,387,3,0,0.999,,800,,,,,5,,,
ClassicGumtree,45,2,45,0,0,0,0,0,387,3,0,0.999,,900,,,,,5,,,
ClassicGumtree,45,2,45,0,0,0,0,0,388,3,0,0.999,,1000,,,,,5,,,
ClassicGumtree,45,2,45,0,0,0,0,0,388,3,0,0.999,,1100,,,,,5,,,
ClassicGumtree,45,2,45,0,0,0,0,0,388,3,0,0.999,,1200,,,,,5,,,
ClassicGumtree,45,2,45,0,0,0,0,0,388,3,0,0.999,,1300,,,,,5,,,
ClassicGumtree,45,2,45,0,0,0,0,0,388,3,0,0.999,,1400,,,,,5,,,
ClassicGumtree,45,2,45,0,0,0,0,0,371,3,0,0.999,,1500,,,,,5,,,
ClassicGumtree,45,2,45,0,0,0,0,0,369,3,0,0.999,,1600,,,,,5,,,
ClassicGumtree,45,2,45,0,0,0,0,0,368,3,0,0.999,,1700,,,,,5,,,
ClassicGumtree,45,2,45,0,0,0,0,0,364,3,0,0.999,,1800,,,,,5,,,
ClassicGumtree,45,2,45,0,0,0,0,0,353,3,0,0.999,,1900,,,,,5,,,
ClassicGumtree,45,2,45,0,0,0,0,0,330,3,0,0.999,,2000,,,,,5,,,
CompleteGumtreeMatcher,58,11,47,2,0,9,0,0,8,3,0,0.1,,100,,,,,1,,,
CompleteGumtreeMatcher,58,11,47,2,0,9,0,0,9,3,0,0.1,,200,,,,,1,,,
CompleteGumtreeMatcher,58,11,47,2,0,9,0,0,9,3,0,0.1,,300,,,,,1,,,
CompleteGumtreeMatcher,58,11,47,2,0,9,0,0,9,3,0,0.1,,400,,,,,1,,,
CompleteGumtreeMatcher,58,11,47,2,0,9,0,0,9,3,0,0.1,,500,,,,,1,,,
CompleteGumtreeMatcher,45,2,45,0,0,0,0,0,396,3,0,0.1,,600,,,,,1,,,
CompleteGumtreeMatcher,45,2,45,0,0,0,0,0,396,3,0,0.1,,700,,,,,1,,,
CompleteGumtreeMatcher,45,2,45,0,0,0,0,0,396,3,0,0.1,,800,,,,,1,,,
CompleteGumtreeMatcher,45,2,45,0,0,0,0,0,388,3,0,0.1,,900,,,,,1,,,
CompleteGumtreeMatcher,45,2,45,0,0,0,0,0,388,3,0,0.1,,1000,,,,,1,,,
CompleteGumtreeMatcher,45,2,45,0,0,0,0,0,388,3,0,0.1,,1100,,,,,1,,,
CompleteGumtreeMatcher,45,2,45,0,0,0,0,0,387,3,0,0.1,,1200,,,,,1,,,
CompleteGumtreeMatcher,45,2,45,0,0,0,0,0,387,3,0,0.1,,1300,,,,,1,,,
CompleteGumtreeMatcher,45,2,45,0,0,0,0,0,387,3,0,0.1,,1400,,,,,1,,,
CompleteGumtreeMatcher,45,2,45,0,0,0,0,0,387,3,0,0.1,,1500,,,,,1,,,
CompleteGumtreeMatcher,45,2,45,0,0,0,0,0,386,3,0,0.1,,1600,,,,,1,,,
CompleteGumtreeMatcher,45,2,45,0,0,0,0,0,386,3,0,0.1,,1700,,,,,1,,,
CompleteGumtreeMatcher,45,2,45,0,0,0,0,0,386,3,0,0.1,,1800,,,,,1,,,
CompleteGumtreeMatcher,45,2,45,0,0,0,0,0,386,3,0,0.1,,1900,,,,,1,,,
CompleteGumtreeMatcher,45,2,45,0,0,0,0,0,387,3,0,0.1,,2000,,,,,1,,,
CompleteGumtreeMatcher,69,8,54,9,0,6,0,0,1,3,0,0.1,,100,,,,,2,,,
CompleteGumtreeMatcher,69,8,54,9,0,6,0,0,1,3,0,0.1,,200,,,,,2,,,
CompleteGumtreeMatcher,69,8,54,9,0,6,0,0,1,3,0,0.1,,300,,,,,2,,,
CompleteGumtreeMatcher,69,8,54,9,0,6,0,0,1,3,0,0.1,,400,,,,,2,,,
CompleteGumtreeMatcher,69,8,54,9,0,6,0,0,1,3,0,0.1,,500,,,,,2,,,
CompleteGumtreeMatcher,45,2,45,0,0,0,0,0,386,3,0,0.1,,600,,,,,2,,,
CompleteGumtreeMatcher,45,2,45,0,0,0,0,0,389,3,0,0.1,,700,,,,,2,,,
CompleteGumtreeMatcher,45,2,45,0,0,0,0,0,387,3,0,0.1,,800,,,,,2,,,
CompleteGumtreeMatcher,45,2,45,0,0,0,0,0,387,3,0,0.1,,900,,,,,2,,,
CompleteGumtreeMatcher,45,2,45,0,0,0,0,0,388,3,0,0.1,,1000,,,,,2,,,
CompleteGumtreeMatcher,45,2,45,0,0,0,0,0,387,3,0,0.1,,1100,,,,,2,,,
CompleteGumtreeMatcher,45,2,45,0,0,0,0,0,388,3,0,0.1,,1200,,,,,2,,,
CompleteGumtreeMatcher,45,2,45,0,0,0,0,0,387,3,0,0.1,,1300,,,,,2,,,
CompleteGumtreeMatcher,45,2,45,0,0,0,0,0,389,3,0,0.1,,1400,,,,,2,,,
CompleteGumtreeMatcher,45,2,45,0,0,0,0,0,387,3,0,0.1,,1500,,,,,2,,,
CompleteGumtreeMatcher,45,2,45,0,0,0,0,0,388,3,0,0.1,,1600,,,,,2,,,
CompleteGumtreeMatcher,45,2,45,0,0,0,0,0,387,3,0,0.1,,1700,,,,,2,,,
CompleteGumtreeMatcher,45,2,45,0,0,0,0,0,387,3,0,0.1,,1800,,,,,2,,,
CompleteGumtreeMatcher,45,2,45,0,0,0,0,0,388,3,0,0.1,,1900,,,,,2,,,
CompleteGumtreeMatcher,45,2,45,0,0,0,0,0,388,3,0,0.1,,2000,,,,,2,,,
CompleteGumtreeMatcher,82,7,61,16,0,5,0,0,1,3,0,0.1,,100,,,,,3,,,
CompleteGumtreeMatcher,82,7,61,16,0,5,0,0,1,3,0,0.1,,200,,,,,3,,,
CompleteGumtreeMatcher,82,7,61,16,0,5,0,0,1,3,0,0.1,,300,,,,,3,,,
CompleteGumtreeMatcher,82,7,61,16,0,5,0,0,1,3,0,0.1,,400,,,,,3,,,
CompleteGumtreeMatcher,82,7,61,16,0,5,0,0,1,3,0,0.1,,500,,,,,3,,,
CompleteGumtreeMatcher,45,2,45,0,0,0,0,0,393,3,0,0.1,,600,,,,,3,,,
CompleteGumtreeMatcher,45,2,45,0,0,0,0,0,392,3,0,0.1,,700,,,,,3,,,
CompleteGumtreeMatcher,45,2,45,0,0,0,0,0,392,3,0,0.1,,800,,,,,3,,,
CompleteGumtreeMatcher,45,2,45,0,0,0,0,0,392,3,0,0.1,,900,,,,,3,,,
CompleteGumtreeMatcher,45,2,45,0,0,0,0,0,393,3,0,0.1,,1000,,,,,3,,,
CompleteGumtreeMatcher,45,2,45,0,0,0,0,0,393,3,0,0.1,,1100,,,,,3,,,
CompleteGumtreeMatcher,45,2,45,0,0,0,0,0,393,3,0,0.1,,1200,,,,,3,,,
CompleteGumtreeMatcher,45,2,45,0,0,0,0,0,393,3,0,0.1,,1300,,,,,3,,,
CompleteGumtreeMatcher,45,2,45,0,0,0,0,0,392,3,0,0.1,,1400,,,,,3,,,
CompleteGumtreeMatcher,45,2,45,0,0,0,0,0,394,3,0,0.1,,1500,,,,,3,,,
CompleteGumtreeMatcher,45,2,45,0,0,0,0,0,387,3,0,0.1,,1600,,,,,3,,,
CompleteGumtreeMatcher,45,2,45,0,0,0,0,0,387,3,0,0.1,,1700,,,,,3,,,
CompleteGumtreeMatcher,45,2,45,0,0,0,0,0,387,3,0,0.1,,1800,,,,,3,,,
CompleteGumtreeMatcher,45,2,45,0,0,0,0,0,387,3,0,0.1,,1900,,,,,3,,,
CompleteGumtreeMatcher,45,2,45,0,0,0,0,0,389,3,0,0.1,,2000,,,,,3,,,
CompleteGumtreeMatcher,82,7,61,16,0,5,0,0,1,3,0,0.1,,100,,,,,4,,,
CompleteGumtreeMatcher,82,7,61,16,0,5,0,0,1,3,0,0.1,,200,,,,,4,,,
CompleteGumtreeMatcher,82,7,61,16,0,5,0,0,1,3,0,0.1,,300,,,,,4,,,
CompleteGumtreeMatcher,82,7,61,16,0,5,0,0,1,3,0,0.1,,400,,,,,4,,,
CompleteGumtreeMatcher,82,7,61,16,0,5,0,0,1,3,0,0.1,,500,,,,,4,,,
CompleteGumtreeMatcher,45,2,45,0,0,0,0,0,387,3,0,0.1,,600,,,,,4,,,
CompleteGumtreeMatcher,45,2,45,0,0,0,0,0,387,3,0,0.1,,700,,,,,4,,,
CompleteGumtreeMatcher,45,2,45,0,0,0,0,0,386,3,0,0.1,,800,,,,,4,,,
CompleteGumtreeMatcher,45,2,45,0,0,0,0,0,386,3,0,0.1,,900,,,,,4,,,
CompleteGumtreeMatcher,45,2,45,0,0,0,0,0,387,3,0,0.1,,1000,,,,,4,,,
CompleteGumtreeMatcher,45,2,45,0,0,0,0,0,395,3,0,0.1,,1100,,,,,4,,,
CompleteGumtreeMatcher,45,2,45,0,0,0,0,0,395,3,0,0.1,,1200,,,,,4,,,
CompleteGumtreeMatcher,45,2,45,0,0,0,0,0,395,3,0,0.1,,1300,,,,,4,,,
CompleteGumtreeMatcher,45,2,45,0,0,0,0,0,395,3,0,0.1,,1400,,,,,4,,,
CompleteGumtreeMatcher,45,2,45,0,0,0,0,0,394,3,0,0.1,,1500,,,,,4,,,
CompleteGumtreeMatcher,45,2,45,0,0,0,0,0,398,3,0,0.1,,1600,,,,,4,,,
CompleteGumtreeMatcher,45,2,45,0,0,0,0,0,395,3,0,0.1,,1700,,,,,4,,,
CompleteGumtreeMatcher,45,2,45,0,0,0,0,0,395,3,0,0.1,,1800,,,,,4,,,
CompleteGumtreeMatcher,45,2,45,0,0,0,0,0,394,3,0,0.1,,1900,,,,,4,,,
CompleteGumtreeMatcher,45,2,45,0,0,0,0,0,396,3,0,0.1,,2000,,,,,4,,,
CompleteGumtreeMatcher,124,5,83,38,0,3,0,0,1,3,0,0.1,,100,,,,,5,,,
CompleteGumtreeMatcher,124,5,83,38,0,3,0,0,1,3,0,0.1,,200,,,,,5,,,
CompleteGumtreeMatcher,124,5,83,38,0,3,0,0,1,3,0,0.1,,300,,,,,5,,,
CompleteGumtreeMatcher,124,5,83,38,0,3,0,0,1,3,0,0.1,,400,,,,,5,,,
CompleteGumtreeMatcher,124,5,83,38,0,3,0,0,1,3,0,0.1,,500,,,,,5,,,
CompleteGumtreeMatcher,45,2,45,0,0,0,0,0,403,3,0,0.1,,600,,,,,5,,,
CompleteGumtreeMatcher,45,2,45,0,0,0,0,0,403,3,0,0.1,,700,,,,,5,,,
CompleteGumtreeMatcher,45,2,45,0,0,0,0,0,404,3,0,0.1,,800,,,,,5,,,
CompleteGumtreeMatcher,45,2,45,0,0,0,0,0,404,3,0,0.1,,900,,,,,5,,,
CompleteGumtreeMatcher,45,2,45,0,0,0,0,0,403,3,0,0.1,,1000,,,,,5,,,
CompleteGumtreeMatcher,45,2,45,0,0,0,0,0,403,3,0,0.1,,1100,,,,,5,,,
CompleteGumtreeMatcher,45,2,45,0,0,0,0,0,404,3,0,0.1,,1200,,,,,5,,,
CompleteGumtreeMatcher,45,2,45,0,0,0,0,0,404,3,0,0.1,,1300,,,,,5,,,
CompleteGumtreeMatcher,45,2,45,0,0,0,0,0,409,3,0,0.1,,1400,,,,,5,,,
CompleteGumtreeMatcher,45,2,45,0,0,0,0,0,404,3,0,0.1,,1500,,,,,5,,,
CompleteGumtreeMatcher,45,2,45,0,0,0,0,0,396,3,0,0.1,,1600,,,,,5,,,
CompleteGumtreeMatcher,45,2,45,0,0,0,0,0,396,3,0,0.1,,1700,,,,,5,,,
CompleteGumtreeMatcher,45,2,45,0,0,0,0,0,395,3,0,0.1,,1800,,,,,5,,,
CompleteGumtreeMatcher,45,2,45,0,0,0,0,0,395,3,0,0.1,,1900,,,,,5,,,
CompleteGumtreeMatcher,45,2,45,0,0,0,0,0,396,3,0,0.1,,2000,,,,,5,,,
CompleteGumtreeMatcher,58,11,47,2,0,9,0,0,1,3,0,0.2,,100,,,,,1,,,
CompleteGumtreeMatcher,58,11,47,2,0,9,0,0,1,3,0,0.2,,200,,,,,1,,,
CompleteGumtreeMatcher,58,11,47,2,0,9,0,0,1,3,0,0.2,,300,,,,,1,,,
CompleteGumtreeMatcher,58,11,47,2,0,9,0,0,1,3,0,0.2,,400,,,,,1,,,
CompleteGumtreeMatcher,58,11,47,2,0,9,0,0,1,3,0,0.2,,500,,,,,1,,,
CompleteGumtreeMatcher,45,2,45,0,0,0,0,0,396,3,0,0.2,,600,,,,,1,,,
CompleteGumtreeMatcher,45,2,45,0,0,0,0,0,396,3,0,0.2,,700,,,,,1,,,
CompleteGumtreeMatcher,45,2,45,0,0,0,0,0,395,3,0,0.2,,800,,,,,1,,,
CompleteGumtreeMatcher,45,2,45,0,0,0,0,0,397,3,0,0.2,,900,,,,,1,,,
CompleteGumtreeMatcher,45,2,45,0,0,0,0,0,402,3,0,0.2,,1000,,,,,1,,,
CompleteGumtreeMatcher,45,2,45,0,0,0,0,0,395,3,0,0.2,,1100,,,,,1,,,
CompleteGumtreeMatcher,45,2,45,0,0,0,0,0,395,3,0,0.2,,1200,,,,,1,,,
CompleteGumtreeMatcher,45,2,45,0,0,0,0,0,395,3,0,0.2,,1300,,,,,1,,,
CompleteGumtreeMatcher,45,2,45,0,0,0,0,0,395,3,0,0.2,,1400,,,,,1,,,
CompleteGumtreeMatcher,45,2,45,0,0,0,0,0,394,3,0,0.2,,1500,,,,,1,,,
CompleteGumtreeMatcher,45,2,45,0,0,0,0,0,395,3,0,0.2,,1600,,,,,1,,,
CompleteGumtreeMatcher,45,2,45,0,0,0,0,0,395,3,0,0.2,,1700,,,,,1,,,
CompleteGumtreeMatcher,45,2,45,0,0,0,0,0,395,3,0,0.2,,1800,,,,,1,,,
CompleteGumtreeMatcher,45,2,45,0,0,0,0,0,396,3,0,0.2,,1900,,,,,1,,,
CompleteGumtreeMatcher,45,2,45,0,0,0,0,0,401,3,0,0.2,,2000,,,,,1,,,
CompleteGumtreeMatcher,69,8,54,9,0,6,0,0,1,3,0,0.2,,100,,,,,2,,,
CompleteGumtreeMatcher,69,8,54,9,0,6,0,0,1,3,0,0.2,,200,,,,,2,,,
CompleteGumtreeMatcher,69,8,54,9,0,6,0,0,1,3,0,0.2,,300,,,,,2,,,
CompleteGumtreeMatcher,69,8,54,9,0,6,0,0,1,3,0,0.2,,400,,,,,2,,,
CompleteGumtreeMatcher,69,8,54,9,0,6,0,0,1,3,0,0.2,,500,,,,,2,,,
CompleteGumtreeMatcher,45,2,45,0,0,0,0,0,395,3,0,0.2,,600,,,,,2,,,
CompleteGumtreeMatcher,45,2,45,0,0,0,0,0,395,3,0,0.2,,700,,,,,2,,,
CompleteGumtreeMatcher,45,2,45,0,0,0,0,0,395,3,0,0.2,,800,,,,,2,,,
CompleteGumtreeMatcher,45,2,45,0,0,0,0,0,396,3,0,0.2,,900,,,,,2,,,
CompleteGumtreeMatcher,45,2,45,0,0,0,0,0,396,3,0,0.2,,1000,,,,,2,,,
CompleteGumtreeMatcher,45,2,45,0,0,0,0,0,395,3,0,0.2,,1100,,,,,2,,,
CompleteGumtreeMatcher,45,2,45,0,0,0,0,0,395,3,0,0.2,,1200,,,,,2,,,
CompleteGumtreeMatcher,45,2,45,0,0,0,0,0,396,3,0,0.2,,1300,,,,,2,,,
CompleteGumtreeMatcher,45,2,45,0,0,0,0,0,397,3,0,0.2,,1400,,,,,2,,,
CompleteGumtreeMatcher,45,2,45,0,0,0,0,0,402,3,0,0.2,,1500,,,,,2,,,
CompleteGumtreeMatcher,45,2,45,0,0,0,0,0,395,3,0,0.2,,1600,,,,,2,,,
CompleteGumtreeMatcher,45,2,45,0,0,0,0,0,395,3,0,0.2,,1700,,,,,2,,,
CompleteGumtreeMatcher,45,2,45,0,0,0,0,0,395,3,0,0.2,,1800,,,,,2,,,
CompleteGumtreeMatcher,45,2,45,0,0,0,0,0,395,3,0,0.2,,1900,,,,,2,,,
CompleteGumtreeMatcher,45,2,45,0,0,0,0,0,395,3,0,0.2,,2000,,,,,2,,,
CompleteGumtreeMatcher,82,7,61,16,0,5,0,0,1,3,0,0.2,,100,,,,,3,,,
CompleteGumtreeMatcher,82,7,61,16,0,5,0,0,1,3,0,0.2,,200,,,,,3,,,
CompleteGumtreeMatcher,82,7,61,16,0,5,0,0,1,3,0,0.2,,300,,,,,3,,,
CompleteGumtreeMatcher,82,7,61,16,0,5,0,0,1,3,0,0.2,,400,,,,,3,,,
CompleteGumtreeMatcher,82,7,61,16,0,5,0,0,1,3,0,0.2,,500,,,,,3,,,
CompleteGumtreeMatcher,45,2,45,0,0,0,0,0,395,3,0,0.2,,600,,,,,3,,,
CompleteGumtreeMatcher,45,2,45,0,0,0,0,0,395,3,0,0.2,,700,,,,,3,,,
CompleteGumtreeMatcher,45,2,45,0,0,0,0,0,395,3,0,0.2,,800,,,,,3,,,
CompleteGumtreeMatcher,45,2,45,0,0,0,0,0,395,3,0,0.2,,900,,,,,3,,,
CompleteGumtreeMatcher,45,2,45,0,0,0,0,0,397,3,0,0.2,,1000,,,,,3,,,
CompleteGumtreeMatcher,45,2,45,0,0,0,0,0,386,3,0,0.2,,1100,,,,,3,,,
CompleteGumtreeMatcher,45,2,45,0,0,0,0,0,386,3,0,0.2,,1200,,,,,3,,,
CompleteGumtreeMatcher,45,2,45,0,0,0,0,0,386,3,0,0.2,,1300,,,,,3,,,
CompleteGumtreeMatcher,45,2,45,0,0,0,0,0,386,3,0,0.2,,1400,,,,,3,,,
CompleteGumtreeMatcher,45,2,45,0,0,0,0,0,387,3,0,0.2,,1500,,,,,3,,,
CompleteGumtreeMatcher,45,2,45,0,0,0,0,0,386,3,0,0.2,,1600,,,,,3,,,
CompleteGumtreeMatcher,45,2,45,0,0,0,0,0,386,3,0,0.2,,1700,,,,,3,,,
CompleteGumtreeMatcher,45,2,45,0,0,0,0,0,386,3,0,0.2,,1800,,,,,3,,,
CompleteGumtreeMatcher,45,2,45,0,0,0,0,0,387,3,0,0.2,,1900,,,,,3,,,
CompleteGumtreeMatcher,45,2,45,0,0,0,0,0,387,3,0,0.2,,2000,,,,,3,,,
CompleteGumtreeMatcher,82,7,61,16,0,5,0,0,1,3,0,0.2,,100,,,,,4,,,
CompleteGumtreeMatcher,82,7,61,16,0,5,0,0,1,3,0,0.2,,200,,,,,4,,,
CompleteGumtreeMatcher,82,7,61,16,0,5,0,0,1,3,0,0.2,,300,,,,,4,,,
CompleteGumtreeMatcher,82,7,61,16,0,5,0,0,1,3,0,0.2,,400,,,,,4,,,
CompleteGumtreeMatcher,82,7,61,16,0,5,0,0,1,3,0,0.2,,500,,,,,4,,,
CompleteGumtreeMatcher,45,2,45,0,0,0,0,0,386,3,0,0.2,,600,,,,,4,,,
CompleteGumtreeMatcher,45,2,45,0,0,0,0,0,386,3,0,0.2,,700,,,,,4,,,
CompleteGumtreeMatcher,45,2,45,0,0,0,0,0,386,3,0,0.2,,800,,,,,4,,,
CompleteGumtreeMatcher,45,2,45,0,0,0,0,0,386,3,0,0.2,,900,,,,,4,,,
CompleteGumtreeMatcher,45,2,45,0,0,0,0,0,386,3,0,0.2,,1000,,,,,4,,,
CompleteGumtreeMatcher,45,2,45,0,0,0,0,0,386,3,0,0.2,,1100,,,,,4,,,
CompleteGumtreeMatcher,45,2,45,0,0,0,0,0,386,3,0,0.2,,1200,,,,,4,,,
CompleteGumtreeMatcher,45,2,45,0,0,0,0,0,387,3,0,0.2,,1300,,,,,4,,,
CompleteGumtreeMatcher,45,2,45,0,0,0,0,0,387,3,0,0.2,,1400,,,,,4,,,
CompleteGumtreeMatcher,45,2,45,0,0,0,0,0,388,3,0,0.2,,1500,,,,,4,,,
CompleteGumtreeMatcher,45,2,45,0,0,0,0,0,392,3,0,0.2,,1600,,,,,4,,,
CompleteGumtreeMatcher,45,2,45,0,0,0,0,0,393,3,0,0.2,,1700,,,,,4,,,
CompleteGumtreeMatcher,45,2,45,0,0,0,0,0,392,3,0,0.2,,1800,,,,,4,,,
CompleteGumtreeMatcher,45,2,45,0,0,0,0,0,392,3,0,0.2,,1900,,,,,4,,,
CompleteGumtreeMatcher,45,2,45,0,0,0,0,0,392,3,0,0.2,,2000,,,,,4,,,
CompleteGumtreeMatcher,124,5,83,38,0,3,0,0,1,3,0,0.2,,100,,,,,5,,,
CompleteGumtreeMatcher,124,5,83,38,0,3,0,0,1,3,0,0.2,,200,,,,,5,,,
CompleteGumtreeMatcher,124,5,83,38,0,3,0,0,0,3,0,0.2,,300,,,,,5,,,
CompleteGumtreeMatcher,124,5,83,38,0,3,0,0,1,3,0,0.2,,400,,,,,5,,,
CompleteGumtreeMatcher,124,5,83,38,0,3,0,0,1,3,0,0.2,,500,,,,,5,,,
CompleteGumtreeMatcher,45,2,45,0,0,0,0,0,393,3,0,0.2,,600,,,,,5,,,
CompleteGumtreeMatcher,45,2,45,0,0,0,0,0,393,3,0,0.2,,700,,,,,5,,,
CompleteGumtreeMatcher,45,2,45,0,0,0,0,0,392,3,0,0.2,,800,,,,,5,,,
CompleteGumtreeMatcher,45,2,45,0,0,0,0,0,393,3,0,0.2,,900,,,,,5,,,
CompleteGumtreeMatcher,45,2,45,0,0,0,0,0,393,3,0,0.2,,1000,,,,,5,,,
CompleteGumtreeMatcher,45,2,45,0,0,0,0,0,387,3,0,0.2,,1100,,,,,5,,,
CompleteGumtreeMatcher,45,2,45,0,0,0,0,0,385,3,0,0.2,,1200,,,,,5,,,
CompleteGumtreeMatcher,45,2,45,0,0,0,0,0,386,3,0,0.2,,1300,,,,,5,,,
CompleteGumtreeMatcher,45,2,45,0,0,0,0,0,386,3,0,0.2,,1400,,,,,5,,,
CompleteGumtreeMatcher,45,2,45,0,0,0,0,0,386,3,0,0.2,,1500,,,,,5,,,
CompleteGumtreeMatcher,45,2,45,0,0,0,0,0,386,3,0,0.2,,1600,,,,,5,,,
CompleteGumtreeMatcher,45,2,45,0,0,0,0,0,386,3,0,0.2,,1700,,,,,5,,,
CompleteGumtreeMatcher,45,2,45,0,0,0,0,0,386,3,0,0.2,,1800,,,,,5,,,
CompleteGumtreeMatcher,45,2,45,0,0,0,0,0,387,3,0,0.2,,1900,,,,,5,,,
CompleteGumtreeMatcher,45,2,45,0,0,0,0,0,386,3,0,0.2,,2000,,,,,5,,,
CompleteGumtreeMatcher,58,11,47,2,0,9,0,0,1,3,0,0.3,,100,,,,,1,,,
CompleteGumtreeMatcher,58,11,47,2,0,9,0,0,1,3,0,0.3,,200,,,,,1,,,
CompleteGumtreeMatcher,58,11,47,2,0,9,0,0,1,3,0,0.3,,300,,,,,1,,,
CompleteGumtreeMatcher,58,11,47,2,0,9,0,0,1,3,0,0.3,,400,,,,,1,,,
CompleteGumtreeMatcher,58,11,47,2,0,9,0,0,1,3,0,0.3,,500,,,,,1,,,
CompleteGumtreeMatcher,45,2,45,0,0,0,0,0,386,3,0,0.3,,600,,,,,1,,,
CompleteGumtreeMatcher,45,2,45,0,0,0,0,0,386,3,0,0.3,,700,,,,,1,,,
CompleteGumtreeMatcher,45,2,45,0,0,0,0,0,386,3,0,0.3,,800,,,,,1,,,
CompleteGumtreeMatcher,45,2,45,0,0,0,0,0,386,3,0,0.3,,900,,,,,1,,,
CompleteGumtreeMatcher,45,2,45,0,0,0,0,0,386,3,0,0.3,,1000,,,,,1,,,
CompleteGumtreeMatcher,45,2,45,0,0,0,0,0,386,3,0,0.3,,1100,,,,,1,,,
CompleteGumtreeMatcher,45,2,45,0,0,0,0,0,386,3,0,0.3,,1200,,,,,1,,,
CompleteGumtreeMatcher,45,2,45,0,0,0,0,0,386,3,0,0.3,,1300,,,,,1,,,
CompleteGumtreeMatcher,45,2,45,0,0,0,0,0,387,3,0,0.3,,1400,,,,,1,,,
CompleteGumtreeMatcher,45,2,45,0,0,0,0,0,386,3,0,0.3,,1500,,,,,1,,,
CompleteGumtreeMatcher,45,2,45,0,0,0,0,0,386,3,0,0.3,,1600,,,,,1,,,
CompleteGumtreeMatcher,45,2,45,0,0,0,0,0,385,3,0,0.3,,1700,,,,,1,,,
CompleteGumtreeMatcher,45,2,45,0,0,0,0,0,386,3,0,0.3,,1800,,,,,1,,,
CompleteGumtreeMatcher,45,2,45,0,0,0,0,0,386,3,0,0.3,,1900,,,,,1,,,
CompleteGumtreeMatcher,45,2,45,0,0,0,0,0,386,3,0,0.3,,2000,,,,,1,,,
CompleteGumtreeMatcher,69,8,54,9,0,6,0,0,1,3,0,0.3,,100,,,,,2,,,
CompleteGumtreeMatcher,69,8,54,9,0,6,0,0,1,3,0,0.3,,200,,,,,2,,,
CompleteGumtreeMatcher,69,8,54,9,0,6,0,0,1,3,0,0.3,,300,,,,,2,,,
CompleteGumtreeMatcher,69,8,54,9,0,6,0,0,1,3,0,0.3,,400,,,,,2,,,
CompleteGumtreeMatcher,69,8,54,9,0,6,0,0,1,3,0,0.3,,500,,,,,2,,,
CompleteGumtreeMatcher,45,2,45,0,0,0,0,0,386,3,0,0.3,,600,,,,,2,,,
CompleteGumtreeMatcher,45,2,45,0,0,0,0,0,386,3,0,0.3,,700,,,,,2,,,
CompleteGumtreeMatcher,45,2,45,0,0,0,0,0,386,3,0,0.3,,800,,,,,2,,,
CompleteGumtreeMatcher,45,2,45,0,0,0,0,0,387,3,0,0.3,,900,,,,,2,,,
CompleteGumtreeMatcher,45,2,45,0,0,0,0,0,386,3,0,0.3,,1000,,,,,2,,,
CompleteGumtreeMatcher,45,2,45,0,0,0,0,0,400,3,0,0.3,,1100,,,,,2,,,
CompleteGumtreeMatcher,45,2,45,0,0,0,0,0,399,3,0,0.3,,1200,,,,,2,,,
CompleteGumtreeMatcher,45,2,45,0,0,0,0,0,399,3,0,0.3,,1300,,,,,2,,,
CompleteGumtreeMatcher,45,2,45,0,0,0,0,0,399,3,0,0.3,,1400,,,,,2,,,
CompleteGumtreeMatcher,45,2,45,0,0,0,0,0,399,3,0,0.3,,1500,,,,,2,,,
CompleteGumtreeMatcher,45,2,45,0,0,0,0,0,399,3,0,0.3,,1600,,,,,2,,,
CompleteGumtreeMatcher,45,2,45,0,0,0,0,0,399,3,0,0.3,,1700,,,,,2,,,
CompleteGumtreeMatcher,45,2,45,0,0,0,0,0,399,3,0,0.3,,1800,,,,,2,,,
CompleteGumtreeMatcher,45,2,45,0,0,0,0,0,401,3,0,0.3,,1900,,,,,2,,,
CompleteGumtreeMatcher,45,2,45,0,0,0,0,0,399,3,0,0.3,,2000,,,,,2,,,
CompleteGumtreeMatcher,82,7,61,16,0,5,0,0,1,3,0,0.3,,100,,,,,3,,,
CompleteGumtreeMatcher,82,7,61,16,0,5,0,0,1,3,0,0.3,,200,,,,,3,,,
CompleteGumtreeMatcher,82,7,61,16,0,5,0,0,1,3,0,0.3,,300,,,,,3,,,
CompleteGumtreeMatcher,82,7,61,16,0,5,0,0,1,3,0,0.3,,400,,,,,3,,,
CompleteGumtreeMatcher,82,7,61,16,0,5,0,0,1,3,0,0.3,,500,,,,,3,,,
CompleteGumtreeMatcher,45,2,45,0,0,0,0,0,386,3,0,0.3,,600,,,,,3,,,
CompleteGumtreeMatcher,45,2,45,0,0,0,0,0,386,3,0,0.3,,700,,,,,3,,,
CompleteGumtreeMatcher,45,2,45,0,0,0,0,0,385,3,0,0.3,,800,,,,,3,,,
CompleteGumtreeMatcher,45,2,45,0,0,0,0,0,386,3,0,0.3,,900,,,,,3,,,
CompleteGumtreeMatcher,45,2,45,0,0,0,0,0,386,3,0,0.3,,1000,,,,,3,,,
CompleteGumtreeMatcher,45,2,45,0,0,0,0,0,386,3,0,0.3,,1100,,,,,3,,,
CompleteGumtreeMatcher,45,2,45,0,0,0,0,0,386,3,0,0.3,,1200,,,,,3,,,
CompleteGumtreeMatcher,45,2,45,0,0,0,0,0,386,3,0,0.3,,1300,,,,,3,,,
CompleteGumtreeMatcher,45,2,45,0,0,0,0,0,387,3,0,0.3,,1400,,,,,3,,,
CompleteGumtreeMatcher,45,2,45,0,0,0,0,0,385,3,0,0.3,,1500,,,,,3,,,
CompleteGumtreeMatcher,45,2,45,0,0,0,0,0,386,3,0,0.3,,1600,,,,,3,,,
CompleteGumtreeMatcher,45,2,45,0,0,0,0,0,385,3,0,0.3,,1700,,,,,3,,,
CompleteGumtreeMatcher,45,2,45,0,0,0,0,0,385,3,0,0.3,,1800,,,,,3,,,
CompleteGumtreeMatcher,45,2,45,0,0,0,0,0,385,3,0,0.3,,1900,,,,,3,,,
CompleteGumtreeMatcher,45,2,45,0,0,0,0,0,386,3,0,0.3,,2000,,,,,3,,,
CompleteGumtreeMatcher,82,7,61,16,0,5,0,0,0,3,0,0.3,,100,,,,,4,,,
CompleteGumtreeMatcher,82,7,61,16,0,5,0,0,1,3,0,0.3,,200,,,,,4,,,
CompleteGumtreeMatcher,82,7,61,16,0,5,0,0,1,3,0,0.3,,300,,,,,4,,,
CompleteGumtreeMatcher,82,7,61,16,0,5,0,0,1,3,0,0.3,,400,,,,,4,,,
CompleteGumtreeMatcher,82,7,61,16,0,5,0,0,0,3,0,0.3,,500,,,,,4,,,
CompleteGumtreeMatcher,45,2,45,0,0,0,0,0,386,3,0,0.3,,600,,,,,4,,,
CompleteGumtreeMatcher,45,2,45,0,0,0,0,0,386,3,0,0.3,,700,,,,,4,,,
CompleteGumtreeMatcher,45,2,45,0,0,0,0,0,386,3,0,0.3,,800,,,,,4,,,
CompleteGumtreeMatcher,45,2,45,0,0,0,0,0,386,3,0,0.3,,900,,,,,4,,,
CompleteGumtreeMatcher,45,2,45,0,0,0,0,0,386,3,0,0.3,,1000,,,,,4,,,
CompleteGumtreeMatcher,45,2,45,0,0,0,0,0,392,3,0,0.3,,1100,,,,,4,,,
CompleteGumtreeMatcher,45,2,45,0,0,0,0,0,392,3,0,0.3,,1200,,,,,4,,,
CompleteGumtreeMatcher,45,2,45,0,0,0,0,0,392,3,0,0.3,,1300,,,,,4,,,
CompleteGumtreeMatcher,45,2,45,0,0,0,0,0,392,3,0,0.3,,1400,,,,,4,,,
CompleteGumtreeMatcher,45,2,45,0,0,0,0,0,391,3,0,0.3,,1500,,,,,4,,,
CompleteGumtreeMatcher,45,2,45,0,0,0,0,0,391,3,0,0.3,,1600,,,,,4,,,
CompleteGumtreeMatcher,45,2,45,0,0,0,0,0,392,3,0,0.3,,1700,,,,,4,,,
CompleteGumtreeMatcher,45,2,45,0,0,0,0,0,391,3,0,0.3,,1800,,,,,4,,,
CompleteGumtreeMatcher,45,2,45,0,0,0,0,0,393,3,0,0.3,,1900,,,,,4,,,
CompleteGumtreeMatcher,45,2,45,0,0,0,0,0,392,3,0,0.3,,2000,,,,,4,,,
CompleteGumtreeMatcher,124,5,83,38,0,3,0,0,1,3,0,0.3,,100,,,,,5,,,
CompleteGumtreeMatcher,124,5,83,38,0,3,0,0,1,3,0,0.3,,200,,,,,5,,,
CompleteGumtreeMatcher,124,5,83,38,0,3,0,0,1,3,0,0.3,,300,,,,,5,,,
CompleteGumtreeMatcher,124,5,83,38,0,3,0,0,1,3,0,0.3,,400,,,,,5,,,
CompleteGumtreeMatcher,124,5,83,38,0,3,0,0,1,3,0,0.3,,500,,,,,5,,,
CompleteGumtreeMatcher,45,2,45,0,0,0,0,0,387,3,0,0.3,,600,,,,,5,,,
CompleteGumtreeMatcher,45,2,45,0,0,0,0,0,385,3,0,0.3,,700,,,,,5,,,
CompleteGumtreeMatcher,45,2,45,0,0,0,0,0,387,3,0,0.3,,800,,,,,5,,,
CompleteGumtreeMatcher,45,2,45,0,0,0,0,0,386,3,0,0.3,,900,,,,,5,,,
CompleteGumtreeMatcher,45,2,45,0,0,0,0,0,390,3,0,0.3,,1000,,,,,5,,,
CompleteGumtreeMatcher,45,2,45,0,0,0,0,0,386,3,0,0.3,,1100,,,,,5,,,
CompleteGumtreeMatcher,45,2,45,0,0,0,0,0,386,3,0,0.3,,1200,,,,,5,,,
CompleteGumtreeMatcher,45,2,45,0,0,0,0,0,386,3,0,0.3,,1300,,,,,5,,,
CompleteGumtreeMatcher,45,2,45,0,0,0,0,0,387,3,0,0.3,,1400,,,,,5,,,
CompleteGumtreeMatcher,45,2,45,0,0,0,0,0,386,3,0,0.3,,1500,,,,,5,,,
CompleteGumtreeMatcher,45,2,45,0,0,0,0,0,386,3,0,0.3,,1600,,,,,5,,,
CompleteGumtreeMatcher,45,2,45,0,0,0,0,0,385,3,0,0.3,,1700,,,,,5,,,
CompleteGumtreeMatcher,45,2,45,0,0,0,0,0,385,3,0,0.3,,1800,,,,,5,,,
CompleteGumtreeMatcher,45,2,45,0,0,0,0,0,386,3,0,0.3,,1900,,,,,5,,,
CompleteGumtreeMatcher,45,2,45,0,0,0,0,0,385,3,0,0.3,,2000,,,,,5,,,
CompleteGumtreeMatcher,58,11,47,2,0,9,0,0,1,3,0,0.4,,100,,,,,1,,,
CompleteGumtreeMatcher,58,11,47,2,0,9,0,0,1,3,0,0.4,,200,,,,,1,,,
CompleteGumtreeMatcher,58,11,47,2,0,9,0,0,0,3,0,0.4,,300,,,,,1,,,
CompleteGumtreeMatcher,58,11,47,2,0,9,0,0,1,3,0,0.4,,400,,,,,1,,,
CompleteGumtreeMatcher,58,11,47,2,0,9,0,0,1,3,0,0.4,,500,,,,,1,,,
CompleteGumtreeMatcher,45,2,45,0,0,0,0,0,387,3,0,0.4,,600,,,,,1,,,
CompleteGumtreeMatcher,45,2,45,0,0,0,0,0,386,3,0,0.4,,700,,,,,1,,,
CompleteGumtreeMatcher,45,2,45,0,0,0,0,0,386,3,0,0.4,,800,,,,,1,,,
CompleteGumtreeMatcher,45,2,45,0,0,0,0,0,387,3,0,0.4,,900,,,,,1,,,
CompleteGumtreeMatcher,45,2,45,0,0,0,0,0,386,3,0,0.4,,1000,,,,,1,,,
CompleteGumtreeMatcher,45,2,45,0,0,0,0,0,386,3,0,0.4,,1100,,,,,1,,,
CompleteGumtreeMatcher,45,2,45,0,0,0,0,0,386,3,0,0.4,,1200,,,,,1,,,
CompleteGumtreeMatcher,45,2,45,0,0,0,0,0,386,3,0,0.4,,1300,,,,,1,,,
CompleteGumtreeMatcher,45,2,45,0,0,0,0,0,385,3,0,0.4,,1400,,,,,1,,,
CompleteGumtreeMatcher,45,2,45,0,0,0,0,0,386,3,0,0.4,,1500,,,,,1,,,
CompleteGumtreeMatcher,45,2,45,0,0,0,0,0,389,3,0,0.4,,1600,,,,,1,,,
CompleteGumtreeMatcher,45,2,45,0,0,0,0,0,386,3,0,0.4,,1700,,,,,1,,,
CompleteGumtreeMatcher,45,2,45,0,0,0,0,0,386,3,0,0.4,,1800,,,,,1,,,
CompleteGumtreeMatcher,45,2,45,0,0,0,0,0,387,3,0,0.4,,1900,,,,,1,,,
CompleteGumtreeMatcher,45,2,45,0,0,0,0,0,385,3,0,0.4,,2000,,,,,1,,,
CompleteGumtreeMatcher,69,8,54,9,0,6,0,0,1,3,0,0.4,,100,,,,,2,,,
CompleteGumtreeMatcher,69,8,54,9,0,6,0,0,1,3,0,0.4,,200,,,,,2,,,
CompleteGumtreeMatcher,69,8,54,9,0,6,0,0,0,3,0,0.4,,300,,,,,2,,,
CompleteGumtreeMatcher,69,8,54,9,0,6,0,0,1,3,0,0.4,,400,,,,,2,,,
CompleteGumtreeMatcher,69,8,54,9,0,6,0,0,1,3,0,0.4,,500,,,,,2,,,
CompleteGumtreeMatcher,45,2,45,0,0,0,0,0,403,3,0,0.4,,600,,,,,2,,,
CompleteGumtreeMatcher,45,2,45,0,0,0,0,0,403,3,0,0.4,,700,,,,,2,,,
CompleteGumtreeMatcher,45,2,45,0,0,0,0,0,403,3,0,0.4,,800,,,,,2,,,
CompleteGumtreeMatcher,45,2,45,0,0,0,0,0,403,3,0,0.4,,900,,,,,2,,,
CompleteGumtreeMatcher,45,2,45,0,0,0,0,0,403,3,0,0.4,,1000,,,,,2,,,
CompleteGumtreeMatcher,45,2,45,0,0,0,0,0,402,3,0,0.4,,1100,,,,,2,,,
CompleteGumtreeMatcher,45,2,45,0,0,0,0,0,403,3,0,0.4,,1200,,,,,2,,,
CompleteGumtreeMatcher,45,2,45,0,0,0,0,0,403,3,0,0.4,,1300,,,,,2,,,
CompleteGumtreeMatcher,45,2,45,0,0,0,0,0,403,3,0,0.4,,1400,,,,,2,,,
CompleteGumtreeMatcher,45,2,45,0,0,0,0,0,403,3,0,0.4,,1500,,,,,2,,,
CompleteGumtreeMatcher,45,2,45,0,0,0,0,0,386,3,0,0.4,,1600,,,,,2,,,
CompleteGumtreeMatcher,45,2,45,0,0,0,0,0,386,3,0,0.4,,1700,,,,,2,,,
CompleteGumtreeMatcher,45,2,45,0,0,0,0,0,386,3,0,0.4,,1800,,,,,2,,,
CompleteGumtreeMatcher,45,2,45,0,0,0,0,0,386,3,0,0.4,,1900,,,,,2,,,
CompleteGumtreeMatcher,45,2,45,0,0,0,0,0,386,3,0,0.4,,2000,,,,,2,,,
CompleteGumtreeMatcher,82,7,61,16,0,5,0,0,1,3,0,0.4,,100,,,,,3,,,
CompleteGumtreeMatcher,82,7,61,16,0,5,0,0,1,3,0,0.4,,200,,,,,3,,,
CompleteGumtreeMatcher,82,7,61,16,0,5,0,0,1,3,0,0.4,,300,,,,,3,,,
CompleteGumtreeMatcher,82,7,61,16,0,5,0,0,1,3,0,0.4,,400,,,,,3,,,
CompleteGumtreeMatcher,82,7,61,16,0,5,0,0,1,3,0,0.4,,500,,,,,3,,,
CompleteGumtreeMatcher,45,2,45,0,0,0,0,0,386,3,0,0.4,,600,,,,,3,,,
CompleteGumtreeMatcher,45,2,45,0,0,0,0,0,386,3,0,0.4,,700,,,,,3,,,
CompleteGumtreeMatcher,45,2,45,0,0,0,0,0,386,3,0,0.4,,800,,,,,3,,,
CompleteGumtreeMatcher,45,2,45,0,0,0,0,0,388,3,0,0.4,,900,,,,,3,,,
CompleteGumtreeMatcher,45,2,45,0,0,0,0,0,386,3,0,0.4,,1000,,,,,3,,,
CompleteGumtreeMatcher,45,2,45,0,0,0,0,0,386,3,0,0.4,,1100,,,,,3,,,
CompleteGumtreeMatcher,45,2,45,0,0,0,0,0,386,3,0,0.4,,1200,,,,,3,,,
CompleteGumtreeMatcher,45,2,45,0,0,0,0,0,386,3,0,0.4,,1300,,,,,3,,,
CompleteGumtreeMatcher,45,2,45,0,0,0,0,0,386,3,0,0.4,,1400,,,,,3,,,
CompleteGumtreeMatcher,45,2,45,0,0,0,0,0,386,3,0,0.4,,1500,,,,,3,,,
CompleteGumtreeMatcher,45,2,45,0,0,0,0,0,386,3,0,0.4,,1600,,,,,3,,,
CompleteGumtreeMatcher,45,2,45,0,0,0,0,0,387,3,0,0.4,,1700,,,,,3,,,
CompleteGumtreeMatcher,45,2,45,0,0,0,0,0,387,3,0,0.4,,1800,,,,,3,,,
CompleteGumtreeMatcher,45,2,45,0,0,0,0,0,387,3,0,0.4,,1900,,,,,3,,,
CompleteGumtreeMatcher,45,2,45,0,0,0,0,0,386,3,0,0.4,,2000,,,,,3,,,
CompleteGumtreeMatcher,82,7,61,16,0,5,0,0,1,3,0,0.4,,100,,,,,4,,,
CompleteGumtreeMatcher,82,7,61,16,0,5,0,0,1,3,0,0.4,,200,,,,,4,,,
CompleteGumtreeMatcher,82,7,61,16,0,5,0,0,1,3,0,0.4,,300,,,,,4,,,
CompleteGumtreeMatcher,82,7,61,16,0,5,0,0,1,3,0,0.4,,400,,,,,4,,,
CompleteGumtreeMatcher,82,7,61,16,0,5,0,0,1,3,0,0.4,,500,,,,,4,,,
CompleteGumtreeMatcher,45,2,45,0,0,0,0,0,386,3,0,0.4,,600,,,,,4,,,
CompleteGumtreeMatcher,45,2,45,0,0,0,0,0,387,3,0,0.4,,700,,,,,4,,,
CompleteGumtreeMatcher,45,2,45,0,0,0,0,0,386,3,0,0.4,,800,,,,,4,,,
CompleteGumtreeMatcher,45,2,45,0,0,0,0,0,386,3,0,0.4,,900,,,,,4,,,
CompleteGumtreeMatcher,45,2,45,0,0,0,0,0,386,3,0,0.4,,1000,,,,,4,,,
CompleteGumtreeMatcher,45,2,45,0,0,0,0,0,387,3,0,0.4,,1100,,,,,4,,,
CompleteGumtreeMatcher,45,2,45,0,0,0,0,0,386,3,0,0.4,,1200,,,,,4,,,
CompleteGumtreeMatcher,45,2,45,0,0,0,0,0,386,3,0,0.4,,1300,,,,,4,,,
CompleteGumtreeMatcher,45,2,45,0,0,0,0,0,387,3,0,0.4,,1400,,,,,4,,,
CompleteGumtreeMatcher,45,2,45,0,0,0,0,0,386,3,0,0.4,,1500,,,,,4,,,
CompleteGumtreeMatcher,45,2,45,0,0,0,0,0,397,3,0,0.4,,1600,,,,,4,,,
CompleteGumtreeMatcher,45,2,45,0,0,0,0,0,397,3,0,0.4,,1700,,,,,4,,,
CompleteGumtreeMatcher,45,2,45,0,0,0,0,0,397,3,0,0.4,,1800,,,,,4,,,
CompleteGumtreeMatcher,45,2,45,0,0,0,0,0,397,3,0,0.4,,1900,,,,,4,,,
CompleteGumtreeMatcher,45,2,45,0,0,0,0,0,396,3,0,0.4,,2000,,,,,4,,,
CompleteGumtreeMatcher,124,5,83,38,0,3,0,0,1,3,0,0.4,,100,,,,,5,,,
CompleteGumtreeMatcher,124,5,83,38,0,3,0,0,1,3,0,0.4,,200,,,,,5,,,
CompleteGumtreeMatcher,124,5,83,38,0,3,0,0,1,3,0,0.4,,300,,,,,5,,,
CompleteGumtreeMatcher,124,5,83,38,0,3,0,0,1,3,0,0.4,,400,,,,,5,,,
CompleteGumtreeMatcher,124,5,83,38,0,3,0,0,1,3,0,0.4,,500,,,,,5,,,
CompleteGumtreeMatcher,45,2,45,0,0,0,0,0,396,3,0,0.4,,600,,,,,5,,,
CompleteGumtreeMatcher,45,2,45,0,0,0,0,0,396,3,0,0.4,,700,,,,,5,,,
CompleteGumtreeMatcher,45,2,45,0,0,0,0,0,396,3,0,0.4,,800,,,,,5,,,
CompleteGumtreeMatcher,45,2,45,0,0,0,0,0,398,3,0,0.4,,900,,,,,5,,,
CompleteGumtreeMatcher,45,2,45,0,0,0,0,0,397,3,0,0.4,,1000,,,,,5,,,
CompleteGumtreeMatcher,45,2,45,0,0,0,0,0,386,3,0,0.4,,1100,,,,,5,,,
CompleteGumtreeMatcher,45,2,45,0,0,0,0,0,385,3,0,0.4,,1200,,,,,5,,,
CompleteGumtreeMatcher,45,2,45,0,0,0,0,0,386,3,0,0.4,,1300,,,,,5,,,
CompleteGumtreeMatcher,45,2,45,0,0,0,0,0,386,3,0,0.4,,1400,,,,,5,,,
CompleteGumtreeMatcher,45,2,45,0,0,0,0,0,389,3,0,0.4,,1500,,,,,5,,,
CompleteGumtreeMatcher,45,2,45,0,0,0,0,0,386,3,0,0.4,,1600,,,,,5,,,
CompleteGumtreeMatcher,45,2,45,0,0,0,0,0,386,3,0,0.4,,1700,,,,,5,,,
CompleteGumtreeMatcher,45,2,45,0,0,0,0,0,386,3,0,0.4,,1800,,,,,5,,,
CompleteGumtreeMatcher,45,2,45,0,0,0,0,0,387,3,0,0.4,,1900,,,,,5,,,
CompleteGumtreeMatcher,45,2,45,0,0,0,0,0,386,3,0,0.4,,2000,,,,,5,,,
CompleteGumtreeMatcher,58,11,47,2,0,9,0,0,1,3,0,0.5,,100,,,,,1,,,
CompleteGumtreeMatcher,58,11,47,2,0,9,0,0,1,3,0,0.5,,200,,,,,1,,,
CompleteGumtreeMatcher,58,11,47,2,0,9,0,0,0,3,0,0.5,,300,,,,,1,,,
CompleteGumtreeMatcher,58,11,47,2,0,9,0,0,1,3,0,0.5,,400,,,,,1,,,
CompleteGumtreeMatcher,58,11,47,2,0,9,0,0,1,3,0,0.5,,500,,,,,1,,,
CompleteGumtreeMatcher,45,2,45,0,0,0,0,0,386,3,0,0.5,,600,,,,,1,,,
CompleteGumtreeMatcher,45,2,45,0,0,0,0,0,386,3,0,0.5,,700,,,,,1,,,
CompleteGumtreeMatcher,45,2,45,0,0,0,0,0,385,3,0,0.5,,800,,,,,1,,,
CompleteGumtreeMatcher,45,2,45,0,0,0,0,0,386,3,0,0.5,,900,,,,,1,,,
CompleteGumtreeMatcher,45,2,45,0,0,0,0,0,385,3,0,0.5,,1000,,,,,1,,,
CompleteGumtreeMatcher,45,2,45,0,0,0,0,0,388,3,0,0.5,,1100,,,,,1,,,
CompleteGumtreeMatcher,45,2,45,0,0,0,0,0,386,3,0,0.5,,1200,,,,,1,,,
CompleteGumtreeMatcher,45,2,45,0,0,0,0,0,387,3,0,0.5,,1300,,,,,1,,,
CompleteGumtreeMatcher,45,2,45,0,0,0,0,0,387,3,0,0.5,,1400,,,,,1,,,
CompleteGumtreeMatcher,45,2,45,0,0,0,0,0,386,3,0,0.5,,1500,,,,,1,,,
CompleteGumtreeMatcher,45,2,45,0,0,0,0,0,397,3,0,0.5,,1600,,,,,1,,,
CompleteGumtreeMatcher,45,2,45,0,0,0,0,0,398,3,0,0.5,,1700,,,,,1,,,
CompleteGumtreeMatcher,45,2,45,0,0,0,0,0,398,3,0,0.5,,1800,,,,,1,,,
CompleteGumtreeMatcher,45,2,45,0,0,0,0,0,397,3,0,0.5,,1900,,,,,1,,,
CompleteGumtreeMatcher,45,2,45,0,0,0,0,0,398,3,0,0.5,,2000,,,,,1,,,
CompleteGumtreeMatcher,69,8,54,9,0,6,0,0,1,3,0,0.5,,100,,,,,2,,,
CompleteGumtreeMatcher,69,8,54,9,0,6,0,0,1,3,0,0.5,,200,,,,,2,,,
CompleteGumtreeMatcher,69,8,54,9,0,6,0,0,1,3,0,0.5,,300,,,,,2,,,
CompleteGumtreeMatcher,69,8,54,9,0,6,0,0,1,3,0,0.5,,400,,,,,2,,,
CompleteGumtreeMatcher,69,8,54,9,0,6,0,0,1,3,0,0.5,,500,,,,,2,,,
CompleteGumtreeMatcher,45,2,45,0,0,0,0,0,398,3,0,0.5,,600,,,,,2,,,
CompleteGumtreeMatcher,45,2,45,0,0,0,0,0,398,3,0,0.5,,700,,,,,2,,,
CompleteGumtreeMatcher,45,2,45,0,0,0,0,0,398,3,0,0.5,,800,,,,,2,,,
CompleteGumtreeMatcher,45,2,45,0,0,0,0,0,399,3,0,0.5,,900,,,,,2,,,
CompleteGumtreeMatcher,45,2,45,0,0,0,0,0,397,3,0,0.5,,1000,,,,,2,,,
CompleteGumtreeMatcher,45,2,45,0,0,0,0,0,387,3,0,0.5,,1100,,,,,2,,,
CompleteGumtreeMatcher,45,2,45,0,0,0,0,0,385,3,0,0.5,,1200,,,,,2,,,
CompleteGumtreeMatcher,45,2,45,0,0,0,0,0,385,3,0,0.5,,1300,,,,,2,,,
CompleteGumtreeMatcher,45,2,45,0,0,0,0,0,386,3,0,0.5,,1400,,,,,2,,,
CompleteGumtreeMatcher,45,2,45,0,0,0,0,0,386,3,0,0.5,,1500,,,,,2,,,
CompleteGumtreeMatcher,45,2,45,0,0,0,0,0,386,3,0,0.5,,1600,,,,,2,,,
CompleteGumtreeMatcher,45,2,45,0,0,0,0,0,386,3,0,0.5,,1700,,,,,2,,,
CompleteGumtreeMatcher,45,2,45,0,0,0,0,0,385,3,0,0.5,,1800,,,,,2,,,
CompleteGumtreeMatcher,45,2,45,0,0,0,0,0,387,3,0,0.5,,1900,,,,,2,,,
CompleteGumtreeMatcher,45,2,45,0,0,0,0,0,386,3,0,0.5,,2000,,,,,2,,,
CompleteGumtreeMatcher,82,7,61,16,0,5,0,0,1,3,0,0.5,,100,,,,,3,,,
CompleteGumtreeMatcher,82,7,61,16,0,5,0,0,1,3,0,0.5,,200,,,,,3,,,
CompleteGumtreeMatcher,82,7,61,16,0,5,0,0,1,3,0,0.5,,300,,,,,3,,,
CompleteGumtreeMatcher,82,7,61,16,0,5,0,0,1,3,0,0.5,,400,,,,,3,,,
CompleteGumtreeMatcher,82,7,61,16,0,5,0,0,1,3,0,0.5,,500,,,,,3,,,
CompleteGumtreeMatcher,45,2,45,0,0,0,0,0,386,3,0,0.5,,600,,,,,3,,,
CompleteGumtreeMatcher,45,2,45,0,0,0,0,0,386,3,0,0.5,,700,,,,,3,,,
CompleteGumtreeMatcher,45,2,45,0,0,0,0,0,386,3,0,0.5,,800,,,,,3,,,
CompleteGumtreeMatcher,45,2,45,0,0,0,0,0,386,3,0,0.5,,900,,,,,3,,,
CompleteGumtreeMatcher,45,2,45,0,0,0,0,0,385,3,0,0.5,,1000,,,,,3,,,
CompleteGumtreeMatcher,45,2,45,0,0,0,0,0,386,3,0,0.5,,1100,,,,,3,,,
CompleteGumtreeMatcher,45,2,45,0,0,0,0,0,386,3,0,0.5,,1200,,,,,3,,,
CompleteGumtreeMatcher,45,2,45,0,0,0,0,0,385,3,0,0.5,,1300,,,,,3,,,
CompleteGumtreeMatcher,45,2,45,0,0,0,0,0,386,3,0,0.5,,1400,,,,,3,,,
CompleteGumtreeMatcher,45,2,45,0,0,0,0,0,387,3,0,0.5,,1500,,,,,3,,,
CompleteGumtreeMatcher,45,2,45,0,0,0,0,0,386,3,0,0.5,,1600,,,,,3,,,
CompleteGumtreeMatcher,45,2,45,0,0,0,0,0,386,3,0,0.5,,1700,,,,,3,,,
CompleteGumtreeMatcher,45,2,45,0,0,0,0,0,386,3,0,0.5,,1800,,,,,3,,,
CompleteGumtreeMatcher,45,2,45,0,0,0,0,0,386,3,0,0.5,,1900,,,,,3,,,
CompleteGumtreeMatcher,45,2,45,0,0,0,0,0,386,3,0,0.5,,2000,,,,,3,,,
CompleteGumtreeMatcher,82,7,61,16,0,5,0,0,1,3,0,0.5,,100,,,,,4,,,
CompleteGumtreeMatcher,82,7,61,16,0,5,0,0,1,3,0,0.5,,200,,,,,4,,,
CompleteGumtreeMatcher,82,7,61,16,0,5,0,0,0,3,0,0.5,,300,,,,,4,,,
CompleteGumtreeMatcher,82,7,61,16,0,5,0,0,1,3,0,0.5,,400,,,,,4,,,
CompleteGumtreeMatcher,82,7,61,16,0,5,0,0,1,3,0,0.5,,500,,,,,4,,,
CompleteGumtreeMatcher,45,2,45,0,0,0,0,0,386,3,0,0.5,,600,,,,,4,,,
CompleteGumtreeMatcher,45,2,45,0,0,0,0,0,386,3,0,0.5,,700,,,,,4,,,
CompleteGumtreeMatcher,45,2,45,0,0,0,0,0,386,3,0,0.5,,800,,,,,4,,,
CompleteGumtreeMatcher,45,2,45,0,0,0,0,0,386,3,0,0.5,,900,,,,,4,,,
CompleteGumtreeMatcher,45,2,45,0,0,0,0,0,386,3,0,0.5,,1000,,,,,4,,,
CompleteGumtreeMatcher,45,2,45,0,0,0,0,0,391,3,0,0.5,,1100,,,,,4,,,
CompleteGumtreeMatcher,45,2,45,0,0,0,0,0,391,3,0,0.5,,1200,,,,,4,,,
CompleteGumtreeMatcher,45,2,45,0,0,0,0,0,392,3,0,0.5,,1300,,,,,4,,,
CompleteGumtreeMatcher,45,2,45,0,0,0,0,0,392,3,0,0.5,,1400,,,,,4,,,
CompleteGumtreeMatcher,45,2,45,0,0,0,0,0,392,3,0,0.5,,1500,,,,,4,,,
CompleteGumtreeMatcher,45,2,45,0,0,0,0,0,393,3,0,0.5,,1600,,,,,4,,,
CompleteGumtreeMatcher,45,2,45,0,0,0,0,0,392,3,0,0.5,,1700,,,,,4,,,
CompleteGumtreeMatcher,45,2,45,0,0,0,0,0,392,3,0,0.5,,1800,,,,,4,,,
CompleteGumtreeMatcher,45,2,45,0,0,0,0,0,392,3,0,0.5,,1900,,,,,4,,,
CompleteGumtreeMatcher,45,2,45,0,0,0,0,0,393,3,0,0.5,,2000,,,,,4,,,
CompleteGumtreeMatcher,124,5,83,38,0,3,0,0,1,3,0,0.5,,100,,,,,5,,,
CompleteGumtreeMatcher,124,5,83,38,0,3,0,0,1,3,0,0.5,,200,,,,,5,,,
CompleteGumtreeMatcher,124,5,83,38,0,3,0,0,1,3,0,0.5,,300,,,,,5,,,
CompleteGumtreeMatcher,124,5,83,38,0,3,0,0,0,3,0,0.5,,400,,,,,5,,,
CompleteGumtreeMatcher,124,5,83,38,0,3,0,0,0,3,0,0.5,,500,,,,,5,,,
CompleteGumtreeMatcher,45,2,45,0,0,0,0,0,386,3,0,0.5,,600,,,,,5,,,
CompleteGumtreeMatcher,45,2,45,0,0,0,0,0,386,3,0,0.5,,700,,,,,5,,,
CompleteGumtreeMatcher,45,2,45,0,0,0,0,0,387,3,0,0.5,,800,,,,,5,,,
CompleteGumtreeMatcher,45,2,45,0,0,0,0,0,386,3,0,0.5,,900,,,,,5,,,
CompleteGumtreeMatcher,45,2,45,0,0,0,0,0,387,3,0,0.5,,1000,,,,,5,,,
CompleteGumtreeMatcher,45,2,45,0,0,0,0,0,386,3,0,0.5,,1100,,,,,5,,,
CompleteGumtreeMatcher,45,2,45,0,0,0,0,0,386,3,0,0.5,,1200,,,,,5,,,
CompleteGumtreeMatcher,45,2,45,0,0,0,0,0,386,3,0,0.5,,1300,,,,,5,,,
CompleteGumtreeMatcher,45,2,45,0,0,0,0,0,386,3,0,0.5,,1400,,,,,5,,,
CompleteGumtreeMatcher,45,2,45,0,0,0,0,0,387,3,0,0.5,,1500,,,,,5,,,
CompleteGumtreeMatcher,45,2,45,0,0,0,0,0,385,3,0,0.5,,1600,,,,,5,,,
CompleteGumtreeMatcher,45,2,45,0,0,0,0,0,386,3,0,0.5,,1700,,,,,5,,,
CompleteGumtreeMatcher,45,2,45,0,0,0,0,0,385,3,0,0.5,,1800,,,,,5,,,
CompleteGumtreeMatcher,45,2,45,0,0,0,0,0,385,3,0,0.5,,1900,,,,,5,,,
CompleteGumtreeMatcher,45,2,45,0,0,0,0,0,386,3,0,0.5,,2000,,,,,5,,,
CompleteGumtreeMatcher,58,11,47,2,0,9,0,0,1,3,0,0.6,,100,,,,,1,,,
CompleteGumtreeMatcher,58,11,47,2,0,9,0,0,1,3,0,0.6,,200,,,,,1,,,
CompleteGumtreeMatcher,58,11,47,2,0,9,0,0,1,3,0,0.6,,300,,,,,1,,,
CompleteGumtreeMatcher,58,11,47,2,0,9,0,0,1,3,0,0.6,,400,,,,,1,,,
CompleteGumtreeMatcher,58,11,47,2,0,9,0,0,1,3,0,0.6,,500,,,,,1,,,
CompleteGumtreeMatcher,45,2,45,0,0,0,0,0,386,3,0,0.6,,600,,,,,1,,,
CompleteGumtreeMatcher,45,2,45,0,0,0,0,0,385,3,0,0.6,,700,,,,,1,,,
CompleteGumtreeMatcher,45,2,45,0,0,0,0,0,386,3,0,0.6,,800,,,,,1,,,
CompleteGumtreeMatcher,45,2,45,0,0,0,0,0,386,3,0,0.6,,900,,,,,1,,,
CompleteGumtreeMatcher,45,2,45,0,0,0,0,0,387,3,0,0.6,,1000,,,,,1,,,
CompleteGumtreeMatcher,45,2,45,0,0,0,0,0,393,3,0,0.6,,1100,,,,,1,,,
CompleteGumtreeMatcher,45,2,45,0,0,0,0,0,392,3,0,0.6,,1200,,,,,1,,,
CompleteGumtreeMatcher,45,2,45,0,0,0,0,0,393,3,0,0.6,,1300,,,,,1,,,
CompleteGumtreeMatcher,45,2,45,0,0,0,0,0,393,3,0,0.6,,1400,,,,,1,,,
CompleteGumtreeMatcher,45,2,45,0,0,0,0,0,392,3,0,0.6,,1500,,,,,1,,,
CompleteGumtreeMatcher,45,2,45,0,0,0,0,0,393,3,0,0.6,,1600,,,,,1,,,
CompleteGumtreeMatcher,45,2,45,0,0,0,0,0,393,3,0,0.6,,1700,,,,,1,,,
CompleteGumtreeMatcher,45,2,45,0,0,0,0,0,392,3,0,0.6,,1800,,,,,1,,,
CompleteGumtreeMatcher,45,2,45,0,0,0,0,0,392,3,0,0.6,,1900,,,,,1,,,
CompleteGumtreeMatcher,45,2,45,0,0,0,0,0,394,3,0,0.6,,2000,,,,,1,,,
CompleteGumtreeMatcher,69,8,54,9,0,6,0,0,1,3,0,0.6,,100,,,,,2,,,
CompleteGumtreeMatcher,69,8,54,9,0,6,0,0,1,3,0,0.6,,200,,,,,2,,,
CompleteGumtreeMatcher,69,8,54,9,0,6,0,0,0,3,0,0.6,,300,,,,,2,,,
CompleteGumtreeMatcher,69,8,54,9,0,6,0,0,1,3,0,0.6,,400,,,,,2,,,
CompleteGumtreeMatcher,69,8,54,9,0,6,0,0,1,3,0,0.6,,500,,,,,2,,,
CompleteGumtreeMatcher,45,2,45,0,0,0,0,0,387,3,0,0.6,,600,,,,,2,,,
CompleteGumtreeMatcher,45,2,45,0,0,0,0,0,387,3,0,0.6,,700,,,,,2,,,
CompleteGumtreeMatcher,45,2,45,0,0,0,0,0,386,3,0,0.6,,800,,,,,2,,,
CompleteGumtreeMatcher,45,2,45,0,0,0,0,0,386,3,0,0.6,,900,,,,,2,,,
CompleteGumtreeMatcher,45,2,45,0,0,0,0,0,386,3,0,0.6,,1000,,,,,2,,,
CompleteGumtreeMatcher,45,2,45,0,0,0,0,0,386,3,0,0.6,,1100,,,,,2,,,
CompleteGumtreeMatcher,45,2,45,0,0,0,0,0,386,3,0,0.6,,1200,,,,,2,,,
CompleteGumtreeMatcher,45,2,45,0,0,0,0,0,387,3,0,0.6,,1300,,,,,2,,,
CompleteGumtreeMatcher,45,2,45,0,0,0,0,0,386,3,0,0.6,,1400,,,,,2,,,
CompleteGumtreeMatcher,45,2,45,0,0,0,0,0,387,3,0,0.6,,1500,,,,,2,,,
CompleteGumtreeMatcher,45,2,45,0,0,0,0,0,385,3,0,0.6,,1600,,,,,2,,,
CompleteGumtreeMatcher,45,2,45,0,0,0,0,0,385,3,0,0.6,,1700,,,,,2,,,
CompleteGumtreeMatcher,45,2,45,0,0,0,0,0,385,3,0,0.6,,1800,,,,,2,,,
CompleteGumtreeMatcher,45,2,45,0,0,0,0,0,385,3,0,0.6,,1900,,,,,2,,,
CompleteGumtreeMatcher,45,2,45,0,0,0,0,0,389,3,0,0.6,,2000,,,,,2,,,
CompleteGumtreeMatcher,82,7,61,16,0,5,0,0,1,3,0,0.6,,100,,,,,3,,,
CompleteGumtreeMatcher,82,7,61,16,0,5,0,0,1,3,0,0.6,,200,,,,,3,,,
CompleteGumtreeMatcher,82,7,61,16,0,5,0,0,1,3,0,0.6,,300,,,,,3,,,
CompleteGumtreeMatcher,82,7,61,16,0,5,0,0,1,3,0,0.6,,400,,,,,3,,,
CompleteGumtreeMatcher,82,7,61,16,0,5,0,0,1,3,0,0.6,,500,,,,,3,,,
CompleteGumtreeMatcher,45,2,45,0,0,0,0,0,392,3,0,0.6,,600,,,,,3,,,
CompleteGumtreeMatcher,45,2,45,0,0,0,0,0,386,3,0,0.6,,700,,,,,3,,,
CompleteGumtreeMatcher,45,2,45,0,0,0,0,0,389,3,0,0.6,,800,,,,,3,,,
CompleteGumtreeMatcher,45,2,45,0,0,0,0,0,386,3,0,0.6,,900,,,,,3,,,
CompleteGumtreeMatcher,45,2,45,0,0,0,0,0,387,3,0,0.6,,1000,,,,,3,,,
CompleteGumtreeMatcher,45,2,45,0,0,0,0,0,386,3,0,0.6,,1100,,,,,3,,,
CompleteGumtreeMatcher,45,2,45,0,0,0,0,0,386,3,0,0.6,,1200,,,,,3,,,
CompleteGumtreeMatcher,45,2,45,0,0,0,0,0,386,3,0,0.6,,1300,,,,,3,,,
CompleteGumtreeMatcher,45,2,45,0,0,0,0,0,386,3,0,0.6,,1400,,,,,3,,,
CompleteGumtreeMatcher,45,2,45,0,0,0,0,0,385,3,0,0.6,,1500,,,,,3,,,
CompleteGumtreeMatcher,45,2,45,0,0,0,0,0,386,3,0,0.6,,1600,,,,,3,,,
CompleteGumtreeMatcher,45,2,45,0,0,0,0,0,385,3,0,0.6,,1700,,,,,3,,,
CompleteGumtreeMatcher,45,2,45,0,0,0,0,0,386,3,0,0.6,,1800,,,,,3,,,
CompleteGumtreeMatcher,45,2,45,0,0,0,0,0,386,3,0,0.6,,1900,,,,,3,,,
CompleteGumtreeMatcher,45,2,45,0,0,0,0,0,386,3,0,0.6,,2000,,,,,3,,,
CompleteGumtreeMatcher,82,7,61,16,0,5,0,0,1,3,0,0.6,,100,,,,,4,,,
CompleteGumtreeMatcher,82,7,61,16,0,5,0,0,1,3,0,0.6,,200,,,,,4,,,
CompleteGumtreeMatcher,82,7,61,16,0,5,0,0,1,3,0,0.6,,300,,,,,4,,,
CompleteGumtreeMatcher,82,7,61,16,0,5,0,0,1,3,0,0.6,,400,,,,,4,,,
CompleteGumtreeMatcher,82,7,61,16,0,5,0,0,1,3,0,0.6,,500,,,,,4,,,
CompleteGumtreeMatcher,45,2,45,0,0,0,0,0,391,3,0,0.6,,600,,,,,4,,,
CompleteGumtreeMatcher,45,2,45,0,0,0,0,0,391,3,0,0.6,,700,,,,,4,,,
CompleteGumtreeMatcher,45,2,45,0,0,0,0,0,391,3,0,0.6,,800,,,,,4,,,
CompleteGumtreeMatcher,45,2,45,0,0,0,0,0,391,3,0,0.6,,900,,,,,4,,,
CompleteGumtreeMatcher,45,2,45,0,0,0,0,0,391,3,0,0.6,,1000,,,,,4,,,
CompleteGumtreeMatcher,45,2,45,0,0,0,0,0,391,3,0,0.6,,1100,,,,,4,,,
CompleteGumtreeMatcher,45,2,45,0,0,0,0,0,391,3,0,0.6,,1200,,,,,4,,,
CompleteGumtreeMatcher,45,2,45,0,0,0,0,0,391,3,0,0.6,,1300,,,,,4,,,
CompleteGumtreeMatcher,45,2,45,0,0,0,0,0,390,3,0,0.6,,1400,,,,,4,,,
CompleteGumtreeMatcher,45,2,45,0,0,0,0,0,392,3,0,0.6,,1500,,,,,4,,,
CompleteGumtreeMatcher,45,2,45,0,0,0,0,0,385,3,0,0.6,,1600,,,,,4,,,
CompleteGumtreeMatcher,45,2,45,0,0,0,0,0,385,3,0,0.6,,1700,,,,,4,,,
CompleteGumtreeMatcher,45,2,45,0,0,0,0,0,386,3,0,0.6,,1800,,,,,4,,,
CompleteGumtreeMatcher,45,2,45,0,0,0,0,0,385,3,0,0.6,,1900,,,,,4,,,
CompleteGumtreeMatcher,45,2,45,0,0,0,0,0,386,3,0,0.6,,2000,,,,,4,,,
CompleteGumtreeMatcher,124,5,83,38,0,3,0,0,1,3,0,0.6,,100,,,,,5,,,
CompleteGumtreeMatcher,124,5,83,38,0,3,0,0,0,3,0,0.6,,200,,,,,5,,,
CompleteGumtreeMatcher,124,5,83,38,0,3,0,0,1,3,0,0.6,,300,,,,,5,,,
CompleteGumtreeMatcher,124,5,83,38,0,3,0,0,1,3,0,0.6,,400,,,,,5,,,
CompleteGumtreeMatcher,124,5,83,38,0,3,0,0,1,3,0,0.6,,500,,,,,5,,,
CompleteGumtreeMatcher,45,2,45,0,0,0,0,0,386,3,0,0.6,,600,,,,,5,,,
CompleteGumtreeMatcher,45,2,45,0,0,0,0,0,386,3,0,0.6,,700,,,,,5,,,
CompleteGumtreeMatcher,45,2,45,0,0,0,0,0,386,3,0,0.6,,800,,,,,5,,,
CompleteGumtreeMatcher,45,2,45,0,0,0,0,0,387,3,0,0.6,,900,,,,,5,,,
CompleteGumtreeMatcher,45,2,45,0,0,0,0,0,387,3,0,0.6,,1000,,,,,5,,,
CompleteGumtreeMatcher,45,2,45,0,0,0,0,0,386,3,0,0.6,,1100,,,,,5,,,
CompleteGumtreeMatcher,45,2,45,0,0,0,0,0,386,3,0,0.6,,1200,,,,,5,,,
CompleteGumtreeMatcher,45,2,45,0,0,0,0,0,386,3,0,0.6,,1300,,,,,5,,,
CompleteGumtreeMatcher,45,2,45,0,0,0,0,0,386,3,0,0.6,,1400,,,,,5,,,
CompleteGumtreeMatcher,45,2,45,0,0,0,0,0,385,3,0,0.6,,1500,,,,,5,,,
CompleteGumtreeMatcher,45,2,45,0,0,0,0,0,385,3,0,0.6,,1600,,,,,5,,,
CompleteGumtreeMatcher,45,2,45,0,0,0,0,0,386,3,0,0.6,,1700,,,,,5,,,
CompleteGumtreeMatcher,45,2,45,0,0,0,0,0,386,3,0,0.6,,1800,,,,,5,,,
CompleteGumtreeMatcher,45,2,45,0,0,0,0,0,385,3,0,0.6,,1900,,,,,5,,,
CompleteGumtreeMatcher,45,2,45,0,0,0,0,0,387,3,0,0.6,,2000,,,,,5,,,
CompleteGumtreeMatcher,58,11,47,2,0,9,0,0,1,3,0,0.7,,100,,,,,1,,,
CompleteGumtreeMatcher,58,11,47,2,0,9,0,0,1,3,0,0.7,,200,,,,,1,,,
CompleteGumtreeMatcher,58,11,47,2,0,9,0,0,1,3,0,0.7,,300,,,,,1,,,
CompleteGumtreeMatcher,58,11,47,2,0,9,0,0,1,3,0,0.7,,400,,,,,1,,,
CompleteGumtreeMatcher,58,11,47,2,0,9,0,0,1,3,0,0.7,,500,,,,,1,,,
CompleteGumtreeMatcher,45,2,45,0,0,0,0,0,386,3,0,0.7,,600,,,,,1,,,
CompleteGumtreeMatcher,45,2,45,0,0,0,0,0,385,3,0,0.7,,700,,,,,1,,,
CompleteGumtreeMatcher,45,2,45,0,0,0,0,0,385,3,0,0.7,,800,,,,,1,,,
CompleteGumtreeMatcher,45,2,45,0,0,0,0,0,388,3,0,0.7,,900,,,,,1,,,
CompleteGumtreeMatcher,45,2,45,0,0,0,0,0,386,3,0,0.7,,1000,,,,,1,,,
CompleteGumtreeMatcher,45,2,45,0,0,0,0,0,386,3,0,0.7,,1100,,,,,1,,,
CompleteGumtreeMatcher,45,2,45,0,0,0,0,0,386,3,0,0.7,,1200,,,,,1,,,
CompleteGumtreeMatcher,45,2,45,0,0,0,0,0,386,3,0,0.7,,1300,,,,,1,,,
CompleteGumtreeMatcher,45,2,45,0,0,0,0,0,386,3,0,0.7,,1400,,,,,1,,,
CompleteGumtreeMatcher,45,2,45,0,0,0,0,0,386,3,0,0.7,,1500,,,,,1,,,
CompleteGumtreeMatcher,45,2,45,0,0,0,0,0,391,3,0,0.7,,1600,,,,,1,,,
CompleteGumtreeMatcher,45,2,45,0,0,0,0,0,391,3,0,0.7,,1700,,,,,1,,,
CompleteGumtreeMatcher,45,2,45,0,0,0,0,0,391,3,0,0.7,,1800,,,,,1,,,
CompleteGumtreeMatcher,45,2,45,0,0,0,0,0,391,3,0,0.7,,1900,,,,,1,,,
CompleteGumtreeMatcher,45,2,45,0,0,0,0,0,390,3,0,0.7,,2000,,,,,1,,,
CompleteGumtreeMatcher,69,8,54,9,0,6,0,0,1,3,0,0.7,,100,,,,,2,,,
CompleteGumtreeMatcher,69,8,54,9,0,6,0,0,0,3,0,0.7,,200,,,,,2,,,
CompleteGumtreeMatcher,69,8,54,9,0,6,0,0,1,3,0,0.7,,300,,,,,2,,,
CompleteGumtreeMatcher,69,8,54,9,0,6,0,0,0,3,0,0.7,,400,,,,,2,,,
CompleteGumtreeMatcher,69,8,54,9,0,6,0,0,1,3,0,0.7,,500,,,,,2,,,
CompleteGumtreeMatcher,45,2,45,0,0,0,0,0,392,3,0,0.7,,600,,,,,2,,,
CompleteGumtreeMatcher,45,2,45,0,0,0,0,0,391,3,0,0.7,,700,,,,,2,,,
CompleteGumtreeMatcher,45,2,45,0,0,0,0,0,391,3,0,0.7,,800,,,,,2,,,
CompleteGumtreeMatcher,45,2,45,0,0,0,0,0,391,3,0,0.7,,900,,,,,2,,,
CompleteGumtreeMatcher,45,2,45,0,0,0,0,0,392,3,0,0.7,,1000,,,,,2,,,
CompleteGumtreeMatcher,45,2,45,0,0,0,0,0,386,3,0,0.7,,1100,,,,,2,,,
CompleteGumtreeMatcher,45,2,45,0,0,0,0,0,386,3,0,0.7,,1200,,,,,2,,,
CompleteGumtreeMatcher,45,2,45,0,0,0,0,0,386,3,0,0.7,,1300,,,,,2,,,
CompleteGumtreeMatcher,45,2,45,0,0,0,0,0,385,3,0,0.7,,1400,,,,,2,,,
CompleteGumtreeMatcher,45,2,45,0,0,0,0,0,386,3,0,0.7,,1500,,,,,2,,,
CompleteGumtreeMatcher,45,2,45,0,0,0,0,0,386,3,0,0.7,,1600,,,,,2,,,
CompleteGumtreeMatcher,45,2,45,0,0,0,0,0,386,3,0,0.7,,1700,,,,,2,,,
CompleteGumtreeMatcher,45,2,45,0,0,0,0,0,386,3,0,0.7,,1800,,,,,2,,,
CompleteGumtreeMatcher,45,2,45,0,0,0,0,0,386,3,0,0.7,,1900,,,,,2,,,
CompleteGumtreeMatcher,45,2,45,0,0,0,0,0,387,3,0,0.7,,2000,,,,,2,,,
CompleteGumtreeMatcher,82,7,61,16,0,5,0,0,1,3,0,0.7,,100,,,,,3,,,
CompleteGumtreeMatcher,82,7,61,16,0,5,0,0,1,3,0,0.7,,200,,,,,3,,,
CompleteGumtreeMatcher,82,7,61,16,0,5,0,0,1,3,0,0.7,,300,,,,,3,,,
CompleteGumtreeMatcher,82,7,61,16,0,5,0,0,1,3,0,0.7,,400,,,,,3,,,
CompleteGumtreeMatcher,82,7,61,16,0,5,0,0,0,3,0,0.7,,500,,,,,3,,,
CompleteGumtreeMatcher,45,2,45,0,0,0,0,0,386,3,0,0.7,,600,,,,,3,,,
CompleteGumtreeMatcher,45,2,45,0,0,0,0,0,386,3,0,0.7,,700,,,,,3,,,
CompleteGumtreeMatcher,45,2,45,0,0,0,0,0,386,3,0,0.7,,800,,,,,3,,,
CompleteGumtreeMatcher,45,2,45,0,0,0,0,0,386,3,0,0.7,,900,,,,,3,,,
CompleteGumtreeMatcher,45,2,45,0,0,0,0,0,386,3,0,0.7,,1000,,,,,3,,,
CompleteGumtreeMatcher,45,2,45,0,0,0,0,0,385,3,0,0.7,,1100,,,,,3,,,
CompleteGumtreeMatcher,45,2,45,0,0,0,0,0,386,3,0,0.7,,1200,,,,,3,,,
CompleteGumtreeMatcher,45,2,45,0,0,0,0,0,386,3,0,0.7,,1300,,,,,3,,,
CompleteGumtreeMatcher,45,2,45,0,0,0,0,0,386,3,0,0.7,,1400,,,,,3,,,
CompleteGumtreeMatcher,45,2,45,0,0,0,0,0,387,3,0,0.7,,1500,,,,,3,,,
CompleteGumtreeMatcher,45,2,45,0,0,0,0,0,391,3,0,0.7,,1600,,,,,3,,,
CompleteGumtreeMatcher,45,2,45,0,0,0,0,0,391,3,0,0.7,,1700,,,,,3,,,
CompleteGumtreeMatcher,45,2,45,0,0,0,0,0,391,3,0,0.7,,1800,,,,,3,,,
CompleteGumtreeMatcher,45,2,45,0,0,0,0,0,391,3,0,0.7,,1900,,,,,3,,,
CompleteGumtreeMatcher,45,2,45,0,0,0,0,0,391,3,0,0.7,,2000,,,,,3,,,
CompleteGumtreeMatcher,82,7,61,16,0,5,0,0,1,3,0,0.7,,100,,,,,4,,,
CompleteGumtreeMatcher,82,7,61,16,0,5,0,0,1,3,0,0.7,,200,,,,,4,,,
CompleteGumtreeMatcher,82,7,61,16,0,5,0,0,1,3,0,0.7,,300,,,,,4,,,
CompleteGumtreeMatcher,82,7,61,16,0,5,0,0,0,3,0,0.7,,400,,,,,4,,,
CompleteGumtreeMatcher,82,7,61,16,0,5,0,0,1,3,0,0.7,,500,,,,,4,,,
CompleteGumtreeMatcher,45,2,45,0,0,0,0,0,392,3,0,0.7,,600,,,,,4,,,
CompleteGumtreeMatcher,45,2,45,0,0,0,0,0,392,3,0,0.7,,700,,,,,4,,,
CompleteGumtreeMatcher,45,2,45,0,0,0,0,0,391,3,0,0.7,,800,,,,,4,,,
CompleteGumtreeMatcher,45,2,45,0,0,0,0,0,392,3,0,0.7,,900,,,,,4,,,
CompleteGumtreeMatcher,45,2,45,0,0,0,0,0,392,3,0,0.7,,1000,,,,,4,,,
CompleteGumtreeMatcher,45,2,45,0,0,0,0,0,385,3,0,0.7,,1100,,,,,4,,,
CompleteGumtreeMatcher,45,2,45,0,0,0,0,0,386,3,0,0.7,,1200,,,,,4,,,
CompleteGumtreeMatcher,45,2,45,0,0,0,0,0,386,3,0,0.7,,1300,,,,,4,,,
CompleteGumtreeMatcher,45,2,45,0,0,0,0,0,386,3,0,0.7,,1400,,,,,4,,,
CompleteGumtreeMatcher,45,2,45,0,0,0,0,0,386,3,0,0.7,,1500,,,,,4,,,
CompleteGumtreeMatcher,45,2,45,0,0,0,0,0,385,3,0,0.7,,1600,,,,,4,,,
CompleteGumtreeMatcher,45,2,45,0,0,0,0,0,386,3,0,0.7,,1700,,,,,4,,,
CompleteGumtreeMatcher,45,2,45,0,0,0,0,0,386,3,0,0.7,,1800,,,,,4,,,
CompleteGumtreeMatcher,45,2,45,0,0,0,0,0,385,3,0,0.7,,1900,,,,,4,,,
CompleteGumtreeMatcher,45,2,45,0,0,0,0,0,387,3,0,0.7,,2000,,,,,4,,,
CompleteGumtreeMatcher,124,5,83,38,0,3,0,0,1,3,0,0.7,,100,,,,,5,,,
CompleteGumtreeMatcher,124,5,83,38,0,3,0,0,0,3,0,0.7,,200,,,,,5,,,
CompleteGumtreeMatcher,124,5,83,38,0,3,0,0,1,3,0,0.7,,300,,,,,5,,,
CompleteGumtreeMatcher,124,5,83,38,0,3,0,0,1,3,0,0.7,,400,,,,,5,,,
CompleteGumtreeMatcher,124,5,83,38,0,3,0,0,1,3,0,0.7,,500,,,,,5,,,
CompleteGumtreeMatcher,45,2,45,0,0,0,0,0,386,3,0,0.7,,600,,,,,5,,,
CompleteGumtreeMatcher,45,2,45,0,0,0,0,0,385,3,0,0.7,,700,,,,,5,,,
CompleteGumtreeMatcher,45,2,45,0,0,0,0,0,386,3,0,0.7,,800,,,,,5,,,
CompleteGumtreeMatcher,45,2,45,0,0,0,0,0,386,3,0,0.7,,900,,,,,5,,,
CompleteGumtreeMatcher,45,2,45,0,0,0,0,0,386,3,0,0.7,,1000,,,,,5,,,
CompleteGumtreeMatcher,45,2,45,0,0,0,0,0,386,3,0,0.7,,1100,,,,,5,,,
CompleteGumtreeMatcher,45,2,45,0,0,0,0,0,386,3,0,0.7,,1200,,,,,5,,,
CompleteGumtreeMatcher,45,2,45,0,0,0,0,0,386,3,0,0.7,,1300,,,,,5,,,
CompleteGumtreeMatcher,45,2,45,0,0,0,0,0,386,3,0,0.7,,1400,,,,,5,,,
CompleteGumtreeMatcher,45,2,45,0,0,0,0,0,387,3,0,0.7,,1500,,,,,5,,,
CompleteGumtreeMatcher,45,2,45,0,0,0,0,0,386,3,0,0.7,,1600,,,,,5,,,
CompleteGumtreeMatcher,45,2,45,0,0,0,0,0,386,3,0,0.7,,1700,,,,,5,,,
CompleteGumtreeMatcher,45,2,45,0,0,0,0,0,386,3,0,0.7,,1800,,,,,5,,,
CompleteGumtreeMatcher,45,2,45,0,0,0,0,0,386,3,0,0.7,,1900,,,,,5,,,
CompleteGumtreeMatcher,45,2,45,0,0,0,0,0,386,3,0,0.7,,2000,,,,,5,,,
CompleteGumtreeMatcher,58,11,47,2,0,9,0,0,1,3,0,0.799,,100,,,,,1,,,
CompleteGumtreeMatcher,58,11,47,2,0,9,0,0,1,3,0,0.799,,200,,,,,1,,,
CompleteGumtreeMatcher,58,11,47,2,0,9,0,0,1,3,0,0.799,,300,,,,,1,,,
CompleteGumtreeMatcher,58,11,47,2,0,9,0,0,1,3,0,0.799,,400,,,,,1,,,
CompleteGumtreeMatcher,58,11,47,2,0,9,0,0,1,3,0,0.799,,500,,,,,1,,,
CompleteGumtreeMatcher,45,2,45,0,0,0,0,0,386,3,0,0.799,,600,,,,,1,,,
CompleteGumtreeMatcher,45,2,45,0,0,0,0,0,386,3,0,0.799,,700,,,,,1,,,
CompleteGumtreeMatcher,45,2,45,0,0,0,0,0,386,3,0,0.799,,800,,,,,1,,,
CompleteGumtreeMatcher,45,2,45,0,0,0,0,0,386,3,0,0.799,,900,,,,,1,,,
CompleteGumtreeMatcher,45,2,45,0,0,0,0,0,387,3,0,0.799,,1000,,,,,1,,,
CompleteGumtreeMatcher,45,2,45,0,0,0,0,0,391,3,0,0.799,,1100,,,,,1,,,
CompleteGumtreeMatcher,45,2,45,0,0,0,0,0,391,3,0,0.799,,1200,,,,,1,,,
CompleteGumtreeMatcher,45,2,45,0,0,0,0,0,390,3,0,0.799,,1300,,,,,1,,,
CompleteGumtreeMatcher,45,2,45,0,0,0,0,0,391,3,0,0.799,,1400,,,,,1,,,
CompleteGumtreeMatcher,45,2,45,0,0,0,0,0,391,3,0,0.799,,1500,,,,,1,,,
CompleteGumtreeMatcher,45,2,45,0,0,0,0,0,391,3,0,0.799,,1600,,,,,1,,,
CompleteGumtreeMatcher,45,2,45,0,0,0,0,0,391,3,0,0.799,,1700,,,,,1,,,
CompleteGumtreeMatcher,45,2,45,0,0,0,0,0,391,3,0,0.799,,1800,,,,,1,,,
CompleteGumtreeMatcher,45,2,45,0,0,0,0,0,391,3,0,0.799,,1900,,,,,1,,,
CompleteGumtreeMatcher,45,2,45,0,0,0,0,0,392,3,0,0.799,,2000,,,,,1,,,
CompleteGumtreeMatcher,69,8,54,9,0,6,0,0,1,3,0,0.799,,100,,,,,2,,,
CompleteGumtreeMatcher,69,8,54,9,0,6,0,0,1,3,0,0.799,,200,,,,,2,,,
CompleteGumtreeMatcher,69,8,54,9,0,6,0,0,1,3,0,0.799,,300,,,,,2,,,
CompleteGumtreeMatcher,69,8,54,9,0,6,0,0,1,3,0,0.799,,400,,,,,2,,,
CompleteGumtreeMatcher,69,8,54,9,0,6,0,0,1,3,0,0.799,,500,,,,,2,,,
CompleteGumtreeMatcher,45,2,45,0,0,0,0,0,386,3,0,0.799,,600,,,,,2,,,
CompleteGumtreeMatcher,45,2,45,0,0,0,0,0,386,3,0,0.799,,700,,,,,2,,,
CompleteGumtreeMatcher,45,2,45,0,0,0,0,0,386,3,0,0.799,,800,,,,,2,,,
CompleteGumtreeMatcher,45,2,45,0,0,0,0,0,385,3,0,0.799,,900,,,,,2,,,
CompleteGumtreeMatcher,45,2,45,0,0,0,0,0,385,3,0,0.799,,1000,,,,,2,,,
CompleteGumtreeMatcher,45,2,45,0,0,0,0,0,386,3,0,0.799,,1100,,,,,2,,,
CompleteGumtreeMatcher,45,2,45,0,0,0,0,0,386,3,0,0.799,,1200,,,,,2,,,
CompleteGumtreeMatcher,45,2,45,0,0,0,0,0,386,3,0,0.799,,1300,,,,,2,,,
CompleteGumtreeMatcher,45,2,45,0,0,0,0,0,386,3,0,0.799,,1400,,,,,2,,,
CompleteGumtreeMatcher,45,2,45,0,0,0,0,0,387,3,0,0.799,,1500,,,,,2,,,
CompleteGumtreeMatcher,45,2,45,0,0,0,0,0,386,3,0,0.799,,1600,,,,,2,,,
CompleteGumtreeMatcher,45,2,45,0,0,0,0,0,386,3,0,0.799,,1700,,,,,2,,,
CompleteGumtreeMatcher,45,2,45,0,0,0,0,0,386,3,0,0.799,,1800,,,,,2,,,
CompleteGumtreeMatcher,45,2,45,0,0,0,0,0,386,3,0,0.799,,1900,,,,,2,,,
CompleteGumtreeMatcher,45,2,45,0,0,0,0,0,386,3,0,0.799,,2000,,,,,2,,,
CompleteGumtreeMatcher,82,7,61,16,0,5,0,0,0,3,0,0.799,,100,,,,,3,,,
CompleteGumtreeMatcher,82,7,61,16,0,5,0,0,1,3,0,0.799,,200,,,,,3,,,
CompleteGumtreeMatcher,82,7,61,16,0,5,0,0,1,3,0,0.799,,300,,,,,3,,,
CompleteGumtreeMatcher,82,7,61,16,0,5,0,0,1,3,0,0.799,,400,,,,,3,,,
CompleteGumtreeMatcher,82,7,61,16,0,5,0,0,0,3,0,0.799,,500,,,,,3,,,
CompleteGumtreeMatcher,45,2,45,0,0,0,0,0,386,3,0,0.799,,600,,,,,3,,,
CompleteGumtreeMatcher,45,2,45,0,0,0,0,0,386,3,0,0.799,,700,,,,,3,,,
CompleteGumtreeMatcher,45,2,45,0,0,0,0,0,387,3,0,0.799,,800,,,,,3,,,
CompleteGumtreeMatcher,45,2,45,0,0,0,0,0,387,3,0,0.799,,900,,,,,3,,,
CompleteGumtreeMatcher,45,2,45,0,0,0,0,0,387,3,0,0.799,,1000,,,,,3,,,
CompleteGumtreeMatcher,45,2,45,0,0,0,0,0,385,3,0,0.799,,1100,,,,,3,,,
CompleteGumtreeMatcher,45,2,45,0,0,0,0,0,385,3,0,0.799,,1200,,,,,3,,,
CompleteGumtreeMatcher,45,2,45,0,0,0,0,0,386,3,0,0.799,,1300,,,,,3,,,
CompleteGumtreeMatcher,45,2,45,0,0,0,0,0,386,3,0,0.799,,1400,,,,,3,,,
CompleteGumtreeMatcher,45,2,45,0,0,0,0,0,386,3,0,0.799,,1500,,,,,3,,,
CompleteGumtreeMatcher,45,2,45,0,0,0,0,0,386,3,0,0.799,,1600,,,,,3,,,
CompleteGumtreeMatcher,45,2,45,0,0,0,0,0,386,3,0,0.799,,1700,,,,,3,,,
CompleteGumtreeMatcher,45,2,45,0,0,0,0,0,385,3,0,0.799,,1800,,,,,3,,,
CompleteGumtreeMatcher,45,2,45,0,0,0,0,0,386,3,0,0.799,,1900,,,,,3,,,
CompleteGumtreeMatcher,45,2,45,0,0,0,0,0,387,3,0,0.799,,2000,,,,,3,,,
CompleteGumtreeMatcher,82,7,61,16,0,5,0,0,1,3,0,0.799,,100,,,,,4,,,
CompleteGumtreeMatcher,82,7,61,16,0,5,0,0,1,3,0,0.799,,200,,,,,4,,,
CompleteGumtreeMatcher,82,7,61,16,0,5,0,0,1,3,0,0.799,,300,,,,,4,,,
CompleteGumtreeMatcher,82,7,61,16,0,5,0,0,1,3,0,0.799,,400,,,,,4,,,
CompleteGumtreeMatcher,82,7,61,16,0,5,0,0,1,3,0,0.799,,500,,,,,4,,,
CompleteGumtreeMatcher,45,2,45,0,0,0,0,0,391,3,0,0.799,,600,,,,,4,,,
CompleteGumtreeMatcher,45,2,45,0,0,0,0,0,391,3,0,0.799,,700,,,,,4,,,
CompleteGumtreeMatcher,45,2,45,0,0,0,0,0,390,3,0,0.799,,800,,,,,4,,,
CompleteGumtreeMatcher,45,2,45,0,0,0,0,0,391,3,0,0.799,,900,,,,,4,,,
CompleteGumtreeMatcher,45,2,45,0,0,0,0,0,390,3,0,0.799,,1000,,,,,4,,,
CompleteGumtreeMatcher,45,2,45,0,0,0,0,0,390,3,0,0.799,,1100,,,,,4,,,
CompleteGumtreeMatcher,45,2,45,0,0,0,0,0,391,3,0,0.799,,1200,,,,,4,,,
CompleteGumtreeMatcher,45,2,45,0,0,0,0,0,391,3,0,0.799,,1300,,,,,4,,,
CompleteGumtreeMatcher,45,2,45,0,0,0,0,0,390,3,0,0.799,,1400,,,,,4,,,
CompleteGumtreeMatcher,45,2,45,0,0,0,0,0,391,3,0,0.799,,1500,,,,,4,,,
CompleteGumtreeMatcher,45,2,45,0,0,0,0,0,385,3,0,0.799,,1600,,,,,4,,,
CompleteGumtreeMatcher,45,2,45,0,0,0,0,0,385,3,0,0.799,,1700,,,,,4,,,
CompleteGumtreeMatcher,45,2,45,0,0,0,0,0,386,3,0,0.799,,1800,,,,,4,,,
CompleteGumtreeMatcher,45,2,45,0,0,0,0,0,385,3,0,0.799,,1900,,,,,4,,,
CompleteGumtreeMatcher,45,2,45,0,0,0,0,0,385,3,0,0.799,,2000,,,,,4,,,
CompleteGumtreeMatcher,124,5,83,38,0,3,0,0,1,3,0,0.799,,100,,,,,5,,,
CompleteGumtreeMatcher,124,5,83,38,0,3,0,0,1,3,0,0.799,,200,,,,,5,,,
CompleteGumtreeMatcher,124,5,83,38,0,3,0,0,1,3,0,0.799,,300,,,,,5,,,
CompleteGumtreeMatcher,124,5,83,38,0,3,0,0,1,3,0,0.799,,400,,,,,5,,,
CompleteGumtreeMatcher,124,5,83,38,0,3,0,0,1,3,0,0.799,,500,,,,,5,,,
CompleteGumtreeMatcher,45,2,45,0,0,0,0,0,385,3,0,0.799,,600,,,,,5,,,
CompleteGumtreeMatcher,45,2,45,0,0,0,0,0,385,3,0,0.799,,700,,,,,5,,,
CompleteGumtreeMatcher,45,2,45,0,0,0,0,0,386,3,0,0.799,,800,,,,,5,,,
CompleteGumtreeMatcher,45,2,45,0,0,0,0,0,386,3,0,0.799,,900,,,,,5,,,
CompleteGumtreeMatcher,45,2,45,0,0,0,0,0,387,3,0,0.799,,1000,,,,,5,,,
CompleteGumtreeMatcher,45,2,45,0,0,0,0,0,386,3,0,0.799,,1100,,,,,5,,,
CompleteGumtreeMatcher,45,2,45,0,0,0,0,0,386,3,0,0.799,,1200,,,,,5,,,
CompleteGumtreeMatcher,45,2,45,0,0,0,0,0,388,3,0,0.799,,1300,,,,,5,,,
CompleteGumtreeMatcher,45,2,45,0,0,0,0,0,386,3,0,0.799,,1400,,,,,5,,,
CompleteGumtreeMatcher,45,2,45,0,0,0,0,0,386,3,0,0.799,,1500,,,,,5,,,
CompleteGumtreeMatcher,45,2,45,0,0,0,0,0,386,3,0,0.799,,1600,,,,,5,,,
CompleteGumtreeMatcher,45,2,45,0,0,0,0,0,386,3,0,0.799,,1700,,,,,5,,,
CompleteGumtreeMatcher,45,2,45,0,0,0,0,0,386,3,0,0.799,,1800,,,,,5,,,
CompleteGumtreeMatcher,45,2,45,0,0,0,0,0,386,3,0,0.799,,1900,,,,,5,,,
CompleteGumtreeMatcher,45,2,45,0,0,0,0,0,387,3,0,0.799,,2000,,,,,5,,,
CompleteGumtreeMatcher,58,11,47,2,0,9,0,0,1,3,0,0.899,,100,,,,,1,,,
CompleteGumtreeMatcher,58,11,47,2,0,9,0,0,1,3,0,0.899,,200,,,,,1,,,
CompleteGumtreeMatcher,58,11,47,2,0,9,0,0,1,3,0,0.899,,300,,,,,1,,,
CompleteGumtreeMatcher,58,11,47,2,0,9,0,0,1,3,0,0.899,,400,,,,,1,,,
CompleteGumtreeMatcher,58,11,47,2,0,9,0,0,1,3,0,0.899,,500,,,,,1,,,
CompleteGumtreeMatcher,45,2,45,0,0,0,0,0,386,3,0,0.899,,600,,,,,1,,,
CompleteGumtreeMatcher,45,2,45,0,0,0,0,0,385,3,0,0.899,,700,,,,,1,,,
CompleteGumtreeMatcher,45,2,45,0,0,0,0,0,386,3,0,0.899,,800,,,,,1,,,
CompleteGumtreeMatcher,45,2,45,0,0,0,0,0,385,3,0,0.899,,900,,,,,1,,,
CompleteGumtreeMatcher,45,2,45,0,0,0,0,0,393,3,0,0.899,,1000,,,,,1,,,
CompleteGumtreeMatcher,45,2,45,0,0,0,0,0,391,3,0,0.899,,1100,,,,,1,,,
CompleteGumtreeMatcher,45,2,45,0,0,0,0,0,391,3,0,0.899,,1200,,,,,1,,,
CompleteGumtreeMatcher,45,2,45,0,0,0,0,0,393,3,0,0.899,,1300,,,,,1,,,
CompleteGumtreeMatcher,45,2,45,0,0,0,0,0,390,3,0,0.899,,1400,,,,,1,,,
CompleteGumtreeMatcher,45,2,45,0,0,0,0,0,391,3,0,0.899,,1500,,,,,1,,,
CompleteGumtreeMatcher,45,2,45,0,0,0,0,0,390,3,0,0.899,,1600,,,,,1,,,
CompleteGumtreeMatcher,45,2,45,0,0,0,0,0,390,3,0,0.899,,1700,,,,,1,,,
CompleteGumtreeMatcher,45,2,45,0,0,0,0,0,391,3,0,0.899,,1800,,,,,1,,,
CompleteGumtreeMatcher,45,2,45,0,0,0,0,0,390,3,0,0.899,,1900,,,,,1,,,
CompleteGumtreeMatcher,45,2,45,0,0,0,0,0,392,3,0,0.899,,2000,,,,,1,,,
CompleteGumtreeMatcher,69,8,54,9,0,6,0,0,1,3,0,0.899,,100,,,,,2,,,
CompleteGumtreeMatcher,69,8,54,9,0,6,0,0,1,3,0,0.899,,200,,,,,2,,,
CompleteGumtreeMatcher,69,8,54,9,0,6,0,0,0,3,0,0.899,,300,,,,,2,,,
CompleteGumtreeMatcher,69,8,54,9,0,6,0,0,1,3,0,0.899,,400,,,,,2,,,
CompleteGumtreeMatcher,69,8,54,9,0,6,0,0,1,3,0,0.899,,500,,,,,2,,,
CompleteGumtreeMatcher,45,2,45,0,0,0,0,0,386,3,0,0.899,,600,,,,,2,,,
CompleteGumtreeMatcher,45,2,45,0,0,0,0,0,386,3,0,0.899,,700,,,,,2,,,
CompleteGumtreeMatcher,45,2,45,0,0,0,0,0,386,3,0,0.899,,800,,,,,2,,,
CompleteGumtreeMatcher,45,2,45,0,0,0,0,0,386,3,0,0.899,,900,,,,,2,,,
CompleteGumtreeMatcher,45,2,45,0,0,0,0,0,387,3,0,0.899,,1000,,,,,2,,,
CompleteGumtreeMatcher,45,2,45,0,0,0,0,0,386,3,0,0.899,,1100,,,,,2,,,
CompleteGumtreeMatcher,45,2,45,0,0,0,0,0,386,3,0,0.899,,1200,,,,,2,,,
CompleteGumtreeMatcher,45,2,45,0,0,0,0,0,385,3,0,0.899,,1300,,,,,2,,,
CompleteGumtreeMatcher,45,2,45,0,0,0,0,0,386,3,0,0.899,,1400,,,,,2,,,
CompleteGumtreeMatcher,45,2,45,0,0,0,0,0,386,3,0,0.899,,1500,,,,,2,,,
CompleteGumtreeMatcher,45,2,45,0,0,0,0,0,386,3,0,0.899,,1600,,,,,2,,,
CompleteGumtreeMatcher,45,2,45,0,0,0,0,0,385,3,0,0.899,,1700,,,,,2,,,
CompleteGumtreeMatcher,45,2,45,0,0,0,0,0,386,3,0,0.899,,1800,,,,,2,,,
CompleteGumtreeMatcher,45,2,45,0,0,0,0,0,386,3,0,0.899,,1900,,,,,2,,,
CompleteGumtreeMatcher,45,2,45,0,0,0,0,0,387,3,0,0.899,,2000,,,,,2,,,
CompleteGumtreeMatcher,82,7,61,16,0,5,0,0,1,3,0,0.899,,100,,,,,3,,,
CompleteGumtreeMatcher,82,7,61,16,0,5,0,0,1,3,0,0.899,,200,,,,,3,,,
CompleteGumtreeMatcher,82,7,61,16,0,5,0,0,1,3,0,0.899,,300,,,,,3,,,
CompleteGumtreeMatcher,82,7,61,16,0,5,0,0,1,3,0,0.899,,400,,,,,3,,,
CompleteGumtreeMatcher,82,7,61,16,0,5,0,0,1,3,0,0.899,,500,,,,,3,,,
CompleteGumtreeMatcher,45,2,45,0,0,0,0,0,386,3,0,0.899,,600,,,,,3,,,
CompleteGumtreeMatcher,45,2,45,0,0,0,0,0,386,3,0,0.899,,700,,,,,3,,,
CompleteGumtreeMatcher,45,2,45,0,0,0,0,0,385,3,0,0.899,,800,,,,,3,,,
CompleteGumtreeMatcher,45,2,45,0,0,0,0,0,385,3,0,0.899,,900,,,,,3,,,
CompleteGumtreeMatcher,45,2,45,0,0,0,0,0,385,3,0,0.899,,1000,,,,,3,,,
CompleteGumtreeMatcher,45,2,45,0,0,0,0,0,386,3,0,0.899,,1100,,,,,3,,,
CompleteGumtreeMatcher,45,2,45,0,0,0,0,0,386,3,0,0.899,,1200,,,,,3,,,
CompleteGumtreeMatcher,45,2,45,0,0,0,0,0,387,3,0,0.899,,1300,,,,,3,,,
CompleteGumtreeMatcher,45,2,45,0,0,0,0,0,386,3,0,0.899,,1400,,,,,3,,,
CompleteGumtreeMatcher,45,2,45,0,0,0,0,0,387,3,0,0.899,,1500,,,,,3,,,
CompleteGumtreeMatcher,45,2,45,0,0,0,0,0,390,3,0,0.899,,1600,,,,,3,,,
CompleteGumtreeMatcher,45,2,45,0,0,0,0,0,390,3,0,0.899,,1700,,,,,3,,,
CompleteGumtreeMatcher,45,2,45,0,0,0,0,0,391,3,0,0.899,,1800,,,,,3,,,
CompleteGumtreeMatcher,45,2,45,0,0,0,0,0,391,3,0,0.899,,1900,,,,,3,,,
CompleteGumtreeMatcher,45,2,45,0,0,0,0,0,391,3,0,0.899,,2000,,,,,3,,,
CompleteGumtreeMatcher,82,7,61,16,0,5,0,0,1,3,0,0.899,,100,,,,,4,,,
CompleteGumtreeMatcher,82,7,61,16,0,5,0,0,1,3,0,0.899,,200,,,,,4,,,
CompleteGumtreeMatcher,82,7,61,16,0,5,0,0,1,3,0,0.899,,300,,,,,4,,,
CompleteGumtreeMatcher,82,7,61,16,0,5,0,0,1,3,0,0.899,,400,,,,,4,,,
CompleteGumtreeMatcher,82,7,61,16,0,5,0,0,0,3,0,0.899,,500,,,,,4,,,
CompleteGumtreeMatcher,45,2,45,0,0,0,0,0,390,3,0,0.899,,600,,,,,4,,,
CompleteGumtreeMatcher,45,2,45,0,0,0,0,0,391,3,0,0.899,,700,,,,,4,,,
CompleteGumtreeMatcher,45,2,45,0,0,0,0,0,391,3,0,0.899,,800,,,,,4,,,
CompleteGumtreeMatcher,45,2,45,0,0,0,0,0,391,3,0,0.899,,900,,,,,4,,,
CompleteGumtreeMatcher,45,2,45,0,0,0,0,0,391,3,0,0.899,,1000,,,,,4,,,
CompleteGumtreeMatcher,45,2,45,0,0,0,0,0,386,3,0,0.899,,1100,,,,,4,,,
CompleteGumtreeMatcher,45,2,45,0,0,0,0,0,386,3,0,0.899,,1200,,,,,4,,,
CompleteGumtreeMatcher,45,2,45,0,0,0,0,0,385,3,0,0.899,,1300,,,,,4,,,
CompleteGumtreeMatcher,45,2,45,0,0,0,0,0,385,3,0,0.899,,1400,,,,,4,,,
CompleteGumtreeMatcher,45,2,45,0,0,0,0,0,385,3,0,0.899,,1500,,,,,4,,,
CompleteGumtreeMatcher,45,2,45,0,0,0,0,0,386,3,0,0.899,,1600,,,,,4,,,
CompleteGumtreeMatcher,45,2,45,0,0,0,0,0,385,3,0,0.899,,1700,,,,,4,,,
CompleteGumtreeMatcher,45,2,45,0,0,0,0,0,386,3,0,0.899,,1800,,,,,4,,,
CompleteGumtreeMatcher,45,2,45,0,0,0,0,0,386,3,0,0.899,,1900,,,,,4,,,
CompleteGumtreeMatcher,45,2,45,0,0,0,0,0,387,3,0,0.899,,2000,,,,,4,,,
CompleteGumtreeMatcher,124,5,83,38,0,3,0,0,1,3,0,0.899,,100,,,,,5,,,
CompleteGumtreeMatcher,124,5,83,38,0,3,0,0,1,3,0,0.899,,200,,,,,5,,,
CompleteGumtreeMatcher,124,5,83,38,0,3,0,0,1,3,0,0.899,,300,,,,,5,,,
CompleteGumtreeMatcher,124,5,83,38,0,3,0,0,1,3,0,0.899,,400,,,,,5,,,
CompleteGumtreeMatcher,124,5,83,38,0,3,0,0,1,3,0,0.899,,500,,,,,5,,,
CompleteGumtreeMatcher,45,2,45,0,0,0,0,0,386,3,0,0.899,,600,,,,,5,,,
CompleteGumtreeMatcher,45,2,45,0,0,0,0,0,386,3,0,0.899,,700,,,,,5,,,
CompleteGumtreeMatcher,45,2,45,0,0,0,0,0,386,3,0,0.899,,800,,,,,5,,,
CompleteGumtreeMatcher,45,2,45,0,0,0,0,0,385,3,0,0.899,,900,,,,,5,,,
CompleteGumtreeMatcher,45,2,45,0,0,0,0,0,386,3,0,0.899,,1000,,,,,5,,,
CompleteGumtreeMatcher,45,2,45,0,0,0,0,0,386,3,0,0.899,,1100,,,,,5,,,
CompleteGumtreeMatcher,45,2,45,0,0,0,0,0,387,3,0,0.899,,1200,,,,,5,,,
CompleteGumtreeMatcher,45,2,45,0,0,0,0,0,385,3,0,0.899,,1300,,,,,5,,,
CompleteGumtreeMatcher,45,2,45,0,0,0,0,0,385,3,0,0.899,,1400,,,,,5,,,
CompleteGumtreeMatcher,45,2,45,0,0,0,0,0,387,3,0,0.899,,1500,,,,,5,,,
CompleteGumtreeMatcher,45,2,45,0,0,0,0,0,386,3,0,0.899,,1600,,,,,5,,,
CompleteGumtreeMatcher,45,2,45,0,0,0,0,0,386,3,0,0.899,,1700,,,,,5,,,
CompleteGumtreeMatcher,45,2,45,0,0,0,0,0,386,3,0,0.899,,1800,,,,,5,,,
CompleteGumtreeMatcher,45,2,45,0,0,0,0,0,385,3,0,0.899,,1900,,,,,5,,,
CompleteGumtreeMatcher,45,2,45,0,0,0,0,0,386,3,0,0.899,,2000,,,,,5,,,
CompleteGumtreeMatcher,58,11,47,2,0,9,0,0,1,3,0,0.999,,100,,,,,1,,,
CompleteGumtreeMatcher,58,11,47,2,0,9,0,0,1,3,0,0.999,,200,,,,,1,,,
CompleteGumtreeMatcher,58,11,47,2,0,9,0,0,1,3,0,0.999,,300,,,,,1,,,
CompleteGumtreeMatcher,58,11,47,2,0,9,0,0,0,3,0,0.999,,400,,,,,1,,,
CompleteGumtreeMatcher,58,11,47,2,0,9,0,0,1,3,0,0.999,,500,,,,,1,,,
CompleteGumtreeMatcher,45,2,45,0,0,0,0,0,386,3,0,0.999,,600,,,,,1,,,
CompleteGumtreeMatcher,45,2,45,0,0,0,0,0,386,3,0,0.999,,700,,,,,1,,,
CompleteGumtreeMatcher,45,2,45,0,0,0,0,0,386,3,0,0.999,,800,,,,,1,,,
CompleteGumtreeMatcher,45,2,45,0,0,0,0,0,385,3,0,0.999,,900,,,,,1,,,
CompleteGumtreeMatcher,45,2,45,0,0,0,0,0,386,3,0,0.999,,1000,,,,,1,,,
CompleteGumtreeMatcher,45,2,45,0,0,0,0,0,390,3,0,0.999,,1100,,,,,1,,,
CompleteGumtreeMatcher,45,2,45,0,0,0,0,0,390,3,0,0.999,,1200,,,,,1,,,
CompleteGumtreeMatcher,45,2,45,0,0,0,0,0,390,3,0,0.999,,1300,,,,,1,,,
CompleteGumtreeMatcher,45,2,45,0,0,0,0,0,391,3,0,0.999,,1400,,,,,1,,,
CompleteGumtreeMatcher,45,2,45,0,0,0,0,0,390,3,0,0.999,,1500,,,,,1,,,
CompleteGumtreeMatcher,45,2,45,0,0,0,0,0,391,3,0,0.999,,1600,,,,,1,,,
CompleteGumtreeMatcher,45,2,45,0,0,0,0,0,391,3,0,0.999,,1700,,,,,1,,,
CompleteGumtreeMatcher,45,2,45,0,0,0,0,0,391,3,0,0.999,,1800,,,,,1,,,
CompleteGumtreeMatcher,45,2,45,0,0,0,0,0,391,3,0,0.999,,1900,,,,,1,,,
CompleteGumtreeMatcher,45,2,45,0,0,0,0,0,392,3,0,0.999,,2000,,,,,1,,,
CompleteGumtreeMatcher,69,8,54,9,0,6,0,0,1,3,0,0.999,,100,,,,,2,,,
CompleteGumtreeMatcher,69,8,54,9,0,6,0,0,1,3,0,0.999,,200,,,,,2,,,
CompleteGumtreeMatcher,69,8,54,9,0,6,0,0,1,3,0,0.999,,300,,,,,2,,,
CompleteGumtreeMatcher,69,8,54,9,0,6,0,0,0,3,0,0.999,,400,,,,,2,,,
CompleteGumtreeMatcher,69,8,54,9,0,6,0,0,1,3,0,0.999,,500,,,,,2,,,
CompleteGumtreeMatcher,45,2,45,0,0,0,0,0,386,3,0,0.999,,600,,,,,2,,,
CompleteGumtreeMatcher,45,2,45,0,0,0,0,0,386,3,0,0.999,,700,,,,,2,,,
CompleteGumtreeMatcher,45,2,45,0,0,0,0,0,386,3,0,0.999,,800,,,,,2,,,
CompleteGumtreeMatcher,45,2,45,0,0,0,0,0,386,3,0,0.999,,900,,,,,2,,,
CompleteGumtreeMatcher,45,2,45,0,0,0,0,0,390,3,0,0.999,,1000,,,,,2,,,
CompleteGumtreeMatcher,45,2,45,0,0,0,0,0,386,3,0,0.999,,1100,,,,,2,,,
CompleteGumtreeMatcher,45,2,45,0,0,0,0,0,387,3,0,0.999,,1200,,,,,2,,,
CompleteGumtreeMatcher,45,2,45,0,0,0,0,0,386,3,0,0.999,,1300,,,,,2,,,
CompleteGumtreeMatcher,45,2,45,0,0,0,0,0,386,3,0,0.999,,1400,,,,,2,,,
CompleteGumtreeMatcher,45,2,45,0,0,0,0,0,387,3,0,0.999,,1500,,,,,2,,,
CompleteGumtreeMatcher,45,2,45,0,0,0,0,0,386,3,0,0.999,,1600,,,,,2,,,
CompleteGumtreeMatcher,45,2,45,0,0,0,0,0,386,3,0,0.999,,1700,,,,,2,,,
CompleteGumtreeMatcher,45,2,45,0,0,0,0,0,386,3,0,0.999,,1800,,,,,2,,,
CompleteGumtreeMatcher,45,2,45,0,0,0,0,0,385,3,0,0.999,,1900,,,,,2,,,
CompleteGumtreeMatcher,45,2,45,0,0,0,0,0,385,3,0,0.999,,2000,,,,,2,,,
CompleteGumtreeMatcher,82,7,61,16,0,5,0,0,1,3,0,0.999,,100,,,,,3,,,
CompleteGumtreeMatcher,82,7,61,16,0,5,0,0,1,3,0,0.999,,200,,,,,3,,,
CompleteGumtreeMatcher,82,7,61,16,0,5,0,0,1,3,0,0.999,,300,,,,,3,,,
CompleteGumtreeMatcher,82,7,61,16,0,5,0,0,0,3,0,0.999,,400,,,,,3,,,
CompleteGumtreeMatcher,82,7,61,16,0,5,0,0,1,3,0,0.999,,500,,,,,3,,,
CompleteGumtreeMatcher,45,2,45,0,0,0,0,0,386,3,0,0.999,,600,,,,,3,,,
CompleteGumtreeMatcher,45,2,45,0,0,0,0,0,386,3,0,0.999,,700,,,,,3,,,
CompleteGumtreeMatcher,45,2,45,0,0,0,0,0,386,3,0,0.999,,800,,,,,3,,,
CompleteGumtreeMatcher,45,2,45,0,0,0,0,0,385,3,0,0.999,,900,,,,,3,,,
CompleteGumtreeMatcher,45,2,45,0,0,0,0,0,387,3,0,0.999,,1000,,,,,3,,,
CompleteGumtreeMatcher,45,2,45,0,0,0,0,0,385,3,0,0.999,,1100,,,,,3,,,
CompleteGumtreeMatcher,45,2,45,0,0,0,0,0,385,3,0,0.999,,1200,,,,,3,,,
CompleteGumtreeMatcher,45,2,45,0,0,0,0,0,385,3,0,0.999,,1300,,,,,3,,,
CompleteGumtreeMatcher,45,2,45,0,0,0,0,0,386,3,0,0.999,,1400,,,,,3,,,
CompleteGumtreeMatcher,45,2,45,0,0,0,0,0,386,3,0,0.999,,1500,,,,,3,,,
CompleteGumtreeMatcher,45,2,45,0,0,0,0,0,392,3,0,0.999,,1600,,,,,3,,,
CompleteGumtreeMatcher,45,2,45,0,0,0,0,0,392,3,0,0.999,,1700,,,,,3,,,
CompleteGumtreeMatcher,45,2,45,0,0,0,0,0,392,3,0,0.999,,1800,,,,,3,,,
CompleteGumtreeMatcher,45,2,45,0,0,0,0,0,396,3,0,0.999,,1900,,,,,3,,,
CompleteGumtreeMatcher,45,2,45,0,0,0,0,0,394,3,0,0.999,,2000,,,,,3,,,
CompleteGumtreeMatcher,82,7,61,16,0,5,0,0,1,3,0,0.999,,100,,,,,4,,,
CompleteGumtreeMatcher,82,7,61,16,0,5,0,0,1,3,0,0.999,,200,,,,,4,,,
CompleteGumtreeMatcher,82,7,61,16,0,5,0,0,1,3,0,0.999,,300,,,,,4,,,
CompleteGumtreeMatcher,82,7,61,16,0,5,0,0,1,3,0,0.999,,400,,,,,4,,,
CompleteGumtreeMatcher,82,7,61,16,0,5,0,0,1,3,0,0.999,,500,,,,,4,,,
CompleteGumtreeMatcher,45,2,45,0,0,0,0,0,394,3,0,0.999,,600,,,,,4,,,
CompleteGumtreeMatcher,45,2,45,0,0,0,0,0,393,3,0,0.999,,700,,,,,4,,,
CompleteGumtreeMatcher,45,2,45,0,0,0,0,0,393,3,0,0.999,,800,,,,,4,,,
CompleteGumtreeMatcher,45,2,45,0,0,0,0,0,394,3,0,0.999,,900,,,,,4,,,
CompleteGumtreeMatcher,45,2,45,0,0,0,0,0,395,3,0,0.999,,1000,,,,,4,,,
CompleteGumtreeMatcher,45,2,45,0,0,0,0,0,386,3,0,0.999,,1100,,,,,4,,,
CompleteGumtreeMatcher,45,2,45,0,0,0,0,0,386,3,0,0.999,,1200,,,,,4,,,
CompleteGumtreeMatcher,45,2,45,0,0,0,0,0,386,3,0,0.999,,1300,,,,,4,,,
CompleteGumtreeMatcher,45,2,45,0,0,0,0,0,387,3,0,0.999,,1400,,,,,4,,,
CompleteGumtreeMatcher,45,2,45,0,0,0,0,0,387,3,0,0.999,,1500,,,,,4,,,
CompleteGumtreeMatcher,45,2,45,0,0,0,0,0,387,3,0,0.999,,1600,,,,,4,,,
CompleteGumtreeMatcher,45,2,45,0,0,0,0,0,385,3,0,0.999,,1700,,,,,4,,,
CompleteGumtreeMatcher,45,2,45,0,0,0,0,0,386,3,0,0.999,,1800,,,,,4,,,
CompleteGumtreeMatcher,45,2,45,0,0,0,0,0,387,3,0,0.999,,1900,,,,,4,,,
CompleteGumtreeMatcher,45,2,45,0,0,0,0,0,385,3,0,0.999,,2000,,,,,4,,,
CompleteGumtreeMatcher,124,5,83,38,0,3,0,0,1,3,0,0.999,,100,,,,,5,,,
CompleteGumtreeMatcher,124,5,83,38,0,3,0,0,1,3,0,0.999,,200,,,,,5,,,
CompleteGumtreeMatcher,124,5,83,38,0,3,0,0,1,3,0,0.999,,300,,,,,5,,,
CompleteGumtreeMatcher,124,5,83,38,0,3,0,0,0,3,0,0.999,,400,,,,,5,,,
CompleteGumtreeMatcher,124,5,83,38,0,3,0,0,1,3,0,0.999,,500,,,,,5,,,
CompleteGumtreeMatcher,45,2,45,0,0,0,0,0,386,3,0,0.999,,600,,,,,5,,,
CompleteGumtreeMatcher,45,2,45,0,0,0,0,0,386,3,0,0.999,,700,,,,,5,,,
CompleteGumtreeMatcher,45,2,45,0,0,0,0,0,385,3,0,0.999,,800,,,,,5,,,
CompleteGumtreeMatcher,45,2,45,0,0,0,0,0,387,3,0,0.999,,900,,,,,5,,,
CompleteGumtreeMatcher,45,2,45,0,0,0,0,0,387,3,0,0.999,,1000,,,,,5,,,
CompleteGumtreeMatcher,45,2,45,0,0,0,0,0,386,3,0,0.999,,1100,,,,,5,,,
CompleteGumtreeMatcher,45,2,45,0,0,0,0,0,385,3,0,0.999,,1200,,,,,5,,,
CompleteGumtreeMatcher,45,2,45,0,0,0,0,0,386,3,0,0.999,,1300,,,,,5,,,
CompleteGumtreeMatcher,45,2,45,0,0,0,0,0,386,3,0,0.999,,1400,,,,,5,,,
CompleteGumtreeMatcher,45,2,45,0,0,0,0,0,385,3,0,0.999,,1500,,,,,5,,,
CompleteGumtreeMatcher,45,2,45,0,0,0,0,0,383,3,0,0.999,,1600,,,,,5,,,
CompleteGumtreeMatcher,45,2,45,0,0,0,0,0,383,3,0,0.999,,1700,,,,,5,,,
CompleteGumtreeMatcher,45,2,45,0,0,0,0,0,383,3,0,0.999,,1800,,,,,5,,,
CompleteGumtreeMatcher,45,2,45,0,0,0,0,0,383,3,0,0.999,,1900,,,,,5,,,
CompleteGumtreeMatcher,45,2,45,0,0,0,0,0,377,3,0,0.999,,2000,,,,,5,,,
ChangeDistiller,437,338,106,61,134,136,0,0,1032,4,0,,,,0.1,2,0.2,0.1,,,,
ChangeDistiller,495,342,131,86,128,150,0,0,1032,4,0,,,,0.1,2,0.4,0.1,,,,
ChangeDistiller,563,361,149,104,124,186,0,0,1033,4,0,,,,0.1,2,0.6,0.1,,,,
ChangeDistiller,596,349,161,100,125,210,0,0,1034,4,0,,,,0.1,2,0.8,0.1,,,,
ChangeDistiller,410,321,101,56,128,125,0,0,1032,4,0,,,,0.1,4,0.2,0.1,,,,
ChangeDistiller,453,337,112,67,129,145,0,0,1033,4,0,,,,0.1,4,0.4,0.1,,,,
ChangeDistiller,522,373,129,84,129,180,0,0,1033,4,0,,,,0.1,4,0.6,0.1,,,,
ChangeDistiller,532,362,136,54,130,212,0,0,1033,4,0,,,,0.1,4,0.8,0.1,,,,
ChangeDistiller,532,362,136,54,130,212,0,0,1041,4,0,,,,0.1,4,1.0,0.1,,,,
ChangeDistiller,410,321,101,56,128,125,0,0,1028,4,0,,,,0.1,6,0.2,0.1,,,,
ChangeDistiller,429,338,106,61,128,134,0,0,1027,4,0,,,,0.1,6,0.4,0.1,,,,
ChangeDistiller,479,370,116,71,128,164,0,0,1028,4,0,,,,0.1,6,0.6,0.1,,,,
ChangeDistiller,483,355,124,33,129,197,0,0,1029,4,0,,,,0.1,6,0.8,0.1,,,,
ChangeDistiller,483,355,124,33,129,197,0,0,1033,4,0,,,,0.1,6,1.0,0.1,,,,
ChangeDistiller,386,291,102,57,107,120,0,0,887,4,0,,,,0.3,2,0.2,0.1,,,,
ChangeDistiller,434,292,122,77,103,132,0,0,888,4,0,,,,0.3,2,0.4,0.1,,,,
ChangeDistiller,529,328,146,101,100,182,0,0,890,4,0,,,,0.3,2,0.6,0.1,,,,
ChangeDistiller,563,320,159,98,100,206,0,0,889,4,0,,,,0.3,2,0.8,0.1,,,,
ChangeDistiller,566,321,160,99,100,207,0,0,889,4,0,,,,0.3,2,1.0,0.1,,,,
ChangeDistiller,353,272,96,51,100,106,0,0,878,4,0,,,,0.3,4,0.2,0.1,,,,
ChangeDistiller,404,295,107,62,103,132,0,0,879,4,0,,,,0.3,4,0.4,0.1,,,,
ChangeDistiller,484,336,126,81,104,173,0,0,881,4,0,,,,0.3,4,0.6,0.1,,,,
ChangeDistiller,495,334,133,51,104,207,0,0,881,4,0,,,,0.3,4,0.8,0.1,,,,
ChangeDistiller,495,334,133,51,104,207,0,0,881,4,0,,,,0.3,4,1.0,0.1,,,,
ChangeDistiller,353,272,96,51,100,106,0,0,880,4,0,,,,0.3,6,0.2,0.1,,,,
ChangeDistiller,374,292,101,56,100,117,0,0,880,4,0,,,,0.3,6,0.4,0.1,,,,
ChangeDistiller,426,326,111,66,100,149,0,0,880,4,0,,,,0.3,6,0.6,0.1,,,,
ChangeDistiller,419,322,120,11,103,185,0,0,880,4,0,,,,0.3,6,0.8,0.1,,,,
ChangeDistiller,447,327,121,30,103,193,0,0,880,4,0,,,,0.3,6,1.0,0.1,,,,
ChangeDistiller,348,253,98,53,91,106,0,0,853,4,0,,,,0.5,2,0.2,0.1,,,,
ChangeDistiller,396,256,117,72,88,119,0,0,854,4,0,,,,0.5,2,0.4,0.1,,,,
ChangeDistiller,464,290,136,91,84,153,0,0,854,4,0,,,,0.5,2,0.6,0.1,,,,
ChangeDistiller,535,301,155,93,85,202,0,0,856,4,0,,,,0.5,2,0.8,0.1,,,,
ChangeDistiller,535,301,155,93,85,202,0,0,856,4,0,,,,0.5,2,1.0,0.1,,,,
ChangeDistiller,315,234,92,47,84,92,0,0,851,4,0,,,,0.5,4,0.2,0.1,,,,
ChangeDistiller,354,255,101,56,85,112,0,0,852,4,0,,,,0.5,4,0.4,0.1,,,,
ChangeDistiller,420,294,116,71,85,148,0,0,852,4,0,,,,0.5,4,0.6,0.1,,,,
ChangeDistiller,431,306,127,23,88,193,0,0,853,4,0,,,,0.5,4,0.8,0.1,,,,
ChangeDistiller,464,311,128,47,88,201,0,0,855,4,0,,,,0.5,4,1.0,0.1,,,,
ChangeDistiller,315,234,92,47,84,92,0,0,849,4,0,,,,0.5,6,0.2,0.1,,,,
ChangeDistiller,336,254,97,52,84,103,0,0,850,4,0,,,,0.5,6,0.4,0.1,,,,
ChangeDistiller,382,290,104,59,84,135,0,0,851,4,0,,,,0.5,6,0.6,0.1,,,,
ChangeDistiller,385,295,115,10,87,173,0,0,851,4,0,,,,0.5,6,0.8,0.1,,,,
ChangeDistiller,420,305,117,27,87,189,0,0,851,4,0,,,,0.5,6,1.0,0.1,,,,
ChangeDistiller,281,194,81,36,51,113,0,0,344,4,0,,,,0.7,2,0.2,0.1,,,,
ChangeDistiller,302,185,101,56,44,101,0,0,344,4,0,,,,0.7,2,0.4,0.1,,,,
ChangeDistiller,348,188,120,75,38,115,0,0,345,4,0,,,,0.7,2,0.6,0.1,,,,
ChangeDistiller,438,231,135,81,40,182,0,0,346,4,0,,,,0.7,2,0.8,0.1,,,,
ChangeDistiller,438,231,135,81,40,182,0,0,346,4,0,,,,0.7,2,1.0,0.1,,,,
ChangeDistiller,271,186,77,32,51,111,0,0,342,4,0,,,,0.7,4,0.2,0.1,,,,
ChangeDistiller,273,187,83,38,47,105,0,0,343,4,0,,,,0.7,4,0.4,0.1,,,,
ChangeDistiller,311,210,95,50,47,119,0,0,344,4,0,,,,0.7,4,0.6,0.1,,,,
ChangeDistiller,387,257,106,61,49,171,0,0,344,4,0,,,,0.7,4,0.8,0.1,,,,
ChangeDistiller,392,256,111,39,49,193,0,0,344,4,0,,,,0.7,4,1.0,0.1,,,,
ChangeDistiller,271,186,77,32,51,111,0,0,346,4,0,,,,0.7,6,0.2,0.1,,,,
ChangeDistiller,271,186,77,32,51,111,0,0,346,4,0,,,,0.7,6,0.4,0.1,,,,
ChangeDistiller,291,206,83,38,50,120,0,0,345,4,0,,,,0.7,6,0.6,0.1,,,,
ChangeDistiller,356,249,95,50,51,160,0,0,346,4,0,,,,0.7,6,0.8,0.1,,,,
ChangeDistiller,372,262,101,25,51,195,0,0,347,4,0,,,,0.7,6,1.0,0.1,,,,
ChangeDistiller,222,142,71,26,27,98,0,0,287,4,0,,,,0.899,2,0.2,0.1,,,,
ChangeDistiller,248,143,94,49,19,86,0,0,287,4,0,,,,0.899,2,0.4,0.1,,,,
ChangeDistiller,296,142,113,68,14,101,0,0,288,4,0,,,,0.899,2,0.6,0.1,,,,
ChangeDistiller,377,177,126,79,16,156,0,0,290,4,0,,,,0.899,2,0.8,0.1,,,,
ChangeDistiller,377,177,126,79,16,156,0,0,289,4,0,,,,0.899,2,1.0,0.1,,,,
ChangeDistiller,223,144,71,26,27,99,0,0,285,4,0,,,,0.899,4,0.2,0.1,,,,
ChangeDistiller,207,135,75,30,20,82,0,0,285,4,0,,,,0.899,4,0.4,0.1,,,,
ChangeDistiller,259,165,88,43,23,105,0,0,286,4,0,,,,0.899,4,0.6,0.1,,,,
ChangeDistiller,305,187,97,52,25,131,0,0,286,4,0,,,,0.899,4,0.8,0.1,,,,
ChangeDistiller,333,204,103,37,25,168,0,0,287,4,0,,,,0.899,4,1.0,0.1,,,,
ChangeDistiller,223,144,71,26,27,99,0,0,285,4,0,,,,0.899,6,0.2,0.1,,,,
ChangeDistiller,223,144,71,26,27,99,0,0,285,4,0,,,,0.899,6,0.4,0.1,,,,
ChangeDistiller,239,160,76,31,26,106,0,0,286,4,0,,,,0.899,6,0.6,0.1,,,,
ChangeDistiller,288,189,87,42,27,132,0,0,286,4,0,,,,0.899,6,0.8,0.1,,,,
ChangeDistiller,313,210,93,23,27,170,0,0,286,4,0,,,,0.899,6,1.0,0.1,,,,
ChangeDistiller,464,343,115,70,134,145,0,0,1022,4,0,,,,0.1,2,0.2,0.3,,,,
ChangeDistiller,516,329,139,94,125,158,0,0,1024,4,0,,,,0.1,2,0.4,0.3,,,,
ChangeDistiller,585,334,161,116,123,185,0,0,1033,4,0,,,,0.1,2,0.6,0.3,,,,
ChangeDistiller,624,330,172,124,123,205,0,0,1025,4,0,,,,0.1,2,0.8,0.3,,,,
ChangeDistiller,627,331,173,125,123,206,0,0,1026,4,0,,,,0.1,2,1.0,0.3,,,,
ChangeDistiller,468,345,117,72,133,146,0,0,1022,4,0,,,,0.1,4,0.2,0.3,,,,
ChangeDistiller,511,332,132,87,133,159,0,0,1022,4,0,,,,0.1,4,0.4,0.3,,,,
ChangeDistiller,570,347,147,102,133,188,0,0,1024,4,0,,,,0.1,4,0.6,0.3,,,,
ChangeDistiller,574,341,151,85,133,205,0,0,1031,4,0,,,,0.1,4,0.8,0.3,,,,
ChangeDistiller,574,341,151,85,133,205,0,0,1024,4,0,,,,0.1,4,1.0,0.3,,,,
ChangeDistiller,474,338,119,74,133,148,0,0,1019,4,0,,,,0.1,6,0.2,0.3,,,,
ChangeDistiller,498,331,126,81,133,158,0,0,1019,4,0,,,,0.1,6,0.4,0.3,,,,
ChangeDistiller,546,354,136,91,133,186,0,0,1021,4,0,,,,0.1,6,0.6,0.3,,,,
ChangeDistiller,552,345,143,71,133,205,0,0,1021,4,0,,,,0.1,6,0.8,0.3,,,,
ChangeDistiller,552,345,143,71,133,205,0,0,1029,4,0,,,,0.1,6,1.0,0.3,,,,
ChangeDistiller,423,306,114,69,107,133,0,0,883,4,0,,,,0.3,2,0.2,0.3,,,,
ChangeDistiller,460,283,132,87,100,141,0,0,881,4,0,,,,0.3,2,0.4,0.3,,,,
ChangeDistiller,542,295,157,112,98,175,0,0,880,4,0,,,,0.3,2,0.6,0.3,,,,
ChangeDistiller,593,301,171,123,98,201,0,0,881,4,0,,,,0.3,2,0.8,0.3,,,,
ChangeDistiller,596,302,172,124,98,202,0,0,886,4,0,,,,0.3,2,1.0,0.3,,,,
ChangeDistiller,426,307,115,70,107,134,0,0,881,4,0,,,,0.3,4,0.2,0.3,,,,
ChangeDistiller,470,293,130,85,107,148,0,0,881,4,0,,,,0.3,4,0.4,0.3,,,,
ChangeDistiller,530,308,145,100,107,178,0,0,884,4,0,,,,0.3,4,0.6,0.3,,,,
ChangeDistiller,543,311,150,87,107,199,0,0,887,4,0,,,,0.3,4,0.8,0.3,,,,
ChangeDistiller,543,311,150,87,107,199,0,0,884,4,0,,,,0.3,4,1.0,0.3,,,,
ChangeDistiller,437,304,118,73,107,139,0,0,882,4,0,,,,0.3,6,0.2,0.3,,,,
ChangeDistiller,457,292,124,79,107,147,0,0,881,4,0,,,,0.3,6,0.4,0.3,,,,
ChangeDistiller,495,305,134,89,107,165,0,0,883,4,0,,,,0.3,6,0.6,0.3,,,,
ChangeDistiller,522,316,142,73,107,200,0,0,882,4,0,,,,0.3,6,0.8,0.3,,,,
ChangeDistiller,522,316,142,73,107,200,0,0,885,4,0,,,,0.3,6,1.0,0.3,,,,
ChangeDistiller,382,265,109,64,91,118,0,0,850,4,0,,,,0.5,2,0.2,0.3,,,,
ChangeDistiller,421,247,127,82,84,128,0,0,866,4,0,,,,0.5,2,0.4,0.3,,,,
ChangeDistiller,487,267,149,104,82,152,0,0,852,4,0,,,,0.5,2,0.6,0.3,,,,
ChangeDistiller,564,280,167,119,82,196,0,0,853,4,0,,,,0.5,2,0.8,0.3,,,,
ChangeDistiller,564,280,167,119,82,196,0,0,862,4,0,,,,0.5,2,1.0,0.3,,,,
ChangeDistiller,385,266,110,65,91,119,0,0,853,4,0,,,,0.5,4,0.2,0.3,,,,
ChangeDistiller,435,259,125,80,92,138,0,0,850,4,0,,,,0.5,4,0.4,0.3,,,,
ChangeDistiller,476,276,136,91,92,157,0,0,851,4,0,,,,0.5,4,0.6,0.3,,,,
ChangeDistiller,517,293,145,83,92,197,0,0,856,4,0,,,,0.5,4,0.8,0.3,,,,
ChangeDistiller,517,293,145,83,92,197,0,0,853,4,0,,,,0.5,4,1.0,0.3,,,,
ChangeDistiller,396,264,113,68,91,124,0,0,851,4,0,,,,0.5,6,0.2,0.3,,,,
ChangeDistiller,418,256,119,74,91,134,0,0,851,4,0,,,,0.5,6,0.4,0.3,,,,
ChangeDistiller,448,272,126,81,91,150,0,0,853,4,0,,,,0.5,6,0.6,0.3,,,,
ChangeDistiller,458,288,136,45,91,186,0,0,853,4,0,,,,0.5,6,0.8,0.3,,,,
ChangeDistiller,491,293,137,69,91,194,0,0,853,4,0,,,,0.5,6,1.0,0.3,,,,
ChangeDistiller,303,193,88,43,53,119,0,0,346,4,0,,,,0.7,2,0.2,0.3,,,,
ChangeDistiller,290,169,101,56,39,94,0,0,346,4,0,,,,0.7,2,0.4,0.3,,,,
ChangeDistiller,365,186,127,82,37,119,0,0,348,4,0,,,,0.7,2,0.6,0.3,,,,
ChangeDistiller,452,216,142,96,37,177,0,0,348,4,0,,,,0.7,2,0.8,0.3,,,,
ChangeDistiller,452,216,142,96,37,177,0,0,348,4,0,,,,0.7,2,1.0,0.3,,,,
ChangeDistiller,299,191,88,43,52,116,0,0,342,4,0,,,,0.7,4,0.2,0.3,,,,
ChangeDistiller,299,192,95,50,49,105,0,0,343,4,0,,,,0.7,4,0.4,0.3,,,,
ChangeDistiller,334,195,107,62,49,116,0,0,343,4,0,,,,0.7,4,0.6,0.3,,,,
ChangeDistiller,373,228,122,29,49,173,0,0,344,4,0,,,,0.7,4,0.8,0.3,,,,
ChangeDistiller,413,234,123,60,49,181,0,0,344,4,0,,,,0.7,4,1.0,0.3,,,,
ChangeDistiller,287,182,89,44,49,105,0,0,343,4,0,,,,0.7,6,0.2,0.3,,,,
ChangeDistiller,282,178,89,44,48,101,0,0,343,4,0,,,,0.7,6,0.4,0.3,,,,
ChangeDistiller,303,191,95,50,48,110,0,0,343,4,0,,,,0.7,6,0.6,0.3,,,,
ChangeDistiller,384,235,110,65,48,161,0,0,344,4,0,,,,0.7,6,0.8,0.3,,,,
ChangeDistiller,388,235,114,45,48,181,0,0,345,4,0,,,,0.7,6,1.0,0.3,,,,
ChangeDistiller,229,134,74,29,29,97,0,0,284,4,0,,,,0.899,2,0.2,0.3,,,,
ChangeDistiller,226,121,91,46,14,75,0,0,285,4,0,,,,0.899,2,0.4,0.3,,,,
ChangeDistiller,305,138,117,72,13,103,0,0,286,4,0,,,,0.899,2,0.6,0.3,,,,
ChangeDistiller,376,166,129,83,13,151,0,0,286,4,0,,,,0.899,2,0.8,0.3,,,,
ChangeDistiller,376,166,129,83,13,151,0,0,286,4,0,,,,0.899,2,1.0,0.3,,,,
ChangeDistiller,239,145,78,33,28,100,0,0,285,4,0,,,,0.899,4,0.2,0.3,,,,
ChangeDistiller,235,144,85,40,24,86,0,0,284,4,0,,,,0.899,4,0.4,0.3,,,,
ChangeDistiller,270,149,96,51,25,98,0,0,285,4,0,,,,0.899,4,0.6,0.3,,,,
ChangeDistiller,323,171,107,62,25,129,0,0,285,4,0,,,,0.899,4,0.8,0.3,,,,
ChangeDistiller,339,186,111,47,25,156,0,0,285,4,0,,,,0.899,4,1.0,0.3,,,,
ChangeDistiller,225,134,79,34,25,87,0,0,285,4,0,,,,0.899,6,0.2,0.3,,,,
ChangeDistiller,220,130,79,34,24,83,0,0,290,4,0,,,,0.899,6,0.4,0.3,,,,
ChangeDistiller,232,134,83,38,24,87,0,0,284,4,0,,,,0.899,6,0.6,0.3,,,,
ChangeDistiller,291,169,97,52,24,118,0,0,285,4,0,,,,0.899,6,0.8,0.3,,,,
ChangeDistiller,312,185,102,32,24,154,0,0,285,4,0,,,,0.899,6,1.0,0.3,,,,
ChangeDistiller,467,341,122,77,125,143,0,0,1026,4,0,,,,0.1,2,0.2,0.5,,,,
ChangeDistiller,513,318,144,99,117,153,0,0,1023,4,0,,,,0.1,2,0.4,0.5,,,,
ChangeDistiller,582,318,166,121,115,180,0,0,1023,4,0,,,,0.1,2,0.6,0.5,,,,
ChangeDistiller,629,321,178,132,115,204,0,0,1024,4,0,,,,0.1,2,0.8,0.5,,,,
ChangeDistiller,632,322,179,133,115,205,0,0,1024,4,0,,,,0.1,2,1.0,0.5,,,,
ChangeDistiller,466,330,132,87,115,132,0,0,1022,4,0,,,,0.1,4,0.2,0.5,,,,
ChangeDistiller,510,318,144,99,115,152,0,0,1024,4,0,,,,0.1,4,0.4,0.5,,,,
ChangeDistiller,570,314,162,117,115,176,0,0,1024,4,0,,,,0.1,4,0.6,0.5,,,,
ChangeDistiller,595,311,166,120,115,194,0,0,1024,4,0,,,,0.1,4,0.8,0.5,,,,
ChangeDistiller,595,311,166,120,115,194,0,0,1025,4,0,,,,0.1,4,1.0,0.5,,,,
ChangeDistiller,496,329,141,96,115,144,0,0,1022,4,0,,,,0.1,6,0.2,0.5,,,,
ChangeDistiller,521,311,149,104,115,153,0,0,1022,4,0,,,,0.1,6,0.4,0.5,,,,
ChangeDistiller,564,316,160,115,115,174,0,0,1023,4,0,,,,0.1,6,0.6,0.5,,,,
ChangeDistiller,588,310,165,116,115,192,0,0,1025,4,0,,,,0.1,6,0.8,0.5,,,,
ChangeDistiller,588,310,165,116,115,192,0,0,1023,4,0,,,,0.1,6,1.0,0.5,,,,
ChangeDistiller,428,307,118,73,104,133,0,0,880,4,0,,,,0.3,2,0.2,0.5,,,,
ChangeDistiller,466,284,137,92,96,141,0,0,881,4,0,,,,0.3,2,0.4,0.5,,,,
ChangeDistiller,551,294,163,118,94,176,0,0,885,4,0,,,,0.3,2,0.6,0.5,,,,
ChangeDistiller,600,296,176,130,94,200,0,0,883,4,0,,,,0.3,2,0.8,0.5,,,,
ChangeDistiller,603,297,177,131,94,201,0,0,884,4,0,,,,0.3,2,1.0,0.5,,,,
ChangeDistiller,423,296,126,81,94,122,0,0,880,4,0,,,,0.3,4,0.2,0.5,,,,
ChangeDistiller,463,284,137,92,94,140,0,0,884,4,0,,,,0.3,4,0.4,0.5,,,,
ChangeDistiller,530,285,156,111,94,169,0,0,884,4,0,,,,0.3,4,0.6,0.5,,,,
ChangeDistiller,559,290,161,113,94,191,0,0,884,4,0,,,,0.3,4,0.8,0.5,,,,
ChangeDistiller,559,290,161,113,94,191,0,0,882,4,0,,,,0.3,4,1.0,0.5,,,,
ChangeDistiller,464,300,137,92,95,140,0,0,881,4,0,,,,0.3,6,0.2,0.5,,,,
ChangeDistiller,480,278,143,98,95,144,0,0,884,4,0,,,,0.3,6,0.4,0.5,,,,
ChangeDistiller,530,285,156,111,94,169,0,0,882,4,0,,,,0.3,6,0.6,0.5,,,,
ChangeDistiller,559,290,161,113,94,191,0,0,882,4,0,,,,0.3,6,0.8,0.5,,,,
ChangeDistiller,559,290,161,113,94,191,0,0,884,4,0,,,,0.3,6,1.0,0.5,,,,
ChangeDistiller,388,266,114,69,87,118,0,0,851,4,0,,,,0.5,2,0.2,0.5,,,,
ChangeDistiller,428,248,133,88,79,128,0,0,853,4,0,,,,0.5,2,0.4,0.5,,,,
ChangeDistiller,497,265,156,111,77,153,0,0,856,4,0,,,,0.5,2,0.6,0.5,,,,
ChangeDistiller,572,274,173,127,77,195,0,0,855,4,0,,,,0.5,2,0.8,0.5,,,,
ChangeDistiller,572,274,173,127,77,195,0,0,863,4,0,,,,0.5,2,1.0,0.5,,,,
ChangeDistiller,383,255,122,77,77,107,0,0,851,4,0,,,,0.5,4,0.2,0.5,,,,
ChangeDistiller,425,248,133,88,77,127,0,0,851,4,0,,,,0.5,4,0.4,0.5,,,,
ChangeDistiller,473,252,148,103,77,145,0,0,852,4,0,,,,0.5,4,0.6,0.5,,,,
ChangeDistiller,529,267,157,109,77,186,0,0,853,4,0,,,,0.5,4,0.8,0.5,,,,
ChangeDistiller,529,267,157,109,77,186,0,0,853,4,0,,,,0.5,4,1.0,0.5,,,,
ChangeDistiller,418,259,132,87,77,122,0,0,850,4,0,,,,0.5,6,0.2,0.5,,,,
ChangeDistiller,436,241,138,93,77,128,0,0,851,4,0,,,,0.5,6,0.4,0.5,,,,
ChangeDistiller,468,249,147,102,77,142,0,0,851,4,0,,,,0.5,6,0.6,0.5,,,,
ChangeDistiller,522,266,156,105,77,184,0,0,852,4,0,,,,0.5,6,0.8,0.5,,,,
ChangeDistiller,522,266,156,105,77,184,0,0,851,4,0,,,,0.5,6,1.0,0.5,,,,
ChangeDistiller,309,197,91,46,51,121,0,0,343,4,0,,,,0.7,2,0.2,0.5,,,,
ChangeDistiller,293,170,105,60,35,93,0,0,343,4,0,,,,0.7,2,0.4,0.5,,,,
ChangeDistiller,368,184,131,86,33,118,0,0,345,4,0,,,,0.7,2,0.6,0.5,,,,
ChangeDistiller,455,211,146,100,33,176,0,0,346,4,0,,,,0.7,2,0.8,0.5,,,,
ChangeDistiller,455,211,146,100,33,176,0,0,345,4,0,,,,0.7,2,1.0,0.5,,,,
ChangeDistiller,299,179,102,57,37,103,0,0,343,4,0,,,,0.7,4,0.2,0.5,,,,
ChangeDistiller,293,169,106,61,34,92,0,0,343,4,0,,,,0.7,4,0.4,0.5,,,,
ChangeDistiller,348,174,124,79,34,111,0,0,344,4,0,,,,0.7,4,0.6,0.5,,,,
ChangeDistiller,430,206,137,89,34,170,0,0,344,4,0,,,,0.7,4,0.8,0.5,,,,
ChangeDistiller,430,206,137,89,34,170,0,0,345,4,0,,,,0.7,4,1.0,0.5,,,,
ChangeDistiller,313,179,111,66,35,101,0,0,345,4,0,,,,0.7,6,0.2,0.5,,,,
ChangeDistiller,308,175,111,66,34,97,0,0,346,4,0,,,,0.7,6,0.4,0.5,,,,
ChangeDistiller,343,171,123,78,34,108,0,0,346,4,0,,,,0.7,6,0.6,0.5,,,,
ChangeDistiller,424,205,136,86,34,168,0,0,347,4,0,,,,0.7,6,0.8,0.5,,,,
ChangeDistiller,424,205,136,86,34,168,0,0,347,4,0,,,,0.7,6,1.0,0.5,,,,
ChangeDistiller,235,140,77,32,27,99,0,0,286,4,0,,,,0.899,2,0.2,0.5,,,,
ChangeDistiller,229,122,95,50,10,74,0,0,287,4,0,,,,0.899,2,0.4,0.5,,,,
ChangeDistiller,308,136,121,76,9,102,0,0,288,4,0,,,,0.899,2,0.6,0.5,,,,
ChangeDistiller,379,161,133,87,9,150,0,0,288,4,0,,,,0.899,2,0.8,0.5,,,,
ChangeDistiller,379,161,133,87,9,150,0,0,288,4,0,,,,0.899,2,1.0,0.5,,,,
ChangeDistiller,239,133,92,47,13,87,0,0,285,4,0,,,,0.899,4,0.2,0.5,,,,
ChangeDistiller,229,121,96,51,9,73,0,0,286,4,0,,,,0.899,4,0.4,0.5,,,,
ChangeDistiller,276,128,111,66,10,89,0,0,286,4,0,,,,0.899,4,0.6,0.5,,,,
ChangeDistiller,356,158,125,76,10,145,0,0,287,4,0,,,,0.899,4,0.8,0.5,,,,
ChangeDistiller,356,158,125,76,10,145,0,0,286,4,0,,,,0.899,4,1.0,0.5,,,,
ChangeDistiller,253,133,101,56,11,85,0,0,285,4,0,,,,0.899,6,0.2,0.5,,,,
ChangeDistiller,248,129,101,56,10,81,0,0,286,4,0,,,,0.899,6,0.4,0.5,,,,
ChangeDistiller,269,127,109,64,10,86,0,0,291,4,0,,,,0.899,6,0.6,0.5,,,,
ChangeDistiller,350,157,124,73,10,143,0,0,287,4,0,,,,0.899,6,0.8,0.5,,,,
ChangeDistiller,350,157,124,73,10,143,0,0,287,4,0,,,,0.899,6,1.0,0.5,,,,
ChangeDistiller,512,369,141,96,123,152,0,0,1021,4,0,,,,0.1,2,0.2,0.7,,,,
ChangeDistiller,568,337,167,122,116,163,0,0,1020,4,0,,,,0.1,2,0.4,0.7,,,,
ChangeDistiller,623,331,186,141,111,185,0,0,1022,4,0,,,,0.1,2,0.6,0.7,,,,
ChangeDistiller,665,316,198,153,111,203,0,0,1022,4,0,,,,0.1,2,0.8,0.7,,,,
ChangeDistiller,665,316,198,153,111,203,0,0,1025,4,0,,,,0.1,2,1.0,0.7,,,,
ChangeDistiller,537,379,159,114,111,153,0,0,1024,4,0,,,,0.1,4,0.2,0.7,,,,
ChangeDistiller,590,342,178,133,111,168,0,0,1027,4,0,,,,0.1,4,0.4,0.7,,,,
ChangeDistiller,635,331,191,146,111,187,0,0,1025,4,0,,,,0.1,4,0.6,0.7,,,,
ChangeDistiller,656,313,195,150,111,200,0,0,1024,4,0,,,,0.1,4,0.8,0.7,,,,
ChangeDistiller,656,313,195,150,111,200,0,0,1025,4,0,,,,0.1,4,1.0,0.7,,,,
ChangeDistiller,578,370,172,127,112,167,0,0,1023,4,0,,,,0.1,6,0.2,0.7,,,,
ChangeDistiller,597,344,179,134,112,172,0,0,1024,4,0,,,,0.1,6,0.4,0.7,,,,
ChangeDistiller,635,331,191,146,111,187,0,0,1024,4,0,,,,0.1,6,0.6,0.7,,,,
ChangeDistiller,656,313,195,150,111,200,0,0,1025,4,0,,,,0.1,6,0.8,0.7,,,,
ChangeDistiller,656,313,195,150,111,200,0,0,1023,4,0,,,,0.1,6,1.0,0.7,,,,
ChangeDistiller,465,329,134,89,102,140,0,0,880,4,0,,,,0.3,2,0.2,0.7,,,,
ChangeDistiller,516,305,157,112,96,151,0,0,884,4,0,,,,0.3,2,0.4,0.7,,,,
ChangeDistiller,585,302,180,135,91,179,0,0,881,4,0,,,,0.3,2,0.6,0.7,,,,
ChangeDistiller,631,292,193,148,91,199,0,0,890,4,0,,,,0.3,2,0.8,0.7,,,,
ChangeDistiller,631,292,193,148,91,199,0,0,883,4,0,,,,0.3,2,1.0,0.7,,,,
ChangeDistiller,493,343,152,107,91,143,0,0,882,4,0,,,,0.3,4,0.2,0.7,,,,
ChangeDistiller,543,311,170,125,91,157,0,0,886,4,0,,,,0.3,4,0.4,0.7,,,,
ChangeDistiller,597,302,185,140,91,181,0,0,883,4,0,,,,0.3,4,0.6,0.7,,,,
ChangeDistiller,620,290,189,144,91,196,0,0,884,4,0,,,,0.3,4,0.8,0.7,,,,
ChangeDistiller,620,290,189,144,91,196,0,0,886,4,0,,,,0.3,4,1.0,0.7,,,,
ChangeDistiller,538,337,166,121,92,159,0,0,883,4,0,,,,0.3,6,0.2,0.7,,,,
ChangeDistiller,549,312,171,126,92,160,0,0,883,4,0,,,,0.3,6,0.4,0.7,,,,
ChangeDistiller,597,302,185,140,91,181,0,0,884,4,0,,,,0.3,6,0.6,0.7,,,,
ChangeDistiller,620,290,189,144,91,196,0,0,884,4,0,,,,0.3,6,0.8,0.7,,,,
ChangeDistiller,620,290,189,144,91,196,0,0,883,4,0,,,,0.3,6,1.0,0.7,,,,
ChangeDistiller,424,290,127,82,88,127,0,0,857,4,0,,,,0.5,2,0.2,0.7,,,,
ChangeDistiller,476,268,151,106,81,138,0,0,852,4,0,,,,0.5,2,0.4,0.7,,,,
ChangeDistiller,535,280,171,126,76,162,0,0,855,4,0,,,,0.5,2,0.6,0.7,,,,
ChangeDistiller,597,272,186,141,76,194,0,0,853,4,0,,,,0.5,2,0.8,0.7,,,,
ChangeDistiller,597,272,186,141,76,194,0,0,853,4,0,,,,0.5,2,1.0,0.7,,,,
ChangeDistiller,448,301,145,100,76,127,0,0,851,4,0,,,,0.5,4,0.2,0.7,,,,
ChangeDistiller,500,274,163,118,76,143,0,0,851,4,0,,,,0.5,4,0.4,0.7,,,,
ChangeDistiller,546,285,175,130,76,165,0,0,852,4,0,,,,0.5,4,0.6,0.7,,,,
ChangeDistiller,586,270,182,137,76,191,0,0,852,4,0,,,,0.5,4,0.8,0.7,,,,
ChangeDistiller,586,270,182,137,76,191,0,0,852,4,0,,,,0.5,4,1.0,0.7,,,,
ChangeDistiller,496,301,159,114,77,146,0,0,852,4,0,,,,0.5,6,0.2,0.7,,,,
ChangeDistiller,509,280,164,119,77,149,0,0,854,4,0,,,,0.5,6,0.4,0.7,,,,
ChangeDistiller,546,285,175,130,76,165,0,0,854,4,0,,,,0.5,6,0.6,0.7,,,,
ChangeDistiller,586,270,182,137,76,191,0,0,855,4,0,,,,0.5,6,0.8,0.7,,,,
ChangeDistiller,586,270,182,137,76,191,0,0,856,4,0,,,,0.5,6,1.0,0.7,,,,
ChangeDistiller,323,203,98,53,50,122,0,0,345,4,0,,,,0.7,2,0.2,0.7,,,,
ChangeDistiller,337,179,121,76,38,102,0,0,346,4,0,,,,0.7,2,0.4,0.7,,,,
ChangeDistiller,384,187,139,94,32,119,0,0,347,4,0,,,,0.7,2,0.6,0.7,,,,
ChangeDistiller,468,209,153,108,32,175,0,0,348,4,0,,,,0.7,2,0.8,0.7,,,,
ChangeDistiller,468,209,153,108,32,175,0,0,348,4,0,,,,0.7,2,1.0,0.7,,,,
ChangeDistiller,343,207,118,73,35,117,0,0,343,4,0,,,,0.7,4,0.2,0.7,,,,
ChangeDistiller,352,181,130,85,32,105,0,0,344,4,0,,,,0.7,4,0.4,0.7,,,,
ChangeDistiller,387,188,140,95,32,120,0,0,345,4,0,,,,0.7,4,0.6,0.7,,,,
ChangeDistiller,468,209,153,108,32,175,0,0,345,4,0,,,,0.7,4,0.8,0.7,,,,
ChangeDistiller,468,209,153,108,32,175,0,0,345,4,0,,,,0.7,4,1.0,0.7,,,,
ChangeDistiller,356,195,128,83,33,112,0,0,344,4,0,,,,0.7,6,0.2,0.7,,,,
ChangeDistiller,364,188,132,87,33,112,0,0,344,4,0,,,,0.7,6,0.4,0.7,,,,
ChangeDistiller,387,188,140,95,32,120,0,0,346,4,0,,,,0.7,6,0.6,0.7,,,,
ChangeDistiller,468,209,153,108,32,175,0,0,346,4,0,,,,0.7,6,0.8,0.7,,,,
ChangeDistiller,468,209,153,108,32,175,0,0,345,4,0,,,,0.7,6,1.0,0.7,,,,
ChangeDistiller,246,143,83,38,26,99,0,0,284,4,0,,,,0.899,2,0.2,0.7,,,,
ChangeDistiller,262,136,106,61,13,82,0,0,291,4,0,,,,0.899,2,0.4,0.7,,,,
ChangeDistiller,318,135,127,82,8,101,0,0,286,4,0,,,,0.899,2,0.6,0.7,,,,
ChangeDistiller,390,159,139,94,8,149,0,0,287,4,0,,,,0.899,2,0.8,0.7,,,,
ChangeDistiller,390,159,139,94,8,149,0,0,287,4,0,,,,0.899,2,1.0,0.7,,,,
ChangeDistiller,277,155,106,61,11,99,0,0,286,4,0,,,,0.899,4,0.2,0.7,,,,
ChangeDistiller,280,125,117,72,8,83,0,0,286,4,0,,,,0.899,4,0.4,0.7,,,,
ChangeDistiller,321,136,128,83,8,102,0,0,287,4,0,,,,0.899,4,0.6,0.7,,,,
ChangeDistiller,390,159,139,94,8,149,0,0,288,4,0,,,,0.899,4,0.8,0.7,,,,
ChangeDistiller,390,159,139,94,8,149,0,0,287,4,0,,,,0.899,4,1.0,0.7,,,,
ChangeDistiller,290,143,116,71,9,94,0,0,286,4,0,,,,0.899,6,0.2,0.7,,,,
ChangeDistiller,298,136,120,75,9,94,0,0,289,4,0,,,,0.899,6,0.4,0.7,,,,
ChangeDistiller,321,136,128,83,8,102,0,0,286,4,0,,,,0.899,6,0.6,0.7,,,,
ChangeDistiller,390,159,139,94,8,149,0,0,287,4,0,,,,0.899,6,0.8,0.7,,,,
ChangeDistiller,390,159,139,94,8,149,0,0,287,4,0,,,,0.899,6,1.0,0.7,,,,
ChangeDistiller,512,369,141,96,123,152,0,0,1022,4,0,,,,0.1,2,0.2,0.899,,,,
ChangeDistiller,568,337,167,122,116,163,0,0,1023,4,0,,,,0.1,2,0.4,0.899,,,,
ChangeDistiller,623,331,186,141,111,185,0,0,1024,4,0,,,,0.1,2,0.6,0.899,,,,
ChangeDistiller,665,316,198,153,111,203,0,0,1024,4,0,,,,0.1,2,0.8,0.899,,,,
ChangeDistiller,665,316,198,153,111,203,0,0,1027,4,0,,,,0.1,2,1.0,0.899,,,,
ChangeDistiller,546,385,162,117,111,156,0,0,1023,4,0,,,,0.1,4,0.2,0.899,,,,
ChangeDistiller,599,345,181,136,111,171,0,0,1023,4,0,,,,0.1,4,0.4,0.899,,,,
ChangeDistiller,644,334,194,149,111,190,0,0,1025,4,0,,,,0.1,4,0.6,0.899,,,,
ChangeDistiller,665,316,198,153,111,203,0,0,1025,4,0,,,,0.1,4,0.8,0.899,,,,
ChangeDistiller,665,316,198,153,111,203,0,0,1025,4,0,,,,0.1,4,1.0,0.899,,,,
ChangeDistiller,587,374,175,130,112,170,0,0,1026,4,0,,,,0.1,6,0.2,0.899,,,,
ChangeDistiller,606,347,182,137,112,175,0,0,1023,4,0,,,,0.1,6,0.4,0.899,,,,
ChangeDistiller,644,334,194,149,111,190,0,0,1023,4,0,,,,0.1,6,0.6,0.899,,,,
ChangeDistiller,665,316,198,153,111,203,0,0,1025,4,0,,,,0.1,6,0.8,0.899,,,,
ChangeDistiller,665,316,198,153,111,203,0,0,1025,4,0,,,,0.1,6,1.0,0.899,,,,
ChangeDistiller,465,329,134,89,102,140,0,0,881,4,0,,,,0.3,2,0.2,0.899,,,,
ChangeDistiller,516,305,157,112,96,151,0,0,883,4,0,,,,0.3,2,0.4,0.899,,,,
ChangeDistiller,585,302,180,135,91,179,0,0,884,4,0,,,,0.3,2,0.6,0.899,,,,
ChangeDistiller,631,292,193,148,91,199,0,0,883,4,0,,,,0.3,2,0.8,0.899,,,,
ChangeDistiller,631,292,193,148,91,199,0,0,883,4,0,,,,0.3,2,1.0,0.899,,,,
ChangeDistiller,505,351,156,111,91,147,0,0,881,4,0,,,,0.3,4,0.2,0.899,,,,
ChangeDistiller,555,317,174,129,91,161,0,0,881,4,0,,,,0.3,4,0.4,0.899,,,,
ChangeDistiller,608,304,189,144,91,184,0,0,883,4,0,,,,0.3,4,0.6,0.899,,,,
ChangeDistiller,631,292,193,148,91,199,0,0,882,4,0,,,,0.3,4,0.8,0.899,,,,
ChangeDistiller,631,292,193,148,91,199,0,0,882,4,0,,,,0.3,4,1.0,0.899,,,,
ChangeDistiller,550,343,170,125,92,163,0,0,881,4,0,,,,0.3,6,0.2,0.899,,,,
ChangeDistiller,561,318,175,130,92,164,0,0,881,4,0,,,,0.3,6,0.4,0.899,,,,
ChangeDistiller,608,304,189,144,91,184,0,0,882,4,0,,,,0.3,6,0.6,0.899,,,,
ChangeDistiller,631,292,193,148,91,199,0,0,884,4,0,,,,0.3,6,0.8,0.899,,,,
ChangeDistiller,631,292,193,148,91,199,0,0,882,4,0,,,,0.3,6,1.0,0.899,,,,
ChangeDistiller,424,290,127,82,88,127,0,0,852,4,0,,,,0.5,2,0.2,0.899,,,,
ChangeDistiller,476,268,151,106,81,138,0,0,853,4,0,,,,0.5,2,0.4,0.899,,,,
ChangeDistiller,535,280,171,126,76,162,0,0,854,4,0,,,,0.5,2,0.6,0.899,,,,
ChangeDistiller,597,272,186,141,76,194,0,0,855,4,0,,,,0.5,2,0.8,0.899,,,,
ChangeDistiller,597,272,186,141,76,194,0,0,855,4,0,,,,0.5,2,1.0,0.899,,,,
ChangeDistiller,460,309,149,104,76,131,0,0,853,4,0,,,,0.5,4,0.2,0.899,,,,
ChangeDistiller,512,280,167,122,76,147,0,0,855,4,0,,,,0.5,4,0.4,0.899,,,,
ChangeDistiller,559,285,180,135,76,168,0,0,856,4,0,,,,0.5,4,0.6,0.899,,,,
ChangeDistiller,597,272,186,141,76,194,0,0,856,4,0,,,,0.5,4,0.8,0.899,,,,
ChangeDistiller,597,272,186,141,76,194,0,0,856,4,0,,,,0.5,4,1.0,0.899,,,,
ChangeDistiller,508,307,163,118,77,150,0,0,858,4,0,,,,0.5,6,0.2,0.899,,,,
ChangeDistiller,521,286,168,123,77,153,0,0,856,4,0,,,,0.5,6,0.4,0.899,,,,
ChangeDistiller,559,285,180,135,76,168,0,0,858,4,0,,,,0.5,6,0.6,0.899,,,,
ChangeDistiller,597,272,186,141,76,194,0,0,857,4,0,,,,0.5,6,0.8,0.899,,,,
ChangeDistiller,597,272,186,141,76,194,0,0,858,4,0,,,,0.5,6,1.0,0.899,,,,
ChangeDistiller,338,218,103,58,50,127,0,0,345,4,0,,,,0.7,2,0.2,0.899,,,,
ChangeDistiller,352,194,126,81,38,107,0,0,346,4,0,,,,0.7,2,0.4,0.899,,,,
ChangeDistiller,399,202,144,99,32,124,0,0,346,4,0,,,,0.7,2,0.6,0.899,,,,
ChangeDistiller,478,209,158,113,32,175,0,0,347,4,0,,,,0.7,2,0.8,0.899,,,,
ChangeDistiller,478,209,158,113,32,175,0,0,348,4,0,,,,0.7,2,1.0,0.899,,,,
ChangeDistiller,358,222,123,78,35,122,0,0,347,4,0,,,,0.7,4,0.2,0.899,,,,
ChangeDistiller,367,196,135,90,32,110,0,0,347,4,0,,,,0.7,4,0.4,0.899,,,,
ChangeDistiller,402,203,145,100,32,125,0,0,347,4,0,,,,0.7,4,0.6,0.899,,,,
ChangeDistiller,478,209,158,113,32,175,0,0,347,4,0,,,,0.7,4,0.8,0.899,,,,
ChangeDistiller,478,209,158,113,32,175,0,0,347,4,0,,,,0.7,4,1.0,0.899,,,,
ChangeDistiller,371,210,133,88,33,117,0,0,350,4,0,,,,0.7,6,0.2,0.899,,,,
ChangeDistiller,379,203,137,92,33,117,0,0,350,4,0,,,,0.7,6,0.4,0.899,,,,
ChangeDistiller,402,203,145,100,32,125,0,0,352,4,0,,,,0.7,6,0.6,0.899,,,,
ChangeDistiller,478,209,158,113,32,175,0,0,351,4,0,,,,0.7,6,0.8,0.899,,,,
ChangeDistiller,478,209,158,113,32,175,0,0,350,4,0,,,,0.7,6,1.0,0.899,,,,
ChangeDistiller,246,143,83,38,26,99,0,0,290,4,0,,,,0.899,2,0.2,0.899,,,,
ChangeDistiller,262,136,106,61,13,82,0,0,290,4,0,,,,0.899,2,0.4,0.899,,,,
ChangeDistiller,318,135,127,82,8,101,0,0,292,4,0,,,,0.899,2,0.6,0.899,,,,
ChangeDistiller,390,159,139,94,8,149,0,0,292,4,0,,,,0.899,2,0.8,0.899,,,,
ChangeDistiller,390,159,139,94,8,149,0,0,292,4,0,,,,0.899,2,1.0,0.899,,,,
ChangeDistiller,277,155,106,61,11,99,0,0,287,4,0,,,,0.899,4,0.2,0.899,,,,
ChangeDistiller,280,125,117,72,8,83,0,0,287,4,0,,,,0.899,4,0.4,0.899,,,,
ChangeDistiller,321,136,128,83,8,102,0,0,289,4,0,,,,0.899,4,0.6,0.899,,,,
ChangeDistiller,390,159,139,94,8,149,0,0,289,4,0,,,,0.899,4,0.8,0.899,,,,
ChangeDistiller,390,159,139,94,8,149,0,0,288,4,0,,,,0.899,4,1.0,0.899,,,,
ChangeDistiller,290,143,116,71,9,94,0,0,287,4,0,,,,0.899,6,0.2,0.899,,,,
ChangeDistiller,298,136,120,75,9,94,0,0,287,4,0,,,,0.899,6,0.4,0.899,,,,
ChangeDistiller,321,136,128,83,8,102,0,0,285,4,0,,,,0.899,6,0.6,0.899,,,,
ChangeDistiller,390,159,139,94,8,149,0,0,284,4,0,,,,0.899,6,0.8,0.899,,,,
ChangeDistiller,390,159,139,94,8,149,0,0,285,4,0,,,,0.899,6,1.0,0.899,,,,
