MATCHER,NRACTIONS,NRROOTS,NR_INSERT,NR_DELETE,NR_UPDATE,NR_MOVE,NR_TREEINSERT,NR_TREEDELETE,TIME,NROPTIONS,TIMEOUT,GT_BUM_SMT,GT_BUM_SMT_SBUP,GT_BUM_SZT,GT_CD_LSIM,GT_CD_ML,GT_CD_SSIM1,GT_CD_SSIM2,GT_STM_MH,GT_XYM_SIM,GUMTREE_MATCH_GT_MINH,
SimpleGumtree,2,2,1,0,0,1,0,0,0,2,0,,0.1,,,,,,1,,,
SimpleGumtree,2,2,1,0,0,1,0,0,0,2,0,,0.1,,,,,,2,,,
SimpleGumtree,92,3,46,45,0,1,0,0,0,2,0,,0.1,,,,,,3,,,
SimpleGumtree,101,2,51,50,0,0,0,0,0,2,0,,0.1,,,,,,4,,,
SimpleGumtree,101,2,51,50,0,0,0,0,0,2,0,,0.1,,,,,,5,,,
SimpleGumtree,2,2,1,0,0,1,0,0,0,2,0,,0.3,,,,,,1,,,
SimpleGumtree,2,2,1,0,0,1,0,0,0,2,0,,0.3,,,,,,2,,,
SimpleGumtree,92,3,46,45,0,1,0,0,0,2,0,,0.3,,,,,,3,,,
SimpleGumtree,101,2,51,50,0,0,0,0,0,2,0,,0.3,,,,,,4,,,
SimpleGumtree,101,2,51,50,0,0,0,0,1,2,0,,0.3,,,,,,5,,,
SimpleGumtree,2,2,1,0,0,1,0,0,1,2,0,,0.5,,,,,,1,,,
SimpleGumtree,2,2,1,0,0,1,0,0,1,2,0,,0.5,,,,,,2,,,
SimpleGumtree,92,3,46,45,0,1,0,0,0,2,0,,0.5,,,,,,3,,,
SimpleGumtree,101,2,51,50,0,0,0,0,0,2,0,,0.5,,,,,,4,,,
SimpleGumtree,101,2,51,50,0,0,0,0,0,2,0,,0.5,,,,,,5,,,
SimpleGumtree,2,2,1,0,0,1,0,0,0,2,0,,0.7,,,,,,1,,,
SimpleGumtree,2,2,1,0,0,1,0,0,0,2,0,,0.7,,,,,,2,,,
SimpleGumtree,92,3,46,45,0,1,0,0,0,2,0,,0.7,,,,,,3,,,
SimpleGumtree,101,2,51,50,0,0,0,0,0,2,0,,0.7,,,,,,4,,,
SimpleGumtree,101,2,51,50,0,0,0,0,0,2,0,,0.7,,,,,,5,,,
SimpleGumtree,2,2,1,0,0,1,0,0,0,2,0,,0.899,,,,,,1,,,
SimpleGumtree,2,2,1,0,0,1,0,0,0,2,0,,0.899,,,,,,2,,,
SimpleGumtree,92,3,46,45,0,1,0,0,0,2,0,,0.899,,,,,,3,,,
SimpleGumtree,101,2,51,50,0,0,0,0,0,2,0,,0.899,,,,,,4,,,
SimpleGumtree,101,2,51,50,0,0,0,0,0,2,0,,0.899,,,,,,5,,,
ClassicGumtree,2,2,1,0,0,1,0,0,14,3,0,0.1,,100,,,,,1,,,
ClassicGumtree,2,2,1,0,0,1,0,0,12,3,0,0.1,,200,,,,,1,,,
ClassicGumtree,2,2,1,0,0,1,0,0,17,3,0,0.1,,300,,,,,1,,,
ClassicGumtree,2,2,1,0,0,1,0,0,9,3,0,0.1,,400,,,,,1,,,
ClassicGumtree,2,2,1,0,0,1,0,0,11,3,0,0.1,,500,,,,,1,,,
ClassicGumtree,2,2,1,0,0,1,0,0,16,3,0,0.1,,600,,,,,1,,,
ClassicGumtree,2,2,1,0,0,1,0,0,17,3,0,0.1,,700,,,,,1,,,
ClassicGumtree,2,2,1,0,0,1,0,0,18,3,0,0.1,,800,,,,,1,,,
ClassicGumtree,2,2,1,0,0,1,0,0,10,3,0,0.1,,900,,,,,1,,,
ClassicGumtree,2,2,1,0,0,1,0,0,18,3,0,0.1,,1000,,,,,1,,,
ClassicGumtree,2,2,1,0,0,1,0,0,10,3,0,0.1,,1100,,,,,1,,,
ClassicGumtree,2,2,1,0,0,1,0,0,9,3,0,0.1,,1200,,,,,1,,,
ClassicGumtree,2,2,1,0,0,1,0,0,10,3,0,0.1,,1300,,,,,1,,,
ClassicGumtree,2,2,1,0,0,1,0,0,9,3,0,0.1,,1400,,,,,1,,,
ClassicGumtree,2,2,1,0,0,1,0,0,16,3,0,0.1,,1500,,,,,1,,,
ClassicGumtree,2,2,1,0,0,1,0,0,18,3,0,0.1,,1600,,,,,1,,,
ClassicGumtree,2,2,1,0,0,1,0,0,18,3,0,0.1,,1700,,,,,1,,,
ClassicGumtree,2,2,1,0,0,1,0,0,18,3,0,0.1,,1800,,,,,1,,,
ClassicGumtree,2,2,1,0,0,1,0,0,17,3,0,0.1,,1900,,,,,1,,,
ClassicGumtree,2,2,1,0,0,1,0,0,13,3,0,0.1,,2000,,,,,1,,,
ClassicGumtree,2,2,1,0,0,1,0,0,10,3,0,0.1,,100,,,,,2,,,
ClassicGumtree,2,2,1,0,0,1,0,0,10,3,0,0.1,,200,,,,,2,,,
ClassicGumtree,2,2,1,0,0,1,0,0,9,3,0,0.1,,300,,,,,2,,,
ClassicGumtree,2,2,1,0,0,1,0,0,10,3,0,0.1,,400,,,,,2,,,
ClassicGumtree,2,2,1,0,0,1,0,0,9,3,0,0.1,,500,,,,,2,,,
ClassicGumtree,2,2,1,0,0,1,0,0,10,3,0,0.1,,600,,,,,2,,,
ClassicGumtree,2,2,1,0,0,1,0,0,10,3,0,0.1,,700,,,,,2,,,
ClassicGumtree,2,2,1,0,0,1,0,0,10,3,0,0.1,,800,,,,,2,,,
ClassicGumtree,2,2,1,0,0,1,0,0,10,3,0,0.1,,900,,,,,2,,,
ClassicGumtree,2,2,1,0,0,1,0,0,10,3,0,0.1,,1000,,,,,2,,,
ClassicGumtree,2,2,1,0,0,1,0,0,23,3,0,0.1,,1100,,,,,2,,,
ClassicGumtree,2,2,1,0,0,1,0,0,24,3,0,0.1,,1200,,,,,2,,,
ClassicGumtree,2,2,1,0,0,1,0,0,24,3,0,0.1,,1300,,,,,2,,,
ClassicGumtree,2,2,1,0,0,1,0,0,24,3,0,0.1,,1400,,,,,2,,,
ClassicGumtree,2,2,1,0,0,1,0,0,15,3,0,0.1,,1500,,,,,2,,,
ClassicGumtree,2,2,1,0,0,1,0,0,15,3,0,0.1,,1600,,,,,2,,,
ClassicGumtree,2,2,1,0,0,1,0,0,15,3,0,0.1,,1700,,,,,2,,,
ClassicGumtree,2,2,1,0,0,1,0,0,16,3,0,0.1,,1800,,,,,2,,,
ClassicGumtree,2,2,1,0,0,1,0,0,15,3,0,0.1,,1900,,,,,2,,,
ClassicGumtree,2,2,1,0,0,1,0,0,16,3,0,0.1,,2000,,,,,2,,,
ClassicGumtree,2,2,1,0,0,1,0,0,10,3,0,0.1,,100,,,,,3,,,
ClassicGumtree,2,2,1,0,0,1,0,0,10,3,0,0.1,,200,,,,,3,,,
ClassicGumtree,2,2,1,0,0,1,0,0,10,3,0,0.1,,300,,,,,3,,,
ClassicGumtree,2,2,1,0,0,1,0,0,9,3,0,0.1,,400,,,,,3,,,
ClassicGumtree,2,2,1,0,0,1,0,0,10,3,0,0.1,,500,,,,,3,,,
ClassicGumtree,2,2,1,0,0,1,0,0,18,3,0,0.1,,600,,,,,3,,,
ClassicGumtree,2,2,1,0,0,1,0,0,9,3,0,0.1,,700,,,,,3,,,
ClassicGumtree,2,2,1,0,0,1,0,0,18,3,0,0.1,,800,,,,,3,,,
ClassicGumtree,2,2,1,0,0,1,0,0,18,3,0,0.1,,900,,,,,3,,,
ClassicGumtree,2,2,1,0,0,1,0,0,17,3,0,0.1,,1000,,,,,3,,,
ClassicGumtree,2,2,1,0,0,1,0,0,10,3,0,0.1,,1100,,,,,3,,,
ClassicGumtree,2,2,1,0,0,1,0,0,9,3,0,0.1,,1200,,,,,3,,,
ClassicGumtree,2,2,1,0,0,1,0,0,9,3,0,0.1,,1300,,,,,3,,,
ClassicGumtree,2,2,1,0,0,1,0,0,10,3,0,0.1,,1400,,,,,3,,,
ClassicGumtree,2,2,1,0,0,1,0,0,9,3,0,0.1,,1500,,,,,3,,,
ClassicGumtree,2,2,1,0,0,1,0,0,10,3,0,0.1,,1600,,,,,3,,,
ClassicGumtree,2,2,1,0,0,1,0,0,9,3,0,0.1,,1700,,,,,3,,,
ClassicGumtree,2,2,1,0,0,1,0,0,10,3,0,0.1,,1800,,,,,3,,,
ClassicGumtree,2,2,1,0,0,1,0,0,10,3,0,0.1,,1900,,,,,3,,,
ClassicGumtree,2,2,1,0,0,1,0,0,17,3,0,0.1,,2000,,,,,3,,,
ClassicGumtree,2,2,1,0,0,1,0,0,3,3,0,0.1,,100,,,,,4,,,
ClassicGumtree,2,2,1,0,0,1,0,0,4,3,0,0.1,,200,,,,,4,,,
ClassicGumtree,2,2,1,0,0,1,0,0,3,3,0,0.1,,300,,,,,4,,,
ClassicGumtree,2,2,1,0,0,1,0,0,6,3,0,0.1,,400,,,,,4,,,
ClassicGumtree,2,2,1,0,0,1,0,0,6,3,0,0.1,,500,,,,,4,,,
ClassicGumtree,2,2,1,0,0,1,0,0,6,3,0,0.1,,600,,,,,4,,,
ClassicGumtree,2,2,1,0,0,1,0,0,3,3,0,0.1,,700,,,,,4,,,
ClassicGumtree,2,2,1,0,0,1,0,0,3,3,0,0.1,,800,,,,,4,,,
ClassicGumtree,2,2,1,0,0,1,0,0,3,3,0,0.1,,900,,,,,4,,,
ClassicGumtree,2,2,1,0,0,1,0,0,4,3,0,0.1,,1000,,,,,4,,,
ClassicGumtree,2,2,1,0,0,1,0,0,3,3,0,0.1,,1100,,,,,4,,,
ClassicGumtree,2,2,1,0,0,1,0,0,3,3,0,0.1,,1200,,,,,4,,,
ClassicGumtree,2,2,1,0,0,1,0,0,3,3,0,0.1,,1300,,,,,4,,,
ClassicGumtree,2,2,1,0,0,1,0,0,6,3,0,0.1,,1400,,,,,4,,,
ClassicGumtree,2,2,1,0,0,1,0,0,6,3,0,0.1,,1500,,,,,4,,,
ClassicGumtree,2,2,1,0,0,1,0,0,6,3,0,0.1,,1600,,,,,4,,,
ClassicGumtree,2,2,1,0,0,1,0,0,4,3,0,0.1,,1700,,,,,4,,,
ClassicGumtree,2,2,1,0,0,1,0,0,3,3,0,0.1,,1800,,,,,4,,,
ClassicGumtree,2,2,1,0,0,1,0,0,3,3,0,0.1,,1900,,,,,4,,,
ClassicGumtree,2,2,1,0,0,1,0,0,4,3,0,0.1,,2000,,,,,4,,,
ClassicGumtree,2,2,1,0,0,1,0,0,4,3,0,0.1,,100,,,,,5,,,
ClassicGumtree,2,2,1,0,0,1,0,0,3,3,0,0.1,,200,,,,,5,,,
ClassicGumtree,2,2,1,0,0,1,0,0,3,3,0,0.1,,300,,,,,5,,,
ClassicGumtree,2,2,1,0,0,1,0,0,4,3,0,0.1,,400,,,,,5,,,
ClassicGumtree,2,2,1,0,0,1,0,0,3,3,0,0.1,,500,,,,,5,,,
ClassicGumtree,2,2,1,0,0,1,0,0,3,3,0,0.1,,600,,,,,5,,,
ClassicGumtree,2,2,1,0,0,1,0,0,3,3,0,0.1,,700,,,,,5,,,
ClassicGumtree,2,2,1,0,0,1,0,0,6,3,0,0.1,,800,,,,,5,,,
ClassicGumtree,2,2,1,0,0,1,0,0,6,3,0,0.1,,900,,,,,5,,,
ClassicGumtree,2,2,1,0,0,1,0,0,6,3,0,0.1,,1000,,,,,5,,,
ClassicGumtree,2,2,1,0,0,1,0,0,4,3,0,0.1,,1100,,,,,5,,,
ClassicGumtree,2,2,1,0,0,1,0,0,4,3,0,0.1,,1200,,,,,5,,,
ClassicGumtree,2,2,1,0,0,1,0,0,3,3,0,0.1,,1300,,,,,5,,,
ClassicGumtree,2,2,1,0,0,1,0,0,4,3,0,0.1,,1400,,,,,5,,,
ClassicGumtree,2,2,1,0,0,1,0,0,6,3,0,0.1,,1500,,,,,5,,,
ClassicGumtree,2,2,1,0,0,1,0,0,3,3,0,0.1,,1600,,,,,5,,,
ClassicGumtree,2,2,1,0,0,1,0,0,4,3,0,0.1,,1700,,,,,5,,,
ClassicGumtree,2,2,1,0,0,1,0,0,3,3,0,0.1,,1800,,,,,5,,,
ClassicGumtree,2,2,1,0,0,1,0,0,3,3,0,0.1,,1900,,,,,5,,,
ClassicGumtree,2,2,1,0,0,1,0,0,4,3,0,0.1,,2000,,,,,5,,,
ClassicGumtree,2,2,1,0,0,1,0,0,10,3,0,0.2,,100,,,,,1,,,
ClassicGumtree,2,2,1,0,0,1,0,0,18,3,0,0.2,,200,,,,,1,,,
ClassicGumtree,2,2,1,0,0,1,0,0,10,3,0,0.2,,300,,,,,1,,,
ClassicGumtree,2,2,1,0,0,1,0,0,19,3,0,0.2,,400,,,,,1,,,
ClassicGumtree,2,2,1,0,0,1,0,0,19,3,0,0.2,,500,,,,,1,,,
ClassicGumtree,2,2,1,0,0,1,0,0,9,3,0,0.2,,600,,,,,1,,,
ClassicGumtree,2,2,1,0,0,1,0,0,10,3,0,0.2,,700,,,,,1,,,
ClassicGumtree,2,2,1,0,0,1,0,0,10,3,0,0.2,,800,,,,,1,,,
ClassicGumtree,2,2,1,0,0,1,0,0,10,3,0,0.2,,900,,,,,1,,,
ClassicGumtree,2,2,1,0,0,1,0,0,18,3,0,0.2,,1000,,,,,1,,,
ClassicGumtree,2,2,1,0,0,1,0,0,9,3,0,0.2,,1100,,,,,1,,,
ClassicGumtree,2,2,1,0,0,1,0,0,10,3,0,0.2,,1200,,,,,1,,,
ClassicGumtree,2,2,1,0,0,1,0,0,10,3,0,0.2,,1300,,,,,1,,,
ClassicGumtree,2,2,1,0,0,1,0,0,10,3,0,0.2,,1400,,,,,1,,,
ClassicGumtree,2,2,1,0,0,1,0,0,10,3,0,0.2,,1500,,,,,1,,,
ClassicGumtree,2,2,1,0,0,1,0,0,9,3,0,0.2,,1600,,,,,1,,,
ClassicGumtree,2,2,1,0,0,1,0,0,18,3,0,0.2,,1700,,,,,1,,,
ClassicGumtree,2,2,1,0,0,1,0,0,18,3,0,0.2,,1800,,,,,1,,,
ClassicGumtree,2,2,1,0,0,1,0,0,18,3,0,0.2,,1900,,,,,1,,,
ClassicGumtree,2,2,1,0,0,1,0,0,10,3,0,0.2,,2000,,,,,1,,,
ClassicGumtree,2,2,1,0,0,1,0,0,10,3,0,0.2,,100,,,,,2,,,
ClassicGumtree,2,2,1,0,0,1,0,0,10,3,0,0.2,,200,,,,,2,,,
ClassicGumtree,2,2,1,0,0,1,0,0,17,3,0,0.2,,300,,,,,2,,,
ClassicGumtree,2,2,1,0,0,1,0,0,10,3,0,0.2,,400,,,,,2,,,
ClassicGumtree,2,2,1,0,0,1,0,0,9,3,0,0.2,,500,,,,,2,,,
ClassicGumtree,2,2,1,0,0,1,0,0,10,3,0,0.2,,600,,,,,2,,,
ClassicGumtree,2,2,1,0,0,1,0,0,10,3,0,0.2,,700,,,,,2,,,
ClassicGumtree,2,2,1,0,0,1,0,0,10,3,0,0.2,,800,,,,,2,,,
ClassicGumtree,2,2,1,0,0,1,0,0,10,3,0,0.2,,900,,,,,2,,,
ClassicGumtree,2,2,1,0,0,1,0,0,10,3,0,0.2,,1000,,,,,2,,,
ClassicGumtree,2,2,1,0,0,1,0,0,10,3,0,0.2,,1100,,,,,2,,,
ClassicGumtree,2,2,1,0,0,1,0,0,10,3,0,0.2,,1200,,,,,2,,,
ClassicGumtree,2,2,1,0,0,1,0,0,17,3,0,0.2,,1300,,,,,2,,,
ClassicGumtree,2,2,1,0,0,1,0,0,18,3,0,0.2,,1400,,,,,2,,,
ClassicGumtree,2,2,1,0,0,1,0,0,18,3,0,0.2,,1500,,,,,2,,,
ClassicGumtree,2,2,1,0,0,1,0,0,18,3,0,0.2,,1600,,,,,2,,,
ClassicGumtree,2,2,1,0,0,1,0,0,8,3,0,0.2,,1700,,,,,2,,,
ClassicGumtree,2,2,1,0,0,1,0,0,9,3,0,0.2,,1800,,,,,2,,,
ClassicGumtree,2,2,1,0,0,1,0,0,9,3,0,0.2,,1900,,,,,2,,,
ClassicGumtree,2,2,1,0,0,1,0,0,9,3,0,0.2,,2000,,,,,2,,,
ClassicGumtree,2,2,1,0,0,1,0,0,3,3,0,0.2,,100,,,,,3,,,
ClassicGumtree,2,2,1,0,0,1,0,0,3,3,0,0.2,,200,,,,,3,,,
ClassicGumtree,2,2,1,0,0,1,0,0,4,3,0,0.2,,300,,,,,3,,,
ClassicGumtree,2,2,1,0,0,1,0,0,4,3,0,0.2,,400,,,,,3,,,
ClassicGumtree,2,2,1,0,0,1,0,0,3,3,0,0.2,,500,,,,,3,,,
ClassicGumtree,2,2,1,0,0,1,0,0,3,3,0,0.2,,600,,,,,3,,,
ClassicGumtree,2,2,1,0,0,1,0,0,3,3,0,0.2,,700,,,,,3,,,
ClassicGumtree,2,2,1,0,0,1,0,0,4,3,0,0.2,,800,,,,,3,,,
ClassicGumtree,2,2,1,0,0,1,0,0,4,3,0,0.2,,900,,,,,3,,,
ClassicGumtree,2,2,1,0,0,1,0,0,3,3,0,0.2,,1000,,,,,3,,,
ClassicGumtree,2,2,1,0,0,1,0,0,3,3,0,0.2,,1100,,,,,3,,,
ClassicGumtree,2,2,1,0,0,1,0,0,3,3,0,0.2,,1200,,,,,3,,,
ClassicGumtree,2,2,1,0,0,1,0,0,3,3,0,0.2,,1300,,,,,3,,,
ClassicGumtree,2,2,1,0,0,1,0,0,3,3,0,0.2,,1400,,,,,3,,,
ClassicGumtree,2,2,1,0,0,1,0,0,3,3,0,0.2,,1500,,,,,3,,,
ClassicGumtree,2,2,1,0,0,1,0,0,3,3,0,0.2,,1600,,,,,3,,,
ClassicGumtree,2,2,1,0,0,1,0,0,6,3,0,0.2,,1700,,,,,3,,,
ClassicGumtree,2,2,1,0,0,1,0,0,4,3,0,0.2,,1800,,,,,3,,,
ClassicGumtree,2,2,1,0,0,1,0,0,4,3,0,0.2,,1900,,,,,3,,,
ClassicGumtree,2,2,1,0,0,1,0,0,6,3,0,0.2,,2000,,,,,3,,,
ClassicGumtree,2,2,1,0,0,1,0,0,6,3,0,0.2,,100,,,,,4,,,
ClassicGumtree,2,2,1,0,0,1,0,0,4,3,0,0.2,,200,,,,,4,,,
ClassicGumtree,2,2,1,0,0,1,0,0,2,3,0,0.2,,300,,,,,4,,,
ClassicGumtree,2,2,1,0,0,1,0,0,3,3,0,0.2,,400,,,,,4,,,
ClassicGumtree,2,2,1,0,0,1,0,0,3,3,0,0.2,,500,,,,,4,,,
ClassicGumtree,2,2,1,0,0,1,0,0,6,3,0,0.2,,600,,,,,4,,,
ClassicGumtree,2,2,1,0,0,1,0,0,3,3,0,0.2,,700,,,,,4,,,
ClassicGumtree,2,2,1,0,0,1,0,0,3,3,0,0.2,,800,,,,,4,,,
ClassicGumtree,2,2,1,0,0,1,0,0,3,3,0,0.2,,900,,,,,4,,,
ClassicGumtree,2,2,1,0,0,1,0,0,3,3,0,0.2,,1000,,,,,4,,,
ClassicGumtree,2,2,1,0,0,1,0,0,3,3,0,0.2,,1100,,,,,4,,,
ClassicGumtree,2,2,1,0,0,1,0,0,4,3,0,0.2,,1200,,,,,4,,,
ClassicGumtree,2,2,1,0,0,1,0,0,7,3,0,0.2,,1300,,,,,4,,,
ClassicGumtree,2,2,1,0,0,1,0,0,3,3,0,0.2,,1400,,,,,4,,,
ClassicGumtree,2,2,1,0,0,1,0,0,6,3,0,0.2,,1500,,,,,4,,,
ClassicGumtree,2,2,1,0,0,1,0,0,6,3,0,0.2,,1600,,,,,4,,,
ClassicGumtree,2,2,1,0,0,1,0,0,3,3,0,0.2,,1700,,,,,4,,,
ClassicGumtree,2,2,1,0,0,1,0,0,3,3,0,0.2,,1800,,,,,4,,,
ClassicGumtree,2,2,1,0,0,1,0,0,3,3,0,0.2,,1900,,,,,4,,,
ClassicGumtree,2,2,1,0,0,1,0,0,6,3,0,0.2,,2000,,,,,4,,,
ClassicGumtree,2,2,1,0,0,1,0,0,3,3,0,0.2,,100,,,,,5,,,
ClassicGumtree,2,2,1,0,0,1,0,0,3,3,0,0.2,,200,,,,,5,,,
ClassicGumtree,2,2,1,0,0,1,0,0,4,3,0,0.2,,300,,,,,5,,,
ClassicGumtree,2,2,1,0,0,1,0,0,2,3,0,0.2,,400,,,,,5,,,
ClassicGumtree,2,2,1,0,0,1,0,0,4,3,0,0.2,,500,,,,,5,,,
ClassicGumtree,2,2,1,0,0,1,0,0,4,3,0,0.2,,600,,,,,5,,,
ClassicGumtree,2,2,1,0,0,1,0,0,6,3,0,0.2,,700,,,,,5,,,
ClassicGumtree,2,2,1,0,0,1,0,0,3,3,0,0.2,,800,,,,,5,,,
ClassicGumtree,2,2,1,0,0,1,0,0,3,3,0,0.2,,900,,,,,5,,,
ClassicGumtree,2,2,1,0,0,1,0,0,3,3,0,0.2,,1000,,,,,5,,,
ClassicGumtree,2,2,1,0,0,1,0,0,3,3,0,0.2,,1100,,,,,5,,,
ClassicGumtree,2,2,1,0,0,1,0,0,6,3,0,0.2,,1200,,,,,5,,,
ClassicGumtree,2,2,1,0,0,1,0,0,6,3,0,0.2,,1300,,,,,5,,,
ClassicGumtree,2,2,1,0,0,1,0,0,3,3,0,0.2,,1400,,,,,5,,,
ClassicGumtree,2,2,1,0,0,1,0,0,6,3,0,0.2,,1500,,,,,5,,,
ClassicGumtree,2,2,1,0,0,1,0,0,3,3,0,0.2,,1600,,,,,5,,,
ClassicGumtree,2,2,1,0,0,1,0,0,3,3,0,0.2,,1700,,,,,5,,,
ClassicGumtree,2,2,1,0,0,1,0,0,3,3,0,0.2,,1800,,,,,5,,,
ClassicGumtree,2,2,1,0,0,1,0,0,3,3,0,0.2,,1900,,,,,5,,,
ClassicGumtree,2,2,1,0,0,1,0,0,3,3,0,0.2,,2000,,,,,5,,,
ClassicGumtree,2,2,1,0,0,1,0,0,10,3,0,0.3,,100,,,,,1,,,
ClassicGumtree,2,2,1,0,0,1,0,0,17,3,0,0.3,,200,,,,,1,,,
ClassicGumtree,2,2,1,0,0,1,0,0,8,3,0,0.3,,300,,,,,1,,,
ClassicGumtree,2,2,1,0,0,1,0,0,10,3,0,0.3,,400,,,,,1,,,
ClassicGumtree,2,2,1,0,0,1,0,0,10,3,0,0.3,,500,,,,,1,,,
ClassicGumtree,2,2,1,0,0,1,0,0,10,3,0,0.3,,600,,,,,1,,,
ClassicGumtree,2,2,1,0,0,1,0,0,18,3,0,0.3,,700,,,,,1,,,
ClassicGumtree,2,2,1,0,0,1,0,0,18,3,0,0.3,,800,,,,,1,,,
ClassicGumtree,2,2,1,0,0,1,0,0,10,3,0,0.3,,900,,,,,1,,,
ClassicGumtree,2,2,1,0,0,1,0,0,18,3,0,0.3,,1000,,,,,1,,,
ClassicGumtree,2,2,1,0,0,1,0,0,7,3,0,0.3,,1100,,,,,1,,,
ClassicGumtree,2,2,1,0,0,1,0,0,9,3,0,0.3,,1200,,,,,1,,,
ClassicGumtree,2,2,1,0,0,1,0,0,9,3,0,0.3,,1300,,,,,1,,,
ClassicGumtree,2,2,1,0,0,1,0,0,10,3,0,0.3,,1400,,,,,1,,,
ClassicGumtree,2,2,1,0,0,1,0,0,10,3,0,0.3,,1500,,,,,1,,,
ClassicGumtree,2,2,1,0,0,1,0,0,10,3,0,0.3,,1600,,,,,1,,,
ClassicGumtree,2,2,1,0,0,1,0,0,8,3,0,0.3,,1700,,,,,1,,,
ClassicGumtree,2,2,1,0,0,1,0,0,18,3,0,0.3,,1800,,,,,1,,,
ClassicGumtree,2,2,1,0,0,1,0,0,10,3,0,0.3,,1900,,,,,1,,,
ClassicGumtree,2,2,1,0,0,1,0,0,10,3,0,0.3,,2000,,,,,1,,,
ClassicGumtree,2,2,1,0,0,1,0,0,11,3,0,0.3,,100,,,,,2,,,
ClassicGumtree,2,2,1,0,0,1,0,0,10,3,0,0.3,,200,,,,,2,,,
ClassicGumtree,2,2,1,0,0,1,0,0,9,3,0,0.3,,300,,,,,2,,,
ClassicGumtree,2,2,1,0,0,1,0,0,10,3,0,0.3,,400,,,,,2,,,
ClassicGumtree,2,2,1,0,0,1,0,0,18,3,0,0.3,,500,,,,,2,,,
ClassicGumtree,2,2,1,0,0,1,0,0,9,3,0,0.3,,600,,,,,2,,,
ClassicGumtree,2,2,1,0,0,1,0,0,8,3,0,0.3,,700,,,,,2,,,
ClassicGumtree,2,2,1,0,0,1,0,0,9,3,0,0.3,,800,,,,,2,,,
ClassicGumtree,2,2,1,0,0,1,0,0,10,3,0,0.3,,900,,,,,2,,,
ClassicGumtree,2,2,1,0,0,1,0,0,10,3,0,0.3,,1000,,,,,2,,,
ClassicGumtree,2,2,1,0,0,1,0,0,10,3,0,0.3,,1100,,,,,2,,,
ClassicGumtree,2,2,1,0,0,1,0,0,9,3,0,0.3,,1200,,,,,2,,,
ClassicGumtree,2,2,1,0,0,1,0,0,10,3,0,0.3,,1300,,,,,2,,,
ClassicGumtree,2,2,1,0,0,1,0,0,10,3,0,0.3,,1400,,,,,2,,,
ClassicGumtree,2,2,1,0,0,1,0,0,8,3,0,0.3,,1500,,,,,2,,,
ClassicGumtree,2,2,1,0,0,1,0,0,17,3,0,0.3,,1600,,,,,2,,,
ClassicGumtree,2,2,1,0,0,1,0,0,10,3,0,0.3,,1700,,,,,2,,,
ClassicGumtree,2,2,1,0,0,1,0,0,17,3,0,0.3,,1800,,,,,2,,,
ClassicGumtree,2,2,1,0,0,1,0,0,9,3,0,0.3,,1900,,,,,2,,,
ClassicGumtree,2,2,1,0,0,1,0,0,8,3,0,0.3,,2000,,,,,2,,,
ClassicGumtree,2,2,1,0,0,1,0,0,3,3,0,0.3,,100,,,,,3,,,
ClassicGumtree,2,2,1,0,0,1,0,0,3,3,0,0.3,,200,,,,,3,,,
ClassicGumtree,2,2,1,0,0,1,0,0,4,3,0,0.3,,300,,,,,3,,,
ClassicGumtree,2,2,1,0,0,1,0,0,3,3,0,0.3,,400,,,,,3,,,
ClassicGumtree,2,2,1,0,0,1,0,0,3,3,0,0.3,,500,,,,,3,,,
ClassicGumtree,2,2,1,0,0,1,0,0,4,3,0,0.3,,600,,,,,3,,,
ClassicGumtree,2,2,1,0,0,1,0,0,4,3,0,0.3,,700,,,,,3,,,
ClassicGumtree,2,2,1,0,0,1,0,0,3,3,0,0.3,,800,,,,,3,,,
ClassicGumtree,2,2,1,0,0,1,0,0,3,3,0,0.3,,900,,,,,3,,,
ClassicGumtree,2,2,1,0,0,1,0,0,4,3,0,0.3,,1000,,,,,3,,,
ClassicGumtree,2,2,1,0,0,1,0,0,3,3,0,0.3,,1100,,,,,3,,,
ClassicGumtree,2,2,1,0,0,1,0,0,3,3,0,0.3,,1200,,,,,3,,,
ClassicGumtree,2,2,1,0,0,1,0,0,3,3,0,0.3,,1300,,,,,3,,,
ClassicGumtree,2,2,1,0,0,1,0,0,4,3,0,0.3,,1400,,,,,3,,,
ClassicGumtree,2,2,1,0,0,1,0,0,3,3,0,0.3,,1500,,,,,3,,,
ClassicGumtree,2,2,1,0,0,1,0,0,2,3,0,0.3,,1600,,,,,3,,,
ClassicGumtree,2,2,1,0,0,1,0,0,3,3,0,0.3,,1700,,,,,3,,,
ClassicGumtree,2,2,1,0,0,1,0,0,4,3,0,0.3,,1800,,,,,3,,,
ClassicGumtree,2,2,1,0,0,1,0,0,3,3,0,0.3,,1900,,,,,3,,,
ClassicGumtree,2,2,1,0,0,1,0,0,3,3,0,0.3,,2000,,,,,3,,,
ClassicGumtree,2,2,1,0,0,1,0,0,4,3,0,0.3,,100,,,,,4,,,
ClassicGumtree,2,2,1,0,0,1,0,0,3,3,0,0.3,,200,,,,,4,,,
ClassicGumtree,2,2,1,0,0,1,0,0,3,3,0,0.3,,300,,,,,4,,,
ClassicGumtree,2,2,1,0,0,1,0,0,4,3,0,0.3,,400,,,,,4,,,
ClassicGumtree,2,2,1,0,0,1,0,0,4,3,0,0.3,,500,,,,,4,,,
ClassicGumtree,2,2,1,0,0,1,0,0,3,3,0,0.3,,600,,,,,4,,,
ClassicGumtree,2,2,1,0,0,1,0,0,3,3,0,0.3,,700,,,,,4,,,
ClassicGumtree,2,2,1,0,0,1,0,0,4,3,0,0.3,,800,,,,,4,,,
ClassicGumtree,2,2,1,0,0,1,0,0,4,3,0,0.3,,900,,,,,4,,,
ClassicGumtree,2,2,1,0,0,1,0,0,7,3,0,0.3,,1000,,,,,4,,,
ClassicGumtree,2,2,1,0,0,1,0,0,3,3,0,0.3,,1100,,,,,4,,,
ClassicGumtree,2,2,1,0,0,1,0,0,4,3,0,0.3,,1200,,,,,4,,,
ClassicGumtree,2,2,1,0,0,1,0,0,3,3,0,0.3,,1300,,,,,4,,,
ClassicGumtree,2,2,1,0,0,1,0,0,3,3,0,0.3,,1400,,,,,4,,,
ClassicGumtree,2,2,1,0,0,1,0,0,2,3,0,0.3,,1500,,,,,4,,,
ClassicGumtree,2,2,1,0,0,1,0,0,3,3,0,0.3,,1600,,,,,4,,,
ClassicGumtree,2,2,1,0,0,1,0,0,6,3,0,0.3,,1700,,,,,4,,,
ClassicGumtree,2,2,1,0,0,1,0,0,3,3,0,0.3,,1800,,,,,4,,,
ClassicGumtree,2,2,1,0,0,1,0,0,3,3,0,0.3,,1900,,,,,4,,,
ClassicGumtree,2,2,1,0,0,1,0,0,3,3,0,0.3,,2000,,,,,4,,,
ClassicGumtree,2,2,1,0,0,1,0,0,3,3,0,0.3,,100,,,,,5,,,
ClassicGumtree,2,2,1,0,0,1,0,0,3,3,0,0.3,,200,,,,,5,,,
ClassicGumtree,2,2,1,0,0,1,0,0,3,3,0,0.3,,300,,,,,5,,,
ClassicGumtree,2,2,1,0,0,1,0,0,3,3,0,0.3,,400,,,,,5,,,
ClassicGumtree,2,2,1,0,0,1,0,0,4,3,0,0.3,,500,,,,,5,,,
ClassicGumtree,2,2,1,0,0,1,0,0,6,3,0,0.3,,600,,,,,5,,,
ClassicGumtree,2,2,1,0,0,1,0,0,3,3,0,0.3,,700,,,,,5,,,
ClassicGumtree,2,2,1,0,0,1,0,0,3,3,0,0.3,,800,,,,,5,,,
ClassicGumtree,2,2,1,0,0,1,0,0,4,3,0,0.3,,900,,,,,5,,,
ClassicGumtree,2,2,1,0,0,1,0,0,3,3,0,0.3,,1000,,,,,5,,,
ClassicGumtree,2,2,1,0,0,1,0,0,3,3,0,0.3,,1100,,,,,5,,,
ClassicGumtree,2,2,1,0,0,1,0,0,4,3,0,0.3,,1200,,,,,5,,,
ClassicGumtree,2,2,1,0,0,1,0,0,4,3,0,0.3,,1300,,,,,5,,,
ClassicGumtree,2,2,1,0,0,1,0,0,6,3,0,0.3,,1400,,,,,5,,,
ClassicGumtree,2,2,1,0,0,1,0,0,3,3,0,0.3,,1500,,,,,5,,,
ClassicGumtree,2,2,1,0,0,1,0,0,4,3,0,0.3,,1600,,,,,5,,,
ClassicGumtree,2,2,1,0,0,1,0,0,4,3,0,0.3,,1700,,,,,5,,,
ClassicGumtree,2,2,1,0,0,1,0,0,3,3,0,0.3,,1800,,,,,5,,,
ClassicGumtree,2,2,1,0,0,1,0,0,3,3,0,0.3,,1900,,,,,5,,,
ClassicGumtree,2,2,1,0,0,1,0,0,4,3,0,0.3,,2000,,,,,5,,,
ClassicGumtree,2,2,1,0,0,1,0,0,9,3,0,0.4,,100,,,,,1,,,
ClassicGumtree,2,2,1,0,0,1,0,0,10,3,0,0.4,,200,,,,,1,,,
ClassicGumtree,2,2,1,0,0,1,0,0,17,3,0,0.4,,300,,,,,1,,,
ClassicGumtree,2,2,1,0,0,1,0,0,10,3,0,0.4,,400,,,,,1,,,
ClassicGumtree,2,2,1,0,0,1,0,0,7,3,0,0.4,,500,,,,,1,,,
ClassicGumtree,2,2,1,0,0,1,0,0,9,3,0,0.4,,600,,,,,1,,,
ClassicGumtree,2,2,1,0,0,1,0,0,9,3,0,0.4,,700,,,,,1,,,
ClassicGumtree,2,2,1,0,0,1,0,0,10,3,0,0.4,,800,,,,,1,,,
ClassicGumtree,2,2,1,0,0,1,0,0,9,3,0,0.4,,900,,,,,1,,,
ClassicGumtree,2,2,1,0,0,1,0,0,18,3,0,0.4,,1000,,,,,1,,,
ClassicGumtree,2,2,1,0,0,1,0,0,10,3,0,0.4,,1100,,,,,1,,,
ClassicGumtree,2,2,1,0,0,1,0,0,8,3,0,0.4,,1200,,,,,1,,,
ClassicGumtree,2,2,1,0,0,1,0,0,9,3,0,0.4,,1300,,,,,1,,,
ClassicGumtree,2,2,1,0,0,1,0,0,9,3,0,0.4,,1400,,,,,1,,,
ClassicGumtree,2,2,1,0,0,1,0,0,10,3,0,0.4,,1500,,,,,1,,,
ClassicGumtree,2,2,1,0,0,1,0,0,10,3,0,0.4,,1600,,,,,1,,,
ClassicGumtree,2,2,1,0,0,1,0,0,9,3,0,0.4,,1700,,,,,1,,,
ClassicGumtree,2,2,1,0,0,1,0,0,10,3,0,0.4,,1800,,,,,1,,,
ClassicGumtree,2,2,1,0,0,1,0,0,8,3,0,0.4,,1900,,,,,1,,,
ClassicGumtree,2,2,1,0,0,1,0,0,18,3,0,0.4,,2000,,,,,1,,,
ClassicGumtree,2,2,1,0,0,1,0,0,10,3,0,0.4,,100,,,,,2,,,
ClassicGumtree,2,2,1,0,0,1,0,0,10,3,0,0.4,,200,,,,,2,,,
ClassicGumtree,2,2,1,0,0,1,0,0,10,3,0,0.4,,300,,,,,2,,,
ClassicGumtree,2,2,1,0,0,1,0,0,10,3,0,0.4,,400,,,,,2,,,
ClassicGumtree,2,2,1,0,0,1,0,0,18,3,0,0.4,,500,,,,,2,,,
ClassicGumtree,2,2,1,0,0,1,0,0,10,3,0,0.4,,600,,,,,2,,,
ClassicGumtree,2,2,1,0,0,1,0,0,10,3,0,0.4,,700,,,,,2,,,
ClassicGumtree,2,2,1,0,0,1,0,0,9,3,0,0.4,,800,,,,,2,,,
ClassicGumtree,2,2,1,0,0,1,0,0,8,3,0,0.4,,900,,,,,2,,,
ClassicGumtree,2,2,1,0,0,1,0,0,9,3,0,0.4,,1000,,,,,2,,,
ClassicGumtree,2,2,1,0,0,1,0,0,10,3,0,0.4,,1100,,,,,2,,,
ClassicGumtree,2,2,1,0,0,1,0,0,9,3,0,0.4,,1200,,,,,2,,,
ClassicGumtree,2,2,1,0,0,1,0,0,9,3,0,0.4,,1300,,,,,2,,,
ClassicGumtree,2,2,1,0,0,1,0,0,9,3,0,0.4,,1400,,,,,2,,,
ClassicGumtree,2,2,1,0,0,1,0,0,10,3,0,0.4,,1500,,,,,2,,,
ClassicGumtree,2,2,1,0,0,1,0,0,10,3,0,0.4,,1600,,,,,2,,,
ClassicGumtree,2,2,1,0,0,1,0,0,8,3,0,0.4,,1700,,,,,2,,,
ClassicGumtree,2,2,1,0,0,1,0,0,18,3,0,0.4,,1800,,,,,2,,,
ClassicGumtree,2,2,1,0,0,1,0,0,10,3,0,0.4,,1900,,,,,2,,,
ClassicGumtree,2,2,1,0,0,1,0,0,17,3,0,0.4,,2000,,,,,2,,,
ClassicGumtree,2,2,1,0,0,1,0,0,3,3,0,0.4,,100,,,,,3,,,
ClassicGumtree,2,2,1,0,0,1,0,0,3,3,0,0.4,,200,,,,,3,,,
ClassicGumtree,2,2,1,0,0,1,0,0,4,3,0,0.4,,300,,,,,3,,,
ClassicGumtree,2,2,1,0,0,1,0,0,4,3,0,0.4,,400,,,,,3,,,
ClassicGumtree,2,2,1,0,0,1,0,0,2,3,0,0.4,,500,,,,,3,,,
ClassicGumtree,2,2,1,0,0,1,0,0,3,3,0,0.4,,600,,,,,3,,,
ClassicGumtree,2,2,1,0,0,1,0,0,3,3,0,0.4,,700,,,,,3,,,
ClassicGumtree,2,2,1,0,0,1,0,0,3,3,0,0.4,,800,,,,,3,,,
ClassicGumtree,2,2,1,0,0,1,0,0,3,3,0,0.4,,900,,,,,3,,,
ClassicGumtree,2,2,1,0,0,1,0,0,3,3,0,0.4,,1000,,,,,3,,,
ClassicGumtree,2,2,1,0,0,1,0,0,3,3,0,0.4,,1100,,,,,3,,,
ClassicGumtree,2,2,1,0,0,1,0,0,3,3,0,0.4,,1200,,,,,3,,,
ClassicGumtree,2,2,1,0,0,1,0,0,4,3,0,0.4,,1300,,,,,3,,,
ClassicGumtree,2,2,1,0,0,1,0,0,4,3,0,0.4,,1400,,,,,3,,,
ClassicGumtree,2,2,1,0,0,1,0,0,2,3,0,0.4,,1500,,,,,3,,,
ClassicGumtree,2,2,1,0,0,1,0,0,4,3,0,0.4,,1600,,,,,3,,,
ClassicGumtree,2,2,1,0,0,1,0,0,3,3,0,0.4,,1700,,,,,3,,,
ClassicGumtree,2,2,1,0,0,1,0,0,3,3,0,0.4,,1800,,,,,3,,,
ClassicGumtree,2,2,1,0,0,1,0,0,3,3,0,0.4,,1900,,,,,3,,,
ClassicGumtree,2,2,1,0,0,1,0,0,3,3,0,0.4,,2000,,,,,3,,,
ClassicGumtree,2,2,1,0,0,1,0,0,3,3,0,0.4,,100,,,,,4,,,
ClassicGumtree,2,2,1,0,0,1,0,0,3,3,0,0.4,,200,,,,,4,,,
ClassicGumtree,2,2,1,0,0,1,0,0,3,3,0,0.4,,300,,,,,4,,,
ClassicGumtree,2,2,1,0,0,1,0,0,3,3,0,0.4,,400,,,,,4,,,
ClassicGumtree,2,2,1,0,0,1,0,0,3,3,0,0.4,,500,,,,,4,,,
ClassicGumtree,2,2,1,0,0,1,0,0,3,3,0,0.4,,600,,,,,4,,,
ClassicGumtree,2,2,1,0,0,1,0,0,4,3,0,0.4,,700,,,,,4,,,
ClassicGumtree,2,2,1,0,0,1,0,0,4,3,0,0.4,,800,,,,,4,,,
ClassicGumtree,2,2,1,0,0,1,0,0,3,3,0,0.4,,900,,,,,4,,,
ClassicGumtree,2,2,1,0,0,1,0,0,4,3,0,0.4,,1000,,,,,4,,,
ClassicGumtree,2,2,1,0,0,1,0,0,4,3,0,0.4,,1100,,,,,4,,,
ClassicGumtree,2,2,1,0,0,1,0,0,2,3,0,0.4,,1200,,,,,4,,,
ClassicGumtree,2,2,1,0,0,1,0,0,3,3,0,0.4,,1300,,,,,4,,,
ClassicGumtree,2,2,1,0,0,1,0,0,3,3,0,0.4,,1400,,,,,4,,,
ClassicGumtree,2,2,1,0,0,1,0,0,6,3,0,0.4,,1500,,,,,4,,,
ClassicGumtree,2,2,1,0,0,1,0,0,3,3,0,0.4,,1600,,,,,4,,,
ClassicGumtree,2,2,1,0,0,1,0,0,3,3,0,0.4,,1700,,,,,4,,,
ClassicGumtree,2,2,1,0,0,1,0,0,4,3,0,0.4,,1800,,,,,4,,,
ClassicGumtree,2,2,1,0,0,1,0,0,3,3,0,0.4,,1900,,,,,4,,,
ClassicGumtree,2,2,1,0,0,1,0,0,3,3,0,0.4,,2000,,,,,4,,,
ClassicGumtree,2,2,1,0,0,1,0,0,3,3,0,0.4,,100,,,,,5,,,
ClassicGumtree,2,2,1,0,0,1,0,0,4,3,0,0.4,,200,,,,,5,,,
ClassicGumtree,2,2,1,0,0,1,0,0,2,3,0,0.4,,300,,,,,5,,,
ClassicGumtree,2,2,1,0,0,1,0,0,6,3,0,0.4,,400,,,,,5,,,
ClassicGumtree,2,2,1,0,0,1,0,0,3,3,0,0.4,,500,,,,,5,,,
ClassicGumtree,2,2,1,0,0,1,0,0,3,3,0,0.4,,600,,,,,5,,,
ClassicGumtree,2,2,1,0,0,1,0,0,3,3,0,0.4,,700,,,,,5,,,
ClassicGumtree,2,2,1,0,0,1,0,0,3,3,0,0.4,,800,,,,,5,,,
ClassicGumtree,2,2,1,0,0,1,0,0,3,3,0,0.4,,900,,,,,5,,,
ClassicGumtree,2,2,1,0,0,1,0,0,3,3,0,0.4,,1000,,,,,5,,,
ClassicGumtree,2,2,1,0,0,1,0,0,3,3,0,0.4,,1100,,,,,5,,,
ClassicGumtree,2,2,1,0,0,1,0,0,3,3,0,0.4,,1200,,,,,5,,,
ClassicGumtree,2,2,1,0,0,1,0,0,6,3,0,0.4,,1300,,,,,5,,,
ClassicGumtree,2,2,1,0,0,1,0,0,3,3,0,0.4,,1400,,,,,5,,,
ClassicGumtree,2,2,1,0,0,1,0,0,4,3,0,0.4,,1500,,,,,5,,,
ClassicGumtree,2,2,1,0,0,1,0,0,4,3,0,0.4,,1600,,,,,5,,,
ClassicGumtree,2,2,1,0,0,1,0,0,3,3,0,0.4,,1700,,,,,5,,,
ClassicGumtree,2,2,1,0,0,1,0,0,3,3,0,0.4,,1800,,,,,5,,,
ClassicGumtree,2,2,1,0,0,1,0,0,3,3,0,0.4,,1900,,,,,5,,,
ClassicGumtree,2,2,1,0,0,1,0,0,4,3,0,0.4,,2000,,,,,5,,,
ClassicGumtree,2,2,1,0,0,1,0,0,10,3,0,0.5,,100,,,,,1,,,
ClassicGumtree,2,2,1,0,0,1,0,0,18,3,0,0.5,,200,,,,,1,,,
ClassicGumtree,2,2,1,0,0,1,0,0,7,3,0,0.5,,300,,,,,1,,,
ClassicGumtree,2,2,1,0,0,1,0,0,9,3,0,0.5,,400,,,,,1,,,
ClassicGumtree,2,2,1,0,0,1,0,0,9,3,0,0.5,,500,,,,,1,,,
ClassicGumtree,2,2,1,0,0,1,0,0,8,3,0,0.5,,600,,,,,1,,,
ClassicGumtree,2,2,1,0,0,1,0,0,10,3,0,0.5,,700,,,,,1,,,
ClassicGumtree,2,2,1,0,0,1,0,0,10,3,0,0.5,,800,,,,,1,,,
ClassicGumtree,2,2,1,0,0,1,0,0,9,3,0,0.5,,900,,,,,1,,,
ClassicGumtree,2,2,1,0,0,1,0,0,17,3,0,0.5,,1000,,,,,1,,,
ClassicGumtree,2,2,1,0,0,1,0,0,8,3,0,0.5,,1100,,,,,1,,,
ClassicGumtree,2,2,1,0,0,1,0,0,7,3,0,0.5,,1200,,,,,1,,,
ClassicGumtree,2,2,1,0,0,1,0,0,9,3,0,0.5,,1300,,,,,1,,,
ClassicGumtree,2,2,1,0,0,1,0,0,10,3,0,0.5,,1400,,,,,1,,,
ClassicGumtree,2,2,1,0,0,1,0,0,10,3,0,0.5,,1500,,,,,1,,,
ClassicGumtree,2,2,1,0,0,1,0,0,10,3,0,0.5,,1600,,,,,1,,,
ClassicGumtree,2,2,1,0,0,1,0,0,10,3,0,0.5,,1700,,,,,1,,,
ClassicGumtree,2,2,1,0,0,1,0,0,10,3,0,0.5,,1800,,,,,1,,,
ClassicGumtree,2,2,1,0,0,1,0,0,8,3,0,0.5,,1900,,,,,1,,,
ClassicGumtree,2,2,1,0,0,1,0,0,8,3,0,0.5,,2000,,,,,1,,,
ClassicGumtree,2,2,1,0,0,1,0,0,17,3,0,0.5,,100,,,,,2,,,
ClassicGumtree,2,2,1,0,0,1,0,0,10,3,0,0.5,,200,,,,,2,,,
ClassicGumtree,2,2,1,0,0,1,0,0,10,3,0,0.5,,300,,,,,2,,,
ClassicGumtree,2,2,1,0,0,1,0,0,10,3,0,0.5,,400,,,,,2,,,
ClassicGumtree,2,2,1,0,0,1,0,0,18,3,0,0.5,,500,,,,,2,,,
ClassicGumtree,2,2,1,0,0,1,0,0,9,3,0,0.5,,600,,,,,2,,,
ClassicGumtree,2,2,1,0,0,1,0,0,10,3,0,0.5,,700,,,,,2,,,
ClassicGumtree,2,2,1,0,0,1,0,0,10,3,0,0.5,,800,,,,,2,,,
ClassicGumtree,2,2,1,0,0,1,0,0,8,3,0,0.5,,900,,,,,2,,,
ClassicGumtree,2,2,1,0,0,1,0,0,8,3,0,0.5,,1000,,,,,2,,,
ClassicGumtree,2,2,1,0,0,1,0,0,10,3,0,0.5,,1100,,,,,2,,,
ClassicGumtree,2,2,1,0,0,1,0,0,9,3,0,0.5,,1200,,,,,2,,,
ClassicGumtree,2,2,1,0,0,1,0,0,10,3,0,0.5,,1300,,,,,2,,,
ClassicGumtree,2,2,1,0,0,1,0,0,10,3,0,0.5,,1400,,,,,2,,,
ClassicGumtree,2,2,1,0,0,1,0,0,10,3,0,0.5,,1500,,,,,2,,,
ClassicGumtree,2,2,1,0,0,1,0,0,8,3,0,0.5,,1600,,,,,2,,,
ClassicGumtree,2,2,1,0,0,1,0,0,10,3,0,0.5,,1700,,,,,2,,,
ClassicGumtree,2,2,1,0,0,1,0,0,8,3,0,0.5,,1800,,,,,2,,,
ClassicGumtree,2,2,1,0,0,1,0,0,14,3,0,0.5,,1900,,,,,2,,,
ClassicGumtree,2,2,1,0,0,1,0,0,9,3,0,0.5,,2000,,,,,2,,,
ClassicGumtree,2,2,1,0,0,1,0,0,6,3,0,0.5,,100,,,,,3,,,
ClassicGumtree,2,2,1,0,0,1,0,0,2,3,0,0.5,,200,,,,,3,,,
ClassicGumtree,2,2,1,0,0,1,0,0,4,3,0,0.5,,300,,,,,3,,,
ClassicGumtree,2,2,1,0,0,1,0,0,3,3,0,0.5,,400,,,,,3,,,
ClassicGumtree,2,2,1,0,0,1,0,0,3,3,0,0.5,,500,,,,,3,,,
ClassicGumtree,2,2,1,0,0,1,0,0,3,3,0,0.5,,600,,,,,3,,,
ClassicGumtree,2,2,1,0,0,1,0,0,3,3,0,0.5,,700,,,,,3,,,
ClassicGumtree,2,2,1,0,0,1,0,0,4,3,0,0.5,,800,,,,,3,,,
ClassicGumtree,2,2,1,0,0,1,0,0,3,3,0,0.5,,900,,,,,3,,,
ClassicGumtree,2,2,1,0,0,1,0,0,2,3,0,0.5,,1000,,,,,3,,,
ClassicGumtree,2,2,1,0,0,1,0,0,3,3,0,0.5,,1100,,,,,3,,,
ClassicGumtree,2,2,1,0,0,1,0,0,4,3,0,0.5,,1200,,,,,3,,,
ClassicGumtree,2,2,1,0,0,1,0,0,4,3,0,0.5,,1300,,,,,3,,,
ClassicGumtree,2,2,1,0,0,1,0,0,4,3,0,0.5,,1400,,,,,3,,,
ClassicGumtree,2,2,1,0,0,1,0,0,3,3,0,0.5,,1500,,,,,3,,,
ClassicGumtree,2,2,1,0,0,1,0,0,4,3,0,0.5,,1600,,,,,3,,,
ClassicGumtree,2,2,1,0,0,1,0,0,3,3,0,0.5,,1700,,,,,3,,,
ClassicGumtree,2,2,1,0,0,1,0,0,3,3,0,0.5,,1800,,,,,3,,,
ClassicGumtree,2,2,1,0,0,1,0,0,3,3,0,0.5,,1900,,,,,3,,,
ClassicGumtree,2,2,1,0,0,1,0,0,3,3,0,0.5,,2000,,,,,3,,,
ClassicGumtree,2,2,1,0,0,1,0,0,3,3,0,0.5,,100,,,,,4,,,
ClassicGumtree,2,2,1,0,0,1,0,0,3,3,0,0.5,,200,,,,,4,,,
ClassicGumtree,2,2,1,0,0,1,0,0,4,3,0,0.5,,300,,,,,4,,,
ClassicGumtree,2,2,1,0,0,1,0,0,3,3,0,0.5,,400,,,,,4,,,
ClassicGumtree,2,2,1,0,0,1,0,0,3,3,0,0.5,,500,,,,,4,,,
ClassicGumtree,2,2,1,0,0,1,0,0,3,3,0,0.5,,600,,,,,4,,,
ClassicGumtree,2,2,1,0,0,1,0,0,4,3,0,0.5,,700,,,,,4,,,
ClassicGumtree,2,2,1,0,0,1,0,0,4,3,0,0.5,,800,,,,,4,,,
ClassicGumtree,2,2,1,0,0,1,0,0,4,3,0,0.5,,900,,,,,4,,,
ClassicGumtree,2,2,1,0,0,1,0,0,2,3,0,0.5,,1000,,,,,4,,,
ClassicGumtree,2,2,1,0,0,1,0,0,4,3,0,0.5,,1100,,,,,4,,,
ClassicGumtree,2,2,1,0,0,1,0,0,4,3,0,0.5,,1200,,,,,4,,,
ClassicGumtree,2,2,1,0,0,1,0,0,3,3,0,0.5,,1300,,,,,4,,,
ClassicGumtree,2,2,1,0,0,1,0,0,2,3,0,0.5,,1400,,,,,4,,,
ClassicGumtree,2,2,1,0,0,1,0,0,4,3,0,0.5,,1500,,,,,4,,,
ClassicGumtree,2,2,1,0,0,1,0,0,4,3,0,0.5,,1600,,,,,4,,,
ClassicGumtree,2,2,1,0,0,1,0,0,3,3,0,0.5,,1700,,,,,4,,,
ClassicGumtree,2,2,1,0,0,1,0,0,3,3,0,0.5,,1800,,,,,4,,,
ClassicGumtree,2,2,1,0,0,1,0,0,3,3,0,0.5,,1900,,,,,4,,,
ClassicGumtree,2,2,1,0,0,1,0,0,3,3,0,0.5,,2000,,,,,4,,,
ClassicGumtree,2,2,1,0,0,1,0,0,3,3,0,0.5,,100,,,,,5,,,
ClassicGumtree,2,2,1,0,0,1,0,0,3,3,0,0.5,,200,,,,,5,,,
ClassicGumtree,2,2,1,0,0,1,0,0,3,3,0,0.5,,300,,,,,5,,,
ClassicGumtree,2,2,1,0,0,1,0,0,3,3,0,0.5,,400,,,,,5,,,
ClassicGumtree,2,2,1,0,0,1,0,0,3,3,0,0.5,,500,,,,,5,,,
ClassicGumtree,2,2,1,0,0,1,0,0,3,3,0,0.5,,600,,,,,5,,,
ClassicGumtree,2,2,1,0,0,1,0,0,3,3,0,0.5,,700,,,,,5,,,
ClassicGumtree,2,2,1,0,0,1,0,0,3,3,0,0.5,,800,,,,,5,,,
ClassicGumtree,2,2,1,0,0,1,0,0,3,3,0,0.5,,900,,,,,5,,,
ClassicGumtree,2,2,1,0,0,1,0,0,3,3,0,0.5,,1000,,,,,5,,,
ClassicGumtree,2,2,1,0,0,1,0,0,3,3,0,0.5,,1100,,,,,5,,,
ClassicGumtree,2,2,1,0,0,1,0,0,3,3,0,0.5,,1200,,,,,5,,,
ClassicGumtree,2,2,1,0,0,1,0,0,3,3,0,0.5,,1300,,,,,5,,,
ClassicGumtree,2,2,1,0,0,1,0,0,4,3,0,0.5,,1400,,,,,5,,,
ClassicGumtree,2,2,1,0,0,1,0,0,2,3,0,0.5,,1500,,,,,5,,,
ClassicGumtree,2,2,1,0,0,1,0,0,4,3,0,0.5,,1600,,,,,5,,,
ClassicGumtree,2,2,1,0,0,1,0,0,4,3,0,0.5,,1700,,,,,5,,,
ClassicGumtree,2,2,1,0,0,1,0,0,4,3,0,0.5,,1800,,,,,5,,,
ClassicGumtree,2,2,1,0,0,1,0,0,3,3,0,0.5,,1900,,,,,5,,,
ClassicGumtree,2,2,1,0,0,1,0,0,4,3,0,0.5,,2000,,,,,5,,,
ClassicGumtree,2,2,1,0,0,1,0,0,10,3,0,0.6,,100,,,,,1,,,
ClassicGumtree,2,2,1,0,0,1,0,0,10,3,0,0.6,,200,,,,,1,,,
ClassicGumtree,2,2,1,0,0,1,0,0,10,3,0,0.6,,300,,,,,1,,,
ClassicGumtree,2,2,1,0,0,1,0,0,8,3,0,0.6,,400,,,,,1,,,
ClassicGumtree,2,2,1,0,0,1,0,0,9,3,0,0.6,,500,,,,,1,,,
ClassicGumtree,2,2,1,0,0,1,0,0,9,3,0,0.6,,600,,,,,1,,,
ClassicGumtree,2,2,1,0,0,1,0,0,8,3,0,0.6,,700,,,,,1,,,
ClassicGumtree,2,2,1,0,0,1,0,0,10,3,0,0.6,,800,,,,,1,,,
ClassicGumtree,2,2,1,0,0,1,0,0,9,3,0,0.6,,900,,,,,1,,,
ClassicGumtree,2,2,1,0,0,1,0,0,9,3,0,0.6,,1000,,,,,1,,,
ClassicGumtree,2,2,1,0,0,1,0,0,8,3,0,0.6,,1100,,,,,1,,,
ClassicGumtree,2,2,1,0,0,1,0,0,10,3,0,0.6,,1200,,,,,1,,,
ClassicGumtree,2,2,1,0,0,1,0,0,7,3,0,0.6,,1300,,,,,1,,,
ClassicGumtree,2,2,1,0,0,1,0,0,10,3,0,0.6,,1400,,,,,1,,,
ClassicGumtree,2,2,1,0,0,1,0,0,10,3,0,0.6,,1500,,,,,1,,,
ClassicGumtree,2,2,1,0,0,1,0,0,10,3,0,0.6,,1600,,,,,1,,,
ClassicGumtree,2,2,1,0,0,1,0,0,10,3,0,0.6,,1700,,,,,1,,,
ClassicGumtree,2,2,1,0,0,1,0,0,9,3,0,0.6,,1800,,,,,1,,,
ClassicGumtree,2,2,1,0,0,1,0,0,10,3,0,0.6,,1900,,,,,1,,,
ClassicGumtree,2,2,1,0,0,1,0,0,10,3,0,0.6,,2000,,,,,1,,,
ClassicGumtree,2,2,1,0,0,1,0,0,8,3,0,0.6,,100,,,,,2,,,
ClassicGumtree,2,2,1,0,0,1,0,0,8,3,0,0.6,,200,,,,,2,,,
ClassicGumtree,2,2,1,0,0,1,0,0,10,3,0,0.6,,300,,,,,2,,,
ClassicGumtree,2,2,1,0,0,1,0,0,10,3,0,0.6,,400,,,,,2,,,
ClassicGumtree,2,2,1,0,0,1,0,0,10,3,0,0.6,,500,,,,,2,,,
ClassicGumtree,2,2,1,0,0,1,0,0,10,3,0,0.6,,600,,,,,2,,,
ClassicGumtree,2,2,1,0,0,1,0,0,10,3,0,0.6,,700,,,,,2,,,
ClassicGumtree,2,2,1,0,0,1,0,0,10,3,0,0.6,,800,,,,,2,,,
ClassicGumtree,2,2,1,0,0,1,0,0,10,3,0,0.6,,900,,,,,2,,,
ClassicGumtree,2,2,1,0,0,1,0,0,10,3,0,0.6,,1000,,,,,2,,,
ClassicGumtree,2,2,1,0,0,1,0,0,8,3,0,0.6,,1100,,,,,2,,,
ClassicGumtree,2,2,1,0,0,1,0,0,8,3,0,0.6,,1200,,,,,2,,,
ClassicGumtree,2,2,1,0,0,1,0,0,9,3,0,0.6,,1300,,,,,2,,,
ClassicGumtree,2,2,1,0,0,1,0,0,9,3,0,0.6,,1400,,,,,2,,,
ClassicGumtree,2,2,1,0,0,1,0,0,9,3,0,0.6,,1500,,,,,2,,,
ClassicGumtree,2,2,1,0,0,1,0,0,9,3,0,0.6,,1600,,,,,2,,,
ClassicGumtree,2,2,1,0,0,1,0,0,9,3,0,0.6,,1700,,,,,2,,,
ClassicGumtree,2,2,1,0,0,1,0,0,10,3,0,0.6,,1800,,,,,2,,,
ClassicGumtree,2,2,1,0,0,1,0,0,10,3,0,0.6,,1900,,,,,2,,,
ClassicGumtree,2,2,1,0,0,1,0,0,8,3,0,0.6,,2000,,,,,2,,,
ClassicGumtree,2,2,1,0,0,1,0,0,4,3,0,0.6,,100,,,,,3,,,
ClassicGumtree,2,2,1,0,0,1,0,0,3,3,0,0.6,,200,,,,,3,,,
ClassicGumtree,2,2,1,0,0,1,0,0,3,3,0,0.6,,300,,,,,3,,,
ClassicGumtree,2,2,1,0,0,1,0,0,3,3,0,0.6,,400,,,,,3,,,
ClassicGumtree,2,2,1,0,0,1,0,0,4,3,0,0.6,,500,,,,,3,,,
ClassicGumtree,2,2,1,0,0,1,0,0,2,3,0,0.6,,600,,,,,3,,,
ClassicGumtree,2,2,1,0,0,1,0,0,4,3,0,0.6,,700,,,,,3,,,
ClassicGumtree,2,2,1,0,0,1,0,0,4,3,0,0.6,,800,,,,,3,,,
ClassicGumtree,2,2,1,0,0,1,0,0,4,3,0,0.6,,900,,,,,3,,,
ClassicGumtree,2,2,1,0,0,1,0,0,4,3,0,0.6,,1000,,,,,3,,,
ClassicGumtree,2,2,1,0,0,1,0,0,3,3,0,0.6,,1100,,,,,3,,,
ClassicGumtree,2,2,1,0,0,1,0,0,4,3,0,0.6,,1200,,,,,3,,,
ClassicGumtree,2,2,1,0,0,1,0,0,3,3,0,0.6,,1300,,,,,3,,,
ClassicGumtree,2,2,1,0,0,1,0,0,3,3,0,0.6,,1400,,,,,3,,,
ClassicGumtree,2,2,1,0,0,1,0,0,3,3,0,0.6,,1500,,,,,3,,,
ClassicGumtree,2,2,1,0,0,1,0,0,3,3,0,0.6,,1600,,,,,3,,,
ClassicGumtree,2,2,1,0,0,1,0,0,3,3,0,0.6,,1700,,,,,3,,,
ClassicGumtree,2,2,1,0,0,1,0,0,2,3,0,0.6,,1800,,,,,3,,,
ClassicGumtree,2,2,1,0,0,1,0,0,3,3,0,0.6,,1900,,,,,3,,,
ClassicGumtree,2,2,1,0,0,1,0,0,3,3,0,0.6,,2000,,,,,3,,,
ClassicGumtree,2,2,1,0,0,1,0,0,3,3,0,0.6,,100,,,,,4,,,
ClassicGumtree,2,2,1,0,0,1,0,0,3,3,0,0.6,,200,,,,,4,,,
ClassicGumtree,2,2,1,0,0,1,0,0,3,3,0,0.6,,300,,,,,4,,,
ClassicGumtree,2,2,1,0,0,1,0,0,3,3,0,0.6,,400,,,,,4,,,
ClassicGumtree,2,2,1,0,0,1,0,0,3,3,0,0.6,,500,,,,,4,,,
ClassicGumtree,2,2,1,0,0,1,0,0,4,3,0,0.6,,600,,,,,4,,,
ClassicGumtree,2,2,1,0,0,1,0,0,3,3,0,0.6,,700,,,,,4,,,
ClassicGumtree,2,2,1,0,0,1,0,0,3,3,0,0.6,,800,,,,,4,,,
ClassicGumtree,2,2,1,0,0,1,0,0,3,3,0,0.6,,900,,,,,4,,,
ClassicGumtree,2,2,1,0,0,1,0,0,3,3,0,0.6,,1000,,,,,4,,,
ClassicGumtree,2,2,1,0,0,1,0,0,4,3,0,0.6,,1100,,,,,4,,,
ClassicGumtree,2,2,1,0,0,1,0,0,3,3,0,0.6,,1200,,,,,4,,,
ClassicGumtree,2,2,1,0,0,1,0,0,3,3,0,0.6,,1300,,,,,4,,,
ClassicGumtree,2,2,1,0,0,1,0,0,4,3,0,0.6,,1400,,,,,4,,,
ClassicGumtree,2,2,1,0,0,1,0,0,3,3,0,0.6,,1500,,,,,4,,,
ClassicGumtree,2,2,1,0,0,1,0,0,4,3,0,0.6,,1600,,,,,4,,,
ClassicGumtree,2,2,1,0,0,1,0,0,3,3,0,0.6,,1700,,,,,4,,,
ClassicGumtree,2,2,1,0,0,1,0,0,4,3,0,0.6,,1800,,,,,4,,,
ClassicGumtree,2,2,1,0,0,1,0,0,4,3,0,0.6,,1900,,,,,4,,,
ClassicGumtree,2,2,1,0,0,1,0,0,4,3,0,0.6,,2000,,,,,4,,,
ClassicGumtree,2,2,1,0,0,1,0,0,2,3,0,0.6,,100,,,,,5,,,
ClassicGumtree,2,2,1,0,0,1,0,0,3,3,0,0.6,,200,,,,,5,,,
ClassicGumtree,2,2,1,0,0,1,0,0,4,3,0,0.6,,300,,,,,5,,,
ClassicGumtree,2,2,1,0,0,1,0,0,3,3,0,0.6,,400,,,,,5,,,
ClassicGumtree,2,2,1,0,0,1,0,0,3,3,0,0.6,,500,,,,,5,,,
ClassicGumtree,2,2,1,0,0,1,0,0,3,3,0,0.6,,600,,,,,5,,,
ClassicGumtree,2,2,1,0,0,1,0,0,3,3,0,0.6,,700,,,,,5,,,
ClassicGumtree,2,2,1,0,0,1,0,0,3,3,0,0.6,,800,,,,,5,,,
ClassicGumtree,2,2,1,0,0,1,0,0,3,3,0,0.6,,900,,,,,5,,,
ClassicGumtree,2,2,1,0,0,1,0,0,3,3,0,0.6,,1000,,,,,5,,,
ClassicGumtree,2,2,1,0,0,1,0,0,3,3,0,0.6,,1100,,,,,5,,,
ClassicGumtree,2,2,1,0,0,1,0,0,4,3,0,0.6,,1200,,,,,5,,,
ClassicGumtree,2,2,1,0,0,1,0,0,2,3,0,0.6,,1300,,,,,5,,,
ClassicGumtree,2,2,1,0,0,1,0,0,3,3,0,0.6,,1400,,,,,5,,,
ClassicGumtree,2,2,1,0,0,1,0,0,4,3,0,0.6,,1500,,,,,5,,,
ClassicGumtree,2,2,1,0,0,1,0,0,3,3,0,0.6,,1600,,,,,5,,,
ClassicGumtree,2,2,1,0,0,1,0,0,4,3,0,0.6,,1700,,,,,5,,,
ClassicGumtree,2,2,1,0,0,1,0,0,4,3,0,0.6,,1800,,,,,5,,,
ClassicGumtree,2,2,1,0,0,1,0,0,4,3,0,0.6,,1900,,,,,5,,,
ClassicGumtree,2,2,1,0,0,1,0,0,4,3,0,0.6,,2000,,,,,5,,,
ClassicGumtree,2,2,1,0,0,1,0,0,8,3,0,0.7,,100,,,,,1,,,
ClassicGumtree,2,2,1,0,0,1,0,0,10,3,0,0.7,,200,,,,,1,,,
ClassicGumtree,2,2,1,0,0,1,0,0,9,3,0,0.7,,300,,,,,1,,,
ClassicGumtree,2,2,1,0,0,1,0,0,10,3,0,0.7,,400,,,,,1,,,
ClassicGumtree,2,2,1,0,0,1,0,0,9,3,0,0.7,,500,,,,,1,,,
ClassicGumtree,2,2,1,0,0,1,0,0,8,3,0,0.7,,600,,,,,1,,,
ClassicGumtree,2,2,1,0,0,1,0,0,9,3,0,0.7,,700,,,,,1,,,
ClassicGumtree,2,2,1,0,0,1,0,0,9,3,0,0.7,,800,,,,,1,,,
ClassicGumtree,2,2,1,0,0,1,0,0,9,3,0,0.7,,900,,,,,1,,,
ClassicGumtree,2,2,1,0,0,1,0,0,9,3,0,0.7,,1000,,,,,1,,,
ClassicGumtree,2,2,1,0,0,1,0,0,8,3,0,0.7,,1100,,,,,1,,,
ClassicGumtree,2,2,1,0,0,1,0,0,8,3,0,0.7,,1200,,,,,1,,,
ClassicGumtree,2,2,1,0,0,1,0,0,10,3,0,0.7,,1300,,,,,1,,,
ClassicGumtree,2,2,1,0,0,1,0,0,10,3,0,0.7,,1400,,,,,1,,,
ClassicGumtree,2,2,1,0,0,1,0,0,9,3,0,0.7,,1500,,,,,1,,,
ClassicGumtree,2,2,1,0,0,1,0,0,9,3,0,0.7,,1600,,,,,1,,,
ClassicGumtree,2,2,1,0,0,1,0,0,10,3,0,0.7,,1700,,,,,1,,,
ClassicGumtree,2,2,1,0,0,1,0,0,10,3,0,0.7,,1800,,,,,1,,,
ClassicGumtree,2,2,1,0,0,1,0,0,9,3,0,0.7,,1900,,,,,1,,,
ClassicGumtree,2,2,1,0,0,1,0,0,9,3,0,0.7,,2000,,,,,1,,,
ClassicGumtree,2,2,1,0,0,1,0,0,3,3,0,0.7,,100,,,,,2,,,
ClassicGumtree,2,2,1,0,0,1,0,0,2,3,0,0.7,,200,,,,,2,,,
ClassicGumtree,2,2,1,0,0,1,0,0,3,3,0,0.7,,300,,,,,2,,,
ClassicGumtree,2,2,1,0,0,1,0,0,3,3,0,0.7,,400,,,,,2,,,
ClassicGumtree,2,2,1,0,0,1,0,0,3,3,0,0.7,,500,,,,,2,,,
ClassicGumtree,2,2,1,0,0,1,0,0,3,3,0,0.7,,600,,,,,2,,,
ClassicGumtree,2,2,1,0,0,1,0,0,3,3,0,0.7,,700,,,,,2,,,
ClassicGumtree,2,2,1,0,0,1,0,0,4,3,0,0.7,,800,,,,,2,,,
ClassicGumtree,2,2,1,0,0,1,0,0,3,3,0,0.7,,900,,,,,2,,,
ClassicGumtree,2,2,1,0,0,1,0,0,3,3,0,0.7,,1000,,,,,2,,,
ClassicGumtree,2,2,1,0,0,1,0,0,2,3,0,0.7,,1100,,,,,2,,,
ClassicGumtree,2,2,1,0,0,1,0,0,4,3,0,0.7,,1200,,,,,2,,,
ClassicGumtree,2,2,1,0,0,1,0,0,4,3,0,0.7,,1300,,,,,2,,,
ClassicGumtree,2,2,1,0,0,1,0,0,3,3,0,0.7,,1400,,,,,2,,,
ClassicGumtree,2,2,1,0,0,1,0,0,3,3,0,0.7,,1500,,,,,2,,,
ClassicGumtree,2,2,1,0,0,1,0,0,3,3,0,0.7,,1600,,,,,2,,,
ClassicGumtree,2,2,1,0,0,1,0,0,4,3,0,0.7,,1700,,,,,2,,,
ClassicGumtree,2,2,1,0,0,1,0,0,3,3,0,0.7,,1800,,,,,2,,,
ClassicGumtree,2,2,1,0,0,1,0,0,3,3,0,0.7,,1900,,,,,2,,,
ClassicGumtree,2,2,1,0,0,1,0,0,3,3,0,0.7,,2000,,,,,2,,,
ClassicGumtree,2,2,1,0,0,1,0,0,3,3,0,0.7,,100,,,,,3,,,
ClassicGumtree,2,2,1,0,0,1,0,0,3,3,0,0.7,,200,,,,,3,,,
ClassicGumtree,2,2,1,0,0,1,0,0,3,3,0,0.7,,300,,,,,3,,,
ClassicGumtree,2,2,1,0,0,1,0,0,3,3,0,0.7,,400,,,,,3,,,
ClassicGumtree,2,2,1,0,0,1,0,0,3,3,0,0.7,,500,,,,,3,,,
ClassicGumtree,2,2,1,0,0,1,0,0,4,3,0,0.7,,600,,,,,3,,,
ClassicGumtree,2,2,1,0,0,1,0,0,3,3,0,0.7,,700,,,,,3,,,
ClassicGumtree,2,2,1,0,0,1,0,0,3,3,0,0.7,,800,,,,,3,,,
ClassicGumtree,2,2,1,0,0,1,0,0,3,3,0,0.7,,900,,,,,3,,,
ClassicGumtree,2,2,1,0,0,1,0,0,4,3,0,0.7,,1000,,,,,3,,,
ClassicGumtree,2,2,1,0,0,1,0,0,4,3,0,0.7,,1100,,,,,3,,,
ClassicGumtree,2,2,1,0,0,1,0,0,3,3,0,0.7,,1200,,,,,3,,,
ClassicGumtree,2,2,1,0,0,1,0,0,3,3,0,0.7,,1300,,,,,3,,,
ClassicGumtree,2,2,1,0,0,1,0,0,4,3,0,0.7,,1400,,,,,3,,,
ClassicGumtree,2,2,1,0,0,1,0,0,4,3,0,0.7,,1500,,,,,3,,,
ClassicGumtree,2,2,1,0,0,1,0,0,3,3,0,0.7,,1600,,,,,3,,,
ClassicGumtree,2,2,1,0,0,1,0,0,3,3,0,0.7,,1700,,,,,3,,,
ClassicGumtree,2,2,1,0,0,1,0,0,3,3,0,0.7,,1800,,,,,3,,,
ClassicGumtree,2,2,1,0,0,1,0,0,4,3,0,0.7,,1900,,,,,3,,,
ClassicGumtree,2,2,1,0,0,1,0,0,3,3,0,0.7,,2000,,,,,3,,,
ClassicGumtree,2,2,1,0,0,1,0,0,3,3,0,0.7,,100,,,,,4,,,
ClassicGumtree,2,2,1,0,0,1,0,0,3,3,0,0.7,,200,,,,,4,,,
ClassicGumtree,2,2,1,0,0,1,0,0,3,3,0,0.7,,300,,,,,4,,,
ClassicGumtree,2,2,1,0,0,1,0,0,3,3,0,0.7,,400,,,,,4,,,
ClassicGumtree,2,2,1,0,0,1,0,0,3,3,0,0.7,,500,,,,,4,,,
ClassicGumtree,2,2,1,0,0,1,0,0,4,3,0,0.7,,600,,,,,4,,,
ClassicGumtree,2,2,1,0,0,1,0,0,3,3,0,0.7,,700,,,,,4,,,
ClassicGumtree,2,2,1,0,0,1,0,0,4,3,0,0.7,,800,,,,,4,,,
ClassicGumtree,2,2,1,0,0,1,0,0,3,3,0,0.7,,900,,,,,4,,,
ClassicGumtree,2,2,1,0,0,1,0,0,3,3,0,0.7,,1000,,,,,4,,,
ClassicGumtree,2,2,1,0,0,1,0,0,3,3,0,0.7,,1100,,,,,4,,,
ClassicGumtree,2,2,1,0,0,1,0,0,3,3,0,0.7,,1200,,,,,4,,,
ClassicGumtree,2,2,1,0,0,1,0,0,3,3,0,0.7,,1300,,,,,4,,,
ClassicGumtree,2,2,1,0,0,1,0,0,3,3,0,0.7,,1400,,,,,4,,,
ClassicGumtree,2,2,1,0,0,1,0,0,3,3,0,0.7,,1500,,,,,4,,,
ClassicGumtree,2,2,1,0,0,1,0,0,3,3,0,0.7,,1600,,,,,4,,,
ClassicGumtree,2,2,1,0,0,1,0,0,3,3,0,0.7,,1700,,,,,4,,,
ClassicGumtree,2,2,1,0,0,1,0,0,3,3,0,0.7,,1800,,,,,4,,,
ClassicGumtree,2,2,1,0,0,1,0,0,3,3,0,0.7,,1900,,,,,4,,,
ClassicGumtree,2,2,1,0,0,1,0,0,3,3,0,0.7,,2000,,,,,4,,,
ClassicGumtree,2,2,1,0,0,1,0,0,3,3,0,0.7,,100,,,,,5,,,
ClassicGumtree,2,2,1,0,0,1,0,0,4,3,0,0.7,,200,,,,,5,,,
ClassicGumtree,2,2,1,0,0,1,0,0,4,3,0,0.7,,300,,,,,5,,,
ClassicGumtree,2,2,1,0,0,1,0,0,3,3,0,0.7,,400,,,,,5,,,
ClassicGumtree,2,2,1,0,0,1,0,0,3,3,0,0.7,,500,,,,,5,,,
ClassicGumtree,2,2,1,0,0,1,0,0,4,3,0,0.7,,600,,,,,5,,,
ClassicGumtree,2,2,1,0,0,1,0,0,3,3,0,0.7,,700,,,,,5,,,
ClassicGumtree,2,2,1,0,0,1,0,0,3,3,0,0.7,,800,,,,,5,,,
ClassicGumtree,2,2,1,0,0,1,0,0,3,3,0,0.7,,900,,,,,5,,,
ClassicGumtree,2,2,1,0,0,1,0,0,3,3,0,0.7,,1000,,,,,5,,,
ClassicGumtree,2,2,1,0,0,1,0,0,3,3,0,0.7,,1100,,,,,5,,,
ClassicGumtree,2,2,1,0,0,1,0,0,3,3,0,0.7,,1200,,,,,5,,,
ClassicGumtree,2,2,1,0,0,1,0,0,3,3,0,0.7,,1300,,,,,5,,,
ClassicGumtree,2,2,1,0,0,1,0,0,3,3,0,0.7,,1400,,,,,5,,,
ClassicGumtree,2,2,1,0,0,1,0,0,4,3,0,0.7,,1500,,,,,5,,,
ClassicGumtree,2,2,1,0,0,1,0,0,3,3,0,0.7,,1600,,,,,5,,,
ClassicGumtree,2,2,1,0,0,1,0,0,4,3,0,0.7,,1700,,,,,5,,,
ClassicGumtree,2,2,1,0,0,1,0,0,4,3,0,0.7,,1800,,,,,5,,,
ClassicGumtree,2,2,1,0,0,1,0,0,2,3,0,0.7,,1900,,,,,5,,,
ClassicGumtree,2,2,1,0,0,1,0,0,3,3,0,0.7,,2000,,,,,5,,,
ClassicGumtree,2,2,1,0,0,1,0,0,9,3,0,0.799,,100,,,,,1,,,
ClassicGumtree,2,2,1,0,0,1,0,0,8,3,0,0.799,,200,,,,,1,,,
ClassicGumtree,2,2,1,0,0,1,0,0,9,3,0,0.799,,300,,,,,1,,,
ClassicGumtree,2,2,1,0,0,1,0,0,9,3,0,0.799,,400,,,,,1,,,
ClassicGumtree,2,2,1,0,0,1,0,0,9,3,0,0.799,,500,,,,,1,,,
ClassicGumtree,2,2,1,0,0,1,0,0,9,3,0,0.799,,600,,,,,1,,,
ClassicGumtree,2,2,1,0,0,1,0,0,9,3,0,0.799,,700,,,,,1,,,
ClassicGumtree,2,2,1,0,0,1,0,0,8,3,0,0.799,,800,,,,,1,,,
ClassicGumtree,2,2,1,0,0,1,0,0,9,3,0,0.799,,900,,,,,1,,,
ClassicGumtree,2,2,1,0,0,1,0,0,9,3,0,0.799,,1000,,,,,1,,,
ClassicGumtree,2,2,1,0,0,1,0,0,8,3,0,0.799,,1100,,,,,1,,,
ClassicGumtree,2,2,1,0,0,1,0,0,10,3,0,0.799,,1200,,,,,1,,,
ClassicGumtree,2,2,1,0,0,1,0,0,10,3,0,0.799,,1300,,,,,1,,,
ClassicGumtree,2,2,1,0,0,1,0,0,10,3,0,0.799,,1400,,,,,1,,,
ClassicGumtree,2,2,1,0,0,1,0,0,8,3,0,0.799,,1500,,,,,1,,,
ClassicGumtree,2,2,1,0,0,1,0,0,8,3,0,0.799,,1600,,,,,1,,,
ClassicGumtree,2,2,1,0,0,1,0,0,10,3,0,0.799,,1700,,,,,1,,,
ClassicGumtree,2,2,1,0,0,1,0,0,10,3,0,0.799,,1800,,,,,1,,,
ClassicGumtree,2,2,1,0,0,1,0,0,10,3,0,0.799,,1900,,,,,1,,,
ClassicGumtree,2,2,1,0,0,1,0,0,10,3,0,0.799,,2000,,,,,1,,,
ClassicGumtree,2,2,1,0,0,1,0,0,3,3,0,0.799,,100,,,,,2,,,
ClassicGumtree,2,2,1,0,0,1,0,0,3,3,0,0.799,,200,,,,,2,,,
ClassicGumtree,2,2,1,0,0,1,0,0,3,3,0,0.799,,300,,,,,2,,,
ClassicGumtree,2,2,1,0,0,1,0,0,3,3,0,0.799,,400,,,,,2,,,
ClassicGumtree,2,2,1,0,0,1,0,0,3,3,0,0.799,,500,,,,,2,,,
ClassicGumtree,2,2,1,0,0,1,0,0,3,3,0,0.799,,600,,,,,2,,,
ClassicGumtree,2,2,1,0,0,1,0,0,3,3,0,0.799,,700,,,,,2,,,
ClassicGumtree,2,2,1,0,0,1,0,0,3,3,0,0.799,,800,,,,,2,,,
ClassicGumtree,2,2,1,0,0,1,0,0,3,3,0,0.799,,900,,,,,2,,,
ClassicGumtree,2,2,1,0,0,1,0,0,3,3,0,0.799,,1000,,,,,2,,,
ClassicGumtree,2,2,1,0,0,1,0,0,3,3,0,0.799,,1100,,,,,2,,,
ClassicGumtree,2,2,1,0,0,1,0,0,3,3,0,0.799,,1200,,,,,2,,,
ClassicGumtree,2,2,1,0,0,1,0,0,3,3,0,0.799,,1300,,,,,2,,,
ClassicGumtree,2,2,1,0,0,1,0,0,4,3,0,0.799,,1400,,,,,2,,,
ClassicGumtree,2,2,1,0,0,1,0,0,3,3,0,0.799,,1500,,,,,2,,,
ClassicGumtree,2,2,1,0,0,1,0,0,4,3,0,0.799,,1600,,,,,2,,,
ClassicGumtree,2,2,1,0,0,1,0,0,4,3,0,0.799,,1700,,,,,2,,,
ClassicGumtree,2,2,1,0,0,1,0,0,4,3,0,0.799,,1800,,,,,2,,,
ClassicGumtree,2,2,1,0,0,1,0,0,4,3,0,0.799,,1900,,,,,2,,,
ClassicGumtree,2,2,1,0,0,1,0,0,2,3,0,0.799,,2000,,,,,2,,,
ClassicGumtree,2,2,1,0,0,1,0,0,3,3,0,0.799,,100,,,,,3,,,
ClassicGumtree,2,2,1,0,0,1,0,0,3,3,0,0.799,,200,,,,,3,,,
ClassicGumtree,2,2,1,0,0,1,0,0,4,3,0,0.799,,300,,,,,3,,,
ClassicGumtree,2,2,1,0,0,1,0,0,3,3,0,0.799,,400,,,,,3,,,
ClassicGumtree,2,2,1,0,0,1,0,0,3,3,0,0.799,,500,,,,,3,,,
ClassicGumtree,2,2,1,0,0,1,0,0,3,3,0,0.799,,600,,,,,3,,,
ClassicGumtree,2,2,1,0,0,1,0,0,3,3,0,0.799,,700,,,,,3,,,
ClassicGumtree,2,2,1,0,0,1,0,0,3,3,0,0.799,,800,,,,,3,,,
ClassicGumtree,2,2,1,0,0,1,0,0,3,3,0,0.799,,900,,,,,3,,,
ClassicGumtree,2,2,1,0,0,1,0,0,3,3,0,0.799,,1000,,,,,3,,,
ClassicGumtree,2,2,1,0,0,1,0,0,3,3,0,0.799,,1100,,,,,3,,,
ClassicGumtree,2,2,1,0,0,1,0,0,4,3,0,0.799,,1200,,,,,3,,,
ClassicGumtree,2,2,1,0,0,1,0,0,3,3,0,0.799,,1300,,,,,3,,,
ClassicGumtree,2,2,1,0,0,1,0,0,3,3,0,0.799,,1400,,,,,3,,,
ClassicGumtree,2,2,1,0,0,1,0,0,3,3,0,0.799,,1500,,,,,3,,,
ClassicGumtree,2,2,1,0,0,1,0,0,3,3,0,0.799,,1600,,,,,3,,,
ClassicGumtree,2,2,1,0,0,1,0,0,3,3,0,0.799,,1700,,,,,3,,,
ClassicGumtree,2,2,1,0,0,1,0,0,3,3,0,0.799,,1800,,,,,3,,,
ClassicGumtree,2,2,1,0,0,1,0,0,2,3,0,0.799,,1900,,,,,3,,,
ClassicGumtree,2,2,1,0,0,1,0,0,3,3,0,0.799,,2000,,,,,3,,,
ClassicGumtree,2,2,1,0,0,1,0,0,3,3,0,0.799,,100,,,,,4,,,
ClassicGumtree,2,2,1,0,0,1,0,0,3,3,0,0.799,,200,,,,,4,,,
ClassicGumtree,2,2,1,0,0,1,0,0,3,3,0,0.799,,300,,,,,4,,,
ClassicGumtree,2,2,1,0,0,1,0,0,3,3,0,0.799,,400,,,,,4,,,
ClassicGumtree,2,2,1,0,0,1,0,0,4,3,0,0.799,,500,,,,,4,,,
ClassicGumtree,2,2,1,0,0,1,0,0,3,3,0,0.799,,600,,,,,4,,,
ClassicGumtree,2,2,1,0,0,1,0,0,4,3,0,0.799,,700,,,,,4,,,
ClassicGumtree,2,2,1,0,0,1,0,0,4,3,0,0.799,,800,,,,,4,,,
ClassicGumtree,2,2,1,0,0,1,0,0,3,3,0,0.799,,900,,,,,4,,,
ClassicGumtree,2,2,1,0,0,1,0,0,4,3,0,0.799,,1000,,,,,4,,,
ClassicGumtree,2,2,1,0,0,1,0,0,4,3,0,0.799,,1100,,,,,4,,,
ClassicGumtree,2,2,1,0,0,1,0,0,3,3,0,0.799,,1200,,,,,4,,,
ClassicGumtree,2,2,1,0,0,1,0,0,3,3,0,0.799,,1300,,,,,4,,,
ClassicGumtree,2,2,1,0,0,1,0,0,4,3,0,0.799,,1400,,,,,4,,,
ClassicGumtree,2,2,1,0,0,1,0,0,3,3,0,0.799,,1500,,,,,4,,,
ClassicGumtree,2,2,1,0,0,1,0,0,3,3,0,0.799,,1600,,,,,4,,,
ClassicGumtree,2,2,1,0,0,1,0,0,3,3,0,0.799,,1700,,,,,4,,,
ClassicGumtree,2,2,1,0,0,1,0,0,3,3,0,0.799,,1800,,,,,4,,,
ClassicGumtree,2,2,1,0,0,1,0,0,3,3,0,0.799,,1900,,,,,4,,,
ClassicGumtree,2,2,1,0,0,1,0,0,2,3,0,0.799,,2000,,,,,4,,,
ClassicGumtree,2,2,1,0,0,1,0,0,3,3,0,0.799,,100,,,,,5,,,
ClassicGumtree,2,2,1,0,0,1,0,0,3,3,0,0.799,,200,,,,,5,,,
ClassicGumtree,2,2,1,0,0,1,0,0,4,3,0,0.799,,300,,,,,5,,,
ClassicGumtree,2,2,1,0,0,1,0,0,3,3,0,0.799,,400,,,,,5,,,
ClassicGumtree,2,2,1,0,0,1,0,0,3,3,0,0.799,,500,,,,,5,,,
ClassicGumtree,2,2,1,0,0,1,0,0,3,3,0,0.799,,600,,,,,5,,,
ClassicGumtree,2,2,1,0,0,1,0,0,3,3,0,0.799,,700,,,,,5,,,
ClassicGumtree,2,2,1,0,0,1,0,0,3,3,0,0.799,,800,,,,,5,,,
ClassicGumtree,2,2,1,0,0,1,0,0,3,3,0,0.799,,900,,,,,5,,,
ClassicGumtree,2,2,1,0,0,1,0,0,3,3,0,0.799,,1000,,,,,5,,,
ClassicGumtree,2,2,1,0,0,1,0,0,3,3,0,0.799,,1100,,,,,5,,,
ClassicGumtree,2,2,1,0,0,1,0,0,3,3,0,0.799,,1200,,,,,5,,,
ClassicGumtree,2,2,1,0,0,1,0,0,3,3,0,0.799,,1300,,,,,5,,,
ClassicGumtree,2,2,1,0,0,1,0,0,3,3,0,0.799,,1400,,,,,5,,,
ClassicGumtree,2,2,1,0,0,1,0,0,3,3,0,0.799,,1500,,,,,5,,,
ClassicGumtree,2,2,1,0,0,1,0,0,3,3,0,0.799,,1600,,,,,5,,,
ClassicGumtree,2,2,1,0,0,1,0,0,4,3,0,0.799,,1700,,,,,5,,,
ClassicGumtree,2,2,1,0,0,1,0,0,3,3,0,0.799,,1800,,,,,5,,,
ClassicGumtree,2,2,1,0,0,1,0,0,4,3,0,0.799,,1900,,,,,5,,,
ClassicGumtree,2,2,1,0,0,1,0,0,4,3,0,0.799,,2000,,,,,5,,,
ClassicGumtree,2,2,1,0,0,1,0,0,4,3,0,0.899,,100,,,,,1,,,
ClassicGumtree,2,2,1,0,0,1,0,0,4,3,0,0.899,,200,,,,,1,,,
ClassicGumtree,2,2,1,0,0,1,0,0,3,3,0,0.899,,300,,,,,1,,,
ClassicGumtree,2,2,1,0,0,1,0,0,3,3,0,0.899,,400,,,,,1,,,
ClassicGumtree,2,2,1,0,0,1,0,0,3,3,0,0.899,,500,,,,,1,,,
ClassicGumtree,2,2,1,0,0,1,0,0,4,3,0,0.899,,600,,,,,1,,,
ClassicGumtree,2,2,1,0,0,1,0,0,3,3,0,0.899,,700,,,,,1,,,
ClassicGumtree,2,2,1,0,0,1,0,0,3,3,0,0.899,,800,,,,,1,,,
ClassicGumtree,2,2,1,0,0,1,0,0,3,3,0,0.899,,900,,,,,1,,,
ClassicGumtree,2,2,1,0,0,1,0,0,3,3,0,0.899,,1000,,,,,1,,,
ClassicGumtree,2,2,1,0,0,1,0,0,3,3,0,0.899,,1100,,,,,1,,,
ClassicGumtree,2,2,1,0,0,1,0,0,3,3,0,0.899,,1200,,,,,1,,,
ClassicGumtree,2,2,1,0,0,1,0,0,3,3,0,0.899,,1300,,,,,1,,,
ClassicGumtree,2,2,1,0,0,1,0,0,3,3,0,0.899,,1400,,,,,1,,,
ClassicGumtree,2,2,1,0,0,1,0,0,4,3,0,0.899,,1500,,,,,1,,,
ClassicGumtree,2,2,1,0,0,1,0,0,3,3,0,0.899,,1600,,,,,1,,,
ClassicGumtree,2,2,1,0,0,1,0,0,3,3,0,0.899,,1700,,,,,1,,,
ClassicGumtree,2,2,1,0,0,1,0,0,3,3,0,0.899,,1800,,,,,1,,,
ClassicGumtree,2,2,1,0,0,1,0,0,3,3,0,0.899,,1900,,,,,1,,,
ClassicGumtree,2,2,1,0,0,1,0,0,4,3,0,0.899,,2000,,,,,1,,,
ClassicGumtree,2,2,1,0,0,1,0,0,2,3,0,0.899,,100,,,,,2,,,
ClassicGumtree,2,2,1,0,0,1,0,0,3,3,0,0.899,,200,,,,,2,,,
ClassicGumtree,2,2,1,0,0,1,0,0,3,3,0,0.899,,300,,,,,2,,,
ClassicGumtree,2,2,1,0,0,1,0,0,3,3,0,0.899,,400,,,,,2,,,
ClassicGumtree,2,2,1,0,0,1,0,0,3,3,0,0.899,,500,,,,,2,,,
ClassicGumtree,2,2,1,0,0,1,0,0,3,3,0,0.899,,600,,,,,2,,,
ClassicGumtree,2,2,1,0,0,1,0,0,4,3,0,0.899,,700,,,,,2,,,
ClassicGumtree,2,2,1,0,0,1,0,0,4,3,0,0.899,,800,,,,,2,,,
ClassicGumtree,2,2,1,0,0,1,0,0,4,3,0,0.899,,900,,,,,2,,,
ClassicGumtree,2,2,1,0,0,1,0,0,3,3,0,0.899,,1000,,,,,2,,,
ClassicGumtree,2,2,1,0,0,1,0,0,3,3,0,0.899,,1100,,,,,2,,,
ClassicGumtree,2,2,1,0,0,1,0,0,3,3,0,0.899,,1200,,,,,2,,,
ClassicGumtree,2,2,1,0,0,1,0,0,4,3,0,0.899,,1300,,,,,2,,,
ClassicGumtree,2,2,1,0,0,1,0,0,4,3,0,0.899,,1400,,,,,2,,,
ClassicGumtree,2,2,1,0,0,1,0,0,4,3,0,0.899,,1500,,,,,2,,,
ClassicGumtree,2,2,1,0,0,1,0,0,3,3,0,0.899,,1600,,,,,2,,,
ClassicGumtree,2,2,1,0,0,1,0,0,3,3,0,0.899,,1700,,,,,2,,,
ClassicGumtree,2,2,1,0,0,1,0,0,3,3,0,0.899,,1800,,,,,2,,,
ClassicGumtree,2,2,1,0,0,1,0,0,3,3,0,0.899,,1900,,,,,2,,,
ClassicGumtree,2,2,1,0,0,1,0,0,2,3,0,0.899,,2000,,,,,2,,,
ClassicGumtree,2,2,1,0,0,1,0,0,3,3,0,0.899,,100,,,,,3,,,
ClassicGumtree,2,2,1,0,0,1,0,0,3,3,0,0.899,,200,,,,,3,,,
ClassicGumtree,2,2,1,0,0,1,0,0,3,3,0,0.899,,300,,,,,3,,,
ClassicGumtree,2,2,1,0,0,1,0,0,3,3,0,0.899,,400,,,,,3,,,
ClassicGumtree,2,2,1,0,0,1,0,0,3,3,0,0.899,,500,,,,,3,,,
ClassicGumtree,2,2,1,0,0,1,0,0,3,3,0,0.899,,600,,,,,3,,,
ClassicGumtree,2,2,1,0,0,1,0,0,3,3,0,0.899,,700,,,,,3,,,
ClassicGumtree,2,2,1,0,0,1,0,0,4,3,0,0.899,,800,,,,,3,,,
ClassicGumtree,2,2,1,0,0,1,0,0,3,3,0,0.899,,900,,,,,3,,,
ClassicGumtree,2,2,1,0,0,1,0,0,3,3,0,0.899,,1000,,,,,3,,,
ClassicGumtree,2,2,1,0,0,1,0,0,3,3,0,0.899,,1100,,,,,3,,,
ClassicGumtree,2,2,1,0,0,1,0,0,4,3,0,0.899,,1200,,,,,3,,,
ClassicGumtree,2,2,1,0,0,1,0,0,3,3,0,0.899,,1300,,,,,3,,,
ClassicGumtree,2,2,1,0,0,1,0,0,3,3,0,0.899,,1400,,,,,3,,,
ClassicGumtree,2,2,1,0,0,1,0,0,3,3,0,0.899,,1500,,,,,3,,,
ClassicGumtree,2,2,1,0,0,1,0,0,3,3,0,0.899,,1600,,,,,3,,,
ClassicGumtree,2,2,1,0,0,1,0,0,3,3,0,0.899,,1700,,,,,3,,,
ClassicGumtree,2,2,1,0,0,1,0,0,3,3,0,0.899,,1800,,,,,3,,,
ClassicGumtree,2,2,1,0,0,1,0,0,4,3,0,0.899,,1900,,,,,3,,,
ClassicGumtree,2,2,1,0,0,1,0,0,3,3,0,0.899,,2000,,,,,3,,,
ClassicGumtree,2,2,1,0,0,1,0,0,3,3,0,0.899,,100,,,,,4,,,
ClassicGumtree,2,2,1,0,0,1,0,0,3,3,0,0.899,,200,,,,,4,,,
ClassicGumtree,2,2,1,0,0,1,0,0,3,3,0,0.899,,300,,,,,4,,,
ClassicGumtree,2,2,1,0,0,1,0,0,4,3,0,0.899,,400,,,,,4,,,
ClassicGumtree,2,2,1,0,0,1,0,0,4,3,0,0.899,,500,,,,,4,,,
ClassicGumtree,2,2,1,0,0,1,0,0,3,3,0,0.899,,600,,,,,4,,,
ClassicGumtree,2,2,1,0,0,1,0,0,4,3,0,0.899,,700,,,,,4,,,
ClassicGumtree,2,2,1,0,0,1,0,0,3,3,0,0.899,,800,,,,,4,,,
ClassicGumtree,2,2,1,0,0,1,0,0,3,3,0,0.899,,900,,,,,4,,,
ClassicGumtree,2,2,1,0,0,1,0,0,3,3,0,0.899,,1000,,,,,4,,,
ClassicGumtree,2,2,1,0,0,1,0,0,3,3,0,0.899,,1100,,,,,4,,,
ClassicGumtree,2,2,1,0,0,1,0,0,3,3,0,0.899,,1200,,,,,4,,,
ClassicGumtree,2,2,1,0,0,1,0,0,3,3,0,0.899,,1300,,,,,4,,,
ClassicGumtree,2,2,1,0,0,1,0,0,3,3,0,0.899,,1400,,,,,4,,,
ClassicGumtree,2,2,1,0,0,1,0,0,3,3,0,0.899,,1500,,,,,4,,,
ClassicGumtree,2,2,1,0,0,1,0,0,3,3,0,0.899,,1600,,,,,4,,,
ClassicGumtree,2,2,1,0,0,1,0,0,3,3,0,0.899,,1700,,,,,4,,,
ClassicGumtree,2,2,1,0,0,1,0,0,3,3,0,0.899,,1800,,,,,4,,,
ClassicGumtree,2,2,1,0,0,1,0,0,3,3,0,0.899,,1900,,,,,4,,,
ClassicGumtree,2,2,1,0,0,1,0,0,4,3,0,0.899,,2000,,,,,4,,,
ClassicGumtree,2,2,1,0,0,1,0,0,4,3,0,0.899,,100,,,,,5,,,
ClassicGumtree,2,2,1,0,0,1,0,0,3,3,0,0.899,,200,,,,,5,,,
ClassicGumtree,2,2,1,0,0,1,0,0,4,3,0,0.899,,300,,,,,5,,,
ClassicGumtree,2,2,1,0,0,1,0,0,3,3,0,0.899,,400,,,,,5,,,
ClassicGumtree,2,2,1,0,0,1,0,0,3,3,0,0.899,,500,,,,,5,,,
ClassicGumtree,2,2,1,0,0,1,0,0,3,3,0,0.899,,600,,,,,5,,,
ClassicGumtree,2,2,1,0,0,1,0,0,3,3,0,0.899,,700,,,,,5,,,
ClassicGumtree,2,2,1,0,0,1,0,0,3,3,0,0.899,,800,,,,,5,,,
ClassicGumtree,2,2,1,0,0,1,0,0,4,3,0,0.899,,900,,,,,5,,,
ClassicGumtree,2,2,1,0,0,1,0,0,3,3,0,0.899,,1000,,,,,5,,,
ClassicGumtree,2,2,1,0,0,1,0,0,3,3,0,0.899,,1100,,,,,5,,,
ClassicGumtree,2,2,1,0,0,1,0,0,3,3,0,0.899,,1200,,,,,5,,,
ClassicGumtree,2,2,1,0,0,1,0,0,3,3,0,0.899,,1300,,,,,5,,,
ClassicGumtree,2,2,1,0,0,1,0,0,3,3,0,0.899,,1400,,,,,5,,,
ClassicGumtree,2,2,1,0,0,1,0,0,3,3,0,0.899,,1500,,,,,5,,,
ClassicGumtree,2,2,1,0,0,1,0,0,4,3,0,0.899,,1600,,,,,5,,,
ClassicGumtree,2,2,1,0,0,1,0,0,4,3,0,0.899,,1700,,,,,5,,,
ClassicGumtree,2,2,1,0,0,1,0,0,4,3,0,0.899,,1800,,,,,5,,,
ClassicGumtree,2,2,1,0,0,1,0,0,3,3,0,0.899,,1900,,,,,5,,,
ClassicGumtree,2,2,1,0,0,1,0,0,4,3,0,0.899,,2000,,,,,5,,,
ClassicGumtree,2,2,1,0,0,1,0,0,3,3,0,0.999,,100,,,,,1,,,
ClassicGumtree,2,2,1,0,0,1,0,0,2,3,0,0.999,,200,,,,,1,,,
ClassicGumtree,2,2,1,0,0,1,0,0,3,3,0,0.999,,300,,,,,1,,,
ClassicGumtree,2,2,1,0,0,1,0,0,3,3,0,0.999,,400,,,,,1,,,
ClassicGumtree,2,2,1,0,0,1,0,0,3,3,0,0.999,,500,,,,,1,,,
ClassicGumtree,2,2,1,0,0,1,0,0,3,3,0,0.999,,600,,,,,1,,,
ClassicGumtree,2,2,1,0,0,1,0,0,3,3,0,0.999,,700,,,,,1,,,
ClassicGumtree,2,2,1,0,0,1,0,0,3,3,0,0.999,,800,,,,,1,,,
ClassicGumtree,2,2,1,0,0,1,0,0,3,3,0,0.999,,900,,,,,1,,,
ClassicGumtree,2,2,1,0,0,1,0,0,4,3,0,0.999,,1000,,,,,1,,,
ClassicGumtree,2,2,1,0,0,1,0,0,2,3,0,0.999,,1100,,,,,1,,,
ClassicGumtree,2,2,1,0,0,1,0,0,3,3,0,0.999,,1200,,,,,1,,,
ClassicGumtree,2,2,1,0,0,1,0,0,3,3,0,0.999,,1300,,,,,1,,,
ClassicGumtree,2,2,1,0,0,1,0,0,4,3,0,0.999,,1400,,,,,1,,,
ClassicGumtree,2,2,1,0,0,1,0,0,4,3,0,0.999,,1500,,,,,1,,,
ClassicGumtree,2,2,1,0,0,1,0,0,4,3,0,0.999,,1600,,,,,1,,,
ClassicGumtree,2,2,1,0,0,1,0,0,4,3,0,0.999,,1700,,,,,1,,,
ClassicGumtree,2,2,1,0,0,1,0,0,3,3,0,0.999,,1800,,,,,1,,,
ClassicGumtree,2,2,1,0,0,1,0,0,3,3,0,0.999,,1900,,,,,1,,,
ClassicGumtree,2,2,1,0,0,1,0,0,3,3,0,0.999,,2000,,,,,1,,,
ClassicGumtree,2,2,1,0,0,1,0,0,3,3,0,0.999,,100,,,,,2,,,
ClassicGumtree,2,2,1,0,0,1,0,0,3,3,0,0.999,,200,,,,,2,,,
ClassicGumtree,2,2,1,0,0,1,0,0,3,3,0,0.999,,300,,,,,2,,,
ClassicGumtree,2,2,1,0,0,1,0,0,3,3,0,0.999,,400,,,,,2,,,
ClassicGumtree,2,2,1,0,0,1,0,0,3,3,0,0.999,,500,,,,,2,,,
ClassicGumtree,2,2,1,0,0,1,0,0,3,3,0,0.999,,600,,,,,2,,,
ClassicGumtree,2,2,1,0,0,1,0,0,3,3,0,0.999,,700,,,,,2,,,
ClassicGumtree,2,2,1,0,0,1,0,0,3,3,0,0.999,,800,,,,,2,,,
ClassicGumtree,2,2,1,0,0,1,0,0,3,3,0,0.999,,900,,,,,2,,,
ClassicGumtree,2,2,1,0,0,1,0,0,4,3,0,0.999,,1000,,,,,2,,,
ClassicGumtree,2,2,1,0,0,1,0,0,2,3,0,0.999,,1100,,,,,2,,,
ClassicGumtree,2,2,1,0,0,1,0,0,4,3,0,0.999,,1200,,,,,2,,,
ClassicGumtree,2,2,1,0,0,1,0,0,4,3,0,0.999,,1300,,,,,2,,,
ClassicGumtree,2,2,1,0,0,1,0,0,3,3,0,0.999,,1400,,,,,2,,,
ClassicGumtree,2,2,1,0,0,1,0,0,4,3,0,0.999,,1500,,,,,2,,,
ClassicGumtree,2,2,1,0,0,1,0,0,3,3,0,0.999,,1600,,,,,2,,,
ClassicGumtree,2,2,1,0,0,1,0,0,3,3,0,0.999,,1700,,,,,2,,,
ClassicGumtree,2,2,1,0,0,1,0,0,3,3,0,0.999,,1800,,,,,2,,,
ClassicGumtree,2,2,1,0,0,1,0,0,3,3,0,0.999,,1900,,,,,2,,,
ClassicGumtree,2,2,1,0,0,1,0,0,3,3,0,0.999,,2000,,,,,2,,,
ClassicGumtree,2,2,1,0,0,1,0,0,3,3,0,0.999,,100,,,,,3,,,
ClassicGumtree,2,2,1,0,0,1,0,0,3,3,0,0.999,,200,,,,,3,,,
ClassicGumtree,2,2,1,0,0,1,0,0,3,3,0,0.999,,300,,,,,3,,,
ClassicGumtree,2,2,1,0,0,1,0,0,4,3,0,0.999,,400,,,,,3,,,
ClassicGumtree,2,2,1,0,0,1,0,0,3,3,0,0.999,,500,,,,,3,,,
ClassicGumtree,2,2,1,0,0,1,0,0,3,3,0,0.999,,600,,,,,3,,,
ClassicGumtree,2,2,1,0,0,1,0,0,3,3,0,0.999,,700,,,,,3,,,
ClassicGumtree,2,2,1,0,0,1,0,0,4,3,0,0.999,,800,,,,,3,,,
ClassicGumtree,2,2,1,0,0,1,0,0,4,3,0,0.999,,900,,,,,3,,,
ClassicGumtree,2,2,1,0,0,1,0,0,3,3,0,0.999,,1000,,,,,3,,,
ClassicGumtree,2,2,1,0,0,1,0,0,3,3,0,0.999,,1100,,,,,3,,,
ClassicGumtree,2,2,1,0,0,1,0,0,4,3,0,0.999,,1200,,,,,3,,,
ClassicGumtree,2,2,1,0,0,1,0,0,4,3,0,0.999,,1300,,,,,3,,,
ClassicGumtree,2,2,1,0,0,1,0,0,3,3,0,0.999,,1400,,,,,3,,,
ClassicGumtree,2,2,1,0,0,1,0,0,3,3,0,0.999,,1500,,,,,3,,,
ClassicGumtree,2,2,1,0,0,1,0,0,3,3,0,0.999,,1600,,,,,3,,,
ClassicGumtree,2,2,1,0,0,1,0,0,3,3,0,0.999,,1700,,,,,3,,,
ClassicGumtree,2,2,1,0,0,1,0,0,4,3,0,0.999,,1800,,,,,3,,,
ClassicGumtree,2,2,1,0,0,1,0,0,3,3,0,0.999,,1900,,,,,3,,,
ClassicGumtree,2,2,1,0,0,1,0,0,3,3,0,0.999,,2000,,,,,3,,,
ClassicGumtree,2,2,1,0,0,1,0,0,4,3,0,0.999,,100,,,,,4,,,
ClassicGumtree,2,2,1,0,0,1,0,0,3,3,0,0.999,,200,,,,,4,,,
ClassicGumtree,2,2,1,0,0,1,0,0,3,3,0,0.999,,300,,,,,4,,,
ClassicGumtree,2,2,1,0,0,1,0,0,3,3,0,0.999,,400,,,,,4,,,
ClassicGumtree,2,2,1,0,0,1,0,0,3,3,0,0.999,,500,,,,,4,,,
ClassicGumtree,2,2,1,0,0,1,0,0,3,3,0,0.999,,600,,,,,4,,,
ClassicGumtree,2,2,1,0,0,1,0,0,3,3,0,0.999,,700,,,,,4,,,
ClassicGumtree,2,2,1,0,0,1,0,0,3,3,0,0.999,,800,,,,,4,,,
ClassicGumtree,2,2,1,0,0,1,0,0,3,3,0,0.999,,900,,,,,4,,,
ClassicGumtree,2,2,1,0,0,1,0,0,3,3,0,0.999,,1000,,,,,4,,,
ClassicGumtree,2,2,1,0,0,1,0,0,3,3,0,0.999,,1100,,,,,4,,,
ClassicGumtree,2,2,1,0,0,1,0,0,3,3,0,0.999,,1200,,,,,4,,,
ClassicGumtree,2,2,1,0,0,1,0,0,3,3,0,0.999,,1300,,,,,4,,,
ClassicGumtree,2,2,1,0,0,1,0,0,3,3,0,0.999,,1400,,,,,4,,,
ClassicGumtree,2,2,1,0,0,1,0,0,3,3,0,0.999,,1500,,,,,4,,,
ClassicGumtree,2,2,1,0,0,1,0,0,4,3,0,0.999,,1600,,,,,4,,,
ClassicGumtree,2,2,1,0,0,1,0,0,4,3,0,0.999,,1700,,,,,4,,,
ClassicGumtree,2,2,1,0,0,1,0,0,4,3,0,0.999,,1800,,,,,4,,,
ClassicGumtree,2,2,1,0,0,1,0,0,4,3,0,0.999,,1900,,,,,4,,,
ClassicGumtree,2,2,1,0,0,1,0,0,4,3,0,0.999,,2000,,,,,4,,,
ClassicGumtree,2,2,1,0,0,1,0,0,3,3,0,0.999,,100,,,,,5,,,
ClassicGumtree,2,2,1,0,0,1,0,0,3,3,0,0.999,,200,,,,,5,,,
ClassicGumtree,2,2,1,0,0,1,0,0,3,3,0,0.999,,300,,,,,5,,,
ClassicGumtree,2,2,1,0,0,1,0,0,3,3,0,0.999,,400,,,,,5,,,
ClassicGumtree,2,2,1,0,0,1,0,0,4,3,0,0.999,,500,,,,,5,,,
ClassicGumtree,2,2,1,0,0,1,0,0,3,3,0,0.999,,600,,,,,5,,,
ClassicGumtree,2,2,1,0,0,1,0,0,3,3,0,0.999,,700,,,,,5,,,
ClassicGumtree,2,2,1,0,0,1,0,0,3,3,0,0.999,,800,,,,,5,,,
ClassicGumtree,2,2,1,0,0,1,0,0,3,3,0,0.999,,900,,,,,5,,,
ClassicGumtree,2,2,1,0,0,1,0,0,3,3,0,0.999,,1000,,,,,5,,,
ClassicGumtree,2,2,1,0,0,1,0,0,4,3,0,0.999,,1100,,,,,5,,,
ClassicGumtree,2,2,1,0,0,1,0,0,2,3,0,0.999,,1200,,,,,5,,,
ClassicGumtree,2,2,1,0,0,1,0,0,3,3,0,0.999,,1300,,,,,5,,,
ClassicGumtree,2,2,1,0,0,1,0,0,3,3,0,0.999,,1400,,,,,5,,,
ClassicGumtree,2,2,1,0,0,1,0,0,3,3,0,0.999,,1500,,,,,5,,,
ClassicGumtree,2,2,1,0,0,1,0,0,3,3,0,0.999,,1600,,,,,5,,,
ClassicGumtree,2,2,1,0,0,1,0,0,4,3,0,0.999,,1700,,,,,5,,,
ClassicGumtree,2,2,1,0,0,1,0,0,3,3,0,0.999,,1800,,,,,5,,,
ClassicGumtree,2,2,1,0,0,1,0,0,3,3,0,0.999,,1900,,,,,5,,,
ClassicGumtree,2,2,1,0,0,1,0,0,3,3,0,0.999,,2000,,,,,5,,,
CompleteGumtreeMatcher,2,2,1,0,0,1,0,0,11,3,0,0.1,,100,,,,,1,,,
CompleteGumtreeMatcher,2,2,1,0,0,1,0,0,11,3,0,0.1,,200,,,,,1,,,
CompleteGumtreeMatcher,2,2,1,0,0,1,0,0,11,3,0,0.1,,300,,,,,1,,,
CompleteGumtreeMatcher,2,2,1,0,0,1,0,0,8,3,0,0.1,,400,,,,,1,,,
CompleteGumtreeMatcher,2,2,1,0,0,1,0,0,11,3,0,0.1,,500,,,,,1,,,
CompleteGumtreeMatcher,2,2,1,0,0,1,0,0,11,3,0,0.1,,600,,,,,1,,,
CompleteGumtreeMatcher,2,2,1,0,0,1,0,0,7,3,0,0.1,,700,,,,,1,,,
CompleteGumtreeMatcher,2,2,1,0,0,1,0,0,3,3,0,0.1,,800,,,,,1,,,
CompleteGumtreeMatcher,2,2,1,0,0,1,0,0,4,3,0,0.1,,900,,,,,1,,,
CompleteGumtreeMatcher,2,2,1,0,0,1,0,0,6,3,0,0.1,,1000,,,,,1,,,
CompleteGumtreeMatcher,2,2,1,0,0,1,0,0,4,3,0,0.1,,1100,,,,,1,,,
CompleteGumtreeMatcher,2,2,1,0,0,1,0,0,4,3,0,0.1,,1200,,,,,1,,,
CompleteGumtreeMatcher,2,2,1,0,0,1,0,0,4,3,0,0.1,,1300,,,,,1,,,
CompleteGumtreeMatcher,2,2,1,0,0,1,0,0,3,3,0,0.1,,1400,,,,,1,,,
CompleteGumtreeMatcher,2,2,1,0,0,1,0,0,6,3,0,0.1,,1500,,,,,1,,,
CompleteGumtreeMatcher,2,2,1,0,0,1,0,0,6,3,0,0.1,,1600,,,,,1,,,
CompleteGumtreeMatcher,2,2,1,0,0,1,0,0,6,3,0,0.1,,1700,,,,,1,,,
CompleteGumtreeMatcher,2,2,1,0,0,1,0,0,6,3,0,0.1,,1800,,,,,1,,,
CompleteGumtreeMatcher,2,2,1,0,0,1,0,0,3,3,0,0.1,,1900,,,,,1,,,
CompleteGumtreeMatcher,2,2,1,0,0,1,0,0,6,3,0,0.1,,2000,,,,,1,,,
CompleteGumtreeMatcher,2,2,1,0,0,1,0,0,6,3,0,0.1,,100,,,,,2,,,
CompleteGumtreeMatcher,2,2,1,0,0,1,0,0,3,3,0,0.1,,200,,,,,2,,,
CompleteGumtreeMatcher,2,2,1,0,0,1,0,0,3,3,0,0.1,,300,,,,,2,,,
CompleteGumtreeMatcher,2,2,1,0,0,1,0,0,3,3,0,0.1,,400,,,,,2,,,
CompleteGumtreeMatcher,2,2,1,0,0,1,0,0,3,3,0,0.1,,500,,,,,2,,,
CompleteGumtreeMatcher,2,2,1,0,0,1,0,0,3,3,0,0.1,,600,,,,,2,,,
CompleteGumtreeMatcher,2,2,1,0,0,1,0,0,4,3,0,0.1,,700,,,,,2,,,
CompleteGumtreeMatcher,2,2,1,0,0,1,0,0,4,3,0,0.1,,800,,,,,2,,,
CompleteGumtreeMatcher,2,2,1,0,0,1,0,0,6,3,0,0.1,,900,,,,,2,,,
CompleteGumtreeMatcher,2,2,1,0,0,1,0,0,6,3,0,0.1,,1000,,,,,2,,,
CompleteGumtreeMatcher,2,2,1,0,0,1,0,0,6,3,0,0.1,,1100,,,,,2,,,
CompleteGumtreeMatcher,2,2,1,0,0,1,0,0,6,3,0,0.1,,1200,,,,,2,,,
CompleteGumtreeMatcher,2,2,1,0,0,1,0,0,6,3,0,0.1,,1300,,,,,2,,,
CompleteGumtreeMatcher,2,2,1,0,0,1,0,0,4,3,0,0.1,,1400,,,,,2,,,
CompleteGumtreeMatcher,2,2,1,0,0,1,0,0,6,3,0,0.1,,1500,,,,,2,,,
CompleteGumtreeMatcher,2,2,1,0,0,1,0,0,4,3,0,0.1,,1600,,,,,2,,,
CompleteGumtreeMatcher,2,2,1,0,0,1,0,0,3,3,0,0.1,,1700,,,,,2,,,
CompleteGumtreeMatcher,2,2,1,0,0,1,0,0,3,3,0,0.1,,1800,,,,,2,,,
CompleteGumtreeMatcher,2,2,1,0,0,1,0,0,3,3,0,0.1,,1900,,,,,2,,,
CompleteGumtreeMatcher,2,2,1,0,0,1,0,0,3,3,0,0.1,,2000,,,,,2,,,
CompleteGumtreeMatcher,2,2,1,0,0,1,0,0,3,3,0,0.1,,100,,,,,3,,,
CompleteGumtreeMatcher,2,2,1,0,0,1,0,0,3,3,0,0.1,,200,,,,,3,,,
CompleteGumtreeMatcher,2,2,1,0,0,1,0,0,7,3,0,0.1,,300,,,,,3,,,
CompleteGumtreeMatcher,2,2,1,0,0,1,0,0,7,3,0,0.1,,400,,,,,3,,,
CompleteGumtreeMatcher,2,2,1,0,0,1,0,0,7,3,0,0.1,,500,,,,,3,,,
CompleteGumtreeMatcher,2,2,1,0,0,1,0,0,7,3,0,0.1,,600,,,,,3,,,
CompleteGumtreeMatcher,2,2,1,0,0,1,0,0,6,3,0,0.1,,700,,,,,3,,,
CompleteGumtreeMatcher,2,2,1,0,0,1,0,0,6,3,0,0.1,,800,,,,,3,,,
CompleteGumtreeMatcher,2,2,1,0,0,1,0,0,3,3,0,0.1,,900,,,,,3,,,
CompleteGumtreeMatcher,2,2,1,0,0,1,0,0,4,3,0,0.1,,1000,,,,,3,,,
CompleteGumtreeMatcher,2,2,1,0,0,1,0,0,4,3,0,0.1,,1100,,,,,3,,,
CompleteGumtreeMatcher,2,2,1,0,0,1,0,0,4,3,0,0.1,,1200,,,,,3,,,
CompleteGumtreeMatcher,2,2,1,0,0,1,0,0,4,3,0,0.1,,1300,,,,,3,,,
CompleteGumtreeMatcher,2,2,1,0,0,1,0,0,6,3,0,0.1,,1400,,,,,3,,,
CompleteGumtreeMatcher,2,2,1,0,0,1,0,0,3,3,0,0.1,,1500,,,,,3,,,
CompleteGumtreeMatcher,2,2,1,0,0,1,0,0,6,3,0,0.1,,1600,,,,,3,,,
CompleteGumtreeMatcher,2,2,1,0,0,1,0,0,6,3,0,0.1,,1700,,,,,3,,,
CompleteGumtreeMatcher,2,2,1,0,0,1,0,0,6,3,0,0.1,,1800,,,,,3,,,
CompleteGumtreeMatcher,2,2,1,0,0,1,0,0,3,3,0,0.1,,1900,,,,,3,,,
CompleteGumtreeMatcher,2,2,1,0,0,1,0,0,3,3,0,0.1,,2000,,,,,3,,,
CompleteGumtreeMatcher,2,2,1,0,0,1,0,0,6,3,0,0.1,,100,,,,,4,,,
CompleteGumtreeMatcher,2,2,1,0,0,1,0,0,6,3,0,0.1,,200,,,,,4,,,
CompleteGumtreeMatcher,2,2,1,0,0,1,0,0,3,3,0,0.1,,300,,,,,4,,,
CompleteGumtreeMatcher,2,2,1,0,0,1,0,0,3,3,0,0.1,,400,,,,,4,,,
CompleteGumtreeMatcher,2,2,1,0,0,1,0,0,3,3,0,0.1,,500,,,,,4,,,
CompleteGumtreeMatcher,2,2,1,0,0,1,0,0,4,3,0,0.1,,600,,,,,4,,,
CompleteGumtreeMatcher,2,2,1,0,0,1,0,0,3,3,0,0.1,,700,,,,,4,,,
CompleteGumtreeMatcher,2,2,1,0,0,1,0,0,6,3,0,0.1,,800,,,,,4,,,
CompleteGumtreeMatcher,2,2,1,0,0,1,0,0,6,3,0,0.1,,900,,,,,4,,,
CompleteGumtreeMatcher,2,2,1,0,0,1,0,0,6,3,0,0.1,,1000,,,,,4,,,
CompleteGumtreeMatcher,2,2,1,0,0,1,0,0,6,3,0,0.1,,1100,,,,,4,,,
CompleteGumtreeMatcher,2,2,1,0,0,1,0,0,6,3,0,0.1,,1200,,,,,4,,,
CompleteGumtreeMatcher,2,2,1,0,0,1,0,0,4,3,0,0.1,,1300,,,,,4,,,
CompleteGumtreeMatcher,2,2,1,0,0,1,0,0,4,3,0,0.1,,1400,,,,,4,,,
CompleteGumtreeMatcher,2,2,1,0,0,1,0,0,3,3,0,0.1,,1500,,,,,4,,,
CompleteGumtreeMatcher,2,2,1,0,0,1,0,0,6,3,0,0.1,,1600,,,,,4,,,
CompleteGumtreeMatcher,2,2,1,0,0,1,0,0,4,3,0,0.1,,1700,,,,,4,,,
CompleteGumtreeMatcher,2,2,1,0,0,1,0,0,3,3,0,0.1,,1800,,,,,4,,,
CompleteGumtreeMatcher,2,2,1,0,0,1,0,0,3,3,0,0.1,,1900,,,,,4,,,
CompleteGumtreeMatcher,2,2,1,0,0,1,0,0,3,3,0,0.1,,2000,,,,,4,,,
CompleteGumtreeMatcher,2,2,1,0,0,1,0,0,3,3,0,0.1,,100,,,,,5,,,
CompleteGumtreeMatcher,2,2,1,0,0,1,0,0,6,3,0,0.1,,200,,,,,5,,,
CompleteGumtreeMatcher,2,2,1,0,0,1,0,0,6,3,0,0.1,,300,,,,,5,,,
CompleteGumtreeMatcher,2,2,1,0,0,1,0,0,6,3,0,0.1,,400,,,,,5,,,
CompleteGumtreeMatcher,2,2,1,0,0,1,0,0,6,3,0,0.1,,500,,,,,5,,,
CompleteGumtreeMatcher,2,2,1,0,0,1,0,0,6,3,0,0.1,,600,,,,,5,,,
CompleteGumtreeMatcher,2,2,1,0,0,1,0,0,6,3,0,0.1,,700,,,,,5,,,
CompleteGumtreeMatcher,2,2,1,0,0,1,0,0,3,3,0,0.1,,800,,,,,5,,,
CompleteGumtreeMatcher,2,2,1,0,0,1,0,0,4,3,0,0.1,,900,,,,,5,,,
CompleteGumtreeMatcher,2,2,1,0,0,1,0,0,4,3,0,0.1,,1000,,,,,5,,,
CompleteGumtreeMatcher,2,2,1,0,0,1,0,0,3,3,0,0.1,,1100,,,,,5,,,
CompleteGumtreeMatcher,2,2,1,0,0,1,0,0,4,3,0,0.1,,1200,,,,,5,,,
CompleteGumtreeMatcher,2,2,1,0,0,1,0,0,3,3,0,0.1,,1300,,,,,5,,,
CompleteGumtreeMatcher,2,2,1,0,0,1,0,0,3,3,0,0.1,,1400,,,,,5,,,
CompleteGumtreeMatcher,2,2,1,0,0,1,0,0,6,3,0,0.1,,1500,,,,,5,,,
CompleteGumtreeMatcher,2,2,1,0,0,1,0,0,6,3,0,0.1,,1600,,,,,5,,,
CompleteGumtreeMatcher,2,2,1,0,0,1,0,0,6,3,0,0.1,,1700,,,,,5,,,
CompleteGumtreeMatcher,2,2,1,0,0,1,0,0,6,3,0,0.1,,1800,,,,,5,,,
CompleteGumtreeMatcher,2,2,1,0,0,1,0,0,7,3,0,0.1,,1900,,,,,5,,,
CompleteGumtreeMatcher,2,2,1,0,0,1,0,0,4,3,0,0.1,,2000,,,,,5,,,
CompleteGumtreeMatcher,2,2,1,0,0,1,0,0,6,3,0,0.2,,100,,,,,1,,,
CompleteGumtreeMatcher,2,2,1,0,0,1,0,0,3,3,0,0.2,,200,,,,,1,,,
CompleteGumtreeMatcher,2,2,1,0,0,1,0,0,3,3,0,0.2,,300,,,,,1,,,
CompleteGumtreeMatcher,2,2,1,0,0,1,0,0,4,3,0,0.2,,400,,,,,1,,,
CompleteGumtreeMatcher,2,2,1,0,0,1,0,0,3,3,0,0.2,,500,,,,,1,,,
CompleteGumtreeMatcher,2,2,1,0,0,1,0,0,4,3,0,0.2,,600,,,,,1,,,
CompleteGumtreeMatcher,2,2,1,0,0,1,0,0,4,3,0,0.2,,700,,,,,1,,,
CompleteGumtreeMatcher,2,2,1,0,0,1,0,0,3,3,0,0.2,,800,,,,,1,,,
CompleteGumtreeMatcher,2,2,1,0,0,1,0,0,3,3,0,0.2,,900,,,,,1,,,
CompleteGumtreeMatcher,2,2,1,0,0,1,0,0,4,3,0,0.2,,1000,,,,,1,,,
CompleteGumtreeMatcher,2,2,1,0,0,1,0,0,7,3,0,0.2,,1100,,,,,1,,,
CompleteGumtreeMatcher,2,2,1,0,0,1,0,0,7,3,0,0.2,,1200,,,,,1,,,
CompleteGumtreeMatcher,2,2,1,0,0,1,0,0,6,3,0,0.2,,1300,,,,,1,,,
CompleteGumtreeMatcher,2,2,1,0,0,1,0,0,6,3,0,0.2,,1400,,,,,1,,,
CompleteGumtreeMatcher,2,2,1,0,0,1,0,0,4,3,0,0.2,,1500,,,,,1,,,
CompleteGumtreeMatcher,2,2,1,0,0,1,0,0,3,3,0,0.2,,1600,,,,,1,,,
CompleteGumtreeMatcher,2,2,1,0,0,1,0,0,3,3,0,0.2,,1700,,,,,1,,,
CompleteGumtreeMatcher,2,2,1,0,0,1,0,0,3,3,0,0.2,,1800,,,,,1,,,
CompleteGumtreeMatcher,2,2,1,0,0,1,0,0,3,3,0,0.2,,1900,,,,,1,,,
CompleteGumtreeMatcher,2,2,1,0,0,1,0,0,3,3,0,0.2,,2000,,,,,1,,,
CompleteGumtreeMatcher,2,2,1,0,0,1,0,0,3,3,0,0.2,,100,,,,,2,,,
CompleteGumtreeMatcher,2,2,1,0,0,1,0,0,3,3,0,0.2,,200,,,,,2,,,
CompleteGumtreeMatcher,2,2,1,0,0,1,0,0,4,3,0,0.2,,300,,,,,2,,,
CompleteGumtreeMatcher,2,2,1,0,0,1,0,0,4,3,0,0.2,,400,,,,,2,,,
CompleteGumtreeMatcher,2,2,1,0,0,1,0,0,6,3,0,0.2,,500,,,,,2,,,
CompleteGumtreeMatcher,2,2,1,0,0,1,0,0,6,3,0,0.2,,600,,,,,2,,,
CompleteGumtreeMatcher,2,2,1,0,0,1,0,0,6,3,0,0.2,,700,,,,,2,,,
CompleteGumtreeMatcher,2,2,1,0,0,1,0,0,3,3,0,0.2,,800,,,,,2,,,
CompleteGumtreeMatcher,2,2,1,0,0,1,0,0,6,3,0,0.2,,900,,,,,2,,,
CompleteGumtreeMatcher,2,2,1,0,0,1,0,0,3,3,0,0.2,,1000,,,,,2,,,
CompleteGumtreeMatcher,2,2,1,0,0,1,0,0,3,3,0,0.2,,1100,,,,,2,,,
CompleteGumtreeMatcher,2,2,1,0,0,1,0,0,4,3,0,0.2,,1200,,,,,2,,,
CompleteGumtreeMatcher,2,2,1,0,0,1,0,0,3,3,0,0.2,,1300,,,,,2,,,
CompleteGumtreeMatcher,2,2,1,0,0,1,0,0,3,3,0,0.2,,1400,,,,,2,,,
CompleteGumtreeMatcher,2,2,1,0,0,1,0,0,4,3,0,0.2,,1500,,,,,2,,,
CompleteGumtreeMatcher,2,2,1,0,0,1,0,0,4,3,0,0.2,,1600,,,,,2,,,
CompleteGumtreeMatcher,2,2,1,0,0,1,0,0,4,3,0,0.2,,1700,,,,,2,,,
CompleteGumtreeMatcher,2,2,1,0,0,1,0,0,3,3,0,0.2,,1800,,,,,2,,,
CompleteGumtreeMatcher,2,2,1,0,0,1,0,0,6,3,0,0.2,,1900,,,,,2,,,
CompleteGumtreeMatcher,2,2,1,0,0,1,0,0,6,3,0,0.2,,2000,,,,,2,,,
CompleteGumtreeMatcher,2,2,1,0,0,1,0,0,6,3,0,0.2,,100,,,,,3,,,
CompleteGumtreeMatcher,2,2,1,0,0,1,0,0,6,3,0,0.2,,200,,,,,3,,,
CompleteGumtreeMatcher,2,2,1,0,0,1,0,0,4,3,0,0.2,,300,,,,,3,,,
CompleteGumtreeMatcher,2,2,1,0,0,1,0,0,4,3,0,0.2,,400,,,,,3,,,
CompleteGumtreeMatcher,2,2,1,0,0,1,0,0,3,3,0,0.2,,500,,,,,3,,,
CompleteGumtreeMatcher,2,2,1,0,0,1,0,0,3,3,0,0.2,,600,,,,,3,,,
CompleteGumtreeMatcher,2,2,1,0,0,1,0,0,3,3,0,0.2,,700,,,,,3,,,
CompleteGumtreeMatcher,2,2,1,0,0,1,0,0,4,3,0,0.2,,800,,,,,3,,,
CompleteGumtreeMatcher,2,2,1,0,0,1,0,0,3,3,0,0.2,,900,,,,,3,,,
CompleteGumtreeMatcher,2,2,1,0,0,1,0,0,3,3,0,0.2,,1000,,,,,3,,,
CompleteGumtreeMatcher,2,2,1,0,0,1,0,0,4,3,0,0.2,,1100,,,,,3,,,
CompleteGumtreeMatcher,2,2,1,0,0,1,0,0,4,3,0,0.2,,1200,,,,,3,,,
CompleteGumtreeMatcher,2,2,1,0,0,1,0,0,4,3,0,0.2,,1300,,,,,3,,,
CompleteGumtreeMatcher,2,2,1,0,0,1,0,0,6,3,0,0.2,,1400,,,,,3,,,
CompleteGumtreeMatcher,2,2,1,0,0,1,0,0,6,3,0,0.2,,1500,,,,,3,,,
CompleteGumtreeMatcher,2,2,1,0,0,1,0,0,7,3,0,0.2,,1600,,,,,3,,,
CompleteGumtreeMatcher,2,2,1,0,0,1,0,0,7,3,0,0.2,,1700,,,,,3,,,
CompleteGumtreeMatcher,2,2,1,0,0,1,0,0,3,3,0,0.2,,1800,,,,,3,,,
CompleteGumtreeMatcher,2,2,1,0,0,1,0,0,3,3,0,0.2,,1900,,,,,3,,,
CompleteGumtreeMatcher,2,2,1,0,0,1,0,0,4,3,0,0.2,,2000,,,,,3,,,
CompleteGumtreeMatcher,2,2,1,0,0,1,0,0,3,3,0,0.2,,100,,,,,4,,,
CompleteGumtreeMatcher,2,2,1,0,0,1,0,0,3,3,0,0.2,,200,,,,,4,,,
CompleteGumtreeMatcher,2,2,1,0,0,1,0,0,3,3,0,0.2,,300,,,,,4,,,
CompleteGumtreeMatcher,2,2,1,0,0,1,0,0,3,3,0,0.2,,400,,,,,4,,,
CompleteGumtreeMatcher,2,2,1,0,0,1,0,0,4,3,0,0.2,,500,,,,,4,,,
CompleteGumtreeMatcher,2,2,1,0,0,1,0,0,3,3,0,0.2,,600,,,,,4,,,
CompleteGumtreeMatcher,2,2,1,0,0,1,0,0,4,3,0,0.2,,700,,,,,4,,,
CompleteGumtreeMatcher,2,2,1,0,0,1,0,0,4,3,0,0.2,,800,,,,,4,,,
CompleteGumtreeMatcher,2,2,1,0,0,1,0,0,4,3,0,0.2,,900,,,,,4,,,
CompleteGumtreeMatcher,2,2,1,0,0,1,0,0,7,3,0,0.2,,1000,,,,,4,,,
CompleteGumtreeMatcher,2,2,1,0,0,1,0,0,7,3,0,0.2,,1100,,,,,4,,,
CompleteGumtreeMatcher,2,2,1,0,0,1,0,0,6,3,0,0.2,,1200,,,,,4,,,
CompleteGumtreeMatcher,2,2,1,0,0,1,0,0,6,3,0,0.2,,1300,,,,,4,,,
CompleteGumtreeMatcher,2,2,1,0,0,1,0,0,4,3,0,0.2,,1400,,,,,4,,,
CompleteGumtreeMatcher,2,2,1,0,0,1,0,0,3,3,0,0.2,,1500,,,,,4,,,
CompleteGumtreeMatcher,2,2,1,0,0,1,0,0,4,3,0,0.2,,1600,,,,,4,,,
CompleteGumtreeMatcher,2,2,1,0,0,1,0,0,3,3,0,0.2,,1700,,,,,4,,,
CompleteGumtreeMatcher,2,2,1,0,0,1,0,0,3,3,0,0.2,,1800,,,,,4,,,
CompleteGumtreeMatcher,2,2,1,0,0,1,0,0,3,3,0,0.2,,1900,,,,,4,,,
CompleteGumtreeMatcher,2,2,1,0,0,1,0,0,3,3,0,0.2,,2000,,,,,4,,,
CompleteGumtreeMatcher,2,2,1,0,0,1,0,0,4,3,0,0.2,,100,,,,,5,,,
CompleteGumtreeMatcher,2,2,1,0,0,1,0,0,3,3,0,0.2,,200,,,,,5,,,
CompleteGumtreeMatcher,2,2,1,0,0,1,0,0,3,3,0,0.2,,300,,,,,5,,,
CompleteGumtreeMatcher,2,2,1,0,0,1,0,0,3,3,0,0.2,,400,,,,,5,,,
CompleteGumtreeMatcher,2,2,1,0,0,1,0,0,6,3,0,0.2,,500,,,,,5,,,
CompleteGumtreeMatcher,2,2,1,0,0,1,0,0,6,3,0,0.2,,600,,,,,5,,,
CompleteGumtreeMatcher,2,2,1,0,0,1,0,0,6,3,0,0.2,,700,,,,,5,,,
CompleteGumtreeMatcher,2,2,1,0,0,1,0,0,6,3,0,0.2,,800,,,,,5,,,
CompleteGumtreeMatcher,2,2,1,0,0,1,0,0,3,3,0,0.2,,900,,,,,5,,,
CompleteGumtreeMatcher,2,2,1,0,0,1,0,0,3,3,0,0.2,,1000,,,,,5,,,
CompleteGumtreeMatcher,2,2,1,0,0,1,0,0,3,3,0,0.2,,1100,,,,,5,,,
CompleteGumtreeMatcher,2,2,1,0,0,1,0,0,3,3,0,0.2,,1200,,,,,5,,,
CompleteGumtreeMatcher,2,2,1,0,0,1,0,0,4,3,0,0.2,,1300,,,,,5,,,
CompleteGumtreeMatcher,2,2,1,0,0,1,0,0,4,3,0,0.2,,1400,,,,,5,,,
CompleteGumtreeMatcher,2,2,1,0,0,1,0,0,4,3,0,0.2,,1500,,,,,5,,,
CompleteGumtreeMatcher,2,2,1,0,0,1,0,0,4,3,0,0.2,,1600,,,,,5,,,
CompleteGumtreeMatcher,2,2,1,0,0,1,0,0,4,3,0,0.2,,1700,,,,,5,,,
CompleteGumtreeMatcher,2,2,1,0,0,1,0,0,4,3,0,0.2,,1800,,,,,5,,,
CompleteGumtreeMatcher,2,2,1,0,0,1,0,0,3,3,0,0.2,,1900,,,,,5,,,
CompleteGumtreeMatcher,2,2,1,0,0,1,0,0,6,3,0,0.2,,2000,,,,,5,,,
CompleteGumtreeMatcher,2,2,1,0,0,1,0,0,6,3,0,0.3,,100,,,,,1,,,
CompleteGumtreeMatcher,2,2,1,0,0,1,0,0,3,3,0,0.3,,200,,,,,1,,,
CompleteGumtreeMatcher,2,2,1,0,0,1,0,0,6,3,0,0.3,,300,,,,,1,,,
CompleteGumtreeMatcher,2,2,1,0,0,1,0,0,6,3,0,0.3,,400,,,,,1,,,
CompleteGumtreeMatcher,2,2,1,0,0,1,0,0,3,3,0,0.3,,500,,,,,1,,,
CompleteGumtreeMatcher,2,2,1,0,0,1,0,0,3,3,0,0.3,,600,,,,,1,,,
CompleteGumtreeMatcher,2,2,1,0,0,1,0,0,3,3,0,0.3,,700,,,,,1,,,
CompleteGumtreeMatcher,2,2,1,0,0,1,0,0,3,3,0,0.3,,800,,,,,1,,,
CompleteGumtreeMatcher,2,2,1,0,0,1,0,0,3,3,0,0.3,,900,,,,,1,,,
CompleteGumtreeMatcher,2,2,1,0,0,1,0,0,4,3,0,0.3,,1000,,,,,1,,,
CompleteGumtreeMatcher,2,2,1,0,0,1,0,0,3,3,0,0.3,,1100,,,,,1,,,
CompleteGumtreeMatcher,2,2,1,0,0,1,0,0,4,3,0,0.3,,1200,,,,,1,,,
CompleteGumtreeMatcher,2,2,1,0,0,1,0,0,6,3,0,0.3,,1300,,,,,1,,,
CompleteGumtreeMatcher,2,2,1,0,0,1,0,0,6,3,0,0.3,,1400,,,,,1,,,
CompleteGumtreeMatcher,2,2,1,0,0,1,0,0,4,3,0,0.3,,1500,,,,,1,,,
CompleteGumtreeMatcher,2,2,1,0,0,1,0,0,3,3,0,0.3,,1600,,,,,1,,,
CompleteGumtreeMatcher,2,2,1,0,0,1,0,0,7,3,0,0.3,,1700,,,,,1,,,
CompleteGumtreeMatcher,2,2,1,0,0,1,0,0,7,3,0,0.3,,1800,,,,,1,,,
CompleteGumtreeMatcher,2,2,1,0,0,1,0,0,4,3,0,0.3,,1900,,,,,1,,,
CompleteGumtreeMatcher,2,2,1,0,0,1,0,0,3,3,0,0.3,,2000,,,,,1,,,
CompleteGumtreeMatcher,2,2,1,0,0,1,0,0,4,3,0,0.3,,100,,,,,2,,,
CompleteGumtreeMatcher,2,2,1,0,0,1,0,0,3,3,0,0.3,,200,,,,,2,,,
CompleteGumtreeMatcher,2,2,1,0,0,1,0,0,4,3,0,0.3,,300,,,,,2,,,
CompleteGumtreeMatcher,2,2,1,0,0,1,0,0,3,3,0,0.3,,400,,,,,2,,,
CompleteGumtreeMatcher,2,2,1,0,0,1,0,0,3,3,0,0.3,,500,,,,,2,,,
CompleteGumtreeMatcher,2,2,1,0,0,1,0,0,3,3,0,0.3,,600,,,,,2,,,
CompleteGumtreeMatcher,2,2,1,0,0,1,0,0,3,3,0,0.3,,700,,,,,2,,,
CompleteGumtreeMatcher,2,2,1,0,0,1,0,0,3,3,0,0.3,,800,,,,,2,,,
CompleteGumtreeMatcher,2,2,1,0,0,1,0,0,6,3,0,0.3,,900,,,,,2,,,
CompleteGumtreeMatcher,2,2,1,0,0,1,0,0,6,3,0,0.3,,1000,,,,,2,,,
CompleteGumtreeMatcher,2,2,1,0,0,1,0,0,6,3,0,0.3,,1100,,,,,2,,,
CompleteGumtreeMatcher,2,2,1,0,0,1,0,0,6,3,0,0.3,,1200,,,,,2,,,
CompleteGumtreeMatcher,2,2,1,0,0,1,0,0,3,3,0,0.3,,1300,,,,,2,,,
CompleteGumtreeMatcher,2,2,1,0,0,1,0,0,3,3,0,0.3,,1400,,,,,2,,,
CompleteGumtreeMatcher,2,2,1,0,0,1,0,0,3,3,0,0.3,,1500,,,,,2,,,
CompleteGumtreeMatcher,2,2,1,0,0,1,0,0,4,3,0,0.3,,1600,,,,,2,,,
CompleteGumtreeMatcher,2,2,1,0,0,1,0,0,4,3,0,0.3,,1700,,,,,2,,,
CompleteGumtreeMatcher,2,2,1,0,0,1,0,0,4,3,0,0.3,,1800,,,,,2,,,
CompleteGumtreeMatcher,2,2,1,0,0,1,0,0,4,3,0,0.3,,1900,,,,,2,,,
CompleteGumtreeMatcher,2,2,1,0,0,1,0,0,4,3,0,0.3,,2000,,,,,2,,,
CompleteGumtreeMatcher,2,2,1,0,0,1,0,0,4,3,0,0.3,,100,,,,,3,,,
CompleteGumtreeMatcher,2,2,1,0,0,1,0,0,3,3,0,0.3,,200,,,,,3,,,
CompleteGumtreeMatcher,2,2,1,0,0,1,0,0,3,3,0,0.3,,300,,,,,3,,,
CompleteGumtreeMatcher,2,2,1,0,0,1,0,0,7,3,0,0.3,,400,,,,,3,,,
CompleteGumtreeMatcher,2,2,1,0,0,1,0,0,7,3,0,0.3,,500,,,,,3,,,
CompleteGumtreeMatcher,2,2,1,0,0,1,0,0,3,3,0,0.3,,600,,,,,3,,,
CompleteGumtreeMatcher,2,2,1,0,0,1,0,0,6,3,0,0.3,,700,,,,,3,,,
CompleteGumtreeMatcher,2,2,1,0,0,1,0,0,6,3,0,0.3,,800,,,,,3,,,
CompleteGumtreeMatcher,2,2,1,0,0,1,0,0,3,3,0,0.3,,900,,,,,3,,,
CompleteGumtreeMatcher,2,2,1,0,0,1,0,0,3,3,0,0.3,,1000,,,,,3,,,
CompleteGumtreeMatcher,2,2,1,0,0,1,0,0,3,3,0,0.3,,1100,,,,,3,,,
CompleteGumtreeMatcher,2,2,1,0,0,1,0,0,3,3,0,0.3,,1200,,,,,3,,,
CompleteGumtreeMatcher,2,2,1,0,0,1,0,0,3,3,0,0.3,,1300,,,,,3,,,
CompleteGumtreeMatcher,2,2,1,0,0,1,0,0,3,3,0,0.3,,1400,,,,,3,,,
CompleteGumtreeMatcher,2,2,1,0,0,1,0,0,3,3,0,0.3,,1500,,,,,3,,,
CompleteGumtreeMatcher,2,2,1,0,0,1,0,0,4,3,0,0.3,,1600,,,,,3,,,
CompleteGumtreeMatcher,2,2,1,0,0,1,0,0,4,3,0,0.3,,1700,,,,,3,,,
CompleteGumtreeMatcher,2,2,1,0,0,1,0,0,4,3,0,0.3,,1800,,,,,3,,,
CompleteGumtreeMatcher,2,2,1,0,0,1,0,0,3,3,0,0.3,,1900,,,,,3,,,
CompleteGumtreeMatcher,2,2,1,0,0,1,0,0,6,3,0,0.3,,2000,,,,,3,,,
CompleteGumtreeMatcher,2,2,1,0,0,1,0,0,6,3,0,0.3,,100,,,,,4,,,
CompleteGumtreeMatcher,2,2,1,0,0,1,0,0,6,3,0,0.3,,200,,,,,4,,,
CompleteGumtreeMatcher,2,2,1,0,0,1,0,0,6,3,0,0.3,,300,,,,,4,,,
CompleteGumtreeMatcher,2,2,1,0,0,1,0,0,4,3,0,0.3,,400,,,,,4,,,
CompleteGumtreeMatcher,2,2,1,0,0,1,0,0,4,3,0,0.3,,500,,,,,4,,,
CompleteGumtreeMatcher,2,2,1,0,0,1,0,0,3,3,0,0.3,,600,,,,,4,,,
CompleteGumtreeMatcher,2,2,1,0,0,1,0,0,3,3,0,0.3,,700,,,,,4,,,
CompleteGumtreeMatcher,2,2,1,0,0,1,0,0,3,3,0,0.3,,800,,,,,4,,,
CompleteGumtreeMatcher,2,2,1,0,0,1,0,0,3,3,0,0.3,,900,,,,,4,,,
CompleteGumtreeMatcher,2,2,1,0,0,1,0,0,3,3,0,0.3,,1000,,,,,4,,,
CompleteGumtreeMatcher,2,2,1,0,0,1,0,0,3,3,0,0.3,,1100,,,,,4,,,
CompleteGumtreeMatcher,2,2,1,0,0,1,0,0,3,3,0,0.3,,1200,,,,,4,,,
CompleteGumtreeMatcher,2,2,1,0,0,1,0,0,3,3,0,0.3,,1300,,,,,4,,,
CompleteGumtreeMatcher,2,2,1,0,0,1,0,0,3,3,0,0.3,,1400,,,,,4,,,
CompleteGumtreeMatcher,2,2,1,0,0,1,0,0,6,3,0,0.3,,1500,,,,,4,,,
CompleteGumtreeMatcher,2,2,1,0,0,1,0,0,6,3,0,0.3,,1600,,,,,4,,,
CompleteGumtreeMatcher,2,2,1,0,0,1,0,0,3,3,0,0.3,,1700,,,,,4,,,
CompleteGumtreeMatcher,2,2,1,0,0,1,0,0,7,3,0,0.3,,1800,,,,,4,,,
CompleteGumtreeMatcher,2,2,1,0,0,1,0,0,7,3,0,0.3,,1900,,,,,4,,,
CompleteGumtreeMatcher,2,2,1,0,0,1,0,0,3,3,0,0.3,,2000,,,,,4,,,
CompleteGumtreeMatcher,2,2,1,0,0,1,0,0,3,3,0,0.3,,100,,,,,5,,,
CompleteGumtreeMatcher,2,2,1,0,0,1,0,0,4,3,0,0.3,,200,,,,,5,,,
CompleteGumtreeMatcher,2,2,1,0,0,1,0,0,4,3,0,0.3,,300,,,,,5,,,
CompleteGumtreeMatcher,2,2,1,0,0,1,0,0,3,3,0,0.3,,400,,,,,5,,,
CompleteGumtreeMatcher,2,2,1,0,0,1,0,0,4,3,0,0.3,,500,,,,,5,,,
CompleteGumtreeMatcher,2,2,1,0,0,1,0,0,4,3,0,0.3,,600,,,,,5,,,
CompleteGumtreeMatcher,2,2,1,0,0,1,0,0,3,3,0,0.3,,700,,,,,5,,,
CompleteGumtreeMatcher,2,2,1,0,0,1,0,0,4,3,0,0.3,,800,,,,,5,,,
CompleteGumtreeMatcher,2,2,1,0,0,1,0,0,3,3,0,0.3,,900,,,,,5,,,
CompleteGumtreeMatcher,2,2,1,0,0,1,0,0,3,3,0,0.3,,1000,,,,,5,,,
CompleteGumtreeMatcher,2,2,1,0,0,1,0,0,6,3,0,0.3,,1100,,,,,5,,,
CompleteGumtreeMatcher,2,2,1,0,0,1,0,0,6,3,0,0.3,,1200,,,,,5,,,
CompleteGumtreeMatcher,2,2,1,0,0,1,0,0,6,3,0,0.3,,1300,,,,,5,,,
CompleteGumtreeMatcher,2,2,1,0,0,1,0,0,6,3,0,0.3,,1400,,,,,5,,,
CompleteGumtreeMatcher,2,2,1,0,0,1,0,0,3,3,0,0.3,,1500,,,,,5,,,
CompleteGumtreeMatcher,2,2,1,0,0,1,0,0,3,3,0,0.3,,1600,,,,,5,,,
CompleteGumtreeMatcher,2,2,1,0,0,1,0,0,3,3,0,0.3,,1700,,,,,5,,,
CompleteGumtreeMatcher,2,2,1,0,0,1,0,0,3,3,0,0.3,,1800,,,,,5,,,
CompleteGumtreeMatcher,2,2,1,0,0,1,0,0,3,3,0,0.3,,1900,,,,,5,,,
CompleteGumtreeMatcher,2,2,1,0,0,1,0,0,3,3,0,0.3,,2000,,,,,5,,,
CompleteGumtreeMatcher,2,2,1,0,0,1,0,0,4,3,0,0.4,,100,,,,,1,,,
CompleteGumtreeMatcher,2,2,1,0,0,1,0,0,3,3,0,0.4,,200,,,,,1,,,
CompleteGumtreeMatcher,2,2,1,0,0,1,0,0,3,3,0,0.4,,300,,,,,1,,,
CompleteGumtreeMatcher,2,2,1,0,0,1,0,0,4,3,0,0.4,,400,,,,,1,,,
CompleteGumtreeMatcher,2,2,1,0,0,1,0,0,4,3,0,0.4,,500,,,,,1,,,
CompleteGumtreeMatcher,2,2,1,0,0,1,0,0,4,3,0,0.4,,600,,,,,1,,,
CompleteGumtreeMatcher,2,2,1,0,0,1,0,0,7,3,0,0.4,,700,,,,,1,,,
CompleteGumtreeMatcher,2,2,1,0,0,1,0,0,7,3,0,0.4,,800,,,,,1,,,
CompleteGumtreeMatcher,2,2,1,0,0,1,0,0,6,3,0,0.4,,900,,,,,1,,,
CompleteGumtreeMatcher,2,2,1,0,0,1,0,0,6,3,0,0.4,,1000,,,,,1,,,
CompleteGumtreeMatcher,2,2,1,0,0,1,0,0,2,3,0,0.4,,1100,,,,,1,,,
CompleteGumtreeMatcher,2,2,1,0,0,1,0,0,3,3,0,0.4,,1200,,,,,1,,,
CompleteGumtreeMatcher,2,2,1,0,0,1,0,0,4,3,0,0.4,,1300,,,,,1,,,
CompleteGumtreeMatcher,2,2,1,0,0,1,0,0,3,3,0,0.4,,1400,,,,,1,,,
CompleteGumtreeMatcher,2,2,1,0,0,1,0,0,3,3,0,0.4,,1500,,,,,1,,,
CompleteGumtreeMatcher,2,2,1,0,0,1,0,0,3,3,0,0.4,,1600,,,,,1,,,
CompleteGumtreeMatcher,2,2,1,0,0,1,0,0,3,3,0,0.4,,1700,,,,,1,,,
CompleteGumtreeMatcher,2,2,1,0,0,1,0,0,3,3,0,0.4,,1800,,,,,1,,,
CompleteGumtreeMatcher,2,2,1,0,0,1,0,0,3,3,0,0.4,,1900,,,,,1,,,
CompleteGumtreeMatcher,2,2,1,0,0,1,0,0,6,3,0,0.4,,2000,,,,,1,,,
CompleteGumtreeMatcher,2,2,1,0,0,1,0,0,6,3,0,0.4,,100,,,,,2,,,
CompleteGumtreeMatcher,2,2,1,0,0,1,0,0,3,3,0,0.4,,200,,,,,2,,,
CompleteGumtreeMatcher,2,2,1,0,0,1,0,0,3,3,0,0.4,,300,,,,,2,,,
CompleteGumtreeMatcher,2,2,1,0,0,1,0,0,3,3,0,0.4,,400,,,,,2,,,
CompleteGumtreeMatcher,2,2,1,0,0,1,0,0,4,3,0,0.4,,500,,,,,2,,,
CompleteGumtreeMatcher,2,2,1,0,0,1,0,0,7,3,0,0.4,,600,,,,,2,,,
CompleteGumtreeMatcher,2,2,1,0,0,1,0,0,7,3,0,0.4,,700,,,,,2,,,
CompleteGumtreeMatcher,2,2,1,0,0,1,0,0,4,3,0,0.4,,800,,,,,2,,,
CompleteGumtreeMatcher,2,2,1,0,0,1,0,0,3,3,0,0.4,,900,,,,,2,,,
CompleteGumtreeMatcher,2,2,1,0,0,1,0,0,2,3,0,0.4,,1000,,,,,2,,,
CompleteGumtreeMatcher,2,2,1,0,0,1,0,0,4,3,0,0.4,,1100,,,,,2,,,
CompleteGumtreeMatcher,2,2,1,0,0,1,0,0,4,3,0,0.4,,1200,,,,,2,,,
CompleteGumtreeMatcher,2,2,1,0,0,1,0,0,3,3,0,0.4,,1300,,,,,2,,,
CompleteGumtreeMatcher,2,2,1,0,0,1,0,0,3,3,0,0.4,,1400,,,,,2,,,
CompleteGumtreeMatcher,2,2,1,0,0,1,0,0,4,3,0,0.4,,1500,,,,,2,,,
CompleteGumtreeMatcher,2,2,1,0,0,1,0,0,3,3,0,0.4,,1600,,,,,2,,,
CompleteGumtreeMatcher,2,2,1,0,0,1,0,0,6,3,0,0.4,,1700,,,,,2,,,
CompleteGumtreeMatcher,2,2,1,0,0,1,0,0,6,3,0,0.4,,1800,,,,,2,,,
CompleteGumtreeMatcher,2,2,1,0,0,1,0,0,6,3,0,0.4,,1900,,,,,2,,,
CompleteGumtreeMatcher,2,2,1,0,0,1,0,0,6,3,0,0.4,,2000,,,,,2,,,
CompleteGumtreeMatcher,2,2,1,0,0,1,0,0,3,3,0,0.4,,100,,,,,3,,,
CompleteGumtreeMatcher,2,2,1,0,0,1,0,0,3,3,0,0.4,,200,,,,,3,,,
CompleteGumtreeMatcher,2,2,1,0,0,1,0,0,3,3,0,0.4,,300,,,,,3,,,
CompleteGumtreeMatcher,2,2,1,0,0,1,0,0,3,3,0,0.4,,400,,,,,3,,,
CompleteGumtreeMatcher,2,2,1,0,0,1,0,0,3,3,0,0.4,,500,,,,,3,,,
CompleteGumtreeMatcher,2,2,1,0,0,1,0,0,3,3,0,0.4,,600,,,,,3,,,
CompleteGumtreeMatcher,2,2,1,0,0,1,0,0,3,3,0,0.4,,700,,,,,3,,,
CompleteGumtreeMatcher,2,2,1,0,0,1,0,0,3,3,0,0.4,,800,,,,,3,,,
CompleteGumtreeMatcher,2,2,1,0,0,1,0,0,3,3,0,0.4,,900,,,,,3,,,
CompleteGumtreeMatcher,2,2,1,0,0,1,0,0,3,3,0,0.4,,1000,,,,,3,,,
CompleteGumtreeMatcher,2,2,1,0,0,1,0,0,4,3,0,0.4,,1100,,,,,3,,,
CompleteGumtreeMatcher,2,2,1,0,0,1,0,0,3,3,0,0.4,,1200,,,,,3,,,
CompleteGumtreeMatcher,2,2,1,0,0,1,0,0,7,3,0,0.4,,1300,,,,,3,,,
CompleteGumtreeMatcher,2,2,1,0,0,1,0,0,7,3,0,0.4,,1400,,,,,3,,,
CompleteGumtreeMatcher,2,2,1,0,0,1,0,0,6,3,0,0.4,,1500,,,,,3,,,
CompleteGumtreeMatcher,2,2,1,0,0,1,0,0,6,3,0,0.4,,1600,,,,,3,,,
CompleteGumtreeMatcher,2,2,1,0,0,1,0,0,4,3,0,0.4,,1700,,,,,3,,,
CompleteGumtreeMatcher,2,2,1,0,0,1,0,0,4,3,0,0.4,,1800,,,,,3,,,
CompleteGumtreeMatcher,2,2,1,0,0,1,0,0,2,3,0,0.4,,1900,,,,,3,,,
CompleteGumtreeMatcher,2,2,1,0,0,1,0,0,3,3,0,0.4,,2000,,,,,3,,,
CompleteGumtreeMatcher,2,2,1,0,0,1,0,0,3,3,0,0.4,,100,,,,,4,,,
CompleteGumtreeMatcher,2,2,1,0,0,1,0,0,4,3,0,0.4,,200,,,,,4,,,
CompleteGumtreeMatcher,2,2,1,0,0,1,0,0,3,3,0,0.4,,300,,,,,4,,,
CompleteGumtreeMatcher,2,2,1,0,0,1,0,0,3,3,0,0.4,,400,,,,,4,,,
CompleteGumtreeMatcher,2,2,1,0,0,1,0,0,3,3,0,0.4,,500,,,,,4,,,
CompleteGumtreeMatcher,2,2,1,0,0,1,0,0,4,3,0,0.4,,600,,,,,4,,,
CompleteGumtreeMatcher,2,2,1,0,0,1,0,0,3,3,0,0.4,,700,,,,,4,,,
CompleteGumtreeMatcher,2,2,1,0,0,1,0,0,6,3,0,0.4,,800,,,,,4,,,
CompleteGumtreeMatcher,2,2,1,0,0,1,0,0,6,3,0,0.4,,900,,,,,4,,,
CompleteGumtreeMatcher,2,2,1,0,0,1,0,0,3,3,0,0.4,,1000,,,,,4,,,
CompleteGumtreeMatcher,2,2,1,0,0,1,0,0,3,3,0,0.4,,1100,,,,,4,,,
CompleteGumtreeMatcher,2,2,1,0,0,1,0,0,6,3,0,0.4,,1200,,,,,4,,,
CompleteGumtreeMatcher,2,2,1,0,0,1,0,0,6,3,0,0.4,,1300,,,,,4,,,
CompleteGumtreeMatcher,2,2,1,0,0,1,0,0,4,3,0,0.4,,1400,,,,,4,,,
CompleteGumtreeMatcher,2,2,1,0,0,1,0,0,4,3,0,0.4,,1500,,,,,4,,,
CompleteGumtreeMatcher,2,2,1,0,0,1,0,0,3,3,0,0.4,,1600,,,,,4,,,
CompleteGumtreeMatcher,2,2,1,0,0,1,0,0,4,3,0,0.4,,1700,,,,,4,,,
CompleteGumtreeMatcher,2,2,1,0,0,1,0,0,2,3,0,0.4,,1800,,,,,4,,,
CompleteGumtreeMatcher,2,2,1,0,0,1,0,0,3,3,0,0.4,,1900,,,,,4,,,
CompleteGumtreeMatcher,2,2,1,0,0,1,0,0,3,3,0,0.4,,2000,,,,,4,,,
CompleteGumtreeMatcher,2,2,1,0,0,1,0,0,3,3,0,0.4,,100,,,,,5,,,
CompleteGumtreeMatcher,2,2,1,0,0,1,0,0,4,3,0,0.4,,200,,,,,5,,,
CompleteGumtreeMatcher,2,2,1,0,0,1,0,0,3,3,0,0.4,,300,,,,,5,,,
CompleteGumtreeMatcher,2,2,1,0,0,1,0,0,3,3,0,0.4,,400,,,,,5,,,
CompleteGumtreeMatcher,2,2,1,0,0,1,0,0,6,3,0,0.4,,500,,,,,5,,,
CompleteGumtreeMatcher,2,2,1,0,0,1,0,0,6,3,0,0.4,,600,,,,,5,,,
CompleteGumtreeMatcher,2,2,1,0,0,1,0,0,4,3,0,0.4,,700,,,,,5,,,
CompleteGumtreeMatcher,2,2,1,0,0,1,0,0,7,3,0,0.4,,800,,,,,5,,,
CompleteGumtreeMatcher,2,2,1,0,0,1,0,0,7,3,0,0.4,,900,,,,,5,,,
CompleteGumtreeMatcher,2,2,1,0,0,1,0,0,3,3,0,0.4,,1000,,,,,5,,,
CompleteGumtreeMatcher,2,2,1,0,0,1,0,0,4,3,0,0.4,,1100,,,,,5,,,
CompleteGumtreeMatcher,2,2,1,0,0,1,0,0,3,3,0,0.4,,1200,,,,,5,,,
CompleteGumtreeMatcher,2,2,1,0,0,1,0,0,3,3,0,0.4,,1300,,,,,5,,,
CompleteGumtreeMatcher,2,2,1,0,0,1,0,0,3,3,0,0.4,,1400,,,,,5,,,
CompleteGumtreeMatcher,2,2,1,0,0,1,0,0,3,3,0,0.4,,1500,,,,,5,,,
CompleteGumtreeMatcher,2,2,1,0,0,1,0,0,3,3,0,0.4,,1600,,,,,5,,,
CompleteGumtreeMatcher,2,2,1,0,0,1,0,0,4,3,0,0.4,,1700,,,,,5,,,
CompleteGumtreeMatcher,2,2,1,0,0,1,0,0,3,3,0,0.4,,1800,,,,,5,,,
CompleteGumtreeMatcher,2,2,1,0,0,1,0,0,6,3,0,0.4,,1900,,,,,5,,,
CompleteGumtreeMatcher,2,2,1,0,0,1,0,0,6,3,0,0.4,,2000,,,,,5,,,
CompleteGumtreeMatcher,2,2,1,0,0,1,0,0,4,3,0,0.5,,100,,,,,1,,,
CompleteGumtreeMatcher,2,2,1,0,0,1,0,0,4,3,0,0.5,,200,,,,,1,,,
CompleteGumtreeMatcher,2,2,1,0,0,1,0,0,6,3,0,0.5,,300,,,,,1,,,
CompleteGumtreeMatcher,2,2,1,0,0,1,0,0,6,3,0,0.5,,400,,,,,1,,,
CompleteGumtreeMatcher,2,2,1,0,0,1,0,0,3,3,0,0.5,,500,,,,,1,,,
CompleteGumtreeMatcher,2,2,1,0,0,1,0,0,2,3,0,0.5,,600,,,,,1,,,
CompleteGumtreeMatcher,2,2,1,0,0,1,0,0,3,3,0,0.5,,700,,,,,1,,,
CompleteGumtreeMatcher,2,2,1,0,0,1,0,0,4,3,0,0.5,,800,,,,,1,,,
CompleteGumtreeMatcher,2,2,1,0,0,1,0,0,3,3,0,0.5,,900,,,,,1,,,
CompleteGumtreeMatcher,2,2,1,0,0,1,0,0,3,3,0,0.5,,1000,,,,,1,,,
CompleteGumtreeMatcher,2,2,1,0,0,1,0,0,3,3,0,0.5,,1100,,,,,1,,,
CompleteGumtreeMatcher,2,2,1,0,0,1,0,0,4,3,0,0.5,,1200,,,,,1,,,
CompleteGumtreeMatcher,2,2,1,0,0,1,0,0,3,3,0,0.5,,1300,,,,,1,,,
CompleteGumtreeMatcher,2,2,1,0,0,1,0,0,7,3,0,0.5,,1400,,,,,1,,,
CompleteGumtreeMatcher,2,2,1,0,0,1,0,0,7,3,0,0.5,,1500,,,,,1,,,
CompleteGumtreeMatcher,2,2,1,0,0,1,0,0,3,3,0,0.5,,1600,,,,,1,,,
CompleteGumtreeMatcher,2,2,1,0,0,1,0,0,6,3,0,0.5,,1700,,,,,1,,,
CompleteGumtreeMatcher,2,2,1,0,0,1,0,0,6,3,0,0.5,,1800,,,,,1,,,
CompleteGumtreeMatcher,2,2,1,0,0,1,0,0,3,3,0,0.5,,1900,,,,,1,,,
CompleteGumtreeMatcher,2,2,1,0,0,1,0,0,3,3,0,0.5,,2000,,,,,1,,,
CompleteGumtreeMatcher,2,2,1,0,0,1,0,0,4,3,0,0.5,,100,,,,,2,,,
CompleteGumtreeMatcher,2,2,1,0,0,1,0,0,3,3,0,0.5,,200,,,,,2,,,
CompleteGumtreeMatcher,2,2,1,0,0,1,0,0,4,3,0,0.5,,300,,,,,2,,,
CompleteGumtreeMatcher,2,2,1,0,0,1,0,0,2,3,0,0.5,,400,,,,,2,,,
CompleteGumtreeMatcher,2,2,1,0,0,1,0,0,3,3,0,0.5,,500,,,,,2,,,
CompleteGumtreeMatcher,2,2,1,0,0,1,0,0,4,3,0,0.5,,600,,,,,2,,,
CompleteGumtreeMatcher,2,2,1,0,0,1,0,0,3,3,0,0.5,,700,,,,,2,,,
CompleteGumtreeMatcher,2,2,1,0,0,1,0,0,3,3,0,0.5,,800,,,,,2,,,
CompleteGumtreeMatcher,2,2,1,0,0,1,0,0,3,3,0,0.5,,900,,,,,2,,,
CompleteGumtreeMatcher,2,2,1,0,0,1,0,0,6,3,0,0.5,,1000,,,,,2,,,
CompleteGumtreeMatcher,2,2,1,0,0,1,0,0,6,3,0,0.5,,1100,,,,,2,,,
CompleteGumtreeMatcher,2,2,1,0,0,1,0,0,3,3,0,0.5,,1200,,,,,2,,,
CompleteGumtreeMatcher,2,2,1,0,0,1,0,0,6,3,0,0.5,,1300,,,,,2,,,
CompleteGumtreeMatcher,2,2,1,0,0,1,0,0,6,3,0,0.5,,1400,,,,,2,,,
CompleteGumtreeMatcher,2,2,1,0,0,1,0,0,4,3,0,0.5,,1500,,,,,2,,,
CompleteGumtreeMatcher,2,2,1,0,0,1,0,0,3,3,0,0.5,,1600,,,,,2,,,
CompleteGumtreeMatcher,2,2,1,0,0,1,0,0,4,3,0,0.5,,1700,,,,,2,,,
CompleteGumtreeMatcher,2,2,1,0,0,1,0,0,4,3,0,0.5,,1800,,,,,2,,,
CompleteGumtreeMatcher,2,2,1,0,0,1,0,0,3,3,0,0.5,,1900,,,,,2,,,
CompleteGumtreeMatcher,2,2,1,0,0,1,0,0,4,3,0,0.5,,2000,,,,,2,,,
CompleteGumtreeMatcher,2,2,1,0,0,1,0,0,3,3,0,0.5,,100,,,,,3,,,
CompleteGumtreeMatcher,2,2,1,0,0,1,0,0,3,3,0,0.5,,200,,,,,3,,,
CompleteGumtreeMatcher,2,2,1,0,0,1,0,0,3,3,0,0.5,,300,,,,,3,,,
CompleteGumtreeMatcher,2,2,1,0,0,1,0,0,3,3,0,0.5,,400,,,,,3,,,
CompleteGumtreeMatcher,2,2,1,0,0,1,0,0,3,3,0,0.5,,500,,,,,3,,,
CompleteGumtreeMatcher,2,2,1,0,0,1,0,0,6,3,0,0.5,,600,,,,,3,,,
CompleteGumtreeMatcher,2,2,1,0,0,1,0,0,6,3,0,0.5,,700,,,,,3,,,
CompleteGumtreeMatcher,2,2,1,0,0,1,0,0,6,3,0,0.5,,800,,,,,3,,,
CompleteGumtreeMatcher,2,2,1,0,0,1,0,0,6,3,0,0.5,,900,,,,,3,,,
CompleteGumtreeMatcher,2,2,1,0,0,1,0,0,3,3,0,0.5,,1000,,,,,3,,,
CompleteGumtreeMatcher,2,2,1,0,0,1,0,0,4,3,0,0.5,,1100,,,,,3,,,
CompleteGumtreeMatcher,2,2,1,0,0,1,0,0,4,3,0,0.5,,1200,,,,,3,,,
CompleteGumtreeMatcher,2,2,1,0,0,1,0,0,2,3,0,0.5,,1300,,,,,3,,,
CompleteGumtreeMatcher,2,2,1,0,0,1,0,0,4,3,0,0.5,,1400,,,,,3,,,
CompleteGumtreeMatcher,2,2,1,0,0,1,0,0,4,3,0,0.5,,1500,,,,,3,,,
CompleteGumtreeMatcher,2,2,1,0,0,1,0,0,3,3,0,0.5,,1600,,,,,3,,,
CompleteGumtreeMatcher,2,2,1,0,0,1,0,0,3,3,0,0.5,,1700,,,,,3,,,
CompleteGumtreeMatcher,2,2,1,0,0,1,0,0,3,3,0,0.5,,1800,,,,,3,,,
CompleteGumtreeMatcher,2,2,1,0,0,1,0,0,3,3,0,0.5,,1900,,,,,3,,,
CompleteGumtreeMatcher,2,2,1,0,0,1,0,0,3,3,0,0.5,,2000,,,,,3,,,
CompleteGumtreeMatcher,2,2,1,0,0,1,0,0,3,3,0,0.5,,100,,,,,4,,,
CompleteGumtreeMatcher,2,2,1,0,0,1,0,0,6,3,0,0.5,,200,,,,,4,,,
CompleteGumtreeMatcher,2,2,1,0,0,1,0,0,6,3,0,0.5,,300,,,,,4,,,
CompleteGumtreeMatcher,2,2,1,0,0,1,0,0,4,3,0,0.5,,400,,,,,4,,,
CompleteGumtreeMatcher,2,2,1,0,0,1,0,0,4,3,0,0.5,,500,,,,,4,,,
CompleteGumtreeMatcher,2,2,1,0,0,1,0,0,3,3,0,0.5,,600,,,,,4,,,
CompleteGumtreeMatcher,2,2,1,0,0,1,0,0,4,3,0,0.5,,700,,,,,4,,,
CompleteGumtreeMatcher,2,2,1,0,0,1,0,0,3,3,0,0.5,,800,,,,,4,,,
CompleteGumtreeMatcher,2,2,1,0,0,1,0,0,4,3,0,0.5,,900,,,,,4,,,
CompleteGumtreeMatcher,2,2,1,0,0,1,0,0,3,3,0,0.5,,1000,,,,,4,,,
CompleteGumtreeMatcher,2,2,1,0,0,1,0,0,4,3,0,0.5,,1100,,,,,4,,,
CompleteGumtreeMatcher,2,2,1,0,0,1,0,0,3,3,0,0.5,,1200,,,,,4,,,
CompleteGumtreeMatcher,2,2,1,0,0,1,0,0,3,3,0,0.5,,1300,,,,,4,,,
CompleteGumtreeMatcher,2,2,1,0,0,1,0,0,2,3,0,0.5,,1400,,,,,4,,,
CompleteGumtreeMatcher,2,2,1,0,0,1,0,0,3,3,0,0.5,,1500,,,,,4,,,
CompleteGumtreeMatcher,2,2,1,0,0,1,0,0,4,3,0,0.5,,1600,,,,,4,,,
CompleteGumtreeMatcher,2,2,1,0,0,1,0,0,3,3,0,0.5,,1700,,,,,4,,,
CompleteGumtreeMatcher,2,2,1,0,0,1,0,0,4,3,0,0.5,,1800,,,,,4,,,
CompleteGumtreeMatcher,2,2,1,0,0,1,0,0,7,3,0,0.5,,1900,,,,,4,,,
CompleteGumtreeMatcher,2,2,1,0,0,1,0,0,7,3,0,0.5,,2000,,,,,4,,,
CompleteGumtreeMatcher,2,2,1,0,0,1,0,0,3,3,0,0.5,,100,,,,,5,,,
CompleteGumtreeMatcher,2,2,1,0,0,1,0,0,3,3,0,0.5,,200,,,,,5,,,
CompleteGumtreeMatcher,2,2,1,0,0,1,0,0,3,3,0,0.5,,300,,,,,5,,,
CompleteGumtreeMatcher,2,2,1,0,0,1,0,0,3,3,0,0.5,,400,,,,,5,,,
CompleteGumtreeMatcher,2,2,1,0,0,1,0,0,4,3,0,0.5,,500,,,,,5,,,
CompleteGumtreeMatcher,2,2,1,0,0,1,0,0,3,3,0,0.5,,600,,,,,5,,,
CompleteGumtreeMatcher,2,2,1,0,0,1,0,0,3,3,0,0.5,,700,,,,,5,,,
CompleteGumtreeMatcher,2,2,1,0,0,1,0,0,3,3,0,0.5,,800,,,,,5,,,
CompleteGumtreeMatcher,2,2,1,0,0,1,0,0,3,3,0,0.5,,900,,,,,5,,,
CompleteGumtreeMatcher,2,2,1,0,0,1,0,0,4,3,0,0.5,,1000,,,,,5,,,
CompleteGumtreeMatcher,2,2,1,0,0,1,0,0,4,3,0,0.5,,1100,,,,,5,,,
CompleteGumtreeMatcher,2,2,1,0,0,1,0,0,4,3,0,0.5,,1200,,,,,5,,,
CompleteGumtreeMatcher,2,2,1,0,0,1,0,0,3,3,0,0.5,,1300,,,,,5,,,
CompleteGumtreeMatcher,2,2,1,0,0,1,0,0,3,3,0,0.5,,1400,,,,,5,,,
CompleteGumtreeMatcher,2,2,1,0,0,1,0,0,3,3,0,0.5,,1500,,,,,5,,,
CompleteGumtreeMatcher,2,2,1,0,0,1,0,0,3,3,0,0.5,,1600,,,,,5,,,
CompleteGumtreeMatcher,2,2,1,0,0,1,0,0,6,3,0,0.5,,1700,,,,,5,,,
CompleteGumtreeMatcher,2,2,1,0,0,1,0,0,6,3,0,0.5,,1800,,,,,5,,,
CompleteGumtreeMatcher,2,2,1,0,0,1,0,0,3,3,0,0.5,,1900,,,,,5,,,
CompleteGumtreeMatcher,2,2,1,0,0,1,0,0,3,3,0,0.5,,2000,,,,,5,,,
CompleteGumtreeMatcher,2,2,1,0,0,1,0,0,3,3,0,0.6,,100,,,,,1,,,
CompleteGumtreeMatcher,2,2,1,0,0,1,0,0,3,3,0,0.6,,200,,,,,1,,,
CompleteGumtreeMatcher,2,2,1,0,0,1,0,0,2,3,0,0.6,,300,,,,,1,,,
CompleteGumtreeMatcher,2,2,1,0,0,1,0,0,3,3,0,0.6,,400,,,,,1,,,
CompleteGumtreeMatcher,2,2,1,0,0,1,0,0,4,3,0,0.6,,500,,,,,1,,,
CompleteGumtreeMatcher,2,2,1,0,0,1,0,0,3,3,0,0.6,,600,,,,,1,,,
CompleteGumtreeMatcher,2,2,1,0,0,1,0,0,4,3,0,0.6,,700,,,,,1,,,
CompleteGumtreeMatcher,2,2,1,0,0,1,0,0,3,3,0,0.6,,800,,,,,1,,,
CompleteGumtreeMatcher,2,2,1,0,0,1,0,0,3,3,0,0.6,,900,,,,,1,,,
CompleteGumtreeMatcher,2,2,1,0,0,1,0,0,3,3,0,0.6,,1000,,,,,1,,,
CompleteGumtreeMatcher,2,2,1,0,0,1,0,0,3,3,0,0.6,,1100,,,,,1,,,
CompleteGumtreeMatcher,2,2,1,0,0,1,0,0,4,3,0,0.6,,1200,,,,,1,,,
CompleteGumtreeMatcher,2,2,1,0,0,1,0,0,3,3,0,0.6,,1300,,,,,1,,,
CompleteGumtreeMatcher,2,2,1,0,0,1,0,0,3,3,0,0.6,,1400,,,,,1,,,
CompleteGumtreeMatcher,2,2,1,0,0,1,0,0,6,3,0,0.6,,1500,,,,,1,,,
CompleteGumtreeMatcher,2,2,1,0,0,1,0,0,6,3,0,0.6,,1600,,,,,1,,,
CompleteGumtreeMatcher,2,2,1,0,0,1,0,0,3,3,0,0.6,,1700,,,,,1,,,
CompleteGumtreeMatcher,2,2,1,0,0,1,0,0,3,3,0,0.6,,1800,,,,,1,,,
CompleteGumtreeMatcher,2,2,1,0,0,1,0,0,4,3,0,0.6,,1900,,,,,1,,,
CompleteGumtreeMatcher,2,2,1,0,0,1,0,0,4,3,0,0.6,,2000,,,,,1,,,
CompleteGumtreeMatcher,2,2,1,0,0,1,0,0,4,3,0,0.6,,100,,,,,2,,,
CompleteGumtreeMatcher,2,2,1,0,0,1,0,0,3,3,0,0.6,,200,,,,,2,,,
CompleteGumtreeMatcher,2,2,1,0,0,1,0,0,3,3,0,0.6,,300,,,,,2,,,
CompleteGumtreeMatcher,2,2,1,0,0,1,0,0,4,3,0,0.6,,400,,,,,2,,,
CompleteGumtreeMatcher,2,2,1,0,0,1,0,0,2,3,0,0.6,,500,,,,,2,,,
CompleteGumtreeMatcher,2,2,1,0,0,1,0,0,3,3,0,0.6,,600,,,,,2,,,
CompleteGumtreeMatcher,2,2,1,0,0,1,0,0,3,3,0,0.6,,700,,,,,2,,,
CompleteGumtreeMatcher,2,2,1,0,0,1,0,0,3,3,0,0.6,,800,,,,,2,,,
CompleteGumtreeMatcher,2,2,1,0,0,1,0,0,3,3,0,0.6,,900,,,,,2,,,
CompleteGumtreeMatcher,2,2,1,0,0,1,0,0,6,3,0,0.6,,1000,,,,,2,,,
CompleteGumtreeMatcher,2,2,1,0,0,1,0,0,6,3,0,0.6,,1100,,,,,2,,,
CompleteGumtreeMatcher,2,2,1,0,0,1,0,0,4,3,0,0.6,,1200,,,,,2,,,
CompleteGumtreeMatcher,2,2,1,0,0,1,0,0,4,3,0,0.6,,1300,,,,,2,,,
CompleteGumtreeMatcher,2,2,1,0,0,1,0,0,3,3,0,0.6,,1400,,,,,2,,,
CompleteGumtreeMatcher,2,2,1,0,0,1,0,0,3,3,0,0.6,,1500,,,,,2,,,
CompleteGumtreeMatcher,2,2,1,0,0,1,0,0,4,3,0,0.6,,1600,,,,,2,,,
CompleteGumtreeMatcher,2,2,1,0,0,1,0,0,3,3,0,0.6,,1700,,,,,2,,,
CompleteGumtreeMatcher,2,2,1,0,0,1,0,0,3,3,0,0.6,,1800,,,,,2,,,
CompleteGumtreeMatcher,2,2,1,0,0,1,0,0,4,3,0,0.6,,1900,,,,,2,,,
CompleteGumtreeMatcher,2,2,1,0,0,1,0,0,3,3,0,0.6,,2000,,,,,2,,,
CompleteGumtreeMatcher,2,2,1,0,0,1,0,0,3,3,0,0.6,,100,,,,,3,,,
CompleteGumtreeMatcher,2,2,1,0,0,1,0,0,3,3,0,0.6,,200,,,,,3,,,
CompleteGumtreeMatcher,2,2,1,0,0,1,0,0,3,3,0,0.6,,300,,,,,3,,,
CompleteGumtreeMatcher,2,2,1,0,0,1,0,0,3,3,0,0.6,,400,,,,,3,,,
CompleteGumtreeMatcher,2,2,1,0,0,1,0,0,4,3,0,0.6,,500,,,,,3,,,
CompleteGumtreeMatcher,2,2,1,0,0,1,0,0,4,3,0,0.6,,600,,,,,3,,,
CompleteGumtreeMatcher,2,2,1,0,0,1,0,0,3,3,0,0.6,,700,,,,,3,,,
CompleteGumtreeMatcher,2,2,1,0,0,1,0,0,3,3,0,0.6,,800,,,,,3,,,
CompleteGumtreeMatcher,2,2,1,0,0,1,0,0,7,3,0,0.6,,900,,,,,3,,,
CompleteGumtreeMatcher,2,2,1,0,0,1,0,0,7,3,0,0.6,,1000,,,,,3,,,
CompleteGumtreeMatcher,2,2,1,0,0,1,0,0,3,3,0,0.6,,1100,,,,,3,,,
CompleteGumtreeMatcher,2,2,1,0,0,1,0,0,3,3,0,0.6,,1200,,,,,3,,,
CompleteGumtreeMatcher,2,2,1,0,0,1,0,0,4,3,0,0.6,,1300,,,,,3,,,
CompleteGumtreeMatcher,2,2,1,0,0,1,0,0,3,3,0,0.6,,1400,,,,,3,,,
CompleteGumtreeMatcher,2,2,1,0,0,1,0,0,2,3,0,0.6,,1500,,,,,3,,,
CompleteGumtreeMatcher,2,2,1,0,0,1,0,0,3,3,0,0.6,,1600,,,,,3,,,
CompleteGumtreeMatcher,2,2,1,0,0,1,0,0,3,3,0,0.6,,1700,,,,,3,,,
CompleteGumtreeMatcher,2,2,1,0,0,1,0,0,4,3,0,0.6,,1800,,,,,3,,,
CompleteGumtreeMatcher,2,2,1,0,0,1,0,0,4,3,0,0.6,,1900,,,,,3,,,
CompleteGumtreeMatcher,2,2,1,0,0,1,0,0,4,3,0,0.6,,2000,,,,,3,,,
CompleteGumtreeMatcher,2,2,1,0,0,1,0,0,3,3,0,0.6,,100,,,,,4,,,
CompleteGumtreeMatcher,2,2,1,0,0,1,0,0,3,3,0,0.6,,200,,,,,4,,,
CompleteGumtreeMatcher,2,2,1,0,0,1,0,0,4,3,0,0.6,,300,,,,,4,,,
CompleteGumtreeMatcher,2,2,1,0,0,1,0,0,4,3,0,0.6,,400,,,,,4,,,
CompleteGumtreeMatcher,2,2,1,0,0,1,0,0,4,3,0,0.6,,500,,,,,4,,,
CompleteGumtreeMatcher,2,2,1,0,0,1,0,0,6,3,0,0.6,,600,,,,,4,,,
CompleteGumtreeMatcher,2,2,1,0,0,1,0,0,6,3,0,0.6,,700,,,,,4,,,
CompleteGumtreeMatcher,2,2,1,0,0,1,0,0,3,3,0,0.6,,800,,,,,4,,,
CompleteGumtreeMatcher,2,2,1,0,0,1,0,0,3,3,0,0.6,,900,,,,,4,,,
CompleteGumtreeMatcher,2,2,1,0,0,1,0,0,3,3,0,0.6,,1000,,,,,4,,,
CompleteGumtreeMatcher,2,2,1,0,0,1,0,0,3,3,0,0.6,,1100,,,,,4,,,
CompleteGumtreeMatcher,2,2,1,0,0,1,0,0,3,3,0,0.6,,1200,,,,,4,,,
CompleteGumtreeMatcher,2,2,1,0,0,1,0,0,3,3,0,0.6,,1300,,,,,4,,,
CompleteGumtreeMatcher,2,2,1,0,0,1,0,0,3,3,0,0.6,,1400,,,,,4,,,
CompleteGumtreeMatcher,2,2,1,0,0,1,0,0,3,3,0,0.6,,1500,,,,,4,,,
CompleteGumtreeMatcher,2,2,1,0,0,1,0,0,4,3,0,0.6,,1600,,,,,4,,,
CompleteGumtreeMatcher,2,2,1,0,0,1,0,0,2,3,0,0.6,,1700,,,,,4,,,
CompleteGumtreeMatcher,2,2,1,0,0,1,0,0,4,3,0,0.6,,1800,,,,,4,,,
CompleteGumtreeMatcher,2,2,1,0,0,1,0,0,4,3,0,0.6,,1900,,,,,4,,,
CompleteGumtreeMatcher,2,2,1,0,0,1,0,0,4,3,0,0.6,,2000,,,,,4,,,
CompleteGumtreeMatcher,2,2,1,0,0,1,0,0,3,3,0,0.6,,100,,,,,5,,,
CompleteGumtreeMatcher,2,2,1,0,0,1,0,0,6,3,0,0.6,,200,,,,,5,,,
CompleteGumtreeMatcher,2,2,1,0,0,1,0,0,6,3,0,0.6,,300,,,,,5,,,
CompleteGumtreeMatcher,2,2,1,0,0,1,0,0,3,3,0,0.6,,400,,,,,5,,,
CompleteGumtreeMatcher,2,2,1,0,0,1,0,0,3,3,0,0.6,,500,,,,,5,,,
CompleteGumtreeMatcher,2,2,1,0,0,1,0,0,3,3,0,0.6,,600,,,,,5,,,
CompleteGumtreeMatcher,2,2,1,0,0,1,0,0,3,3,0,0.6,,700,,,,,5,,,
CompleteGumtreeMatcher,2,2,1,0,0,1,0,0,3,3,0,0.6,,800,,,,,5,,,
CompleteGumtreeMatcher,2,2,1,0,0,1,0,0,3,3,0,0.6,,900,,,,,5,,,
CompleteGumtreeMatcher,2,2,1,0,0,1,0,0,3,3,0,0.6,,1000,,,,,5,,,
CompleteGumtreeMatcher,2,2,1,0,0,1,0,0,4,3,0,0.6,,1100,,,,,5,,,
CompleteGumtreeMatcher,2,2,1,0,0,1,0,0,3,3,0,0.6,,1200,,,,,5,,,
CompleteGumtreeMatcher,2,2,1,0,0,1,0,0,4,3,0,0.6,,1300,,,,,5,,,
CompleteGumtreeMatcher,2,2,1,0,0,1,0,0,4,3,0,0.6,,1400,,,,,5,,,
CompleteGumtreeMatcher,2,2,1,0,0,1,0,0,4,3,0,0.6,,1500,,,,,5,,,
CompleteGumtreeMatcher,2,2,1,0,0,1,0,0,3,3,0,0.6,,1600,,,,,5,,,
CompleteGumtreeMatcher,2,2,1,0,0,1,0,0,3,3,0,0.6,,1700,,,,,5,,,
CompleteGumtreeMatcher,2,2,1,0,0,1,0,0,3,3,0,0.6,,1800,,,,,5,,,
CompleteGumtreeMatcher,2,2,1,0,0,1,0,0,3,3,0,0.6,,1900,,,,,5,,,
CompleteGumtreeMatcher,2,2,1,0,0,1,0,0,3,3,0,0.6,,2000,,,,,5,,,
CompleteGumtreeMatcher,2,2,1,0,0,1,0,0,6,3,0,0.7,,100,,,,,1,,,
CompleteGumtreeMatcher,2,2,1,0,0,1,0,0,6,3,0,0.7,,200,,,,,1,,,
CompleteGumtreeMatcher,2,2,1,0,0,1,0,0,3,3,0,0.7,,300,,,,,1,,,
CompleteGumtreeMatcher,2,2,1,0,0,1,0,0,3,3,0,0.7,,400,,,,,1,,,
CompleteGumtreeMatcher,2,2,1,0,0,1,0,0,3,3,0,0.7,,500,,,,,1,,,
CompleteGumtreeMatcher,2,2,1,0,0,1,0,0,4,3,0,0.7,,600,,,,,1,,,
CompleteGumtreeMatcher,2,2,1,0,0,1,0,0,4,3,0,0.7,,700,,,,,1,,,
CompleteGumtreeMatcher,2,2,1,0,0,1,0,0,4,3,0,0.7,,800,,,,,1,,,
CompleteGumtreeMatcher,2,2,1,0,0,1,0,0,2,3,0,0.7,,900,,,,,1,,,
CompleteGumtreeMatcher,2,2,1,0,0,1,0,0,3,3,0,0.7,,1000,,,,,1,,,
CompleteGumtreeMatcher,2,2,1,0,0,1,0,0,3,3,0,0.7,,1100,,,,,1,,,
CompleteGumtreeMatcher,2,2,1,0,0,1,0,0,3,3,0,0.7,,1200,,,,,1,,,
CompleteGumtreeMatcher,2,2,1,0,0,1,0,0,3,3,0,0.7,,1300,,,,,1,,,
CompleteGumtreeMatcher,2,2,1,0,0,1,0,0,4,3,0,0.7,,1400,,,,,1,,,
CompleteGumtreeMatcher,2,2,1,0,0,1,0,0,3,3,0,0.7,,1500,,,,,1,,,
CompleteGumtreeMatcher,2,2,1,0,0,1,0,0,3,3,0,0.7,,1600,,,,,1,,,
CompleteGumtreeMatcher,2,2,1,0,0,1,0,0,3,3,0,0.7,,1700,,,,,1,,,
CompleteGumtreeMatcher,2,2,1,0,0,1,0,0,7,3,0,0.7,,1800,,,,,1,,,
CompleteGumtreeMatcher,2,2,1,0,0,1,0,0,7,3,0,0.7,,1900,,,,,1,,,
CompleteGumtreeMatcher,2,2,1,0,0,1,0,0,4,3,0,0.7,,2000,,,,,1,,,
CompleteGumtreeMatcher,2,2,1,0,0,1,0,0,4,3,0,0.7,,100,,,,,2,,,
CompleteGumtreeMatcher,2,2,1,0,0,1,0,0,4,3,0,0.7,,200,,,,,2,,,
CompleteGumtreeMatcher,2,2,1,0,0,1,0,0,3,3,0,0.7,,300,,,,,2,,,
CompleteGumtreeMatcher,2,2,1,0,0,1,0,0,3,3,0,0.7,,400,,,,,2,,,
CompleteGumtreeMatcher,2,2,1,0,0,1,0,0,3,3,0,0.7,,500,,,,,2,,,
CompleteGumtreeMatcher,2,2,1,0,0,1,0,0,3,3,0,0.7,,600,,,,,2,,,
CompleteGumtreeMatcher,2,2,1,0,0,1,0,0,3,3,0,0.7,,700,,,,,2,,,
CompleteGumtreeMatcher,2,2,1,0,0,1,0,0,3,3,0,0.7,,800,,,,,2,,,
CompleteGumtreeMatcher,2,2,1,0,0,1,0,0,2,3,0,0.7,,900,,,,,2,,,
CompleteGumtreeMatcher,2,2,1,0,0,1,0,0,3,3,0,0.7,,1000,,,,,2,,,
CompleteGumtreeMatcher,2,2,1,0,0,1,0,0,3,3,0,0.7,,1100,,,,,2,,,
CompleteGumtreeMatcher,2,2,1,0,0,1,0,0,4,3,0,0.7,,1200,,,,,2,,,
CompleteGumtreeMatcher,2,2,1,0,0,1,0,0,4,3,0,0.7,,1300,,,,,2,,,
CompleteGumtreeMatcher,2,2,1,0,0,1,0,0,4,3,0,0.7,,1400,,,,,2,,,
CompleteGumtreeMatcher,2,2,1,0,0,1,0,0,4,3,0,0.7,,1500,,,,,2,,,
CompleteGumtreeMatcher,2,2,1,0,0,1,0,0,6,3,0,0.7,,1600,,,,,2,,,
CompleteGumtreeMatcher,2,2,1,0,0,1,0,0,6,3,0,0.7,,1700,,,,,2,,,
CompleteGumtreeMatcher,2,2,1,0,0,1,0,0,4,3,0,0.7,,1800,,,,,2,,,
CompleteGumtreeMatcher,2,2,1,0,0,1,0,0,3,3,0,0.7,,1900,,,,,2,,,
CompleteGumtreeMatcher,2,2,1,0,0,1,0,0,3,3,0,0.7,,2000,,,,,2,,,
CompleteGumtreeMatcher,2,2,1,0,0,1,0,0,3,3,0,0.7,,100,,,,,3,,,
CompleteGumtreeMatcher,2,2,1,0,0,1,0,0,3,3,0,0.7,,200,,,,,3,,,
CompleteGumtreeMatcher,2,2,1,0,0,1,0,0,3,3,0,0.7,,300,,,,,3,,,
CompleteGumtreeMatcher,2,2,1,0,0,1,0,0,3,3,0,0.7,,400,,,,,3,,,
CompleteGumtreeMatcher,2,2,1,0,0,1,0,0,3,3,0,0.7,,500,,,,,3,,,
CompleteGumtreeMatcher,2,2,1,0,0,1,0,0,3,3,0,0.7,,600,,,,,3,,,
CompleteGumtreeMatcher,2,2,1,0,0,1,0,0,3,3,0,0.7,,700,,,,,3,,,
CompleteGumtreeMatcher,2,2,1,0,0,1,0,0,4,3,0,0.7,,800,,,,,3,,,
CompleteGumtreeMatcher,2,2,1,0,0,1,0,0,4,3,0,0.7,,900,,,,,3,,,
CompleteGumtreeMatcher,2,2,1,0,0,1,0,0,3,3,0,0.7,,1000,,,,,3,,,
CompleteGumtreeMatcher,2,2,1,0,0,1,0,0,6,3,0,0.7,,1100,,,,,3,,,
CompleteGumtreeMatcher,2,2,1,0,0,1,0,0,6,3,0,0.7,,1200,,,,,3,,,
CompleteGumtreeMatcher,2,2,1,0,0,1,0,0,3,3,0,0.7,,1300,,,,,3,,,
CompleteGumtreeMatcher,2,2,1,0,0,1,0,0,4,3,0,0.7,,1400,,,,,3,,,
CompleteGumtreeMatcher,2,2,1,0,0,1,0,0,4,3,0,0.7,,1500,,,,,3,,,
CompleteGumtreeMatcher,2,2,1,0,0,1,0,0,4,3,0,0.7,,1600,,,,,3,,,
CompleteGumtreeMatcher,2,2,1,0,0,1,0,0,3,3,0,0.7,,1700,,,,,3,,,
CompleteGumtreeMatcher,2,2,1,0,0,1,0,0,3,3,0,0.7,,1800,,,,,3,,,
CompleteGumtreeMatcher,2,2,1,0,0,1,0,0,3,3,0,0.7,,1900,,,,,3,,,
CompleteGumtreeMatcher,2,2,1,0,0,1,0,0,2,3,0,0.7,,2000,,,,,3,,,
CompleteGumtreeMatcher,2,2,1,0,0,1,0,0,4,3,0,0.7,,100,,,,,4,,,
CompleteGumtreeMatcher,2,2,1,0,0,1,0,0,3,3,0,0.7,,200,,,,,4,,,
CompleteGumtreeMatcher,2,2,1,0,0,1,0,0,3,3,0,0.7,,300,,,,,4,,,
CompleteGumtreeMatcher,2,2,1,0,0,1,0,0,3,3,0,0.7,,400,,,,,4,,,
CompleteGumtreeMatcher,2,2,1,0,0,1,0,0,4,3,0,0.7,,500,,,,,4,,,
CompleteGumtreeMatcher,2,2,1,0,0,1,0,0,4,3,0,0.7,,600,,,,,4,,,
CompleteGumtreeMatcher,2,2,1,0,0,1,0,0,4,3,0,0.7,,700,,,,,4,,,
CompleteGumtreeMatcher,2,2,1,0,0,1,0,0,3,3,0,0.7,,800,,,,,4,,,
CompleteGumtreeMatcher,2,2,1,0,0,1,0,0,6,3,0,0.7,,900,,,,,4,,,
CompleteGumtreeMatcher,2,2,1,0,0,1,0,0,6,3,0,0.7,,1000,,,,,4,,,
CompleteGumtreeMatcher,2,2,1,0,0,1,0,0,3,3,0,0.7,,1100,,,,,4,,,
CompleteGumtreeMatcher,2,2,1,0,0,1,0,0,3,3,0,0.7,,1200,,,,,4,,,
CompleteGumtreeMatcher,2,2,1,0,0,1,0,0,3,3,0,0.7,,1300,,,,,4,,,
CompleteGumtreeMatcher,2,2,1,0,0,1,0,0,4,3,0,0.7,,1400,,,,,4,,,
CompleteGumtreeMatcher,2,2,1,0,0,1,0,0,3,3,0,0.7,,1500,,,,,4,,,
CompleteGumtreeMatcher,2,2,1,0,0,1,0,0,3,3,0,0.7,,1600,,,,,4,,,
CompleteGumtreeMatcher,2,2,1,0,0,1,0,0,3,3,0,0.7,,1700,,,,,4,,,
CompleteGumtreeMatcher,2,2,1,0,0,1,0,0,3,3,0,0.7,,1800,,,,,4,,,
CompleteGumtreeMatcher,2,2,1,0,0,1,0,0,3,3,0,0.7,,1900,,,,,4,,,
CompleteGumtreeMatcher,2,2,1,0,0,1,0,0,4,3,0,0.7,,2000,,,,,4,,,
CompleteGumtreeMatcher,2,2,1,0,0,1,0,0,4,3,0,0.7,,100,,,,,5,,,
CompleteGumtreeMatcher,2,2,1,0,0,1,0,0,2,3,0,0.7,,200,,,,,5,,,
CompleteGumtreeMatcher,2,2,1,0,0,1,0,0,3,3,0,0.7,,300,,,,,5,,,
CompleteGumtreeMatcher,2,2,1,0,0,1,0,0,3,3,0,0.7,,400,,,,,5,,,
CompleteGumtreeMatcher,2,2,1,0,0,1,0,0,3,3,0,0.7,,500,,,,,5,,,
CompleteGumtreeMatcher,2,2,1,0,0,1,0,0,3,3,0,0.7,,600,,,,,5,,,
CompleteGumtreeMatcher,2,2,1,0,0,1,0,0,7,3,0,0.7,,700,,,,,5,,,
CompleteGumtreeMatcher,2,2,1,0,0,1,0,0,7,3,0,0.7,,800,,,,,5,,,
CompleteGumtreeMatcher,2,2,1,0,0,1,0,0,3,3,0,0.7,,900,,,,,5,,,
CompleteGumtreeMatcher,2,2,1,0,0,1,0,0,4,3,0,0.7,,1000,,,,,5,,,
CompleteGumtreeMatcher,2,2,1,0,0,1,0,0,3,3,0,0.7,,1100,,,,,5,,,
CompleteGumtreeMatcher,2,2,1,0,0,1,0,0,3,3,0,0.7,,1200,,,,,5,,,
CompleteGumtreeMatcher,2,2,1,0,0,1,0,0,4,3,0,0.7,,1300,,,,,5,,,
CompleteGumtreeMatcher,2,2,1,0,0,1,0,0,4,3,0,0.7,,1400,,,,,5,,,
CompleteGumtreeMatcher,2,2,1,0,0,1,0,0,4,3,0,0.7,,1500,,,,,5,,,
CompleteGumtreeMatcher,2,2,1,0,0,1,0,0,4,3,0,0.7,,1600,,,,,5,,,
CompleteGumtreeMatcher,2,2,1,0,0,1,0,0,3,3,0,0.7,,1700,,,,,5,,,
CompleteGumtreeMatcher,2,2,1,0,0,1,0,0,3,3,0,0.7,,1800,,,,,5,,,
CompleteGumtreeMatcher,2,2,1,0,0,1,0,0,3,3,0,0.7,,1900,,,,,5,,,
CompleteGumtreeMatcher,2,2,1,0,0,1,0,0,3,3,0,0.7,,2000,,,,,5,,,
CompleteGumtreeMatcher,2,2,1,0,0,1,0,0,3,3,0,0.799,,100,,,,,1,,,
CompleteGumtreeMatcher,2,2,1,0,0,1,0,0,3,3,0,0.799,,200,,,,,1,,,
CompleteGumtreeMatcher,2,2,1,0,0,1,0,0,3,3,0,0.799,,300,,,,,1,,,
CompleteGumtreeMatcher,2,2,1,0,0,1,0,0,3,3,0,0.799,,400,,,,,1,,,
CompleteGumtreeMatcher,2,2,1,0,0,1,0,0,6,3,0,0.799,,500,,,,,1,,,
CompleteGumtreeMatcher,2,2,1,0,0,1,0,0,6,3,0,0.799,,600,,,,,1,,,
CompleteGumtreeMatcher,2,2,1,0,0,1,0,0,2,3,0,0.799,,700,,,,,1,,,
CompleteGumtreeMatcher,2,2,1,0,0,1,0,0,4,3,0,0.799,,800,,,,,1,,,
CompleteGumtreeMatcher,2,2,1,0,0,1,0,0,4,3,0,0.799,,900,,,,,1,,,
CompleteGumtreeMatcher,2,2,1,0,0,1,0,0,4,3,0,0.799,,1000,,,,,1,,,
CompleteGumtreeMatcher,2,2,1,0,0,1,0,0,3,3,0,0.799,,1100,,,,,1,,,
CompleteGumtreeMatcher,2,2,1,0,0,1,0,0,4,3,0,0.799,,1200,,,,,1,,,
CompleteGumtreeMatcher,2,2,1,0,0,1,0,0,3,3,0,0.799,,1300,,,,,1,,,
CompleteGumtreeMatcher,2,2,1,0,0,1,0,0,3,3,0,0.799,,1400,,,,,1,,,
CompleteGumtreeMatcher,2,2,1,0,0,1,0,0,3,3,0,0.799,,1500,,,,,1,,,
CompleteGumtreeMatcher,2,2,1,0,0,1,0,0,3,3,0,0.799,,1600,,,,,1,,,
CompleteGumtreeMatcher,2,2,1,0,0,1,0,0,3,3,0,0.799,,1700,,,,,1,,,
CompleteGumtreeMatcher,2,2,1,0,0,1,0,0,3,3,0,0.799,,1800,,,,,1,,,
CompleteGumtreeMatcher,2,2,1,0,0,1,0,0,3,3,0,0.799,,1900,,,,,1,,,
CompleteGumtreeMatcher,2,2,1,0,0,1,0,0,4,3,0,0.799,,2000,,,,,1,,,
CompleteGumtreeMatcher,2,2,1,0,0,1,0,0,3,3,0,0.799,,100,,,,,2,,,
CompleteGumtreeMatcher,2,2,1,0,0,1,0,0,6,3,0,0.799,,200,,,,,2,,,
CompleteGumtreeMatcher,2,2,1,0,0,1,0,0,6,3,0,0.799,,300,,,,,2,,,
CompleteGumtreeMatcher,2,2,1,0,0,1,0,0,4,3,0,0.799,,400,,,,,2,,,
CompleteGumtreeMatcher,2,2,1,0,0,1,0,0,4,3,0,0.799,,500,,,,,2,,,
CompleteGumtreeMatcher,2,2,1,0,0,1,0,0,3,3,0,0.799,,600,,,,,2,,,
CompleteGumtreeMatcher,2,2,1,0,0,1,0,0,3,3,0,0.799,,700,,,,,2,,,
CompleteGumtreeMatcher,2,2,1,0,0,1,0,0,4,3,0,0.799,,800,,,,,2,,,
CompleteGumtreeMatcher,2,2,1,0,0,1,0,0,4,3,0,0.799,,900,,,,,2,,,
CompleteGumtreeMatcher,2,2,1,0,0,1,0,0,3,3,0,0.799,,1000,,,,,2,,,
CompleteGumtreeMatcher,2,2,1,0,0,1,0,0,4,3,0,0.799,,1100,,,,,2,,,
CompleteGumtreeMatcher,2,2,1,0,0,1,0,0,3,3,0,0.799,,1200,,,,,2,,,
CompleteGumtreeMatcher,2,2,1,0,0,1,0,0,3,3,0,0.799,,1300,,,,,2,,,
CompleteGumtreeMatcher,2,2,1,0,0,1,0,0,2,3,0,0.799,,1400,,,,,2,,,
CompleteGumtreeMatcher,2,2,1,0,0,1,0,0,4,3,0,0.799,,1500,,,,,2,,,
CompleteGumtreeMatcher,2,2,1,0,0,1,0,0,3,3,0,0.799,,1600,,,,,2,,,
CompleteGumtreeMatcher,2,2,1,0,0,1,0,0,3,3,0,0.799,,1700,,,,,2,,,
CompleteGumtreeMatcher,2,2,1,0,0,1,0,0,3,3,0,0.799,,1800,,,,,2,,,
CompleteGumtreeMatcher,2,2,1,0,0,1,0,0,6,3,0,0.799,,1900,,,,,2,,,
CompleteGumtreeMatcher,2,2,1,0,0,1,0,0,6,3,0,0.799,,2000,,,,,2,,,
CompleteGumtreeMatcher,2,2,1,0,0,1,0,0,3,3,0,0.799,,100,,,,,3,,,
CompleteGumtreeMatcher,2,2,1,0,0,1,0,0,3,3,0,0.799,,200,,,,,3,,,
CompleteGumtreeMatcher,2,2,1,0,0,1,0,0,3,3,0,0.799,,300,,,,,3,,,
CompleteGumtreeMatcher,2,2,1,0,0,1,0,0,3,3,0,0.799,,400,,,,,3,,,
CompleteGumtreeMatcher,2,2,1,0,0,1,0,0,3,3,0,0.799,,500,,,,,3,,,
CompleteGumtreeMatcher,2,2,1,0,0,1,0,0,3,3,0,0.799,,600,,,,,3,,,
CompleteGumtreeMatcher,2,2,1,0,0,1,0,0,4,3,0,0.799,,700,,,,,3,,,
CompleteGumtreeMatcher,2,2,1,0,0,1,0,0,4,3,0,0.799,,800,,,,,3,,,
CompleteGumtreeMatcher,2,2,1,0,0,1,0,0,3,3,0,0.799,,900,,,,,3,,,
CompleteGumtreeMatcher,2,2,1,0,0,1,0,0,4,3,0,0.799,,1000,,,,,3,,,
CompleteGumtreeMatcher,2,2,1,0,0,1,0,0,4,3,0,0.799,,1100,,,,,3,,,
CompleteGumtreeMatcher,2,2,1,0,0,1,0,0,4,3,0,0.799,,1200,,,,,3,,,
CompleteGumtreeMatcher,2,2,1,0,0,1,0,0,3,3,0,0.799,,1300,,,,,3,,,
CompleteGumtreeMatcher,2,2,1,0,0,1,0,0,4,3,0,0.799,,1400,,,,,3,,,
CompleteGumtreeMatcher,2,2,1,0,0,1,0,0,7,3,0,0.799,,1500,,,,,3,,,
CompleteGumtreeMatcher,2,2,1,0,0,1,0,0,7,3,0,0.799,,1600,,,,,3,,,
CompleteGumtreeMatcher,2,2,1,0,0,1,0,0,3,3,0,0.799,,1700,,,,,3,,,
CompleteGumtreeMatcher,2,2,1,0,0,1,0,0,3,3,0,0.799,,1800,,,,,3,,,
CompleteGumtreeMatcher,2,2,1,0,0,1,0,0,3,3,0,0.799,,1900,,,,,3,,,
CompleteGumtreeMatcher,2,2,1,0,0,1,0,0,3,3,0,0.799,,2000,,,,,3,,,
CompleteGumtreeMatcher,2,2,1,0,0,1,0,0,3,3,0,0.799,,100,,,,,4,,,
CompleteGumtreeMatcher,2,2,1,0,0,1,0,0,3,3,0,0.799,,200,,,,,4,,,
CompleteGumtreeMatcher,2,2,1,0,0,1,0,0,4,3,0,0.799,,300,,,,,4,,,
CompleteGumtreeMatcher,2,2,1,0,0,1,0,0,2,3,0,0.799,,400,,,,,4,,,
CompleteGumtreeMatcher,2,2,1,0,0,1,0,0,3,3,0,0.799,,500,,,,,4,,,
CompleteGumtreeMatcher,2,2,1,0,0,1,0,0,3,3,0,0.799,,600,,,,,4,,,
CompleteGumtreeMatcher,2,2,1,0,0,1,0,0,4,3,0,0.799,,700,,,,,4,,,
CompleteGumtreeMatcher,2,2,1,0,0,1,0,0,4,3,0,0.799,,800,,,,,4,,,
CompleteGumtreeMatcher,2,2,1,0,0,1,0,0,4,3,0,0.799,,900,,,,,4,,,
CompleteGumtreeMatcher,2,2,1,0,0,1,0,0,4,3,0,0.799,,1000,,,,,4,,,
CompleteGumtreeMatcher,2,2,1,0,0,1,0,0,3,3,0,0.799,,1100,,,,,4,,,
CompleteGumtreeMatcher,2,2,1,0,0,1,0,0,6,3,0,0.799,,1200,,,,,4,,,
CompleteGumtreeMatcher,2,2,1,0,0,1,0,0,6,3,0,0.799,,1300,,,,,4,,,
CompleteGumtreeMatcher,2,2,1,0,0,1,0,0,3,3,0,0.799,,1400,,,,,4,,,
CompleteGumtreeMatcher,2,2,1,0,0,1,0,0,3,3,0,0.799,,1500,,,,,4,,,
CompleteGumtreeMatcher,2,2,1,0,0,1,0,0,4,3,0,0.799,,1600,,,,,4,,,
CompleteGumtreeMatcher,2,2,1,0,0,1,0,0,3,3,0,0.799,,1700,,,,,4,,,
CompleteGumtreeMatcher,2,2,1,0,0,1,0,0,3,3,0,0.799,,1800,,,,,4,,,
CompleteGumtreeMatcher,2,2,1,0,0,1,0,0,3,3,0,0.799,,1900,,,,,4,,,
CompleteGumtreeMatcher,2,2,1,0,0,1,0,0,3,3,0,0.799,,2000,,,,,4,,,
CompleteGumtreeMatcher,2,2,1,0,0,1,0,0,3,3,0,0.799,,100,,,,,5,,,
CompleteGumtreeMatcher,2,2,1,0,0,1,0,0,4,3,0,0.799,,200,,,,,5,,,
CompleteGumtreeMatcher,2,2,1,0,0,1,0,0,4,3,0,0.799,,300,,,,,5,,,
CompleteGumtreeMatcher,2,2,1,0,0,1,0,0,3,3,0,0.799,,400,,,,,5,,,
CompleteGumtreeMatcher,2,2,1,0,0,1,0,0,3,3,0,0.799,,500,,,,,5,,,
CompleteGumtreeMatcher,2,2,1,0,0,1,0,0,2,3,0,0.799,,600,,,,,5,,,
CompleteGumtreeMatcher,2,2,1,0,0,1,0,0,3,3,0,0.799,,700,,,,,5,,,
CompleteGumtreeMatcher,2,2,1,0,0,1,0,0,3,3,0,0.799,,800,,,,,5,,,
CompleteGumtreeMatcher,2,2,1,0,0,1,0,0,3,3,0,0.799,,900,,,,,5,,,
CompleteGumtreeMatcher,2,2,1,0,0,1,0,0,6,3,0,0.799,,1000,,,,,5,,,
CompleteGumtreeMatcher,2,2,1,0,0,1,0,0,6,3,0,0.799,,1100,,,,,5,,,
CompleteGumtreeMatcher,2,2,1,0,0,1,0,0,3,3,0,0.799,,1200,,,,,5,,,
CompleteGumtreeMatcher,2,2,1,0,0,1,0,0,3,3,0,0.799,,1300,,,,,5,,,
CompleteGumtreeMatcher,2,2,1,0,0,1,0,0,4,3,0,0.799,,1400,,,,,5,,,
CompleteGumtreeMatcher,2,2,1,0,0,1,0,0,3,3,0,0.799,,1500,,,,,5,,,
CompleteGumtreeMatcher,2,2,1,0,0,1,0,0,4,3,0,0.799,,1600,,,,,5,,,
CompleteGumtreeMatcher,2,2,1,0,0,1,0,0,3,3,0,0.799,,1700,,,,,5,,,
CompleteGumtreeMatcher,2,2,1,0,0,1,0,0,4,3,0,0.799,,1800,,,,,5,,,
CompleteGumtreeMatcher,2,2,1,0,0,1,0,0,4,3,0,0.799,,1900,,,,,5,,,
CompleteGumtreeMatcher,2,2,1,0,0,1,0,0,3,3,0,0.799,,2000,,,,,5,,,
CompleteGumtreeMatcher,2,2,1,0,0,1,0,0,3,3,0,0.899,,100,,,,,1,,,
CompleteGumtreeMatcher,2,2,1,0,0,1,0,0,4,3,0,0.899,,200,,,,,1,,,
CompleteGumtreeMatcher,2,2,1,0,0,1,0,0,3,3,0,0.899,,300,,,,,1,,,
CompleteGumtreeMatcher,2,2,1,0,0,1,0,0,3,3,0,0.899,,400,,,,,1,,,
CompleteGumtreeMatcher,2,2,1,0,0,1,0,0,3,3,0,0.899,,500,,,,,1,,,
CompleteGumtreeMatcher,2,2,1,0,0,1,0,0,3,3,0,0.899,,600,,,,,1,,,
CompleteGumtreeMatcher,2,2,1,0,0,1,0,0,3,3,0,0.899,,700,,,,,1,,,
CompleteGumtreeMatcher,2,2,1,0,0,1,0,0,6,3,0,0.899,,800,,,,,1,,,
CompleteGumtreeMatcher,2,2,1,0,0,1,0,0,6,3,0,0.899,,900,,,,,1,,,
CompleteGumtreeMatcher,2,2,1,0,0,1,0,0,2,3,0,0.899,,1000,,,,,1,,,
CompleteGumtreeMatcher,2,2,1,0,0,1,0,0,4,3,0,0.899,,1100,,,,,1,,,
CompleteGumtreeMatcher,2,2,1,0,0,1,0,0,3,3,0,0.899,,1200,,,,,1,,,
CompleteGumtreeMatcher,2,2,1,0,0,1,0,0,3,3,0,0.899,,1300,,,,,1,,,
CompleteGumtreeMatcher,2,2,1,0,0,1,0,0,3,3,0,0.899,,1400,,,,,1,,,
CompleteGumtreeMatcher,2,2,1,0,0,1,0,0,3,3,0,0.899,,1500,,,,,1,,,
CompleteGumtreeMatcher,2,2,1,0,0,1,0,0,3,3,0,0.899,,1600,,,,,1,,,
CompleteGumtreeMatcher,2,2,1,0,0,1,0,0,4,3,0,0.899,,1700,,,,,1,,,
CompleteGumtreeMatcher,2,2,1,0,0,1,0,0,3,3,0,0.899,,1800,,,,,1,,,
CompleteGumtreeMatcher,2,2,1,0,0,1,0,0,2,3,0,0.899,,1900,,,,,1,,,
CompleteGumtreeMatcher,2,2,1,0,0,1,0,0,3,3,0,0.899,,2000,,,,,1,,,
CompleteGumtreeMatcher,2,2,1,0,0,1,0,0,3,3,0,0.899,,100,,,,,2,,,
CompleteGumtreeMatcher,2,2,1,0,0,1,0,0,4,3,0,0.899,,200,,,,,2,,,
CompleteGumtreeMatcher,2,2,1,0,0,1,0,0,4,3,0,0.899,,300,,,,,2,,,
CompleteGumtreeMatcher,2,2,1,0,0,1,0,0,3,3,0,0.899,,400,,,,,2,,,
CompleteGumtreeMatcher,2,2,1,0,0,1,0,0,7,3,0,0.899,,500,,,,,2,,,
CompleteGumtreeMatcher,2,2,1,0,0,1,0,0,7,3,0,0.899,,600,,,,,2,,,
CompleteGumtreeMatcher,2,2,1,0,0,1,0,0,4,3,0,0.899,,700,,,,,2,,,
CompleteGumtreeMatcher,2,2,1,0,0,1,0,0,3,3,0,0.899,,800,,,,,2,,,
CompleteGumtreeMatcher,2,2,1,0,0,1,0,0,3,3,0,0.899,,900,,,,,2,,,
CompleteGumtreeMatcher,2,2,1,0,0,1,0,0,3,3,0,0.899,,1000,,,,,2,,,
CompleteGumtreeMatcher,2,2,1,0,0,1,0,0,3,3,0,0.899,,1100,,,,,2,,,
CompleteGumtreeMatcher,2,2,1,0,0,1,0,0,3,3,0,0.899,,1200,,,,,2,,,
CompleteGumtreeMatcher,2,2,1,0,0,1,0,0,3,3,0,0.899,,1300,,,,,2,,,
CompleteGumtreeMatcher,2,2,1,0,0,1,0,0,3,3,0,0.899,,1400,,,,,2,,,
CompleteGumtreeMatcher,2,2,1,0,0,1,0,0,3,3,0,0.899,,1500,,,,,2,,,
CompleteGumtreeMatcher,2,2,1,0,0,1,0,0,3,3,0,0.899,,1600,,,,,2,,,
CompleteGumtreeMatcher,2,2,1,0,0,1,0,0,3,3,0,0.899,,1700,,,,,2,,,
CompleteGumtreeMatcher,2,2,1,0,0,1,0,0,4,3,0,0.899,,1800,,,,,2,,,
CompleteGumtreeMatcher,2,2,1,0,0,1,0,0,3,3,0,0.899,,1900,,,,,2,,,
CompleteGumtreeMatcher,2,2,1,0,0,1,0,0,3,3,0,0.899,,2000,,,,,2,,,
CompleteGumtreeMatcher,2,2,1,0,0,1,0,0,4,3,0,0.899,,100,,,,,3,,,
CompleteGumtreeMatcher,2,2,1,0,0,1,0,0,4,3,0,0.899,,200,,,,,3,,,
CompleteGumtreeMatcher,2,2,1,0,0,1,0,0,6,3,0,0.899,,300,,,,,3,,,
CompleteGumtreeMatcher,2,2,1,0,0,1,0,0,6,3,0,0.899,,400,,,,,3,,,
CompleteGumtreeMatcher,2,2,1,0,0,1,0,0,3,3,0,0.899,,500,,,,,3,,,
CompleteGumtreeMatcher,2,2,1,0,0,1,0,0,4,3,0,0.899,,600,,,,,3,,,
CompleteGumtreeMatcher,2,2,1,0,0,1,0,0,4,3,0,0.899,,700,,,,,3,,,
CompleteGumtreeMatcher,2,2,1,0,0,1,0,0,2,3,0,0.899,,800,,,,,3,,,
CompleteGumtreeMatcher,2,2,1,0,0,1,0,0,3,3,0,0.899,,900,,,,,3,,,
CompleteGumtreeMatcher,2,2,1,0,0,1,0,0,4,3,0,0.899,,1000,,,,,3,,,
CompleteGumtreeMatcher,2,2,1,0,0,1,0,0,2,3,0,0.899,,1100,,,,,3,,,
CompleteGumtreeMatcher,2,2,1,0,0,1,0,0,3,3,0,0.899,,1200,,,,,3,,,
CompleteGumtreeMatcher,2,2,1,0,0,1,0,0,3,3,0,0.899,,1300,,,,,3,,,
CompleteGumtreeMatcher,2,2,1,0,0,1,0,0,3,3,0,0.899,,1400,,,,,3,,,
CompleteGumtreeMatcher,2,2,1,0,0,1,0,0,3,3,0,0.899,,1500,,,,,3,,,
CompleteGumtreeMatcher,2,2,1,0,0,1,0,0,3,3,0,0.899,,1600,,,,,3,,,
CompleteGumtreeMatcher,2,2,1,0,0,1,0,0,4,3,0,0.899,,1700,,,,,3,,,
CompleteGumtreeMatcher,2,2,1,0,0,1,0,0,3,3,0,0.899,,1800,,,,,3,,,
CompleteGumtreeMatcher,2,2,1,0,0,1,0,0,3,3,0,0.899,,1900,,,,,3,,,
CompleteGumtreeMatcher,2,2,1,0,0,1,0,0,6,3,0,0.899,,2000,,,,,3,,,
CompleteGumtreeMatcher,2,2,1,0,0,1,0,0,6,3,0,0.899,,100,,,,,4,,,
CompleteGumtreeMatcher,2,2,1,0,0,1,0,0,3,3,0,0.899,,200,,,,,4,,,
CompleteGumtreeMatcher,2,2,1,0,0,1,0,0,3,3,0,0.899,,300,,,,,4,,,
CompleteGumtreeMatcher,2,2,1,0,0,1,0,0,3,3,0,0.899,,400,,,,,4,,,
CompleteGumtreeMatcher,2,2,1,0,0,1,0,0,3,3,0,0.899,,500,,,,,4,,,
CompleteGumtreeMatcher,2,2,1,0,0,1,0,0,4,3,0,0.899,,600,,,,,4,,,
CompleteGumtreeMatcher,2,2,1,0,0,1,0,0,3,3,0,0.899,,700,,,,,4,,,
CompleteGumtreeMatcher,2,2,1,0,0,1,0,0,3,3,0,0.899,,800,,,,,4,,,
CompleteGumtreeMatcher,2,2,1,0,0,1,0,0,3,3,0,0.899,,900,,,,,4,,,
CompleteGumtreeMatcher,2,2,1,0,0,1,0,0,4,3,0,0.899,,1000,,,,,4,,,
CompleteGumtreeMatcher,2,2,1,0,0,1,0,0,4,3,0,0.899,,1100,,,,,4,,,
CompleteGumtreeMatcher,2,2,1,0,0,1,0,0,2,3,0,0.899,,1200,,,,,4,,,
CompleteGumtreeMatcher,2,2,1,0,0,1,0,0,4,3,0,0.899,,1300,,,,,4,,,
CompleteGumtreeMatcher,2,2,1,0,0,1,0,0,3,3,0,0.899,,1400,,,,,4,,,
CompleteGumtreeMatcher,2,2,1,0,0,1,0,0,2,3,0,0.899,,1500,,,,,4,,,
CompleteGumtreeMatcher,2,2,1,0,0,1,0,0,3,3,0,0.899,,1600,,,,,4,,,
CompleteGumtreeMatcher,2,2,1,0,0,1,0,0,6,3,0,0.899,,1700,,,,,4,,,
CompleteGumtreeMatcher,2,2,1,0,0,1,0,0,6,3,0,0.899,,1800,,,,,4,,,
CompleteGumtreeMatcher,2,2,1,0,0,1,0,0,3,3,0,0.899,,1900,,,,,4,,,
CompleteGumtreeMatcher,2,2,1,0,0,1,0,0,4,3,0,0.899,,2000,,,,,4,,,
CompleteGumtreeMatcher,2,2,1,0,0,1,0,0,3,3,0,0.899,,100,,,,,5,,,
CompleteGumtreeMatcher,2,2,1,0,0,1,0,0,3,3,0,0.899,,200,,,,,5,,,
CompleteGumtreeMatcher,2,2,1,0,0,1,0,0,3,3,0,0.899,,300,,,,,5,,,
CompleteGumtreeMatcher,2,2,1,0,0,1,0,0,3,3,0,0.899,,400,,,,,5,,,
CompleteGumtreeMatcher,2,2,1,0,0,1,0,0,3,3,0,0.899,,500,,,,,5,,,
CompleteGumtreeMatcher,2,2,1,0,0,1,0,0,3,3,0,0.899,,600,,,,,5,,,
CompleteGumtreeMatcher,2,2,1,0,0,1,0,0,4,3,0,0.899,,700,,,,,5,,,
CompleteGumtreeMatcher,2,2,1,0,0,1,0,0,3,3,0,0.899,,800,,,,,5,,,
CompleteGumtreeMatcher,2,2,1,0,0,1,0,0,3,3,0,0.899,,900,,,,,5,,,
CompleteGumtreeMatcher,2,2,1,0,0,1,0,0,3,3,0,0.899,,1000,,,,,5,,,
CompleteGumtreeMatcher,2,2,1,0,0,1,0,0,4,3,0,0.899,,1100,,,,,5,,,
CompleteGumtreeMatcher,2,2,1,0,0,1,0,0,3,3,0,0.899,,1200,,,,,5,,,
CompleteGumtreeMatcher,2,2,1,0,0,1,0,0,4,3,0,0.899,,1300,,,,,5,,,
CompleteGumtreeMatcher,2,2,1,0,0,1,0,0,3,3,0,0.899,,1400,,,,,5,,,
CompleteGumtreeMatcher,2,2,1,0,0,1,0,0,7,3,0,0.899,,1500,,,,,5,,,
CompleteGumtreeMatcher,2,2,1,0,0,1,0,0,7,3,0,0.899,,1600,,,,,5,,,
CompleteGumtreeMatcher,2,2,1,0,0,1,0,0,3,3,0,0.899,,1700,,,,,5,,,
CompleteGumtreeMatcher,2,2,1,0,0,1,0,0,3,3,0,0.899,,1800,,,,,5,,,
CompleteGumtreeMatcher,2,2,1,0,0,1,0,0,3,3,0,0.899,,1900,,,,,5,,,
CompleteGumtreeMatcher,2,2,1,0,0,1,0,0,4,3,0,0.899,,2000,,,,,5,,,
CompleteGumtreeMatcher,2,2,1,0,0,1,0,0,3,3,0,0.999,,100,,,,,1,,,
CompleteGumtreeMatcher,2,2,1,0,0,1,0,0,4,3,0,0.999,,200,,,,,1,,,
CompleteGumtreeMatcher,2,2,1,0,0,1,0,0,2,3,0,0.999,,300,,,,,1,,,
CompleteGumtreeMatcher,2,2,1,0,0,1,0,0,3,3,0,0.999,,400,,,,,1,,,
CompleteGumtreeMatcher,2,2,1,0,0,1,0,0,2,3,0,0.999,,500,,,,,1,,,
CompleteGumtreeMatcher,2,2,1,0,0,1,0,0,3,3,0,0.999,,600,,,,,1,,,
CompleteGumtreeMatcher,2,2,1,0,0,1,0,0,4,3,0,0.999,,700,,,,,1,,,
CompleteGumtreeMatcher,2,2,1,0,0,1,0,0,3,3,0,0.999,,800,,,,,1,,,
CompleteGumtreeMatcher,2,2,1,0,0,1,0,0,3,3,0,0.999,,900,,,,,1,,,
CompleteGumtreeMatcher,2,2,1,0,0,1,0,0,3,3,0,0.999,,1000,,,,,1,,,
CompleteGumtreeMatcher,2,2,1,0,0,1,0,0,3,3,0,0.999,,1100,,,,,1,,,
CompleteGumtreeMatcher,2,2,1,0,0,1,0,0,3,3,0,0.999,,1200,,,,,1,,,
CompleteGumtreeMatcher,2,2,1,0,0,1,0,0,3,3,0,0.999,,1300,,,,,1,,,
CompleteGumtreeMatcher,2,2,1,0,0,1,0,0,6,3,0,0.999,,1400,,,,,1,,,
CompleteGumtreeMatcher,2,2,1,0,0,1,0,0,6,3,0,0.999,,1500,,,,,1,,,
CompleteGumtreeMatcher,2,2,1,0,0,1,0,0,4,3,0,0.999,,1600,,,,,1,,,
CompleteGumtreeMatcher,2,2,1,0,0,1,0,0,3,3,0,0.999,,1700,,,,,1,,,
CompleteGumtreeMatcher,2,2,1,0,0,1,0,0,3,3,0,0.999,,1800,,,,,1,,,
CompleteGumtreeMatcher,2,2,1,0,0,1,0,0,4,3,0,0.999,,1900,,,,,1,,,
CompleteGumtreeMatcher,2,2,1,0,0,1,0,0,4,3,0,0.999,,2000,,,,,1,,,
CompleteGumtreeMatcher,2,2,1,0,0,1,0,0,3,3,0,0.999,,100,,,,,2,,,
CompleteGumtreeMatcher,2,2,1,0,0,1,0,0,4,3,0,0.999,,200,,,,,2,,,
CompleteGumtreeMatcher,2,2,1,0,0,1,0,0,4,3,0,0.999,,300,,,,,2,,,
CompleteGumtreeMatcher,2,2,1,0,0,1,0,0,2,3,0,0.999,,400,,,,,2,,,
CompleteGumtreeMatcher,2,2,1,0,0,1,0,0,3,3,0,0.999,,500,,,,,2,,,
CompleteGumtreeMatcher,2,2,1,0,0,1,0,0,4,3,0,0.999,,600,,,,,2,,,
CompleteGumtreeMatcher,2,2,1,0,0,1,0,0,3,3,0,0.999,,700,,,,,2,,,
CompleteGumtreeMatcher,2,2,1,0,0,1,0,0,2,3,0,0.999,,800,,,,,2,,,
CompleteGumtreeMatcher,2,2,1,0,0,1,0,0,3,3,0,0.999,,900,,,,,2,,,
CompleteGumtreeMatcher,2,2,1,0,0,1,0,0,3,3,0,0.999,,1000,,,,,2,,,
CompleteGumtreeMatcher,2,2,1,0,0,1,0,0,4,3,0,0.999,,1100,,,,,2,,,
CompleteGumtreeMatcher,2,2,1,0,0,1,0,0,4,3,0,0.999,,1200,,,,,2,,,
CompleteGumtreeMatcher,2,2,1,0,0,1,0,0,3,3,0,0.999,,1300,,,,,2,,,
CompleteGumtreeMatcher,2,2,1,0,0,1,0,0,3,3,0,0.999,,1400,,,,,2,,,
CompleteGumtreeMatcher,2,2,1,0,0,1,0,0,4,3,0,0.999,,1500,,,,,2,,,
CompleteGumtreeMatcher,2,2,1,0,0,1,0,0,3,3,0,0.999,,1600,,,,,2,,,
CompleteGumtreeMatcher,2,2,1,0,0,1,0,0,3,3,0,0.999,,1700,,,,,2,,,
CompleteGumtreeMatcher,2,2,1,0,0,1,0,0,3,3,0,0.999,,1800,,,,,2,,,
CompleteGumtreeMatcher,2,2,1,0,0,1,0,0,4,3,0,0.999,,1900,,,,,2,,,
CompleteGumtreeMatcher,2,2,1,0,0,1,0,0,3,3,0,0.999,,2000,,,,,2,,,
CompleteGumtreeMatcher,2,2,1,0,0,1,0,0,3,3,0,0.999,,100,,,,,3,,,
CompleteGumtreeMatcher,2,2,1,0,0,1,0,0,4,3,0,0.999,,200,,,,,3,,,
CompleteGumtreeMatcher,2,2,1,0,0,1,0,0,3,3,0,0.999,,300,,,,,3,,,
CompleteGumtreeMatcher,2,2,1,0,0,1,0,0,4,3,0,0.999,,400,,,,,3,,,
CompleteGumtreeMatcher,2,2,1,0,0,1,0,0,4,3,0,0.999,,500,,,,,3,,,
CompleteGumtreeMatcher,2,2,1,0,0,1,0,0,3,3,0,0.999,,600,,,,,3,,,
CompleteGumtreeMatcher,2,2,1,0,0,1,0,0,3,3,0,0.999,,700,,,,,3,,,
CompleteGumtreeMatcher,2,2,1,0,0,1,0,0,4,3,0,0.999,,800,,,,,3,,,
CompleteGumtreeMatcher,2,2,1,0,0,1,0,0,3,3,0,0.999,,900,,,,,3,,,
CompleteGumtreeMatcher,2,2,1,0,0,1,0,0,3,3,0,0.999,,1000,,,,,3,,,
CompleteGumtreeMatcher,2,2,1,0,0,1,0,0,4,3,0,0.999,,1100,,,,,3,,,
CompleteGumtreeMatcher,2,2,1,0,0,1,0,0,3,3,0,0.999,,1200,,,,,3,,,
CompleteGumtreeMatcher,2,2,1,0,0,1,0,0,3,3,0,0.999,,1300,,,,,3,,,
CompleteGumtreeMatcher,2,2,1,0,0,1,0,0,3,3,0,0.999,,1400,,,,,3,,,
CompleteGumtreeMatcher,2,2,1,0,0,1,0,0,3,3,0,0.999,,1500,,,,,3,,,
CompleteGumtreeMatcher,2,2,1,0,0,1,0,0,3,3,0,0.999,,1600,,,,,3,,,
CompleteGumtreeMatcher,2,2,1,0,0,1,0,0,4,3,0,0.999,,1700,,,,,3,,,
CompleteGumtreeMatcher,2,2,1,0,0,1,0,0,2,3,0,0.999,,1800,,,,,3,,,
CompleteGumtreeMatcher,2,2,1,0,0,1,0,0,3,3,0,0.999,,1900,,,,,3,,,
CompleteGumtreeMatcher,2,2,1,0,0,1,0,0,3,3,0,0.999,,2000,,,,,3,,,
CompleteGumtreeMatcher,2,2,1,0,0,1,0,0,2,3,0,0.999,,100,,,,,4,,,
CompleteGumtreeMatcher,2,2,1,0,0,1,0,0,3,3,0,0.999,,200,,,,,4,,,
CompleteGumtreeMatcher,2,2,1,0,0,1,0,0,3,3,0,0.999,,300,,,,,4,,,
CompleteGumtreeMatcher,2,2,1,0,0,1,0,0,3,3,0,0.999,,400,,,,,4,,,
CompleteGumtreeMatcher,2,2,1,0,0,1,0,0,4,3,0,0.999,,500,,,,,4,,,
CompleteGumtreeMatcher,2,2,1,0,0,1,0,0,4,3,0,0.999,,600,,,,,4,,,
CompleteGumtreeMatcher,2,2,1,0,0,1,0,0,3,3,0,0.999,,700,,,,,4,,,
CompleteGumtreeMatcher,2,2,1,0,0,1,0,0,3,3,0,0.999,,800,,,,,4,,,
CompleteGumtreeMatcher,2,2,1,0,0,1,0,0,4,3,0,0.999,,900,,,,,4,,,
CompleteGumtreeMatcher,2,2,1,0,0,1,0,0,3,3,0,0.999,,1000,,,,,4,,,
CompleteGumtreeMatcher,2,2,1,0,0,1,0,0,4,3,0,0.999,,1100,,,,,4,,,
CompleteGumtreeMatcher,2,2,1,0,0,1,0,0,3,3,0,0.999,,1200,,,,,4,,,
CompleteGumtreeMatcher,2,2,1,0,0,1,0,0,4,3,0,0.999,,1300,,,,,4,,,
CompleteGumtreeMatcher,2,2,1,0,0,1,0,0,3,3,0,0.999,,1400,,,,,4,,,
CompleteGumtreeMatcher,2,2,1,0,0,1,0,0,4,3,0,0.999,,1500,,,,,4,,,
CompleteGumtreeMatcher,2,2,1,0,0,1,0,0,3,3,0,0.999,,1600,,,,,4,,,
CompleteGumtreeMatcher,2,2,1,0,0,1,0,0,3,3,0,0.999,,1700,,,,,4,,,
CompleteGumtreeMatcher,2,2,1,0,0,1,0,0,3,3,0,0.999,,1800,,,,,4,,,
CompleteGumtreeMatcher,2,2,1,0,0,1,0,0,3,3,0,0.999,,1900,,,,,4,,,
CompleteGumtreeMatcher,2,2,1,0,0,1,0,0,3,3,0,0.999,,2000,,,,,4,,,
CompleteGumtreeMatcher,2,2,1,0,0,1,0,0,3,3,0,0.999,,100,,,,,5,,,
CompleteGumtreeMatcher,2,2,1,0,0,1,0,0,4,3,0,0.999,,200,,,,,5,,,
CompleteGumtreeMatcher,2,2,1,0,0,1,0,0,2,3,0,0.999,,300,,,,,5,,,
CompleteGumtreeMatcher,2,2,1,0,0,1,0,0,3,3,0,0.999,,400,,,,,5,,,
CompleteGumtreeMatcher,2,2,1,0,0,1,0,0,2,3,0,0.999,,500,,,,,5,,,
CompleteGumtreeMatcher,2,2,1,0,0,1,0,0,3,3,0,0.999,,600,,,,,5,,,
CompleteGumtreeMatcher,2,2,1,0,0,1,0,0,3,3,0,0.999,,700,,,,,5,,,
CompleteGumtreeMatcher,2,2,1,0,0,1,0,0,3,3,0,0.999,,800,,,,,5,,,
CompleteGumtreeMatcher,2,2,1,0,0,1,0,0,4,3,0,0.999,,900,,,,,5,,,
CompleteGumtreeMatcher,2,2,1,0,0,1,0,0,3,3,0,0.999,,1000,,,,,5,,,
CompleteGumtreeMatcher,2,2,1,0,0,1,0,0,4,3,0,0.999,,1100,,,,,5,,,
CompleteGumtreeMatcher,2,2,1,0,0,1,0,0,3,3,0,0.999,,1200,,,,,5,,,
CompleteGumtreeMatcher,2,2,1,0,0,1,0,0,3,3,0,0.999,,1300,,,,,5,,,
CompleteGumtreeMatcher,2,2,1,0,0,1,0,0,4,3,0,0.999,,1400,,,,,5,,,
CompleteGumtreeMatcher,2,2,1,0,0,1,0,0,3,3,0,0.999,,1500,,,,,5,,,
CompleteGumtreeMatcher,2,2,1,0,0,1,0,0,3,3,0,0.999,,1600,,,,,5,,,
CompleteGumtreeMatcher,2,2,1,0,0,1,0,0,4,3,0,0.999,,1700,,,,,5,,,
CompleteGumtreeMatcher,2,2,1,0,0,1,0,0,4,3,0,0.999,,1800,,,,,5,,,
CompleteGumtreeMatcher,2,2,1,0,0,1,0,0,3,3,0,0.999,,1900,,,,,5,,,
CompleteGumtreeMatcher,2,2,1,0,0,1,0,0,3,3,0,0.999,,2000,,,,,5,,,
ChangeDistiller,22,22,2,1,10,9,0,0,10,4,0,,,,0.1,2,0.2,0.1,,,,
ChangeDistiller,22,22,2,1,10,9,0,0,10,4,0,,,,0.1,4,0.2,0.1,,,,
ChangeDistiller,22,22,2,1,10,9,0,0,10,4,0,,,,0.1,6,0.2,0.1,,,,
ChangeDistiller,22,22,2,1,10,9,0,0,20,4,0,,,,0.1,2,0.4,0.1,,,,
ChangeDistiller,22,22,2,1,10,9,0,0,20,4,0,,,,0.1,4,0.4,0.1,,,,
ChangeDistiller,22,22,2,1,10,9,0,0,10,4,0,,,,0.1,6,0.4,0.1,,,,
ChangeDistiller,25,25,3,2,10,10,0,0,11,4,0,,,,0.1,2,0.6,0.1,,,,
ChangeDistiller,22,22,2,1,10,9,0,0,11,4,0,,,,0.1,4,0.6,0.1,,,,
ChangeDistiller,22,22,2,1,10,9,0,0,20,4,0,,,,0.1,6,0.6,0.1,,,,
ChangeDistiller,29,27,4,3,10,12,0,0,20,4,0,,,,0.1,2,0.8,0.1,,,,
ChangeDistiller,22,22,2,1,10,9,0,0,11,4,0,,,,0.1,4,0.8,0.1,,,,
ChangeDistiller,22,22,2,1,10,9,0,0,11,4,0,,,,0.1,6,0.8,0.1,,,,
ChangeDistiller,42,38,5,3,10,24,0,0,11,4,0,,,,0.1,4,1.0,0.1,,,,
ChangeDistiller,42,38,5,3,10,24,0,0,10,4,0,,,,0.1,6,1.0,0.1,,,,
ChangeDistiller,20,19,1,0,12,7,0,0,10,4,0,,,,0.3,2,0.2,0.1,,,,
ChangeDistiller,20,19,1,0,12,7,0,0,20,4,0,,,,0.3,4,0.2,0.1,,,,
ChangeDistiller,20,19,1,0,12,7,0,0,20,4,0,,,,0.3,6,0.2,0.1,,,,
ChangeDistiller,22,21,2,1,11,8,0,0,21,4,0,,,,0.3,2,0.4,0.1,,,,
ChangeDistiller,20,19,1,0,12,7,0,0,21,4,0,,,,0.3,4,0.4,0.1,,,,
ChangeDistiller,20,19,1,0,12,7,0,0,10,4,0,,,,0.3,6,0.4,0.1,,,,
ChangeDistiller,22,21,2,1,11,8,0,0,10,4,0,,,,0.3,2,0.6,0.1,,,,
ChangeDistiller,20,19,1,0,12,7,0,0,10,4,0,,,,0.3,4,0.6,0.1,,,,
ChangeDistiller,20,19,1,0,12,7,0,0,10,4,0,,,,0.3,6,0.6,0.1,,,,
ChangeDistiller,22,21,2,1,11,8,0,0,10,4,0,,,,0.3,2,0.8,0.1,,,,
ChangeDistiller,20,19,1,0,12,7,0,0,11,4,0,,,,0.3,4,0.8,0.1,,,,
ChangeDistiller,20,19,1,0,12,7,0,0,11,4,0,,,,0.3,6,0.8,0.1,,,,
ChangeDistiller,42,35,5,4,11,22,0,0,11,4,0,,,,0.3,2,1.0,0.1,,,,
ChangeDistiller,41,36,4,3,12,22,0,0,11,4,0,,,,0.3,4,1.0,0.1,,,,
ChangeDistiller,41,36,4,3,12,22,0,0,11,4,0,,,,0.3,6,1.0,0.1,,,,
ChangeDistiller,18,17,1,0,10,7,0,0,11,4,0,,,,0.5,2,0.2,0.1,,,,
ChangeDistiller,18,17,1,0,10,7,0,0,10,4,0,,,,0.5,4,0.2,0.1,,,,
ChangeDistiller,18,17,1,0,10,7,0,0,20,4,0,,,,0.5,6,0.2,0.1,,,,
ChangeDistiller,20,19,2,1,9,8,0,0,20,4,0,,,,0.5,2,0.4,0.1,,,,
ChangeDistiller,18,17,1,0,10,7,0,0,19,4,0,,,,0.5,4,0.4,0.1,,,,
ChangeDistiller,18,17,1,0,10,7,0,0,19,4,0,,,,0.5,6,0.4,0.1,,,,
ChangeDistiller,20,19,2,1,9,8,0,0,10,4,0,,,,0.5,2,0.6,0.1,,,,
ChangeDistiller,18,17,1,0,10,7,0,0,10,4,0,,,,0.5,4,0.6,0.1,,,,
ChangeDistiller,18,17,1,0,10,7,0,0,10,4,0,,,,0.5,6,0.6,0.1,,,,
ChangeDistiller,20,19,2,1,9,8,0,0,10,4,0,,,,0.5,2,0.8,0.1,,,,
ChangeDistiller,18,17,1,0,10,7,0,0,10,4,0,,,,0.5,4,0.8,0.1,,,,
ChangeDistiller,18,17,1,0,10,7,0,0,10,4,0,,,,0.5,6,0.8,0.1,,,,
ChangeDistiller,40,33,5,4,9,22,0,0,10,4,0,,,,0.5,2,1.0,0.1,,,,
ChangeDistiller,39,34,4,3,10,22,0,0,10,4,0,,,,0.5,4,1.0,0.1,,,,
ChangeDistiller,39,34,4,3,10,22,0,0,10,4,0,,,,0.5,6,1.0,0.1,,,,
ChangeDistiller,2,2,1,0,0,1,0,0,3,4,0,,,,0.7,2,0.2,0.1,,,,
ChangeDistiller,2,2,1,0,0,1,0,0,3,4,0,,,,0.7,4,0.2,0.1,,,,
ChangeDistiller,2,2,1,0,0,1,0,0,3,4,0,,,,0.7,6,0.2,0.1,,,,
ChangeDistiller,2,2,1,0,0,1,0,0,3,4,0,,,,0.7,2,0.4,0.1,,,,
ChangeDistiller,2,2,1,0,0,1,0,0,3,4,0,,,,0.7,4,0.4,0.1,,,,
ChangeDistiller,2,2,1,0,0,1,0,0,3,4,0,,,,0.7,6,0.4,0.1,,,,
ChangeDistiller,2,2,1,0,0,1,0,0,3,4,0,,,,0.7,2,0.6,0.1,,,,
ChangeDistiller,2,2,1,0,0,1,0,0,3,4,0,,,,0.7,4,0.6,0.1,,,,
ChangeDistiller,2,2,1,0,0,1,0,0,3,4,0,,,,0.7,6,0.6,0.1,,,,
ChangeDistiller,2,2,1,0,0,1,0,0,6,4,0,,,,0.7,2,0.8,0.1,,,,
ChangeDistiller,2,2,1,0,0,1,0,0,6,4,0,,,,0.7,4,0.8,0.1,,,,
ChangeDistiller,2,2,1,0,0,1,0,0,6,4,0,,,,0.7,6,0.8,0.1,,,,
ChangeDistiller,26,20,5,4,0,17,0,0,6,4,0,,,,0.7,2,1.0,0.1,,,,
ChangeDistiller,23,19,4,3,0,16,0,0,3,4,0,,,,0.7,4,1.0,0.1,,,,
ChangeDistiller,23,19,4,3,0,16,0,0,3,4,0,,,,0.7,6,1.0,0.1,,,,
ChangeDistiller,2,2,1,0,0,1,0,0,3,4,0,,,,0.899,2,0.2,0.1,,,,
ChangeDistiller,2,2,1,0,0,1,0,0,3,4,0,,,,0.899,4,0.2,0.1,,,,
ChangeDistiller,2,2,1,0,0,1,0,0,3,4,0,,,,0.899,6,0.2,0.1,,,,
ChangeDistiller,2,2,1,0,0,1,0,0,3,4,0,,,,0.899,2,0.4,0.1,,,,
ChangeDistiller,2,2,1,0,0,1,0,0,3,4,0,,,,0.899,4,0.4,0.1,,,,
ChangeDistiller,2,2,1,0,0,1,0,0,3,4,0,,,,0.899,6,0.4,0.1,,,,
ChangeDistiller,2,2,1,0,0,1,0,0,3,4,0,,,,0.899,2,0.6,0.1,,,,
ChangeDistiller,2,2,1,0,0,1,0,0,3,4,0,,,,0.899,4,0.6,0.1,,,,
ChangeDistiller,2,2,1,0,0,1,0,0,3,4,0,,,,0.899,6,0.6,0.1,,,,
ChangeDistiller,2,2,1,0,0,1,0,0,3,4,0,,,,0.899,2,0.8,0.1,,,,
ChangeDistiller,2,2,1,0,0,1,0,0,5,4,0,,,,0.899,4,0.8,0.1,,,,
ChangeDistiller,2,2,1,0,0,1,0,0,5,4,0,,,,0.899,6,0.8,0.1,,,,
ChangeDistiller,26,20,5,4,0,17,0,0,5,4,0,,,,0.899,2,1.0,0.1,,,,
ChangeDistiller,23,19,4,3,0,16,0,0,6,4,0,,,,0.899,4,1.0,0.1,,,,
ChangeDistiller,23,19,4,3,0,16,0,0,3,4,0,,,,0.899,6,1.0,0.1,,,,
ChangeDistiller,22,22,2,1,10,9,0,0,10,4,0,,,,0.1,2,0.2,0.3,,,,
ChangeDistiller,22,22,2,1,10,9,0,0,10,4,0,,,,0.1,4,0.2,0.3,,,,
ChangeDistiller,22,22,2,1,10,9,0,0,11,4,0,,,,0.1,6,0.2,0.3,,,,
ChangeDistiller,22,22,2,1,10,9,0,0,11,4,0,,,,0.1,2,0.4,0.3,,,,
ChangeDistiller,22,22,2,1,10,9,0,0,11,4,0,,,,0.1,4,0.4,0.3,,,,
ChangeDistiller,22,22,2,1,10,9,0,0,10,4,0,,,,0.1,6,0.4,0.3,,,,
ChangeDistiller,25,25,3,2,10,10,0,0,20,4,0,,,,0.1,2,0.6,0.3,,,,
ChangeDistiller,22,22,2,1,10,9,0,0,21,4,0,,,,0.1,4,0.6,0.3,,,,
ChangeDistiller,22,22,2,1,10,9,0,0,21,4,0,,,,0.1,6,0.6,0.3,,,,
ChangeDistiller,29,27,4,3,10,12,0,0,20,4,0,,,,0.1,2,0.8,0.3,,,,
ChangeDistiller,22,22,2,1,10,9,0,0,11,4,0,,,,0.1,4,0.8,0.3,,,,
ChangeDistiller,22,22,2,1,10,9,0,0,11,4,0,,,,0.1,6,0.8,0.3,,,,
ChangeDistiller,48,38,7,6,10,25,0,0,10,4,0,,,,0.1,2,1.0,0.3,,,,
ChangeDistiller,42,38,5,3,10,24,0,0,10,4,0,,,,0.1,4,1.0,0.3,,,,
ChangeDistiller,42,38,5,3,10,24,0,0,11,4,0,,,,0.1,6,1.0,0.3,,,,
ChangeDistiller,24,22,3,2,10,9,0,0,11,4,0,,,,0.3,2,0.2,0.3,,,,
ChangeDistiller,24,22,3,2,10,9,0,0,10,4,0,,,,0.3,4,0.2,0.3,,,,
ChangeDistiller,24,22,3,2,10,9,0,0,11,4,0,,,,0.3,6,0.2,0.3,,,,
ChangeDistiller,24,22,3,2,10,9,0,0,11,4,0,,,,0.3,2,0.4,0.3,,,,
ChangeDistiller,24,22,3,2,10,9,0,0,11,4,0,,,,0.3,4,0.4,0.3,,,,
ChangeDistiller,24,22,3,2,10,9,0,0,10,4,0,,,,0.3,6,0.4,0.3,,,,
ChangeDistiller,27,25,4,3,10,10,0,0,11,4,0,,,,0.3,2,0.6,0.3,,,,
ChangeDistiller,24,22,3,2,10,9,0,0,21,4,0,,,,0.3,4,0.6,0.3,,,,
ChangeDistiller,24,22,3,2,10,9,0,0,20,4,0,,,,0.3,6,0.6,0.3,,,,
ChangeDistiller,27,25,4,3,10,10,0,0,20,4,0,,,,0.3,2,0.8,0.3,,,,
ChangeDistiller,24,22,3,2,10,9,0,0,20,4,0,,,,0.3,4,0.8,0.3,,,,
ChangeDistiller,24,22,3,2,10,9,0,0,11,4,0,,,,0.3,6,0.8,0.3,,,,
ChangeDistiller,46,36,7,6,10,23,0,0,10,4,0,,,,0.3,2,1.0,0.3,,,,
ChangeDistiller,44,36,6,5,10,23,0,0,10,4,0,,,,0.3,4,1.0,0.3,,,,
ChangeDistiller,44,36,6,5,10,23,0,0,10,4,0,,,,0.3,6,1.0,0.3,,,,
ChangeDistiller,22,20,3,2,8,9,0,0,10,4,0,,,,0.5,2,0.2,0.3,,,,
ChangeDistiller,22,20,3,2,8,9,0,0,10,4,0,,,,0.5,4,0.2,0.3,,,,
ChangeDistiller,22,20,3,2,8,9,0,0,10,4,0,,,,0.5,6,0.2,0.3,,,,
ChangeDistiller,22,20,3,2,8,9,0,0,10,4,0,,,,0.5,2,0.4,0.3,,,,
ChangeDistiller,22,20,3,2,8,9,0,0,10,4,0,,,,0.5,4,0.4,0.3,,,,
ChangeDistiller,22,20,3,2,8,9,0,0,11,4,0,,,,0.5,6,0.4,0.3,,,,
ChangeDistiller,25,23,4,3,8,10,0,0,11,4,0,,,,0.5,2,0.6,0.3,,,,
ChangeDistiller,22,20,3,2,8,9,0,0,10,4,0,,,,0.5,4,0.6,0.3,,,,
ChangeDistiller,22,20,3,2,8,9,0,0,18,4,0,,,,0.5,6,0.6,0.3,,,,
ChangeDistiller,25,23,4,3,8,10,0,0,20,4,0,,,,0.5,2,0.8,0.3,,,,
ChangeDistiller,22,20,3,2,8,9,0,0,20,4,0,,,,0.5,4,0.8,0.3,,,,
ChangeDistiller,22,20,3,2,8,9,0,0,18,4,0,,,,0.5,6,0.8,0.3,,,,
ChangeDistiller,44,34,7,6,8,23,0,0,10,4,0,,,,0.5,2,1.0,0.3,,,,
ChangeDistiller,42,34,6,5,8,23,0,0,11,4,0,,,,0.5,4,1.0,0.3,,,,
ChangeDistiller,42,34,6,5,8,23,0,0,11,4,0,,,,0.5,6,1.0,0.3,,,,
ChangeDistiller,2,2,1,0,0,1,0,0,3,4,0,,,,0.7,2,0.2,0.3,,,,
ChangeDistiller,2,2,1,0,0,1,0,0,3,4,0,,,,0.7,4,0.2,0.3,,,,
ChangeDistiller,2,2,1,0,0,1,0,0,3,4,0,,,,0.7,6,0.2,0.3,,,,
ChangeDistiller,2,2,1,0,0,1,0,0,2,4,0,,,,0.7,2,0.4,0.3,,,,
ChangeDistiller,2,2,1,0,0,1,0,0,3,4,0,,,,0.7,4,0.4,0.3,,,,
ChangeDistiller,2,2,1,0,0,1,0,0,3,4,0,,,,0.7,6,0.4,0.3,,,,
ChangeDistiller,2,2,1,0,0,1,0,0,3,4,0,,,,0.7,2,0.6,0.3,,,,
ChangeDistiller,2,2,1,0,0,1,0,0,2,4,0,,,,0.7,4,0.6,0.3,,,,
ChangeDistiller,2,2,1,0,0,1,0,0,3,4,0,,,,0.7,6,0.6,0.3,,,,
ChangeDistiller,2,2,1,0,0,1,0,0,3,4,0,,,,0.7,2,0.8,0.3,,,,
ChangeDistiller,2,2,1,0,0,1,0,0,3,4,0,,,,0.7,4,0.8,0.3,,,,
ChangeDistiller,2,2,1,0,0,1,0,0,3,4,0,,,,0.7,6,0.8,0.3,,,,
ChangeDistiller,26,20,5,4,0,17,0,0,2,4,0,,,,0.7,2,1.0,0.3,,,,
ChangeDistiller,23,19,4,3,0,16,0,0,2,4,0,,,,0.7,4,1.0,0.3,,,,
ChangeDistiller,23,19,4,3,0,16,0,0,3,4,0,,,,0.7,6,1.0,0.3,,,,
ChangeDistiller,2,2,1,0,0,1,0,0,3,4,0,,,,0.899,2,0.2,0.3,,,,
ChangeDistiller,2,2,1,0,0,1,0,0,3,4,0,,,,0.899,4,0.2,0.3,,,,
ChangeDistiller,2,2,1,0,0,1,0,0,5,4,0,,,,0.899,6,0.2,0.3,,,,
ChangeDistiller,2,2,1,0,0,1,0,0,5,4,0,,,,0.899,2,0.4,0.3,,,,
ChangeDistiller,2,2,1,0,0,1,0,0,3,4,0,,,,0.899,4,0.4,0.3,,,,
ChangeDistiller,2,2,1,0,0,1,0,0,3,4,0,,,,0.899,6,0.4,0.3,,,,
ChangeDistiller,2,2,1,0,0,1,0,0,3,4,0,,,,0.899,2,0.6,0.3,,,,
ChangeDistiller,2,2,1,0,0,1,0,0,3,4,0,,,,0.899,4,0.6,0.3,,,,
ChangeDistiller,2,2,1,0,0,1,0,0,2,4,0,,,,0.899,6,0.6,0.3,,,,
ChangeDistiller,2,2,1,0,0,1,0,0,3,4,0,,,,0.899,2,0.8,0.3,,,,
ChangeDistiller,2,2,1,0,0,1,0,0,3,4,0,,,,0.899,4,0.8,0.3,,,,
ChangeDistiller,2,2,1,0,0,1,0,0,3,4,0,,,,0.899,6,0.8,0.3,,,,
ChangeDistiller,26,20,5,4,0,17,0,0,2,4,0,,,,0.899,2,1.0,0.3,,,,
ChangeDistiller,23,19,4,3,0,16,0,0,3,4,0,,,,0.899,4,1.0,0.3,,,,
ChangeDistiller,23,19,4,3,0,16,0,0,3,4,0,,,,0.899,6,1.0,0.3,,,,
ChangeDistiller,22,22,2,1,10,9,0,0,11,4,0,,,,0.1,2,0.2,0.5,,,,
ChangeDistiller,22,22,2,1,10,9,0,0,11,4,0,,,,0.1,4,0.2,0.5,,,,
ChangeDistiller,22,22,2,1,10,9,0,0,11,4,0,,,,0.1,6,0.2,0.5,,,,
ChangeDistiller,22,22,2,1,10,9,0,0,10,4,0,,,,0.1,2,0.4,0.5,,,,
ChangeDistiller,22,22,2,1,10,9,0,0,10,4,0,,,,0.1,4,0.4,0.5,,,,
ChangeDistiller,22,22,2,1,10,9,0,0,9,4,0,,,,0.1,6,0.4,0.5,,,,
ChangeDistiller,25,25,3,2,10,10,0,0,21,4,0,,,,0.1,2,0.6,0.5,,,,
ChangeDistiller,22,22,2,1,10,9,0,0,21,4,0,,,,0.1,4,0.6,0.5,,,,
ChangeDistiller,22,22,2,1,10,9,0,0,11,4,0,,,,0.1,6,0.6,0.5,,,,
ChangeDistiller,29,27,4,3,10,12,0,0,11,4,0,,,,0.1,2,0.8,0.5,,,,
ChangeDistiller,22,22,2,1,10,9,0,0,8,4,0,,,,0.1,4,0.8,0.5,,,,
ChangeDistiller,22,22,2,1,10,9,0,0,10,4,0,,,,0.1,6,0.8,0.5,,,,
ChangeDistiller,48,38,7,6,10,25,0,0,10,4,0,,,,0.1,2,1.0,0.5,,,,
ChangeDistiller,42,38,5,3,10,24,0,0,10,4,0,,,,0.1,4,1.0,0.5,,,,
ChangeDistiller,42,38,5,3,10,24,0,0,10,4,0,,,,0.1,6,1.0,0.5,,,,
ChangeDistiller,24,22,3,2,10,9,0,0,11,4,0,,,,0.3,2,0.2,0.5,,,,
ChangeDistiller,24,22,3,2,10,9,0,0,10,4,0,,,,0.3,4,0.2,0.5,,,,
ChangeDistiller,24,22,3,2,10,9,0,0,10,4,0,,,,0.3,6,0.2,0.5,,,,
ChangeDistiller,24,22,3,2,10,9,0,0,8,4,0,,,,0.3,2,0.4,0.5,,,,
ChangeDistiller,24,22,3,2,10,9,0,0,11,4,0,,,,0.3,4,0.4,0.5,,,,
ChangeDistiller,24,22,3,2,10,9,0,0,11,4,0,,,,0.3,6,0.4,0.5,,,,
ChangeDistiller,27,25,4,3,10,10,0,0,11,4,0,,,,0.3,2,0.6,0.5,,,,
ChangeDistiller,24,22,3,2,10,9,0,0,11,4,0,,,,0.3,4,0.6,0.5,,,,
ChangeDistiller,24,22,3,2,10,9,0,0,10,4,0,,,,0.3,6,0.6,0.5,,,,
ChangeDistiller,27,25,4,3,10,10,0,0,20,4,0,,,,0.3,2,0.8,0.5,,,,
ChangeDistiller,24,22,3,2,10,9,0,0,20,4,0,,,,0.3,4,0.8,0.5,,,,
ChangeDistiller,24,22,3,2,10,9,0,0,11,4,0,,,,0.3,6,0.8,0.5,,,,
ChangeDistiller,46,36,7,6,10,23,0,0,11,4,0,,,,0.3,2,1.0,0.5,,,,
ChangeDistiller,44,36,6,5,10,23,0,0,8,4,0,,,,0.3,4,1.0,0.5,,,,
ChangeDistiller,44,36,6,5,10,23,0,0,10,4,0,,,,0.3,6,1.0,0.5,,,,
ChangeDistiller,22,20,3,2,8,9,0,0,10,4,0,,,,0.5,2,0.2,0.5,,,,
ChangeDistiller,22,20,3,2,8,9,0,0,10,4,0,,,,0.5,4,0.2,0.5,,,,
ChangeDistiller,22,20,3,2,8,9,0,0,10,4,0,,,,0.5,6,0.2,0.5,,,,
ChangeDistiller,22,20,3,2,8,9,0,0,10,4,0,,,,0.5,2,0.4,0.5,,,,
ChangeDistiller,22,20,3,2,8,9,0,0,10,4,0,,,,0.5,4,0.4,0.5,,,,
ChangeDistiller,22,20,3,2,8,9,0,0,10,4,0,,,,0.5,6,0.4,0.5,,,,
ChangeDistiller,25,23,4,3,8,10,0,0,8,4,0,,,,0.5,2,0.6,0.5,,,,
ChangeDistiller,22,20,3,2,8,9,0,0,10,4,0,,,,0.5,4,0.6,0.5,,,,
ChangeDistiller,22,20,3,2,8,9,0,0,11,4,0,,,,0.5,6,0.6,0.5,,,,
ChangeDistiller,25,23,4,3,8,10,0,0,10,4,0,,,,0.5,2,0.8,0.5,,,,
ChangeDistiller,22,20,3,2,8,9,0,0,10,4,0,,,,0.5,4,0.8,0.5,,,,
ChangeDistiller,22,20,3,2,8,9,0,0,10,4,0,,,,0.5,6,0.8,0.5,,,,
ChangeDistiller,44,34,7,6,8,23,0,0,24,4,0,,,,0.5,2,1.0,0.5,,,,
ChangeDistiller,42,34,6,5,8,23,0,0,24,4,0,,,,0.5,4,1.0,0.5,,,,
ChangeDistiller,42,34,6,5,8,23,0,0,8,4,0,,,,0.5,6,1.0,0.5,,,,
ChangeDistiller,2,2,1,0,0,1,0,0,3,4,0,,,,0.7,2,0.2,0.5,,,,
ChangeDistiller,2,2,1,0,0,1,0,0,3,4,0,,,,0.7,4,0.2,0.5,,,,
ChangeDistiller,2,2,1,0,0,1,0,0,3,4,0,,,,0.7,6,0.2,0.5,,,,
ChangeDistiller,2,2,1,0,0,1,0,0,3,4,0,,,,0.7,2,0.4,0.5,,,,
ChangeDistiller,2,2,1,0,0,1,0,0,3,4,0,,,,0.7,4,0.4,0.5,,,,
ChangeDistiller,2,2,1,0,0,1,0,0,3,4,0,,,,0.7,6,0.4,0.5,,,,
ChangeDistiller,2,2,1,0,0,1,0,0,3,4,0,,,,0.7,2,0.6,0.5,,,,
ChangeDistiller,2,2,1,0,0,1,0,0,2,4,0,,,,0.7,4,0.6,0.5,,,,
ChangeDistiller,2,2,1,0,0,1,0,0,2,4,0,,,,0.7,6,0.6,0.5,,,,
ChangeDistiller,2,2,1,0,0,1,0,0,3,4,0,,,,0.7,2,0.8,0.5,,,,
ChangeDistiller,2,2,1,0,0,1,0,0,3,4,0,,,,0.7,4,0.8,0.5,,,,
ChangeDistiller,2,2,1,0,0,1,0,0,3,4,0,,,,0.7,6,0.8,0.5,,,,
ChangeDistiller,26,20,5,4,0,17,0,0,2,4,0,,,,0.7,2,1.0,0.5,,,,
ChangeDistiller,23,19,4,3,0,16,0,0,3,4,0,,,,0.7,4,1.0,0.5,,,,
ChangeDistiller,23,19,4,3,0,16,0,0,2,4,0,,,,0.7,6,1.0,0.5,,,,
ChangeDistiller,2,2,1,0,0,1,0,0,3,4,0,,,,0.899,2,0.2,0.5,,,,
ChangeDistiller,2,2,1,0,0,1,0,0,3,4,0,,,,0.899,4,0.2,0.5,,,,
ChangeDistiller,2,2,1,0,0,1,0,0,7,4,0,,,,0.899,6,0.2,0.5,,,,
ChangeDistiller,2,2,1,0,0,1,0,0,8,4,0,,,,0.899,2,0.4,0.5,,,,
ChangeDistiller,2,2,1,0,0,1,0,0,8,4,0,,,,0.899,4,0.4,0.5,,,,
ChangeDistiller,2,2,1,0,0,1,0,0,7,4,0,,,,0.899,6,0.4,0.5,,,,
ChangeDistiller,2,2,1,0,0,1,0,0,7,4,0,,,,0.899,2,0.6,0.5,,,,
ChangeDistiller,2,2,1,0,0,1,0,0,7,4,0,,,,0.899,4,0.6,0.5,,,,
ChangeDistiller,2,2,1,0,0,1,0,0,7,4,0,,,,0.899,6,0.6,0.5,,,,
ChangeDistiller,2,2,1,0,0,1,0,0,8,4,0,,,,0.899,2,0.8,0.5,,,,
ChangeDistiller,2,2,1,0,0,1,0,0,3,4,0,,,,0.899,4,0.8,0.5,,,,
ChangeDistiller,2,2,1,0,0,1,0,0,2,4,0,,,,0.899,6,0.8,0.5,,,,
ChangeDistiller,26,20,5,4,0,17,0,0,3,4,0,,,,0.899,2,1.0,0.5,,,,
ChangeDistiller,23,19,4,3,0,16,0,0,3,4,0,,,,0.899,4,1.0,0.5,,,,
ChangeDistiller,23,19,4,3,0,16,0,0,3,4,0,,,,0.899,6,1.0,0.5,,,,
ChangeDistiller,42,39,8,7,11,16,0,0,9,4,0,,,,0.1,2,0.2,0.7,,,,
ChangeDistiller,45,40,10,9,10,16,0,0,11,4,0,,,,0.1,4,0.2,0.7,,,,
ChangeDistiller,45,40,10,9,10,16,0,0,10,4,0,,,,0.1,6,0.2,0.7,,,,
ChangeDistiller,39,38,8,7,10,14,0,0,11,4,0,,,,0.1,2,0.4,0.7,,,,
ChangeDistiller,45,40,10,9,10,16,0,0,11,4,0,,,,0.1,4,0.4,0.7,,,,
ChangeDistiller,45,40,10,9,10,16,0,0,10,4,0,,,,0.1,6,0.4,0.7,,,,
ChangeDistiller,41,38,9,8,10,14,0,0,10,4,0,,,,0.1,2,0.6,0.7,,,,
ChangeDistiller,45,40,10,9,10,16,0,0,11,4,0,,,,0.1,4,0.6,0.7,,,,
ChangeDistiller,45,40,10,9,10,16,0,0,21,4,0,,,,0.1,6,0.6,0.7,,,,
ChangeDistiller,59,36,13,12,10,24,0,0,8,4,0,,,,0.1,4,0.8,0.7,,,,
ChangeDistiller,59,36,13,12,10,24,0,0,10,4,0,,,,0.1,6,0.8,0.7,,,,
ChangeDistiller,59,36,13,12,10,24,0,0,11,4,0,,,,0.1,2,1.0,0.7,,,,
ChangeDistiller,59,36,13,12,10,24,0,0,10,4,0,,,,0.1,4,1.0,0.7,,,,
ChangeDistiller,59,36,13,12,10,24,0,0,11,4,0,,,,0.1,6,1.0,0.7,,,,
ChangeDistiller,38,35,8,7,10,13,0,0,11,4,0,,,,0.3,2,0.2,0.7,,,,
ChangeDistiller,40,35,9,8,10,13,0,0,11,4,0,,,,0.3,4,0.2,0.7,,,,
ChangeDistiller,40,35,9,8,10,13,0,0,10,4,0,,,,0.3,6,0.2,0.7,,,,
ChangeDistiller,38,35,8,7,10,13,0,0,9,4,0,,,,0.3,2,0.4,0.7,,,,
ChangeDistiller,40,35,9,8,10,13,0,0,11,4,0,,,,0.3,4,0.4,0.7,,,,
ChangeDistiller,40,35,9,8,10,13,0,0,10,4,0,,,,0.3,6,0.4,0.7,,,,
ChangeDistiller,40,35,9,8,10,13,0,0,11,4,0,,,,0.3,2,0.6,0.7,,,,
ChangeDistiller,40,35,9,8,10,13,0,0,10,4,0,,,,0.3,4,0.6,0.7,,,,
ChangeDistiller,40,35,9,8,10,13,0,0,20,4,0,,,,0.3,6,0.6,0.7,,,,
ChangeDistiller,40,35,9,8,10,13,0,0,10,4,0,,,,0.3,2,0.8,0.7,,,,
ChangeDistiller,40,35,9,8,10,13,0,0,20,4,0,,,,0.3,4,0.8,0.7,,,,
ChangeDistiller,40,35,9,8,10,13,0,0,11,4,0,,,,0.3,6,0.8,0.7,,,,
ChangeDistiller,55,34,12,11,10,22,0,0,11,4,0,,,,0.3,2,1.0,0.7,,,,
ChangeDistiller,55,34,12,11,10,22,0,0,8,4,0,,,,0.3,4,1.0,0.7,,,,
ChangeDistiller,55,34,12,11,10,22,0,0,11,4,0,,,,0.3,6,1.0,0.7,,,,
ChangeDistiller,36,33,8,7,8,13,0,0,10,4,0,,,,0.5,2,0.2,0.7,,,,
ChangeDistiller,38,33,9,8,8,13,0,0,10,4,0,,,,0.5,4,0.2,0.7,,,,
ChangeDistiller,38,33,9,8,8,13,0,0,10,4,0,,,,0.5,6,0.2,0.7,,,,
ChangeDistiller,36,33,8,7,8,13,0,0,11,4,0,,,,0.5,2,0.4,0.7,,,,
ChangeDistiller,38,33,9,8,8,13,0,0,9,4,0,,,,0.5,4,0.4,0.7,,,,
ChangeDistiller,38,33,9,8,8,13,0,0,10,4,0,,,,0.5,6,0.4,0.7,,,,
ChangeDistiller,38,33,9,8,8,13,0,0,10,4,0,,,,0.5,2,0.6,0.7,,,,
ChangeDistiller,38,33,9,8,8,13,0,0,8,4,0,,,,0.5,4,0.6,0.7,,,,
ChangeDistiller,38,33,9,8,8,13,0,0,10,4,0,,,,0.5,6,0.6,0.7,,,,
ChangeDistiller,38,33,9,8,8,13,0,0,10,4,0,,,,0.5,2,0.8,0.7,,,,
ChangeDistiller,38,33,9,8,8,13,0,0,20,4,0,,,,0.5,4,0.8,0.7,,,,
ChangeDistiller,38,33,9,8,8,13,0,0,20,4,0,,,,0.5,6,0.8,0.7,,,,
ChangeDistiller,53,32,12,11,8,22,0,0,11,4,0,,,,0.5,2,1.0,0.7,,,,
ChangeDistiller,53,32,12,11,8,22,0,0,10,4,0,,,,0.5,6,1.0,0.7,,,,
ChangeDistiller,2,2,1,0,0,1,0,0,3,4,0,,,,0.7,2,0.2,0.7,,,,
ChangeDistiller,2,2,1,0,0,1,0,0,3,4,0,,,,0.7,4,0.2,0.7,,,,
ChangeDistiller,2,2,1,0,0,1,0,0,3,4,0,,,,0.7,6,0.2,0.7,,,,
ChangeDistiller,2,2,1,0,0,1,0,0,3,4,0,,,,0.7,2,0.4,0.7,,,,
ChangeDistiller,2,2,1,0,0,1,0,0,3,4,0,,,,0.7,4,0.4,0.7,,,,
ChangeDistiller,2,2,1,0,0,1,0,0,2,4,0,,,,0.7,6,0.4,0.7,,,,
ChangeDistiller,2,2,1,0,0,1,0,0,3,4,0,,,,0.7,2,0.6,0.7,,,,
ChangeDistiller,2,2,1,0,0,1,0,0,3,4,0,,,,0.7,4,0.6,0.7,,,,
ChangeDistiller,2,2,1,0,0,1,0,0,3,4,0,,,,0.7,6,0.6,0.7,,,,
ChangeDistiller,2,2,1,0,0,1,0,0,3,4,0,,,,0.7,2,0.8,0.7,,,,
ChangeDistiller,2,2,1,0,0,1,0,0,3,4,0,,,,0.7,4,0.8,0.7,,,,
ChangeDistiller,2,2,1,0,0,1,0,0,3,4,0,,,,0.7,6,0.8,0.7,,,,
ChangeDistiller,26,20,5,4,0,17,0,0,3,4,0,,,,0.7,2,1.0,0.7,,,,
ChangeDistiller,23,19,4,3,0,16,0,0,3,4,0,,,,0.7,4,1.0,0.7,,,,
ChangeDistiller,23,19,4,3,0,16,0,0,3,4,0,,,,0.7,6,1.0,0.7,,,,
ChangeDistiller,2,2,1,0,0,1,0,0,2,4,0,,,,0.899,2,0.2,0.7,,,,
ChangeDistiller,2,2,1,0,0,1,0,0,2,4,0,,,,0.899,4,0.2,0.7,,,,
ChangeDistiller,2,2,1,0,0,1,0,0,3,4,0,,,,0.899,6,0.2,0.7,,,,
ChangeDistiller,2,2,1,0,0,1,0,0,3,4,0,,,,0.899,2,0.4,0.7,,,,
ChangeDistiller,2,2,1,0,0,1,0,0,3,4,0,,,,0.899,4,0.4,0.7,,,,
ChangeDistiller,2,2,1,0,0,1,0,0,3,4,0,,,,0.899,6,0.4,0.7,,,,
ChangeDistiller,2,2,1,0,0,1,0,0,3,4,0,,,,0.899,2,0.6,0.7,,,,
ChangeDistiller,2,2,1,0,0,1,0,0,2,4,0,,,,0.899,4,0.6,0.7,,,,
ChangeDistiller,2,2,1,0,0,1,0,0,3,4,0,,,,0.899,6,0.6,0.7,,,,
ChangeDistiller,2,2,1,0,0,1,0,0,3,4,0,,,,0.899,2,0.8,0.7,,,,
ChangeDistiller,2,2,1,0,0,1,0,0,3,4,0,,,,0.899,4,0.8,0.7,,,,
ChangeDistiller,2,2,1,0,0,1,0,0,3,4,0,,,,0.899,6,0.8,0.7,,,,
ChangeDistiller,26,20,5,4,0,17,0,0,3,4,0,,,,0.899,2,1.0,0.7,,,,
ChangeDistiller,23,19,4,3,0,16,0,0,3,4,0,,,,0.899,4,1.0,0.7,,,,
ChangeDistiller,23,19,4,3,0,16,0,0,2,4,0,,,,0.899,6,1.0,0.7,,,,
ChangeDistiller,42,39,8,7,11,16,0,0,10,4,0,,,,0.1,2,0.2,0.899,,,,
ChangeDistiller,45,40,10,9,10,16,0,0,11,4,0,,,,0.1,4,0.2,0.899,,,,
ChangeDistiller,45,40,10,9,10,16,0,0,11,4,0,,,,0.1,6,0.2,0.899,,,,
ChangeDistiller,39,38,8,7,10,14,0,0,8,4,0,,,,0.1,2,0.4,0.899,,,,
ChangeDistiller,45,40,10,9,10,16,0,0,10,4,0,,,,0.1,4,0.4,0.899,,,,
ChangeDistiller,45,40,10,9,10,16,0,0,10,4,0,,,,0.1,6,0.4,0.899,,,,
ChangeDistiller,41,38,9,8,10,14,0,0,11,4,0,,,,0.1,2,0.6,0.899,,,,
ChangeDistiller,45,40,10,9,10,16,0,0,11,4,0,,,,0.1,4,0.6,0.899,,,,
ChangeDistiller,45,40,10,9,10,16,0,0,20,4,0,,,,0.1,6,0.6,0.899,,,,
ChangeDistiller,59,36,13,12,10,24,0,0,9,4,0,,,,0.1,4,0.8,0.899,,,,
ChangeDistiller,59,36,13,12,10,24,0,0,11,4,0,,,,0.1,6,0.8,0.899,,,,
ChangeDistiller,59,36,13,12,10,24,0,0,10,4,0,,,,0.1,2,1.0,0.899,,,,
ChangeDistiller,59,36,13,12,10,24,0,0,10,4,0,,,,0.1,4,1.0,0.899,,,,
ChangeDistiller,59,36,13,12,10,24,0,0,11,4,0,,,,0.1,6,1.0,0.899,,,,
ChangeDistiller,38,35,8,7,10,13,0,0,11,4,0,,,,0.3,2,0.2,0.899,,,,
ChangeDistiller,40,35,9,8,10,13,0,0,10,4,0,,,,0.3,4,0.2,0.899,,,,
ChangeDistiller,40,35,9,8,10,13,0,0,10,4,0,,,,0.3,6,0.2,0.899,,,,
ChangeDistiller,38,35,8,7,10,13,0,0,8,4,0,,,,0.3,2,0.4,0.899,,,,
ChangeDistiller,40,35,9,8,10,13,0,0,10,4,0,,,,0.3,4,0.4,0.899,,,,
ChangeDistiller,40,35,9,8,10,13,0,0,11,4,0,,,,0.3,6,0.4,0.899,,,,
ChangeDistiller,40,35,9,8,10,13,0,0,11,4,0,,,,0.3,2,0.6,0.899,,,,
ChangeDistiller,40,35,9,8,10,13,0,0,10,4,0,,,,0.3,4,0.6,0.899,,,,
ChangeDistiller,40,35,9,8,10,13,0,0,11,4,0,,,,0.3,6,0.6,0.899,,,,
ChangeDistiller,40,35,9,8,10,13,0,0,21,4,0,,,,0.3,2,0.8,0.899,,,,
ChangeDistiller,40,35,9,8,10,13,0,0,11,4,0,,,,0.3,4,0.8,0.899,,,,
ChangeDistiller,40,35,9,8,10,13,0,0,11,4,0,,,,0.3,6,0.8,0.899,,,,
ChangeDistiller,55,34,12,11,10,22,0,0,21,4,0,,,,0.3,2,1.0,0.899,,,,
ChangeDistiller,55,34,12,11,10,22,0,0,9,4,0,,,,0.3,4,1.0,0.899,,,,
ChangeDistiller,55,34,12,11,10,22,0,0,11,4,0,,,,0.3,6,1.0,0.899,,,,
ChangeDistiller,36,33,8,7,8,13,0,0,10,4,0,,,,0.5,2,0.2,0.899,,,,
ChangeDistiller,38,33,9,8,8,13,0,0,10,4,0,,,,0.5,4,0.2,0.899,,,,
ChangeDistiller,38,33,9,8,8,13,0,0,10,4,0,,,,0.5,6,0.2,0.899,,,,
ChangeDistiller,36,33,8,7,8,13,0,0,10,4,0,,,,0.5,2,0.4,0.899,,,,
ChangeDistiller,38,33,9,8,8,13,0,0,10,4,0,,,,0.5,4,0.4,0.899,,,,
ChangeDistiller,38,33,9,8,8,13,0,0,10,4,0,,,,0.5,6,0.4,0.899,,,,
ChangeDistiller,38,33,9,8,8,13,0,0,8,4,0,,,,0.5,2,0.6,0.899,,,,
ChangeDistiller,38,33,9,8,8,13,0,0,10,4,0,,,,0.5,4,0.6,0.899,,,,
ChangeDistiller,38,33,9,8,8,13,0,0,10,4,0,,,,0.5,6,0.6,0.899,,,,
ChangeDistiller,38,33,9,8,8,13,0,0,10,4,0,,,,0.5,2,0.8,0.899,,,,
ChangeDistiller,38,33,9,8,8,13,0,0,11,4,0,,,,0.5,4,0.8,0.899,,,,
ChangeDistiller,38,33,9,8,8,13,0,0,10,4,0,,,,0.5,6,0.8,0.899,,,,
ChangeDistiller,53,32,12,11,8,22,0,0,19,4,0,,,,0.5,2,1.0,0.899,,,,
ChangeDistiller,53,32,12,11,8,22,0,0,8,4,0,,,,0.5,6,1.0,0.899,,,,
ChangeDistiller,5,4,2,1,0,2,0,0,3,4,0,,,,0.7,2,0.2,0.899,,,,
ChangeDistiller,8,5,3,2,0,3,0,0,3,4,0,,,,0.7,4,0.2,0.899,,,,
ChangeDistiller,8,5,3,2,0,3,0,0,3,4,0,,,,0.7,6,0.2,0.899,,,,
ChangeDistiller,5,4,2,1,0,2,0,0,3,4,0,,,,0.7,2,0.4,0.899,,,,
ChangeDistiller,8,5,3,2,0,3,0,0,3,4,0,,,,0.7,4,0.4,0.899,,,,
ChangeDistiller,8,5,3,2,0,3,0,0,3,4,0,,,,0.7,6,0.4,0.899,,,,
ChangeDistiller,5,4,2,1,0,2,0,0,3,4,0,,,,0.7,2,0.6,0.899,,,,
ChangeDistiller,8,5,3,2,0,3,0,0,3,4,0,,,,0.7,4,0.6,0.899,,,,
ChangeDistiller,8,5,3,2,0,3,0,0,3,4,0,,,,0.7,6,0.6,0.899,,,,
ChangeDistiller,8,5,3,2,0,3,0,0,3,4,0,,,,0.7,2,0.8,0.899,,,,
ChangeDistiller,8,5,3,2,0,3,0,0,3,4,0,,,,0.7,4,0.8,0.899,,,,
ChangeDistiller,8,5,3,2,0,3,0,0,3,4,0,,,,0.7,6,0.8,0.899,,,,
ChangeDistiller,28,19,6,5,0,17,0,0,3,4,0,,,,0.7,2,1.0,0.899,,,,
ChangeDistiller,28,19,6,5,0,17,0,0,3,4,0,,,,0.7,4,1.0,0.899,,,,
ChangeDistiller,28,19,6,5,0,17,0,0,2,4,0,,,,0.7,6,1.0,0.899,,,,
ChangeDistiller,5,4,2,1,0,2,0,0,3,4,0,,,,0.899,2,0.2,0.899,,,,
ChangeDistiller,8,5,3,2,0,3,0,0,3,4,0,,,,0.899,4,0.2,0.899,,,,
ChangeDistiller,8,5,3,2,0,3,0,0,3,4,0,,,,0.899,6,0.2,0.899,,,,
ChangeDistiller,5,4,2,1,0,2,0,0,3,4,0,,,,0.899,2,0.4,0.899,,,,
ChangeDistiller,8,5,3,2,0,3,0,0,3,4,0,,,,0.899,4,0.4,0.899,,,,
ChangeDistiller,8,5,3,2,0,3,0,0,2,4,0,,,,0.899,6,0.4,0.899,,,,
ChangeDistiller,5,4,2,1,0,2,0,0,3,4,0,,,,0.899,2,0.6,0.899,,,,
ChangeDistiller,8,5,3,2,0,3,0,0,2,4,0,,,,0.899,4,0.6,0.899,,,,
ChangeDistiller,8,5,3,2,0,3,0,0,3,4,0,,,,0.899,6,0.6,0.899,,,,
ChangeDistiller,8,5,3,2,0,3,0,0,3,4,0,,,,0.899,2,0.8,0.899,,,,
ChangeDistiller,8,5,3,2,0,3,0,0,3,4,0,,,,0.899,4,0.8,0.899,,,,
ChangeDistiller,8,5,3,2,0,3,0,0,3,4,0,,,,0.899,6,0.8,0.899,,,,
ChangeDistiller,28,19,6,5,0,17,0,0,3,4,0,,,,0.899,2,1.0,0.899,,,,
ChangeDistiller,28,19,6,5,0,17,0,0,3,4,0,,,,0.899,4,1.0,0.899,,,,
ChangeDistiller,28,19,6,5,0,17,0,0,3,4,0,,,,0.899,6,1.0,0.899,,,,
