MATCHER,NRACTIONS,NRROOTS,NR_INSERT,NR_DELETE,NR_UPDATE,NR_MOVE,NR_TREEINSERT,NR_TREEDELETE,TIME,NROPTIONS,TIMEOUT,GT_BUM_SMT,GT_BUM_SMT_SBUP,GT_BUM_SZT,GT_CD_LSIM,GT_CD_ML,GT_CD_SSIM1,GT_CD_SSIM2,GT_STM_MH,GT_XYM_SIM,GUMTREE_MATCH_GT_MINH,
SimpleGumtree,4,2,3,1,0,0,0,0,4,2,0,,0.1,,,,,,1,,,
SimpleGumtree,4,2,3,1,0,0,0,0,5,2,0,,0.3,,,,,,1,,,
SimpleGumtree,4,2,3,1,0,0,0,0,5,2,0,,0.5,,,,,,1,,,
SimpleGumtree,4,2,3,1,0,0,0,0,5,2,0,,0.7,,,,,,1,,,
SimpleGumtree,4,2,3,1,0,0,0,0,5,2,0,,0.899,,,,,,1,,,
SimpleGumtree,4,2,3,1,0,0,0,0,4,2,0,,0.1,,,,,,2,,,
SimpleGumtree,4,2,3,1,0,0,0,0,6,2,0,,0.3,,,,,,2,,,
SimpleGumtree,4,2,3,1,0,0,0,0,6,2,0,,0.5,,,,,,2,,,
SimpleGumtree,4,2,3,1,0,0,0,0,6,2,0,,0.7,,,,,,2,,,
SimpleGumtree,4,2,3,1,0,0,0,0,6,2,0,,0.899,,,,,,2,,,
SimpleGumtree,4,2,3,1,0,0,0,0,3,2,0,,0.1,,,,,,3,,,
SimpleGumtree,4,2,3,1,0,0,0,0,3,2,0,,0.3,,,,,,3,,,
SimpleGumtree,4,2,3,1,0,0,0,0,5,2,0,,0.5,,,,,,3,,,
SimpleGumtree,4,2,3,1,0,0,0,0,6,2,0,,0.7,,,,,,3,,,
SimpleGumtree,4,2,3,1,0,0,0,0,6,2,0,,0.899,,,,,,3,,,
SimpleGumtree,38,2,20,18,0,0,0,0,6,2,0,,0.1,,,,,,4,,,
SimpleGumtree,38,2,20,18,0,0,0,0,5,2,0,,0.3,,,,,,4,,,
SimpleGumtree,38,2,20,18,0,0,0,0,5,2,0,,0.5,,,,,,4,,,
SimpleGumtree,38,2,20,18,0,0,0,0,4,2,0,,0.7,,,,,,4,,,
SimpleGumtree,38,2,20,18,0,0,0,0,4,2,0,,0.899,,,,,,4,,,
SimpleGumtree,38,2,20,18,0,0,0,0,5,2,0,,0.1,,,,,,5,,,
SimpleGumtree,38,2,20,18,0,0,0,0,5,2,0,,0.3,,,,,,5,,,
SimpleGumtree,38,2,20,18,0,0,0,0,4,2,0,,0.5,,,,,,5,,,
SimpleGumtree,38,2,20,18,0,0,0,0,3,2,0,,0.7,,,,,,5,,,
SimpleGumtree,38,2,20,18,0,0,0,0,3,2,0,,0.899,,,,,,5,,,
ClassicGumtree,3,2,2,0,0,1,0,0,4,3,0,0.1,,100,,,,,1,,,
ClassicGumtree,3,2,2,0,0,1,0,0,4,3,0,0.2,,100,,,,,1,,,
ClassicGumtree,3,2,2,0,0,1,0,0,4,3,0,0.3,,100,,,,,1,,,
ClassicGumtree,3,2,2,0,0,1,0,0,4,3,0,0.4,,100,,,,,1,,,
ClassicGumtree,3,2,2,0,0,1,0,0,3,3,0,0.5,,100,,,,,1,,,
ClassicGumtree,3,2,2,0,0,1,0,0,5,3,0,0.6,,100,,,,,1,,,
ClassicGumtree,3,2,2,0,0,1,0,0,6,3,0,0.7,,100,,,,,1,,,
ClassicGumtree,13,5,6,4,0,3,0,0,5,3,0,0.799,,100,,,,,1,,,
ClassicGumtree,13,5,6,4,0,3,0,0,5,3,0,0.899,,100,,,,,1,,,
ClassicGumtree,65,55,7,5,0,53,0,0,3,3,0,0.999,,100,,,,,1,,,
ClassicGumtree,3,2,2,0,0,1,0,0,5,3,0,0.1,,200,,,,,1,,,
ClassicGumtree,3,2,2,0,0,1,0,0,5,3,0,0.2,,200,,,,,1,,,
ClassicGumtree,3,2,2,0,0,1,0,0,3,3,0,0.3,,200,,,,,1,,,
ClassicGumtree,3,2,2,0,0,1,0,0,5,3,0,0.4,,200,,,,,1,,,
ClassicGumtree,3,2,2,0,0,1,0,0,4,3,0,0.5,,200,,,,,1,,,
ClassicGumtree,3,2,2,0,0,1,0,0,3,3,0,0.6,,200,,,,,1,,,
ClassicGumtree,3,2,2,0,0,1,0,0,4,3,0,0.7,,200,,,,,1,,,
ClassicGumtree,13,5,6,4,0,3,0,0,4,3,0,0.799,,200,,,,,1,,,
ClassicGumtree,13,5,6,4,0,3,0,0,4,3,0,0.899,,200,,,,,1,,,
ClassicGumtree,65,55,7,5,0,53,0,0,5,3,0,0.999,,200,,,,,1,,,
ClassicGumtree,3,2,2,0,0,1,0,0,5,3,0,0.1,,300,,,,,1,,,
ClassicGumtree,3,2,2,0,0,1,0,0,5,3,0,0.2,,300,,,,,1,,,
ClassicGumtree,3,2,2,0,0,1,0,0,6,3,0,0.3,,300,,,,,1,,,
ClassicGumtree,3,2,2,0,0,1,0,0,6,3,0,0.4,,300,,,,,1,,,
ClassicGumtree,3,2,2,0,0,1,0,0,3,3,0,0.5,,300,,,,,1,,,
ClassicGumtree,3,2,2,0,0,1,0,0,3,3,0,0.6,,300,,,,,1,,,
ClassicGumtree,3,2,2,0,0,1,0,0,3,3,0,0.7,,300,,,,,1,,,
ClassicGumtree,13,5,6,4,0,3,0,0,4,3,0,0.799,,300,,,,,1,,,
ClassicGumtree,13,5,6,4,0,3,0,0,5,3,0,0.899,,300,,,,,1,,,
ClassicGumtree,65,55,7,5,0,53,0,0,5,3,0,0.999,,300,,,,,1,,,
ClassicGumtree,3,2,2,0,0,1,0,0,3,3,0,0.1,,400,,,,,1,,,
ClassicGumtree,3,2,2,0,0,1,0,0,3,3,0,0.2,,400,,,,,1,,,
ClassicGumtree,3,2,2,0,0,1,0,0,5,3,0,0.3,,400,,,,,1,,,
ClassicGumtree,3,2,2,0,0,1,0,0,3,3,0,0.4,,400,,,,,1,,,
ClassicGumtree,3,2,2,0,0,1,0,0,6,3,0,0.5,,400,,,,,1,,,
ClassicGumtree,3,2,2,0,0,1,0,0,5,3,0,0.6,,400,,,,,1,,,
ClassicGumtree,3,2,2,0,0,1,0,0,5,3,0,0.7,,400,,,,,1,,,
ClassicGumtree,13,5,6,4,0,3,0,0,3,3,0,0.799,,400,,,,,1,,,
ClassicGumtree,13,5,6,4,0,3,0,0,3,3,0,0.899,,400,,,,,1,,,
ClassicGumtree,65,55,7,5,0,53,0,0,5,3,0,0.999,,400,,,,,1,,,
ClassicGumtree,3,2,2,0,0,1,0,0,5,3,0,0.1,,500,,,,,1,,,
ClassicGumtree,3,2,2,0,0,1,0,0,4,3,0,0.2,,500,,,,,1,,,
ClassicGumtree,3,2,2,0,0,1,0,0,5,3,0,0.3,,500,,,,,1,,,
ClassicGumtree,3,2,2,0,0,1,0,0,4,3,0,0.4,,500,,,,,1,,,
ClassicGumtree,3,2,2,0,0,1,0,0,4,3,0,0.5,,500,,,,,1,,,
ClassicGumtree,3,2,2,0,0,1,0,0,6,3,0,0.6,,500,,,,,1,,,
ClassicGumtree,3,2,2,0,0,1,0,0,5,3,0,0.7,,500,,,,,1,,,
ClassicGumtree,13,5,6,4,0,3,0,0,4,3,0,0.799,,500,,,,,1,,,
ClassicGumtree,13,5,6,4,0,3,0,0,4,3,0,0.899,,500,,,,,1,,,
ClassicGumtree,65,55,7,5,0,53,0,0,3,3,0,0.999,,500,,,,,1,,,
ClassicGumtree,3,2,2,0,0,1,0,0,4,3,0,0.1,,600,,,,,1,,,
ClassicGumtree,3,2,2,0,0,1,0,0,5,3,0,0.2,,600,,,,,1,,,
ClassicGumtree,3,2,2,0,0,1,0,0,3,3,0,0.3,,600,,,,,1,,,
ClassicGumtree,3,2,2,0,0,1,0,0,3,3,0,0.4,,600,,,,,1,,,
ClassicGumtree,3,2,2,0,0,1,0,0,5,3,0,0.5,,600,,,,,1,,,
ClassicGumtree,3,2,2,0,0,1,0,0,3,3,0,0.6,,600,,,,,1,,,
ClassicGumtree,3,2,2,0,0,1,0,0,6,3,0,0.7,,600,,,,,1,,,
ClassicGumtree,13,5,6,4,0,3,0,0,5,3,0,0.799,,600,,,,,1,,,
ClassicGumtree,13,5,6,4,0,3,0,0,4,3,0,0.899,,600,,,,,1,,,
ClassicGumtree,65,55,7,5,0,53,0,0,3,3,0,0.999,,600,,,,,1,,,
ClassicGumtree,3,2,2,0,0,1,0,0,6,3,0,0.1,,700,,,,,1,,,
ClassicGumtree,3,2,2,0,0,1,0,0,3,3,0,0.2,,700,,,,,1,,,
ClassicGumtree,3,2,2,0,0,1,0,0,3,3,0,0.3,,700,,,,,1,,,
ClassicGumtree,3,2,2,0,0,1,0,0,3,3,0,0.4,,700,,,,,1,,,
ClassicGumtree,3,2,2,0,0,1,0,0,6,3,0,0.5,,700,,,,,1,,,
ClassicGumtree,3,2,2,0,0,1,0,0,3,3,0,0.6,,700,,,,,1,,,
ClassicGumtree,3,2,2,0,0,1,0,0,6,3,0,0.7,,700,,,,,1,,,
ClassicGumtree,13,5,6,4,0,3,0,0,4,3,0,0.799,,700,,,,,1,,,
ClassicGumtree,13,5,6,4,0,3,0,0,3,3,0,0.899,,700,,,,,1,,,
ClassicGumtree,65,55,7,5,0,53,0,0,5,3,0,0.999,,700,,,,,1,,,
ClassicGumtree,3,2,2,0,0,1,0,0,3,3,0,0.1,,800,,,,,1,,,
ClassicGumtree,3,2,2,0,0,1,0,0,5,3,0,0.2,,800,,,,,1,,,
ClassicGumtree,3,2,2,0,0,1,0,0,4,3,0,0.3,,800,,,,,1,,,
ClassicGumtree,3,2,2,0,0,1,0,0,5,3,0,0.4,,800,,,,,1,,,
ClassicGumtree,3,2,2,0,0,1,0,0,3,3,0,0.5,,800,,,,,1,,,
ClassicGumtree,3,2,2,0,0,1,0,0,3,3,0,0.6,,800,,,,,1,,,
ClassicGumtree,3,2,2,0,0,1,0,0,4,3,0,0.7,,800,,,,,1,,,
ClassicGumtree,13,5,6,4,0,3,0,0,4,3,0,0.799,,800,,,,,1,,,
ClassicGumtree,13,5,6,4,0,3,0,0,5,3,0,0.899,,800,,,,,1,,,
ClassicGumtree,65,55,7,5,0,53,0,0,4,3,0,0.999,,800,,,,,1,,,
ClassicGumtree,3,2,2,0,0,1,0,0,3,3,0,0.1,,900,,,,,1,,,
ClassicGumtree,3,2,2,0,0,1,0,0,5,3,0,0.2,,900,,,,,1,,,
ClassicGumtree,3,2,2,0,0,1,0,0,4,3,0,0.3,,900,,,,,1,,,
ClassicGumtree,3,2,2,0,0,1,0,0,5,3,0,0.4,,900,,,,,1,,,
ClassicGumtree,3,2,2,0,0,1,0,0,3,3,0,0.5,,900,,,,,1,,,
ClassicGumtree,3,2,2,0,0,1,0,0,3,3,0,0.6,,900,,,,,1,,,
ClassicGumtree,3,2,2,0,0,1,0,0,5,3,0,0.7,,900,,,,,1,,,
ClassicGumtree,13,5,6,4,0,3,0,0,3,3,0,0.799,,900,,,,,1,,,
ClassicGumtree,13,5,6,4,0,3,0,0,4,3,0,0.899,,900,,,,,1,,,
ClassicGumtree,65,55,7,5,0,53,0,0,4,3,0,0.999,,900,,,,,1,,,
ClassicGumtree,3,2,2,0,0,1,0,0,3,3,0,0.1,,1000,,,,,1,,,
ClassicGumtree,3,2,2,0,0,1,0,0,6,3,0,0.2,,1000,,,,,1,,,
ClassicGumtree,3,2,2,0,0,1,0,0,3,3,0,0.3,,1000,,,,,1,,,
ClassicGumtree,3,2,2,0,0,1,0,0,5,3,0,0.4,,1000,,,,,1,,,
ClassicGumtree,3,2,2,0,0,1,0,0,3,3,0,0.5,,1000,,,,,1,,,
ClassicGumtree,3,2,2,0,0,1,0,0,3,3,0,0.6,,1000,,,,,1,,,
ClassicGumtree,3,2,2,0,0,1,0,0,5,3,0,0.7,,1000,,,,,1,,,
ClassicGumtree,13,5,6,4,0,3,0,0,3,3,0,0.799,,1000,,,,,1,,,
ClassicGumtree,13,5,6,4,0,3,0,0,5,3,0,0.899,,1000,,,,,1,,,
ClassicGumtree,65,55,7,5,0,53,0,0,5,3,0,0.999,,1000,,,,,1,,,
ClassicGumtree,3,2,2,0,0,1,0,0,3,3,0,0.1,,1100,,,,,1,,,
ClassicGumtree,3,2,2,0,0,1,0,0,5,3,0,0.2,,1100,,,,,1,,,
ClassicGumtree,3,2,2,0,0,1,0,0,4,3,0,0.3,,1100,,,,,1,,,
ClassicGumtree,3,2,2,0,0,1,0,0,3,3,0,0.4,,1100,,,,,1,,,
ClassicGumtree,3,2,2,0,0,1,0,0,5,3,0,0.5,,1100,,,,,1,,,
ClassicGumtree,3,2,2,0,0,1,0,0,3,3,0,0.6,,1100,,,,,1,,,
ClassicGumtree,3,2,2,0,0,1,0,0,6,3,0,0.7,,1100,,,,,1,,,
ClassicGumtree,13,5,6,4,0,3,0,0,3,3,0,0.799,,1100,,,,,1,,,
ClassicGumtree,13,5,6,4,0,3,0,0,5,3,0,0.899,,1100,,,,,1,,,
ClassicGumtree,65,55,7,5,0,53,0,0,4,3,0,0.999,,1100,,,,,1,,,
ClassicGumtree,3,2,2,0,0,1,0,0,3,3,0,0.1,,1200,,,,,1,,,
ClassicGumtree,3,2,2,0,0,1,0,0,5,3,0,0.2,,1200,,,,,1,,,
ClassicGumtree,3,2,2,0,0,1,0,0,4,3,0,0.3,,1200,,,,,1,,,
ClassicGumtree,3,2,2,0,0,1,0,0,3,3,0,0.4,,1200,,,,,1,,,
ClassicGumtree,3,2,2,0,0,1,0,0,6,3,0,0.5,,1200,,,,,1,,,
ClassicGumtree,3,2,2,0,0,1,0,0,3,3,0,0.6,,1200,,,,,1,,,
ClassicGumtree,3,2,2,0,0,1,0,0,6,3,0,0.7,,1200,,,,,1,,,
ClassicGumtree,13,5,6,4,0,3,0,0,3,3,0,0.799,,1200,,,,,1,,,
ClassicGumtree,13,5,6,4,0,3,0,0,4,3,0,0.899,,1200,,,,,1,,,
ClassicGumtree,65,55,7,5,0,53,0,0,3,3,0,0.999,,1200,,,,,1,,,
ClassicGumtree,3,2,2,0,0,1,0,0,2884,3,0,0.1,,1300,,,,,1,,,
ClassicGumtree,3,2,2,0,0,1,0,0,2720,3,0,0.2,,1300,,,,,1,,,
ClassicGumtree,3,2,2,0,0,1,0,0,2824,3,0,0.3,,1300,,,,,1,,,
ClassicGumtree,3,2,2,0,0,1,0,0,2774,3,0,0.4,,1300,,,,,1,,,
ClassicGumtree,3,2,2,0,0,1,0,0,2798,3,0,0.5,,1300,,,,,1,,,
ClassicGumtree,3,2,2,0,0,1,0,0,2799,3,0,0.6,,1300,,,,,1,,,
ClassicGumtree,3,2,2,0,0,1,0,0,2799,3,0,0.7,,1300,,,,,1,,,
ClassicGumtree,3,2,2,0,0,1,0,0,2867,3,0,0.799,,1300,,,,,1,,,
ClassicGumtree,3,2,2,0,0,1,0,0,2907,3,0,0.899,,1300,,,,,1,,,
ClassicGumtree,3,2,2,0,0,1,0,0,1502,3,0,0.999,,1300,,,,,1,,,
ClassicGumtree,3,2,2,0,0,1,0,0,2748,3,0,0.1,,1400,,,,,1,,,
ClassicGumtree,3,2,2,0,0,1,0,0,2735,3,0,0.2,,1400,,,,,1,,,
ClassicGumtree,3,2,2,0,0,1,0,0,2742,3,0,0.3,,1400,,,,,1,,,
ClassicGumtree,3,2,2,0,0,1,0,0,2749,3,0,0.4,,1400,,,,,1,,,
ClassicGumtree,3,2,2,0,0,1,0,0,2742,3,0,0.5,,1400,,,,,1,,,
ClassicGumtree,3,2,2,0,0,1,0,0,2749,3,0,0.6,,1400,,,,,1,,,
ClassicGumtree,3,2,2,0,0,1,0,0,2749,3,0,0.7,,1400,,,,,1,,,
ClassicGumtree,3,2,2,0,0,1,0,0,2740,3,0,0.799,,1400,,,,,1,,,
ClassicGumtree,3,2,2,0,0,1,0,0,2745,3,0,0.899,,1400,,,,,1,,,
ClassicGumtree,3,2,2,0,0,1,0,0,1363,3,0,0.999,,1400,,,,,1,,,
ClassicGumtree,3,2,2,0,0,1,0,0,2748,3,0,0.1,,1500,,,,,1,,,
ClassicGumtree,3,2,2,0,0,1,0,0,2762,3,0,0.2,,1500,,,,,1,,,
ClassicGumtree,3,2,2,0,0,1,0,0,2759,3,0,0.3,,1500,,,,,1,,,
ClassicGumtree,3,2,2,0,0,1,0,0,2761,3,0,0.4,,1500,,,,,1,,,
ClassicGumtree,3,2,2,0,0,1,0,0,2758,3,0,0.5,,1500,,,,,1,,,
ClassicGumtree,3,2,2,0,0,1,0,0,2769,3,0,0.6,,1500,,,,,1,,,
ClassicGumtree,3,2,2,0,0,1,0,0,2747,3,0,0.7,,1500,,,,,1,,,
ClassicGumtree,3,2,2,0,0,1,0,0,2748,3,0,0.799,,1500,,,,,1,,,
ClassicGumtree,3,2,2,0,0,1,0,0,2761,3,0,0.899,,1500,,,,,1,,,
ClassicGumtree,3,2,2,0,0,1,0,0,1360,3,0,0.999,,1500,,,,,1,,,
ClassicGumtree,3,2,2,0,0,1,0,0,2757,3,0,0.1,,1600,,,,,1,,,
ClassicGumtree,3,2,2,0,0,1,0,0,2749,3,0,0.2,,1600,,,,,1,,,
ClassicGumtree,3,2,2,0,0,1,0,0,2772,3,0,0.3,,1600,,,,,1,,,
ClassicGumtree,3,2,2,0,0,1,0,0,2739,3,0,0.4,,1600,,,,,1,,,
ClassicGumtree,3,2,2,0,0,1,0,0,2770,3,0,0.5,,1600,,,,,1,,,
ClassicGumtree,3,2,2,0,0,1,0,0,2766,3,0,0.6,,1600,,,,,1,,,
ClassicGumtree,3,2,2,0,0,1,0,0,2774,3,0,0.7,,1600,,,,,1,,,
ClassicGumtree,3,2,2,0,0,1,0,0,2787,3,0,0.799,,1600,,,,,1,,,
ClassicGumtree,3,2,2,0,0,1,0,0,2782,3,0,0.899,,1600,,,,,1,,,
ClassicGumtree,3,2,2,0,0,1,0,0,1358,3,0,0.999,,1600,,,,,1,,,
ClassicGumtree,3,2,2,0,0,1,0,0,2775,3,0,0.1,,1700,,,,,1,,,
ClassicGumtree,3,2,2,0,0,1,0,0,2771,3,0,0.2,,1700,,,,,1,,,
ClassicGumtree,3,2,2,0,0,1,0,0,2767,3,0,0.3,,1700,,,,,1,,,
ClassicGumtree,3,2,2,0,0,1,0,0,2768,3,0,0.4,,1700,,,,,1,,,
ClassicGumtree,3,2,2,0,0,1,0,0,2719,3,0,0.5,,1700,,,,,1,,,
ClassicGumtree,3,2,2,0,0,1,0,0,2720,3,0,0.6,,1700,,,,,1,,,
ClassicGumtree,3,2,2,0,0,1,0,0,2727,3,0,0.7,,1700,,,,,1,,,
ClassicGumtree,3,2,2,0,0,1,0,0,2718,3,0,0.799,,1700,,,,,1,,,
ClassicGumtree,3,2,2,0,0,1,0,0,2728,3,0,0.899,,1700,,,,,1,,,
ClassicGumtree,3,2,2,0,0,1,0,0,1364,3,0,0.999,,1700,,,,,1,,,
ClassicGumtree,3,2,2,0,0,1,0,0,2750,3,0,0.1,,1800,,,,,1,,,
ClassicGumtree,3,2,2,0,0,1,0,0,2739,3,0,0.2,,1800,,,,,1,,,
ClassicGumtree,3,2,2,0,0,1,0,0,2731,3,0,0.3,,1800,,,,,1,,,
ClassicGumtree,3,2,2,0,0,1,0,0,2746,3,0,0.4,,1800,,,,,1,,,
ClassicGumtree,3,2,2,0,0,1,0,0,2748,3,0,0.5,,1800,,,,,1,,,
ClassicGumtree,3,2,2,0,0,1,0,0,2730,3,0,0.6,,1800,,,,,1,,,
ClassicGumtree,3,2,2,0,0,1,0,0,2731,3,0,0.7,,1800,,,,,1,,,
ClassicGumtree,3,2,2,0,0,1,0,0,2746,3,0,0.799,,1800,,,,,1,,,
ClassicGumtree,3,2,2,0,0,1,0,0,2731,3,0,0.899,,1800,,,,,1,,,
ClassicGumtree,3,2,2,0,0,1,0,0,1383,3,0,0.999,,1800,,,,,1,,,
ClassicGumtree,3,2,2,0,0,1,0,0,2747,3,0,0.1,,1900,,,,,1,,,
ClassicGumtree,3,2,2,0,0,1,0,0,2744,3,0,0.2,,1900,,,,,1,,,
ClassicGumtree,3,2,2,0,0,1,0,0,2735,3,0,0.3,,1900,,,,,1,,,
ClassicGumtree,3,2,2,0,0,1,0,0,2732,3,0,0.4,,1900,,,,,1,,,
ClassicGumtree,3,2,2,0,0,1,0,0,2746,3,0,0.5,,1900,,,,,1,,,
ClassicGumtree,3,2,2,0,0,1,0,0,2745,3,0,0.6,,1900,,,,,1,,,
ClassicGumtree,3,2,2,0,0,1,0,0,2730,3,0,0.7,,1900,,,,,1,,,
ClassicGumtree,3,2,2,0,0,1,0,0,2732,3,0,0.799,,1900,,,,,1,,,
ClassicGumtree,3,2,2,0,0,1,0,0,2731,3,0,0.899,,1900,,,,,1,,,
ClassicGumtree,3,2,2,0,0,1,0,0,1390,3,0,0.999,,1900,,,,,1,,,
ClassicGumtree,3,2,2,0,0,1,0,0,2749,3,0,0.1,,2000,,,,,1,,,
ClassicGumtree,3,2,2,0,0,1,0,0,2749,3,0,0.2,,2000,,,,,1,,,
ClassicGumtree,3,2,2,0,0,1,0,0,2748,3,0,0.3,,2000,,,,,1,,,
ClassicGumtree,3,2,2,0,0,1,0,0,2739,3,0,0.4,,2000,,,,,1,,,
ClassicGumtree,3,2,2,0,0,1,0,0,2738,3,0,0.5,,2000,,,,,1,,,
ClassicGumtree,3,2,2,0,0,1,0,0,2750,3,0,0.6,,2000,,,,,1,,,
ClassicGumtree,3,2,2,0,0,1,0,0,2750,3,0,0.7,,2000,,,,,1,,,
ClassicGumtree,3,2,2,0,0,1,0,0,2739,3,0,0.799,,2000,,,,,1,,,
ClassicGumtree,3,2,2,0,0,1,0,0,2739,3,0,0.899,,2000,,,,,1,,,
ClassicGumtree,3,2,2,0,0,1,0,0,1383,3,0,0.999,,2000,,,,,1,,,
ClassicGumtree,9,4,5,3,0,1,0,0,3,3,0,0.1,,100,,,,,2,,,
ClassicGumtree,9,4,5,3,0,1,0,0,3,3,0,0.2,,100,,,,,2,,,
ClassicGumtree,9,4,5,3,0,1,0,0,3,3,0,0.3,,100,,,,,2,,,
ClassicGumtree,9,4,5,3,0,1,0,0,3,3,0,0.4,,100,,,,,2,,,
ClassicGumtree,9,4,5,3,0,1,0,0,3,3,0,0.5,,100,,,,,2,,,
ClassicGumtree,9,4,5,3,0,1,0,0,3,3,0,0.6,,100,,,,,2,,,
ClassicGumtree,24,6,12,10,0,2,0,0,3,3,0,0.7,,100,,,,,2,,,
ClassicGumtree,24,6,12,10,0,2,0,0,2,3,0,0.799,,100,,,,,2,,,
ClassicGumtree,24,6,12,10,0,2,0,0,3,3,0,0.899,,100,,,,,2,,,
ClassicGumtree,75,53,13,11,0,51,0,0,2,3,0,0.999,,100,,,,,2,,,
ClassicGumtree,9,4,5,3,0,1,0,0,3,3,0,0.1,,200,,,,,2,,,
ClassicGumtree,9,4,5,3,0,1,0,0,3,3,0,0.2,,200,,,,,2,,,
ClassicGumtree,9,4,5,3,0,1,0,0,3,3,0,0.3,,200,,,,,2,,,
ClassicGumtree,9,4,5,3,0,1,0,0,3,3,0,0.4,,200,,,,,2,,,
ClassicGumtree,9,4,5,3,0,1,0,0,2,3,0,0.5,,200,,,,,2,,,
ClassicGumtree,9,4,5,3,0,1,0,0,3,3,0,0.6,,200,,,,,2,,,
ClassicGumtree,24,6,12,10,0,2,0,0,2,3,0,0.7,,200,,,,,2,,,
ClassicGumtree,24,6,12,10,0,2,0,0,3,3,0,0.799,,200,,,,,2,,,
ClassicGumtree,24,6,12,10,0,2,0,0,2,3,0,0.899,,200,,,,,2,,,
ClassicGumtree,75,53,13,11,0,51,0,0,2,3,0,0.999,,200,,,,,2,,,
ClassicGumtree,9,4,5,3,0,1,0,0,3,3,0,0.1,,300,,,,,2,,,
ClassicGumtree,9,4,5,3,0,1,0,0,3,3,0,0.2,,300,,,,,2,,,
ClassicGumtree,9,4,5,3,0,1,0,0,3,3,0,0.3,,300,,,,,2,,,
ClassicGumtree,9,4,5,3,0,1,0,0,3,3,0,0.4,,300,,,,,2,,,
ClassicGumtree,9,4,5,3,0,1,0,0,3,3,0,0.5,,300,,,,,2,,,
ClassicGumtree,9,4,5,3,0,1,0,0,3,3,0,0.6,,300,,,,,2,,,
ClassicGumtree,24,6,12,10,0,2,0,0,3,3,0,0.7,,300,,,,,2,,,
ClassicGumtree,24,6,12,10,0,2,0,0,3,3,0,0.799,,300,,,,,2,,,
ClassicGumtree,24,6,12,10,0,2,0,0,2,3,0,0.899,,300,,,,,2,,,
ClassicGumtree,75,53,13,11,0,51,0,0,2,3,0,0.999,,300,,,,,2,,,
ClassicGumtree,9,4,5,3,0,1,0,0,3,3,0,0.1,,400,,,,,2,,,
ClassicGumtree,9,4,5,3,0,1,0,0,3,3,0,0.2,,400,,,,,2,,,
ClassicGumtree,9,4,5,3,0,1,0,0,3,3,0,0.3,,400,,,,,2,,,
ClassicGumtree,9,4,5,3,0,1,0,0,3,3,0,0.4,,400,,,,,2,,,
ClassicGumtree,9,4,5,3,0,1,0,0,3,3,0,0.5,,400,,,,,2,,,
ClassicGumtree,9,4,5,3,0,1,0,0,3,3,0,0.6,,400,,,,,2,,,
ClassicGumtree,24,6,12,10,0,2,0,0,3,3,0,0.7,,400,,,,,2,,,
ClassicGumtree,24,6,12,10,0,2,0,0,3,3,0,0.799,,400,,,,,2,,,
ClassicGumtree,24,6,12,10,0,2,0,0,2,3,0,0.899,,400,,,,,2,,,
ClassicGumtree,75,53,13,11,0,51,0,0,2,3,0,0.999,,400,,,,,2,,,
ClassicGumtree,9,4,5,3,0,1,0,0,3,3,0,0.1,,500,,,,,2,,,
ClassicGumtree,9,4,5,3,0,1,0,0,3,3,0,0.2,,500,,,,,2,,,
ClassicGumtree,9,4,5,3,0,1,0,0,3,3,0,0.3,,500,,,,,2,,,
ClassicGumtree,9,4,5,3,0,1,0,0,3,3,0,0.4,,500,,,,,2,,,
ClassicGumtree,9,4,5,3,0,1,0,0,3,3,0,0.5,,500,,,,,2,,,
ClassicGumtree,9,4,5,3,0,1,0,0,3,3,0,0.6,,500,,,,,2,,,
ClassicGumtree,24,6,12,10,0,2,0,0,2,3,0,0.7,,500,,,,,2,,,
ClassicGumtree,24,6,12,10,0,2,0,0,3,3,0,0.799,,500,,,,,2,,,
ClassicGumtree,24,6,12,10,0,2,0,0,3,3,0,0.899,,500,,,,,2,,,
ClassicGumtree,75,53,13,11,0,51,0,0,2,3,0,0.999,,500,,,,,2,,,
ClassicGumtree,9,4,5,3,0,1,0,0,3,3,0,0.1,,600,,,,,2,,,
ClassicGumtree,9,4,5,3,0,1,0,0,3,3,0,0.2,,600,,,,,2,,,
ClassicGumtree,9,4,5,3,0,1,0,0,3,3,0,0.3,,600,,,,,2,,,
ClassicGumtree,9,4,5,3,0,1,0,0,3,3,0,0.4,,600,,,,,2,,,
ClassicGumtree,9,4,5,3,0,1,0,0,3,3,0,0.5,,600,,,,,2,,,
ClassicGumtree,9,4,5,3,0,1,0,0,3,3,0,0.6,,600,,,,,2,,,
ClassicGumtree,24,6,12,10,0,2,0,0,3,3,0,0.7,,600,,,,,2,,,
ClassicGumtree,24,6,12,10,0,2,0,0,2,3,0,0.799,,600,,,,,2,,,
ClassicGumtree,24,6,12,10,0,2,0,0,2,3,0,0.899,,600,,,,,2,,,
ClassicGumtree,75,53,13,11,0,51,0,0,2,3,0,0.999,,600,,,,,2,,,
ClassicGumtree,9,4,5,3,0,1,0,0,3,3,0,0.1,,700,,,,,2,,,
ClassicGumtree,9,4,5,3,0,1,0,0,3,3,0,0.2,,700,,,,,2,,,
ClassicGumtree,9,4,5,3,0,1,0,0,3,3,0,0.3,,700,,,,,2,,,
ClassicGumtree,9,4,5,3,0,1,0,0,3,3,0,0.4,,700,,,,,2,,,
ClassicGumtree,9,4,5,3,0,1,0,0,3,3,0,0.5,,700,,,,,2,,,
ClassicGumtree,9,4,5,3,0,1,0,0,3,3,0,0.6,,700,,,,,2,,,
ClassicGumtree,24,6,12,10,0,2,0,0,2,3,0,0.7,,700,,,,,2,,,
ClassicGumtree,24,6,12,10,0,2,0,0,3,3,0,0.799,,700,,,,,2,,,
ClassicGumtree,24,6,12,10,0,2,0,0,2,3,0,0.899,,700,,,,,2,,,
ClassicGumtree,75,53,13,11,0,51,0,0,2,3,0,0.999,,700,,,,,2,,,
ClassicGumtree,9,4,5,3,0,1,0,0,3,3,0,0.1,,800,,,,,2,,,
ClassicGumtree,9,4,5,3,0,1,0,0,3,3,0,0.2,,800,,,,,2,,,
ClassicGumtree,9,4,5,3,0,1,0,0,3,3,0,0.3,,800,,,,,2,,,
ClassicGumtree,9,4,5,3,0,1,0,0,2,3,0,0.4,,800,,,,,2,,,
ClassicGumtree,9,4,5,3,0,1,0,0,3,3,0,0.5,,800,,,,,2,,,
ClassicGumtree,9,4,5,3,0,1,0,0,3,3,0,0.6,,800,,,,,2,,,
ClassicGumtree,24,6,12,10,0,2,0,0,2,3,0,0.7,,800,,,,,2,,,
ClassicGumtree,24,6,12,10,0,2,0,0,3,3,0,0.799,,800,,,,,2,,,
ClassicGumtree,24,6,12,10,0,2,0,0,2,3,0,0.899,,800,,,,,2,,,
ClassicGumtree,75,53,13,11,0,51,0,0,3,3,0,0.999,,800,,,,,2,,,
ClassicGumtree,9,4,5,3,0,1,0,0,3,3,0,0.1,,900,,,,,2,,,
ClassicGumtree,9,4,5,3,0,1,0,0,3,3,0,0.2,,900,,,,,2,,,
ClassicGumtree,9,4,5,3,0,1,0,0,3,3,0,0.3,,900,,,,,2,,,
ClassicGumtree,9,4,5,3,0,1,0,0,3,3,0,0.4,,900,,,,,2,,,
ClassicGumtree,9,4,5,3,0,1,0,0,3,3,0,0.5,,900,,,,,2,,,
ClassicGumtree,9,4,5,3,0,1,0,0,3,3,0,0.6,,900,,,,,2,,,
ClassicGumtree,24,6,12,10,0,2,0,0,3,3,0,0.7,,900,,,,,2,,,
ClassicGumtree,24,6,12,10,0,2,0,0,3,3,0,0.799,,900,,,,,2,,,
ClassicGumtree,24,6,12,10,0,2,0,0,3,3,0,0.899,,900,,,,,2,,,
ClassicGumtree,75,53,13,11,0,51,0,0,2,3,0,0.999,,900,,,,,2,,,
ClassicGumtree,9,4,5,3,0,1,0,0,3,3,0,0.1,,1000,,,,,2,,,
ClassicGumtree,9,4,5,3,0,1,0,0,3,3,0,0.2,,1000,,,,,2,,,
ClassicGumtree,9,4,5,3,0,1,0,0,3,3,0,0.3,,1000,,,,,2,,,
ClassicGumtree,9,4,5,3,0,1,0,0,3,3,0,0.4,,1000,,,,,2,,,
ClassicGumtree,9,4,5,3,0,1,0,0,3,3,0,0.5,,1000,,,,,2,,,
ClassicGumtree,9,4,5,3,0,1,0,0,3,3,0,0.6,,1000,,,,,2,,,
ClassicGumtree,24,6,12,10,0,2,0,0,3,3,0,0.7,,1000,,,,,2,,,
ClassicGumtree,24,6,12,10,0,2,0,0,2,3,0,0.799,,1000,,,,,2,,,
ClassicGumtree,24,6,12,10,0,2,0,0,2,3,0,0.899,,1000,,,,,2,,,
ClassicGumtree,75,53,13,11,0,51,0,0,2,3,0,0.999,,1000,,,,,2,,,
ClassicGumtree,9,4,5,3,0,1,0,0,3,3,0,0.1,,1100,,,,,2,,,
ClassicGumtree,9,4,5,3,0,1,0,0,3,3,0,0.2,,1100,,,,,2,,,
ClassicGumtree,9,4,5,3,0,1,0,0,3,3,0,0.3,,1100,,,,,2,,,
ClassicGumtree,9,4,5,3,0,1,0,0,3,3,0,0.4,,1100,,,,,2,,,
ClassicGumtree,9,4,5,3,0,1,0,0,3,3,0,0.5,,1100,,,,,2,,,
ClassicGumtree,9,4,5,3,0,1,0,0,3,3,0,0.6,,1100,,,,,2,,,
ClassicGumtree,24,6,12,10,0,2,0,0,2,3,0,0.7,,1100,,,,,2,,,
ClassicGumtree,24,6,12,10,0,2,0,0,3,3,0,0.799,,1100,,,,,2,,,
ClassicGumtree,24,6,12,10,0,2,0,0,2,3,0,0.899,,1100,,,,,2,,,
ClassicGumtree,75,53,13,11,0,51,0,0,3,3,0,0.999,,1100,,,,,2,,,
ClassicGumtree,9,4,5,3,0,1,0,0,3,3,0,0.1,,1200,,,,,2,,,
ClassicGumtree,9,4,5,3,0,1,0,0,3,3,0,0.2,,1200,,,,,2,,,
ClassicGumtree,9,4,5,3,0,1,0,0,3,3,0,0.3,,1200,,,,,2,,,
ClassicGumtree,9,4,5,3,0,1,0,0,2,3,0,0.4,,1200,,,,,2,,,
ClassicGumtree,9,4,5,3,0,1,0,0,3,3,0,0.5,,1200,,,,,2,,,
ClassicGumtree,9,4,5,3,0,1,0,0,3,3,0,0.6,,1200,,,,,2,,,
ClassicGumtree,24,6,12,10,0,2,0,0,2,3,0,0.7,,1200,,,,,2,,,
ClassicGumtree,24,6,12,10,0,2,0,0,3,3,0,0.799,,1200,,,,,2,,,
ClassicGumtree,24,6,12,10,0,2,0,0,3,3,0,0.899,,1200,,,,,2,,,
ClassicGumtree,75,53,13,11,0,51,0,0,3,3,0,0.999,,1200,,,,,2,,,
ClassicGumtree,3,2,2,0,0,1,0,0,2755,3,0,0.1,,1300,,,,,2,,,
ClassicGumtree,3,2,2,0,0,1,0,0,2738,3,0,0.2,,1300,,,,,2,,,
ClassicGumtree,3,2,2,0,0,1,0,0,2755,3,0,0.3,,1300,,,,,2,,,
ClassicGumtree,3,2,2,0,0,1,0,0,2737,3,0,0.4,,1300,,,,,2,,,
ClassicGumtree,3,2,2,0,0,1,0,0,2753,3,0,0.5,,1300,,,,,2,,,
ClassicGumtree,3,2,2,0,0,1,0,0,2740,3,0,0.6,,1300,,,,,2,,,
ClassicGumtree,3,2,2,0,0,1,0,0,2746,3,0,0.7,,1300,,,,,2,,,
ClassicGumtree,3,2,2,0,0,1,0,0,2754,3,0,0.799,,1300,,,,,2,,,
ClassicGumtree,3,2,2,0,0,1,0,0,2737,3,0,0.899,,1300,,,,,2,,,
ClassicGumtree,3,2,2,0,0,1,0,0,1382,3,0,0.999,,1300,,,,,2,,,
ClassicGumtree,3,2,2,0,0,1,0,0,2733,3,0,0.1,,1400,,,,,2,,,
ClassicGumtree,3,2,2,0,0,1,0,0,2739,3,0,0.2,,1400,,,,,2,,,
ClassicGumtree,3,2,2,0,0,1,0,0,2739,3,0,0.3,,1400,,,,,2,,,
ClassicGumtree,3,2,2,0,0,1,0,0,2736,3,0,0.4,,1400,,,,,2,,,
ClassicGumtree,3,2,2,0,0,1,0,0,2752,3,0,0.5,,1400,,,,,2,,,
ClassicGumtree,3,2,2,0,0,1,0,0,2751,3,0,0.6,,1400,,,,,2,,,
ClassicGumtree,3,2,2,0,0,1,0,0,2753,3,0,0.7,,1400,,,,,2,,,
ClassicGumtree,3,2,2,0,0,1,0,0,2746,3,0,0.799,,1400,,,,,2,,,
ClassicGumtree,3,2,2,0,0,1,0,0,2753,3,0,0.899,,1400,,,,,2,,,
ClassicGumtree,3,2,2,0,0,1,0,0,1376,3,0,0.999,,1400,,,,,2,,,
ClassicGumtree,3,2,2,0,0,1,0,0,2755,3,0,0.1,,1500,,,,,2,,,
ClassicGumtree,3,2,2,0,0,1,0,0,2752,3,0,0.2,,1500,,,,,2,,,
ClassicGumtree,3,2,2,0,0,1,0,0,2756,3,0,0.3,,1500,,,,,2,,,
ClassicGumtree,3,2,2,0,0,1,0,0,2756,3,0,0.4,,1500,,,,,2,,,
ClassicGumtree,3,2,2,0,0,1,0,0,2756,3,0,0.5,,1500,,,,,2,,,
ClassicGumtree,3,2,2,0,0,1,0,0,2753,3,0,0.6,,1500,,,,,2,,,
ClassicGumtree,3,2,2,0,0,1,0,0,2755,3,0,0.7,,1500,,,,,2,,,
ClassicGumtree,3,2,2,0,0,1,0,0,2757,3,0,0.799,,1500,,,,,2,,,
ClassicGumtree,3,2,2,0,0,1,0,0,2752,3,0,0.899,,1500,,,,,2,,,
ClassicGumtree,3,2,2,0,0,1,0,0,1365,3,0,0.999,,1500,,,,,2,,,
ClassicGumtree,3,2,2,0,0,1,0,0,2771,3,0,0.1,,1600,,,,,2,,,
ClassicGumtree,3,2,2,0,0,1,0,0,2716,3,0,0.2,,1600,,,,,2,,,
ClassicGumtree,3,2,2,0,0,1,0,0,2744,3,0,0.3,,1600,,,,,2,,,
ClassicGumtree,3,2,2,0,0,1,0,0,2761,3,0,0.4,,1600,,,,,2,,,
ClassicGumtree,3,2,2,0,0,1,0,0,2755,3,0,0.5,,1600,,,,,2,,,
ClassicGumtree,3,2,2,0,0,1,0,0,2760,3,0,0.6,,1600,,,,,2,,,
ClassicGumtree,3,2,2,0,0,1,0,0,2749,3,0,0.7,,1600,,,,,2,,,
ClassicGumtree,3,2,2,0,0,1,0,0,2749,3,0,0.799,,1600,,,,,2,,,
ClassicGumtree,3,2,2,0,0,1,0,0,2761,3,0,0.899,,1600,,,,,2,,,
ClassicGumtree,3,2,2,0,0,1,0,0,1371,3,0,0.999,,1600,,,,,2,,,
ClassicGumtree,3,2,2,0,0,1,0,0,2766,3,0,0.1,,1700,,,,,2,,,
ClassicGumtree,3,2,2,0,0,1,0,0,2746,3,0,0.2,,1700,,,,,2,,,
ClassicGumtree,3,2,2,0,0,1,0,0,2736,3,0,0.3,,1700,,,,,2,,,
ClassicGumtree,3,2,2,0,0,1,0,0,2715,3,0,0.4,,1700,,,,,2,,,
ClassicGumtree,3,2,2,0,0,1,0,0,2713,3,0,0.5,,1700,,,,,2,,,
ClassicGumtree,3,2,2,0,0,1,0,0,2717,3,0,0.6,,1700,,,,,2,,,
ClassicGumtree,3,2,2,0,0,1,0,0,2719,3,0,0.7,,1700,,,,,2,,,
ClassicGumtree,3,2,2,0,0,1,0,0,2762,3,0,0.799,,1700,,,,,2,,,
ClassicGumtree,3,2,2,0,0,1,0,0,2759,3,0,0.899,,1700,,,,,2,,,
ClassicGumtree,3,2,2,0,0,1,0,0,1363,3,0,0.999,,1700,,,,,2,,,
ClassicGumtree,3,2,2,0,0,1,0,0,2747,3,0,0.1,,1800,,,,,2,,,
ClassicGumtree,3,2,2,0,0,1,0,0,2760,3,0,0.2,,1800,,,,,2,,,
ClassicGumtree,3,2,2,0,0,1,0,0,2778,3,0,0.3,,1800,,,,,2,,,
ClassicGumtree,3,2,2,0,0,1,0,0,2749,3,0,0.4,,1800,,,,,2,,,
ClassicGumtree,3,2,2,0,0,1,0,0,2752,3,0,0.5,,1800,,,,,2,,,
ClassicGumtree,3,2,2,0,0,1,0,0,2753,3,0,0.6,,1800,,,,,2,,,
ClassicGumtree,3,2,2,0,0,1,0,0,2749,3,0,0.7,,1800,,,,,2,,,
ClassicGumtree,3,2,2,0,0,1,0,0,2757,3,0,0.799,,1800,,,,,2,,,
ClassicGumtree,3,2,2,0,0,1,0,0,2732,3,0,0.899,,1800,,,,,2,,,
ClassicGumtree,3,2,2,0,0,1,0,0,1365,3,0,0.999,,1800,,,,,2,,,
ClassicGumtree,3,2,2,0,0,1,0,0,2749,3,0,0.1,,1900,,,,,2,,,
ClassicGumtree,3,2,2,0,0,1,0,0,2750,3,0,0.2,,1900,,,,,2,,,
ClassicGumtree,3,2,2,0,0,1,0,0,2747,3,0,0.3,,1900,,,,,2,,,
ClassicGumtree,3,2,2,0,0,1,0,0,2752,3,0,0.4,,1900,,,,,2,,,
ClassicGumtree,3,2,2,0,0,1,0,0,2729,3,0,0.5,,1900,,,,,2,,,
ClassicGumtree,3,2,2,0,0,1,0,0,2733,3,0,0.6,,1900,,,,,2,,,
ClassicGumtree,3,2,2,0,0,1,0,0,2736,3,0,0.7,,1900,,,,,2,,,
ClassicGumtree,3,2,2,0,0,1,0,0,2738,3,0,0.799,,1900,,,,,2,,,
ClassicGumtree,3,2,2,0,0,1,0,0,2737,3,0,0.899,,1900,,,,,2,,,
ClassicGumtree,3,2,2,0,0,1,0,0,1386,3,0,0.999,,1900,,,,,2,,,
ClassicGumtree,3,2,2,0,0,1,0,0,2751,3,0,0.1,,2000,,,,,2,,,
ClassicGumtree,3,2,2,0,0,1,0,0,2759,3,0,0.2,,2000,,,,,2,,,
ClassicGumtree,3,2,2,0,0,1,0,0,2754,3,0,0.3,,2000,,,,,2,,,
ClassicGumtree,3,2,2,0,0,1,0,0,2756,3,0,0.4,,2000,,,,,2,,,
ClassicGumtree,3,2,2,0,0,1,0,0,2755,3,0,0.5,,2000,,,,,2,,,
ClassicGumtree,3,2,2,0,0,1,0,0,2735,3,0,0.6,,2000,,,,,2,,,
ClassicGumtree,3,2,2,0,0,1,0,0,2752,3,0,0.7,,2000,,,,,2,,,
ClassicGumtree,3,2,2,0,0,1,0,0,2741,3,0,0.799,,2000,,,,,2,,,
ClassicGumtree,3,2,2,0,0,1,0,0,2735,3,0,0.899,,2000,,,,,2,,,
ClassicGumtree,3,2,2,0,0,1,0,0,1382,3,0,0.999,,2000,,,,,2,,,
ClassicGumtree,109,24,55,53,0,1,0,0,3,3,0,0.1,,100,,,,,3,,,
ClassicGumtree,109,24,55,53,0,1,0,0,3,3,0,0.2,,100,,,,,3,,,
ClassicGumtree,109,24,55,53,0,1,0,0,3,3,0,0.3,,100,,,,,3,,,
ClassicGumtree,131,25,66,64,0,1,0,0,3,3,0,0.4,,100,,,,,3,,,
ClassicGumtree,131,25,66,64,0,1,0,0,2,3,0,0.5,,100,,,,,3,,,
ClassicGumtree,131,25,66,64,0,1,0,0,3,3,0,0.6,,100,,,,,3,,,
ClassicGumtree,131,25,66,64,0,1,0,0,2,3,0,0.7,,100,,,,,3,,,
ClassicGumtree,131,25,66,64,0,1,0,0,3,3,0,0.799,,100,,,,,3,,,
ClassicGumtree,131,25,66,64,0,1,0,0,2,3,0,0.899,,100,,,,,3,,,
ClassicGumtree,172,42,67,65,0,40,0,0,3,3,0,0.999,,100,,,,,3,,,
ClassicGumtree,109,24,55,53,0,1,0,0,3,3,0,0.1,,200,,,,,3,,,
ClassicGumtree,109,24,55,53,0,1,0,0,3,3,0,0.2,,200,,,,,3,,,
ClassicGumtree,109,24,55,53,0,1,0,0,3,3,0,0.3,,200,,,,,3,,,
ClassicGumtree,131,25,66,64,0,1,0,0,2,3,0,0.4,,200,,,,,3,,,
ClassicGumtree,131,25,66,64,0,1,0,0,3,3,0,0.5,,200,,,,,3,,,
ClassicGumtree,131,25,66,64,0,1,0,0,2,3,0,0.6,,200,,,,,3,,,
ClassicGumtree,131,25,66,64,0,1,0,0,3,3,0,0.7,,200,,,,,3,,,
ClassicGumtree,131,25,66,64,0,1,0,0,3,3,0,0.799,,200,,,,,3,,,
ClassicGumtree,131,25,66,64,0,1,0,0,2,3,0,0.899,,200,,,,,3,,,
ClassicGumtree,172,42,67,65,0,40,0,0,2,3,0,0.999,,200,,,,,3,,,
ClassicGumtree,109,24,55,53,0,1,0,0,3,3,0,0.1,,300,,,,,3,,,
ClassicGumtree,109,24,55,53,0,1,0,0,3,3,0,0.2,,300,,,,,3,,,
ClassicGumtree,109,24,55,53,0,1,0,0,3,3,0,0.3,,300,,,,,3,,,
ClassicGumtree,131,25,66,64,0,1,0,0,2,3,0,0.4,,300,,,,,3,,,
ClassicGumtree,131,25,66,64,0,1,0,0,3,3,0,0.5,,300,,,,,3,,,
ClassicGumtree,131,25,66,64,0,1,0,0,3,3,0,0.6,,300,,,,,3,,,
ClassicGumtree,131,25,66,64,0,1,0,0,3,3,0,0.7,,300,,,,,3,,,
ClassicGumtree,131,25,66,64,0,1,0,0,2,3,0,0.799,,300,,,,,3,,,
ClassicGumtree,131,25,66,64,0,1,0,0,2,3,0,0.899,,300,,,,,3,,,
ClassicGumtree,172,42,67,65,0,40,0,0,2,3,0,0.999,,300,,,,,3,,,
ClassicGumtree,109,24,55,53,0,1,0,0,3,3,0,0.1,,400,,,,,3,,,
ClassicGumtree,109,24,55,53,0,1,0,0,3,3,0,0.2,,400,,,,,3,,,
ClassicGumtree,109,24,55,53,0,1,0,0,3,3,0,0.3,,400,,,,,3,,,
ClassicGumtree,131,25,66,64,0,1,0,0,3,3,0,0.4,,400,,,,,3,,,
ClassicGumtree,131,25,66,64,0,1,0,0,3,3,0,0.5,,400,,,,,3,,,
ClassicGumtree,131,25,66,64,0,1,0,0,3,3,0,0.6,,400,,,,,3,,,
ClassicGumtree,131,25,66,64,0,1,0,0,2,3,0,0.7,,400,,,,,3,,,
ClassicGumtree,131,25,66,64,0,1,0,0,2,3,0,0.799,,400,,,,,3,,,
ClassicGumtree,131,25,66,64,0,1,0,0,2,3,0,0.899,,400,,,,,3,,,
ClassicGumtree,172,42,67,65,0,40,0,0,2,3,0,0.999,,400,,,,,3,,,
ClassicGumtree,109,24,55,53,0,1,0,0,3,3,0,0.1,,500,,,,,3,,,
ClassicGumtree,109,24,55,53,0,1,0,0,3,3,0,0.2,,500,,,,,3,,,
ClassicGumtree,109,24,55,53,0,1,0,0,3,3,0,0.3,,500,,,,,3,,,
ClassicGumtree,131,25,66,64,0,1,0,0,3,3,0,0.4,,500,,,,,3,,,
ClassicGumtree,131,25,66,64,0,1,0,0,3,3,0,0.5,,500,,,,,3,,,
ClassicGumtree,131,25,66,64,0,1,0,0,3,3,0,0.6,,500,,,,,3,,,
ClassicGumtree,131,25,66,64,0,1,0,0,2,3,0,0.7,,500,,,,,3,,,
ClassicGumtree,131,25,66,64,0,1,0,0,3,3,0,0.799,,500,,,,,3,,,
ClassicGumtree,131,25,66,64,0,1,0,0,2,3,0,0.899,,500,,,,,3,,,
ClassicGumtree,172,42,67,65,0,40,0,0,2,3,0,0.999,,500,,,,,3,,,
ClassicGumtree,109,24,55,53,0,1,0,0,3,3,0,0.1,,600,,,,,3,,,
ClassicGumtree,109,24,55,53,0,1,0,0,3,3,0,0.2,,600,,,,,3,,,
ClassicGumtree,109,24,55,53,0,1,0,0,3,3,0,0.3,,600,,,,,3,,,
ClassicGumtree,131,25,66,64,0,1,0,0,3,3,0,0.4,,600,,,,,3,,,
ClassicGumtree,131,25,66,64,0,1,0,0,3,3,0,0.5,,600,,,,,3,,,
ClassicGumtree,131,25,66,64,0,1,0,0,2,3,0,0.6,,600,,,,,3,,,
ClassicGumtree,131,25,66,64,0,1,0,0,2,3,0,0.7,,600,,,,,3,,,
ClassicGumtree,131,25,66,64,0,1,0,0,2,3,0,0.799,,600,,,,,3,,,
ClassicGumtree,131,25,66,64,0,1,0,0,2,3,0,0.899,,600,,,,,3,,,
ClassicGumtree,172,42,67,65,0,40,0,0,3,3,0,0.999,,600,,,,,3,,,
ClassicGumtree,109,24,55,53,0,1,0,0,3,3,0,0.1,,700,,,,,3,,,
ClassicGumtree,109,24,55,53,0,1,0,0,3,3,0,0.2,,700,,,,,3,,,
ClassicGumtree,109,24,55,53,0,1,0,0,3,3,0,0.3,,700,,,,,3,,,
ClassicGumtree,131,25,66,64,0,1,0,0,3,3,0,0.4,,700,,,,,3,,,
ClassicGumtree,131,25,66,64,0,1,0,0,2,3,0,0.5,,700,,,,,3,,,
ClassicGumtree,131,25,66,64,0,1,0,0,3,3,0,0.6,,700,,,,,3,,,
ClassicGumtree,131,25,66,64,0,1,0,0,3,3,0,0.7,,700,,,,,3,,,
ClassicGumtree,131,25,66,64,0,1,0,0,3,3,0,0.799,,700,,,,,3,,,
ClassicGumtree,131,25,66,64,0,1,0,0,2,3,0,0.899,,700,,,,,3,,,
ClassicGumtree,172,42,67,65,0,40,0,0,3,3,0,0.999,,700,,,,,3,,,
ClassicGumtree,109,24,55,53,0,1,0,0,3,3,0,0.1,,800,,,,,3,,,
ClassicGumtree,109,24,55,53,0,1,0,0,3,3,0,0.2,,800,,,,,3,,,
ClassicGumtree,109,24,55,53,0,1,0,0,3,3,0,0.3,,800,,,,,3,,,
ClassicGumtree,131,25,66,64,0,1,0,0,3,3,0,0.4,,800,,,,,3,,,
ClassicGumtree,131,25,66,64,0,1,0,0,2,3,0,0.5,,800,,,,,3,,,
ClassicGumtree,131,25,66,64,0,1,0,0,2,3,0,0.6,,800,,,,,3,,,
ClassicGumtree,131,25,66,64,0,1,0,0,3,3,0,0.7,,800,,,,,3,,,
ClassicGumtree,131,25,66,64,0,1,0,0,2,3,0,0.799,,800,,,,,3,,,
ClassicGumtree,131,25,66,64,0,1,0,0,2,3,0,0.899,,800,,,,,3,,,
ClassicGumtree,172,42,67,65,0,40,0,0,3,3,0,0.999,,800,,,,,3,,,
ClassicGumtree,109,24,55,53,0,1,0,0,3,3,0,0.1,,900,,,,,3,,,
ClassicGumtree,109,24,55,53,0,1,0,0,3,3,0,0.2,,900,,,,,3,,,
ClassicGumtree,109,24,55,53,0,1,0,0,3,3,0,0.3,,900,,,,,3,,,
ClassicGumtree,131,25,66,64,0,1,0,0,3,3,0,0.4,,900,,,,,3,,,
ClassicGumtree,131,25,66,64,0,1,0,0,2,3,0,0.5,,900,,,,,3,,,
ClassicGumtree,131,25,66,64,0,1,0,0,3,3,0,0.6,,900,,,,,3,,,
ClassicGumtree,131,25,66,64,0,1,0,0,2,3,0,0.7,,900,,,,,3,,,
ClassicGumtree,131,25,66,64,0,1,0,0,2,3,0,0.799,,900,,,,,3,,,
ClassicGumtree,131,25,66,64,0,1,0,0,2,3,0,0.899,,900,,,,,3,,,
ClassicGumtree,172,42,67,65,0,40,0,0,3,3,0,0.999,,900,,,,,3,,,
ClassicGumtree,109,24,55,53,0,1,0,0,2,3,0,0.1,,1000,,,,,3,,,
ClassicGumtree,109,24,55,53,0,1,0,0,3,3,0,0.2,,1000,,,,,3,,,
ClassicGumtree,109,24,55,53,0,1,0,0,3,3,0,0.3,,1000,,,,,3,,,
ClassicGumtree,131,25,66,64,0,1,0,0,3,3,0,0.4,,1000,,,,,3,,,
ClassicGumtree,131,25,66,64,0,1,0,0,3,3,0,0.5,,1000,,,,,3,,,
ClassicGumtree,131,25,66,64,0,1,0,0,2,3,0,0.6,,1000,,,,,3,,,
ClassicGumtree,131,25,66,64,0,1,0,0,2,3,0,0.7,,1000,,,,,3,,,
ClassicGumtree,131,25,66,64,0,1,0,0,3,3,0,0.799,,1000,,,,,3,,,
ClassicGumtree,131,25,66,64,0,1,0,0,3,3,0,0.899,,1000,,,,,3,,,
ClassicGumtree,172,42,67,65,0,40,0,0,2,3,0,0.999,,1000,,,,,3,,,
ClassicGumtree,109,24,55,53,0,1,0,0,3,3,0,0.1,,1100,,,,,3,,,
ClassicGumtree,109,24,55,53,0,1,0,0,3,3,0,0.2,,1100,,,,,3,,,
ClassicGumtree,109,24,55,53,0,1,0,0,3,3,0,0.3,,1100,,,,,3,,,
ClassicGumtree,131,25,66,64,0,1,0,0,2,3,0,0.4,,1100,,,,,3,,,
ClassicGumtree,131,25,66,64,0,1,0,0,3,3,0,0.5,,1100,,,,,3,,,
ClassicGumtree,131,25,66,64,0,1,0,0,2,3,0,0.6,,1100,,,,,3,,,
ClassicGumtree,131,25,66,64,0,1,0,0,3,3,0,0.7,,1100,,,,,3,,,
ClassicGumtree,131,25,66,64,0,1,0,0,3,3,0,0.799,,1100,,,,,3,,,
ClassicGumtree,131,25,66,64,0,1,0,0,2,3,0,0.899,,1100,,,,,3,,,
ClassicGumtree,172,42,67,65,0,40,0,0,2,3,0,0.999,,1100,,,,,3,,,
ClassicGumtree,109,24,55,53,0,1,0,0,3,3,0,0.1,,1200,,,,,3,,,
ClassicGumtree,109,24,55,53,0,1,0,0,3,3,0,0.2,,1200,,,,,3,,,
ClassicGumtree,109,24,55,53,0,1,0,0,3,3,0,0.3,,1200,,,,,3,,,
ClassicGumtree,131,25,66,64,0,1,0,0,3,3,0,0.4,,1200,,,,,3,,,
ClassicGumtree,131,25,66,64,0,1,0,0,3,3,0,0.5,,1200,,,,,3,,,
ClassicGumtree,131,25,66,64,0,1,0,0,3,3,0,0.6,,1200,,,,,3,,,
ClassicGumtree,131,25,66,64,0,1,0,0,2,3,0,0.7,,1200,,,,,3,,,
ClassicGumtree,131,25,66,64,0,1,0,0,2,3,0,0.799,,1200,,,,,3,,,
ClassicGumtree,131,25,66,64,0,1,0,0,2,3,0,0.899,,1200,,,,,3,,,
ClassicGumtree,172,42,67,65,0,40,0,0,2,3,0,0.999,,1200,,,,,3,,,
ClassicGumtree,3,2,2,0,0,1,0,0,2743,3,0,0.1,,1300,,,,,3,,,
ClassicGumtree,3,2,2,0,0,1,0,0,2760,3,0,0.2,,1300,,,,,3,,,
ClassicGumtree,3,2,2,0,0,1,0,0,2746,3,0,0.3,,1300,,,,,3,,,
ClassicGumtree,3,2,2,0,0,1,0,0,2755,3,0,0.4,,1300,,,,,3,,,
ClassicGumtree,3,2,2,0,0,1,0,0,2757,3,0,0.5,,1300,,,,,3,,,
ClassicGumtree,3,2,2,0,0,1,0,0,2763,3,0,0.6,,1300,,,,,3,,,
ClassicGumtree,3,2,2,0,0,1,0,0,2742,3,0,0.7,,1300,,,,,3,,,
ClassicGumtree,3,2,2,0,0,1,0,0,2752,3,0,0.799,,1300,,,,,3,,,
ClassicGumtree,3,2,2,0,0,1,0,0,2745,3,0,0.899,,1300,,,,,3,,,
ClassicGumtree,3,2,2,0,0,1,0,0,1386,3,0,0.999,,1300,,,,,3,,,
ClassicGumtree,3,2,2,0,0,1,0,0,2764,3,0,0.1,,1400,,,,,3,,,
ClassicGumtree,3,2,2,0,0,1,0,0,2774,3,0,0.2,,1400,,,,,3,,,
ClassicGumtree,3,2,2,0,0,1,0,0,2735,3,0,0.3,,1400,,,,,3,,,
ClassicGumtree,3,2,2,0,0,1,0,0,2750,3,0,0.4,,1400,,,,,3,,,
ClassicGumtree,3,2,2,0,0,1,0,0,2764,3,0,0.5,,1400,,,,,3,,,
ClassicGumtree,3,2,2,0,0,1,0,0,2757,3,0,0.6,,1400,,,,,3,,,
ClassicGumtree,3,2,2,0,0,1,0,0,2751,3,0,0.7,,1400,,,,,3,,,
ClassicGumtree,3,2,2,0,0,1,0,0,2761,3,0,0.799,,1400,,,,,3,,,
ClassicGumtree,3,2,2,0,0,1,0,0,2773,3,0,0.899,,1400,,,,,3,,,
ClassicGumtree,3,2,2,0,0,1,0,0,1409,3,0,0.999,,1400,,,,,3,,,
ClassicGumtree,3,2,2,0,0,1,0,0,2765,3,0,0.1,,1500,,,,,3,,,
ClassicGumtree,3,2,2,0,0,1,0,0,2751,3,0,0.2,,1500,,,,,3,,,
ClassicGumtree,3,2,2,0,0,1,0,0,2762,3,0,0.3,,1500,,,,,3,,,
ClassicGumtree,3,2,2,0,0,1,0,0,2767,3,0,0.4,,1500,,,,,3,,,
ClassicGumtree,3,2,2,0,0,1,0,0,2763,3,0,0.5,,1500,,,,,3,,,
ClassicGumtree,3,2,2,0,0,1,0,0,2751,3,0,0.6,,1500,,,,,3,,,
ClassicGumtree,3,2,2,0,0,1,0,0,2764,3,0,0.7,,1500,,,,,3,,,
ClassicGumtree,3,2,2,0,0,1,0,0,2763,3,0,0.799,,1500,,,,,3,,,
ClassicGumtree,3,2,2,0,0,1,0,0,2765,3,0,0.899,,1500,,,,,3,,,
ClassicGumtree,3,2,2,0,0,1,0,0,1415,3,0,0.999,,1500,,,,,3,,,
ClassicGumtree,3,2,2,0,0,1,0,0,2761,3,0,0.1,,1600,,,,,3,,,
ClassicGumtree,3,2,2,0,0,1,0,0,2736,3,0,0.2,,1600,,,,,3,,,
ClassicGumtree,3,2,2,0,0,1,0,0,2734,3,0,0.3,,1600,,,,,3,,,
ClassicGumtree,3,2,2,0,0,1,0,0,2733,3,0,0.4,,1600,,,,,3,,,
ClassicGumtree,3,2,2,0,0,1,0,0,2733,3,0,0.5,,1600,,,,,3,,,
ClassicGumtree,3,2,2,0,0,1,0,0,2749,3,0,0.6,,1600,,,,,3,,,
ClassicGumtree,3,2,2,0,0,1,0,0,2749,3,0,0.7,,1600,,,,,3,,,
ClassicGumtree,3,2,2,0,0,1,0,0,2753,3,0,0.799,,1600,,,,,3,,,
ClassicGumtree,3,2,2,0,0,1,0,0,2750,3,0,0.899,,1600,,,,,3,,,
ClassicGumtree,3,2,2,0,0,1,0,0,1355,3,0,0.999,,1600,,,,,3,,,
ClassicGumtree,3,2,2,0,0,1,0,0,2739,3,0,0.1,,1700,,,,,3,,,
ClassicGumtree,3,2,2,0,0,1,0,0,2731,3,0,0.2,,1700,,,,,3,,,
ClassicGumtree,3,2,2,0,0,1,0,0,2718,3,0,0.3,,1700,,,,,3,,,
ClassicGumtree,3,2,2,0,0,1,0,0,2716,3,0,0.4,,1700,,,,,3,,,
ClassicGumtree,3,2,2,0,0,1,0,0,2743,3,0,0.5,,1700,,,,,3,,,
ClassicGumtree,3,2,2,0,0,1,0,0,2746,3,0,0.6,,1700,,,,,3,,,
ClassicGumtree,3,2,2,0,0,1,0,0,2770,3,0,0.7,,1700,,,,,3,,,
ClassicGumtree,3,2,2,0,0,1,0,0,2764,3,0,0.799,,1700,,,,,3,,,
ClassicGumtree,3,2,2,0,0,1,0,0,2755,3,0,0.899,,1700,,,,,3,,,
ClassicGumtree,3,2,2,0,0,1,0,0,1368,3,0,0.999,,1700,,,,,3,,,
ClassicGumtree,3,2,2,0,0,1,0,0,2753,3,0,0.1,,1800,,,,,3,,,
ClassicGumtree,3,2,2,0,0,1,0,0,2747,3,0,0.2,,1800,,,,,3,,,
ClassicGumtree,3,2,2,0,0,1,0,0,2752,3,0,0.3,,1800,,,,,3,,,
ClassicGumtree,3,2,2,0,0,1,0,0,2744,3,0,0.4,,1800,,,,,3,,,
ClassicGumtree,3,2,2,0,0,1,0,0,2743,3,0,0.5,,1800,,,,,3,,,
ClassicGumtree,3,2,2,0,0,1,0,0,2717,3,0,0.6,,1800,,,,,3,,,
ClassicGumtree,3,2,2,0,0,1,0,0,2721,3,0,0.7,,1800,,,,,3,,,
ClassicGumtree,3,2,2,0,0,1,0,0,2733,3,0,0.799,,1800,,,,,3,,,
ClassicGumtree,3,2,2,0,0,1,0,0,2733,3,0,0.899,,1800,,,,,3,,,
ClassicGumtree,3,2,2,0,0,1,0,0,1367,3,0,0.999,,1800,,,,,3,,,
ClassicGumtree,3,2,2,0,0,1,0,0,2751,3,0,0.1,,1900,,,,,3,,,
ClassicGumtree,3,2,2,0,0,1,0,0,2760,3,0,0.2,,1900,,,,,3,,,
ClassicGumtree,3,2,2,0,0,1,0,0,2743,3,0,0.3,,1900,,,,,3,,,
ClassicGumtree,3,2,2,0,0,1,0,0,2745,3,0,0.4,,1900,,,,,3,,,
ClassicGumtree,3,2,2,0,0,1,0,0,2744,3,0,0.5,,1900,,,,,3,,,
ClassicGumtree,3,2,2,0,0,1,0,0,2753,3,0,0.6,,1900,,,,,3,,,
ClassicGumtree,3,2,2,0,0,1,0,0,2748,3,0,0.7,,1900,,,,,3,,,
ClassicGumtree,3,2,2,0,0,1,0,0,2757,3,0,0.799,,1900,,,,,3,,,
ClassicGumtree,3,2,2,0,0,1,0,0,2756,3,0,0.899,,1900,,,,,3,,,
ClassicGumtree,3,2,2,0,0,1,0,0,1398,3,0,0.999,,1900,,,,,3,,,
ClassicGumtree,3,2,2,0,0,1,0,0,2738,3,0,0.1,,2000,,,,,3,,,
ClassicGumtree,3,2,2,0,0,1,0,0,2748,3,0,0.2,,2000,,,,,3,,,
ClassicGumtree,3,2,2,0,0,1,0,0,2751,3,0,0.3,,2000,,,,,3,,,
ClassicGumtree,3,2,2,0,0,1,0,0,2739,3,0,0.4,,2000,,,,,3,,,
ClassicGumtree,3,2,2,0,0,1,0,0,2738,3,0,0.5,,2000,,,,,3,,,
ClassicGumtree,3,2,2,0,0,1,0,0,2740,3,0,0.6,,2000,,,,,3,,,
ClassicGumtree,3,2,2,0,0,1,0,0,2748,3,0,0.7,,2000,,,,,3,,,
ClassicGumtree,3,2,2,0,0,1,0,0,2736,3,0,0.799,,2000,,,,,3,,,
ClassicGumtree,3,2,2,0,0,1,0,0,2749,3,0,0.899,,2000,,,,,3,,,
ClassicGumtree,3,2,2,0,0,1,0,0,1389,3,0,0.999,,2000,,,,,3,,,
ClassicGumtree,212,30,107,105,0,0,0,0,2,3,0,0.1,,100,,,,,4,,,
ClassicGumtree,212,30,107,105,0,0,0,0,3,3,0,0.2,,100,,,,,4,,,
ClassicGumtree,212,30,107,105,0,0,0,0,2,3,0,0.3,,100,,,,,4,,,
ClassicGumtree,212,30,107,105,0,0,0,0,3,3,0,0.4,,100,,,,,4,,,
ClassicGumtree,212,30,107,105,0,0,0,0,2,3,0,0.5,,100,,,,,4,,,
ClassicGumtree,212,30,107,105,0,0,0,0,3,3,0,0.6,,100,,,,,4,,,
ClassicGumtree,212,30,107,105,0,0,0,0,2,3,0,0.7,,100,,,,,4,,,
ClassicGumtree,212,30,107,105,0,0,0,0,3,3,0,0.799,,100,,,,,4,,,
ClassicGumtree,212,30,107,105,0,0,0,0,2,3,0,0.899,,100,,,,,4,,,
ClassicGumtree,250,38,108,106,0,36,0,0,3,3,0,0.999,,100,,,,,4,,,
ClassicGumtree,212,30,107,105,0,0,0,0,3,3,0,0.1,,200,,,,,4,,,
ClassicGumtree,212,30,107,105,0,0,0,0,3,3,0,0.2,,200,,,,,4,,,
ClassicGumtree,212,30,107,105,0,0,0,0,3,3,0,0.3,,200,,,,,4,,,
ClassicGumtree,212,30,107,105,0,0,0,0,2,3,0,0.4,,200,,,,,4,,,
ClassicGumtree,212,30,107,105,0,0,0,0,2,3,0,0.5,,200,,,,,4,,,
ClassicGumtree,212,30,107,105,0,0,0,0,2,3,0,0.6,,200,,,,,4,,,
ClassicGumtree,212,30,107,105,0,0,0,0,3,3,0,0.7,,200,,,,,4,,,
ClassicGumtree,212,30,107,105,0,0,0,0,3,3,0,0.799,,200,,,,,4,,,
ClassicGumtree,212,30,107,105,0,0,0,0,3,3,0,0.899,,200,,,,,4,,,
ClassicGumtree,250,38,108,106,0,36,0,0,3,3,0,0.999,,200,,,,,4,,,
ClassicGumtree,212,30,107,105,0,0,0,0,2,3,0,0.1,,300,,,,,4,,,
ClassicGumtree,212,30,107,105,0,0,0,0,2,3,0,0.2,,300,,,,,4,,,
ClassicGumtree,212,30,107,105,0,0,0,0,2,3,0,0.3,,300,,,,,4,,,
ClassicGumtree,212,30,107,105,0,0,0,0,3,3,0,0.4,,300,,,,,4,,,
ClassicGumtree,212,30,107,105,0,0,0,0,3,3,0,0.5,,300,,,,,4,,,
ClassicGumtree,212,30,107,105,0,0,0,0,3,3,0,0.6,,300,,,,,4,,,
ClassicGumtree,212,30,107,105,0,0,0,0,2,3,0,0.7,,300,,,,,4,,,
ClassicGumtree,212,30,107,105,0,0,0,0,2,3,0,0.799,,300,,,,,4,,,
ClassicGumtree,212,30,107,105,0,0,0,0,2,3,0,0.899,,300,,,,,4,,,
ClassicGumtree,250,38,108,106,0,36,0,0,3,3,0,0.999,,300,,,,,4,,,
ClassicGumtree,212,30,107,105,0,0,0,0,3,3,0,0.1,,400,,,,,4,,,
ClassicGumtree,212,30,107,105,0,0,0,0,3,3,0,0.2,,400,,,,,4,,,
ClassicGumtree,212,30,107,105,0,0,0,0,2,3,0,0.3,,400,,,,,4,,,
ClassicGumtree,212,30,107,105,0,0,0,0,3,3,0,0.4,,400,,,,,4,,,
ClassicGumtree,212,30,107,105,0,0,0,0,2,3,0,0.5,,400,,,,,4,,,
ClassicGumtree,212,30,107,105,0,0,0,0,3,3,0,0.6,,400,,,,,4,,,
ClassicGumtree,212,30,107,105,0,0,0,0,2,3,0,0.7,,400,,,,,4,,,
ClassicGumtree,212,30,107,105,0,0,0,0,3,3,0,0.799,,400,,,,,4,,,
ClassicGumtree,212,30,107,105,0,0,0,0,3,3,0,0.899,,400,,,,,4,,,
ClassicGumtree,250,38,108,106,0,36,0,0,3,3,0,0.999,,400,,,,,4,,,
ClassicGumtree,212,30,107,105,0,0,0,0,2,3,0,0.1,,500,,,,,4,,,
ClassicGumtree,212,30,107,105,0,0,0,0,2,3,0,0.2,,500,,,,,4,,,
ClassicGumtree,212,30,107,105,0,0,0,0,2,3,0,0.3,,500,,,,,4,,,
ClassicGumtree,212,30,107,105,0,0,0,0,3,3,0,0.4,,500,,,,,4,,,
ClassicGumtree,212,30,107,105,0,0,0,0,3,3,0,0.5,,500,,,,,4,,,
ClassicGumtree,212,30,107,105,0,0,0,0,3,3,0,0.6,,500,,,,,4,,,
ClassicGumtree,212,30,107,105,0,0,0,0,2,3,0,0.7,,500,,,,,4,,,
ClassicGumtree,212,30,107,105,0,0,0,0,2,3,0,0.799,,500,,,,,4,,,
ClassicGumtree,212,30,107,105,0,0,0,0,2,3,0,0.899,,500,,,,,4,,,
ClassicGumtree,250,38,108,106,0,36,0,0,3,3,0,0.999,,500,,,,,4,,,
ClassicGumtree,212,30,107,105,0,0,0,0,3,3,0,0.1,,600,,,,,4,,,
ClassicGumtree,212,30,107,105,0,0,0,0,3,3,0,0.2,,600,,,,,4,,,
ClassicGumtree,212,30,107,105,0,0,0,0,3,3,0,0.3,,600,,,,,4,,,
ClassicGumtree,212,30,107,105,0,0,0,0,3,3,0,0.4,,600,,,,,4,,,
ClassicGumtree,212,30,107,105,0,0,0,0,2,3,0,0.5,,600,,,,,4,,,
ClassicGumtree,212,30,107,105,0,0,0,0,2,3,0,0.6,,600,,,,,4,,,
ClassicGumtree,212,30,107,105,0,0,0,0,3,3,0,0.7,,600,,,,,4,,,
ClassicGumtree,212,30,107,105,0,0,0,0,2,3,0,0.799,,600,,,,,4,,,
ClassicGumtree,212,30,107,105,0,0,0,0,3,3,0,0.899,,600,,,,,4,,,
ClassicGumtree,250,38,108,106,0,36,0,0,3,3,0,0.999,,600,,,,,4,,,
ClassicGumtree,212,30,107,105,0,0,0,0,2,3,0,0.1,,700,,,,,4,,,
ClassicGumtree,212,30,107,105,0,0,0,0,3,3,0,0.2,,700,,,,,4,,,
ClassicGumtree,212,30,107,105,0,0,0,0,2,3,0,0.3,,700,,,,,4,,,
ClassicGumtree,212,30,107,105,0,0,0,0,3,3,0,0.4,,700,,,,,4,,,
ClassicGumtree,212,30,107,105,0,0,0,0,3,3,0,0.5,,700,,,,,4,,,
ClassicGumtree,212,30,107,105,0,0,0,0,2,3,0,0.6,,700,,,,,4,,,
ClassicGumtree,212,30,107,105,0,0,0,0,3,3,0,0.7,,700,,,,,4,,,
ClassicGumtree,212,30,107,105,0,0,0,0,2,3,0,0.799,,700,,,,,4,,,
ClassicGumtree,212,30,107,105,0,0,0,0,2,3,0,0.899,,700,,,,,4,,,
ClassicGumtree,250,38,108,106,0,36,0,0,3,3,0,0.999,,700,,,,,4,,,
ClassicGumtree,212,30,107,105,0,0,0,0,2,3,0,0.1,,800,,,,,4,,,
ClassicGumtree,212,30,107,105,0,0,0,0,3,3,0,0.2,,800,,,,,4,,,
ClassicGumtree,212,30,107,105,0,0,0,0,3,3,0,0.3,,800,,,,,4,,,
ClassicGumtree,212,30,107,105,0,0,0,0,3,3,0,0.4,,800,,,,,4,,,
ClassicGumtree,212,30,107,105,0,0,0,0,3,3,0,0.5,,800,,,,,4,,,
ClassicGumtree,212,30,107,105,0,0,0,0,2,3,0,0.6,,800,,,,,4,,,
ClassicGumtree,212,30,107,105,0,0,0,0,2,3,0,0.7,,800,,,,,4,,,
ClassicGumtree,212,30,107,105,0,0,0,0,2,3,0,0.799,,800,,,,,4,,,
ClassicGumtree,212,30,107,105,0,0,0,0,2,3,0,0.899,,800,,,,,4,,,
ClassicGumtree,250,38,108,106,0,36,0,0,3,3,0,0.999,,800,,,,,4,,,
ClassicGumtree,212,30,107,105,0,0,0,0,3,3,0,0.1,,900,,,,,4,,,
ClassicGumtree,212,30,107,105,0,0,0,0,3,3,0,0.2,,900,,,,,4,,,
ClassicGumtree,212,30,107,105,0,0,0,0,3,3,0,0.3,,900,,,,,4,,,
ClassicGumtree,212,30,107,105,0,0,0,0,2,3,0,0.4,,900,,,,,4,,,
ClassicGumtree,212,30,107,105,0,0,0,0,2,3,0,0.5,,900,,,,,4,,,
ClassicGumtree,212,30,107,105,0,0,0,0,2,3,0,0.6,,900,,,,,4,,,
ClassicGumtree,212,30,107,105,0,0,0,0,2,3,0,0.7,,900,,,,,4,,,
ClassicGumtree,212,30,107,105,0,0,0,0,3,3,0,0.799,,900,,,,,4,,,
ClassicGumtree,212,30,107,105,0,0,0,0,3,3,0,0.899,,900,,,,,4,,,
ClassicGumtree,250,38,108,106,0,36,0,0,3,3,0,0.999,,900,,,,,4,,,
ClassicGumtree,212,30,107,105,0,0,0,0,3,3,0,0.1,,1000,,,,,4,,,
ClassicGumtree,212,30,107,105,0,0,0,0,2,3,0,0.2,,1000,,,,,4,,,
ClassicGumtree,212,30,107,105,0,0,0,0,2,3,0,0.3,,1000,,,,,4,,,
ClassicGumtree,212,30,107,105,0,0,0,0,2,3,0,0.4,,1000,,,,,4,,,
ClassicGumtree,212,30,107,105,0,0,0,0,2,3,0,0.5,,1000,,,,,4,,,
ClassicGumtree,212,30,107,105,0,0,0,0,3,3,0,0.6,,1000,,,,,4,,,
ClassicGumtree,212,30,107,105,0,0,0,0,3,3,0,0.7,,1000,,,,,4,,,
ClassicGumtree,212,30,107,105,0,0,0,0,3,3,0,0.799,,1000,,,,,4,,,
ClassicGumtree,212,30,107,105,0,0,0,0,2,3,0,0.899,,1000,,,,,4,,,
ClassicGumtree,250,38,108,106,0,36,0,0,3,3,0,0.999,,1000,,,,,4,,,
ClassicGumtree,212,30,107,105,0,0,0,0,2,3,0,0.1,,1100,,,,,4,,,
ClassicGumtree,212,30,107,105,0,0,0,0,2,3,0,0.2,,1100,,,,,4,,,
ClassicGumtree,212,30,107,105,0,0,0,0,3,3,0,0.3,,1100,,,,,4,,,
ClassicGumtree,212,30,107,105,0,0,0,0,2,3,0,0.4,,1100,,,,,4,,,
ClassicGumtree,212,30,107,105,0,0,0,0,3,3,0,0.5,,1100,,,,,4,,,
ClassicGumtree,212,30,107,105,0,0,0,0,3,3,0,0.6,,1100,,,,,4,,,
ClassicGumtree,212,30,107,105,0,0,0,0,2,3,0,0.7,,1100,,,,,4,,,
ClassicGumtree,212,30,107,105,0,0,0,0,3,3,0,0.799,,1100,,,,,4,,,
ClassicGumtree,212,30,107,105,0,0,0,0,2,3,0,0.899,,1100,,,,,4,,,
ClassicGumtree,250,38,108,106,0,36,0,0,3,3,0,0.999,,1100,,,,,4,,,
ClassicGumtree,212,30,107,105,0,0,0,0,3,3,0,0.1,,1200,,,,,4,,,
ClassicGumtree,212,30,107,105,0,0,0,0,2,3,0,0.2,,1200,,,,,4,,,
ClassicGumtree,212,30,107,105,0,0,0,0,2,3,0,0.3,,1200,,,,,4,,,
ClassicGumtree,212,30,107,105,0,0,0,0,2,3,0,0.4,,1200,,,,,4,,,
ClassicGumtree,212,30,107,105,0,0,0,0,2,3,0,0.5,,1200,,,,,4,,,
ClassicGumtree,212,30,107,105,0,0,0,0,3,3,0,0.6,,1200,,,,,4,,,
ClassicGumtree,212,30,107,105,0,0,0,0,3,3,0,0.7,,1200,,,,,4,,,
ClassicGumtree,212,30,107,105,0,0,0,0,3,3,0,0.799,,1200,,,,,4,,,
ClassicGumtree,212,30,107,105,0,0,0,0,3,3,0,0.899,,1200,,,,,4,,,
ClassicGumtree,250,38,108,106,0,36,0,0,2,3,0,0.999,,1200,,,,,4,,,
ClassicGumtree,3,2,2,0,0,1,0,0,2760,3,0,0.1,,1300,,,,,4,,,
ClassicGumtree,3,2,2,0,0,1,0,0,2757,3,0,0.2,,1300,,,,,4,,,
ClassicGumtree,3,2,2,0,0,1,0,0,2740,3,0,0.3,,1300,,,,,4,,,
ClassicGumtree,3,2,2,0,0,1,0,0,2758,3,0,0.4,,1300,,,,,4,,,
ClassicGumtree,3,2,2,0,0,1,0,0,2739,3,0,0.5,,1300,,,,,4,,,
ClassicGumtree,3,2,2,0,0,1,0,0,2738,3,0,0.6,,1300,,,,,4,,,
ClassicGumtree,3,2,2,0,0,1,0,0,2738,3,0,0.7,,1300,,,,,4,,,
ClassicGumtree,3,2,2,0,0,1,0,0,2755,3,0,0.799,,1300,,,,,4,,,
ClassicGumtree,3,2,2,0,0,1,0,0,2736,3,0,0.899,,1300,,,,,4,,,
ClassicGumtree,3,2,2,0,0,1,0,0,1390,3,0,0.999,,1300,,,,,4,,,
ClassicGumtree,3,2,2,0,0,1,0,0,2761,3,0,0.1,,1400,,,,,4,,,
ClassicGumtree,3,2,2,0,0,1,0,0,2735,3,0,0.2,,1400,,,,,4,,,
ClassicGumtree,3,2,2,0,0,1,0,0,2759,3,0,0.3,,1400,,,,,4,,,
ClassicGumtree,3,2,2,0,0,1,0,0,2755,3,0,0.4,,1400,,,,,4,,,
ClassicGumtree,3,2,2,0,0,1,0,0,2759,3,0,0.5,,1400,,,,,4,,,
ClassicGumtree,3,2,2,0,0,1,0,0,2755,3,0,0.6,,1400,,,,,4,,,
ClassicGumtree,3,2,2,0,0,1,0,0,2750,3,0,0.7,,1400,,,,,4,,,
ClassicGumtree,3,2,2,0,0,1,0,0,2745,3,0,0.799,,1400,,,,,4,,,
ClassicGumtree,3,2,2,0,0,1,0,0,2751,3,0,0.899,,1400,,,,,4,,,
ClassicGumtree,3,2,2,0,0,1,0,0,1383,3,0,0.999,,1400,,,,,4,,,
ClassicGumtree,3,2,2,0,0,1,0,0,2733,3,0,0.1,,1500,,,,,4,,,
ClassicGumtree,3,2,2,0,0,1,0,0,2753,3,0,0.2,,1500,,,,,4,,,
ClassicGumtree,3,2,2,0,0,1,0,0,2736,3,0,0.3,,1500,,,,,4,,,
ClassicGumtree,3,2,2,0,0,1,0,0,2753,3,0,0.4,,1500,,,,,4,,,
ClassicGumtree,3,2,2,0,0,1,0,0,2751,3,0,0.5,,1500,,,,,4,,,
ClassicGumtree,3,2,2,0,0,1,0,0,2755,3,0,0.6,,1500,,,,,4,,,
ClassicGumtree,3,2,2,0,0,1,0,0,2735,3,0,0.7,,1500,,,,,4,,,
ClassicGumtree,3,2,2,0,0,1,0,0,2745,3,0,0.799,,1500,,,,,4,,,
ClassicGumtree,3,2,2,0,0,1,0,0,2735,3,0,0.899,,1500,,,,,4,,,
ClassicGumtree,3,2,2,0,0,1,0,0,1390,3,0,0.999,,1500,,,,,4,,,
ClassicGumtree,3,2,2,0,0,1,0,0,2755,3,0,0.1,,1600,,,,,4,,,
ClassicGumtree,3,2,2,0,0,1,0,0,2749,3,0,0.2,,1600,,,,,4,,,
ClassicGumtree,3,2,2,0,0,1,0,0,2755,3,0,0.3,,1600,,,,,4,,,
ClassicGumtree,3,2,2,0,0,1,0,0,2741,3,0,0.4,,1600,,,,,4,,,
ClassicGumtree,3,2,2,0,0,1,0,0,2756,3,0,0.5,,1600,,,,,4,,,
ClassicGumtree,3,2,2,0,0,1,0,0,2757,3,0,0.6,,1600,,,,,4,,,
ClassicGumtree,3,2,2,0,0,1,0,0,2754,3,0,0.7,,1600,,,,,4,,,
ClassicGumtree,3,2,2,0,0,1,0,0,2742,3,0,0.799,,1600,,,,,4,,,
ClassicGumtree,3,2,2,0,0,1,0,0,2766,3,0,0.899,,1600,,,,,4,,,
ClassicGumtree,3,2,2,0,0,1,0,0,1402,3,0,0.999,,1600,,,,,4,,,
ClassicGumtree,3,2,2,0,0,1,0,0,2720,3,0,0.1,,1700,,,,,4,,,
ClassicGumtree,3,2,2,0,0,1,0,0,2733,3,0,0.2,,1700,,,,,4,,,
ClassicGumtree,3,2,2,0,0,1,0,0,2708,3,0,0.3,,1700,,,,,4,,,
ClassicGumtree,3,2,2,0,0,1,0,0,2745,3,0,0.4,,1700,,,,,4,,,
ClassicGumtree,3,2,2,0,0,1,0,0,2743,3,0,0.5,,1700,,,,,4,,,
ClassicGumtree,3,2,2,0,0,1,0,0,2753,3,0,0.6,,1700,,,,,4,,,
ClassicGumtree,3,2,2,0,0,1,0,0,2755,3,0,0.7,,1700,,,,,4,,,
ClassicGumtree,3,2,2,0,0,1,0,0,2756,3,0,0.799,,1700,,,,,4,,,
ClassicGumtree,3,2,2,0,0,1,0,0,2732,3,0,0.899,,1700,,,,,4,,,
ClassicGumtree,3,2,2,0,0,1,0,0,1355,3,0,0.999,,1700,,,,,4,,,
ClassicGumtree,3,2,2,0,0,1,0,0,2744,3,0,0.1,,1800,,,,,4,,,
ClassicGumtree,3,2,2,0,0,1,0,0,2741,3,0,0.2,,1800,,,,,4,,,
ClassicGumtree,3,2,2,0,0,1,0,0,2756,3,0,0.3,,1800,,,,,4,,,
ClassicGumtree,3,2,2,0,0,1,0,0,2740,3,0,0.4,,1800,,,,,4,,,
ClassicGumtree,3,2,2,0,0,1,0,0,2725,3,0,0.5,,1800,,,,,4,,,
ClassicGumtree,3,2,2,0,0,1,0,0,2716,3,0,0.6,,1800,,,,,4,,,
ClassicGumtree,3,2,2,0,0,1,0,0,2754,3,0,0.7,,1800,,,,,4,,,
ClassicGumtree,3,2,2,0,0,1,0,0,2751,3,0,0.799,,1800,,,,,4,,,
ClassicGumtree,3,2,2,0,0,1,0,0,2756,3,0,0.899,,1800,,,,,4,,,
ClassicGumtree,3,2,2,0,0,1,0,0,1359,3,0,0.999,,1800,,,,,4,,,
ClassicGumtree,3,2,2,0,0,1,0,0,2737,3,0,0.1,,1900,,,,,4,,,
ClassicGumtree,3,2,2,0,0,1,0,0,2754,3,0,0.2,,1900,,,,,4,,,
ClassicGumtree,3,2,2,0,0,1,0,0,2757,3,0,0.3,,1900,,,,,4,,,
ClassicGumtree,3,2,2,0,0,1,0,0,2747,3,0,0.4,,1900,,,,,4,,,
ClassicGumtree,3,2,2,0,0,1,0,0,2751,3,0,0.5,,1900,,,,,4,,,
ClassicGumtree,3,2,2,0,0,1,0,0,2753,3,0,0.6,,1900,,,,,4,,,
ClassicGumtree,3,2,2,0,0,1,0,0,2746,3,0,0.7,,1900,,,,,4,,,
ClassicGumtree,3,2,2,0,0,1,0,0,2727,3,0,0.799,,1900,,,,,4,,,
ClassicGumtree,3,2,2,0,0,1,0,0,2736,3,0,0.899,,1900,,,,,4,,,
ClassicGumtree,3,2,2,0,0,1,0,0,1366,3,0,0.999,,1900,,,,,4,,,
ClassicGumtree,3,2,2,0,0,1,0,0,2754,3,0,0.1,,2000,,,,,4,,,
ClassicGumtree,3,2,2,0,0,1,0,0,2740,3,0,0.2,,2000,,,,,4,,,
ClassicGumtree,3,2,2,0,0,1,0,0,2739,3,0,0.3,,2000,,,,,4,,,
ClassicGumtree,3,2,2,0,0,1,0,0,2741,3,0,0.4,,2000,,,,,4,,,
ClassicGumtree,3,2,2,0,0,1,0,0,2739,3,0,0.5,,2000,,,,,4,,,
ClassicGumtree,3,2,2,0,0,1,0,0,2749,3,0,0.6,,2000,,,,,4,,,
ClassicGumtree,3,2,2,0,0,1,0,0,2750,3,0,0.7,,2000,,,,,4,,,
ClassicGumtree,3,2,2,0,0,1,0,0,2738,3,0,0.799,,2000,,,,,4,,,
ClassicGumtree,3,2,2,0,0,1,0,0,2750,3,0,0.899,,2000,,,,,4,,,
ClassicGumtree,3,2,2,0,0,1,0,0,1388,3,0,0.999,,2000,,,,,4,,,
ClassicGumtree,586,58,294,292,0,0,0,0,3,3,0,0.1,,100,,,,,5,,,
ClassicGumtree,586,58,294,292,0,0,0,0,3,3,0,0.2,,100,,,,,5,,,
ClassicGumtree,586,58,294,292,0,0,0,0,2,3,0,0.3,,100,,,,,5,,,
ClassicGumtree,586,58,294,292,0,0,0,0,2,3,0,0.4,,100,,,,,5,,,
ClassicGumtree,586,58,294,292,0,0,0,0,2,3,0,0.5,,100,,,,,5,,,
ClassicGumtree,586,58,294,292,0,0,0,0,3,3,0,0.6,,100,,,,,5,,,
ClassicGumtree,586,58,294,292,0,0,0,0,3,3,0,0.7,,100,,,,,5,,,
ClassicGumtree,610,24,295,293,0,22,0,0,3,3,0,0.799,,100,,,,,5,,,
ClassicGumtree,610,24,295,293,0,22,0,0,3,3,0,0.899,,100,,,,,5,,,
ClassicGumtree,610,24,295,293,0,22,0,0,3,3,0,0.999,,100,,,,,5,,,
ClassicGumtree,586,58,294,292,0,0,0,0,3,3,0,0.1,,200,,,,,5,,,
ClassicGumtree,586,58,294,292,0,0,0,0,3,3,0,0.2,,200,,,,,5,,,
ClassicGumtree,586,58,294,292,0,0,0,0,3,3,0,0.3,,200,,,,,5,,,
ClassicGumtree,586,58,294,292,0,0,0,0,3,3,0,0.4,,200,,,,,5,,,
ClassicGumtree,586,58,294,292,0,0,0,0,2,3,0,0.5,,200,,,,,5,,,
ClassicGumtree,586,58,294,292,0,0,0,0,2,3,0,0.6,,200,,,,,5,,,
ClassicGumtree,586,58,294,292,0,0,0,0,3,3,0,0.7,,200,,,,,5,,,
ClassicGumtree,610,24,295,293,0,22,0,0,3,3,0,0.799,,200,,,,,5,,,
ClassicGumtree,610,24,295,293,0,22,0,0,3,3,0,0.899,,200,,,,,5,,,
ClassicGumtree,610,24,295,293,0,22,0,0,3,3,0,0.999,,200,,,,,5,,,
ClassicGumtree,586,58,294,292,0,0,0,0,3,3,0,0.1,,300,,,,,5,,,
ClassicGumtree,586,58,294,292,0,0,0,0,3,3,0,0.2,,300,,,,,5,,,
ClassicGumtree,586,58,294,292,0,0,0,0,3,3,0,0.3,,300,,,,,5,,,
ClassicGumtree,586,58,294,292,0,0,0,0,3,3,0,0.4,,300,,,,,5,,,
ClassicGumtree,586,58,294,292,0,0,0,0,2,3,0,0.5,,300,,,,,5,,,
ClassicGumtree,586,58,294,292,0,0,0,0,3,3,0,0.6,,300,,,,,5,,,
ClassicGumtree,586,58,294,292,0,0,0,0,2,3,0,0.7,,300,,,,,5,,,
ClassicGumtree,610,24,295,293,0,22,0,0,2,3,0,0.799,,300,,,,,5,,,
ClassicGumtree,610,24,295,293,0,22,0,0,3,3,0,0.899,,300,,,,,5,,,
ClassicGumtree,610,24,295,293,0,22,0,0,2,3,0,0.999,,300,,,,,5,,,
ClassicGumtree,586,58,294,292,0,0,0,0,3,3,0,0.1,,400,,,,,5,,,
ClassicGumtree,586,58,294,292,0,0,0,0,3,3,0,0.2,,400,,,,,5,,,
ClassicGumtree,586,58,294,292,0,0,0,0,3,3,0,0.3,,400,,,,,5,,,
ClassicGumtree,586,58,294,292,0,0,0,0,3,3,0,0.4,,400,,,,,5,,,
ClassicGumtree,586,58,294,292,0,0,0,0,2,3,0,0.5,,400,,,,,5,,,
ClassicGumtree,586,58,294,292,0,0,0,0,3,3,0,0.6,,400,,,,,5,,,
ClassicGumtree,586,58,294,292,0,0,0,0,3,3,0,0.7,,400,,,,,5,,,
ClassicGumtree,610,24,295,293,0,22,0,0,2,3,0,0.799,,400,,,,,5,,,
ClassicGumtree,610,24,295,293,0,22,0,0,3,3,0,0.899,,400,,,,,5,,,
ClassicGumtree,610,24,295,293,0,22,0,0,2,3,0,0.999,,400,,,,,5,,,
ClassicGumtree,586,58,294,292,0,0,0,0,3,3,0,0.1,,500,,,,,5,,,
ClassicGumtree,586,58,294,292,0,0,0,0,3,3,0,0.2,,500,,,,,5,,,
ClassicGumtree,586,58,294,292,0,0,0,0,2,3,0,0.3,,500,,,,,5,,,
ClassicGumtree,586,58,294,292,0,0,0,0,3,3,0,0.4,,500,,,,,5,,,
ClassicGumtree,586,58,294,292,0,0,0,0,3,3,0,0.5,,500,,,,,5,,,
ClassicGumtree,586,58,294,292,0,0,0,0,3,3,0,0.6,,500,,,,,5,,,
ClassicGumtree,586,58,294,292,0,0,0,0,3,3,0,0.7,,500,,,,,5,,,
ClassicGumtree,610,24,295,293,0,22,0,0,2,3,0,0.799,,500,,,,,5,,,
ClassicGumtree,610,24,295,293,0,22,0,0,3,3,0,0.899,,500,,,,,5,,,
ClassicGumtree,610,24,295,293,0,22,0,0,3,3,0,0.999,,500,,,,,5,,,
ClassicGumtree,586,58,294,292,0,0,0,0,3,3,0,0.1,,600,,,,,5,,,
ClassicGumtree,586,58,294,292,0,0,0,0,3,3,0,0.2,,600,,,,,5,,,
ClassicGumtree,586,58,294,292,0,0,0,0,2,3,0,0.3,,600,,,,,5,,,
ClassicGumtree,586,58,294,292,0,0,0,0,3,3,0,0.4,,600,,,,,5,,,
ClassicGumtree,586,58,294,292,0,0,0,0,3,3,0,0.5,,600,,,,,5,,,
ClassicGumtree,586,58,294,292,0,0,0,0,3,3,0,0.6,,600,,,,,5,,,
ClassicGumtree,586,58,294,292,0,0,0,0,3,3,0,0.7,,600,,,,,5,,,
ClassicGumtree,610,24,295,293,0,22,0,0,2,3,0,0.799,,600,,,,,5,,,
ClassicGumtree,610,24,295,293,0,22,0,0,3,3,0,0.899,,600,,,,,5,,,
ClassicGumtree,610,24,295,293,0,22,0,0,3,3,0,0.999,,600,,,,,5,,,
ClassicGumtree,586,58,294,292,0,0,0,0,2,3,0,0.1,,700,,,,,5,,,
ClassicGumtree,586,58,294,292,0,0,0,0,3,3,0,0.2,,700,,,,,5,,,
ClassicGumtree,586,58,294,292,0,0,0,0,3,3,0,0.3,,700,,,,,5,,,
ClassicGumtree,586,58,294,292,0,0,0,0,3,3,0,0.4,,700,,,,,5,,,
ClassicGumtree,586,58,294,292,0,0,0,0,3,3,0,0.5,,700,,,,,5,,,
ClassicGumtree,586,58,294,292,0,0,0,0,3,3,0,0.6,,700,,,,,5,,,
ClassicGumtree,586,58,294,292,0,0,0,0,3,3,0,0.7,,700,,,,,5,,,
ClassicGumtree,610,24,295,293,0,22,0,0,2,3,0,0.799,,700,,,,,5,,,
ClassicGumtree,610,24,295,293,0,22,0,0,3,3,0,0.899,,700,,,,,5,,,
ClassicGumtree,610,24,295,293,0,22,0,0,3,3,0,0.999,,700,,,,,5,,,
ClassicGumtree,586,58,294,292,0,0,0,0,2,3,0,0.1,,800,,,,,5,,,
ClassicGumtree,586,58,294,292,0,0,0,0,3,3,0,0.2,,800,,,,,5,,,
ClassicGumtree,586,58,294,292,0,0,0,0,3,3,0,0.3,,800,,,,,5,,,
ClassicGumtree,586,58,294,292,0,0,0,0,3,3,0,0.4,,800,,,,,5,,,
ClassicGumtree,586,58,294,292,0,0,0,0,3,3,0,0.5,,800,,,,,5,,,
ClassicGumtree,586,58,294,292,0,0,0,0,3,3,0,0.6,,800,,,,,5,,,
ClassicGumtree,586,58,294,292,0,0,0,0,3,3,0,0.7,,800,,,,,5,,,
ClassicGumtree,610,24,295,293,0,22,0,0,2,3,0,0.799,,800,,,,,5,,,
ClassicGumtree,610,24,295,293,0,22,0,0,2,3,0,0.899,,800,,,,,5,,,
ClassicGumtree,610,24,295,293,0,22,0,0,3,3,0,0.999,,800,,,,,5,,,
ClassicGumtree,586,58,294,292,0,0,0,0,2,3,0,0.1,,900,,,,,5,,,
ClassicGumtree,586,58,294,292,0,0,0,0,3,3,0,0.2,,900,,,,,5,,,
ClassicGumtree,586,58,294,292,0,0,0,0,3,3,0,0.3,,900,,,,,5,,,
ClassicGumtree,586,58,294,292,0,0,0,0,3,3,0,0.4,,900,,,,,5,,,
ClassicGumtree,586,58,294,292,0,0,0,0,3,3,0,0.5,,900,,,,,5,,,
ClassicGumtree,586,58,294,292,0,0,0,0,3,3,0,0.6,,900,,,,,5,,,
ClassicGumtree,586,58,294,292,0,0,0,0,2,3,0,0.7,,900,,,,,5,,,
ClassicGumtree,610,24,295,293,0,22,0,0,2,3,0,0.799,,900,,,,,5,,,
ClassicGumtree,610,24,295,293,0,22,0,0,2,3,0,0.899,,900,,,,,5,,,
ClassicGumtree,610,24,295,293,0,22,0,0,2,3,0,0.999,,900,,,,,5,,,
ClassicGumtree,586,58,294,292,0,0,0,0,3,3,0,0.1,,1000,,,,,5,,,
ClassicGumtree,586,58,294,292,0,0,0,0,3,3,0,0.2,,1000,,,,,5,,,
ClassicGumtree,586,58,294,292,0,0,0,0,3,3,0,0.3,,1000,,,,,5,,,
ClassicGumtree,586,58,294,292,0,0,0,0,3,3,0,0.4,,1000,,,,,5,,,
ClassicGumtree,586,58,294,292,0,0,0,0,3,3,0,0.5,,1000,,,,,5,,,
ClassicGumtree,586,58,294,292,0,0,0,0,3,3,0,0.6,,1000,,,,,5,,,
ClassicGumtree,586,58,294,292,0,0,0,0,2,3,0,0.7,,1000,,,,,5,,,
ClassicGumtree,610,24,295,293,0,22,0,0,3,3,0,0.799,,1000,,,,,5,,,
ClassicGumtree,610,24,295,293,0,22,0,0,3,3,0,0.899,,1000,,,,,5,,,
ClassicGumtree,610,24,295,293,0,22,0,0,2,3,0,0.999,,1000,,,,,5,,,
ClassicGumtree,586,58,294,292,0,0,0,0,3,3,0,0.1,,1100,,,,,5,,,
ClassicGumtree,586,58,294,292,0,0,0,0,3,3,0,0.2,,1100,,,,,5,,,
ClassicGumtree,586,58,294,292,0,0,0,0,3,3,0,0.3,,1100,,,,,5,,,
ClassicGumtree,586,58,294,292,0,0,0,0,3,3,0,0.4,,1100,,,,,5,,,
ClassicGumtree,586,58,294,292,0,0,0,0,3,3,0,0.5,,1100,,,,,5,,,
ClassicGumtree,586,58,294,292,0,0,0,0,3,3,0,0.6,,1100,,,,,5,,,
ClassicGumtree,586,58,294,292,0,0,0,0,2,3,0,0.7,,1100,,,,,5,,,
ClassicGumtree,610,24,295,293,0,22,0,0,3,3,0,0.799,,1100,,,,,5,,,
ClassicGumtree,610,24,295,293,0,22,0,0,3,3,0,0.899,,1100,,,,,5,,,
ClassicGumtree,610,24,295,293,0,22,0,0,3,3,0,0.999,,1100,,,,,5,,,
ClassicGumtree,586,58,294,292,0,0,0,0,3,3,0,0.1,,1200,,,,,5,,,
ClassicGumtree,586,58,294,292,0,0,0,0,2,3,0,0.2,,1200,,,,,5,,,
ClassicGumtree,586,58,294,292,0,0,0,0,3,3,0,0.3,,1200,,,,,5,,,
ClassicGumtree,586,58,294,292,0,0,0,0,3,3,0,0.4,,1200,,,,,5,,,
ClassicGumtree,586,58,294,292,0,0,0,0,3,3,0,0.5,,1200,,,,,5,,,
ClassicGumtree,586,58,294,292,0,0,0,0,3,3,0,0.6,,1200,,,,,5,,,
ClassicGumtree,586,58,294,292,0,0,0,0,2,3,0,0.7,,1200,,,,,5,,,
ClassicGumtree,610,24,295,293,0,22,0,0,3,3,0,0.799,,1200,,,,,5,,,
ClassicGumtree,610,24,295,293,0,22,0,0,3,3,0,0.899,,1200,,,,,5,,,
ClassicGumtree,610,24,295,293,0,22,0,0,3,3,0,0.999,,1200,,,,,5,,,
ClassicGumtree,3,2,2,0,0,1,0,0,2750,3,0,0.1,,1300,,,,,5,,,
ClassicGumtree,3,2,2,0,0,1,0,0,2747,3,0,0.2,,1300,,,,,5,,,
ClassicGumtree,3,2,2,0,0,1,0,0,2766,3,0,0.3,,1300,,,,,5,,,
ClassicGumtree,3,2,2,0,0,1,0,0,2775,3,0,0.4,,1300,,,,,5,,,
ClassicGumtree,3,2,2,0,0,1,0,0,2765,3,0,0.5,,1300,,,,,5,,,
ClassicGumtree,3,2,2,0,0,1,0,0,2741,3,0,0.6,,1300,,,,,5,,,
ClassicGumtree,3,2,2,0,0,1,0,0,2750,3,0,0.7,,1300,,,,,5,,,
ClassicGumtree,3,2,2,0,0,1,0,0,1387,3,0,0.799,,1300,,,,,5,,,
ClassicGumtree,3,2,2,0,0,1,0,0,1380,3,0,0.899,,1300,,,,,5,,,
ClassicGumtree,3,2,2,0,0,1,0,0,1385,3,0,0.999,,1300,,,,,5,,,
ClassicGumtree,3,2,2,0,0,1,0,0,2746,3,0,0.1,,1400,,,,,5,,,
ClassicGumtree,3,2,2,0,0,1,0,0,2734,3,0,0.2,,1400,,,,,5,,,
ClassicGumtree,3,2,2,0,0,1,0,0,2745,3,0,0.3,,1400,,,,,5,,,
ClassicGumtree,3,2,2,0,0,1,0,0,2751,3,0,0.4,,1400,,,,,5,,,
ClassicGumtree,3,2,2,0,0,1,0,0,2751,3,0,0.5,,1400,,,,,5,,,
ClassicGumtree,3,2,2,0,0,1,0,0,2761,3,0,0.6,,1400,,,,,5,,,
ClassicGumtree,3,2,2,0,0,1,0,0,2758,3,0,0.7,,1400,,,,,5,,,
ClassicGumtree,3,2,2,0,0,1,0,0,1396,3,0,0.799,,1400,,,,,5,,,
ClassicGumtree,3,2,2,0,0,1,0,0,1387,3,0,0.899,,1400,,,,,5,,,
ClassicGumtree,3,2,2,0,0,1,0,0,1387,3,0,0.999,,1400,,,,,5,,,
ClassicGumtree,3,2,2,0,0,1,0,0,2744,3,0,0.1,,1500,,,,,5,,,
ClassicGumtree,3,2,2,0,0,1,0,0,2737,3,0,0.2,,1500,,,,,5,,,
ClassicGumtree,3,2,2,0,0,1,0,0,2757,3,0,0.3,,1500,,,,,5,,,
ClassicGumtree,3,2,2,0,0,1,0,0,2754,3,0,0.4,,1500,,,,,5,,,
ClassicGumtree,3,2,2,0,0,1,0,0,2739,3,0,0.5,,1500,,,,,5,,,
ClassicGumtree,3,2,2,0,0,1,0,0,2755,3,0,0.6,,1500,,,,,5,,,
ClassicGumtree,3,2,2,0,0,1,0,0,2754,3,0,0.7,,1500,,,,,5,,,
ClassicGumtree,3,2,2,0,0,1,0,0,1366,3,0,0.799,,1500,,,,,5,,,
ClassicGumtree,3,2,2,0,0,1,0,0,1386,3,0,0.899,,1500,,,,,5,,,
ClassicGumtree,3,2,2,0,0,1,0,0,1382,3,0,0.999,,1500,,,,,5,,,
ClassicGumtree,3,2,2,0,0,1,0,0,2752,3,0,0.1,,1600,,,,,5,,,
ClassicGumtree,3,2,2,0,0,1,0,0,2717,3,0,0.2,,1600,,,,,5,,,
ClassicGumtree,3,2,2,0,0,1,0,0,2761,3,0,0.3,,1600,,,,,5,,,
ClassicGumtree,3,2,2,0,0,1,0,0,2750,3,0,0.4,,1600,,,,,5,,,
ClassicGumtree,3,2,2,0,0,1,0,0,2745,3,0,0.5,,1600,,,,,5,,,
ClassicGumtree,3,2,2,0,0,1,0,0,2751,3,0,0.6,,1600,,,,,5,,,
ClassicGumtree,3,2,2,0,0,1,0,0,2752,3,0,0.7,,1600,,,,,5,,,
ClassicGumtree,3,2,2,0,0,1,0,0,1359,3,0,0.799,,1600,,,,,5,,,
ClassicGumtree,3,2,2,0,0,1,0,0,1366,3,0,0.899,,1600,,,,,5,,,
ClassicGumtree,3,2,2,0,0,1,0,0,1364,3,0,0.999,,1600,,,,,5,,,
ClassicGumtree,3,2,2,0,0,1,0,0,2737,3,0,0.1,,1700,,,,,5,,,
ClassicGumtree,3,2,2,0,0,1,0,0,2752,3,0,0.2,,1700,,,,,5,,,
ClassicGumtree,3,2,2,0,0,1,0,0,2754,3,0,0.3,,1700,,,,,5,,,
ClassicGumtree,3,2,2,0,0,1,0,0,2756,3,0,0.4,,1700,,,,,5,,,
ClassicGumtree,3,2,2,0,0,1,0,0,2738,3,0,0.5,,1700,,,,,5,,,
ClassicGumtree,3,2,2,0,0,1,0,0,2713,3,0,0.6,,1700,,,,,5,,,
ClassicGumtree,3,2,2,0,0,1,0,0,2715,3,0,0.7,,1700,,,,,5,,,
ClassicGumtree,3,2,2,0,0,1,0,0,1360,3,0,0.799,,1700,,,,,5,,,
ClassicGumtree,3,2,2,0,0,1,0,0,1368,3,0,0.899,,1700,,,,,5,,,
ClassicGumtree,3,2,2,0,0,1,0,0,1366,3,0,0.999,,1700,,,,,5,,,
ClassicGumtree,3,2,2,0,0,1,0,0,2754,3,0,0.1,,1800,,,,,5,,,
ClassicGumtree,3,2,2,0,0,1,0,0,2749,3,0,0.2,,1800,,,,,5,,,
ClassicGumtree,3,2,2,0,0,1,0,0,2763,3,0,0.3,,1800,,,,,5,,,
ClassicGumtree,3,2,2,0,0,1,0,0,2780,3,0,0.4,,1800,,,,,5,,,
ClassicGumtree,3,2,2,0,0,1,0,0,2767,3,0,0.5,,1800,,,,,5,,,
ClassicGumtree,3,2,2,0,0,1,0,0,2770,3,0,0.6,,1800,,,,,5,,,
ClassicGumtree,3,2,2,0,0,1,0,0,2767,3,0,0.7,,1800,,,,,5,,,
ClassicGumtree,3,2,2,0,0,1,0,0,1396,3,0,0.799,,1800,,,,,5,,,
ClassicGumtree,3,2,2,0,0,1,0,0,1396,3,0,0.899,,1800,,,,,5,,,
ClassicGumtree,3,2,2,0,0,1,0,0,1399,3,0,0.999,,1800,,,,,5,,,
ClassicGumtree,3,2,2,0,0,1,0,0,2748,3,0,0.1,,1900,,,,,5,,,
ClassicGumtree,3,2,2,0,0,1,0,0,2748,3,0,0.2,,1900,,,,,5,,,
ClassicGumtree,3,2,2,0,0,1,0,0,2750,3,0,0.3,,1900,,,,,5,,,
ClassicGumtree,3,2,2,0,0,1,0,0,2749,3,0,0.4,,1900,,,,,5,,,
ClassicGumtree,3,2,2,0,0,1,0,0,2766,3,0,0.5,,1900,,,,,5,,,
ClassicGumtree,3,2,2,0,0,1,0,0,2758,3,0,0.6,,1900,,,,,5,,,
ClassicGumtree,3,2,2,0,0,1,0,0,2752,3,0,0.7,,1900,,,,,5,,,
ClassicGumtree,3,2,2,0,0,1,0,0,1404,3,0,0.799,,1900,,,,,5,,,
ClassicGumtree,3,2,2,0,0,1,0,0,1401,3,0,0.899,,1900,,,,,5,,,
ClassicGumtree,3,2,2,0,0,1,0,0,1399,3,0,0.999,,1900,,,,,5,,,
ClassicGumtree,3,2,2,0,0,1,0,0,2716,3,0,0.1,,2000,,,,,5,,,
ClassicGumtree,3,2,2,0,0,1,0,0,2695,3,0,0.2,,2000,,,,,5,,,
ClassicGumtree,3,2,2,0,0,1,0,0,2692,3,0,0.3,,2000,,,,,5,,,
ClassicGumtree,3,2,2,0,0,1,0,0,2669,3,0,0.4,,2000,,,,,5,,,
ClassicGumtree,3,2,2,0,0,1,0,0,2641,3,0,0.5,,2000,,,,,5,,,
ClassicGumtree,3,2,2,0,0,1,0,0,2639,3,0,0.6,,2000,,,,,5,,,
ClassicGumtree,3,2,2,0,0,1,0,0,2627,3,0,0.7,,2000,,,,,5,,,
ClassicGumtree,3,2,2,0,0,1,0,0,1364,3,0,0.799,,2000,,,,,5,,,
ClassicGumtree,3,2,2,0,0,1,0,0,1356,3,0,0.899,,2000,,,,,5,,,
ClassicGumtree,3,2,2,0,0,1,0,0,1361,3,0,0.999,,2000,,,,,5,,,
CompleteGumtreeMatcher,65,55,7,5,0,53,0,0,3,3,0,0.1,,100,,,,,1,,,
CompleteGumtreeMatcher,65,55,7,5,0,53,0,0,3,3,0,0.2,,100,,,,,1,,,
CompleteGumtreeMatcher,65,55,7,5,0,53,0,0,3,3,0,0.3,,100,,,,,1,,,
CompleteGumtreeMatcher,65,55,7,5,0,53,0,0,3,3,0,0.4,,100,,,,,1,,,
CompleteGumtreeMatcher,65,55,7,5,0,53,0,0,4,3,0,0.5,,100,,,,,1,,,
CompleteGumtreeMatcher,65,55,7,5,0,53,0,0,4,3,0,0.6,,100,,,,,1,,,
CompleteGumtreeMatcher,65,55,7,5,0,53,0,0,4,3,0,0.7,,100,,,,,1,,,
CompleteGumtreeMatcher,65,55,7,5,0,53,0,0,4,3,0,0.799,,100,,,,,1,,,
CompleteGumtreeMatcher,65,55,7,5,0,53,0,0,4,3,0,0.899,,100,,,,,1,,,
CompleteGumtreeMatcher,65,55,7,5,0,53,0,0,4,3,0,0.999,,100,,,,,1,,,
CompleteGumtreeMatcher,65,55,7,5,0,53,0,0,2,3,0,0.1,,200,,,,,1,,,
CompleteGumtreeMatcher,65,55,7,5,0,53,0,0,2,3,0,0.2,,200,,,,,1,,,
CompleteGumtreeMatcher,65,55,7,5,0,53,0,0,2,3,0,0.3,,200,,,,,1,,,
CompleteGumtreeMatcher,65,55,7,5,0,53,0,0,2,3,0,0.4,,200,,,,,1,,,
CompleteGumtreeMatcher,65,55,7,5,0,53,0,0,4,3,0,0.5,,200,,,,,1,,,
CompleteGumtreeMatcher,65,55,7,5,0,53,0,0,4,3,0,0.6,,200,,,,,1,,,
CompleteGumtreeMatcher,65,55,7,5,0,53,0,0,4,3,0,0.7,,200,,,,,1,,,
CompleteGumtreeMatcher,65,55,7,5,0,53,0,0,4,3,0,0.799,,200,,,,,1,,,
CompleteGumtreeMatcher,65,55,7,5,0,53,0,0,4,3,0,0.899,,200,,,,,1,,,
CompleteGumtreeMatcher,65,55,7,5,0,53,0,0,4,3,0,0.999,,200,,,,,1,,,
CompleteGumtreeMatcher,65,55,7,5,0,53,0,0,3,3,0,0.1,,300,,,,,1,,,
CompleteGumtreeMatcher,65,55,7,5,0,53,0,0,3,3,0,0.2,,300,,,,,1,,,
CompleteGumtreeMatcher,65,55,7,5,0,53,0,0,3,3,0,0.3,,300,,,,,1,,,
CompleteGumtreeMatcher,65,55,7,5,0,53,0,0,3,3,0,0.4,,300,,,,,1,,,
CompleteGumtreeMatcher,65,55,7,5,0,53,0,0,2,3,0,0.5,,300,,,,,1,,,
CompleteGumtreeMatcher,65,55,7,5,0,53,0,0,2,3,0,0.6,,300,,,,,1,,,
CompleteGumtreeMatcher,65,55,7,5,0,53,0,0,2,3,0,0.7,,300,,,,,1,,,
CompleteGumtreeMatcher,65,55,7,5,0,53,0,0,3,3,0,0.799,,300,,,,,1,,,
CompleteGumtreeMatcher,65,55,7,5,0,53,0,0,4,3,0,0.899,,300,,,,,1,,,
CompleteGumtreeMatcher,65,55,7,5,0,53,0,0,4,3,0,0.999,,300,,,,,1,,,
CompleteGumtreeMatcher,65,55,7,5,0,53,0,0,4,3,0,0.1,,400,,,,,1,,,
CompleteGumtreeMatcher,65,55,7,5,0,53,0,0,4,3,0,0.2,,400,,,,,1,,,
CompleteGumtreeMatcher,65,55,7,5,0,53,0,0,4,3,0,0.3,,400,,,,,1,,,
CompleteGumtreeMatcher,65,55,7,5,0,53,0,0,4,3,0,0.4,,400,,,,,1,,,
CompleteGumtreeMatcher,65,55,7,5,0,53,0,0,3,3,0,0.5,,400,,,,,1,,,
CompleteGumtreeMatcher,65,55,7,5,0,53,0,0,3,3,0,0.6,,400,,,,,1,,,
CompleteGumtreeMatcher,65,55,7,5,0,53,0,0,3,3,0,0.7,,400,,,,,1,,,
CompleteGumtreeMatcher,65,55,7,5,0,53,0,0,2,3,0,0.799,,400,,,,,1,,,
CompleteGumtreeMatcher,65,55,7,5,0,53,0,0,4,3,0,0.899,,400,,,,,1,,,
CompleteGumtreeMatcher,65,55,7,5,0,53,0,0,4,3,0,0.999,,400,,,,,1,,,
CompleteGumtreeMatcher,65,55,7,5,0,53,0,0,4,3,0,0.1,,500,,,,,1,,,
CompleteGumtreeMatcher,65,55,7,5,0,53,0,0,4,3,0,0.2,,500,,,,,1,,,
CompleteGumtreeMatcher,65,55,7,5,0,53,0,0,4,3,0,0.3,,500,,,,,1,,,
CompleteGumtreeMatcher,65,55,7,5,0,53,0,0,4,3,0,0.4,,500,,,,,1,,,
CompleteGumtreeMatcher,65,55,7,5,0,53,0,0,2,3,0,0.5,,500,,,,,1,,,
CompleteGumtreeMatcher,65,55,7,5,0,53,0,0,2,3,0,0.6,,500,,,,,1,,,
CompleteGumtreeMatcher,65,55,7,5,0,53,0,0,3,3,0,0.7,,500,,,,,1,,,
CompleteGumtreeMatcher,65,55,7,5,0,53,0,0,3,3,0,0.799,,500,,,,,1,,,
CompleteGumtreeMatcher,65,55,7,5,0,53,0,0,3,3,0,0.899,,500,,,,,1,,,
CompleteGumtreeMatcher,65,55,7,5,0,53,0,0,3,3,0,0.999,,500,,,,,1,,,
CompleteGumtreeMatcher,65,55,7,5,0,53,0,0,2,3,0,0.1,,600,,,,,1,,,
CompleteGumtreeMatcher,65,55,7,5,0,53,0,0,3,3,0,0.2,,600,,,,,1,,,
CompleteGumtreeMatcher,65,55,7,5,0,53,0,0,4,3,0,0.3,,600,,,,,1,,,
CompleteGumtreeMatcher,65,55,7,5,0,53,0,0,5,3,0,0.4,,600,,,,,1,,,
CompleteGumtreeMatcher,65,55,7,5,0,53,0,0,5,3,0,0.5,,600,,,,,1,,,
CompleteGumtreeMatcher,65,55,7,5,0,53,0,0,4,3,0,0.6,,600,,,,,1,,,
CompleteGumtreeMatcher,65,55,7,5,0,53,0,0,5,3,0,0.7,,600,,,,,1,,,
CompleteGumtreeMatcher,65,55,7,5,0,53,0,0,5,3,0,0.799,,600,,,,,1,,,
CompleteGumtreeMatcher,65,55,7,5,0,53,0,0,2,3,0,0.899,,600,,,,,1,,,
CompleteGumtreeMatcher,65,55,7,5,0,53,0,0,3,3,0,0.999,,600,,,,,1,,,
CompleteGumtreeMatcher,65,55,7,5,0,53,0,0,3,3,0,0.1,,700,,,,,1,,,
CompleteGumtreeMatcher,65,55,7,5,0,53,0,0,2,3,0,0.2,,700,,,,,1,,,
CompleteGumtreeMatcher,65,55,7,5,0,53,0,0,4,3,0,0.3,,700,,,,,1,,,
CompleteGumtreeMatcher,65,55,7,5,0,53,0,0,3,3,0,0.4,,700,,,,,1,,,
CompleteGumtreeMatcher,65,55,7,5,0,53,0,0,4,3,0,0.5,,700,,,,,1,,,
CompleteGumtreeMatcher,65,55,7,5,0,53,0,0,4,3,0,0.6,,700,,,,,1,,,
CompleteGumtreeMatcher,65,55,7,5,0,53,0,0,4,3,0,0.7,,700,,,,,1,,,
CompleteGumtreeMatcher,65,55,7,5,0,53,0,0,2,3,0,0.799,,700,,,,,1,,,
CompleteGumtreeMatcher,65,55,7,5,0,53,0,0,4,3,0,0.899,,700,,,,,1,,,
CompleteGumtreeMatcher,65,55,7,5,0,53,0,0,4,3,0,0.999,,700,,,,,1,,,
CompleteGumtreeMatcher,65,55,7,5,0,53,0,0,2,3,0,0.1,,800,,,,,1,,,
CompleteGumtreeMatcher,65,55,7,5,0,53,0,0,3,3,0,0.2,,800,,,,,1,,,
CompleteGumtreeMatcher,65,55,7,5,0,53,0,0,2,3,0,0.3,,800,,,,,1,,,
CompleteGumtreeMatcher,65,55,7,5,0,53,0,0,3,3,0,0.4,,800,,,,,1,,,
CompleteGumtreeMatcher,65,55,7,5,0,53,0,0,3,3,0,0.5,,800,,,,,1,,,
CompleteGumtreeMatcher,65,55,7,5,0,53,0,0,2,3,0,0.6,,800,,,,,1,,,
CompleteGumtreeMatcher,65,55,7,5,0,53,0,0,4,3,0,0.7,,800,,,,,1,,,
CompleteGumtreeMatcher,65,55,7,5,0,53,0,0,4,3,0,0.799,,800,,,,,1,,,
CompleteGumtreeMatcher,65,55,7,5,0,53,0,0,4,3,0,0.899,,800,,,,,1,,,
CompleteGumtreeMatcher,65,55,7,5,0,53,0,0,4,3,0,0.999,,800,,,,,1,,,
CompleteGumtreeMatcher,65,55,7,5,0,53,0,0,4,3,0,0.1,,900,,,,,1,,,
CompleteGumtreeMatcher,65,55,7,5,0,53,0,0,4,3,0,0.2,,900,,,,,1,,,
CompleteGumtreeMatcher,65,55,7,5,0,53,0,0,3,3,0,0.3,,900,,,,,1,,,
CompleteGumtreeMatcher,65,55,7,5,0,53,0,0,2,3,0,0.4,,900,,,,,1,,,
CompleteGumtreeMatcher,65,55,7,5,0,53,0,0,2,3,0,0.5,,900,,,,,1,,,
CompleteGumtreeMatcher,65,55,7,5,0,53,0,0,3,3,0,0.6,,900,,,,,1,,,
CompleteGumtreeMatcher,65,55,7,5,0,53,0,0,2,3,0,0.7,,900,,,,,1,,,
CompleteGumtreeMatcher,65,55,7,5,0,53,0,0,3,3,0,0.799,,900,,,,,1,,,
CompleteGumtreeMatcher,65,55,7,5,0,53,0,0,3,3,0,0.899,,900,,,,,1,,,
CompleteGumtreeMatcher,65,55,7,5,0,53,0,0,4,3,0,0.999,,900,,,,,1,,,
CompleteGumtreeMatcher,65,55,7,5,0,53,0,0,4,3,0,0.1,,1000,,,,,1,,,
CompleteGumtreeMatcher,65,55,7,5,0,53,0,0,4,3,0,0.2,,1000,,,,,1,,,
CompleteGumtreeMatcher,65,55,7,5,0,53,0,0,4,3,0,0.3,,1000,,,,,1,,,
CompleteGumtreeMatcher,65,55,7,5,0,53,0,0,4,3,0,0.4,,1000,,,,,1,,,
CompleteGumtreeMatcher,65,55,7,5,0,53,0,0,4,3,0,0.5,,1000,,,,,1,,,
CompleteGumtreeMatcher,65,55,7,5,0,53,0,0,3,3,0,0.6,,1000,,,,,1,,,
CompleteGumtreeMatcher,65,55,7,5,0,53,0,0,2,3,0,0.7,,1000,,,,,1,,,
CompleteGumtreeMatcher,65,55,7,5,0,53,0,0,2,3,0,0.799,,1000,,,,,1,,,
CompleteGumtreeMatcher,65,55,7,5,0,53,0,0,2,3,0,0.899,,1000,,,,,1,,,
CompleteGumtreeMatcher,65,55,7,5,0,53,0,0,2,3,0,0.999,,1000,,,,,1,,,
CompleteGumtreeMatcher,65,55,7,5,0,53,0,0,4,3,0,0.1,,1100,,,,,1,,,
CompleteGumtreeMatcher,65,55,7,5,0,53,0,0,4,3,0,0.2,,1100,,,,,1,,,
CompleteGumtreeMatcher,65,55,7,5,0,53,0,0,4,3,0,0.3,,1100,,,,,1,,,
CompleteGumtreeMatcher,65,55,7,5,0,53,0,0,4,3,0,0.4,,1100,,,,,1,,,
CompleteGumtreeMatcher,65,55,7,5,0,53,0,0,4,3,0,0.5,,1100,,,,,1,,,
CompleteGumtreeMatcher,65,55,7,5,0,53,0,0,4,3,0,0.6,,1100,,,,,1,,,
CompleteGumtreeMatcher,65,55,7,5,0,53,0,0,3,3,0,0.7,,1100,,,,,1,,,
CompleteGumtreeMatcher,65,55,7,5,0,53,0,0,3,3,0,0.799,,1100,,,,,1,,,
CompleteGumtreeMatcher,65,55,7,5,0,53,0,0,3,3,0,0.899,,1100,,,,,1,,,
CompleteGumtreeMatcher,65,55,7,5,0,53,0,0,3,3,0,0.999,,1100,,,,,1,,,
CompleteGumtreeMatcher,65,55,7,5,0,53,0,0,2,3,0,0.1,,1200,,,,,1,,,
CompleteGumtreeMatcher,65,55,7,5,0,53,0,0,2,3,0,0.2,,1200,,,,,1,,,
CompleteGumtreeMatcher,65,55,7,5,0,53,0,0,3,3,0,0.3,,1200,,,,,1,,,
CompleteGumtreeMatcher,65,55,7,5,0,53,0,0,5,3,0,0.4,,1200,,,,,1,,,
CompleteGumtreeMatcher,65,55,7,5,0,53,0,0,5,3,0,0.5,,1200,,,,,1,,,
CompleteGumtreeMatcher,65,55,7,5,0,53,0,0,4,3,0,0.6,,1200,,,,,1,,,
CompleteGumtreeMatcher,65,55,7,5,0,53,0,0,4,3,0,0.7,,1200,,,,,1,,,
CompleteGumtreeMatcher,65,55,7,5,0,53,0,0,4,3,0,0.799,,1200,,,,,1,,,
CompleteGumtreeMatcher,65,55,7,5,0,53,0,0,4,3,0,0.899,,1200,,,,,1,,,
CompleteGumtreeMatcher,65,55,7,5,0,53,0,0,2,3,0,0.999,,1200,,,,,1,,,
CompleteGumtreeMatcher,3,2,2,0,0,1,0,0,1425,3,0,0.1,,1300,,,,,1,,,
CompleteGumtreeMatcher,3,2,2,0,0,1,0,0,1423,3,0,0.2,,1300,,,,,1,,,
CompleteGumtreeMatcher,3,2,2,0,0,1,0,0,1347,3,0,0.3,,1300,,,,,1,,,
CompleteGumtreeMatcher,3,2,2,0,0,1,0,0,1322,3,0,0.4,,1300,,,,,1,,,
CompleteGumtreeMatcher,3,2,2,0,0,1,0,0,1466,3,0,0.5,,1300,,,,,1,,,
CompleteGumtreeMatcher,3,2,2,0,0,1,0,0,1465,3,0,0.6,,1300,,,,,1,,,
CompleteGumtreeMatcher,3,2,2,0,0,1,0,0,1471,3,0,0.7,,1300,,,,,1,,,
CompleteGumtreeMatcher,3,2,2,0,0,1,0,0,1480,3,0,0.799,,1300,,,,,1,,,
CompleteGumtreeMatcher,3,2,2,0,0,1,0,0,1556,3,0,0.899,,1300,,,,,1,,,
CompleteGumtreeMatcher,3,2,2,0,0,1,0,0,1517,3,0,0.999,,1300,,,,,1,,,
CompleteGumtreeMatcher,3,2,2,0,0,1,0,0,1356,3,0,0.1,,1400,,,,,1,,,
CompleteGumtreeMatcher,3,2,2,0,0,1,0,0,1357,3,0,0.2,,1400,,,,,1,,,
CompleteGumtreeMatcher,3,2,2,0,0,1,0,0,1366,3,0,0.3,,1400,,,,,1,,,
CompleteGumtreeMatcher,3,2,2,0,0,1,0,0,1359,3,0,0.4,,1400,,,,,1,,,
CompleteGumtreeMatcher,3,2,2,0,0,1,0,0,1385,3,0,0.5,,1400,,,,,1,,,
CompleteGumtreeMatcher,3,2,2,0,0,1,0,0,1385,3,0,0.6,,1400,,,,,1,,,
CompleteGumtreeMatcher,3,2,2,0,0,1,0,0,1380,3,0,0.7,,1400,,,,,1,,,
CompleteGumtreeMatcher,3,2,2,0,0,1,0,0,1404,3,0,0.799,,1400,,,,,1,,,
CompleteGumtreeMatcher,3,2,2,0,0,1,0,0,1406,3,0,0.899,,1400,,,,,1,,,
CompleteGumtreeMatcher,3,2,2,0,0,1,0,0,1413,3,0,0.999,,1400,,,,,1,,,
CompleteGumtreeMatcher,3,2,2,0,0,1,0,0,1400,3,0,0.1,,1500,,,,,1,,,
CompleteGumtreeMatcher,3,2,2,0,0,1,0,0,1397,3,0,0.2,,1500,,,,,1,,,
CompleteGumtreeMatcher,3,2,2,0,0,1,0,0,1406,3,0,0.3,,1500,,,,,1,,,
CompleteGumtreeMatcher,3,2,2,0,0,1,0,0,1405,3,0,0.4,,1500,,,,,1,,,
CompleteGumtreeMatcher,3,2,2,0,0,1,0,0,1368,3,0,0.5,,1500,,,,,1,,,
CompleteGumtreeMatcher,3,2,2,0,0,1,0,0,1366,3,0,0.6,,1500,,,,,1,,,
CompleteGumtreeMatcher,3,2,2,0,0,1,0,0,1361,3,0,0.7,,1500,,,,,1,,,
CompleteGumtreeMatcher,3,2,2,0,0,1,0,0,1364,3,0,0.799,,1500,,,,,1,,,
CompleteGumtreeMatcher,3,2,2,0,0,1,0,0,1360,3,0,0.899,,1500,,,,,1,,,
CompleteGumtreeMatcher,3,2,2,0,0,1,0,0,1364,3,0,0.999,,1500,,,,,1,,,
CompleteGumtreeMatcher,3,2,2,0,0,1,0,0,1358,3,0,0.1,,1600,,,,,1,,,
CompleteGumtreeMatcher,3,2,2,0,0,1,0,0,1360,3,0,0.2,,1600,,,,,1,,,
CompleteGumtreeMatcher,3,2,2,0,0,1,0,0,1361,3,0,0.3,,1600,,,,,1,,,
CompleteGumtreeMatcher,3,2,2,0,0,1,0,0,1364,3,0,0.4,,1600,,,,,1,,,
CompleteGumtreeMatcher,3,2,2,0,0,1,0,0,1360,3,0,0.5,,1600,,,,,1,,,
CompleteGumtreeMatcher,3,2,2,0,0,1,0,0,1365,3,0,0.6,,1600,,,,,1,,,
CompleteGumtreeMatcher,3,2,2,0,0,1,0,0,1364,3,0,0.7,,1600,,,,,1,,,
CompleteGumtreeMatcher,3,2,2,0,0,1,0,0,1363,3,0,0.799,,1600,,,,,1,,,
CompleteGumtreeMatcher,3,2,2,0,0,1,0,0,1356,3,0,0.899,,1600,,,,,1,,,
CompleteGumtreeMatcher,3,2,2,0,0,1,0,0,1365,3,0,0.999,,1600,,,,,1,,,
CompleteGumtreeMatcher,3,2,2,0,0,1,0,0,1381,3,0,0.1,,1700,,,,,1,,,
CompleteGumtreeMatcher,3,2,2,0,0,1,0,0,1381,3,0,0.2,,1700,,,,,1,,,
CompleteGumtreeMatcher,3,2,2,0,0,1,0,0,1392,3,0,0.3,,1700,,,,,1,,,
CompleteGumtreeMatcher,3,2,2,0,0,1,0,0,1386,3,0,0.4,,1700,,,,,1,,,
CompleteGumtreeMatcher,3,2,2,0,0,1,0,0,1389,3,0,0.5,,1700,,,,,1,,,
CompleteGumtreeMatcher,3,2,2,0,0,1,0,0,1386,3,0,0.6,,1700,,,,,1,,,
CompleteGumtreeMatcher,3,2,2,0,0,1,0,0,1386,3,0,0.7,,1700,,,,,1,,,
CompleteGumtreeMatcher,3,2,2,0,0,1,0,0,1386,3,0,0.799,,1700,,,,,1,,,
CompleteGumtreeMatcher,3,2,2,0,0,1,0,0,1395,3,0,0.899,,1700,,,,,1,,,
CompleteGumtreeMatcher,3,2,2,0,0,1,0,0,1387,3,0,0.999,,1700,,,,,1,,,
CompleteGumtreeMatcher,3,2,2,0,0,1,0,0,1358,3,0,0.1,,1800,,,,,1,,,
CompleteGumtreeMatcher,3,2,2,0,0,1,0,0,1362,3,0,0.2,,1800,,,,,1,,,
CompleteGumtreeMatcher,3,2,2,0,0,1,0,0,1359,3,0,0.3,,1800,,,,,1,,,
CompleteGumtreeMatcher,3,2,2,0,0,1,0,0,1364,3,0,0.4,,1800,,,,,1,,,
CompleteGumtreeMatcher,3,2,2,0,0,1,0,0,1358,3,0,0.5,,1800,,,,,1,,,
CompleteGumtreeMatcher,3,2,2,0,0,1,0,0,1364,3,0,0.6,,1800,,,,,1,,,
CompleteGumtreeMatcher,3,2,2,0,0,1,0,0,1366,3,0,0.7,,1800,,,,,1,,,
CompleteGumtreeMatcher,3,2,2,0,0,1,0,0,1365,3,0,0.799,,1800,,,,,1,,,
CompleteGumtreeMatcher,3,2,2,0,0,1,0,0,1357,3,0,0.899,,1800,,,,,1,,,
CompleteGumtreeMatcher,3,2,2,0,0,1,0,0,1362,3,0,0.999,,1800,,,,,1,,,
CompleteGumtreeMatcher,3,2,2,0,0,1,0,0,1384,3,0,0.1,,1900,,,,,1,,,
CompleteGumtreeMatcher,3,2,2,0,0,1,0,0,1381,3,0,0.2,,1900,,,,,1,,,
CompleteGumtreeMatcher,3,2,2,0,0,1,0,0,1386,3,0,0.3,,1900,,,,,1,,,
CompleteGumtreeMatcher,3,2,2,0,0,1,0,0,1386,3,0,0.4,,1900,,,,,1,,,
CompleteGumtreeMatcher,3,2,2,0,0,1,0,0,1381,3,0,0.5,,1900,,,,,1,,,
CompleteGumtreeMatcher,3,2,2,0,0,1,0,0,1388,3,0,0.6,,1900,,,,,1,,,
CompleteGumtreeMatcher,3,2,2,0,0,1,0,0,1388,3,0,0.7,,1900,,,,,1,,,
CompleteGumtreeMatcher,3,2,2,0,0,1,0,0,1389,3,0,0.799,,1900,,,,,1,,,
CompleteGumtreeMatcher,3,2,2,0,0,1,0,0,1389,3,0,0.899,,1900,,,,,1,,,
CompleteGumtreeMatcher,3,2,2,0,0,1,0,0,1390,3,0,0.999,,1900,,,,,1,,,
CompleteGumtreeMatcher,3,2,2,0,0,1,0,0,1362,3,0,0.1,,2000,,,,,1,,,
CompleteGumtreeMatcher,3,2,2,0,0,1,0,0,1361,3,0,0.2,,2000,,,,,1,,,
CompleteGumtreeMatcher,3,2,2,0,0,1,0,0,1358,3,0,0.3,,2000,,,,,1,,,
CompleteGumtreeMatcher,3,2,2,0,0,1,0,0,1375,3,0,0.4,,2000,,,,,1,,,
CompleteGumtreeMatcher,3,2,2,0,0,1,0,0,1357,3,0,0.5,,2000,,,,,1,,,
CompleteGumtreeMatcher,3,2,2,0,0,1,0,0,1365,3,0,0.6,,2000,,,,,1,,,
CompleteGumtreeMatcher,3,2,2,0,0,1,0,0,1366,3,0,0.7,,2000,,,,,1,,,
CompleteGumtreeMatcher,3,2,2,0,0,1,0,0,1365,3,0,0.799,,2000,,,,,1,,,
CompleteGumtreeMatcher,3,2,2,0,0,1,0,0,1361,3,0,0.899,,2000,,,,,1,,,
CompleteGumtreeMatcher,3,2,2,0,0,1,0,0,1362,3,0,0.999,,2000,,,,,1,,,
CompleteGumtreeMatcher,75,53,13,11,0,51,0,0,2,3,0,0.1,,100,,,,,2,,,
CompleteGumtreeMatcher,75,53,13,11,0,51,0,0,3,3,0,0.2,,100,,,,,2,,,
CompleteGumtreeMatcher,75,53,13,11,0,51,0,0,2,3,0,0.3,,100,,,,,2,,,
CompleteGumtreeMatcher,75,53,13,11,0,51,0,0,2,3,0,0.4,,100,,,,,2,,,
CompleteGumtreeMatcher,75,53,13,11,0,51,0,0,3,3,0,0.5,,100,,,,,2,,,
CompleteGumtreeMatcher,75,53,13,11,0,51,0,0,2,3,0,0.6,,100,,,,,2,,,
CompleteGumtreeMatcher,75,53,13,11,0,51,0,0,3,3,0,0.7,,100,,,,,2,,,
CompleteGumtreeMatcher,75,53,13,11,0,51,0,0,2,3,0,0.799,,100,,,,,2,,,
CompleteGumtreeMatcher,75,53,13,11,0,51,0,0,2,3,0,0.899,,100,,,,,2,,,
CompleteGumtreeMatcher,75,53,13,11,0,51,0,0,3,3,0,0.999,,100,,,,,2,,,
CompleteGumtreeMatcher,75,53,13,11,0,51,0,0,2,3,0,0.1,,200,,,,,2,,,
CompleteGumtreeMatcher,75,53,13,11,0,51,0,0,3,3,0,0.2,,200,,,,,2,,,
CompleteGumtreeMatcher,75,53,13,11,0,51,0,0,2,3,0,0.3,,200,,,,,2,,,
CompleteGumtreeMatcher,75,53,13,11,0,51,0,0,2,3,0,0.4,,200,,,,,2,,,
CompleteGumtreeMatcher,75,53,13,11,0,51,0,0,3,3,0,0.5,,200,,,,,2,,,
CompleteGumtreeMatcher,75,53,13,11,0,51,0,0,3,3,0,0.6,,200,,,,,2,,,
CompleteGumtreeMatcher,75,53,13,11,0,51,0,0,2,3,0,0.7,,200,,,,,2,,,
CompleteGumtreeMatcher,75,53,13,11,0,51,0,0,2,3,0,0.799,,200,,,,,2,,,
CompleteGumtreeMatcher,75,53,13,11,0,51,0,0,3,3,0,0.899,,200,,,,,2,,,
CompleteGumtreeMatcher,75,53,13,11,0,51,0,0,2,3,0,0.999,,200,,,,,2,,,
CompleteGumtreeMatcher,75,53,13,11,0,51,0,0,2,3,0,0.1,,300,,,,,2,,,
CompleteGumtreeMatcher,75,53,13,11,0,51,0,0,3,3,0,0.2,,300,,,,,2,,,
CompleteGumtreeMatcher,75,53,13,11,0,51,0,0,2,3,0,0.3,,300,,,,,2,,,
CompleteGumtreeMatcher,75,53,13,11,0,51,0,0,2,3,0,0.4,,300,,,,,2,,,
CompleteGumtreeMatcher,75,53,13,11,0,51,0,0,3,3,0,0.5,,300,,,,,2,,,
CompleteGumtreeMatcher,75,53,13,11,0,51,0,0,2,3,0,0.6,,300,,,,,2,,,
CompleteGumtreeMatcher,75,53,13,11,0,51,0,0,2,3,0,0.7,,300,,,,,2,,,
CompleteGumtreeMatcher,75,53,13,11,0,51,0,0,3,3,0,0.799,,300,,,,,2,,,
CompleteGumtreeMatcher,75,53,13,11,0,51,0,0,2,3,0,0.899,,300,,,,,2,,,
CompleteGumtreeMatcher,75,53,13,11,0,51,0,0,2,3,0,0.999,,300,,,,,2,,,
CompleteGumtreeMatcher,75,53,13,11,0,51,0,0,3,3,0,0.1,,400,,,,,2,,,
CompleteGumtreeMatcher,75,53,13,11,0,51,0,0,2,3,0,0.2,,400,,,,,2,,,
CompleteGumtreeMatcher,75,53,13,11,0,51,0,0,2,3,0,0.3,,400,,,,,2,,,
CompleteGumtreeMatcher,75,53,13,11,0,51,0,0,2,3,0,0.4,,400,,,,,2,,,
CompleteGumtreeMatcher,75,53,13,11,0,51,0,0,3,3,0,0.5,,400,,,,,2,,,
CompleteGumtreeMatcher,75,53,13,11,0,51,0,0,2,3,0,0.6,,400,,,,,2,,,
CompleteGumtreeMatcher,75,53,13,11,0,51,0,0,2,3,0,0.7,,400,,,,,2,,,
CompleteGumtreeMatcher,75,53,13,11,0,51,0,0,3,3,0,0.799,,400,,,,,2,,,
CompleteGumtreeMatcher,75,53,13,11,0,51,0,0,2,3,0,0.899,,400,,,,,2,,,
CompleteGumtreeMatcher,75,53,13,11,0,51,0,0,2,3,0,0.999,,400,,,,,2,,,
CompleteGumtreeMatcher,75,53,13,11,0,51,0,0,3,3,0,0.1,,500,,,,,2,,,
CompleteGumtreeMatcher,75,53,13,11,0,51,0,0,2,3,0,0.2,,500,,,,,2,,,
CompleteGumtreeMatcher,75,53,13,11,0,51,0,0,2,3,0,0.3,,500,,,,,2,,,
CompleteGumtreeMatcher,75,53,13,11,0,51,0,0,3,3,0,0.4,,500,,,,,2,,,
CompleteGumtreeMatcher,75,53,13,11,0,51,0,0,2,3,0,0.5,,500,,,,,2,,,
CompleteGumtreeMatcher,75,53,13,11,0,51,0,0,2,3,0,0.6,,500,,,,,2,,,
CompleteGumtreeMatcher,75,53,13,11,0,51,0,0,3,3,0,0.7,,500,,,,,2,,,
CompleteGumtreeMatcher,75,53,13,11,0,51,0,0,3,3,0,0.799,,500,,,,,2,,,
CompleteGumtreeMatcher,75,53,13,11,0,51,0,0,2,3,0,0.899,,500,,,,,2,,,
CompleteGumtreeMatcher,75,53,13,11,0,51,0,0,2,3,0,0.999,,500,,,,,2,,,
CompleteGumtreeMatcher,75,53,13,11,0,51,0,0,2,3,0,0.1,,600,,,,,2,,,
CompleteGumtreeMatcher,75,53,13,11,0,51,0,0,2,3,0,0.2,,600,,,,,2,,,
CompleteGumtreeMatcher,75,53,13,11,0,51,0,0,3,3,0,0.3,,600,,,,,2,,,
CompleteGumtreeMatcher,75,53,13,11,0,51,0,0,3,3,0,0.4,,600,,,,,2,,,
CompleteGumtreeMatcher,75,53,13,11,0,51,0,0,2,3,0,0.5,,600,,,,,2,,,
CompleteGumtreeMatcher,75,53,13,11,0,51,0,0,2,3,0,0.6,,600,,,,,2,,,
CompleteGumtreeMatcher,75,53,13,11,0,51,0,0,2,3,0,0.7,,600,,,,,2,,,
CompleteGumtreeMatcher,75,53,13,11,0,51,0,0,2,3,0,0.799,,600,,,,,2,,,
CompleteGumtreeMatcher,75,53,13,11,0,51,0,0,3,3,0,0.899,,600,,,,,2,,,
CompleteGumtreeMatcher,75,53,13,11,0,51,0,0,3,3,0,0.999,,600,,,,,2,,,
CompleteGumtreeMatcher,75,53,13,11,0,51,0,0,2,3,0,0.1,,700,,,,,2,,,
CompleteGumtreeMatcher,75,53,13,11,0,51,0,0,2,3,0,0.2,,700,,,,,2,,,
CompleteGumtreeMatcher,75,53,13,11,0,51,0,0,3,3,0,0.3,,700,,,,,2,,,
CompleteGumtreeMatcher,75,53,13,11,0,51,0,0,3,3,0,0.4,,700,,,,,2,,,
CompleteGumtreeMatcher,75,53,13,11,0,51,0,0,2,3,0,0.5,,700,,,,,2,,,
CompleteGumtreeMatcher,75,53,13,11,0,51,0,0,2,3,0,0.6,,700,,,,,2,,,
CompleteGumtreeMatcher,75,53,13,11,0,51,0,0,2,3,0,0.7,,700,,,,,2,,,
CompleteGumtreeMatcher,75,53,13,11,0,51,0,0,2,3,0,0.799,,700,,,,,2,,,
CompleteGumtreeMatcher,75,53,13,11,0,51,0,0,3,3,0,0.899,,700,,,,,2,,,
CompleteGumtreeMatcher,75,53,13,11,0,51,0,0,3,3,0,0.999,,700,,,,,2,,,
CompleteGumtreeMatcher,75,53,13,11,0,51,0,0,2,3,0,0.1,,800,,,,,2,,,
CompleteGumtreeMatcher,75,53,13,11,0,51,0,0,2,3,0,0.2,,800,,,,,2,,,
CompleteGumtreeMatcher,75,53,13,11,0,51,0,0,2,3,0,0.3,,800,,,,,2,,,
CompleteGumtreeMatcher,75,53,13,11,0,51,0,0,2,3,0,0.4,,800,,,,,2,,,
CompleteGumtreeMatcher,75,53,13,11,0,51,0,0,3,3,0,0.5,,800,,,,,2,,,
CompleteGumtreeMatcher,75,53,13,11,0,51,0,0,3,3,0,0.6,,800,,,,,2,,,
CompleteGumtreeMatcher,75,53,13,11,0,51,0,0,2,3,0,0.7,,800,,,,,2,,,
CompleteGumtreeMatcher,75,53,13,11,0,51,0,0,2,3,0,0.799,,800,,,,,2,,,
CompleteGumtreeMatcher,75,53,13,11,0,51,0,0,2,3,0,0.899,,800,,,,,2,,,
CompleteGumtreeMatcher,75,53,13,11,0,51,0,0,2,3,0,0.999,,800,,,,,2,,,
CompleteGumtreeMatcher,75,53,13,11,0,51,0,0,2,3,0,0.1,,900,,,,,2,,,
CompleteGumtreeMatcher,75,53,13,11,0,51,0,0,2,3,0,0.2,,900,,,,,2,,,
CompleteGumtreeMatcher,75,53,13,11,0,51,0,0,2,3,0,0.3,,900,,,,,2,,,
CompleteGumtreeMatcher,75,53,13,11,0,51,0,0,2,3,0,0.4,,900,,,,,2,,,
CompleteGumtreeMatcher,75,53,13,11,0,51,0,0,3,3,0,0.5,,900,,,,,2,,,
CompleteGumtreeMatcher,75,53,13,11,0,51,0,0,3,3,0,0.6,,900,,,,,2,,,
CompleteGumtreeMatcher,75,53,13,11,0,51,0,0,2,3,0,0.7,,900,,,,,2,,,
CompleteGumtreeMatcher,75,53,13,11,0,51,0,0,2,3,0,0.799,,900,,,,,2,,,
CompleteGumtreeMatcher,75,53,13,11,0,51,0,0,2,3,0,0.899,,900,,,,,2,,,
CompleteGumtreeMatcher,75,53,13,11,0,51,0,0,2,3,0,0.999,,900,,,,,2,,,
CompleteGumtreeMatcher,75,53,13,11,0,51,0,0,3,3,0,0.1,,1000,,,,,2,,,
CompleteGumtreeMatcher,75,53,13,11,0,51,0,0,3,3,0,0.2,,1000,,,,,2,,,
CompleteGumtreeMatcher,75,53,13,11,0,51,0,0,2,3,0,0.3,,1000,,,,,2,,,
CompleteGumtreeMatcher,75,53,13,11,0,51,0,0,2,3,0,0.4,,1000,,,,,2,,,
CompleteGumtreeMatcher,75,53,13,11,0,51,0,0,3,3,0,0.5,,1000,,,,,2,,,
CompleteGumtreeMatcher,75,53,13,11,0,51,0,0,2,3,0,0.6,,1000,,,,,2,,,
CompleteGumtreeMatcher,75,53,13,11,0,51,0,0,3,3,0,0.7,,1000,,,,,2,,,
CompleteGumtreeMatcher,75,53,13,11,0,51,0,0,2,3,0,0.799,,1000,,,,,2,,,
CompleteGumtreeMatcher,75,53,13,11,0,51,0,0,2,3,0,0.899,,1000,,,,,2,,,
CompleteGumtreeMatcher,75,53,13,11,0,51,0,0,2,3,0,0.999,,1000,,,,,2,,,
CompleteGumtreeMatcher,75,53,13,11,0,51,0,0,2,3,0,0.1,,1100,,,,,2,,,
CompleteGumtreeMatcher,75,53,13,11,0,51,0,0,3,3,0,0.2,,1100,,,,,2,,,
CompleteGumtreeMatcher,75,53,13,11,0,51,0,0,2,3,0,0.3,,1100,,,,,2,,,
CompleteGumtreeMatcher,75,53,13,11,0,51,0,0,3,3,0,0.4,,1100,,,,,2,,,
CompleteGumtreeMatcher,75,53,13,11,0,51,0,0,2,3,0,0.5,,1100,,,,,2,,,
CompleteGumtreeMatcher,75,53,13,11,0,51,0,0,3,3,0,0.6,,1100,,,,,2,,,
CompleteGumtreeMatcher,75,53,13,11,0,51,0,0,2,3,0,0.7,,1100,,,,,2,,,
CompleteGumtreeMatcher,75,53,13,11,0,51,0,0,2,3,0,0.799,,1100,,,,,2,,,
CompleteGumtreeMatcher,75,53,13,11,0,51,0,0,2,3,0,0.899,,1100,,,,,2,,,
CompleteGumtreeMatcher,75,53,13,11,0,51,0,0,2,3,0,0.999,,1100,,,,,2,,,
CompleteGumtreeMatcher,75,53,13,11,0,51,0,0,3,3,0,0.1,,1200,,,,,2,,,
CompleteGumtreeMatcher,75,53,13,11,0,51,0,0,2,3,0,0.2,,1200,,,,,2,,,
CompleteGumtreeMatcher,75,53,13,11,0,51,0,0,2,3,0,0.3,,1200,,,,,2,,,
CompleteGumtreeMatcher,75,53,13,11,0,51,0,0,2,3,0,0.4,,1200,,,,,2,,,
CompleteGumtreeMatcher,75,53,13,11,0,51,0,0,2,3,0,0.5,,1200,,,,,2,,,
CompleteGumtreeMatcher,75,53,13,11,0,51,0,0,3,3,0,0.6,,1200,,,,,2,,,
CompleteGumtreeMatcher,75,53,13,11,0,51,0,0,2,3,0,0.7,,1200,,,,,2,,,
CompleteGumtreeMatcher,75,53,13,11,0,51,0,0,3,3,0,0.799,,1200,,,,,2,,,
CompleteGumtreeMatcher,75,53,13,11,0,51,0,0,3,3,0,0.899,,1200,,,,,2,,,
CompleteGumtreeMatcher,75,53,13,11,0,51,0,0,2,3,0,0.999,,1200,,,,,2,,,
CompleteGumtreeMatcher,3,2,2,0,0,1,0,0,1382,3,0,0.1,,1300,,,,,2,,,
CompleteGumtreeMatcher,3,2,2,0,0,1,0,0,1381,3,0,0.2,,1300,,,,,2,,,
CompleteGumtreeMatcher,3,2,2,0,0,1,0,0,1384,3,0,0.3,,1300,,,,,2,,,
CompleteGumtreeMatcher,3,2,2,0,0,1,0,0,1382,3,0,0.4,,1300,,,,,2,,,
CompleteGumtreeMatcher,3,2,2,0,0,1,0,0,1387,3,0,0.5,,1300,,,,,2,,,
CompleteGumtreeMatcher,3,2,2,0,0,1,0,0,1387,3,0,0.6,,1300,,,,,2,,,
CompleteGumtreeMatcher,3,2,2,0,0,1,0,0,1385,3,0,0.7,,1300,,,,,2,,,
CompleteGumtreeMatcher,3,2,2,0,0,1,0,0,1390,3,0,0.799,,1300,,,,,2,,,
CompleteGumtreeMatcher,3,2,2,0,0,1,0,0,1387,3,0,0.899,,1300,,,,,2,,,
CompleteGumtreeMatcher,3,2,2,0,0,1,0,0,1388,3,0,0.999,,1300,,,,,2,,,
CompleteGumtreeMatcher,3,2,2,0,0,1,0,0,1362,3,0,0.1,,1400,,,,,2,,,
CompleteGumtreeMatcher,3,2,2,0,0,1,0,0,1367,3,0,0.2,,1400,,,,,2,,,
CompleteGumtreeMatcher,3,2,2,0,0,1,0,0,1360,3,0,0.3,,1400,,,,,2,,,
CompleteGumtreeMatcher,3,2,2,0,0,1,0,0,1363,3,0,0.4,,1400,,,,,2,,,
CompleteGumtreeMatcher,3,2,2,0,0,1,0,0,1366,3,0,0.5,,1400,,,,,2,,,
CompleteGumtreeMatcher,3,2,2,0,0,1,0,0,1365,3,0,0.6,,1400,,,,,2,,,
CompleteGumtreeMatcher,3,2,2,0,0,1,0,0,1364,3,0,0.7,,1400,,,,,2,,,
CompleteGumtreeMatcher,3,2,2,0,0,1,0,0,1367,3,0,0.799,,1400,,,,,2,,,
CompleteGumtreeMatcher,3,2,2,0,0,1,0,0,1360,3,0,0.899,,1400,,,,,2,,,
CompleteGumtreeMatcher,3,2,2,0,0,1,0,0,1366,3,0,0.999,,1400,,,,,2,,,
CompleteGumtreeMatcher,3,2,2,0,0,1,0,0,1383,3,0,0.1,,1500,,,,,2,,,
CompleteGumtreeMatcher,3,2,2,0,0,1,0,0,1382,3,0,0.2,,1500,,,,,2,,,
CompleteGumtreeMatcher,3,2,2,0,0,1,0,0,1383,3,0,0.3,,1500,,,,,2,,,
CompleteGumtreeMatcher,3,2,2,0,0,1,0,0,1382,3,0,0.4,,1500,,,,,2,,,
CompleteGumtreeMatcher,3,2,2,0,0,1,0,0,1388,3,0,0.5,,1500,,,,,2,,,
CompleteGumtreeMatcher,3,2,2,0,0,1,0,0,1386,3,0,0.6,,1500,,,,,2,,,
CompleteGumtreeMatcher,3,2,2,0,0,1,0,0,1388,3,0,0.7,,1500,,,,,2,,,
CompleteGumtreeMatcher,3,2,2,0,0,1,0,0,1388,3,0,0.799,,1500,,,,,2,,,
CompleteGumtreeMatcher,3,2,2,0,0,1,0,0,1382,3,0,0.899,,1500,,,,,2,,,
CompleteGumtreeMatcher,3,2,2,0,0,1,0,0,1389,3,0,0.999,,1500,,,,,2,,,
CompleteGumtreeMatcher,3,2,2,0,0,1,0,0,1359,3,0,0.1,,1600,,,,,2,,,
CompleteGumtreeMatcher,3,2,2,0,0,1,0,0,1358,3,0,0.2,,1600,,,,,2,,,
CompleteGumtreeMatcher,3,2,2,0,0,1,0,0,1357,3,0,0.3,,1600,,,,,2,,,
CompleteGumtreeMatcher,3,2,2,0,0,1,0,0,1358,3,0,0.4,,1600,,,,,2,,,
CompleteGumtreeMatcher,3,2,2,0,0,1,0,0,1366,3,0,0.5,,1600,,,,,2,,,
CompleteGumtreeMatcher,3,2,2,0,0,1,0,0,1366,3,0,0.6,,1600,,,,,2,,,
CompleteGumtreeMatcher,3,2,2,0,0,1,0,0,1365,3,0,0.7,,1600,,,,,2,,,
CompleteGumtreeMatcher,3,2,2,0,0,1,0,0,1365,3,0,0.799,,1600,,,,,2,,,
CompleteGumtreeMatcher,3,2,2,0,0,1,0,0,1359,3,0,0.899,,1600,,,,,2,,,
CompleteGumtreeMatcher,3,2,2,0,0,1,0,0,1365,3,0,0.999,,1600,,,,,2,,,
CompleteGumtreeMatcher,3,2,2,0,0,1,0,0,1389,3,0,0.1,,1700,,,,,2,,,
CompleteGumtreeMatcher,3,2,2,0,0,1,0,0,1388,3,0,0.2,,1700,,,,,2,,,
CompleteGumtreeMatcher,3,2,2,0,0,1,0,0,1387,3,0,0.3,,1700,,,,,2,,,
CompleteGumtreeMatcher,3,2,2,0,0,1,0,0,1389,3,0,0.4,,1700,,,,,2,,,
CompleteGumtreeMatcher,3,2,2,0,0,1,0,0,1393,3,0,0.5,,1700,,,,,2,,,
CompleteGumtreeMatcher,3,2,2,0,0,1,0,0,1390,3,0,0.6,,1700,,,,,2,,,
CompleteGumtreeMatcher,3,2,2,0,0,1,0,0,1390,3,0,0.7,,1700,,,,,2,,,
CompleteGumtreeMatcher,3,2,2,0,0,1,0,0,1393,3,0,0.799,,1700,,,,,2,,,
CompleteGumtreeMatcher,3,2,2,0,0,1,0,0,1388,3,0,0.899,,1700,,,,,2,,,
CompleteGumtreeMatcher,3,2,2,0,0,1,0,0,1387,3,0,0.999,,1700,,,,,2,,,
CompleteGumtreeMatcher,3,2,2,0,0,1,0,0,1360,3,0,0.1,,1800,,,,,2,,,
CompleteGumtreeMatcher,3,2,2,0,0,1,0,0,1360,3,0,0.2,,1800,,,,,2,,,
CompleteGumtreeMatcher,3,2,2,0,0,1,0,0,1361,3,0,0.3,,1800,,,,,2,,,
CompleteGumtreeMatcher,3,2,2,0,0,1,0,0,1357,3,0,0.4,,1800,,,,,2,,,
CompleteGumtreeMatcher,3,2,2,0,0,1,0,0,1368,3,0,0.5,,1800,,,,,2,,,
CompleteGumtreeMatcher,3,2,2,0,0,1,0,0,1367,3,0,0.6,,1800,,,,,2,,,
CompleteGumtreeMatcher,3,2,2,0,0,1,0,0,1369,3,0,0.7,,1800,,,,,2,,,
CompleteGumtreeMatcher,3,2,2,0,0,1,0,0,1360,3,0,0.799,,1800,,,,,2,,,
CompleteGumtreeMatcher,3,2,2,0,0,1,0,0,1365,3,0,0.899,,1800,,,,,2,,,
CompleteGumtreeMatcher,3,2,2,0,0,1,0,0,1367,3,0,0.999,,1800,,,,,2,,,
CompleteGumtreeMatcher,3,2,2,0,0,1,0,0,1399,3,0,0.1,,1900,,,,,2,,,
CompleteGumtreeMatcher,3,2,2,0,0,1,0,0,1397,3,0,0.2,,1900,,,,,2,,,
CompleteGumtreeMatcher,3,2,2,0,0,1,0,0,1396,3,0,0.3,,1900,,,,,2,,,
CompleteGumtreeMatcher,3,2,2,0,0,1,0,0,1398,3,0,0.4,,1900,,,,,2,,,
CompleteGumtreeMatcher,3,2,2,0,0,1,0,0,1400,3,0,0.5,,1900,,,,,2,,,
CompleteGumtreeMatcher,3,2,2,0,0,1,0,0,1396,3,0,0.6,,1900,,,,,2,,,
CompleteGumtreeMatcher,3,2,2,0,0,1,0,0,1400,3,0,0.7,,1900,,,,,2,,,
CompleteGumtreeMatcher,3,2,2,0,0,1,0,0,1391,3,0,0.799,,1900,,,,,2,,,
CompleteGumtreeMatcher,3,2,2,0,0,1,0,0,1399,3,0,0.899,,1900,,,,,2,,,
CompleteGumtreeMatcher,3,2,2,0,0,1,0,0,1400,3,0,0.999,,1900,,,,,2,,,
CompleteGumtreeMatcher,3,2,2,0,0,1,0,0,1364,3,0,0.1,,2000,,,,,2,,,
CompleteGumtreeMatcher,3,2,2,0,0,1,0,0,1366,3,0,0.2,,2000,,,,,2,,,
CompleteGumtreeMatcher,3,2,2,0,0,1,0,0,1368,3,0,0.3,,2000,,,,,2,,,
CompleteGumtreeMatcher,3,2,2,0,0,1,0,0,1362,3,0,0.4,,2000,,,,,2,,,
CompleteGumtreeMatcher,3,2,2,0,0,1,0,0,1367,3,0,0.5,,2000,,,,,2,,,
CompleteGumtreeMatcher,3,2,2,0,0,1,0,0,1367,3,0,0.6,,2000,,,,,2,,,
CompleteGumtreeMatcher,3,2,2,0,0,1,0,0,1366,3,0,0.7,,2000,,,,,2,,,
CompleteGumtreeMatcher,3,2,2,0,0,1,0,0,1362,3,0,0.799,,2000,,,,,2,,,
CompleteGumtreeMatcher,3,2,2,0,0,1,0,0,1364,3,0,0.899,,2000,,,,,2,,,
CompleteGumtreeMatcher,3,2,2,0,0,1,0,0,1367,3,0,0.999,,2000,,,,,2,,,
CompleteGumtreeMatcher,172,42,67,65,0,40,0,0,3,3,0,0.1,,100,,,,,3,,,
CompleteGumtreeMatcher,172,42,67,65,0,40,0,0,2,3,0,0.2,,100,,,,,3,,,
CompleteGumtreeMatcher,172,42,67,65,0,40,0,0,2,3,0,0.3,,100,,,,,3,,,
CompleteGumtreeMatcher,172,42,67,65,0,40,0,0,2,3,0,0.4,,100,,,,,3,,,
CompleteGumtreeMatcher,172,42,67,65,0,40,0,0,3,3,0,0.5,,100,,,,,3,,,
CompleteGumtreeMatcher,172,42,67,65,0,40,0,0,3,3,0,0.6,,100,,,,,3,,,
CompleteGumtreeMatcher,172,42,67,65,0,40,0,0,2,3,0,0.7,,100,,,,,3,,,
CompleteGumtreeMatcher,172,42,67,65,0,40,0,0,3,3,0,0.799,,100,,,,,3,,,
CompleteGumtreeMatcher,172,42,67,65,0,40,0,0,2,3,0,0.899,,100,,,,,3,,,
CompleteGumtreeMatcher,172,42,67,65,0,40,0,0,2,3,0,0.999,,100,,,,,3,,,
CompleteGumtreeMatcher,172,42,67,65,0,40,0,0,2,3,0,0.1,,200,,,,,3,,,
CompleteGumtreeMatcher,172,42,67,65,0,40,0,0,2,3,0,0.2,,200,,,,,3,,,
CompleteGumtreeMatcher,172,42,67,65,0,40,0,0,3,3,0,0.3,,200,,,,,3,,,
CompleteGumtreeMatcher,172,42,67,65,0,40,0,0,2,3,0,0.4,,200,,,,,3,,,
CompleteGumtreeMatcher,172,42,67,65,0,40,0,0,2,3,0,0.5,,200,,,,,3,,,
CompleteGumtreeMatcher,172,42,67,65,0,40,0,0,2,3,0,0.6,,200,,,,,3,,,
CompleteGumtreeMatcher,172,42,67,65,0,40,0,0,2,3,0,0.7,,200,,,,,3,,,
CompleteGumtreeMatcher,172,42,67,65,0,40,0,0,3,3,0,0.799,,200,,,,,3,,,
CompleteGumtreeMatcher,172,42,67,65,0,40,0,0,2,3,0,0.899,,200,,,,,3,,,
CompleteGumtreeMatcher,172,42,67,65,0,40,0,0,3,3,0,0.999,,200,,,,,3,,,
CompleteGumtreeMatcher,172,42,67,65,0,40,0,0,2,3,0,0.1,,300,,,,,3,,,
CompleteGumtreeMatcher,172,42,67,65,0,40,0,0,2,3,0,0.2,,300,,,,,3,,,
CompleteGumtreeMatcher,172,42,67,65,0,40,0,0,3,3,0,0.3,,300,,,,,3,,,
CompleteGumtreeMatcher,172,42,67,65,0,40,0,0,2,3,0,0.4,,300,,,,,3,,,
CompleteGumtreeMatcher,172,42,67,65,0,40,0,0,3,3,0,0.5,,300,,,,,3,,,
CompleteGumtreeMatcher,172,42,67,65,0,40,0,0,3,3,0,0.6,,300,,,,,3,,,
CompleteGumtreeMatcher,172,42,67,65,0,40,0,0,2,3,0,0.7,,300,,,,,3,,,
CompleteGumtreeMatcher,172,42,67,65,0,40,0,0,3,3,0,0.799,,300,,,,,3,,,
CompleteGumtreeMatcher,172,42,67,65,0,40,0,0,2,3,0,0.899,,300,,,,,3,,,
CompleteGumtreeMatcher,172,42,67,65,0,40,0,0,2,3,0,0.999,,300,,,,,3,,,
CompleteGumtreeMatcher,172,42,67,65,0,40,0,0,3,3,0,0.1,,400,,,,,3,,,
CompleteGumtreeMatcher,172,42,67,65,0,40,0,0,2,3,0,0.2,,400,,,,,3,,,
CompleteGumtreeMatcher,172,42,67,65,0,40,0,0,3,3,0,0.3,,400,,,,,3,,,
CompleteGumtreeMatcher,172,42,67,65,0,40,0,0,3,3,0,0.4,,400,,,,,3,,,
CompleteGumtreeMatcher,172,42,67,65,0,40,0,0,2,3,0,0.5,,400,,,,,3,,,
CompleteGumtreeMatcher,172,42,67,65,0,40,0,0,2,3,0,0.6,,400,,,,,3,,,
CompleteGumtreeMatcher,172,42,67,65,0,40,0,0,2,3,0,0.7,,400,,,,,3,,,
CompleteGumtreeMatcher,172,42,67,65,0,40,0,0,2,3,0,0.799,,400,,,,,3,,,
CompleteGumtreeMatcher,172,42,67,65,0,40,0,0,2,3,0,0.899,,400,,,,,3,,,
CompleteGumtreeMatcher,172,42,67,65,0,40,0,0,3,3,0,0.999,,400,,,,,3,,,
CompleteGumtreeMatcher,172,42,67,65,0,40,0,0,2,3,0,0.1,,500,,,,,3,,,
CompleteGumtreeMatcher,172,42,67,65,0,40,0,0,2,3,0,0.2,,500,,,,,3,,,
CompleteGumtreeMatcher,172,42,67,65,0,40,0,0,3,3,0,0.3,,500,,,,,3,,,
CompleteGumtreeMatcher,172,42,67,65,0,40,0,0,2,3,0,0.4,,500,,,,,3,,,
CompleteGumtreeMatcher,172,42,67,65,0,40,0,0,3,3,0,0.5,,500,,,,,3,,,
CompleteGumtreeMatcher,172,42,67,65,0,40,0,0,3,3,0,0.6,,500,,,,,3,,,
CompleteGumtreeMatcher,172,42,67,65,0,40,0,0,2,3,0,0.7,,500,,,,,3,,,
CompleteGumtreeMatcher,172,42,67,65,0,40,0,0,3,3,0,0.799,,500,,,,,3,,,
CompleteGumtreeMatcher,172,42,67,65,0,40,0,0,2,3,0,0.899,,500,,,,,3,,,
CompleteGumtreeMatcher,172,42,67,65,0,40,0,0,2,3,0,0.999,,500,,,,,3,,,
CompleteGumtreeMatcher,172,42,67,65,0,40,0,0,3,3,0,0.1,,600,,,,,3,,,
CompleteGumtreeMatcher,172,42,67,65,0,40,0,0,2,3,0,0.2,,600,,,,,3,,,
CompleteGumtreeMatcher,172,42,67,65,0,40,0,0,3,3,0,0.3,,600,,,,,3,,,
CompleteGumtreeMatcher,172,42,67,65,0,40,0,0,3,3,0,0.4,,600,,,,,3,,,
CompleteGumtreeMatcher,172,42,67,65,0,40,0,0,2,3,0,0.5,,600,,,,,3,,,
CompleteGumtreeMatcher,172,42,67,65,0,40,0,0,3,3,0,0.6,,600,,,,,3,,,
CompleteGumtreeMatcher,172,42,67,65,0,40,0,0,2,3,0,0.7,,600,,,,,3,,,
CompleteGumtreeMatcher,172,42,67,65,0,40,0,0,2,3,0,0.799,,600,,,,,3,,,
CompleteGumtreeMatcher,172,42,67,65,0,40,0,0,2,3,0,0.899,,600,,,,,3,,,
CompleteGumtreeMatcher,172,42,67,65,0,40,0,0,2,3,0,0.999,,600,,,,,3,,,
CompleteGumtreeMatcher,172,42,67,65,0,40,0,0,2,3,0,0.1,,700,,,,,3,,,
CompleteGumtreeMatcher,172,42,67,65,0,40,0,0,2,3,0,0.2,,700,,,,,3,,,
CompleteGumtreeMatcher,172,42,67,65,0,40,0,0,3,3,0,0.3,,700,,,,,3,,,
CompleteGumtreeMatcher,172,42,67,65,0,40,0,0,2,3,0,0.4,,700,,,,,3,,,
CompleteGumtreeMatcher,172,42,67,65,0,40,0,0,3,3,0,0.5,,700,,,,,3,,,
CompleteGumtreeMatcher,172,42,67,65,0,40,0,0,3,3,0,0.6,,700,,,,,3,,,
CompleteGumtreeMatcher,172,42,67,65,0,40,0,0,2,3,0,0.7,,700,,,,,3,,,
CompleteGumtreeMatcher,172,42,67,65,0,40,0,0,3,3,0,0.799,,700,,,,,3,,,
CompleteGumtreeMatcher,172,42,67,65,0,40,0,0,2,3,0,0.899,,700,,,,,3,,,
CompleteGumtreeMatcher,172,42,67,65,0,40,0,0,2,3,0,0.999,,700,,,,,3,,,
CompleteGumtreeMatcher,172,42,67,65,0,40,0,0,3,3,0,0.1,,800,,,,,3,,,
CompleteGumtreeMatcher,172,42,67,65,0,40,0,0,2,3,0,0.2,,800,,,,,3,,,
CompleteGumtreeMatcher,172,42,67,65,0,40,0,0,3,3,0,0.3,,800,,,,,3,,,
CompleteGumtreeMatcher,172,42,67,65,0,40,0,0,3,3,0,0.4,,800,,,,,3,,,
CompleteGumtreeMatcher,172,42,67,65,0,40,0,0,3,3,0,0.5,,800,,,,,3,,,
CompleteGumtreeMatcher,172,42,67,65,0,40,0,0,2,3,0,0.6,,800,,,,,3,,,
CompleteGumtreeMatcher,172,42,67,65,0,40,0,0,3,3,0,0.7,,800,,,,,3,,,
CompleteGumtreeMatcher,172,42,67,65,0,40,0,0,2,3,0,0.799,,800,,,,,3,,,
CompleteGumtreeMatcher,172,42,67,65,0,40,0,0,2,3,0,0.899,,800,,,,,3,,,
CompleteGumtreeMatcher,172,42,67,65,0,40,0,0,2,3,0,0.999,,800,,,,,3,,,
CompleteGumtreeMatcher,172,42,67,65,0,40,0,0,3,3,0,0.1,,900,,,,,3,,,
CompleteGumtreeMatcher,172,42,67,65,0,40,0,0,2,3,0,0.2,,900,,,,,3,,,
CompleteGumtreeMatcher,172,42,67,65,0,40,0,0,2,3,0,0.3,,900,,,,,3,,,
CompleteGumtreeMatcher,172,42,67,65,0,40,0,0,2,3,0,0.4,,900,,,,,3,,,
CompleteGumtreeMatcher,172,42,67,65,0,40,0,0,3,3,0,0.5,,900,,,,,3,,,
CompleteGumtreeMatcher,172,42,67,65,0,40,0,0,2,3,0,0.6,,900,,,,,3,,,
CompleteGumtreeMatcher,172,42,67,65,0,40,0,0,2,3,0,0.7,,900,,,,,3,,,
CompleteGumtreeMatcher,172,42,67,65,0,40,0,0,3,3,0,0.799,,900,,,,,3,,,
CompleteGumtreeMatcher,172,42,67,65,0,40,0,0,3,3,0,0.899,,900,,,,,3,,,
CompleteGumtreeMatcher,172,42,67,65,0,40,0,0,2,3,0,0.999,,900,,,,,3,,,
CompleteGumtreeMatcher,172,42,67,65,0,40,0,0,2,3,0,0.1,,1000,,,,,3,,,
CompleteGumtreeMatcher,172,42,67,65,0,40,0,0,2,3,0,0.2,,1000,,,,,3,,,
CompleteGumtreeMatcher,172,42,67,65,0,40,0,0,3,3,0,0.3,,1000,,,,,3,,,
CompleteGumtreeMatcher,172,42,67,65,0,40,0,0,2,3,0,0.4,,1000,,,,,3,,,
CompleteGumtreeMatcher,172,42,67,65,0,40,0,0,2,3,0,0.5,,1000,,,,,3,,,
CompleteGumtreeMatcher,172,42,67,65,0,40,0,0,2,3,0,0.6,,1000,,,,,3,,,
CompleteGumtreeMatcher,172,42,67,65,0,40,0,0,3,3,0,0.7,,1000,,,,,3,,,
CompleteGumtreeMatcher,172,42,67,65,0,40,0,0,2,3,0,0.799,,1000,,,,,3,,,
CompleteGumtreeMatcher,172,42,67,65,0,40,0,0,2,3,0,0.899,,1000,,,,,3,,,
CompleteGumtreeMatcher,172,42,67,65,0,40,0,0,3,3,0,0.999,,1000,,,,,3,,,
CompleteGumtreeMatcher,172,42,67,65,0,40,0,0,3,3,0,0.1,,1100,,,,,3,,,
CompleteGumtreeMatcher,172,42,67,65,0,40,0,0,3,3,0,0.2,,1100,,,,,3,,,
CompleteGumtreeMatcher,172,42,67,65,0,40,0,0,2,3,0,0.3,,1100,,,,,3,,,
CompleteGumtreeMatcher,172,42,67,65,0,40,0,0,2,3,0,0.4,,1100,,,,,3,,,
CompleteGumtreeMatcher,172,42,67,65,0,40,0,0,3,3,0,0.5,,1100,,,,,3,,,
CompleteGumtreeMatcher,172,42,67,65,0,40,0,0,2,3,0,0.6,,1100,,,,,3,,,
CompleteGumtreeMatcher,172,42,67,65,0,40,0,0,2,3,0,0.7,,1100,,,,,3,,,
CompleteGumtreeMatcher,172,42,67,65,0,40,0,0,2,3,0,0.799,,1100,,,,,3,,,
CompleteGumtreeMatcher,172,42,67,65,0,40,0,0,2,3,0,0.899,,1100,,,,,3,,,
CompleteGumtreeMatcher,172,42,67,65,0,40,0,0,2,3,0,0.999,,1100,,,,,3,,,
CompleteGumtreeMatcher,172,42,67,65,0,40,0,0,3,3,0,0.1,,1200,,,,,3,,,
CompleteGumtreeMatcher,172,42,67,65,0,40,0,0,2,3,0,0.2,,1200,,,,,3,,,
CompleteGumtreeMatcher,172,42,67,65,0,40,0,0,2,3,0,0.3,,1200,,,,,3,,,
CompleteGumtreeMatcher,172,42,67,65,0,40,0,0,3,3,0,0.4,,1200,,,,,3,,,
CompleteGumtreeMatcher,172,42,67,65,0,40,0,0,3,3,0,0.5,,1200,,,,,3,,,
CompleteGumtreeMatcher,172,42,67,65,0,40,0,0,3,3,0,0.6,,1200,,,,,3,,,
CompleteGumtreeMatcher,172,42,67,65,0,40,0,0,3,3,0,0.7,,1200,,,,,3,,,
CompleteGumtreeMatcher,172,42,67,65,0,40,0,0,2,3,0,0.799,,1200,,,,,3,,,
CompleteGumtreeMatcher,172,42,67,65,0,40,0,0,3,3,0,0.899,,1200,,,,,3,,,
CompleteGumtreeMatcher,172,42,67,65,0,40,0,0,3,3,0,0.999,,1200,,,,,3,,,
CompleteGumtreeMatcher,3,2,2,0,0,1,0,0,1393,3,0,0.1,,1300,,,,,3,,,
CompleteGumtreeMatcher,3,2,2,0,0,1,0,0,1391,3,0,0.2,,1300,,,,,3,,,
CompleteGumtreeMatcher,3,2,2,0,0,1,0,0,1397,3,0,0.3,,1300,,,,,3,,,
CompleteGumtreeMatcher,3,2,2,0,0,1,0,0,1397,3,0,0.4,,1300,,,,,3,,,
CompleteGumtreeMatcher,3,2,2,0,0,1,0,0,1392,3,0,0.5,,1300,,,,,3,,,
CompleteGumtreeMatcher,3,2,2,0,0,1,0,0,1383,3,0,0.6,,1300,,,,,3,,,
CompleteGumtreeMatcher,3,2,2,0,0,1,0,0,1391,3,0,0.7,,1300,,,,,3,,,
CompleteGumtreeMatcher,3,2,2,0,0,1,0,0,1389,3,0,0.799,,1300,,,,,3,,,
CompleteGumtreeMatcher,3,2,2,0,0,1,0,0,1391,3,0,0.899,,1300,,,,,3,,,
CompleteGumtreeMatcher,3,2,2,0,0,1,0,0,1387,3,0,0.999,,1300,,,,,3,,,
CompleteGumtreeMatcher,3,2,2,0,0,1,0,0,1362,3,0,0.1,,1400,,,,,3,,,
CompleteGumtreeMatcher,3,2,2,0,0,1,0,0,1360,3,0,0.2,,1400,,,,,3,,,
CompleteGumtreeMatcher,3,2,2,0,0,1,0,0,1359,3,0,0.3,,1400,,,,,3,,,
CompleteGumtreeMatcher,3,2,2,0,0,1,0,0,1361,3,0,0.4,,1400,,,,,3,,,
CompleteGumtreeMatcher,3,2,2,0,0,1,0,0,1365,3,0,0.5,,1400,,,,,3,,,
CompleteGumtreeMatcher,3,2,2,0,0,1,0,0,1365,3,0,0.6,,1400,,,,,3,,,
CompleteGumtreeMatcher,3,2,2,0,0,1,0,0,1365,3,0,0.7,,1400,,,,,3,,,
CompleteGumtreeMatcher,3,2,2,0,0,1,0,0,1360,3,0,0.799,,1400,,,,,3,,,
CompleteGumtreeMatcher,3,2,2,0,0,1,0,0,1364,3,0,0.899,,1400,,,,,3,,,
CompleteGumtreeMatcher,3,2,2,0,0,1,0,0,1364,3,0,0.999,,1400,,,,,3,,,
CompleteGumtreeMatcher,3,2,2,0,0,1,0,0,1361,3,0,0.1,,1500,,,,,3,,,
CompleteGumtreeMatcher,3,2,2,0,0,1,0,0,1362,3,0,0.2,,1500,,,,,3,,,
CompleteGumtreeMatcher,3,2,2,0,0,1,0,0,1362,3,0,0.3,,1500,,,,,3,,,
CompleteGumtreeMatcher,3,2,2,0,0,1,0,0,1365,3,0,0.4,,1500,,,,,3,,,
CompleteGumtreeMatcher,3,2,2,0,0,1,0,0,1366,3,0,0.5,,1500,,,,,3,,,
CompleteGumtreeMatcher,3,2,2,0,0,1,0,0,1360,3,0,0.6,,1500,,,,,3,,,
CompleteGumtreeMatcher,3,2,2,0,0,1,0,0,1363,3,0,0.7,,1500,,,,,3,,,
CompleteGumtreeMatcher,3,2,2,0,0,1,0,0,1367,3,0,0.799,,1500,,,,,3,,,
CompleteGumtreeMatcher,3,2,2,0,0,1,0,0,1364,3,0,0.899,,1500,,,,,3,,,
CompleteGumtreeMatcher,3,2,2,0,0,1,0,0,1394,3,0,0.999,,1500,,,,,3,,,
CompleteGumtreeMatcher,3,2,2,0,0,1,0,0,1389,3,0,0.1,,1600,,,,,3,,,
CompleteGumtreeMatcher,3,2,2,0,0,1,0,0,1389,3,0,0.2,,1600,,,,,3,,,
CompleteGumtreeMatcher,3,2,2,0,0,1,0,0,1389,3,0,0.3,,1600,,,,,3,,,
CompleteGumtreeMatcher,3,2,2,0,0,1,0,0,1390,3,0,0.4,,1600,,,,,3,,,
CompleteGumtreeMatcher,3,2,2,0,0,1,0,0,1388,3,0,0.5,,1600,,,,,3,,,
CompleteGumtreeMatcher,3,2,2,0,0,1,0,0,1390,3,0,0.6,,1600,,,,,3,,,
CompleteGumtreeMatcher,3,2,2,0,0,1,0,0,1396,3,0,0.7,,1600,,,,,3,,,
CompleteGumtreeMatcher,3,2,2,0,0,1,0,0,1389,3,0,0.799,,1600,,,,,3,,,
CompleteGumtreeMatcher,3,2,2,0,0,1,0,0,1391,3,0,0.899,,1600,,,,,3,,,
CompleteGumtreeMatcher,3,2,2,0,0,1,0,0,1371,3,0,0.999,,1600,,,,,3,,,
CompleteGumtreeMatcher,3,2,2,0,0,1,0,0,1358,3,0,0.1,,1700,,,,,3,,,
CompleteGumtreeMatcher,3,2,2,0,0,1,0,0,1357,3,0,0.2,,1700,,,,,3,,,
CompleteGumtreeMatcher,3,2,2,0,0,1,0,0,1355,3,0,0.3,,1700,,,,,3,,,
CompleteGumtreeMatcher,3,2,2,0,0,1,0,0,1357,3,0,0.4,,1700,,,,,3,,,
CompleteGumtreeMatcher,3,2,2,0,0,1,0,0,1359,3,0,0.5,,1700,,,,,3,,,
CompleteGumtreeMatcher,3,2,2,0,0,1,0,0,1365,3,0,0.6,,1700,,,,,3,,,
CompleteGumtreeMatcher,3,2,2,0,0,1,0,0,1364,3,0,0.7,,1700,,,,,3,,,
CompleteGumtreeMatcher,3,2,2,0,0,1,0,0,1364,3,0,0.799,,1700,,,,,3,,,
CompleteGumtreeMatcher,3,2,2,0,0,1,0,0,1366,3,0,0.899,,1700,,,,,3,,,
CompleteGumtreeMatcher,3,2,2,0,0,1,0,0,1365,3,0,0.999,,1700,,,,,3,,,
CompleteGumtreeMatcher,3,2,2,0,0,1,0,0,1386,3,0,0.1,,1800,,,,,3,,,
CompleteGumtreeMatcher,3,2,2,0,0,1,0,0,1384,3,0,0.2,,1800,,,,,3,,,
CompleteGumtreeMatcher,3,2,2,0,0,1,0,0,1384,3,0,0.3,,1800,,,,,3,,,
CompleteGumtreeMatcher,3,2,2,0,0,1,0,0,1384,3,0,0.4,,1800,,,,,3,,,
CompleteGumtreeMatcher,3,2,2,0,0,1,0,0,1386,3,0,0.5,,1800,,,,,3,,,
CompleteGumtreeMatcher,3,2,2,0,0,1,0,0,1390,3,0,0.6,,1800,,,,,3,,,
CompleteGumtreeMatcher,3,2,2,0,0,1,0,0,1391,3,0,0.7,,1800,,,,,3,,,
CompleteGumtreeMatcher,3,2,2,0,0,1,0,0,1388,3,0,0.799,,1800,,,,,3,,,
CompleteGumtreeMatcher,3,2,2,0,0,1,0,0,1389,3,0,0.899,,1800,,,,,3,,,
CompleteGumtreeMatcher,3,2,2,0,0,1,0,0,1389,3,0,0.999,,1800,,,,,3,,,
CompleteGumtreeMatcher,3,2,2,0,0,1,0,0,1358,3,0,0.1,,1900,,,,,3,,,
CompleteGumtreeMatcher,3,2,2,0,0,1,0,0,1360,3,0,0.2,,1900,,,,,3,,,
CompleteGumtreeMatcher,3,2,2,0,0,1,0,0,1360,3,0,0.3,,1900,,,,,3,,,
CompleteGumtreeMatcher,3,2,2,0,0,1,0,0,1363,3,0,0.4,,1900,,,,,3,,,
CompleteGumtreeMatcher,3,2,2,0,0,1,0,0,1361,3,0,0.5,,1900,,,,,3,,,
CompleteGumtreeMatcher,3,2,2,0,0,1,0,0,1366,3,0,0.6,,1900,,,,,3,,,
CompleteGumtreeMatcher,3,2,2,0,0,1,0,0,1365,3,0,0.7,,1900,,,,,3,,,
CompleteGumtreeMatcher,3,2,2,0,0,1,0,0,1368,3,0,0.799,,1900,,,,,3,,,
CompleteGumtreeMatcher,3,2,2,0,0,1,0,0,1364,3,0,0.899,,1900,,,,,3,,,
CompleteGumtreeMatcher,3,2,2,0,0,1,0,0,1368,3,0,0.999,,1900,,,,,3,,,
CompleteGumtreeMatcher,3,2,2,0,0,1,0,0,1395,3,0,0.1,,2000,,,,,3,,,
CompleteGumtreeMatcher,3,2,2,0,0,1,0,0,1394,3,0,0.2,,2000,,,,,3,,,
CompleteGumtreeMatcher,3,2,2,0,0,1,0,0,1392,3,0,0.3,,2000,,,,,3,,,
CompleteGumtreeMatcher,3,2,2,0,0,1,0,0,1390,3,0,0.4,,2000,,,,,3,,,
CompleteGumtreeMatcher,3,2,2,0,0,1,0,0,1389,3,0,0.5,,2000,,,,,3,,,
CompleteGumtreeMatcher,3,2,2,0,0,1,0,0,1390,3,0,0.6,,2000,,,,,3,,,
CompleteGumtreeMatcher,3,2,2,0,0,1,0,0,1409,3,0,0.7,,2000,,,,,3,,,
CompleteGumtreeMatcher,3,2,2,0,0,1,0,0,1391,3,0,0.799,,2000,,,,,3,,,
CompleteGumtreeMatcher,3,2,2,0,0,1,0,0,1386,3,0,0.899,,2000,,,,,3,,,
CompleteGumtreeMatcher,3,2,2,0,0,1,0,0,1399,3,0,0.999,,2000,,,,,3,,,
CompleteGumtreeMatcher,250,38,108,106,0,36,0,0,2,3,0,0.1,,100,,,,,4,,,
CompleteGumtreeMatcher,250,38,108,106,0,36,0,0,2,3,0,0.2,,100,,,,,4,,,
CompleteGumtreeMatcher,250,38,108,106,0,36,0,0,3,3,0,0.3,,100,,,,,4,,,
CompleteGumtreeMatcher,250,38,108,106,0,36,0,0,2,3,0,0.4,,100,,,,,4,,,
CompleteGumtreeMatcher,250,38,108,106,0,36,0,0,3,3,0,0.5,,100,,,,,4,,,
CompleteGumtreeMatcher,250,38,108,106,0,36,0,0,2,3,0,0.6,,100,,,,,4,,,
CompleteGumtreeMatcher,250,38,108,106,0,36,0,0,3,3,0,0.7,,100,,,,,4,,,
CompleteGumtreeMatcher,250,38,108,106,0,36,0,0,2,3,0,0.799,,100,,,,,4,,,
CompleteGumtreeMatcher,250,38,108,106,0,36,0,0,3,3,0,0.899,,100,,,,,4,,,
CompleteGumtreeMatcher,250,38,108,106,0,36,0,0,3,3,0,0.999,,100,,,,,4,,,
CompleteGumtreeMatcher,250,38,108,106,0,36,0,0,2,3,0,0.1,,200,,,,,4,,,
CompleteGumtreeMatcher,250,38,108,106,0,36,0,0,3,3,0,0.2,,200,,,,,4,,,
CompleteGumtreeMatcher,250,38,108,106,0,36,0,0,2,3,0,0.3,,200,,,,,4,,,
CompleteGumtreeMatcher,250,38,108,106,0,36,0,0,2,3,0,0.4,,200,,,,,4,,,
CompleteGumtreeMatcher,250,38,108,106,0,36,0,0,2,3,0,0.5,,200,,,,,4,,,
CompleteGumtreeMatcher,250,38,108,106,0,36,0,0,3,3,0,0.6,,200,,,,,4,,,
CompleteGumtreeMatcher,250,38,108,106,0,36,0,0,2,3,0,0.7,,200,,,,,4,,,
CompleteGumtreeMatcher,250,38,108,106,0,36,0,0,3,3,0,0.799,,200,,,,,4,,,
CompleteGumtreeMatcher,250,38,108,106,0,36,0,0,3,3,0,0.899,,200,,,,,4,,,
CompleteGumtreeMatcher,250,38,108,106,0,36,0,0,2,3,0,0.999,,200,,,,,4,,,
CompleteGumtreeMatcher,250,38,108,106,0,36,0,0,2,3,0,0.1,,300,,,,,4,,,
CompleteGumtreeMatcher,250,38,108,106,0,36,0,0,3,3,0,0.2,,300,,,,,4,,,
CompleteGumtreeMatcher,250,38,108,106,0,36,0,0,2,3,0,0.3,,300,,,,,4,,,
CompleteGumtreeMatcher,250,38,108,106,0,36,0,0,2,3,0,0.4,,300,,,,,4,,,
CompleteGumtreeMatcher,250,38,108,106,0,36,0,0,2,3,0,0.5,,300,,,,,4,,,
CompleteGumtreeMatcher,250,38,108,106,0,36,0,0,3,3,0,0.6,,300,,,,,4,,,
CompleteGumtreeMatcher,250,38,108,106,0,36,0,0,2,3,0,0.7,,300,,,,,4,,,
CompleteGumtreeMatcher,250,38,108,106,0,36,0,0,3,3,0,0.799,,300,,,,,4,,,
CompleteGumtreeMatcher,250,38,108,106,0,36,0,0,3,3,0,0.899,,300,,,,,4,,,
CompleteGumtreeMatcher,250,38,108,106,0,36,0,0,3,3,0,0.999,,300,,,,,4,,,
CompleteGumtreeMatcher,250,38,108,106,0,36,0,0,2,3,0,0.1,,400,,,,,4,,,
CompleteGumtreeMatcher,250,38,108,106,0,36,0,0,3,3,0,0.2,,400,,,,,4,,,
CompleteGumtreeMatcher,250,38,108,106,0,36,0,0,2,3,0,0.3,,400,,,,,4,,,
CompleteGumtreeMatcher,250,38,108,106,0,36,0,0,2,3,0,0.4,,400,,,,,4,,,
CompleteGumtreeMatcher,250,38,108,106,0,36,0,0,2,3,0,0.5,,400,,,,,4,,,
CompleteGumtreeMatcher,250,38,108,106,0,36,0,0,3,3,0,0.6,,400,,,,,4,,,
CompleteGumtreeMatcher,250,38,108,106,0,36,0,0,2,3,0,0.7,,400,,,,,4,,,
CompleteGumtreeMatcher,250,38,108,106,0,36,0,0,3,3,0,0.799,,400,,,,,4,,,
CompleteGumtreeMatcher,250,38,108,106,0,36,0,0,3,3,0,0.899,,400,,,,,4,,,
CompleteGumtreeMatcher,250,38,108,106,0,36,0,0,3,3,0,0.999,,400,,,,,4,,,
CompleteGumtreeMatcher,250,38,108,106,0,36,0,0,2,3,0,0.1,,500,,,,,4,,,
CompleteGumtreeMatcher,250,38,108,106,0,36,0,0,3,3,0,0.2,,500,,,,,4,,,
CompleteGumtreeMatcher,250,38,108,106,0,36,0,0,2,3,0,0.3,,500,,,,,4,,,
CompleteGumtreeMatcher,250,38,108,106,0,36,0,0,2,3,0,0.4,,500,,,,,4,,,
CompleteGumtreeMatcher,250,38,108,106,0,36,0,0,2,3,0,0.5,,500,,,,,4,,,
CompleteGumtreeMatcher,250,38,108,106,0,36,0,0,3,3,0,0.6,,500,,,,,4,,,
CompleteGumtreeMatcher,250,38,108,106,0,36,0,0,2,3,0,0.7,,500,,,,,4,,,
CompleteGumtreeMatcher,250,38,108,106,0,36,0,0,3,3,0,0.799,,500,,,,,4,,,
CompleteGumtreeMatcher,250,38,108,106,0,36,0,0,3,3,0,0.899,,500,,,,,4,,,
CompleteGumtreeMatcher,250,38,108,106,0,36,0,0,3,3,0,0.999,,500,,,,,4,,,
CompleteGumtreeMatcher,250,38,108,106,0,36,0,0,2,3,0,0.1,,600,,,,,4,,,
CompleteGumtreeMatcher,250,38,108,106,0,36,0,0,3,3,0,0.2,,600,,,,,4,,,
CompleteGumtreeMatcher,250,38,108,106,0,36,0,0,2,3,0,0.3,,600,,,,,4,,,
CompleteGumtreeMatcher,250,38,108,106,0,36,0,0,2,3,0,0.4,,600,,,,,4,,,
CompleteGumtreeMatcher,250,38,108,106,0,36,0,0,2,3,0,0.5,,600,,,,,4,,,
CompleteGumtreeMatcher,250,38,108,106,0,36,0,0,3,3,0,0.6,,600,,,,,4,,,
CompleteGumtreeMatcher,250,38,108,106,0,36,0,0,3,3,0,0.7,,600,,,,,4,,,
CompleteGumtreeMatcher,250,38,108,106,0,36,0,0,2,3,0,0.799,,600,,,,,4,,,
CompleteGumtreeMatcher,250,38,108,106,0,36,0,0,2,3,0,0.899,,600,,,,,4,,,
CompleteGumtreeMatcher,250,38,108,106,0,36,0,0,3,3,0,0.999,,600,,,,,4,,,
CompleteGumtreeMatcher,250,38,108,106,0,36,0,0,3,3,0,0.1,,700,,,,,4,,,
CompleteGumtreeMatcher,250,38,108,106,0,36,0,0,2,3,0,0.2,,700,,,,,4,,,
CompleteGumtreeMatcher,250,38,108,106,0,36,0,0,2,3,0,0.3,,700,,,,,4,,,
CompleteGumtreeMatcher,250,38,108,106,0,36,0,0,3,3,0,0.4,,700,,,,,4,,,
CompleteGumtreeMatcher,250,38,108,106,0,36,0,0,3,3,0,0.5,,700,,,,,4,,,
CompleteGumtreeMatcher,250,38,108,106,0,36,0,0,2,3,0,0.6,,700,,,,,4,,,
CompleteGumtreeMatcher,250,38,108,106,0,36,0,0,2,3,0,0.7,,700,,,,,4,,,
CompleteGumtreeMatcher,250,38,108,106,0,36,0,0,3,3,0,0.799,,700,,,,,4,,,
CompleteGumtreeMatcher,250,38,108,106,0,36,0,0,3,3,0,0.899,,700,,,,,4,,,
CompleteGumtreeMatcher,250,38,108,106,0,36,0,0,2,3,0,0.999,,700,,,,,4,,,
CompleteGumtreeMatcher,250,38,108,106,0,36,0,0,2,3,0,0.1,,800,,,,,4,,,
CompleteGumtreeMatcher,250,38,108,106,0,36,0,0,2,3,0,0.2,,800,,,,,4,,,
CompleteGumtreeMatcher,250,38,108,106,0,36,0,0,3,3,0,0.3,,800,,,,,4,,,
CompleteGumtreeMatcher,250,38,108,106,0,36,0,0,2,3,0,0.4,,800,,,,,4,,,
CompleteGumtreeMatcher,250,38,108,106,0,36,0,0,2,3,0,0.5,,800,,,,,4,,,
CompleteGumtreeMatcher,250,38,108,106,0,36,0,0,3,3,0,0.6,,800,,,,,4,,,
CompleteGumtreeMatcher,250,38,108,106,0,36,0,0,3,3,0,0.7,,800,,,,,4,,,
CompleteGumtreeMatcher,250,38,108,106,0,36,0,0,3,3,0,0.799,,800,,,,,4,,,
CompleteGumtreeMatcher,250,38,108,106,0,36,0,0,3,3,0,0.899,,800,,,,,4,,,
CompleteGumtreeMatcher,250,38,108,106,0,36,0,0,2,3,0,0.999,,800,,,,,4,,,
CompleteGumtreeMatcher,250,38,108,106,0,36,0,0,3,3,0,0.1,,900,,,,,4,,,
CompleteGumtreeMatcher,250,38,108,106,0,36,0,0,3,3,0,0.2,,900,,,,,4,,,
CompleteGumtreeMatcher,250,38,108,106,0,36,0,0,2,3,0,0.3,,900,,,,,4,,,
CompleteGumtreeMatcher,250,38,108,106,0,36,0,0,2,3,0,0.4,,900,,,,,4,,,
CompleteGumtreeMatcher,250,38,108,106,0,36,0,0,2,3,0,0.5,,900,,,,,4,,,
CompleteGumtreeMatcher,250,38,108,106,0,36,0,0,2,3,0,0.6,,900,,,,,4,,,
CompleteGumtreeMatcher,250,38,108,106,0,36,0,0,3,3,0,0.7,,900,,,,,4,,,
CompleteGumtreeMatcher,250,38,108,106,0,36,0,0,2,3,0,0.799,,900,,,,,4,,,
CompleteGumtreeMatcher,250,38,108,106,0,36,0,0,2,3,0,0.899,,900,,,,,4,,,
CompleteGumtreeMatcher,250,38,108,106,0,36,0,0,3,3,0,0.999,,900,,,,,4,,,
CompleteGumtreeMatcher,250,38,108,106,0,36,0,0,3,3,0,0.1,,1000,,,,,4,,,
CompleteGumtreeMatcher,250,38,108,106,0,36,0,0,3,3,0,0.2,,1000,,,,,4,,,
CompleteGumtreeMatcher,250,38,108,106,0,36,0,0,3,3,0,0.3,,1000,,,,,4,,,
CompleteGumtreeMatcher,250,38,108,106,0,36,0,0,2,3,0,0.4,,1000,,,,,4,,,
CompleteGumtreeMatcher,250,38,108,106,0,36,0,0,3,3,0,0.5,,1000,,,,,4,,,
CompleteGumtreeMatcher,250,38,108,106,0,36,0,0,3,3,0,0.6,,1000,,,,,4,,,
CompleteGumtreeMatcher,250,38,108,106,0,36,0,0,2,3,0,0.7,,1000,,,,,4,,,
CompleteGumtreeMatcher,250,38,108,106,0,36,0,0,2,3,0,0.799,,1000,,,,,4,,,
CompleteGumtreeMatcher,250,38,108,106,0,36,0,0,2,3,0,0.899,,1000,,,,,4,,,
CompleteGumtreeMatcher,250,38,108,106,0,36,0,0,2,3,0,0.999,,1000,,,,,4,,,
CompleteGumtreeMatcher,250,38,108,106,0,36,0,0,2,3,0,0.1,,1100,,,,,4,,,
CompleteGumtreeMatcher,250,38,108,106,0,36,0,0,2,3,0,0.2,,1100,,,,,4,,,
CompleteGumtreeMatcher,250,38,108,106,0,36,0,0,2,3,0,0.3,,1100,,,,,4,,,
CompleteGumtreeMatcher,250,38,108,106,0,36,0,0,2,3,0,0.4,,1100,,,,,4,,,
CompleteGumtreeMatcher,250,38,108,106,0,36,0,0,3,3,0,0.5,,1100,,,,,4,,,
CompleteGumtreeMatcher,250,38,108,106,0,36,0,0,3,3,0,0.6,,1100,,,,,4,,,
CompleteGumtreeMatcher,250,38,108,106,0,36,0,0,3,3,0,0.7,,1100,,,,,4,,,
CompleteGumtreeMatcher,250,38,108,106,0,36,0,0,3,3,0,0.799,,1100,,,,,4,,,
CompleteGumtreeMatcher,250,38,108,106,0,36,0,0,2,3,0,0.899,,1100,,,,,4,,,
CompleteGumtreeMatcher,250,38,108,106,0,36,0,0,3,3,0,0.999,,1100,,,,,4,,,
CompleteGumtreeMatcher,250,38,108,106,0,36,0,0,3,3,0,0.1,,1200,,,,,4,,,
CompleteGumtreeMatcher,250,38,108,106,0,36,0,0,3,3,0,0.2,,1200,,,,,4,,,
CompleteGumtreeMatcher,250,38,108,106,0,36,0,0,2,3,0,0.3,,1200,,,,,4,,,
CompleteGumtreeMatcher,250,38,108,106,0,36,0,0,2,3,0,0.4,,1200,,,,,4,,,
CompleteGumtreeMatcher,250,38,108,106,0,36,0,0,2,3,0,0.5,,1200,,,,,4,,,
CompleteGumtreeMatcher,250,38,108,106,0,36,0,0,2,3,0,0.6,,1200,,,,,4,,,
CompleteGumtreeMatcher,250,38,108,106,0,36,0,0,3,3,0,0.7,,1200,,,,,4,,,
CompleteGumtreeMatcher,250,38,108,106,0,36,0,0,2,3,0,0.799,,1200,,,,,4,,,
CompleteGumtreeMatcher,250,38,108,106,0,36,0,0,2,3,0,0.899,,1200,,,,,4,,,
CompleteGumtreeMatcher,250,38,108,106,0,36,0,0,3,3,0,0.999,,1200,,,,,4,,,
CompleteGumtreeMatcher,3,2,2,0,0,1,0,0,1361,3,0,0.1,,1300,,,,,4,,,
CompleteGumtreeMatcher,3,2,2,0,0,1,0,0,1368,3,0,0.2,,1300,,,,,4,,,
CompleteGumtreeMatcher,3,2,2,0,0,1,0,0,1363,3,0,0.3,,1300,,,,,4,,,
CompleteGumtreeMatcher,3,2,2,0,0,1,0,0,1365,3,0,0.4,,1300,,,,,4,,,
CompleteGumtreeMatcher,3,2,2,0,0,1,0,0,1363,3,0,0.5,,1300,,,,,4,,,
CompleteGumtreeMatcher,3,2,2,0,0,1,0,0,1369,3,0,0.6,,1300,,,,,4,,,
CompleteGumtreeMatcher,3,2,2,0,0,1,0,0,1369,3,0,0.7,,1300,,,,,4,,,
CompleteGumtreeMatcher,3,2,2,0,0,1,0,0,1361,3,0,0.799,,1300,,,,,4,,,
CompleteGumtreeMatcher,3,2,2,0,0,1,0,0,1369,3,0,0.899,,1300,,,,,4,,,
CompleteGumtreeMatcher,3,2,2,0,0,1,0,0,1364,3,0,0.999,,1300,,,,,4,,,
CompleteGumtreeMatcher,3,2,2,0,0,1,0,0,1387,3,0,0.1,,1400,,,,,4,,,
CompleteGumtreeMatcher,3,2,2,0,0,1,0,0,1387,3,0,0.2,,1400,,,,,4,,,
CompleteGumtreeMatcher,3,2,2,0,0,1,0,0,1385,3,0,0.3,,1400,,,,,4,,,
CompleteGumtreeMatcher,3,2,2,0,0,1,0,0,1388,3,0,0.4,,1400,,,,,4,,,
CompleteGumtreeMatcher,3,2,2,0,0,1,0,0,1385,3,0,0.5,,1400,,,,,4,,,
CompleteGumtreeMatcher,3,2,2,0,0,1,0,0,1396,3,0,0.6,,1400,,,,,4,,,
CompleteGumtreeMatcher,3,2,2,0,0,1,0,0,1396,3,0,0.7,,1400,,,,,4,,,
CompleteGumtreeMatcher,3,2,2,0,0,1,0,0,1394,3,0,0.799,,1400,,,,,4,,,
CompleteGumtreeMatcher,3,2,2,0,0,1,0,0,1395,3,0,0.899,,1400,,,,,4,,,
CompleteGumtreeMatcher,3,2,2,0,0,1,0,0,1393,3,0,0.999,,1400,,,,,4,,,
CompleteGumtreeMatcher,3,2,2,0,0,1,0,0,1362,3,0,0.1,,1500,,,,,4,,,
CompleteGumtreeMatcher,3,2,2,0,0,1,0,0,1358,3,0,0.2,,1500,,,,,4,,,
CompleteGumtreeMatcher,3,2,2,0,0,1,0,0,1360,3,0,0.3,,1500,,,,,4,,,
CompleteGumtreeMatcher,3,2,2,0,0,1,0,0,1364,3,0,0.4,,1500,,,,,4,,,
CompleteGumtreeMatcher,3,2,2,0,0,1,0,0,1361,3,0,0.5,,1500,,,,,4,,,
CompleteGumtreeMatcher,3,2,2,0,0,1,0,0,1367,3,0,0.6,,1500,,,,,4,,,
CompleteGumtreeMatcher,3,2,2,0,0,1,0,0,1366,3,0,0.7,,1500,,,,,4,,,
CompleteGumtreeMatcher,3,2,2,0,0,1,0,0,1365,3,0,0.799,,1500,,,,,4,,,
CompleteGumtreeMatcher,3,2,2,0,0,1,0,0,1365,3,0,0.899,,1500,,,,,4,,,
CompleteGumtreeMatcher,3,2,2,0,0,1,0,0,1366,3,0,0.999,,1500,,,,,4,,,
CompleteGumtreeMatcher,3,2,2,0,0,1,0,0,1386,3,0,0.1,,1600,,,,,4,,,
CompleteGumtreeMatcher,3,2,2,0,0,1,0,0,1379,3,0,0.2,,1600,,,,,4,,,
CompleteGumtreeMatcher,3,2,2,0,0,1,0,0,1415,3,0,0.3,,1600,,,,,4,,,
CompleteGumtreeMatcher,3,2,2,0,0,1,0,0,1413,3,0,0.4,,1600,,,,,4,,,
CompleteGumtreeMatcher,3,2,2,0,0,1,0,0,1412,3,0,0.5,,1600,,,,,4,,,
CompleteGumtreeMatcher,3,2,2,0,0,1,0,0,1423,3,0,0.6,,1600,,,,,4,,,
CompleteGumtreeMatcher,3,2,2,0,0,1,0,0,1394,3,0,0.7,,1600,,,,,4,,,
CompleteGumtreeMatcher,3,2,2,0,0,1,0,0,1393,3,0,0.799,,1600,,,,,4,,,
CompleteGumtreeMatcher,3,2,2,0,0,1,0,0,1421,3,0,0.899,,1600,,,,,4,,,
CompleteGumtreeMatcher,3,2,2,0,0,1,0,0,1418,3,0,0.999,,1600,,,,,4,,,
CompleteGumtreeMatcher,3,2,2,0,0,1,0,0,1366,3,0,0.1,,1700,,,,,4,,,
CompleteGumtreeMatcher,3,2,2,0,0,1,0,0,1365,3,0,0.2,,1700,,,,,4,,,
CompleteGumtreeMatcher,3,2,2,0,0,1,0,0,1369,3,0,0.3,,1700,,,,,4,,,
CompleteGumtreeMatcher,3,2,2,0,0,1,0,0,1370,3,0,0.4,,1700,,,,,4,,,
CompleteGumtreeMatcher,3,2,2,0,0,1,0,0,1365,3,0,0.5,,1700,,,,,4,,,
CompleteGumtreeMatcher,3,2,2,0,0,1,0,0,1365,3,0,0.6,,1700,,,,,4,,,
CompleteGumtreeMatcher,3,2,2,0,0,1,0,0,1368,3,0,0.7,,1700,,,,,4,,,
CompleteGumtreeMatcher,3,2,2,0,0,1,0,0,1370,3,0,0.799,,1700,,,,,4,,,
CompleteGumtreeMatcher,3,2,2,0,0,1,0,0,1369,3,0,0.899,,1700,,,,,4,,,
CompleteGumtreeMatcher,3,2,2,0,0,1,0,0,1367,3,0,0.999,,1700,,,,,4,,,
CompleteGumtreeMatcher,3,2,2,0,0,1,0,0,1401,3,0,0.1,,1800,,,,,4,,,
CompleteGumtreeMatcher,3,2,2,0,0,1,0,0,1388,3,0,0.2,,1800,,,,,4,,,
CompleteGumtreeMatcher,3,2,2,0,0,1,0,0,1388,3,0,0.3,,1800,,,,,4,,,
CompleteGumtreeMatcher,3,2,2,0,0,1,0,0,1387,3,0,0.4,,1800,,,,,4,,,
CompleteGumtreeMatcher,3,2,2,0,0,1,0,0,1395,3,0,0.5,,1800,,,,,4,,,
CompleteGumtreeMatcher,3,2,2,0,0,1,0,0,1398,3,0,0.6,,1800,,,,,4,,,
CompleteGumtreeMatcher,3,2,2,0,0,1,0,0,1395,3,0,0.7,,1800,,,,,4,,,
CompleteGumtreeMatcher,3,2,2,0,0,1,0,0,1401,3,0,0.799,,1800,,,,,4,,,
CompleteGumtreeMatcher,3,2,2,0,0,1,0,0,1401,3,0,0.899,,1800,,,,,4,,,
CompleteGumtreeMatcher,3,2,2,0,0,1,0,0,1394,3,0,0.999,,1800,,,,,4,,,
CompleteGumtreeMatcher,3,2,2,0,0,1,0,0,1359,3,0,0.1,,1900,,,,,4,,,
CompleteGumtreeMatcher,3,2,2,0,0,1,0,0,1359,3,0,0.2,,1900,,,,,4,,,
CompleteGumtreeMatcher,3,2,2,0,0,1,0,0,1361,3,0,0.3,,1900,,,,,4,,,
CompleteGumtreeMatcher,3,2,2,0,0,1,0,0,1359,3,0,0.4,,1900,,,,,4,,,
CompleteGumtreeMatcher,3,2,2,0,0,1,0,0,1366,3,0,0.5,,1900,,,,,4,,,
CompleteGumtreeMatcher,3,2,2,0,0,1,0,0,1371,3,0,0.6,,1900,,,,,4,,,
CompleteGumtreeMatcher,3,2,2,0,0,1,0,0,1359,3,0,0.7,,1900,,,,,4,,,
CompleteGumtreeMatcher,3,2,2,0,0,1,0,0,1369,3,0,0.799,,1900,,,,,4,,,
CompleteGumtreeMatcher,3,2,2,0,0,1,0,0,1368,3,0,0.899,,1900,,,,,4,,,
CompleteGumtreeMatcher,3,2,2,0,0,1,0,0,1369,3,0,0.999,,1900,,,,,4,,,
CompleteGumtreeMatcher,3,2,2,0,0,1,0,0,1384,3,0,0.1,,2000,,,,,4,,,
CompleteGumtreeMatcher,3,2,2,0,0,1,0,0,1383,3,0,0.2,,2000,,,,,4,,,
CompleteGumtreeMatcher,3,2,2,0,0,1,0,0,1386,3,0,0.3,,2000,,,,,4,,,
CompleteGumtreeMatcher,3,2,2,0,0,1,0,0,1386,3,0,0.4,,2000,,,,,4,,,
CompleteGumtreeMatcher,3,2,2,0,0,1,0,0,1385,3,0,0.5,,2000,,,,,4,,,
CompleteGumtreeMatcher,3,2,2,0,0,1,0,0,1394,3,0,0.6,,2000,,,,,4,,,
CompleteGumtreeMatcher,3,2,2,0,0,1,0,0,1398,3,0,0.7,,2000,,,,,4,,,
CompleteGumtreeMatcher,3,2,2,0,0,1,0,0,1393,3,0,0.799,,2000,,,,,4,,,
CompleteGumtreeMatcher,3,2,2,0,0,1,0,0,1396,3,0,0.899,,2000,,,,,4,,,
CompleteGumtreeMatcher,3,2,2,0,0,1,0,0,1393,3,0,0.999,,2000,,,,,4,,,
CompleteGumtreeMatcher,610,24,295,293,0,22,0,0,3,3,0,0.1,,100,,,,,5,,,
CompleteGumtreeMatcher,610,24,295,293,0,22,0,0,3,3,0,0.2,,100,,,,,5,,,
CompleteGumtreeMatcher,610,24,295,293,0,22,0,0,3,3,0,0.3,,100,,,,,5,,,
CompleteGumtreeMatcher,610,24,295,293,0,22,0,0,3,3,0,0.4,,100,,,,,5,,,
CompleteGumtreeMatcher,610,24,295,293,0,22,0,0,3,3,0,0.5,,100,,,,,5,,,
CompleteGumtreeMatcher,610,24,295,293,0,22,0,0,3,3,0,0.6,,100,,,,,5,,,
CompleteGumtreeMatcher,610,24,295,293,0,22,0,0,3,3,0,0.7,,100,,,,,5,,,
CompleteGumtreeMatcher,610,24,295,293,0,22,0,0,2,3,0,0.799,,100,,,,,5,,,
CompleteGumtreeMatcher,610,24,295,293,0,22,0,0,2,3,0,0.899,,100,,,,,5,,,
CompleteGumtreeMatcher,610,24,295,293,0,22,0,0,3,3,0,0.999,,100,,,,,5,,,
CompleteGumtreeMatcher,610,24,295,293,0,22,0,0,2,3,0,0.1,,200,,,,,5,,,
CompleteGumtreeMatcher,610,24,295,293,0,22,0,0,3,3,0,0.2,,200,,,,,5,,,
CompleteGumtreeMatcher,610,24,295,293,0,22,0,0,3,3,0,0.3,,200,,,,,5,,,
CompleteGumtreeMatcher,610,24,295,293,0,22,0,0,3,3,0,0.4,,200,,,,,5,,,
CompleteGumtreeMatcher,610,24,295,293,0,22,0,0,3,3,0,0.5,,200,,,,,5,,,
CompleteGumtreeMatcher,610,24,295,293,0,22,0,0,2,3,0,0.6,,200,,,,,5,,,
CompleteGumtreeMatcher,610,24,295,293,0,22,0,0,2,3,0,0.7,,200,,,,,5,,,
CompleteGumtreeMatcher,610,24,295,293,0,22,0,0,3,3,0,0.799,,200,,,,,5,,,
CompleteGumtreeMatcher,610,24,295,293,0,22,0,0,3,3,0,0.899,,200,,,,,5,,,
CompleteGumtreeMatcher,610,24,295,293,0,22,0,0,3,3,0,0.999,,200,,,,,5,,,
CompleteGumtreeMatcher,610,24,295,293,0,22,0,0,3,3,0,0.1,,300,,,,,5,,,
CompleteGumtreeMatcher,610,24,295,293,0,22,0,0,3,3,0,0.2,,300,,,,,5,,,
CompleteGumtreeMatcher,610,24,295,293,0,22,0,0,2,3,0,0.3,,300,,,,,5,,,
CompleteGumtreeMatcher,610,24,295,293,0,22,0,0,3,3,0,0.4,,300,,,,,5,,,
CompleteGumtreeMatcher,610,24,295,293,0,22,0,0,3,3,0,0.5,,300,,,,,5,,,
CompleteGumtreeMatcher,610,24,295,293,0,22,0,0,2,3,0,0.6,,300,,,,,5,,,
CompleteGumtreeMatcher,610,24,295,293,0,22,0,0,3,3,0,0.7,,300,,,,,5,,,
CompleteGumtreeMatcher,610,24,295,293,0,22,0,0,2,3,0,0.799,,300,,,,,5,,,
CompleteGumtreeMatcher,610,24,295,293,0,22,0,0,3,3,0,0.899,,300,,,,,5,,,
CompleteGumtreeMatcher,610,24,295,293,0,22,0,0,3,3,0,0.999,,300,,,,,5,,,
CompleteGumtreeMatcher,610,24,295,293,0,22,0,0,3,3,0,0.1,,400,,,,,5,,,
CompleteGumtreeMatcher,610,24,295,293,0,22,0,0,3,3,0,0.2,,400,,,,,5,,,
CompleteGumtreeMatcher,610,24,295,293,0,22,0,0,3,3,0,0.3,,400,,,,,5,,,
CompleteGumtreeMatcher,610,24,295,293,0,22,0,0,3,3,0,0.4,,400,,,,,5,,,
CompleteGumtreeMatcher,610,24,295,293,0,22,0,0,2,3,0,0.5,,400,,,,,5,,,
CompleteGumtreeMatcher,610,24,295,293,0,22,0,0,3,3,0,0.6,,400,,,,,5,,,
CompleteGumtreeMatcher,610,24,295,293,0,22,0,0,2,3,0,0.7,,400,,,,,5,,,
CompleteGumtreeMatcher,610,24,295,293,0,22,0,0,2,3,0,0.799,,400,,,,,5,,,
CompleteGumtreeMatcher,610,24,295,293,0,22,0,0,2,3,0,0.899,,400,,,,,5,,,
CompleteGumtreeMatcher,610,24,295,293,0,22,0,0,3,3,0,0.999,,400,,,,,5,,,
CompleteGumtreeMatcher,610,24,295,293,0,22,0,0,3,3,0,0.1,,500,,,,,5,,,
CompleteGumtreeMatcher,610,24,295,293,0,22,0,0,3,3,0,0.2,,500,,,,,5,,,
CompleteGumtreeMatcher,610,24,295,293,0,22,0,0,3,3,0,0.3,,500,,,,,5,,,
CompleteGumtreeMatcher,610,24,295,293,0,22,0,0,2,3,0,0.4,,500,,,,,5,,,
CompleteGumtreeMatcher,610,24,295,293,0,22,0,0,3,3,0,0.5,,500,,,,,5,,,
CompleteGumtreeMatcher,610,24,295,293,0,22,0,0,3,3,0,0.6,,500,,,,,5,,,
CompleteGumtreeMatcher,610,24,295,293,0,22,0,0,3,3,0,0.7,,500,,,,,5,,,
CompleteGumtreeMatcher,610,24,295,293,0,22,0,0,3,3,0,0.799,,500,,,,,5,,,
CompleteGumtreeMatcher,610,24,295,293,0,22,0,0,3,3,0,0.899,,500,,,,,5,,,
CompleteGumtreeMatcher,610,24,295,293,0,22,0,0,3,3,0,0.999,,500,,,,,5,,,
CompleteGumtreeMatcher,610,24,295,293,0,22,0,0,3,3,0,0.1,,600,,,,,5,,,
CompleteGumtreeMatcher,610,24,295,293,0,22,0,0,3,3,0,0.2,,600,,,,,5,,,
CompleteGumtreeMatcher,610,24,295,293,0,22,0,0,2,3,0,0.3,,600,,,,,5,,,
CompleteGumtreeMatcher,610,24,295,293,0,22,0,0,3,3,0,0.4,,600,,,,,5,,,
CompleteGumtreeMatcher,610,24,295,293,0,22,0,0,2,3,0,0.5,,600,,,,,5,,,
CompleteGumtreeMatcher,610,24,295,293,0,22,0,0,2,3,0,0.6,,600,,,,,5,,,
CompleteGumtreeMatcher,610,24,295,293,0,22,0,0,2,3,0,0.7,,600,,,,,5,,,
CompleteGumtreeMatcher,610,24,295,293,0,22,0,0,2,3,0,0.799,,600,,,,,5,,,
CompleteGumtreeMatcher,610,24,295,293,0,22,0,0,2,3,0,0.899,,600,,,,,5,,,
CompleteGumtreeMatcher,610,24,295,293,0,22,0,0,3,3,0,0.999,,600,,,,,5,,,
CompleteGumtreeMatcher,610,24,295,293,0,22,0,0,3,3,0,0.1,,700,,,,,5,,,
CompleteGumtreeMatcher,610,24,295,293,0,22,0,0,3,3,0,0.2,,700,,,,,5,,,
CompleteGumtreeMatcher,610,24,295,293,0,22,0,0,3,3,0,0.3,,700,,,,,5,,,
CompleteGumtreeMatcher,610,24,295,293,0,22,0,0,2,3,0,0.4,,700,,,,,5,,,
CompleteGumtreeMatcher,610,24,295,293,0,22,0,0,3,3,0,0.5,,700,,,,,5,,,
CompleteGumtreeMatcher,610,24,295,293,0,22,0,0,3,3,0,0.6,,700,,,,,5,,,
CompleteGumtreeMatcher,610,24,295,293,0,22,0,0,3,3,0,0.7,,700,,,,,5,,,
CompleteGumtreeMatcher,610,24,295,293,0,22,0,0,3,3,0,0.799,,700,,,,,5,,,
CompleteGumtreeMatcher,610,24,295,293,0,22,0,0,3,3,0,0.899,,700,,,,,5,,,
CompleteGumtreeMatcher,610,24,295,293,0,22,0,0,3,3,0,0.999,,700,,,,,5,,,
CompleteGumtreeMatcher,610,24,295,293,0,22,0,0,3,3,0,0.1,,800,,,,,5,,,
CompleteGumtreeMatcher,610,24,295,293,0,22,0,0,3,3,0,0.2,,800,,,,,5,,,
CompleteGumtreeMatcher,610,24,295,293,0,22,0,0,3,3,0,0.3,,800,,,,,5,,,
CompleteGumtreeMatcher,610,24,295,293,0,22,0,0,3,3,0,0.4,,800,,,,,5,,,
CompleteGumtreeMatcher,610,24,295,293,0,22,0,0,2,3,0,0.5,,800,,,,,5,,,
CompleteGumtreeMatcher,610,24,295,293,0,22,0,0,3,3,0,0.6,,800,,,,,5,,,
CompleteGumtreeMatcher,610,24,295,293,0,22,0,0,2,3,0,0.7,,800,,,,,5,,,
CompleteGumtreeMatcher,610,24,295,293,0,22,0,0,3,3,0,0.799,,800,,,,,5,,,
CompleteGumtreeMatcher,610,24,295,293,0,22,0,0,3,3,0,0.899,,800,,,,,5,,,
CompleteGumtreeMatcher,610,24,295,293,0,22,0,0,3,3,0,0.999,,800,,,,,5,,,
CompleteGumtreeMatcher,610,24,295,293,0,22,0,0,3,3,0,0.1,,900,,,,,5,,,
CompleteGumtreeMatcher,610,24,295,293,0,22,0,0,3,3,0,0.2,,900,,,,,5,,,
CompleteGumtreeMatcher,610,24,295,293,0,22,0,0,2,3,0,0.3,,900,,,,,5,,,
CompleteGumtreeMatcher,610,24,295,293,0,22,0,0,3,3,0,0.4,,900,,,,,5,,,
CompleteGumtreeMatcher,610,24,295,293,0,22,0,0,2,3,0,0.5,,900,,,,,5,,,
CompleteGumtreeMatcher,610,24,295,293,0,22,0,0,2,3,0,0.6,,900,,,,,5,,,
CompleteGumtreeMatcher,610,24,295,293,0,22,0,0,3,3,0,0.7,,900,,,,,5,,,
CompleteGumtreeMatcher,610,24,295,293,0,22,0,0,2,3,0,0.799,,900,,,,,5,,,
CompleteGumtreeMatcher,610,24,295,293,0,22,0,0,2,3,0,0.899,,900,,,,,5,,,
CompleteGumtreeMatcher,610,24,295,293,0,22,0,0,3,3,0,0.999,,900,,,,,5,,,
CompleteGumtreeMatcher,610,24,295,293,0,22,0,0,2,3,0,0.1,,1000,,,,,5,,,
CompleteGumtreeMatcher,610,24,295,293,0,22,0,0,3,3,0,0.2,,1000,,,,,5,,,
CompleteGumtreeMatcher,610,24,295,293,0,22,0,0,3,3,0,0.3,,1000,,,,,5,,,
CompleteGumtreeMatcher,610,24,295,293,0,22,0,0,3,3,0,0.4,,1000,,,,,5,,,
CompleteGumtreeMatcher,610,24,295,293,0,22,0,0,3,3,0,0.5,,1000,,,,,5,,,
CompleteGumtreeMatcher,610,24,295,293,0,22,0,0,3,3,0,0.6,,1000,,,,,5,,,
CompleteGumtreeMatcher,610,24,295,293,0,22,0,0,3,3,0,0.7,,1000,,,,,5,,,
CompleteGumtreeMatcher,610,24,295,293,0,22,0,0,3,3,0,0.799,,1000,,,,,5,,,
CompleteGumtreeMatcher,610,24,295,293,0,22,0,0,3,3,0,0.899,,1000,,,,,5,,,
CompleteGumtreeMatcher,610,24,295,293,0,22,0,0,3,3,0,0.999,,1000,,,,,5,,,
CompleteGumtreeMatcher,610,24,295,293,0,22,0,0,2,3,0,0.1,,1100,,,,,5,,,
CompleteGumtreeMatcher,610,24,295,293,0,22,0,0,3,3,0,0.2,,1100,,,,,5,,,
CompleteGumtreeMatcher,610,24,295,293,0,22,0,0,3,3,0,0.3,,1100,,,,,5,,,
CompleteGumtreeMatcher,610,24,295,293,0,22,0,0,3,3,0,0.4,,1100,,,,,5,,,
CompleteGumtreeMatcher,610,24,295,293,0,22,0,0,3,3,0,0.5,,1100,,,,,5,,,
CompleteGumtreeMatcher,610,24,295,293,0,22,0,0,3,3,0,0.6,,1100,,,,,5,,,
CompleteGumtreeMatcher,610,24,295,293,0,22,0,0,3,3,0,0.7,,1100,,,,,5,,,
CompleteGumtreeMatcher,610,24,295,293,0,22,0,0,2,3,0,0.799,,1100,,,,,5,,,
CompleteGumtreeMatcher,610,24,295,293,0,22,0,0,3,3,0,0.899,,1100,,,,,5,,,
CompleteGumtreeMatcher,610,24,295,293,0,22,0,0,3,3,0,0.999,,1100,,,,,5,,,
CompleteGumtreeMatcher,610,24,295,293,0,22,0,0,2,3,0,0.1,,1200,,,,,5,,,
CompleteGumtreeMatcher,610,24,295,293,0,22,0,0,3,3,0,0.2,,1200,,,,,5,,,
CompleteGumtreeMatcher,610,24,295,293,0,22,0,0,3,3,0,0.3,,1200,,,,,5,,,
CompleteGumtreeMatcher,610,24,295,293,0,22,0,0,3,3,0,0.4,,1200,,,,,5,,,
CompleteGumtreeMatcher,610,24,295,293,0,22,0,0,3,3,0,0.5,,1200,,,,,5,,,
CompleteGumtreeMatcher,610,24,295,293,0,22,0,0,2,3,0,0.6,,1200,,,,,5,,,
CompleteGumtreeMatcher,610,24,295,293,0,22,0,0,3,3,0,0.7,,1200,,,,,5,,,
CompleteGumtreeMatcher,610,24,295,293,0,22,0,0,3,3,0,0.799,,1200,,,,,5,,,
CompleteGumtreeMatcher,610,24,295,293,0,22,0,0,3,3,0,0.899,,1200,,,,,5,,,
CompleteGumtreeMatcher,610,24,295,293,0,22,0,0,2,3,0,0.999,,1200,,,,,5,,,
CompleteGumtreeMatcher,3,2,2,0,0,1,0,0,1361,3,0,0.1,,1300,,,,,5,,,
CompleteGumtreeMatcher,3,2,2,0,0,1,0,0,1361,3,0,0.2,,1300,,,,,5,,,
CompleteGumtreeMatcher,3,2,2,0,0,1,0,0,1361,3,0,0.3,,1300,,,,,5,,,
CompleteGumtreeMatcher,3,2,2,0,0,1,0,0,1367,3,0,0.4,,1300,,,,,5,,,
CompleteGumtreeMatcher,3,2,2,0,0,1,0,0,1363,3,0,0.5,,1300,,,,,5,,,
CompleteGumtreeMatcher,3,2,2,0,0,1,0,0,1366,3,0,0.6,,1300,,,,,5,,,
CompleteGumtreeMatcher,3,2,2,0,0,1,0,0,1360,3,0,0.7,,1300,,,,,5,,,
CompleteGumtreeMatcher,3,2,2,0,0,1,0,0,1367,3,0,0.799,,1300,,,,,5,,,
CompleteGumtreeMatcher,3,2,2,0,0,1,0,0,1368,3,0,0.899,,1300,,,,,5,,,
CompleteGumtreeMatcher,3,2,2,0,0,1,0,0,1368,3,0,0.999,,1300,,,,,5,,,
CompleteGumtreeMatcher,3,2,2,0,0,1,0,0,1388,3,0,0.1,,1400,,,,,5,,,
CompleteGumtreeMatcher,3,2,2,0,0,1,0,0,1386,3,0,0.2,,1400,,,,,5,,,
CompleteGumtreeMatcher,3,2,2,0,0,1,0,0,1386,3,0,0.3,,1400,,,,,5,,,
CompleteGumtreeMatcher,3,2,2,0,0,1,0,0,1385,3,0,0.4,,1400,,,,,5,,,
CompleteGumtreeMatcher,3,2,2,0,0,1,0,0,1381,3,0,0.5,,1400,,,,,5,,,
CompleteGumtreeMatcher,3,2,2,0,0,1,0,0,1393,3,0,0.6,,1400,,,,,5,,,
CompleteGumtreeMatcher,3,2,2,0,0,1,0,0,1391,3,0,0.7,,1400,,,,,5,,,
CompleteGumtreeMatcher,3,2,2,0,0,1,0,0,1395,3,0,0.799,,1400,,,,,5,,,
CompleteGumtreeMatcher,3,2,2,0,0,1,0,0,1393,3,0,0.899,,1400,,,,,5,,,
CompleteGumtreeMatcher,3,2,2,0,0,1,0,0,1390,3,0,0.999,,1400,,,,,5,,,
CompleteGumtreeMatcher,3,2,2,0,0,1,0,0,1365,3,0,0.1,,1500,,,,,5,,,
CompleteGumtreeMatcher,3,2,2,0,0,1,0,0,1360,3,0,0.2,,1500,,,,,5,,,
CompleteGumtreeMatcher,3,2,2,0,0,1,0,0,1367,3,0,0.3,,1500,,,,,5,,,
CompleteGumtreeMatcher,3,2,2,0,0,1,0,0,1365,3,0,0.4,,1500,,,,,5,,,
CompleteGumtreeMatcher,3,2,2,0,0,1,0,0,1364,3,0,0.5,,1500,,,,,5,,,
CompleteGumtreeMatcher,3,2,2,0,0,1,0,0,1367,3,0,0.6,,1500,,,,,5,,,
CompleteGumtreeMatcher,3,2,2,0,0,1,0,0,1364,3,0,0.7,,1500,,,,,5,,,
CompleteGumtreeMatcher,3,2,2,0,0,1,0,0,1367,3,0,0.799,,1500,,,,,5,,,
CompleteGumtreeMatcher,3,2,2,0,0,1,0,0,1366,3,0,0.899,,1500,,,,,5,,,
CompleteGumtreeMatcher,3,2,2,0,0,1,0,0,1367,3,0,0.999,,1500,,,,,5,,,
CompleteGumtreeMatcher,3,2,2,0,0,1,0,0,1361,3,0,0.1,,1600,,,,,5,,,
CompleteGumtreeMatcher,3,2,2,0,0,1,0,0,1359,3,0,0.2,,1600,,,,,5,,,
CompleteGumtreeMatcher,3,2,2,0,0,1,0,0,1368,3,0,0.3,,1600,,,,,5,,,
CompleteGumtreeMatcher,3,2,2,0,0,1,0,0,1359,3,0,0.4,,1600,,,,,5,,,
CompleteGumtreeMatcher,3,2,2,0,0,1,0,0,1366,3,0,0.5,,1600,,,,,5,,,
CompleteGumtreeMatcher,3,2,2,0,0,1,0,0,1370,3,0,0.6,,1600,,,,,5,,,
CompleteGumtreeMatcher,3,2,2,0,0,1,0,0,1366,3,0,0.7,,1600,,,,,5,,,
CompleteGumtreeMatcher,3,2,2,0,0,1,0,0,1367,3,0,0.799,,1600,,,,,5,,,
CompleteGumtreeMatcher,3,2,2,0,0,1,0,0,1387,3,0,0.899,,1600,,,,,5,,,
CompleteGumtreeMatcher,3,2,2,0,0,1,0,0,1386,3,0,0.999,,1600,,,,,5,,,
CompleteGumtreeMatcher,3,2,2,0,0,1,0,0,1386,3,0,0.1,,1700,,,,,5,,,
CompleteGumtreeMatcher,3,2,2,0,0,1,0,0,1397,3,0,0.2,,1700,,,,,5,,,
CompleteGumtreeMatcher,3,2,2,0,0,1,0,0,1388,3,0,0.3,,1700,,,,,5,,,
CompleteGumtreeMatcher,3,2,2,0,0,1,0,0,1390,3,0,0.4,,1700,,,,,5,,,
CompleteGumtreeMatcher,3,2,2,0,0,1,0,0,1391,3,0,0.5,,1700,,,,,5,,,
CompleteGumtreeMatcher,3,2,2,0,0,1,0,0,1386,3,0,0.6,,1700,,,,,5,,,
CompleteGumtreeMatcher,3,2,2,0,0,1,0,0,1391,3,0,0.7,,1700,,,,,5,,,
CompleteGumtreeMatcher,3,2,2,0,0,1,0,0,1386,3,0,0.799,,1700,,,,,5,,,
CompleteGumtreeMatcher,3,2,2,0,0,1,0,0,1365,3,0,0.899,,1700,,,,,5,,,
CompleteGumtreeMatcher,3,2,2,0,0,1,0,0,1366,3,0,0.999,,1700,,,,,5,,,
CompleteGumtreeMatcher,3,2,2,0,0,1,0,0,1360,3,0,0.1,,1800,,,,,5,,,
CompleteGumtreeMatcher,3,2,2,0,0,1,0,0,1360,3,0,0.2,,1800,,,,,5,,,
CompleteGumtreeMatcher,3,2,2,0,0,1,0,0,1361,3,0,0.3,,1800,,,,,5,,,
CompleteGumtreeMatcher,3,2,2,0,0,1,0,0,1365,3,0,0.4,,1800,,,,,5,,,
CompleteGumtreeMatcher,3,2,2,0,0,1,0,0,1360,3,0,0.5,,1800,,,,,5,,,
CompleteGumtreeMatcher,3,2,2,0,0,1,0,0,1366,3,0,0.6,,1800,,,,,5,,,
CompleteGumtreeMatcher,3,2,2,0,0,1,0,0,1365,3,0,0.7,,1800,,,,,5,,,
CompleteGumtreeMatcher,3,2,2,0,0,1,0,0,1365,3,0,0.799,,1800,,,,,5,,,
CompleteGumtreeMatcher,3,2,2,0,0,1,0,0,1364,3,0,0.899,,1800,,,,,5,,,
CompleteGumtreeMatcher,3,2,2,0,0,1,0,0,1366,3,0,0.999,,1800,,,,,5,,,
CompleteGumtreeMatcher,3,2,2,0,0,1,0,0,1398,3,0,0.1,,1900,,,,,5,,,
CompleteGumtreeMatcher,3,2,2,0,0,1,0,0,1390,3,0,0.2,,1900,,,,,5,,,
CompleteGumtreeMatcher,3,2,2,0,0,1,0,0,1392,3,0,0.3,,1900,,,,,5,,,
CompleteGumtreeMatcher,3,2,2,0,0,1,0,0,1391,3,0,0.4,,1900,,,,,5,,,
CompleteGumtreeMatcher,3,2,2,0,0,1,0,0,1395,3,0,0.5,,1900,,,,,5,,,
CompleteGumtreeMatcher,3,2,2,0,0,1,0,0,1387,3,0,0.6,,1900,,,,,5,,,
CompleteGumtreeMatcher,3,2,2,0,0,1,0,0,1391,3,0,0.7,,1900,,,,,5,,,
CompleteGumtreeMatcher,3,2,2,0,0,1,0,0,1388,3,0,0.799,,1900,,,,,5,,,
CompleteGumtreeMatcher,3,2,2,0,0,1,0,0,1391,3,0,0.899,,1900,,,,,5,,,
CompleteGumtreeMatcher,3,2,2,0,0,1,0,0,1391,3,0,0.999,,1900,,,,,5,,,
CompleteGumtreeMatcher,3,2,2,0,0,1,0,0,1370,3,0,0.1,,2000,,,,,5,,,
CompleteGumtreeMatcher,3,2,2,0,0,1,0,0,1367,3,0,0.2,,2000,,,,,5,,,
CompleteGumtreeMatcher,3,2,2,0,0,1,0,0,1371,3,0,0.3,,2000,,,,,5,,,
CompleteGumtreeMatcher,3,2,2,0,0,1,0,0,1368,3,0,0.4,,2000,,,,,5,,,
CompleteGumtreeMatcher,3,2,2,0,0,1,0,0,1375,3,0,0.5,,2000,,,,,5,,,
CompleteGumtreeMatcher,3,2,2,0,0,1,0,0,1370,3,0,0.6,,2000,,,,,5,,,
CompleteGumtreeMatcher,3,2,2,0,0,1,0,0,1364,3,0,0.7,,2000,,,,,5,,,
CompleteGumtreeMatcher,3,2,2,0,0,1,0,0,1362,3,0,0.799,,2000,,,,,5,,,
CompleteGumtreeMatcher,3,2,2,0,0,1,0,0,1363,3,0,0.899,,2000,,,,,5,,,
CompleteGumtreeMatcher,3,2,2,0,0,1,0,0,1354,3,0,0.999,,2000,,,,,5,,,
ChangeDistiller,829,748,108,106,318,297,0,0,5678,4,0,,,,0.1,2,0.2,0.1,,,,
ChangeDistiller,911,768,137,135,317,322,0,0,5683,4,0,,,,0.1,2,0.4,0.1,,,,
ChangeDistiller,1075,805,187,185,317,386,0,0,5686,4,0,,,,0.1,2,0.6,0.1,,,,
ChangeDistiller,1244,887,230,228,319,467,0,0,5534,4,0,,,,0.1,2,0.8,0.1,,,,
ChangeDistiller,1390,847,281,269,322,518,0,0,5589,4,0,,,,0.1,2,1.0,0.1,,,,
ChangeDistiller,826,744,107,105,318,296,0,0,5625,4,0,,,,0.1,4,0.2,0.1,,,,
ChangeDistiller,861,750,117,115,319,310,0,0,5809,4,0,,,,0.1,4,0.4,0.1,,,,
ChangeDistiller,982,794,149,147,319,367,0,0,5762,4,0,,,,0.1,4,0.6,0.1,,,,
ChangeDistiller,1120,866,180,178,320,442,0,0,5739,4,0,,,,0.1,4,0.8,0.1,,,,
ChangeDistiller,1183,823,206,174,321,482,0,0,5854,4,0,,,,0.1,4,1.0,0.1,,,,
ChangeDistiller,826,744,107,105,318,296,0,0,5557,4,0,,,,0.1,6,0.2,0.1,,,,
ChangeDistiller,842,751,111,109,318,304,0,0,5557,4,0,,,,0.1,6,0.4,0.1,,,,
ChangeDistiller,949,785,138,136,319,356,0,0,5570,4,0,,,,0.1,6,0.6,0.1,,,,
ChangeDistiller,1065,851,162,160,320,423,0,0,5603,4,0,,,,0.1,6,0.8,0.1,,,,
ChangeDistiller,1103,815,181,134,320,468,0,0,5612,4,0,,,,0.1,6,1.0,0.1,,,,
ChangeDistiller,823,743,115,113,307,288,0,0,5587,4,0,,,,0.1,2,0.2,0.3,,,,
ChangeDistiller,908,758,146,144,305,313,0,0,5565,4,0,,,,0.1,2,0.4,0.3,,,,
ChangeDistiller,1071,790,197,195,304,375,0,0,5593,4,0,,,,0.1,2,0.6,0.3,,,,
ChangeDistiller,1232,863,238,236,304,454,0,0,5584,4,0,,,,0.1,2,0.8,0.3,,,,
ChangeDistiller,1391,823,294,283,304,510,0,0,5606,4,0,,,,0.1,2,1.0,0.3,,,,
ChangeDistiller,836,748,121,119,306,290,0,0,5616,4,0,,,,0.1,4,0.2,0.3,,,,
ChangeDistiller,881,751,135,133,306,307,0,0,5617,4,0,,,,0.1,4,0.4,0.3,,,,
ChangeDistiller,994,780,166,164,306,358,0,0,5614,4,0,,,,0.1,4,0.6,0.3,,,,
ChangeDistiller,1122,844,195,193,306,428,0,0,5645,4,0,,,,0.1,4,0.8,0.3,,,,
ChangeDistiller,1189,801,222,190,306,471,0,0,5685,4,0,,,,0.1,4,1.0,0.3,,,,
ChangeDistiller,845,752,124,122,306,293,0,0,5676,4,0,,,,0.1,6,0.2,0.3,,,,
ChangeDistiller,867,751,130,128,306,303,0,0,5614,4,0,,,,0.1,6,0.4,0.3,,,,
ChangeDistiller,971,789,156,154,306,355,0,0,5637,4,0,,,,0.1,6,0.6,0.3,,,,
ChangeDistiller,1074,842,178,176,306,414,0,0,5620,4,0,,,,0.1,6,0.8,0.3,,,,
ChangeDistiller,1114,798,198,152,306,458,0,0,5644,4,0,,,,0.1,6,1.0,0.3,,,,
ChangeDistiller,842,751,124,122,304,292,0,0,5569,4,0,,,,0.1,2,0.2,0.5,,,,
ChangeDistiller,923,759,154,152,302,315,0,0,5573,4,0,,,,0.1,2,0.4,0.5,,,,
ChangeDistiller,1086,788,205,203,301,377,0,0,5580,4,0,,,,0.1,2,0.6,0.5,,,,
ChangeDistiller,1275,775,257,249,301,468,0,0,5616,4,0,,,,0.1,2,0.8,0.5,,,,
ChangeDistiller,1407,815,302,295,301,509,0,0,5587,4,0,,,,0.1,2,1.0,0.5,,,,
ChangeDistiller,895,783,146,144,301,304,0,0,5606,4,0,,,,0.1,4,0.2,0.5,,,,
ChangeDistiller,941,773,161,159,301,320,0,0,5607,4,0,,,,0.1,4,0.4,0.5,,,,
ChangeDistiller,1045,779,191,189,301,364,0,0,5609,4,0,,,,0.1,4,0.6,0.5,,,,
ChangeDistiller,1196,840,229,227,301,439,0,0,5580,4,0,,,,0.1,4,0.8,0.5,,,,
ChangeDistiller,1247,785,247,230,301,469,0,0,5618,4,0,,,,0.1,4,1.0,0.5,,,,
ChangeDistiller,926,784,157,155,301,313,0,0,5573,4,0,,,,0.1,6,0.2,0.5,,,,
ChangeDistiller,967,763,171,169,301,326,0,0,5569,4,0,,,,0.1,6,0.4,0.5,,,,
ChangeDistiller,1039,775,189,187,301,362,0,0,5566,4,0,,,,0.1,6,0.6,0.5,,,,
ChangeDistiller,1165,825,220,218,301,426,0,0,5574,4,0,,,,0.1,6,0.8,0.5,,,,
ChangeDistiller,1200,776,231,211,301,457,0,0,5601,4,0,,,,0.1,6,1.0,0.5,,,,
ChangeDistiller,1040,901,198,196,296,350,0,0,5589,4,0,,,,0.1,2,0.2,0.7,,,,
ChangeDistiller,1133,853,243,241,289,360,0,0,5596,4,0,,,,0.1,2,0.4,0.7,,,,
ChangeDistiller,1263,847,283,281,288,411,0,0,5575,4,0,,,,0.1,2,0.6,0.7,,,,
ChangeDistiller,1432,770,334,331,288,479,0,0,5603,4,0,,,,0.1,2,0.8,0.7,,,,
ChangeDistiller,1539,799,372,370,288,509,0,0,5610,4,0,,,,0.1,2,1.0,0.7,,,,
ChangeDistiller,1127,923,238,236,289,364,0,0,5560,4,0,,,,0.1,4,0.2,0.7,,,,
ChangeDistiller,1182,862,261,259,288,374,0,0,5564,4,0,,,,0.1,4,0.4,0.7,,,,
ChangeDistiller,1286,846,292,290,288,416,0,0,5565,4,0,,,,0.1,4,0.6,0.7,,,,
ChangeDistiller,1396,764,323,316,288,469,0,0,5574,4,0,,,,0.1,4,0.8,0.7,,,,
ChangeDistiller,1435,773,337,331,288,479,0,0,5600,4,0,,,,0.1,4,1.0,0.7,,,,
ChangeDistiller,1176,900,258,256,288,374,0,0,5587,4,0,,,,0.1,6,0.2,0.7,,,,
ChangeDistiller,1213,861,271,269,288,385,0,0,5567,4,0,,,,0.1,6,0.4,0.7,,,,
ChangeDistiller,1298,848,296,294,288,420,0,0,5592,4,0,,,,0.1,6,0.6,0.7,,,,
ChangeDistiller,1396,764,323,316,288,469,0,0,5595,4,0,,,,0.1,6,0.8,0.7,,,,
ChangeDistiller,1418,770,330,324,288,476,0,0,5597,4,0,,,,0.1,6,1.0,0.7,,,,
ChangeDistiller,1108,957,217,215,300,376,0,0,5578,4,0,,,,0.1,2,0.2,0.899,,,,
ChangeDistiller,1196,889,266,264,290,376,0,0,5575,4,0,,,,0.1,2,0.4,0.899,,,,
ChangeDistiller,1334,882,309,307,288,430,0,0,5567,4,0,,,,0.1,2,0.6,0.899,,,,
ChangeDistiller,1512,786,367,363,288,494,0,0,5580,4,0,,,,0.1,2,0.8,0.899,,,,
ChangeDistiller,1577,799,391,389,288,509,0,0,5585,4,0,,,,0.1,2,1.0,0.899,,,,
ChangeDistiller,1296,1038,292,290,289,425,0,0,5592,4,0,,,,0.1,4,0.2,0.899,,,,
ChangeDistiller,1368,970,320,318,288,442,0,0,5592,4,0,,,,0.1,4,0.4,0.899,,,,
ChangeDistiller,1485,919,359,357,288,481,0,0,5612,4,0,,,,0.1,4,0.6,0.899,,,,
ChangeDistiller,1547,795,379,376,288,504,0,0,5604,4,0,,,,0.1,4,0.8,0.899,,,,
ChangeDistiller,1577,799,391,389,288,509,0,0,5604,4,0,,,,0.1,4,1.0,0.899,,,,
ChangeDistiller,1362,1018,319,317,288,438,0,0,5565,4,0,,,,0.1,6,0.2,0.899,,,,
ChangeDistiller,1418,954,338,336,288,456,0,0,5562,4,0,,,,0.1,6,0.4,0.899,,,,
ChangeDistiller,1509,933,367,365,288,489,0,0,5570,4,0,,,,0.1,6,0.6,0.899,,,,
ChangeDistiller,1564,796,386,384,288,506,0,0,5571,4,0,,,,0.1,6,0.8,0.899,,,,
ChangeDistiller,1577,799,391,389,288,509,0,0,5575,4,0,,,,0.1,6,1.0,0.899,,,,
ChangeDistiller,424,397,49,47,168,160,0,0,4936,4,0,,,,0.3,2,0.2,0.1,,,,
ChangeDistiller,448,400,57,55,169,167,0,0,4934,4,0,,,,0.3,2,0.4,0.1,,,,
ChangeDistiller,484,418,69,67,168,180,0,0,4934,4,0,,,,0.3,2,0.6,0.1,,,,
ChangeDistiller,736,543,133,131,173,299,0,0,4940,4,0,,,,0.3,2,0.8,0.1,,,,
ChangeDistiller,992,627,195,179,175,443,0,0,4948,4,0,,,,0.3,2,1.0,0.1,,,,
ChangeDistiller,424,397,49,47,168,160,0,0,4928,4,0,,,,0.3,4,0.2,0.1,,,,
ChangeDistiller,427,400,50,48,168,161,0,0,4927,4,0,,,,0.3,4,0.4,0.1,,,,
ChangeDistiller,447,414,55,53,168,171,0,0,4927,4,0,,,,0.3,4,0.6,0.1,,,,
ChangeDistiller,596,497,89,87,168,252,0,0,4932,4,0,,,,0.3,4,0.8,0.1,,,,
ChangeDistiller,810,585,136,108,170,396,0,0,4936,4,0,,,,0.3,4,1.0,0.1,,,,
ChangeDistiller,424,397,49,47,168,160,0,0,4894,4,0,,,,0.3,6,0.2,0.1,,,,
ChangeDistiller,424,397,49,47,168,160,0,0,4901,4,0,,,,0.3,6,0.4,0.1,,,,
ChangeDistiller,434,407,51,49,168,166,0,0,4899,4,0,,,,0.3,6,0.6,0.1,,,,
ChangeDistiller,565,480,80,78,168,239,0,0,4904,4,0,,,,0.3,6,0.8,0.1,,,,
ChangeDistiller,733,558,114,83,168,368,0,0,4904,4,0,,,,0.3,6,1.0,0.1,,,,
ChangeDistiller,432,398,54,52,165,161,0,0,4929,4,0,,,,0.3,2,0.2,0.3,,,,
ChangeDistiller,452,397,61,59,166,166,0,0,4925,4,0,,,,0.3,2,0.4,0.3,,,,
ChangeDistiller,507,418,79,77,164,187,0,0,4931,4,0,,,,0.3,2,0.6,0.3,,,,
ChangeDistiller,738,525,141,139,164,294,0,0,4932,4,0,,,,0.3,2,0.8,0.3,,,,
ChangeDistiller,1005,610,205,197,164,439,0,0,4939,4,0,,,,0.3,2,1.0,0.3,,,,
ChangeDistiller,441,396,57,55,166,163,0,0,4897,4,0,,,,0.3,4,0.2,0.3,,,,
ChangeDistiller,441,396,57,55,166,163,0,0,4897,4,0,,,,0.3,4,0.4,0.3,,,,
ChangeDistiller,463,410,63,61,166,173,0,0,4893,4,0,,,,0.3,4,0.6,0.3,,,,
ChangeDistiller,594,479,92,90,166,246,0,0,4897,4,0,,,,0.3,4,0.8,0.3,,,,
ChangeDistiller,826,575,144,121,166,395,0,0,4903,4,0,,,,0.3,4,1.0,0.3,,,,
ChangeDistiller,441,396,57,55,166,163,0,0,4921,4,0,,,,0.3,6,0.2,0.3,,,,
ChangeDistiller,441,396,57,55,166,163,0,0,4917,4,0,,,,0.3,6,0.4,0.3,,,,
ChangeDistiller,453,406,60,58,166,169,0,0,4932,4,0,,,,0.3,6,0.6,0.3,,,,
ChangeDistiller,566,467,84,82,166,234,0,0,4921,4,0,,,,0.3,6,0.8,0.3,,,,
ChangeDistiller,748,554,122,91,166,369,0,0,4903,4,0,,,,0.3,6,1.0,0.3,,,,
ChangeDistiller,441,402,60,58,161,162,0,0,4920,4,0,,,,0.3,2,0.2,0.5,,,,
ChangeDistiller,459,401,66,64,162,167,0,0,4894,4,0,,,,0.3,2,0.4,0.5,,,,
ChangeDistiller,544,420,94,92,160,198,0,0,4895,4,0,,,,0.3,2,0.6,0.5,,,,
ChangeDistiller,751,519,149,147,160,295,0,0,4894,4,0,,,,0.3,2,0.8,0.5,,,,
ChangeDistiller,1015,602,211,206,160,438,0,0,4906,4,0,,,,0.3,2,1.0,0.5,,,,
ChangeDistiller,471,405,72,70,160,169,0,0,4926,4,0,,,,0.3,4,0.2,0.5,,,,
ChangeDistiller,471,405,72,70,160,169,0,0,4922,4,0,,,,0.3,4,0.4,0.5,,,,
ChangeDistiller,518,416,85,83,160,190,0,0,4928,4,0,,,,0.3,4,0.6,0.5,,,,
ChangeDistiller,642,474,114,112,160,256,0,0,4931,4,0,,,,0.3,4,0.8,0.5,,,,
ChangeDistiller,862,563,159,148,160,395,0,0,4906,4,0,,,,0.3,4,1.0,0.5,,,,
ChangeDistiller,481,407,75,73,160,173,0,0,4924,4,0,,,,0.3,6,0.2,0.5,,,,
ChangeDistiller,481,407,75,73,160,173,0,0,4896,4,0,,,,0.3,6,0.4,0.5,,,,
ChangeDistiller,518,416,85,83,160,190,0,0,4900,4,0,,,,0.3,6,0.6,0.5,,,,
ChangeDistiller,622,460,109,107,160,246,0,0,4902,4,0,,,,0.3,6,0.8,0.5,,,,
ChangeDistiller,797,540,140,127,160,370,0,0,4910,4,0,,,,0.3,6,1.0,0.5,,,,
ChangeDistiller,628,567,118,116,165,229,0,0,4946,4,0,,,,0.3,2,0.2,0.7,,,,
ChangeDistiller,630,544,126,124,160,220,0,0,4945,4,0,,,,0.3,2,0.4,0.7,,,,
ChangeDistiller,746,542,165,163,158,260,0,0,4947,4,0,,,,0.3,2,0.6,0.7,,,,
ChangeDistiller,969,599,229,227,158,355,0,0,4945,4,0,,,,0.3,2,0.8,0.7,,,,
ChangeDistiller,1128,598,267,265,158,438,0,0,4938,4,0,,,,0.3,2,1.0,0.7,,,,
ChangeDistiller,703,589,152,150,158,243,0,0,4926,4,0,,,,0.3,4,0.2,0.7,,,,
ChangeDistiller,711,583,155,153,158,245,0,0,4936,4,0,,,,0.3,4,0.4,0.7,,,,
ChangeDistiller,799,561,182,180,158,279,0,0,4922,4,0,,,,0.3,4,0.6,0.7,,,,
ChangeDistiller,894,582,206,204,158,326,0,0,4917,4,0,,,,0.3,4,0.8,0.7,,,,
ChangeDistiller,1042,586,239,228,158,417,0,0,4923,4,0,,,,0.3,4,1.0,0.7,,,,
ChangeDistiller,730,586,161,159,158,252,0,0,4947,4,0,,,,0.3,6,0.2,0.7,,,,
ChangeDistiller,733,583,162,160,158,253,0,0,4950,4,0,,,,0.3,6,0.4,0.7,,,,
ChangeDistiller,799,561,182,180,158,279,0,0,4958,4,0,,,,0.3,6,0.6,0.7,,,,
ChangeDistiller,870,578,199,197,158,316,0,0,4928,4,0,,,,0.3,6,0.8,0.7,,,,
ChangeDistiller,998,579,226,209,158,405,0,0,4955,4,0,,,,0.3,6,1.0,0.7,,,,
ChangeDistiller,655,593,126,124,166,239,0,0,4944,4,0,,,,0.3,2,0.2,0.899,,,,
ChangeDistiller,654,568,134,132,160,228,0,0,4920,4,0,,,,0.3,2,0.4,0.899,,,,
ChangeDistiller,770,566,173,171,158,268,0,0,4910,4,0,,,,0.3,2,0.6,0.899,,,,
ChangeDistiller,999,609,241,239,158,361,0,0,4922,4,0,,,,0.3,2,0.8,0.899,,,,
ChangeDistiller,1144,598,275,273,158,438,0,0,4920,4,0,,,,0.3,2,1.0,0.899,,,,
ChangeDistiller,824,676,188,186,158,292,0,0,4942,4,0,,,,0.3,4,0.2,0.899,,,,
ChangeDistiller,832,670,191,189,158,294,0,0,4942,4,0,,,,0.3,4,0.4,0.899,,,,
ChangeDistiller,918,622,220,218,158,322,0,0,4913,4,0,,,,0.3,4,0.6,0.899,,,,
ChangeDistiller,1027,627,249,247,158,373,0,0,4949,4,0,,,,0.3,4,0.8,0.899,,,,
ChangeDistiller,1144,598,275,273,158,438,0,0,4955,4,0,,,,0.3,4,1.0,0.899,,,,
ChangeDistiller,897,692,210,208,159,320,0,0,4913,4,0,,,,0.3,6,0.2,0.899,,,,
ChangeDistiller,902,675,212,210,159,321,0,0,4946,4,0,,,,0.3,6,0.4,0.899,,,,
ChangeDistiller,960,636,233,231,158,338,0,0,4916,4,0,,,,0.3,6,0.6,0.899,,,,
ChangeDistiller,1047,576,257,232,158,400,0,0,4923,4,0,,,,0.3,6,0.8,0.899,,,,
ChangeDistiller,1144,598,275,273,158,438,0,0,4921,4,0,,,,0.3,6,1.0,0.899,,,,
ChangeDistiller,193,182,17,15,80,81,0,0,2441,4,0,,,,0.5,2,0.2,0.1,,,,
ChangeDistiller,201,186,19,17,82,83,0,0,2441,4,0,,,,0.5,2,0.4,0.1,,,,
ChangeDistiller,217,200,23,21,82,91,0,0,2428,4,0,,,,0.5,2,0.6,0.1,,,,
ChangeDistiller,298,252,42,40,83,133,0,0,2442,4,0,,,,0.5,2,0.8,0.1,,,,
ChangeDistiller,634,414,116,109,82,327,0,0,2431,4,0,,,,0.5,2,1.0,0.1,,,,
ChangeDistiller,193,182,17,15,80,81,0,0,2425,4,0,,,,0.5,4,0.2,0.1,,,,
ChangeDistiller,193,182,17,15,80,81,0,0,2441,4,0,,,,0.5,4,0.4,0.1,,,,
ChangeDistiller,197,186,18,16,80,83,0,0,2438,4,0,,,,0.5,4,0.6,0.1,,,,
ChangeDistiller,244,217,28,26,80,110,0,0,2427,4,0,,,,0.5,4,0.8,0.1,,,,
ChangeDistiller,532,386,82,71,80,299,0,0,2431,4,0,,,,0.5,4,1.0,0.1,,,,
ChangeDistiller,193,182,17,15,80,81,0,0,2454,4,0,,,,0.5,6,0.2,0.1,,,,
ChangeDistiller,193,182,17,15,80,81,0,0,2451,4,0,,,,0.5,6,0.4,0.1,,,,
ChangeDistiller,193,182,17,15,80,81,0,0,2424,4,0,,,,0.5,6,0.6,0.1,,,,
ChangeDistiller,232,209,25,23,80,104,0,0,2442,4,0,,,,0.5,6,0.8,0.1,,,,
ChangeDistiller,478,364,68,55,80,275,0,0,2432,4,0,,,,0.5,6,1.0,0.1,,,,
ChangeDistiller,201,184,20,18,80,83,0,0,2415,4,0,,,,0.5,2,0.2,0.3,,,,
ChangeDistiller,212,189,23,21,82,86,0,0,2427,4,0,,,,0.5,2,0.4,0.3,,,,
ChangeDistiller,244,205,31,29,82,102,0,0,2427,4,0,,,,0.5,2,0.6,0.3,,,,
ChangeDistiller,305,248,46,44,82,133,0,0,2420,4,0,,,,0.5,2,0.8,0.3,,,,
ChangeDistiller,644,409,120,118,80,326,0,0,2422,4,0,,,,0.5,2,1.0,0.3,,,,
ChangeDistiller,203,186,20,18,82,83,0,0,2426,4,0,,,,0.5,4,0.2,0.3,,,,
ChangeDistiller,203,186,20,18,82,83,0,0,2425,4,0,,,,0.5,4,0.4,0.3,,,,
ChangeDistiller,237,208,28,26,82,101,0,0,2413,4,0,,,,0.5,4,0.6,0.3,,,,
ChangeDistiller,251,216,31,29,82,109,0,0,2428,4,0,,,,0.5,4,0.8,0.3,,,,
ChangeDistiller,539,386,85,74,82,298,0,0,2420,4,0,,,,0.5,4,1.0,0.3,,,,
ChangeDistiller,203,186,20,18,82,83,0,0,2409,4,0,,,,0.5,6,0.2,0.3,,,,
ChangeDistiller,203,186,20,18,82,83,0,0,2423,4,0,,,,0.5,6,0.4,0.3,,,,
ChangeDistiller,233,204,27,25,82,99,0,0,2426,4,0,,,,0.5,6,0.6,0.3,,,,
ChangeDistiller,239,208,28,26,82,103,0,0,2410,4,0,,,,0.5,6,0.8,0.3,,,,
ChangeDistiller,485,364,71,58,82,274,0,0,2416,4,0,,,,0.5,6,1.0,0.3,,,,
ChangeDistiller,203,185,21,19,80,83,0,0,2413,4,0,,,,0.5,2,0.2,0.5,,,,
ChangeDistiller,214,190,24,22,82,86,0,0,2427,4,0,,,,0.5,2,0.4,0.5,,,,
ChangeDistiller,245,203,32,30,82,101,0,0,2426,4,0,,,,0.5,2,0.6,0.5,,,,
ChangeDistiller,306,246,47,45,82,132,0,0,2430,4,0,,,,0.5,2,0.8,0.5,,,,
ChangeDistiller,645,407,121,119,80,325,0,0,2422,4,0,,,,0.5,2,1.0,0.5,,,,
ChangeDistiller,216,193,24,22,82,88,0,0,2410,4,0,,,,0.5,4,0.2,0.5,,,,
ChangeDistiller,214,190,24,22,82,86,0,0,2427,4,0,,,,0.5,4,0.4,0.5,,,,
ChangeDistiller,245,203,32,30,82,101,0,0,2427,4,0,,,,0.5,4,0.6,0.5,,,,
ChangeDistiller,262,212,36,34,82,110,0,0,2408,4,0,,,,0.5,4,0.8,0.5,,,,
ChangeDistiller,555,381,89,87,82,297,0,0,2418,4,0,,,,0.5,4,1.0,0.5,,,,
ChangeDistiller,217,191,25,23,82,87,0,0,2408,4,0,,,,0.5,6,0.2,0.5,,,,
ChangeDistiller,217,191,25,23,82,87,0,0,2432,4,0,,,,0.5,6,0.4,0.5,,,,
ChangeDistiller,245,203,32,30,82,101,0,0,2432,4,0,,,,0.5,6,0.6,0.5,,,,
ChangeDistiller,254,208,34,32,82,106,0,0,2431,4,0,,,,0.5,6,0.8,0.5,,,,
ChangeDistiller,504,360,76,72,82,274,0,0,2425,4,0,,,,0.5,6,1.0,0.5,,,,
ChangeDistiller,320,294,59,57,82,122,0,0,2417,4,0,,,,0.5,2,0.2,0.7,,,,
ChangeDistiller,321,289,61,59,82,119,0,0,2432,4,0,,,,0.5,2,0.4,0.7,,,,
ChangeDistiller,362,300,72,70,82,138,0,0,2433,4,0,,,,0.5,2,0.6,0.7,,,,
ChangeDistiller,481,359,104,102,82,193,0,0,2421,4,0,,,,0.5,2,0.8,0.7,,,,
ChangeDistiller,719,407,158,156,80,325,0,0,2423,4,0,,,,0.5,2,1.0,0.7,,,,
ChangeDistiller,340,299,67,65,82,126,0,0,2414,4,0,,,,0.5,4,0.2,0.7,,,,
ChangeDistiller,338,296,67,65,82,124,0,0,2422,4,0,,,,0.5,4,0.4,0.7,,,,
ChangeDistiller,375,303,77,75,82,141,0,0,2423,4,0,,,,0.5,4,0.6,0.7,,,,
ChangeDistiller,431,329,89,87,82,173,0,0,2424,4,0,,,,0.5,4,0.8,0.7,,,,
ChangeDistiller,645,393,132,126,82,305,0,0,2412,4,0,,,,0.5,4,1.0,0.7,,,,
ChangeDistiller,344,296,69,67,82,126,0,0,2405,4,0,,,,0.5,6,0.2,0.7,,,,
ChangeDistiller,344,296,69,67,82,126,0,0,2420,4,0,,,,0.5,6,0.4,0.7,,,,
ChangeDistiller,375,303,77,75,82,141,0,0,2426,4,0,,,,0.5,6,0.6,0.7,,,,
ChangeDistiller,396,314,81,79,82,154,0,0,2412,4,0,,,,0.5,6,0.8,0.7,,,,
ChangeDistiller,597,386,120,105,82,290,0,0,2415,4,0,,,,0.5,6,1.0,0.7,,,,
ChangeDistiller,326,300,61,59,82,124,0,0,2411,4,0,,,,0.5,2,0.2,0.899,,,,
ChangeDistiller,327,295,63,61,82,121,0,0,2427,4,0,,,,0.5,2,0.4,0.899,,,,
ChangeDistiller,368,306,74,72,82,140,0,0,2430,4,0,,,,0.5,2,0.6,0.899,,,,
ChangeDistiller,489,363,107,105,82,195,0,0,2434,4,0,,,,0.5,2,0.8,0.899,,,,
ChangeDistiller,723,407,160,158,80,325,0,0,2420,4,0,,,,0.5,2,1.0,0.899,,,,
ChangeDistiller,437,382,95,93,80,169,0,0,2410,4,0,,,,0.5,4,0.2,0.899,,,,
ChangeDistiller,435,379,95,93,80,167,0,0,2430,4,0,,,,0.5,4,0.4,0.899,,,,
ChangeDistiller,471,379,105,103,80,183,0,0,2425,4,0,,,,0.5,4,0.6,0.899,,,,
ChangeDistiller,533,399,120,118,80,215,0,0,2409,4,0,,,,0.5,4,0.8,0.899,,,,
ChangeDistiller,723,407,160,158,80,325,0,0,2415,4,0,,,,0.5,4,1.0,0.899,,,,
ChangeDistiller,487,399,109,107,80,191,0,0,2413,4,0,,,,0.5,6,0.2,0.899,,,,
ChangeDistiller,487,399,109,107,80,191,0,0,2427,4,0,,,,0.5,6,0.4,0.899,,,,
ChangeDistiller,516,396,117,115,80,204,0,0,2427,4,0,,,,0.5,6,0.6,0.899,,,,
ChangeDistiller,570,406,130,128,80,232,0,0,2419,4,0,,,,0.5,6,0.8,0.899,,,,
ChangeDistiller,723,407,160,158,80,325,0,0,2417,4,0,,,,0.5,6,1.0,0.899,,,,
ChangeDistiller,133,124,13,11,54,55,0,0,1459,4,0,,,,0.7,2,0.2,0.1,,,,
ChangeDistiller,133,124,13,11,54,55,0,0,1458,4,0,,,,0.7,2,0.4,0.1,,,,
ChangeDistiller,148,133,17,15,54,62,0,0,1459,4,0,,,,0.7,2,0.6,0.1,,,,
ChangeDistiller,247,194,43,41,54,109,0,0,1454,4,0,,,,0.7,2,0.8,0.1,,,,
ChangeDistiller,495,324,92,84,56,263,0,0,1454,4,0,,,,0.7,2,1.0,0.1,,,,
ChangeDistiller,133,124,13,11,54,55,0,0,1458,4,0,,,,0.7,4,0.2,0.1,,,,
ChangeDistiller,133,124,13,11,54,55,0,0,1458,4,0,,,,0.7,4,0.4,0.1,,,,
ChangeDistiller,141,128,15,13,54,59,0,0,1459,4,0,,,,0.7,4,0.6,0.1,,,,
ChangeDistiller,189,164,24,22,54,89,0,0,1453,4,0,,,,0.7,4,0.8,0.1,,,,
ChangeDistiller,414,299,65,56,54,239,0,0,1456,4,0,,,,0.7,4,1.0,0.1,,,,
ChangeDistiller,133,124,13,11,54,55,0,0,1451,4,0,,,,0.7,6,0.2,0.1,,,,
ChangeDistiller,133,124,13,11,54,55,0,0,1456,4,0,,,,0.7,6,0.4,0.1,,,,
ChangeDistiller,133,124,13,11,54,55,0,0,1458,4,0,,,,0.7,6,0.6,0.1,,,,
ChangeDistiller,177,158,21,19,54,83,0,0,1452,4,0,,,,0.7,6,0.8,0.1,,,,
ChangeDistiller,380,289,56,44,54,226,0,0,1456,4,0,,,,0.7,6,1.0,0.1,,,,
ChangeDistiller,137,122,16,14,52,55,0,0,1454,4,0,,,,0.7,2,0.2,0.3,,,,
ChangeDistiller,140,123,17,15,52,56,0,0,1453,4,0,,,,0.7,2,0.4,0.3,,,,
ChangeDistiller,154,131,20,18,52,64,0,0,1454,4,0,,,,0.7,2,0.6,0.3,,,,
ChangeDistiller,246,189,44,42,52,108,0,0,1449,4,0,,,,0.7,2,0.8,0.3,,,,
ChangeDistiller,500,318,95,91,52,262,0,0,1455,4,0,,,,0.7,2,1.0,0.3,,,,
ChangeDistiller,137,122,16,14,52,55,0,0,1453,4,0,,,,0.7,4,0.2,0.3,,,,
ChangeDistiller,137,122,16,14,52,55,0,0,1456,4,0,,,,0.7,4,0.4,0.3,,,,
ChangeDistiller,149,132,18,16,52,63,0,0,1462,4,0,,,,0.7,4,0.6,0.3,,,,
ChangeDistiller,193,162,27,25,52,89,0,0,1456,4,0,,,,0.7,4,0.8,0.3,,,,
ChangeDistiller,418,297,68,59,52,239,0,0,1460,4,0,,,,0.7,4,1.0,0.3,,,,
ChangeDistiller,137,122,16,14,52,55,0,0,1460,4,0,,,,0.7,6,0.2,0.3,,,,
ChangeDistiller,137,122,16,14,52,55,0,0,1458,4,0,,,,0.7,6,0.4,0.3,,,,
ChangeDistiller,145,130,17,15,52,61,0,0,1460,4,0,,,,0.7,6,0.6,0.3,,,,
ChangeDistiller,181,156,24,22,52,83,0,0,1457,4,0,,,,0.7,6,0.8,0.3,,,,
ChangeDistiller,381,287,59,44,52,226,0,0,1458,4,0,,,,0.7,6,1.0,0.3,,,,
ChangeDistiller,142,124,18,16,52,56,0,0,1452,4,0,,,,0.7,2,0.2,0.5,,,,
ChangeDistiller,145,125,19,17,52,57,0,0,1461,4,0,,,,0.7,2,0.4,0.5,,,,
ChangeDistiller,162,134,23,21,52,66,0,0,1455,4,0,,,,0.7,2,0.6,0.5,,,,
ChangeDistiller,249,185,46,44,52,107,0,0,1448,4,0,,,,0.7,2,0.8,0.5,,,,
ChangeDistiller,504,315,97,94,52,261,0,0,1455,4,0,,,,0.7,2,1.0,0.5,,,,
ChangeDistiller,145,125,19,17,52,57,0,0,1454,4,0,,,,0.7,4,0.2,0.5,,,,
ChangeDistiller,145,125,19,17,52,57,0,0,1453,4,0,,,,0.7,4,0.4,0.5,,,,
ChangeDistiller,156,132,21,19,52,64,0,0,1455,4,0,,,,0.7,4,0.6,0.5,,,,
ChangeDistiller,199,159,30,28,52,89,0,0,1448,4,0,,,,0.7,4,0.8,0.5,,,,
ChangeDistiller,427,295,71,65,52,239,0,0,1454,4,0,,,,0.7,4,1.0,0.5,,,,
ChangeDistiller,145,125,19,17,52,57,0,0,1452,4,0,,,,0.7,6,0.2,0.5,,,,
ChangeDistiller,145,125,19,17,52,57,0,0,1459,4,0,,,,0.7,6,0.4,0.5,,,,
ChangeDistiller,152,130,20,18,52,62,0,0,1458,4,0,,,,0.7,6,0.6,0.5,,,,
ChangeDistiller,187,153,27,25,52,83,0,0,1450,4,0,,,,0.7,6,0.8,0.5,,,,
ChangeDistiller,390,285,62,50,52,226,0,0,1455,4,0,,,,0.7,6,1.0,0.5,,,,
ChangeDistiller,219,197,44,42,52,81,0,0,1461,4,0,,,,0.7,2,0.2,0.7,,,,
ChangeDistiller,214,188,45,43,50,76,0,0,1458,4,0,,,,0.7,2,0.4,0.7,,,,
ChangeDistiller,238,198,51,49,50,88,0,0,1459,4,0,,,,0.7,2,0.6,0.7,,,,
ChangeDistiller,333,235,79,77,50,127,0,0,1456,4,0,,,,0.7,2,0.8,0.7,,,,
ChangeDistiller,553,311,123,121,50,259,0,0,1465,4,0,,,,0.7,2,1.0,0.7,,,,
ChangeDistiller,248,205,56,54,50,88,0,0,1451,4,0,,,,0.7,4,0.2,0.7,,,,
ChangeDistiller,248,205,56,54,50,88,0,0,1456,4,0,,,,0.7,4,0.4,0.7,,,,
ChangeDistiller,264,206,60,58,50,96,0,0,1458,4,0,,,,0.7,4,0.6,0.7,,,,
ChangeDistiller,300,214,69,67,50,114,0,0,1458,4,0,,,,0.7,4,0.8,0.7,,,,
ChangeDistiller,507,301,108,103,50,246,0,0,1457,4,0,,,,0.7,4,1.0,0.7,,,,
ChangeDistiller,256,204,59,57,50,90,0,0,1477,4,0,,,,0.7,6,0.2,0.7,,,,
ChangeDistiller,256,204,59,57,50,90,0,0,1466,4,0,,,,0.7,6,0.4,0.7,,,,
ChangeDistiller,267,207,61,59,50,97,0,0,1465,4,0,,,,0.7,6,0.6,0.7,,,,
ChangeDistiller,296,212,68,66,50,112,0,0,1461,4,0,,,,0.7,6,0.8,0.7,,,,
ChangeDistiller,484,294,102,95,50,237,0,0,1465,4,0,,,,0.7,6,1.0,0.7,,,,
ChangeDistiller,224,202,45,43,53,83,0,0,1458,4,0,,,,0.7,2,0.2,0.899,,,,
ChangeDistiller,217,191,46,44,50,77,0,0,1462,4,0,,,,0.7,2,0.4,0.899,,,,
ChangeDistiller,241,201,52,50,50,89,0,0,1463,4,0,,,,0.7,2,0.6,0.899,,,,
ChangeDistiller,336,238,80,78,50,128,0,0,1458,4,0,,,,0.7,2,0.8,0.899,,,,
ChangeDistiller,555,311,124,122,50,259,0,0,1461,4,0,,,,0.7,2,1.0,0.899,,,,
ChangeDistiller,299,250,70,68,50,111,0,0,1457,4,0,,,,0.7,4,0.2,0.899,,,,
ChangeDistiller,299,250,70,68,50,111,0,0,1458,4,0,,,,0.7,4,0.4,0.899,,,,
ChangeDistiller,315,251,74,72,50,119,0,0,1456,4,0,,,,0.7,4,0.6,0.899,,,,
ChangeDistiller,352,254,84,82,50,136,0,0,1450,4,0,,,,0.7,4,0.8,0.899,,,,
ChangeDistiller,555,311,124,122,50,259,0,0,1458,4,0,,,,0.7,4,1.0,0.899,,,,
ChangeDistiller,329,257,79,77,50,123,0,0,1451,4,0,,,,0.7,6,0.2,0.899,,,,
ChangeDistiller,329,257,79,77,50,123,0,0,1458,4,0,,,,0.7,6,0.4,0.899,,,,
ChangeDistiller,340,260,81,79,50,130,0,0,1460,4,0,,,,0.7,6,0.6,0.899,,,,
ChangeDistiller,372,262,89,87,50,146,0,0,1455,4,0,,,,0.7,6,0.8,0.899,,,,
ChangeDistiller,555,311,124,122,50,259,0,0,1456,4,0,,,,0.7,6,1.0,0.899,,,,
ChangeDistiller,50,45,7,5,18,20,0,0,1334,4,0,,,,0.899,2,0.2,0.1,,,,
ChangeDistiller,50,45,7,5,18,20,0,0,1334,4,0,,,,0.899,2,0.4,0.1,,,,
ChangeDistiller,53,46,8,6,18,21,0,0,1334,4,0,,,,0.899,2,0.6,0.1,,,,
ChangeDistiller,141,106,29,27,18,67,0,0,1328,4,0,,,,0.899,2,0.8,0.1,,,,
ChangeDistiller,221,154,38,33,18,132,0,0,1330,4,0,,,,0.899,2,1.0,0.1,,,,
ChangeDistiller,50,45,7,5,18,20,0,0,1331,4,0,,,,0.899,4,0.2,0.1,,,,
ChangeDistiller,50,45,7,5,18,20,0,0,1332,4,0,,,,0.899,4,0.4,0.1,,,,
ChangeDistiller,50,45,7,5,18,20,0,0,1333,4,0,,,,0.899,4,0.6,0.1,,,,
ChangeDistiller,89,72,15,13,18,43,0,0,1333,4,0,,,,0.899,4,0.8,0.1,,,,
ChangeDistiller,194,149,28,22,18,126,0,0,1330,4,0,,,,0.899,4,1.0,0.1,,,,
ChangeDistiller,50,45,7,5,18,20,0,0,1332,4,0,,,,0.899,6,0.2,0.1,,,,
ChangeDistiller,50,45,7,5,18,20,0,0,1330,4,0,,,,0.899,6,0.4,0.1,,,,
ChangeDistiller,50,45,7,5,18,20,0,0,1330,4,0,,,,0.899,6,0.6,0.1,,,,
ChangeDistiller,85,70,14,12,18,41,0,0,1328,4,0,,,,0.899,6,0.8,0.1,,,,
ChangeDistiller,184,147,25,18,18,123,0,0,1327,4,0,,,,0.899,6,1.0,0.1,,,,
ChangeDistiller,55,46,9,7,18,21,0,0,1326,4,0,,,,0.899,2,0.2,0.3,,,,
ChangeDistiller,55,46,9,7,18,21,0,0,1338,4,0,,,,0.899,2,0.4,0.3,,,,
ChangeDistiller,68,53,12,10,18,28,0,0,1336,4,0,,,,0.899,2,0.6,0.3,,,,
ChangeDistiller,145,104,31,29,18,67,0,0,1332,4,0,,,,0.899,2,0.8,0.3,,,,
ChangeDistiller,227,153,40,37,18,132,0,0,1335,4,0,,,,0.899,2,1.0,0.3,,,,
ChangeDistiller,55,46,9,7,18,21,0,0,1333,4,0,,,,0.899,4,0.2,0.3,,,,
ChangeDistiller,55,46,9,7,18,21,0,0,1333,4,0,,,,0.899,4,0.4,0.3,,,,
ChangeDistiller,55,46,9,7,18,21,0,0,1334,4,0,,,,0.899,4,0.6,0.3,,,,
ChangeDistiller,94,73,17,15,18,44,0,0,1328,4,0,,,,0.899,4,0.8,0.3,,,,
ChangeDistiller,197,150,30,22,18,127,0,0,1332,4,0,,,,0.899,4,1.0,0.3,,,,
ChangeDistiller,55,46,9,7,18,21,0,0,1326,4,0,,,,0.899,6,0.2,0.3,,,,
ChangeDistiller,55,46,9,7,18,21,0,0,1330,4,0,,,,0.899,6,0.4,0.3,,,,
ChangeDistiller,55,46,9,7,18,21,0,0,1334,4,0,,,,0.899,6,0.6,0.3,,,,
ChangeDistiller,90,71,16,14,18,42,0,0,1322,4,0,,,,0.899,6,0.8,0.3,,,,
ChangeDistiller,187,148,27,18,18,124,0,0,1326,4,0,,,,0.899,6,1.0,0.3,,,,
ChangeDistiller,57,47,10,8,18,21,0,0,1330,4,0,,,,0.899,2,0.2,0.5,,,,
ChangeDistiller,57,47,10,8,18,21,0,0,1333,4,0,,,,0.899,2,0.4,0.5,,,,
ChangeDistiller,70,54,13,11,18,28,0,0,1332,4,0,,,,0.899,2,0.6,0.5,,,,
ChangeDistiller,146,102,32,30,18,66,0,0,1327,4,0,,,,0.899,2,0.8,0.5,,,,
ChangeDistiller,228,151,41,38,18,131,0,0,1326,4,0,,,,0.899,2,1.0,0.5,,,,
ChangeDistiller,60,48,11,9,18,22,0,0,1327,4,0,,,,0.899,4,0.2,0.5,,,,
ChangeDistiller,60,48,11,9,18,22,0,0,1329,4,0,,,,0.899,4,0.4,0.5,,,,
ChangeDistiller,67,53,12,10,18,27,0,0,1344,4,0,,,,0.899,4,0.6,0.5,,,,
ChangeDistiller,97,69,19,17,18,43,0,0,1326,4,0,,,,0.899,4,0.8,0.5,,,,
ChangeDistiller,204,147,32,28,18,126,0,0,1330,4,0,,,,0.899,4,1.0,0.5,,,,
ChangeDistiller,60,48,11,9,18,22,0,0,1337,4,0,,,,0.899,6,0.2,0.5,,,,
ChangeDistiller,60,48,11,9,18,22,0,0,1337,4,0,,,,0.899,6,0.4,0.5,,,,
ChangeDistiller,67,53,12,10,18,27,0,0,1335,4,0,,,,0.899,6,0.6,0.5,,,,
ChangeDistiller,93,67,18,16,18,41,0,0,1330,4,0,,,,0.899,6,0.8,0.5,,,,
ChangeDistiller,194,145,29,24,18,123,0,0,1331,4,0,,,,0.899,6,1.0,0.5,,,,
ChangeDistiller,78,66,17,15,18,28,0,0,1323,4,0,,,,0.899,2,0.2,0.7,,,,
ChangeDistiller,71,59,17,15,16,23,0,0,1329,4,0,,,,0.899,2,0.4,0.7,,,,
ChangeDistiller,84,64,20,18,16,30,0,0,1324,4,0,,,,0.899,2,0.6,0.7,,,,
ChangeDistiller,157,101,39,37,16,65,0,0,1339,4,0,,,,0.899,2,0.8,0.7,,,,
ChangeDistiller,239,147,48,46,16,129,0,0,1329,4,0,,,,0.899,2,1.0,0.7,,,,
ChangeDistiller,94,73,24,22,16,32,0,0,1335,4,0,,,,0.899,4,0.2,0.7,,,,
ChangeDistiller,94,73,24,22,16,32,0,0,1331,4,0,,,,0.899,4,0.4,0.7,,,,
ChangeDistiller,99,73,25,23,16,35,0,0,1326,4,0,,,,0.899,4,0.6,0.7,,,,
ChangeDistiller,143,89,35,33,16,59,0,0,1336,4,0,,,,0.899,4,0.8,0.7,,,,
ChangeDistiller,231,145,45,43,16,127,0,0,1336,4,0,,,,0.899,4,1.0,0.7,,,,
ChangeDistiller,95,71,25,23,16,31,0,0,1334,4,0,,,,0.899,6,0.2,0.7,,,,
ChangeDistiller,95,71,25,23,16,31,0,0,1333,4,0,,,,0.899,6,0.4,0.7,,,,
ChangeDistiller,102,74,26,24,16,36,0,0,1330,4,0,,,,0.899,6,0.6,0.7,,,,
ChangeDistiller,139,87,34,32,16,57,0,0,1342,4,0,,,,0.899,6,0.8,0.7,,,,
ChangeDistiller,224,144,43,40,16,125,0,0,1333,4,0,,,,0.899,6,1.0,0.7,,,,
ChangeDistiller,78,66,17,15,18,28,0,0,1340,4,0,,,,0.899,2,0.2,0.899,,,,
ChangeDistiller,71,59,17,15,16,23,0,0,1340,4,0,,,,0.899,2,0.4,0.899,,,,
ChangeDistiller,84,64,20,18,16,30,0,0,1331,4,0,,,,0.899,2,0.6,0.899,,,,
ChangeDistiller,157,101,39,37,16,65,0,0,1343,4,0,,,,0.899,2,0.8,0.899,,,,
ChangeDistiller,239,147,48,46,16,129,0,0,1327,4,0,,,,0.899,2,1.0,0.899,,,,
ChangeDistiller,105,84,27,25,16,37,0,0,1325,4,0,,,,0.899,4,0.2,0.899,,,,
ChangeDistiller,105,84,27,25,16,37,0,0,1326,4,0,,,,0.899,4,0.4,0.899,,,,
ChangeDistiller,110,84,28,26,16,40,0,0,1321,4,0,,,,0.899,4,0.6,0.899,,,,
ChangeDistiller,157,101,39,37,16,65,0,0,1339,4,0,,,,0.899,4,0.8,0.899,,,,
ChangeDistiller,239,147,48,46,16,129,0,0,1318,4,0,,,,0.899,4,1.0,0.899,,,,
ChangeDistiller,113,85,30,28,16,39,0,0,1310,4,0,,,,0.899,6,0.2,0.899,,,,
ChangeDistiller,113,85,30,28,16,39,0,0,1260,4,0,,,,0.899,6,0.4,0.899,,,,
ChangeDistiller,120,88,31,29,16,44,0,0,1299,4,0,,,,0.899,6,0.6,0.899,,,,
ChangeDistiller,157,101,39,37,16,65,0,0,1297,4,0,,,,0.899,6,0.8,0.899,,,,
ChangeDistiller,239,147,48,46,16,129,0,0,1236,4,0,,,,0.899,6,1.0,0.899,,,,
