MATCHER,NRACTIONS,NRROOTS,NR_INSERT,NR_DELETE,NR_UPDATE,NR_MOVE,NR_TREEINSERT,NR_TREEDELETE,TIME,NROPTIONS,TIMEOUT,GT_BUM_SMT,GT_BUM_SMT_SBUP,GT_BUM_SZT,GT_CD_LSIM,GT_CD_ML,GT_CD_SSIM1,GT_CD_SSIM2,GT_STM_MH,GT_XYM_SIM,GUMTREE_MATCH_GT_MINH,
SimpleGumtree,0,0,0,0,0,0,0,0,1,2,0,,0.1,,,,,,1,,,
SimpleGumtree,0,0,0,0,0,0,0,0,1,2,0,,0.3,,,,,,1,,,
SimpleGumtree,0,0,0,0,0,0,0,0,1,2,0,,0.5,,,,,,1,,,
SimpleGumtree,0,0,0,0,0,0,0,0,1,2,0,,0.7,,,,,,1,,,
SimpleGumtree,0,0,0,0,0,0,0,0,1,2,0,,0.899,,,,,,1,,,
SimpleGumtree,0,0,0,0,0,0,0,0,2,2,0,,0.1,,,,,,2,,,
SimpleGumtree,0,0,0,0,0,0,0,0,2,2,0,,0.3,,,,,,2,,,
SimpleGumtree,0,0,0,0,0,0,0,0,1,2,0,,0.5,,,,,,2,,,
SimpleGumtree,0,0,0,0,0,0,0,0,0,2,0,,0.7,,,,,,2,,,
SimpleGumtree,0,0,0,0,0,0,0,0,1,2,0,,0.899,,,,,,2,,,
SimpleGumtree,0,0,0,0,0,0,0,0,1,2,0,,0.1,,,,,,3,,,
SimpleGumtree,0,0,0,0,0,0,0,0,1,2,0,,0.3,,,,,,3,,,
SimpleGumtree,0,0,0,0,0,0,0,0,1,2,0,,0.5,,,,,,3,,,
SimpleGumtree,0,0,0,0,0,0,0,0,1,2,0,,0.7,,,,,,3,,,
SimpleGumtree,0,0,0,0,0,0,0,0,1,2,0,,0.899,,,,,,3,,,
SimpleGumtree,0,0,0,0,0,0,0,0,1,2,0,,0.1,,,,,,4,,,
SimpleGumtree,0,0,0,0,0,0,0,0,1,2,0,,0.3,,,,,,4,,,
SimpleGumtree,0,0,0,0,0,0,0,0,1,2,0,,0.5,,,,,,4,,,
SimpleGumtree,0,0,0,0,0,0,0,0,1,2,0,,0.7,,,,,,4,,,
SimpleGumtree,0,0,0,0,0,0,0,0,1,2,0,,0.899,,,,,,4,,,
SimpleGumtree,0,0,0,0,0,0,0,0,1,2,0,,0.1,,,,,,5,,,
SimpleGumtree,0,0,0,0,0,0,0,0,1,2,0,,0.3,,,,,,5,,,
SimpleGumtree,0,0,0,0,0,0,0,0,1,2,0,,0.5,,,,,,5,,,
SimpleGumtree,0,0,0,0,0,0,0,0,1,2,0,,0.7,,,,,,5,,,
SimpleGumtree,0,0,0,0,0,0,0,0,1,2,0,,0.899,,,,,,5,,,
ClassicGumtree,0,0,0,0,0,0,0,0,1,3,0,0.1,,100,,,,,1,,,
ClassicGumtree,0,0,0,0,0,0,0,0,1,3,0,0.2,,100,,,,,1,,,
ClassicGumtree,0,0,0,0,0,0,0,0,1,3,0,0.3,,100,,,,,1,,,
ClassicGumtree,0,0,0,0,0,0,0,0,0,3,0,0.4,,100,,,,,1,,,
ClassicGumtree,0,0,0,0,0,0,0,0,0,3,0,0.5,,100,,,,,1,,,
ClassicGumtree,0,0,0,0,0,0,0,0,1,3,0,0.6,,100,,,,,1,,,
ClassicGumtree,0,0,0,0,0,0,0,0,1,3,0,0.7,,100,,,,,1,,,
ClassicGumtree,0,0,0,0,0,0,0,0,1,3,0,0.799,,100,,,,,1,,,
ClassicGumtree,0,0,0,0,0,0,0,0,1,3,0,0.899,,100,,,,,1,,,
ClassicGumtree,0,0,0,0,0,0,0,0,1,3,0,0.999,,100,,,,,1,,,
ClassicGumtree,0,0,0,0,0,0,0,0,1,3,0,0.1,,200,,,,,1,,,
ClassicGumtree,0,0,0,0,0,0,0,0,1,3,0,0.2,,200,,,,,1,,,
ClassicGumtree,0,0,0,0,0,0,0,0,1,3,0,0.3,,200,,,,,1,,,
ClassicGumtree,0,0,0,0,0,0,0,0,1,3,0,0.4,,200,,,,,1,,,
ClassicGumtree,0,0,0,0,0,0,0,0,1,3,0,0.5,,200,,,,,1,,,
ClassicGumtree,0,0,0,0,0,0,0,0,1,3,0,0.6,,200,,,,,1,,,
ClassicGumtree,0,0,0,0,0,0,0,0,1,3,0,0.7,,200,,,,,1,,,
ClassicGumtree,0,0,0,0,0,0,0,0,1,3,0,0.799,,200,,,,,1,,,
ClassicGumtree,0,0,0,0,0,0,0,0,1,3,0,0.899,,200,,,,,1,,,
ClassicGumtree,0,0,0,0,0,0,0,0,1,3,0,0.999,,200,,,,,1,,,
ClassicGumtree,0,0,0,0,0,0,0,0,1,3,0,0.1,,300,,,,,1,,,
ClassicGumtree,0,0,0,0,0,0,0,0,1,3,0,0.2,,300,,,,,1,,,
ClassicGumtree,0,0,0,0,0,0,0,0,1,3,0,0.3,,300,,,,,1,,,
ClassicGumtree,0,0,0,0,0,0,0,0,1,3,0,0.4,,300,,,,,1,,,
ClassicGumtree,0,0,0,0,0,0,0,0,1,3,0,0.5,,300,,,,,1,,,
ClassicGumtree,0,0,0,0,0,0,0,0,1,3,0,0.6,,300,,,,,1,,,
ClassicGumtree,0,0,0,0,0,0,0,0,1,3,0,0.7,,300,,,,,1,,,
ClassicGumtree,0,0,0,0,0,0,0,0,1,3,0,0.799,,300,,,,,1,,,
ClassicGumtree,0,0,0,0,0,0,0,0,1,3,0,0.899,,300,,,,,1,,,
ClassicGumtree,0,0,0,0,0,0,0,0,0,3,0,0.999,,300,,,,,1,,,
ClassicGumtree,0,0,0,0,0,0,0,0,160,3,0,0.1,,400,,,,,1,,,
ClassicGumtree,0,0,0,0,0,0,0,0,185,3,0,0.2,,400,,,,,1,,,
ClassicGumtree,0,0,0,0,0,0,0,0,161,3,0,0.3,,400,,,,,1,,,
ClassicGumtree,0,0,0,0,0,0,0,0,197,3,0,0.4,,400,,,,,1,,,
ClassicGumtree,0,0,0,0,0,0,0,0,131,3,0,0.5,,400,,,,,1,,,
ClassicGumtree,0,0,0,0,0,0,0,0,142,3,0,0.6,,400,,,,,1,,,
ClassicGumtree,0,0,0,0,0,0,0,0,198,3,0,0.7,,400,,,,,1,,,
ClassicGumtree,0,0,0,0,0,0,0,0,197,3,0,0.799,,400,,,,,1,,,
ClassicGumtree,0,0,0,0,0,0,0,0,106,3,0,0.899,,400,,,,,1,,,
ClassicGumtree,0,0,0,0,0,0,0,0,198,3,0,0.999,,400,,,,,1,,,
ClassicGumtree,0,0,0,0,0,0,0,0,112,3,0,0.1,,500,,,,,1,,,
ClassicGumtree,0,0,0,0,0,0,0,0,88,3,0,0.2,,500,,,,,1,,,
ClassicGumtree,0,0,0,0,0,0,0,0,105,3,0,0.3,,500,,,,,1,,,
ClassicGumtree,0,0,0,0,0,0,0,0,104,3,0,0.4,,500,,,,,1,,,
ClassicGumtree,0,0,0,0,0,0,0,0,105,3,0,0.5,,500,,,,,1,,,
ClassicGumtree,0,0,0,0,0,0,0,0,177,3,0,0.6,,500,,,,,1,,,
ClassicGumtree,0,0,0,0,0,0,0,0,88,3,0,0.7,,500,,,,,1,,,
ClassicGumtree,0,0,0,0,0,0,0,0,183,3,0,0.799,,500,,,,,1,,,
ClassicGumtree,0,0,0,0,0,0,0,0,183,3,0,0.899,,500,,,,,1,,,
ClassicGumtree,0,0,0,0,0,0,0,0,104,3,0,0.999,,500,,,,,1,,,
ClassicGumtree,0,0,0,0,0,0,0,0,105,3,0,0.1,,600,,,,,1,,,
ClassicGumtree,0,0,0,0,0,0,0,0,88,3,0,0.2,,600,,,,,1,,,
ClassicGumtree,0,0,0,0,0,0,0,0,105,3,0,0.3,,600,,,,,1,,,
ClassicGumtree,0,0,0,0,0,0,0,0,105,3,0,0.4,,600,,,,,1,,,
ClassicGumtree,0,0,0,0,0,0,0,0,105,3,0,0.5,,600,,,,,1,,,
ClassicGumtree,0,0,0,0,0,0,0,0,89,3,0,0.6,,600,,,,,1,,,
ClassicGumtree,0,0,0,0,0,0,0,0,105,3,0,0.7,,600,,,,,1,,,
ClassicGumtree,0,0,0,0,0,0,0,0,89,3,0,0.799,,600,,,,,1,,,
ClassicGumtree,0,0,0,0,0,0,0,0,105,3,0,0.899,,600,,,,,1,,,
ClassicGumtree,0,0,0,0,0,0,0,0,106,3,0,0.999,,600,,,,,1,,,
ClassicGumtree,0,0,0,0,0,0,0,0,135,3,0,0.1,,700,,,,,1,,,
ClassicGumtree,0,0,0,0,0,0,0,0,107,3,0,0.2,,700,,,,,1,,,
ClassicGumtree,0,0,0,0,0,0,0,0,106,3,0,0.3,,700,,,,,1,,,
ClassicGumtree,0,0,0,0,0,0,0,0,93,3,0,0.4,,700,,,,,1,,,
ClassicGumtree,0,0,0,0,0,0,0,0,94,3,0,0.5,,700,,,,,1,,,
ClassicGumtree,0,0,0,0,0,0,0,0,106,3,0,0.6,,700,,,,,1,,,
ClassicGumtree,0,0,0,0,0,0,0,0,93,3,0,0.7,,700,,,,,1,,,
ClassicGumtree,0,0,0,0,0,0,0,0,105,3,0,0.799,,700,,,,,1,,,
ClassicGumtree,0,0,0,0,0,0,0,0,106,3,0,0.899,,700,,,,,1,,,
ClassicGumtree,0,0,0,0,0,0,0,0,107,3,0,0.999,,700,,,,,1,,,
ClassicGumtree,0,0,0,0,0,0,0,0,93,3,0,0.1,,800,,,,,1,,,
ClassicGumtree,0,0,0,0,0,0,0,0,94,3,0,0.2,,800,,,,,1,,,
ClassicGumtree,0,0,0,0,0,0,0,0,107,3,0,0.3,,800,,,,,1,,,
ClassicGumtree,0,0,0,0,0,0,0,0,107,3,0,0.4,,800,,,,,1,,,
ClassicGumtree,0,0,0,0,0,0,0,0,105,3,0,0.5,,800,,,,,1,,,
ClassicGumtree,0,0,0,0,0,0,0,0,92,3,0,0.6,,800,,,,,1,,,
ClassicGumtree,0,0,0,0,0,0,0,0,106,3,0,0.7,,800,,,,,1,,,
ClassicGumtree,0,0,0,0,0,0,0,0,107,3,0,0.799,,800,,,,,1,,,
ClassicGumtree,0,0,0,0,0,0,0,0,106,3,0,0.899,,800,,,,,1,,,
ClassicGumtree,0,0,0,0,0,0,0,0,93,3,0,0.999,,800,,,,,1,,,
ClassicGumtree,0,0,0,0,0,0,0,0,108,3,0,0.1,,900,,,,,1,,,
ClassicGumtree,0,0,0,0,0,0,0,0,94,3,0,0.2,,900,,,,,1,,,
ClassicGumtree,0,0,0,0,0,0,0,0,93,3,0,0.3,,900,,,,,1,,,
ClassicGumtree,0,0,0,0,0,0,0,0,107,3,0,0.4,,900,,,,,1,,,
ClassicGumtree,0,0,0,0,0,0,0,0,107,3,0,0.5,,900,,,,,1,,,
ClassicGumtree,0,0,0,0,0,0,0,0,107,3,0,0.6,,900,,,,,1,,,
ClassicGumtree,0,0,0,0,0,0,0,0,107,3,0,0.7,,900,,,,,1,,,
ClassicGumtree,0,0,0,0,0,0,0,0,107,3,0,0.799,,900,,,,,1,,,
ClassicGumtree,0,0,0,0,0,0,0,0,107,3,0,0.899,,900,,,,,1,,,
ClassicGumtree,0,0,0,0,0,0,0,0,94,3,0,0.999,,900,,,,,1,,,
ClassicGumtree,0,0,0,0,0,0,0,0,93,3,0,0.1,,1000,,,,,1,,,
ClassicGumtree,0,0,0,0,0,0,0,0,104,3,0,0.2,,1000,,,,,1,,,
ClassicGumtree,0,0,0,0,0,0,0,0,94,3,0,0.3,,1000,,,,,1,,,
ClassicGumtree,0,0,0,0,0,0,0,0,103,3,0,0.4,,1000,,,,,1,,,
ClassicGumtree,0,0,0,0,0,0,0,0,103,3,0,0.5,,1000,,,,,1,,,
ClassicGumtree,0,0,0,0,0,0,0,0,103,3,0,0.6,,1000,,,,,1,,,
ClassicGumtree,0,0,0,0,0,0,0,0,98,3,0,0.7,,1000,,,,,1,,,
ClassicGumtree,0,0,0,0,0,0,0,0,102,3,0,0.799,,1000,,,,,1,,,
ClassicGumtree,0,0,0,0,0,0,0,0,101,3,0,0.899,,1000,,,,,1,,,
ClassicGumtree,0,0,0,0,0,0,0,0,96,3,0,0.999,,1000,,,,,1,,,
ClassicGumtree,0,0,0,0,0,0,0,0,96,3,0,0.1,,1100,,,,,1,,,
ClassicGumtree,0,0,0,0,0,0,0,0,95,3,0,0.2,,1100,,,,,1,,,
ClassicGumtree,0,0,0,0,0,0,0,0,102,3,0,0.3,,1100,,,,,1,,,
ClassicGumtree,0,0,0,0,0,0,0,0,103,3,0,0.4,,1100,,,,,1,,,
ClassicGumtree,0,0,0,0,0,0,0,0,102,3,0,0.5,,1100,,,,,1,,,
ClassicGumtree,0,0,0,0,0,0,0,0,102,3,0,0.6,,1100,,,,,1,,,
ClassicGumtree,0,0,0,0,0,0,0,0,97,3,0,0.7,,1100,,,,,1,,,
ClassicGumtree,0,0,0,0,0,0,0,0,101,3,0,0.799,,1100,,,,,1,,,
ClassicGumtree,0,0,0,0,0,0,0,0,97,3,0,0.899,,1100,,,,,1,,,
ClassicGumtree,0,0,0,0,0,0,0,0,106,3,0,0.999,,1100,,,,,1,,,
ClassicGumtree,0,0,0,0,0,0,0,0,102,3,0,0.1,,1200,,,,,1,,,
ClassicGumtree,0,0,0,0,0,0,0,0,104,3,0,0.2,,1200,,,,,1,,,
ClassicGumtree,0,0,0,0,0,0,0,0,106,3,0,0.3,,1200,,,,,1,,,
ClassicGumtree,0,0,0,0,0,0,0,0,105,3,0,0.4,,1200,,,,,1,,,
ClassicGumtree,0,0,0,0,0,0,0,0,106,3,0,0.5,,1200,,,,,1,,,
ClassicGumtree,0,0,0,0,0,0,0,0,105,3,0,0.6,,1200,,,,,1,,,
ClassicGumtree,0,0,0,0,0,0,0,0,105,3,0,0.7,,1200,,,,,1,,,
ClassicGumtree,0,0,0,0,0,0,0,0,105,3,0,0.799,,1200,,,,,1,,,
ClassicGumtree,0,0,0,0,0,0,0,0,106,3,0,0.899,,1200,,,,,1,,,
ClassicGumtree,0,0,0,0,0,0,0,0,101,3,0,0.999,,1200,,,,,1,,,
ClassicGumtree,0,0,0,0,0,0,0,0,99,3,0,0.1,,1300,,,,,1,,,
ClassicGumtree,0,0,0,0,0,0,0,0,99,3,0,0.2,,1300,,,,,1,,,
ClassicGumtree,0,0,0,0,0,0,0,0,100,3,0,0.3,,1300,,,,,1,,,
ClassicGumtree,0,0,0,0,0,0,0,0,99,3,0,0.4,,1300,,,,,1,,,
ClassicGumtree,0,0,0,0,0,0,0,0,100,3,0,0.5,,1300,,,,,1,,,
ClassicGumtree,0,0,0,0,0,0,0,0,100,3,0,0.6,,1300,,,,,1,,,
ClassicGumtree,0,0,0,0,0,0,0,0,101,3,0,0.7,,1300,,,,,1,,,
ClassicGumtree,0,0,0,0,0,0,0,0,100,3,0,0.799,,1300,,,,,1,,,
ClassicGumtree,0,0,0,0,0,0,0,0,100,3,0,0.899,,1300,,,,,1,,,
ClassicGumtree,0,0,0,0,0,0,0,0,99,3,0,0.999,,1300,,,,,1,,,
ClassicGumtree,0,0,0,0,0,0,0,0,101,3,0,0.1,,1400,,,,,1,,,
ClassicGumtree,0,0,0,0,0,0,0,0,100,3,0,0.2,,1400,,,,,1,,,
ClassicGumtree,0,0,0,0,0,0,0,0,101,3,0,0.3,,1400,,,,,1,,,
ClassicGumtree,0,0,0,0,0,0,0,0,99,3,0,0.4,,1400,,,,,1,,,
ClassicGumtree,0,0,0,0,0,0,0,0,101,3,0,0.5,,1400,,,,,1,,,
ClassicGumtree,0,0,0,0,0,0,0,0,99,3,0,0.6,,1400,,,,,1,,,
ClassicGumtree,0,0,0,0,0,0,0,0,100,3,0,0.7,,1400,,,,,1,,,
ClassicGumtree,0,0,0,0,0,0,0,0,101,3,0,0.799,,1400,,,,,1,,,
ClassicGumtree,0,0,0,0,0,0,0,0,100,3,0,0.899,,1400,,,,,1,,,
ClassicGumtree,0,0,0,0,0,0,0,0,98,3,0,0.999,,1400,,,,,1,,,
ClassicGumtree,0,0,0,0,0,0,0,0,101,3,0,0.1,,1500,,,,,1,,,
ClassicGumtree,0,0,0,0,0,0,0,0,99,3,0,0.2,,1500,,,,,1,,,
ClassicGumtree,0,0,0,0,0,0,0,0,100,3,0,0.3,,1500,,,,,1,,,
ClassicGumtree,0,0,0,0,0,0,0,0,100,3,0,0.4,,1500,,,,,1,,,
ClassicGumtree,0,0,0,0,0,0,0,0,99,3,0,0.5,,1500,,,,,1,,,
ClassicGumtree,0,0,0,0,0,0,0,0,99,3,0,0.6,,1500,,,,,1,,,
ClassicGumtree,0,0,0,0,0,0,0,0,102,3,0,0.7,,1500,,,,,1,,,
ClassicGumtree,0,0,0,0,0,0,0,0,99,3,0,0.799,,1500,,,,,1,,,
ClassicGumtree,0,0,0,0,0,0,0,0,101,3,0,0.899,,1500,,,,,1,,,
ClassicGumtree,0,0,0,0,0,0,0,0,99,3,0,0.999,,1500,,,,,1,,,
ClassicGumtree,0,0,0,0,0,0,0,0,100,3,0,0.1,,1600,,,,,1,,,
ClassicGumtree,0,0,0,0,0,0,0,0,98,3,0,0.2,,1600,,,,,1,,,
ClassicGumtree,0,0,0,0,0,0,0,0,99,3,0,0.3,,1600,,,,,1,,,
ClassicGumtree,0,0,0,0,0,0,0,0,100,3,0,0.4,,1600,,,,,1,,,
ClassicGumtree,0,0,0,0,0,0,0,0,98,3,0,0.5,,1600,,,,,1,,,
ClassicGumtree,0,0,0,0,0,0,0,0,99,3,0,0.6,,1600,,,,,1,,,
ClassicGumtree,0,0,0,0,0,0,0,0,99,3,0,0.7,,1600,,,,,1,,,
ClassicGumtree,0,0,0,0,0,0,0,0,99,3,0,0.799,,1600,,,,,1,,,
ClassicGumtree,0,0,0,0,0,0,0,0,100,3,0,0.899,,1600,,,,,1,,,
ClassicGumtree,0,0,0,0,0,0,0,0,98,3,0,0.999,,1600,,,,,1,,,
ClassicGumtree,0,0,0,0,0,0,0,0,100,3,0,0.1,,1700,,,,,1,,,
ClassicGumtree,0,0,0,0,0,0,0,0,99,3,0,0.2,,1700,,,,,1,,,
ClassicGumtree,0,0,0,0,0,0,0,0,99,3,0,0.3,,1700,,,,,1,,,
ClassicGumtree,0,0,0,0,0,0,0,0,99,3,0,0.4,,1700,,,,,1,,,
ClassicGumtree,0,0,0,0,0,0,0,0,99,3,0,0.5,,1700,,,,,1,,,
ClassicGumtree,0,0,0,0,0,0,0,0,99,3,0,0.6,,1700,,,,,1,,,
ClassicGumtree,0,0,0,0,0,0,0,0,100,3,0,0.7,,1700,,,,,1,,,
ClassicGumtree,0,0,0,0,0,0,0,0,99,3,0,0.799,,1700,,,,,1,,,
ClassicGumtree,0,0,0,0,0,0,0,0,99,3,0,0.899,,1700,,,,,1,,,
ClassicGumtree,0,0,0,0,0,0,0,0,99,3,0,0.999,,1700,,,,,1,,,
ClassicGumtree,0,0,0,0,0,0,0,0,100,3,0,0.1,,1800,,,,,1,,,
ClassicGumtree,0,0,0,0,0,0,0,0,98,3,0,0.2,,1800,,,,,1,,,
ClassicGumtree,0,0,0,0,0,0,0,0,99,3,0,0.3,,1800,,,,,1,,,
ClassicGumtree,0,0,0,0,0,0,0,0,99,3,0,0.4,,1800,,,,,1,,,
ClassicGumtree,0,0,0,0,0,0,0,0,98,3,0,0.5,,1800,,,,,1,,,
ClassicGumtree,0,0,0,0,0,0,0,0,98,3,0,0.6,,1800,,,,,1,,,
ClassicGumtree,0,0,0,0,0,0,0,0,99,3,0,0.7,,1800,,,,,1,,,
ClassicGumtree,0,0,0,0,0,0,0,0,99,3,0,0.799,,1800,,,,,1,,,
ClassicGumtree,0,0,0,0,0,0,0,0,98,3,0,0.899,,1800,,,,,1,,,
ClassicGumtree,0,0,0,0,0,0,0,0,99,3,0,0.999,,1800,,,,,1,,,
ClassicGumtree,0,0,0,0,0,0,0,0,99,3,0,0.1,,1900,,,,,1,,,
ClassicGumtree,0,0,0,0,0,0,0,0,99,3,0,0.2,,1900,,,,,1,,,
ClassicGumtree,0,0,0,0,0,0,0,0,99,3,0,0.3,,1900,,,,,1,,,
ClassicGumtree,0,0,0,0,0,0,0,0,99,3,0,0.4,,1900,,,,,1,,,
ClassicGumtree,0,0,0,0,0,0,0,0,99,3,0,0.5,,1900,,,,,1,,,
ClassicGumtree,0,0,0,0,0,0,0,0,99,3,0,0.6,,1900,,,,,1,,,
ClassicGumtree,0,0,0,0,0,0,0,0,99,3,0,0.7,,1900,,,,,1,,,
ClassicGumtree,0,0,0,0,0,0,0,0,104,3,0,0.799,,1900,,,,,1,,,
ClassicGumtree,0,0,0,0,0,0,0,0,103,3,0,0.899,,1900,,,,,1,,,
ClassicGumtree,0,0,0,0,0,0,0,0,104,3,0,0.999,,1900,,,,,1,,,
ClassicGumtree,0,0,0,0,0,0,0,0,105,3,0,0.1,,2000,,,,,1,,,
ClassicGumtree,0,0,0,0,0,0,0,0,106,3,0,0.2,,2000,,,,,1,,,
ClassicGumtree,0,0,0,0,0,0,0,0,105,3,0,0.3,,2000,,,,,1,,,
ClassicGumtree,0,0,0,0,0,0,0,0,106,3,0,0.4,,2000,,,,,1,,,
ClassicGumtree,0,0,0,0,0,0,0,0,104,3,0,0.5,,2000,,,,,1,,,
ClassicGumtree,0,0,0,0,0,0,0,0,105,3,0,0.6,,2000,,,,,1,,,
ClassicGumtree,0,0,0,0,0,0,0,0,106,3,0,0.7,,2000,,,,,1,,,
ClassicGumtree,0,0,0,0,0,0,0,0,101,3,0,0.799,,2000,,,,,1,,,
ClassicGumtree,0,0,0,0,0,0,0,0,99,3,0,0.899,,2000,,,,,1,,,
ClassicGumtree,0,0,0,0,0,0,0,0,101,3,0,0.999,,2000,,,,,1,,,
ClassicGumtree,0,0,0,0,0,0,0,0,1,3,0,0.1,,100,,,,,2,,,
ClassicGumtree,0,0,0,0,0,0,0,0,0,3,0,0.2,,100,,,,,2,,,
ClassicGumtree,0,0,0,0,0,0,0,0,1,3,0,0.3,,100,,,,,2,,,
ClassicGumtree,0,0,0,0,0,0,0,0,1,3,0,0.4,,100,,,,,2,,,
ClassicGumtree,0,0,0,0,0,0,0,0,0,3,0,0.5,,100,,,,,2,,,
ClassicGumtree,0,0,0,0,0,0,0,0,1,3,0,0.6,,100,,,,,2,,,
ClassicGumtree,0,0,0,0,0,0,0,0,0,3,0,0.7,,100,,,,,2,,,
ClassicGumtree,0,0,0,0,0,0,0,0,1,3,0,0.799,,100,,,,,2,,,
ClassicGumtree,0,0,0,0,0,0,0,0,0,3,0,0.899,,100,,,,,2,,,
ClassicGumtree,0,0,0,0,0,0,0,0,0,3,0,0.999,,100,,,,,2,,,
ClassicGumtree,0,0,0,0,0,0,0,0,1,3,0,0.1,,200,,,,,2,,,
ClassicGumtree,0,0,0,0,0,0,0,0,1,3,0,0.2,,200,,,,,2,,,
ClassicGumtree,0,0,0,0,0,0,0,0,0,3,0,0.3,,200,,,,,2,,,
ClassicGumtree,0,0,0,0,0,0,0,0,0,3,0,0.4,,200,,,,,2,,,
ClassicGumtree,0,0,0,0,0,0,0,0,1,3,0,0.5,,200,,,,,2,,,
ClassicGumtree,0,0,0,0,0,0,0,0,1,3,0,0.6,,200,,,,,2,,,
ClassicGumtree,0,0,0,0,0,0,0,0,0,3,0,0.7,,200,,,,,2,,,
ClassicGumtree,0,0,0,0,0,0,0,0,0,3,0,0.799,,200,,,,,2,,,
ClassicGumtree,0,0,0,0,0,0,0,0,1,3,0,0.899,,200,,,,,2,,,
ClassicGumtree,0,0,0,0,0,0,0,0,1,3,0,0.999,,200,,,,,2,,,
ClassicGumtree,0,0,0,0,0,0,0,0,1,3,0,0.1,,300,,,,,2,,,
ClassicGumtree,0,0,0,0,0,0,0,0,1,3,0,0.2,,300,,,,,2,,,
ClassicGumtree,0,0,0,0,0,0,0,0,0,3,0,0.3,,300,,,,,2,,,
ClassicGumtree,0,0,0,0,0,0,0,0,0,3,0,0.4,,300,,,,,2,,,
ClassicGumtree,0,0,0,0,0,0,0,0,1,3,0,0.5,,300,,,,,2,,,
ClassicGumtree,0,0,0,0,0,0,0,0,1,3,0,0.6,,300,,,,,2,,,
ClassicGumtree,0,0,0,0,0,0,0,0,0,3,0,0.7,,300,,,,,2,,,
ClassicGumtree,0,0,0,0,0,0,0,0,0,3,0,0.799,,300,,,,,2,,,
ClassicGumtree,0,0,0,0,0,0,0,0,1,3,0,0.899,,300,,,,,2,,,
ClassicGumtree,0,0,0,0,0,0,0,0,1,3,0,0.999,,300,,,,,2,,,
ClassicGumtree,0,0,0,0,0,0,0,0,101,3,0,0.1,,400,,,,,2,,,
ClassicGumtree,0,0,0,0,0,0,0,0,101,3,0,0.2,,400,,,,,2,,,
ClassicGumtree,0,0,0,0,0,0,0,0,100,3,0,0.3,,400,,,,,2,,,
ClassicGumtree,0,0,0,0,0,0,0,0,99,3,0,0.4,,400,,,,,2,,,
ClassicGumtree,0,0,0,0,0,0,0,0,100,3,0,0.5,,400,,,,,2,,,
ClassicGumtree,0,0,0,0,0,0,0,0,100,3,0,0.6,,400,,,,,2,,,
ClassicGumtree,0,0,0,0,0,0,0,0,100,3,0,0.7,,400,,,,,2,,,
ClassicGumtree,0,0,0,0,0,0,0,0,99,3,0,0.799,,400,,,,,2,,,
ClassicGumtree,0,0,0,0,0,0,0,0,98,3,0,0.899,,400,,,,,2,,,
ClassicGumtree,0,0,0,0,0,0,0,0,101,3,0,0.999,,400,,,,,2,,,
ClassicGumtree,0,0,0,0,0,0,0,0,99,3,0,0.1,,500,,,,,2,,,
ClassicGumtree,0,0,0,0,0,0,0,0,101,3,0,0.2,,500,,,,,2,,,
ClassicGumtree,0,0,0,0,0,0,0,0,100,3,0,0.3,,500,,,,,2,,,
ClassicGumtree,0,0,0,0,0,0,0,0,100,3,0,0.4,,500,,,,,2,,,
ClassicGumtree,0,0,0,0,0,0,0,0,99,3,0,0.5,,500,,,,,2,,,
ClassicGumtree,0,0,0,0,0,0,0,0,99,3,0,0.6,,500,,,,,2,,,
ClassicGumtree,0,0,0,0,0,0,0,0,101,3,0,0.7,,500,,,,,2,,,
ClassicGumtree,0,0,0,0,0,0,0,0,101,3,0,0.799,,500,,,,,2,,,
ClassicGumtree,0,0,0,0,0,0,0,0,99,3,0,0.899,,500,,,,,2,,,
ClassicGumtree,0,0,0,0,0,0,0,0,100,3,0,0.999,,500,,,,,2,,,
ClassicGumtree,0,0,0,0,0,0,0,0,100,3,0,0.1,,600,,,,,2,,,
ClassicGumtree,0,0,0,0,0,0,0,0,100,3,0,0.2,,600,,,,,2,,,
ClassicGumtree,0,0,0,0,0,0,0,0,99,3,0,0.3,,600,,,,,2,,,
ClassicGumtree,0,0,0,0,0,0,0,0,99,3,0,0.4,,600,,,,,2,,,
ClassicGumtree,0,0,0,0,0,0,0,0,99,3,0,0.5,,600,,,,,2,,,
ClassicGumtree,0,0,0,0,0,0,0,0,99,3,0,0.6,,600,,,,,2,,,
ClassicGumtree,0,0,0,0,0,0,0,0,101,3,0,0.7,,600,,,,,2,,,
ClassicGumtree,0,0,0,0,0,0,0,0,98,3,0,0.799,,600,,,,,2,,,
ClassicGumtree,0,0,0,0,0,0,0,0,99,3,0,0.899,,600,,,,,2,,,
ClassicGumtree,0,0,0,0,0,0,0,0,99,3,0,0.999,,600,,,,,2,,,
ClassicGumtree,0,0,0,0,0,0,0,0,99,3,0,0.1,,700,,,,,2,,,
ClassicGumtree,0,0,0,0,0,0,0,0,98,3,0,0.2,,700,,,,,2,,,
ClassicGumtree,0,0,0,0,0,0,0,0,99,3,0,0.3,,700,,,,,2,,,
ClassicGumtree,0,0,0,0,0,0,0,0,99,3,0,0.4,,700,,,,,2,,,
ClassicGumtree,0,0,0,0,0,0,0,0,100,3,0,0.5,,700,,,,,2,,,
ClassicGumtree,0,0,0,0,0,0,0,0,98,3,0,0.6,,700,,,,,2,,,
ClassicGumtree,0,0,0,0,0,0,0,0,99,3,0,0.7,,700,,,,,2,,,
ClassicGumtree,0,0,0,0,0,0,0,0,99,3,0,0.799,,700,,,,,2,,,
ClassicGumtree,0,0,0,0,0,0,0,0,99,3,0,0.899,,700,,,,,2,,,
ClassicGumtree,0,0,0,0,0,0,0,0,99,3,0,0.999,,700,,,,,2,,,
ClassicGumtree,0,0,0,0,0,0,0,0,98,3,0,0.1,,800,,,,,2,,,
ClassicGumtree,0,0,0,0,0,0,0,0,100,3,0,0.2,,800,,,,,2,,,
ClassicGumtree,0,0,0,0,0,0,0,0,99,3,0,0.3,,800,,,,,2,,,
ClassicGumtree,0,0,0,0,0,0,0,0,98,3,0,0.4,,800,,,,,2,,,
ClassicGumtree,0,0,0,0,0,0,0,0,99,3,0,0.5,,800,,,,,2,,,
ClassicGumtree,0,0,0,0,0,0,0,0,99,3,0,0.6,,800,,,,,2,,,
ClassicGumtree,0,0,0,0,0,0,0,0,99,3,0,0.7,,800,,,,,2,,,
ClassicGumtree,0,0,0,0,0,0,0,0,98,3,0,0.799,,800,,,,,2,,,
ClassicGumtree,0,0,0,0,0,0,0,0,99,3,0,0.899,,800,,,,,2,,,
ClassicGumtree,0,0,0,0,0,0,0,0,98,3,0,0.999,,800,,,,,2,,,
ClassicGumtree,0,0,0,0,0,0,0,0,98,3,0,0.1,,900,,,,,2,,,
ClassicGumtree,0,0,0,0,0,0,0,0,98,3,0,0.2,,900,,,,,2,,,
ClassicGumtree,0,0,0,0,0,0,0,0,99,3,0,0.3,,900,,,,,2,,,
ClassicGumtree,0,0,0,0,0,0,0,0,99,3,0,0.4,,900,,,,,2,,,
ClassicGumtree,0,0,0,0,0,0,0,0,99,3,0,0.5,,900,,,,,2,,,
ClassicGumtree,0,0,0,0,0,0,0,0,98,3,0,0.6,,900,,,,,2,,,
ClassicGumtree,0,0,0,0,0,0,0,0,99,3,0,0.7,,900,,,,,2,,,
ClassicGumtree,0,0,0,0,0,0,0,0,99,3,0,0.799,,900,,,,,2,,,
ClassicGumtree,0,0,0,0,0,0,0,0,98,3,0,0.899,,900,,,,,2,,,
ClassicGumtree,0,0,0,0,0,0,0,0,100,3,0,0.999,,900,,,,,2,,,
ClassicGumtree,0,0,0,0,0,0,0,0,99,3,0,0.1,,1000,,,,,2,,,
ClassicGumtree,0,0,0,0,0,0,0,0,99,3,0,0.2,,1000,,,,,2,,,
ClassicGumtree,0,0,0,0,0,0,0,0,99,3,0,0.3,,1000,,,,,2,,,
ClassicGumtree,0,0,0,0,0,0,0,0,99,3,0,0.4,,1000,,,,,2,,,
ClassicGumtree,0,0,0,0,0,0,0,0,99,3,0,0.5,,1000,,,,,2,,,
ClassicGumtree,0,0,0,0,0,0,0,0,99,3,0,0.6,,1000,,,,,2,,,
ClassicGumtree,0,0,0,0,0,0,0,0,104,3,0,0.7,,1000,,,,,2,,,
ClassicGumtree,0,0,0,0,0,0,0,0,102,3,0,0.799,,1000,,,,,2,,,
ClassicGumtree,0,0,0,0,0,0,0,0,104,3,0,0.899,,1000,,,,,2,,,
ClassicGumtree,0,0,0,0,0,0,0,0,104,3,0,0.999,,1000,,,,,2,,,
ClassicGumtree,0,0,0,0,0,0,0,0,104,3,0,0.1,,1100,,,,,2,,,
ClassicGumtree,0,0,0,0,0,0,0,0,105,3,0,0.2,,1100,,,,,2,,,
ClassicGumtree,0,0,0,0,0,0,0,0,103,3,0,0.3,,1100,,,,,2,,,
ClassicGumtree,0,0,0,0,0,0,0,0,103,3,0,0.4,,1100,,,,,2,,,
ClassicGumtree,0,0,0,0,0,0,0,0,104,3,0,0.5,,1100,,,,,2,,,
ClassicGumtree,0,0,0,0,0,0,0,0,104,3,0,0.6,,1100,,,,,2,,,
ClassicGumtree,0,0,0,0,0,0,0,0,101,3,0,0.7,,1100,,,,,2,,,
ClassicGumtree,0,0,0,0,0,0,0,0,98,3,0,0.799,,1100,,,,,2,,,
ClassicGumtree,0,0,0,0,0,0,0,0,98,3,0,0.899,,1100,,,,,2,,,
ClassicGumtree,0,0,0,0,0,0,0,0,100,3,0,0.999,,1100,,,,,2,,,
ClassicGumtree,0,0,0,0,0,0,0,0,109,3,0,0.1,,1200,,,,,2,,,
ClassicGumtree,0,0,0,0,0,0,0,0,98,3,0,0.2,,1200,,,,,2,,,
ClassicGumtree,0,0,0,0,0,0,0,0,104,3,0,0.3,,1200,,,,,2,,,
ClassicGumtree,0,0,0,0,0,0,0,0,109,3,0,0.4,,1200,,,,,2,,,
ClassicGumtree,0,0,0,0,0,0,0,0,107,3,0,0.5,,1200,,,,,2,,,
ClassicGumtree,0,0,0,0,0,0,0,0,105,3,0,0.6,,1200,,,,,2,,,
ClassicGumtree,0,0,0,0,0,0,0,0,107,3,0,0.7,,1200,,,,,2,,,
ClassicGumtree,0,0,0,0,0,0,0,0,101,3,0,0.799,,1200,,,,,2,,,
ClassicGumtree,0,0,0,0,0,0,0,0,102,3,0,0.899,,1200,,,,,2,,,
ClassicGumtree,0,0,0,0,0,0,0,0,105,3,0,0.999,,1200,,,,,2,,,
ClassicGumtree,0,0,0,0,0,0,0,0,105,3,0,0.1,,1300,,,,,2,,,
ClassicGumtree,0,0,0,0,0,0,0,0,99,3,0,0.2,,1300,,,,,2,,,
ClassicGumtree,0,0,0,0,0,0,0,0,98,3,0,0.3,,1300,,,,,2,,,
ClassicGumtree,0,0,0,0,0,0,0,0,99,3,0,0.4,,1300,,,,,2,,,
ClassicGumtree,0,0,0,0,0,0,0,0,98,3,0,0.5,,1300,,,,,2,,,
ClassicGumtree,0,0,0,0,0,0,0,0,99,3,0,0.6,,1300,,,,,2,,,
ClassicGumtree,0,0,0,0,0,0,0,0,98,3,0,0.7,,1300,,,,,2,,,
ClassicGumtree,0,0,0,0,0,0,0,0,99,3,0,0.799,,1300,,,,,2,,,
ClassicGumtree,0,0,0,0,0,0,0,0,99,3,0,0.899,,1300,,,,,2,,,
ClassicGumtree,0,0,0,0,0,0,0,0,99,3,0,0.999,,1300,,,,,2,,,
ClassicGumtree,0,0,0,0,0,0,0,0,100,3,0,0.1,,1400,,,,,2,,,
ClassicGumtree,0,0,0,0,0,0,0,0,99,3,0,0.2,,1400,,,,,2,,,
ClassicGumtree,0,0,0,0,0,0,0,0,99,3,0,0.3,,1400,,,,,2,,,
ClassicGumtree,0,0,0,0,0,0,0,0,98,3,0,0.4,,1400,,,,,2,,,
ClassicGumtree,0,0,0,0,0,0,0,0,98,3,0,0.5,,1400,,,,,2,,,
ClassicGumtree,0,0,0,0,0,0,0,0,100,3,0,0.6,,1400,,,,,2,,,
ClassicGumtree,0,0,0,0,0,0,0,0,99,3,0,0.7,,1400,,,,,2,,,
ClassicGumtree,0,0,0,0,0,0,0,0,98,3,0,0.799,,1400,,,,,2,,,
ClassicGumtree,0,0,0,0,0,0,0,0,98,3,0,0.899,,1400,,,,,2,,,
ClassicGumtree,0,0,0,0,0,0,0,0,98,3,0,0.999,,1400,,,,,2,,,
ClassicGumtree,0,0,0,0,0,0,0,0,98,3,0,0.1,,1500,,,,,2,,,
ClassicGumtree,0,0,0,0,0,0,0,0,98,3,0,0.2,,1500,,,,,2,,,
ClassicGumtree,0,0,0,0,0,0,0,0,98,3,0,0.3,,1500,,,,,2,,,
ClassicGumtree,0,0,0,0,0,0,0,0,99,3,0,0.4,,1500,,,,,2,,,
ClassicGumtree,0,0,0,0,0,0,0,0,98,3,0,0.5,,1500,,,,,2,,,
ClassicGumtree,0,0,0,0,0,0,0,0,99,3,0,0.6,,1500,,,,,2,,,
ClassicGumtree,0,0,0,0,0,0,0,0,99,3,0,0.7,,1500,,,,,2,,,
ClassicGumtree,0,0,0,0,0,0,0,0,99,3,0,0.799,,1500,,,,,2,,,
ClassicGumtree,0,0,0,0,0,0,0,0,99,3,0,0.899,,1500,,,,,2,,,
ClassicGumtree,0,0,0,0,0,0,0,0,98,3,0,0.999,,1500,,,,,2,,,
ClassicGumtree,0,0,0,0,0,0,0,0,99,3,0,0.1,,1600,,,,,2,,,
ClassicGumtree,0,0,0,0,0,0,0,0,99,3,0,0.2,,1600,,,,,2,,,
ClassicGumtree,0,0,0,0,0,0,0,0,99,3,0,0.3,,1600,,,,,2,,,
ClassicGumtree,0,0,0,0,0,0,0,0,98,3,0,0.4,,1600,,,,,2,,,
ClassicGumtree,0,0,0,0,0,0,0,0,99,3,0,0.5,,1600,,,,,2,,,
ClassicGumtree,0,0,0,0,0,0,0,0,99,3,0,0.6,,1600,,,,,2,,,
ClassicGumtree,0,0,0,0,0,0,0,0,98,3,0,0.7,,1600,,,,,2,,,
ClassicGumtree,0,0,0,0,0,0,0,0,99,3,0,0.799,,1600,,,,,2,,,
ClassicGumtree,0,0,0,0,0,0,0,0,98,3,0,0.899,,1600,,,,,2,,,
ClassicGumtree,0,0,0,0,0,0,0,0,99,3,0,0.999,,1600,,,,,2,,,
ClassicGumtree,0,0,0,0,0,0,0,0,99,3,0,0.1,,1700,,,,,2,,,
ClassicGumtree,0,0,0,0,0,0,0,0,99,3,0,0.2,,1700,,,,,2,,,
ClassicGumtree,0,0,0,0,0,0,0,0,99,3,0,0.3,,1700,,,,,2,,,
ClassicGumtree,0,0,0,0,0,0,0,0,99,3,0,0.4,,1700,,,,,2,,,
ClassicGumtree,0,0,0,0,0,0,0,0,99,3,0,0.5,,1700,,,,,2,,,
ClassicGumtree,0,0,0,0,0,0,0,0,98,3,0,0.6,,1700,,,,,2,,,
ClassicGumtree,0,0,0,0,0,0,0,0,99,3,0,0.7,,1700,,,,,2,,,
ClassicGumtree,0,0,0,0,0,0,0,0,99,3,0,0.799,,1700,,,,,2,,,
ClassicGumtree,0,0,0,0,0,0,0,0,99,3,0,0.899,,1700,,,,,2,,,
ClassicGumtree,0,0,0,0,0,0,0,0,99,3,0,0.999,,1700,,,,,2,,,
ClassicGumtree,0,0,0,0,0,0,0,0,99,3,0,0.1,,1800,,,,,2,,,
ClassicGumtree,0,0,0,0,0,0,0,0,99,3,0,0.2,,1800,,,,,2,,,
ClassicGumtree,0,0,0,0,0,0,0,0,104,3,0,0.3,,1800,,,,,2,,,
ClassicGumtree,0,0,0,0,0,0,0,0,104,3,0,0.4,,1800,,,,,2,,,
ClassicGumtree,0,0,0,0,0,0,0,0,105,3,0,0.5,,1800,,,,,2,,,
ClassicGumtree,0,0,0,0,0,0,0,0,105,3,0,0.6,,1800,,,,,2,,,
ClassicGumtree,0,0,0,0,0,0,0,0,106,3,0,0.7,,1800,,,,,2,,,
ClassicGumtree,0,0,0,0,0,0,0,0,105,3,0,0.799,,1800,,,,,2,,,
ClassicGumtree,0,0,0,0,0,0,0,0,104,3,0,0.899,,1800,,,,,2,,,
ClassicGumtree,0,0,0,0,0,0,0,0,106,3,0,0.999,,1800,,,,,2,,,
ClassicGumtree,0,0,0,0,0,0,0,0,106,3,0,0.1,,1900,,,,,2,,,
ClassicGumtree,0,0,0,0,0,0,0,0,105,3,0,0.2,,1900,,,,,2,,,
ClassicGumtree,0,0,0,0,0,0,0,0,99,3,0,0.3,,1900,,,,,2,,,
ClassicGumtree,0,0,0,0,0,0,0,0,98,3,0,0.4,,1900,,,,,2,,,
ClassicGumtree,0,0,0,0,0,0,0,0,103,3,0,0.5,,1900,,,,,2,,,
ClassicGumtree,0,0,0,0,0,0,0,0,99,3,0,0.6,,1900,,,,,2,,,
ClassicGumtree,0,0,0,0,0,0,0,0,101,3,0,0.7,,1900,,,,,2,,,
ClassicGumtree,0,0,0,0,0,0,0,0,99,3,0,0.799,,1900,,,,,2,,,
ClassicGumtree,0,0,0,0,0,0,0,0,99,3,0,0.899,,1900,,,,,2,,,
ClassicGumtree,0,0,0,0,0,0,0,0,99,3,0,0.999,,1900,,,,,2,,,
ClassicGumtree,0,0,0,0,0,0,0,0,100,3,0,0.1,,2000,,,,,2,,,
ClassicGumtree,0,0,0,0,0,0,0,0,101,3,0,0.2,,2000,,,,,2,,,
ClassicGumtree,0,0,0,0,0,0,0,0,99,3,0,0.3,,2000,,,,,2,,,
ClassicGumtree,0,0,0,0,0,0,0,0,99,3,0,0.4,,2000,,,,,2,,,
ClassicGumtree,0,0,0,0,0,0,0,0,99,3,0,0.5,,2000,,,,,2,,,
ClassicGumtree,0,0,0,0,0,0,0,0,99,3,0,0.6,,2000,,,,,2,,,
ClassicGumtree,0,0,0,0,0,0,0,0,100,3,0,0.7,,2000,,,,,2,,,
ClassicGumtree,0,0,0,0,0,0,0,0,98,3,0,0.799,,2000,,,,,2,,,
ClassicGumtree,0,0,0,0,0,0,0,0,99,3,0,0.899,,2000,,,,,2,,,
ClassicGumtree,0,0,0,0,0,0,0,0,101,3,0,0.999,,2000,,,,,2,,,
ClassicGumtree,0,0,0,0,0,0,0,0,1,3,0,0.1,,100,,,,,3,,,
ClassicGumtree,0,0,0,0,0,0,0,0,1,3,0,0.2,,100,,,,,3,,,
ClassicGumtree,0,0,0,0,0,0,0,0,0,3,0,0.3,,100,,,,,3,,,
ClassicGumtree,0,0,0,0,0,0,0,0,0,3,0,0.4,,100,,,,,3,,,
ClassicGumtree,0,0,0,0,0,0,0,0,1,3,0,0.5,,100,,,,,3,,,
ClassicGumtree,0,0,0,0,0,0,0,0,1,3,0,0.6,,100,,,,,3,,,
ClassicGumtree,0,0,0,0,0,0,0,0,0,3,0,0.7,,100,,,,,3,,,
ClassicGumtree,0,0,0,0,0,0,0,0,0,3,0,0.799,,100,,,,,3,,,
ClassicGumtree,0,0,0,0,0,0,0,0,1,3,0,0.899,,100,,,,,3,,,
ClassicGumtree,0,0,0,0,0,0,0,0,1,3,0,0.999,,100,,,,,3,,,
ClassicGumtree,0,0,0,0,0,0,0,0,0,3,0,0.1,,200,,,,,3,,,
ClassicGumtree,0,0,0,0,0,0,0,0,0,3,0,0.2,,200,,,,,3,,,
ClassicGumtree,0,0,0,0,0,0,0,0,1,3,0,0.3,,200,,,,,3,,,
ClassicGumtree,0,0,0,0,0,0,0,0,1,3,0,0.4,,200,,,,,3,,,
ClassicGumtree,0,0,0,0,0,0,0,0,1,3,0,0.5,,200,,,,,3,,,
ClassicGumtree,0,0,0,0,0,0,0,0,1,3,0,0.6,,200,,,,,3,,,
ClassicGumtree,0,0,0,0,0,0,0,0,0,3,0,0.7,,200,,,,,3,,,
ClassicGumtree,0,0,0,0,0,0,0,0,0,3,0,0.799,,200,,,,,3,,,
ClassicGumtree,0,0,0,0,0,0,0,0,1,3,0,0.899,,200,,,,,3,,,
ClassicGumtree,0,0,0,0,0,0,0,0,1,3,0,0.999,,200,,,,,3,,,
ClassicGumtree,0,0,0,0,0,0,0,0,0,3,0,0.1,,300,,,,,3,,,
ClassicGumtree,0,0,0,0,0,0,0,0,0,3,0,0.2,,300,,,,,3,,,
ClassicGumtree,0,0,0,0,0,0,0,0,1,3,0,0.3,,300,,,,,3,,,
ClassicGumtree,0,0,0,0,0,0,0,0,1,3,0,0.4,,300,,,,,3,,,
ClassicGumtree,0,0,0,0,0,0,0,0,0,3,0,0.5,,300,,,,,3,,,
ClassicGumtree,0,0,0,0,0,0,0,0,0,3,0,0.6,,300,,,,,3,,,
ClassicGumtree,0,0,0,0,0,0,0,0,0,3,0,0.7,,300,,,,,3,,,
ClassicGumtree,0,0,0,0,0,0,0,0,1,3,0,0.799,,300,,,,,3,,,
ClassicGumtree,0,0,0,0,0,0,0,0,1,3,0,0.899,,300,,,,,3,,,
ClassicGumtree,0,0,0,0,0,0,0,0,1,3,0,0.999,,300,,,,,3,,,
ClassicGumtree,0,0,0,0,0,0,0,0,100,3,0,0.1,,400,,,,,3,,,
ClassicGumtree,0,0,0,0,0,0,0,0,100,3,0,0.2,,400,,,,,3,,,
ClassicGumtree,0,0,0,0,0,0,0,0,99,3,0,0.3,,400,,,,,3,,,
ClassicGumtree,0,0,0,0,0,0,0,0,98,3,0,0.4,,400,,,,,3,,,
ClassicGumtree,0,0,0,0,0,0,0,0,100,3,0,0.5,,400,,,,,3,,,
ClassicGumtree,0,0,0,0,0,0,0,0,99,3,0,0.6,,400,,,,,3,,,
ClassicGumtree,0,0,0,0,0,0,0,0,100,3,0,0.7,,400,,,,,3,,,
ClassicGumtree,0,0,0,0,0,0,0,0,99,3,0,0.799,,400,,,,,3,,,
ClassicGumtree,0,0,0,0,0,0,0,0,99,3,0,0.899,,400,,,,,3,,,
ClassicGumtree,0,0,0,0,0,0,0,0,99,3,0,0.999,,400,,,,,3,,,
ClassicGumtree,0,0,0,0,0,0,0,0,99,3,0,0.1,,500,,,,,3,,,
ClassicGumtree,0,0,0,0,0,0,0,0,99,3,0,0.2,,500,,,,,3,,,
ClassicGumtree,0,0,0,0,0,0,0,0,99,3,0,0.3,,500,,,,,3,,,
ClassicGumtree,0,0,0,0,0,0,0,0,99,3,0,0.4,,500,,,,,3,,,
ClassicGumtree,0,0,0,0,0,0,0,0,99,3,0,0.5,,500,,,,,3,,,
ClassicGumtree,0,0,0,0,0,0,0,0,99,3,0,0.6,,500,,,,,3,,,
ClassicGumtree,0,0,0,0,0,0,0,0,99,3,0,0.7,,500,,,,,3,,,
ClassicGumtree,0,0,0,0,0,0,0,0,99,3,0,0.799,,500,,,,,3,,,
ClassicGumtree,0,0,0,0,0,0,0,0,98,3,0,0.899,,500,,,,,3,,,
ClassicGumtree,0,0,0,0,0,0,0,0,99,3,0,0.999,,500,,,,,3,,,
ClassicGumtree,0,0,0,0,0,0,0,0,99,3,0,0.1,,600,,,,,3,,,
ClassicGumtree,0,0,0,0,0,0,0,0,99,3,0,0.2,,600,,,,,3,,,
ClassicGumtree,0,0,0,0,0,0,0,0,99,3,0,0.3,,600,,,,,3,,,
ClassicGumtree,0,0,0,0,0,0,0,0,98,3,0,0.4,,600,,,,,3,,,
ClassicGumtree,0,0,0,0,0,0,0,0,98,3,0,0.5,,600,,,,,3,,,
ClassicGumtree,0,0,0,0,0,0,0,0,99,3,0,0.6,,600,,,,,3,,,
ClassicGumtree,0,0,0,0,0,0,0,0,99,3,0,0.7,,600,,,,,3,,,
ClassicGumtree,0,0,0,0,0,0,0,0,99,3,0,0.799,,600,,,,,3,,,
ClassicGumtree,0,0,0,0,0,0,0,0,100,3,0,0.899,,600,,,,,3,,,
ClassicGumtree,0,0,0,0,0,0,0,0,99,3,0,0.999,,600,,,,,3,,,
ClassicGumtree,0,0,0,0,0,0,0,0,100,3,0,0.1,,700,,,,,3,,,
ClassicGumtree,0,0,0,0,0,0,0,0,98,3,0,0.2,,700,,,,,3,,,
ClassicGumtree,0,0,0,0,0,0,0,0,99,3,0,0.3,,700,,,,,3,,,
ClassicGumtree,0,0,0,0,0,0,0,0,99,3,0,0.4,,700,,,,,3,,,
ClassicGumtree,0,0,0,0,0,0,0,0,98,3,0,0.5,,700,,,,,3,,,
ClassicGumtree,0,0,0,0,0,0,0,0,99,3,0,0.6,,700,,,,,3,,,
ClassicGumtree,0,0,0,0,0,0,0,0,99,3,0,0.7,,700,,,,,3,,,
ClassicGumtree,0,0,0,0,0,0,0,0,99,3,0,0.799,,700,,,,,3,,,
ClassicGumtree,0,0,0,0,0,0,0,0,98,3,0,0.899,,700,,,,,3,,,
ClassicGumtree,0,0,0,0,0,0,0,0,99,3,0,0.999,,700,,,,,3,,,
ClassicGumtree,0,0,0,0,0,0,0,0,98,3,0,0.1,,800,,,,,3,,,
ClassicGumtree,0,0,0,0,0,0,0,0,98,3,0,0.2,,800,,,,,3,,,
ClassicGumtree,0,0,0,0,0,0,0,0,99,3,0,0.3,,800,,,,,3,,,
ClassicGumtree,0,0,0,0,0,0,0,0,99,3,0,0.4,,800,,,,,3,,,
ClassicGumtree,0,0,0,0,0,0,0,0,99,3,0,0.5,,800,,,,,3,,,
ClassicGumtree,0,0,0,0,0,0,0,0,99,3,0,0.6,,800,,,,,3,,,
ClassicGumtree,0,0,0,0,0,0,0,0,98,3,0,0.7,,800,,,,,3,,,
ClassicGumtree,0,0,0,0,0,0,0,0,98,3,0,0.799,,800,,,,,3,,,
ClassicGumtree,0,0,0,0,0,0,0,0,98,3,0,0.899,,800,,,,,3,,,
ClassicGumtree,0,0,0,0,0,0,0,0,99,3,0,0.999,,800,,,,,3,,,
ClassicGumtree,0,0,0,0,0,0,0,0,105,3,0,0.1,,900,,,,,3,,,
ClassicGumtree,0,0,0,0,0,0,0,0,105,3,0,0.2,,900,,,,,3,,,
ClassicGumtree,0,0,0,0,0,0,0,0,103,3,0,0.3,,900,,,,,3,,,
ClassicGumtree,0,0,0,0,0,0,0,0,103,3,0,0.4,,900,,,,,3,,,
ClassicGumtree,0,0,0,0,0,0,0,0,105,3,0,0.5,,900,,,,,3,,,
ClassicGumtree,0,0,0,0,0,0,0,0,105,3,0,0.6,,900,,,,,3,,,
ClassicGumtree,0,0,0,0,0,0,0,0,105,3,0,0.7,,900,,,,,3,,,
ClassicGumtree,0,0,0,0,0,0,0,0,105,3,0,0.799,,900,,,,,3,,,
ClassicGumtree,0,0,0,0,0,0,0,0,103,3,0,0.899,,900,,,,,3,,,
ClassicGumtree,0,0,0,0,0,0,0,0,104,3,0,0.999,,900,,,,,3,,,
ClassicGumtree,0,0,0,0,0,0,0,0,98,3,0,0.1,,1000,,,,,3,,,
ClassicGumtree,0,0,0,0,0,0,0,0,100,3,0,0.2,,1000,,,,,3,,,
ClassicGumtree,0,0,0,0,0,0,0,0,100,3,0,0.3,,1000,,,,,3,,,
ClassicGumtree,0,0,0,0,0,0,0,0,98,3,0,0.4,,1000,,,,,3,,,
ClassicGumtree,0,0,0,0,0,0,0,0,100,3,0,0.5,,1000,,,,,3,,,
ClassicGumtree,0,0,0,0,0,0,0,0,99,3,0,0.6,,1000,,,,,3,,,
ClassicGumtree,0,0,0,0,0,0,0,0,99,3,0,0.7,,1000,,,,,3,,,
ClassicGumtree,0,0,0,0,0,0,0,0,99,3,0,0.799,,1000,,,,,3,,,
ClassicGumtree,0,0,0,0,0,0,0,0,99,3,0,0.899,,1000,,,,,3,,,
ClassicGumtree,0,0,0,0,0,0,0,0,99,3,0,0.999,,1000,,,,,3,,,
ClassicGumtree,0,0,0,0,0,0,0,0,99,3,0,0.1,,1100,,,,,3,,,
ClassicGumtree,0,0,0,0,0,0,0,0,98,3,0,0.2,,1100,,,,,3,,,
ClassicGumtree,0,0,0,0,0,0,0,0,98,3,0,0.3,,1100,,,,,3,,,
ClassicGumtree,0,0,0,0,0,0,0,0,99,3,0,0.4,,1100,,,,,3,,,
ClassicGumtree,0,0,0,0,0,0,0,0,99,3,0,0.5,,1100,,,,,3,,,
ClassicGumtree,0,0,0,0,0,0,0,0,99,3,0,0.6,,1100,,,,,3,,,
ClassicGumtree,0,0,0,0,0,0,0,0,98,3,0,0.7,,1100,,,,,3,,,
ClassicGumtree,0,0,0,0,0,0,0,0,98,3,0,0.799,,1100,,,,,3,,,
ClassicGumtree,0,0,0,0,0,0,0,0,100,3,0,0.899,,1100,,,,,3,,,
ClassicGumtree,0,0,0,0,0,0,0,0,99,3,0,0.999,,1100,,,,,3,,,
ClassicGumtree,0,0,0,0,0,0,0,0,99,3,0,0.1,,1200,,,,,3,,,
ClassicGumtree,0,0,0,0,0,0,0,0,99,3,0,0.2,,1200,,,,,3,,,
ClassicGumtree,0,0,0,0,0,0,0,0,100,3,0,0.3,,1200,,,,,3,,,
ClassicGumtree,0,0,0,0,0,0,0,0,99,3,0,0.4,,1200,,,,,3,,,
ClassicGumtree,0,0,0,0,0,0,0,0,99,3,0,0.5,,1200,,,,,3,,,
ClassicGumtree,0,0,0,0,0,0,0,0,98,3,0,0.6,,1200,,,,,3,,,
ClassicGumtree,0,0,0,0,0,0,0,0,99,3,0,0.7,,1200,,,,,3,,,
ClassicGumtree,0,0,0,0,0,0,0,0,100,3,0,0.799,,1200,,,,,3,,,
ClassicGumtree,0,0,0,0,0,0,0,0,99,3,0,0.899,,1200,,,,,3,,,
ClassicGumtree,0,0,0,0,0,0,0,0,99,3,0,0.999,,1200,,,,,3,,,
ClassicGumtree,0,0,0,0,0,0,0,0,99,3,0,0.1,,1300,,,,,3,,,
ClassicGumtree,0,0,0,0,0,0,0,0,98,3,0,0.2,,1300,,,,,3,,,
ClassicGumtree,0,0,0,0,0,0,0,0,99,3,0,0.3,,1300,,,,,3,,,
ClassicGumtree,0,0,0,0,0,0,0,0,98,3,0,0.4,,1300,,,,,3,,,
ClassicGumtree,0,0,0,0,0,0,0,0,99,3,0,0.5,,1300,,,,,3,,,
ClassicGumtree,0,0,0,0,0,0,0,0,99,3,0,0.6,,1300,,,,,3,,,
ClassicGumtree,0,0,0,0,0,0,0,0,98,3,0,0.7,,1300,,,,,3,,,
ClassicGumtree,0,0,0,0,0,0,0,0,99,3,0,0.799,,1300,,,,,3,,,
ClassicGumtree,0,0,0,0,0,0,0,0,99,3,0,0.899,,1300,,,,,3,,,
ClassicGumtree,0,0,0,0,0,0,0,0,99,3,0,0.999,,1300,,,,,3,,,
ClassicGumtree,0,0,0,0,0,0,0,0,98,3,0,0.1,,1400,,,,,3,,,
ClassicGumtree,0,0,0,0,0,0,0,0,99,3,0,0.2,,1400,,,,,3,,,
ClassicGumtree,0,0,0,0,0,0,0,0,99,3,0,0.3,,1400,,,,,3,,,
ClassicGumtree,0,0,0,0,0,0,0,0,100,3,0,0.4,,1400,,,,,3,,,
ClassicGumtree,0,0,0,0,0,0,0,0,98,3,0,0.5,,1400,,,,,3,,,
ClassicGumtree,0,0,0,0,0,0,0,0,100,3,0,0.6,,1400,,,,,3,,,
ClassicGumtree,0,0,0,0,0,0,0,0,99,3,0,0.7,,1400,,,,,3,,,
ClassicGumtree,0,0,0,0,0,0,0,0,99,3,0,0.799,,1400,,,,,3,,,
ClassicGumtree,0,0,0,0,0,0,0,0,99,3,0,0.899,,1400,,,,,3,,,
ClassicGumtree,0,0,0,0,0,0,0,0,99,3,0,0.999,,1400,,,,,3,,,
ClassicGumtree,0,0,0,0,0,0,0,0,99,3,0,0.1,,1500,,,,,3,,,
ClassicGumtree,0,0,0,0,0,0,0,0,98,3,0,0.2,,1500,,,,,3,,,
ClassicGumtree,0,0,0,0,0,0,0,0,99,3,0,0.3,,1500,,,,,3,,,
ClassicGumtree,0,0,0,0,0,0,0,0,98,3,0,0.4,,1500,,,,,3,,,
ClassicGumtree,0,0,0,0,0,0,0,0,99,3,0,0.5,,1500,,,,,3,,,
ClassicGumtree,0,0,0,0,0,0,0,0,98,3,0,0.6,,1500,,,,,3,,,
ClassicGumtree,0,0,0,0,0,0,0,0,99,3,0,0.7,,1500,,,,,3,,,
ClassicGumtree,0,0,0,0,0,0,0,0,99,3,0,0.799,,1500,,,,,3,,,
ClassicGumtree,0,0,0,0,0,0,0,0,99,3,0,0.899,,1500,,,,,3,,,
ClassicGumtree,0,0,0,0,0,0,0,0,99,3,0,0.999,,1500,,,,,3,,,
ClassicGumtree,0,0,0,0,0,0,0,0,98,3,0,0.1,,1600,,,,,3,,,
ClassicGumtree,0,0,0,0,0,0,0,0,99,3,0,0.2,,1600,,,,,3,,,
ClassicGumtree,0,0,0,0,0,0,0,0,99,3,0,0.3,,1600,,,,,3,,,
ClassicGumtree,0,0,0,0,0,0,0,0,99,3,0,0.4,,1600,,,,,3,,,
ClassicGumtree,0,0,0,0,0,0,0,0,99,3,0,0.5,,1600,,,,,3,,,
ClassicGumtree,0,0,0,0,0,0,0,0,99,3,0,0.6,,1600,,,,,3,,,
ClassicGumtree,0,0,0,0,0,0,0,0,99,3,0,0.7,,1600,,,,,3,,,
ClassicGumtree,0,0,0,0,0,0,0,0,99,3,0,0.799,,1600,,,,,3,,,
ClassicGumtree,0,0,0,0,0,0,0,0,99,3,0,0.899,,1600,,,,,3,,,
ClassicGumtree,0,0,0,0,0,0,0,0,105,3,0,0.999,,1600,,,,,3,,,
ClassicGumtree,0,0,0,0,0,0,0,0,106,3,0,0.1,,1700,,,,,3,,,
ClassicGumtree,0,0,0,0,0,0,0,0,104,3,0,0.2,,1700,,,,,3,,,
ClassicGumtree,0,0,0,0,0,0,0,0,106,3,0,0.3,,1700,,,,,3,,,
ClassicGumtree,0,0,0,0,0,0,0,0,104,3,0,0.4,,1700,,,,,3,,,
ClassicGumtree,0,0,0,0,0,0,0,0,104,3,0,0.5,,1700,,,,,3,,,
ClassicGumtree,0,0,0,0,0,0,0,0,104,3,0,0.6,,1700,,,,,3,,,
ClassicGumtree,0,0,0,0,0,0,0,0,105,3,0,0.7,,1700,,,,,3,,,
ClassicGumtree,0,0,0,0,0,0,0,0,106,3,0,0.799,,1700,,,,,3,,,
ClassicGumtree,0,0,0,0,0,0,0,0,104,3,0,0.899,,1700,,,,,3,,,
ClassicGumtree,0,0,0,0,0,0,0,0,100,3,0,0.999,,1700,,,,,3,,,
ClassicGumtree,0,0,0,0,0,0,0,0,100,3,0,0.1,,1800,,,,,3,,,
ClassicGumtree,0,0,0,0,0,0,0,0,100,3,0,0.2,,1800,,,,,3,,,
ClassicGumtree,0,0,0,0,0,0,0,0,99,3,0,0.3,,1800,,,,,3,,,
ClassicGumtree,0,0,0,0,0,0,0,0,99,3,0,0.4,,1800,,,,,3,,,
ClassicGumtree,0,0,0,0,0,0,0,0,100,3,0,0.5,,1800,,,,,3,,,
ClassicGumtree,0,0,0,0,0,0,0,0,98,3,0,0.6,,1800,,,,,3,,,
ClassicGumtree,0,0,0,0,0,0,0,0,99,3,0,0.7,,1800,,,,,3,,,
ClassicGumtree,0,0,0,0,0,0,0,0,99,3,0,0.799,,1800,,,,,3,,,
ClassicGumtree,0,0,0,0,0,0,0,0,99,3,0,0.899,,1800,,,,,3,,,
ClassicGumtree,0,0,0,0,0,0,0,0,101,3,0,0.999,,1800,,,,,3,,,
ClassicGumtree,0,0,0,0,0,0,0,0,99,3,0,0.1,,1900,,,,,3,,,
ClassicGumtree,0,0,0,0,0,0,0,0,100,3,0,0.2,,1900,,,,,3,,,
ClassicGumtree,0,0,0,0,0,0,0,0,101,3,0,0.3,,1900,,,,,3,,,
ClassicGumtree,0,0,0,0,0,0,0,0,98,3,0,0.4,,1900,,,,,3,,,
ClassicGumtree,0,0,0,0,0,0,0,0,99,3,0,0.5,,1900,,,,,3,,,
ClassicGumtree,0,0,0,0,0,0,0,0,99,3,0,0.6,,1900,,,,,3,,,
ClassicGumtree,0,0,0,0,0,0,0,0,100,3,0,0.7,,1900,,,,,3,,,
ClassicGumtree,0,0,0,0,0,0,0,0,100,3,0,0.799,,1900,,,,,3,,,
ClassicGumtree,0,0,0,0,0,0,0,0,99,3,0,0.899,,1900,,,,,3,,,
ClassicGumtree,0,0,0,0,0,0,0,0,100,3,0,0.999,,1900,,,,,3,,,
ClassicGumtree,0,0,0,0,0,0,0,0,99,3,0,0.1,,2000,,,,,3,,,
ClassicGumtree,0,0,0,0,0,0,0,0,101,3,0,0.2,,2000,,,,,3,,,
ClassicGumtree,0,0,0,0,0,0,0,0,100,3,0,0.3,,2000,,,,,3,,,
ClassicGumtree,0,0,0,0,0,0,0,0,98,3,0,0.4,,2000,,,,,3,,,
ClassicGumtree,0,0,0,0,0,0,0,0,99,3,0,0.5,,2000,,,,,3,,,
ClassicGumtree,0,0,0,0,0,0,0,0,98,3,0,0.6,,2000,,,,,3,,,
ClassicGumtree,0,0,0,0,0,0,0,0,101,3,0,0.7,,2000,,,,,3,,,
ClassicGumtree,0,0,0,0,0,0,0,0,100,3,0,0.799,,2000,,,,,3,,,
ClassicGumtree,0,0,0,0,0,0,0,0,98,3,0,0.899,,2000,,,,,3,,,
ClassicGumtree,0,0,0,0,0,0,0,0,99,3,0,0.999,,2000,,,,,3,,,
ClassicGumtree,0,0,0,0,0,0,0,0,0,3,0,0.1,,100,,,,,4,,,
ClassicGumtree,0,0,0,0,0,0,0,0,1,3,0,0.2,,100,,,,,4,,,
ClassicGumtree,0,0,0,0,0,0,0,0,0,3,0,0.3,,100,,,,,4,,,
ClassicGumtree,0,0,0,0,0,0,0,0,1,3,0,0.4,,100,,,,,4,,,
ClassicGumtree,0,0,0,0,0,0,0,0,0,3,0,0.5,,100,,,,,4,,,
ClassicGumtree,0,0,0,0,0,0,0,0,1,3,0,0.6,,100,,,,,4,,,
ClassicGumtree,0,0,0,0,0,0,0,0,1,3,0,0.7,,100,,,,,4,,,
ClassicGumtree,0,0,0,0,0,0,0,0,0,3,0,0.799,,100,,,,,4,,,
ClassicGumtree,0,0,0,0,0,0,0,0,0,3,0,0.899,,100,,,,,4,,,
ClassicGumtree,0,0,0,0,0,0,0,0,1,3,0,0.999,,100,,,,,4,,,
ClassicGumtree,0,0,0,0,0,0,0,0,1,3,0,0.1,,200,,,,,4,,,
ClassicGumtree,0,0,0,0,0,0,0,0,0,3,0,0.2,,200,,,,,4,,,
ClassicGumtree,0,0,0,0,0,0,0,0,1,3,0,0.3,,200,,,,,4,,,
ClassicGumtree,0,0,0,0,0,0,0,0,1,3,0,0.4,,200,,,,,4,,,
ClassicGumtree,0,0,0,0,0,0,0,0,0,3,0,0.5,,200,,,,,4,,,
ClassicGumtree,0,0,0,0,0,0,0,0,0,3,0,0.6,,200,,,,,4,,,
ClassicGumtree,0,0,0,0,0,0,0,0,1,3,0,0.7,,200,,,,,4,,,
ClassicGumtree,0,0,0,0,0,0,0,0,1,3,0,0.799,,200,,,,,4,,,
ClassicGumtree,0,0,0,0,0,0,0,0,0,3,0,0.899,,200,,,,,4,,,
ClassicGumtree,0,0,0,0,0,0,0,0,0,3,0,0.999,,200,,,,,4,,,
ClassicGumtree,0,0,0,0,0,0,0,0,1,3,0,0.1,,300,,,,,4,,,
ClassicGumtree,0,0,0,0,0,0,0,0,1,3,0,0.2,,300,,,,,4,,,
ClassicGumtree,0,0,0,0,0,0,0,0,1,3,0,0.3,,300,,,,,4,,,
ClassicGumtree,0,0,0,0,0,0,0,0,1,3,0,0.4,,300,,,,,4,,,
ClassicGumtree,0,0,0,0,0,0,0,0,0,3,0,0.5,,300,,,,,4,,,
ClassicGumtree,0,0,0,0,0,0,0,0,0,3,0,0.6,,300,,,,,4,,,
ClassicGumtree,0,0,0,0,0,0,0,0,1,3,0,0.7,,300,,,,,4,,,
ClassicGumtree,0,0,0,0,0,0,0,0,1,3,0,0.799,,300,,,,,4,,,
ClassicGumtree,0,0,0,0,0,0,0,0,1,3,0,0.899,,300,,,,,4,,,
ClassicGumtree,0,0,0,0,0,0,0,0,1,3,0,0.999,,300,,,,,4,,,
ClassicGumtree,0,0,0,0,0,0,0,0,99,3,0,0.1,,400,,,,,4,,,
ClassicGumtree,0,0,0,0,0,0,0,0,99,3,0,0.2,,400,,,,,4,,,
ClassicGumtree,0,0,0,0,0,0,0,0,100,3,0,0.3,,400,,,,,4,,,
ClassicGumtree,0,0,0,0,0,0,0,0,100,3,0,0.4,,400,,,,,4,,,
ClassicGumtree,0,0,0,0,0,0,0,0,99,3,0,0.5,,400,,,,,4,,,
ClassicGumtree,0,0,0,0,0,0,0,0,99,3,0,0.6,,400,,,,,4,,,
ClassicGumtree,0,0,0,0,0,0,0,0,100,3,0,0.7,,400,,,,,4,,,
ClassicGumtree,0,0,0,0,0,0,0,0,100,3,0,0.799,,400,,,,,4,,,
ClassicGumtree,0,0,0,0,0,0,0,0,99,3,0,0.899,,400,,,,,4,,,
ClassicGumtree,0,0,0,0,0,0,0,0,99,3,0,0.999,,400,,,,,4,,,
ClassicGumtree,0,0,0,0,0,0,0,0,100,3,0,0.1,,500,,,,,4,,,
ClassicGumtree,0,0,0,0,0,0,0,0,99,3,0,0.2,,500,,,,,4,,,
ClassicGumtree,0,0,0,0,0,0,0,0,99,3,0,0.3,,500,,,,,4,,,
ClassicGumtree,0,0,0,0,0,0,0,0,101,3,0,0.4,,500,,,,,4,,,
ClassicGumtree,0,0,0,0,0,0,0,0,99,3,0,0.5,,500,,,,,4,,,
ClassicGumtree,0,0,0,0,0,0,0,0,99,3,0,0.6,,500,,,,,4,,,
ClassicGumtree,0,0,0,0,0,0,0,0,98,3,0,0.7,,500,,,,,4,,,
ClassicGumtree,0,0,0,0,0,0,0,0,100,3,0,0.799,,500,,,,,4,,,
ClassicGumtree,0,0,0,0,0,0,0,0,99,3,0,0.899,,500,,,,,4,,,
ClassicGumtree,0,0,0,0,0,0,0,0,100,3,0,0.999,,500,,,,,4,,,
ClassicGumtree,0,0,0,0,0,0,0,0,99,3,0,0.1,,600,,,,,4,,,
ClassicGumtree,0,0,0,0,0,0,0,0,100,3,0,0.2,,600,,,,,4,,,
ClassicGumtree,0,0,0,0,0,0,0,0,99,3,0,0.3,,600,,,,,4,,,
ClassicGumtree,0,0,0,0,0,0,0,0,101,3,0,0.4,,600,,,,,4,,,
ClassicGumtree,0,0,0,0,0,0,0,0,98,3,0,0.5,,600,,,,,4,,,
ClassicGumtree,0,0,0,0,0,0,0,0,99,3,0,0.6,,600,,,,,4,,,
ClassicGumtree,0,0,0,0,0,0,0,0,99,3,0,0.7,,600,,,,,4,,,
ClassicGumtree,0,0,0,0,0,0,0,0,99,3,0,0.799,,600,,,,,4,,,
ClassicGumtree,0,0,0,0,0,0,0,0,101,3,0,0.899,,600,,,,,4,,,
ClassicGumtree,0,0,0,0,0,0,0,0,98,3,0,0.999,,600,,,,,4,,,
ClassicGumtree,0,0,0,0,0,0,0,0,99,3,0,0.1,,700,,,,,4,,,
ClassicGumtree,0,0,0,0,0,0,0,0,98,3,0,0.2,,700,,,,,4,,,
ClassicGumtree,0,0,0,0,0,0,0,0,98,3,0,0.3,,700,,,,,4,,,
ClassicGumtree,0,0,0,0,0,0,0,0,99,3,0,0.4,,700,,,,,4,,,
ClassicGumtree,0,0,0,0,0,0,0,0,99,3,0,0.5,,700,,,,,4,,,
ClassicGumtree,0,0,0,0,0,0,0,0,100,3,0,0.6,,700,,,,,4,,,
ClassicGumtree,0,0,0,0,0,0,0,0,104,3,0,0.7,,700,,,,,4,,,
ClassicGumtree,0,0,0,0,0,0,0,0,103,3,0,0.799,,700,,,,,4,,,
ClassicGumtree,0,0,0,0,0,0,0,0,103,3,0,0.899,,700,,,,,4,,,
ClassicGumtree,0,0,0,0,0,0,0,0,104,3,0,0.999,,700,,,,,4,,,
ClassicGumtree,0,0,0,0,0,0,0,0,104,3,0,0.1,,800,,,,,4,,,
ClassicGumtree,0,0,0,0,0,0,0,0,104,3,0,0.2,,800,,,,,4,,,
ClassicGumtree,0,0,0,0,0,0,0,0,104,3,0,0.3,,800,,,,,4,,,
ClassicGumtree,0,0,0,0,0,0,0,0,103,3,0,0.4,,800,,,,,4,,,
ClassicGumtree,0,0,0,0,0,0,0,0,105,3,0,0.5,,800,,,,,4,,,
ClassicGumtree,0,0,0,0,0,0,0,0,104,3,0,0.6,,800,,,,,4,,,
ClassicGumtree,0,0,0,0,0,0,0,0,98,3,0,0.7,,800,,,,,4,,,
ClassicGumtree,0,0,0,0,0,0,0,0,99,3,0,0.799,,800,,,,,4,,,
ClassicGumtree,0,0,0,0,0,0,0,0,99,3,0,0.899,,800,,,,,4,,,
ClassicGumtree,0,0,0,0,0,0,0,0,99,3,0,0.999,,800,,,,,4,,,
ClassicGumtree,0,0,0,0,0,0,0,0,98,3,0,0.1,,900,,,,,4,,,
ClassicGumtree,0,0,0,0,0,0,0,0,99,3,0,0.2,,900,,,,,4,,,
ClassicGumtree,0,0,0,0,0,0,0,0,99,3,0,0.3,,900,,,,,4,,,
ClassicGumtree,0,0,0,0,0,0,0,0,100,3,0,0.4,,900,,,,,4,,,
ClassicGumtree,0,0,0,0,0,0,0,0,98,3,0,0.5,,900,,,,,4,,,
ClassicGumtree,0,0,0,0,0,0,0,0,99,3,0,0.6,,900,,,,,4,,,
ClassicGumtree,0,0,0,0,0,0,0,0,99,3,0,0.7,,900,,,,,4,,,
ClassicGumtree,0,0,0,0,0,0,0,0,99,3,0,0.799,,900,,,,,4,,,
ClassicGumtree,0,0,0,0,0,0,0,0,99,3,0,0.899,,900,,,,,4,,,
ClassicGumtree,0,0,0,0,0,0,0,0,98,3,0,0.999,,900,,,,,4,,,
ClassicGumtree,0,0,0,0,0,0,0,0,99,3,0,0.1,,1000,,,,,4,,,
ClassicGumtree,0,0,0,0,0,0,0,0,98,3,0,0.2,,1000,,,,,4,,,
ClassicGumtree,0,0,0,0,0,0,0,0,99,3,0,0.3,,1000,,,,,4,,,
ClassicGumtree,0,0,0,0,0,0,0,0,99,3,0,0.4,,1000,,,,,4,,,
ClassicGumtree,0,0,0,0,0,0,0,0,99,3,0,0.5,,1000,,,,,4,,,
ClassicGumtree,0,0,0,0,0,0,0,0,98,3,0,0.6,,1000,,,,,4,,,
ClassicGumtree,0,0,0,0,0,0,0,0,99,3,0,0.7,,1000,,,,,4,,,
ClassicGumtree,0,0,0,0,0,0,0,0,99,3,0,0.799,,1000,,,,,4,,,
ClassicGumtree,0,0,0,0,0,0,0,0,99,3,0,0.899,,1000,,,,,4,,,
ClassicGumtree,0,0,0,0,0,0,0,0,99,3,0,0.999,,1000,,,,,4,,,
ClassicGumtree,0,0,0,0,0,0,0,0,98,3,0,0.1,,1100,,,,,4,,,
ClassicGumtree,0,0,0,0,0,0,0,0,99,3,0,0.2,,1100,,,,,4,,,
ClassicGumtree,0,0,0,0,0,0,0,0,99,3,0,0.3,,1100,,,,,4,,,
ClassicGumtree,0,0,0,0,0,0,0,0,98,3,0,0.4,,1100,,,,,4,,,
ClassicGumtree,0,0,0,0,0,0,0,0,99,3,0,0.5,,1100,,,,,4,,,
ClassicGumtree,0,0,0,0,0,0,0,0,99,3,0,0.6,,1100,,,,,4,,,
ClassicGumtree,0,0,0,0,0,0,0,0,99,3,0,0.7,,1100,,,,,4,,,
ClassicGumtree,0,0,0,0,0,0,0,0,99,3,0,0.799,,1100,,,,,4,,,
ClassicGumtree,0,0,0,0,0,0,0,0,99,3,0,0.899,,1100,,,,,4,,,
ClassicGumtree,0,0,0,0,0,0,0,0,98,3,0,0.999,,1100,,,,,4,,,
ClassicGumtree,0,0,0,0,0,0,0,0,100,3,0,0.1,,1200,,,,,4,,,
ClassicGumtree,0,0,0,0,0,0,0,0,99,3,0,0.2,,1200,,,,,4,,,
ClassicGumtree,0,0,0,0,0,0,0,0,98,3,0,0.3,,1200,,,,,4,,,
ClassicGumtree,0,0,0,0,0,0,0,0,98,3,0,0.4,,1200,,,,,4,,,
ClassicGumtree,0,0,0,0,0,0,0,0,98,3,0,0.5,,1200,,,,,4,,,
ClassicGumtree,0,0,0,0,0,0,0,0,99,3,0,0.6,,1200,,,,,4,,,
ClassicGumtree,0,0,0,0,0,0,0,0,99,3,0,0.7,,1200,,,,,4,,,
ClassicGumtree,0,0,0,0,0,0,0,0,99,3,0,0.799,,1200,,,,,4,,,
ClassicGumtree,0,0,0,0,0,0,0,0,99,3,0,0.899,,1200,,,,,4,,,
ClassicGumtree,0,0,0,0,0,0,0,0,99,3,0,0.999,,1200,,,,,4,,,
ClassicGumtree,0,0,0,0,0,0,0,0,98,3,0,0.1,,1300,,,,,4,,,
ClassicGumtree,0,0,0,0,0,0,0,0,99,3,0,0.2,,1300,,,,,4,,,
ClassicGumtree,0,0,0,0,0,0,0,0,99,3,0,0.3,,1300,,,,,4,,,
ClassicGumtree,0,0,0,0,0,0,0,0,99,3,0,0.4,,1300,,,,,4,,,
ClassicGumtree,0,0,0,0,0,0,0,0,99,3,0,0.5,,1300,,,,,4,,,
ClassicGumtree,0,0,0,0,0,0,0,0,99,3,0,0.6,,1300,,,,,4,,,
ClassicGumtree,0,0,0,0,0,0,0,0,99,3,0,0.7,,1300,,,,,4,,,
ClassicGumtree,0,0,0,0,0,0,0,0,98,3,0,0.799,,1300,,,,,4,,,
ClassicGumtree,0,0,0,0,0,0,0,0,98,3,0,0.899,,1300,,,,,4,,,
ClassicGumtree,0,0,0,0,0,0,0,0,99,3,0,0.999,,1300,,,,,4,,,
ClassicGumtree,0,0,0,0,0,0,0,0,99,3,0,0.1,,1400,,,,,4,,,
ClassicGumtree,0,0,0,0,0,0,0,0,98,3,0,0.2,,1400,,,,,4,,,
ClassicGumtree,0,0,0,0,0,0,0,0,99,3,0,0.3,,1400,,,,,4,,,
ClassicGumtree,0,0,0,0,0,0,0,0,99,3,0,0.4,,1400,,,,,4,,,
ClassicGumtree,0,0,0,0,0,0,0,0,99,3,0,0.5,,1400,,,,,4,,,
ClassicGumtree,0,0,0,0,0,0,0,0,98,3,0,0.6,,1400,,,,,4,,,
ClassicGumtree,0,0,0,0,0,0,0,0,99,3,0,0.7,,1400,,,,,4,,,
ClassicGumtree,0,0,0,0,0,0,0,0,99,3,0,0.799,,1400,,,,,4,,,
ClassicGumtree,0,0,0,0,0,0,0,0,100,3,0,0.899,,1400,,,,,4,,,
ClassicGumtree,0,0,0,0,0,0,0,0,98,3,0,0.999,,1400,,,,,4,,,
ClassicGumtree,0,0,0,0,0,0,0,0,99,3,0,0.1,,1500,,,,,4,,,
ClassicGumtree,0,0,0,0,0,0,0,0,99,3,0,0.2,,1500,,,,,4,,,
ClassicGumtree,0,0,0,0,0,0,0,0,104,3,0,0.3,,1500,,,,,4,,,
ClassicGumtree,0,0,0,0,0,0,0,0,104,3,0,0.4,,1500,,,,,4,,,
ClassicGumtree,0,0,0,0,0,0,0,0,105,3,0,0.5,,1500,,,,,4,,,
ClassicGumtree,0,0,0,0,0,0,0,0,106,3,0,0.6,,1500,,,,,4,,,
ClassicGumtree,0,0,0,0,0,0,0,0,104,3,0,0.7,,1500,,,,,4,,,
ClassicGumtree,0,0,0,0,0,0,0,0,105,3,0,0.799,,1500,,,,,4,,,
ClassicGumtree,0,0,0,0,0,0,0,0,105,3,0,0.899,,1500,,,,,4,,,
ClassicGumtree,0,0,0,0,0,0,0,0,105,3,0,0.999,,1500,,,,,4,,,
ClassicGumtree,0,0,0,0,0,0,0,0,105,3,0,0.1,,1600,,,,,4,,,
ClassicGumtree,0,0,0,0,0,0,0,0,105,3,0,0.2,,1600,,,,,4,,,
ClassicGumtree,0,0,0,0,0,0,0,0,99,3,0,0.3,,1600,,,,,4,,,
ClassicGumtree,0,0,0,0,0,0,0,0,99,3,0,0.4,,1600,,,,,4,,,
ClassicGumtree,0,0,0,0,0,0,0,0,100,3,0,0.5,,1600,,,,,4,,,
ClassicGumtree,0,0,0,0,0,0,0,0,99,3,0,0.6,,1600,,,,,4,,,
ClassicGumtree,0,0,0,0,0,0,0,0,100,3,0,0.7,,1600,,,,,4,,,
ClassicGumtree,0,0,0,0,0,0,0,0,99,3,0,0.799,,1600,,,,,4,,,
ClassicGumtree,0,0,0,0,0,0,0,0,99,3,0,0.899,,1600,,,,,4,,,
ClassicGumtree,0,0,0,0,0,0,0,0,99,3,0,0.999,,1600,,,,,4,,,
ClassicGumtree,0,0,0,0,0,0,0,0,100,3,0,0.1,,1700,,,,,4,,,
ClassicGumtree,0,0,0,0,0,0,0,0,100,3,0,0.2,,1700,,,,,4,,,
ClassicGumtree,0,0,0,0,0,0,0,0,98,3,0,0.3,,1700,,,,,4,,,
ClassicGumtree,0,0,0,0,0,0,0,0,99,3,0,0.4,,1700,,,,,4,,,
ClassicGumtree,0,0,0,0,0,0,0,0,100,3,0,0.5,,1700,,,,,4,,,
ClassicGumtree,0,0,0,0,0,0,0,0,99,3,0,0.6,,1700,,,,,4,,,
ClassicGumtree,0,0,0,0,0,0,0,0,100,3,0,0.7,,1700,,,,,4,,,
ClassicGumtree,0,0,0,0,0,0,0,0,100,3,0,0.799,,1700,,,,,4,,,
ClassicGumtree,0,0,0,0,0,0,0,0,98,3,0,0.899,,1700,,,,,4,,,
ClassicGumtree,0,0,0,0,0,0,0,0,99,3,0,0.999,,1700,,,,,4,,,
ClassicGumtree,0,0,0,0,0,0,0,0,100,3,0,0.1,,1800,,,,,4,,,
ClassicGumtree,0,0,0,0,0,0,0,0,100,3,0,0.2,,1800,,,,,4,,,
ClassicGumtree,0,0,0,0,0,0,0,0,99,3,0,0.3,,1800,,,,,4,,,
ClassicGumtree,0,0,0,0,0,0,0,0,98,3,0,0.4,,1800,,,,,4,,,
ClassicGumtree,0,0,0,0,0,0,0,0,100,3,0,0.5,,1800,,,,,4,,,
ClassicGumtree,0,0,0,0,0,0,0,0,99,3,0,0.6,,1800,,,,,4,,,
ClassicGumtree,0,0,0,0,0,0,0,0,100,3,0,0.7,,1800,,,,,4,,,
ClassicGumtree,0,0,0,0,0,0,0,0,100,3,0,0.799,,1800,,,,,4,,,
ClassicGumtree,0,0,0,0,0,0,0,0,99,3,0,0.899,,1800,,,,,4,,,
ClassicGumtree,0,0,0,0,0,0,0,0,99,3,0,0.999,,1800,,,,,4,,,
ClassicGumtree,0,0,0,0,0,0,0,0,98,3,0,0.1,,1900,,,,,4,,,
ClassicGumtree,0,0,0,0,0,0,0,0,99,3,0,0.2,,1900,,,,,4,,,
ClassicGumtree,0,0,0,0,0,0,0,0,100,3,0,0.3,,1900,,,,,4,,,
ClassicGumtree,0,0,0,0,0,0,0,0,99,3,0,0.4,,1900,,,,,4,,,
ClassicGumtree,0,0,0,0,0,0,0,0,99,3,0,0.5,,1900,,,,,4,,,
ClassicGumtree,0,0,0,0,0,0,0,0,98,3,0,0.6,,1900,,,,,4,,,
ClassicGumtree,0,0,0,0,0,0,0,0,99,3,0,0.7,,1900,,,,,4,,,
ClassicGumtree,0,0,0,0,0,0,0,0,99,3,0,0.799,,1900,,,,,4,,,
ClassicGumtree,0,0,0,0,0,0,0,0,99,3,0,0.899,,1900,,,,,4,,,
ClassicGumtree,0,0,0,0,0,0,0,0,99,3,0,0.999,,1900,,,,,4,,,
ClassicGumtree,0,0,0,0,0,0,0,0,99,3,0,0.1,,2000,,,,,4,,,
ClassicGumtree,0,0,0,0,0,0,0,0,99,3,0,0.2,,2000,,,,,4,,,
ClassicGumtree,0,0,0,0,0,0,0,0,99,3,0,0.3,,2000,,,,,4,,,
ClassicGumtree,0,0,0,0,0,0,0,0,99,3,0,0.4,,2000,,,,,4,,,
ClassicGumtree,0,0,0,0,0,0,0,0,99,3,0,0.5,,2000,,,,,4,,,
ClassicGumtree,0,0,0,0,0,0,0,0,100,3,0,0.6,,2000,,,,,4,,,
ClassicGumtree,0,0,0,0,0,0,0,0,99,3,0,0.7,,2000,,,,,4,,,
ClassicGumtree,0,0,0,0,0,0,0,0,99,3,0,0.799,,2000,,,,,4,,,
ClassicGumtree,0,0,0,0,0,0,0,0,99,3,0,0.899,,2000,,,,,4,,,
ClassicGumtree,0,0,0,0,0,0,0,0,99,3,0,0.999,,2000,,,,,4,,,
ClassicGumtree,0,0,0,0,0,0,0,0,0,3,0,0.1,,100,,,,,5,,,
ClassicGumtree,0,0,0,0,0,0,0,0,1,3,0,0.2,,100,,,,,5,,,
ClassicGumtree,0,0,0,0,0,0,0,0,0,3,0,0.3,,100,,,,,5,,,
ClassicGumtree,0,0,0,0,0,0,0,0,1,3,0,0.4,,100,,,,,5,,,
ClassicGumtree,0,0,0,0,0,0,0,0,1,3,0,0.5,,100,,,,,5,,,
ClassicGumtree,0,0,0,0,0,0,0,0,1,3,0,0.6,,100,,,,,5,,,
ClassicGumtree,0,0,0,0,0,0,0,0,0,3,0,0.7,,100,,,,,5,,,
ClassicGumtree,0,0,0,0,0,0,0,0,1,3,0,0.799,,100,,,,,5,,,
ClassicGumtree,0,0,0,0,0,0,0,0,1,3,0,0.899,,100,,,,,5,,,
ClassicGumtree,0,0,0,0,0,0,0,0,1,3,0,0.999,,100,,,,,5,,,
ClassicGumtree,0,0,0,0,0,0,0,0,1,3,0,0.1,,200,,,,,5,,,
ClassicGumtree,0,0,0,0,0,0,0,0,0,3,0,0.2,,200,,,,,5,,,
ClassicGumtree,0,0,0,0,0,0,0,0,0,3,0,0.3,,200,,,,,5,,,
ClassicGumtree,0,0,0,0,0,0,0,0,0,3,0,0.4,,200,,,,,5,,,
ClassicGumtree,0,0,0,0,0,0,0,0,0,3,0,0.5,,200,,,,,5,,,
ClassicGumtree,0,0,0,0,0,0,0,0,1,3,0,0.6,,200,,,,,5,,,
ClassicGumtree,0,0,0,0,0,0,0,0,1,3,0,0.7,,200,,,,,5,,,
ClassicGumtree,0,0,0,0,0,0,0,0,1,3,0,0.799,,200,,,,,5,,,
ClassicGumtree,0,0,0,0,0,0,0,0,1,3,0,0.899,,200,,,,,5,,,
ClassicGumtree,0,0,0,0,0,0,0,0,0,3,0,0.999,,200,,,,,5,,,
ClassicGumtree,0,0,0,0,0,0,0,0,0,3,0,0.1,,300,,,,,5,,,
ClassicGumtree,0,0,0,0,0,0,0,0,0,3,0,0.2,,300,,,,,5,,,
ClassicGumtree,0,0,0,0,0,0,0,0,0,3,0,0.3,,300,,,,,5,,,
ClassicGumtree,0,0,0,0,0,0,0,0,1,3,0,0.4,,300,,,,,5,,,
ClassicGumtree,0,0,0,0,0,0,0,0,1,3,0,0.5,,300,,,,,5,,,
ClassicGumtree,0,0,0,0,0,0,0,0,1,3,0,0.6,,300,,,,,5,,,
ClassicGumtree,0,0,0,0,0,0,0,0,1,3,0,0.7,,300,,,,,5,,,
ClassicGumtree,0,0,0,0,0,0,0,0,0,3,0,0.799,,300,,,,,5,,,
ClassicGumtree,0,0,0,0,0,0,0,0,0,3,0,0.899,,300,,,,,5,,,
ClassicGumtree,0,0,0,0,0,0,0,0,0,3,0,0.999,,300,,,,,5,,,
ClassicGumtree,0,0,0,0,0,0,0,0,99,3,0,0.1,,400,,,,,5,,,
ClassicGumtree,0,0,0,0,0,0,0,0,100,3,0,0.2,,400,,,,,5,,,
ClassicGumtree,0,0,0,0,0,0,0,0,99,3,0,0.3,,400,,,,,5,,,
ClassicGumtree,0,0,0,0,0,0,0,0,99,3,0,0.4,,400,,,,,5,,,
ClassicGumtree,0,0,0,0,0,0,0,0,99,3,0,0.5,,400,,,,,5,,,
ClassicGumtree,0,0,0,0,0,0,0,0,99,3,0,0.6,,400,,,,,5,,,
ClassicGumtree,0,0,0,0,0,0,0,0,99,3,0,0.7,,400,,,,,5,,,
ClassicGumtree,0,0,0,0,0,0,0,0,99,3,0,0.799,,400,,,,,5,,,
ClassicGumtree,0,0,0,0,0,0,0,0,99,3,0,0.899,,400,,,,,5,,,
ClassicGumtree,0,0,0,0,0,0,0,0,99,3,0,0.999,,400,,,,,5,,,
ClassicGumtree,0,0,0,0,0,0,0,0,99,3,0,0.1,,500,,,,,5,,,
ClassicGumtree,0,0,0,0,0,0,0,0,123,3,0,0.2,,500,,,,,5,,,
ClassicGumtree,0,0,0,0,0,0,0,0,99,3,0,0.3,,500,,,,,5,,,
ClassicGumtree,0,0,0,0,0,0,0,0,99,3,0,0.4,,500,,,,,5,,,
ClassicGumtree,0,0,0,0,0,0,0,0,98,3,0,0.5,,500,,,,,5,,,
ClassicGumtree,0,0,0,0,0,0,0,0,100,3,0,0.6,,500,,,,,5,,,
ClassicGumtree,0,0,0,0,0,0,0,0,100,3,0,0.7,,500,,,,,5,,,
ClassicGumtree,0,0,0,0,0,0,0,0,101,3,0,0.799,,500,,,,,5,,,
ClassicGumtree,0,0,0,0,0,0,0,0,99,3,0,0.899,,500,,,,,5,,,
ClassicGumtree,0,0,0,0,0,0,0,0,99,3,0,0.999,,500,,,,,5,,,
ClassicGumtree,0,0,0,0,0,0,0,0,106,3,0,0.1,,600,,,,,5,,,
ClassicGumtree,0,0,0,0,0,0,0,0,106,3,0,0.2,,600,,,,,5,,,
ClassicGumtree,0,0,0,0,0,0,0,0,107,3,0,0.3,,600,,,,,5,,,
ClassicGumtree,0,0,0,0,0,0,0,0,106,3,0,0.4,,600,,,,,5,,,
ClassicGumtree,0,0,0,0,0,0,0,0,105,3,0,0.5,,600,,,,,5,,,
ClassicGumtree,0,0,0,0,0,0,0,0,107,3,0,0.6,,600,,,,,5,,,
ClassicGumtree,0,0,0,0,0,0,0,0,107,3,0,0.7,,600,,,,,5,,,
ClassicGumtree,0,0,0,0,0,0,0,0,105,3,0,0.799,,600,,,,,5,,,
ClassicGumtree,0,0,0,0,0,0,0,0,104,3,0,0.899,,600,,,,,5,,,
ClassicGumtree,0,0,0,0,0,0,0,0,105,3,0,0.999,,600,,,,,5,,,
ClassicGumtree,0,0,0,0,0,0,0,0,100,3,0,0.1,,700,,,,,5,,,
ClassicGumtree,0,0,0,0,0,0,0,0,100,3,0,0.2,,700,,,,,5,,,
ClassicGumtree,0,0,0,0,0,0,0,0,100,3,0,0.3,,700,,,,,5,,,
ClassicGumtree,0,0,0,0,0,0,0,0,101,3,0,0.4,,700,,,,,5,,,
ClassicGumtree,0,0,0,0,0,0,0,0,100,3,0,0.5,,700,,,,,5,,,
ClassicGumtree,0,0,0,0,0,0,0,0,99,3,0,0.6,,700,,,,,5,,,
ClassicGumtree,0,0,0,0,0,0,0,0,99,3,0,0.7,,700,,,,,5,,,
ClassicGumtree,0,0,0,0,0,0,0,0,99,3,0,0.799,,700,,,,,5,,,
ClassicGumtree,0,0,0,0,0,0,0,0,99,3,0,0.899,,700,,,,,5,,,
ClassicGumtree,0,0,0,0,0,0,0,0,100,3,0,0.999,,700,,,,,5,,,
ClassicGumtree,0,0,0,0,0,0,0,0,100,3,0,0.1,,800,,,,,5,,,
ClassicGumtree,0,0,0,0,0,0,0,0,99,3,0,0.2,,800,,,,,5,,,
ClassicGumtree,0,0,0,0,0,0,0,0,99,3,0,0.3,,800,,,,,5,,,
ClassicGumtree,0,0,0,0,0,0,0,0,100,3,0,0.4,,800,,,,,5,,,
ClassicGumtree,0,0,0,0,0,0,0,0,100,3,0,0.5,,800,,,,,5,,,
ClassicGumtree,0,0,0,0,0,0,0,0,99,3,0,0.6,,800,,,,,5,,,
ClassicGumtree,0,0,0,0,0,0,0,0,99,3,0,0.7,,800,,,,,5,,,
ClassicGumtree,0,0,0,0,0,0,0,0,99,3,0,0.799,,800,,,,,5,,,
ClassicGumtree,0,0,0,0,0,0,0,0,99,3,0,0.899,,800,,,,,5,,,
ClassicGumtree,0,0,0,0,0,0,0,0,100,3,0,0.999,,800,,,,,5,,,
ClassicGumtree,0,0,0,0,0,0,0,0,100,3,0,0.1,,900,,,,,5,,,
ClassicGumtree,0,0,0,0,0,0,0,0,100,3,0,0.2,,900,,,,,5,,,
ClassicGumtree,0,0,0,0,0,0,0,0,99,3,0,0.3,,900,,,,,5,,,
ClassicGumtree,0,0,0,0,0,0,0,0,99,3,0,0.4,,900,,,,,5,,,
ClassicGumtree,0,0,0,0,0,0,0,0,99,3,0,0.5,,900,,,,,5,,,
ClassicGumtree,0,0,0,0,0,0,0,0,99,3,0,0.6,,900,,,,,5,,,
ClassicGumtree,0,0,0,0,0,0,0,0,98,3,0,0.7,,900,,,,,5,,,
ClassicGumtree,0,0,0,0,0,0,0,0,98,3,0,0.799,,900,,,,,5,,,
ClassicGumtree,0,0,0,0,0,0,0,0,99,3,0,0.899,,900,,,,,5,,,
ClassicGumtree,0,0,0,0,0,0,0,0,100,3,0,0.999,,900,,,,,5,,,
ClassicGumtree,0,0,0,0,0,0,0,0,100,3,0,0.1,,1000,,,,,5,,,
ClassicGumtree,0,0,0,0,0,0,0,0,98,3,0,0.2,,1000,,,,,5,,,
ClassicGumtree,0,0,0,0,0,0,0,0,101,3,0,0.3,,1000,,,,,5,,,
ClassicGumtree,0,0,0,0,0,0,0,0,101,3,0,0.4,,1000,,,,,5,,,
ClassicGumtree,0,0,0,0,0,0,0,0,98,3,0,0.5,,1000,,,,,5,,,
ClassicGumtree,0,0,0,0,0,0,0,0,99,3,0,0.6,,1000,,,,,5,,,
ClassicGumtree,0,0,0,0,0,0,0,0,98,3,0,0.7,,1000,,,,,5,,,
ClassicGumtree,0,0,0,0,0,0,0,0,99,3,0,0.799,,1000,,,,,5,,,
ClassicGumtree,0,0,0,0,0,0,0,0,99,3,0,0.899,,1000,,,,,5,,,
ClassicGumtree,0,0,0,0,0,0,0,0,100,3,0,0.999,,1000,,,,,5,,,
ClassicGumtree,0,0,0,0,0,0,0,0,100,3,0,0.1,,1100,,,,,5,,,
ClassicGumtree,0,0,0,0,0,0,0,0,98,3,0,0.2,,1100,,,,,5,,,
ClassicGumtree,0,0,0,0,0,0,0,0,98,3,0,0.3,,1100,,,,,5,,,
ClassicGumtree,0,0,0,0,0,0,0,0,100,3,0,0.4,,1100,,,,,5,,,
ClassicGumtree,0,0,0,0,0,0,0,0,99,3,0,0.5,,1100,,,,,5,,,
ClassicGumtree,0,0,0,0,0,0,0,0,98,3,0,0.6,,1100,,,,,5,,,
ClassicGumtree,0,0,0,0,0,0,0,0,98,3,0,0.7,,1100,,,,,5,,,
ClassicGumtree,0,0,0,0,0,0,0,0,98,3,0,0.799,,1100,,,,,5,,,
ClassicGumtree,0,0,0,0,0,0,0,0,98,3,0,0.899,,1100,,,,,5,,,
ClassicGumtree,0,0,0,0,0,0,0,0,98,3,0,0.999,,1100,,,,,5,,,
ClassicGumtree,0,0,0,0,0,0,0,0,98,3,0,0.1,,1200,,,,,5,,,
ClassicGumtree,0,0,0,0,0,0,0,0,98,3,0,0.2,,1200,,,,,5,,,
ClassicGumtree,0,0,0,0,0,0,0,0,99,3,0,0.3,,1200,,,,,5,,,
ClassicGumtree,0,0,0,0,0,0,0,0,98,3,0,0.4,,1200,,,,,5,,,
ClassicGumtree,0,0,0,0,0,0,0,0,98,3,0,0.5,,1200,,,,,5,,,
ClassicGumtree,0,0,0,0,0,0,0,0,101,3,0,0.6,,1200,,,,,5,,,
ClassicGumtree,0,0,0,0,0,0,0,0,102,3,0,0.7,,1200,,,,,5,,,
ClassicGumtree,0,0,0,0,0,0,0,0,102,3,0,0.799,,1200,,,,,5,,,
ClassicGumtree,0,0,0,0,0,0,0,0,101,3,0,0.899,,1200,,,,,5,,,
ClassicGumtree,0,0,0,0,0,0,0,0,99,3,0,0.999,,1200,,,,,5,,,
ClassicGumtree,0,0,0,0,0,0,0,0,100,3,0,0.1,,1300,,,,,5,,,
ClassicGumtree,0,0,0,0,0,0,0,0,103,3,0,0.2,,1300,,,,,5,,,
ClassicGumtree,0,0,0,0,0,0,0,0,102,3,0,0.3,,1300,,,,,5,,,
ClassicGumtree,0,0,0,0,0,0,0,0,99,3,0,0.4,,1300,,,,,5,,,
ClassicGumtree,0,0,0,0,0,0,0,0,99,3,0,0.5,,1300,,,,,5,,,
ClassicGumtree,0,0,0,0,0,0,0,0,98,3,0,0.6,,1300,,,,,5,,,
ClassicGumtree,0,0,0,0,0,0,0,0,99,3,0,0.7,,1300,,,,,5,,,
ClassicGumtree,0,0,0,0,0,0,0,0,99,3,0,0.799,,1300,,,,,5,,,
ClassicGumtree,0,0,0,0,0,0,0,0,98,3,0,0.899,,1300,,,,,5,,,
ClassicGumtree,0,0,0,0,0,0,0,0,104,3,0,0.999,,1300,,,,,5,,,
ClassicGumtree,0,0,0,0,0,0,0,0,105,3,0,0.1,,1400,,,,,5,,,
ClassicGumtree,0,0,0,0,0,0,0,0,104,3,0,0.2,,1400,,,,,5,,,
ClassicGumtree,0,0,0,0,0,0,0,0,106,3,0,0.3,,1400,,,,,5,,,
ClassicGumtree,0,0,0,0,0,0,0,0,104,3,0,0.4,,1400,,,,,5,,,
ClassicGumtree,0,0,0,0,0,0,0,0,104,3,0,0.5,,1400,,,,,5,,,
ClassicGumtree,0,0,0,0,0,0,0,0,103,3,0,0.6,,1400,,,,,5,,,
ClassicGumtree,0,0,0,0,0,0,0,0,104,3,0,0.7,,1400,,,,,5,,,
ClassicGumtree,0,0,0,0,0,0,0,0,104,3,0,0.799,,1400,,,,,5,,,
ClassicGumtree,0,0,0,0,0,0,0,0,107,3,0,0.899,,1400,,,,,5,,,
ClassicGumtree,0,0,0,0,0,0,0,0,102,3,0,0.999,,1400,,,,,5,,,
ClassicGumtree,0,0,0,0,0,0,0,0,100,3,0,0.1,,1500,,,,,5,,,
ClassicGumtree,0,0,0,0,0,0,0,0,99,3,0,0.2,,1500,,,,,5,,,
ClassicGumtree,0,0,0,0,0,0,0,0,99,3,0,0.3,,1500,,,,,5,,,
ClassicGumtree,0,0,0,0,0,0,0,0,98,3,0,0.4,,1500,,,,,5,,,
ClassicGumtree,0,0,0,0,0,0,0,0,99,3,0,0.5,,1500,,,,,5,,,
ClassicGumtree,0,0,0,0,0,0,0,0,99,3,0,0.6,,1500,,,,,5,,,
ClassicGumtree,0,0,0,0,0,0,0,0,101,3,0,0.7,,1500,,,,,5,,,
ClassicGumtree,0,0,0,0,0,0,0,0,99,3,0,0.799,,1500,,,,,5,,,
ClassicGumtree,0,0,0,0,0,0,0,0,100,3,0,0.899,,1500,,,,,5,,,
ClassicGumtree,0,0,0,0,0,0,0,0,100,3,0,0.999,,1500,,,,,5,,,
ClassicGumtree,0,0,0,0,0,0,0,0,98,3,0,0.1,,1600,,,,,5,,,
ClassicGumtree,0,0,0,0,0,0,0,0,99,3,0,0.2,,1600,,,,,5,,,
ClassicGumtree,0,0,0,0,0,0,0,0,98,3,0,0.3,,1600,,,,,5,,,
ClassicGumtree,0,0,0,0,0,0,0,0,99,3,0,0.4,,1600,,,,,5,,,
ClassicGumtree,0,0,0,0,0,0,0,0,100,3,0,0.5,,1600,,,,,5,,,
ClassicGumtree,0,0,0,0,0,0,0,0,98,3,0,0.6,,1600,,,,,5,,,
ClassicGumtree,0,0,0,0,0,0,0,0,99,3,0,0.7,,1600,,,,,5,,,
ClassicGumtree,0,0,0,0,0,0,0,0,98,3,0,0.799,,1600,,,,,5,,,
ClassicGumtree,0,0,0,0,0,0,0,0,99,3,0,0.899,,1600,,,,,5,,,
ClassicGumtree,0,0,0,0,0,0,0,0,99,3,0,0.999,,1600,,,,,5,,,
ClassicGumtree,0,0,0,0,0,0,0,0,99,3,0,0.1,,1700,,,,,5,,,
ClassicGumtree,0,0,0,0,0,0,0,0,98,3,0,0.2,,1700,,,,,5,,,
ClassicGumtree,0,0,0,0,0,0,0,0,99,3,0,0.3,,1700,,,,,5,,,
ClassicGumtree,0,0,0,0,0,0,0,0,99,3,0,0.4,,1700,,,,,5,,,
ClassicGumtree,0,0,0,0,0,0,0,0,98,3,0,0.5,,1700,,,,,5,,,
ClassicGumtree,0,0,0,0,0,0,0,0,99,3,0,0.6,,1700,,,,,5,,,
ClassicGumtree,0,0,0,0,0,0,0,0,98,3,0,0.7,,1700,,,,,5,,,
ClassicGumtree,0,0,0,0,0,0,0,0,99,3,0,0.799,,1700,,,,,5,,,
ClassicGumtree,0,0,0,0,0,0,0,0,98,3,0,0.899,,1700,,,,,5,,,
ClassicGumtree,0,0,0,0,0,0,0,0,98,3,0,0.999,,1700,,,,,5,,,
ClassicGumtree,0,0,0,0,0,0,0,0,99,3,0,0.1,,1800,,,,,5,,,
ClassicGumtree,0,0,0,0,0,0,0,0,99,3,0,0.2,,1800,,,,,5,,,
ClassicGumtree,0,0,0,0,0,0,0,0,98,3,0,0.3,,1800,,,,,5,,,
ClassicGumtree,0,0,0,0,0,0,0,0,99,3,0,0.4,,1800,,,,,5,,,
ClassicGumtree,0,0,0,0,0,0,0,0,99,3,0,0.5,,1800,,,,,5,,,
ClassicGumtree,0,0,0,0,0,0,0,0,99,3,0,0.6,,1800,,,,,5,,,
ClassicGumtree,0,0,0,0,0,0,0,0,99,3,0,0.7,,1800,,,,,5,,,
ClassicGumtree,0,0,0,0,0,0,0,0,98,3,0,0.799,,1800,,,,,5,,,
ClassicGumtree,0,0,0,0,0,0,0,0,99,3,0,0.899,,1800,,,,,5,,,
ClassicGumtree,0,0,0,0,0,0,0,0,99,3,0,0.999,,1800,,,,,5,,,
ClassicGumtree,0,0,0,0,0,0,0,0,99,3,0,0.1,,1900,,,,,5,,,
ClassicGumtree,0,0,0,0,0,0,0,0,99,3,0,0.2,,1900,,,,,5,,,
ClassicGumtree,0,0,0,0,0,0,0,0,99,3,0,0.3,,1900,,,,,5,,,
ClassicGumtree,0,0,0,0,0,0,0,0,99,3,0,0.4,,1900,,,,,5,,,
ClassicGumtree,0,0,0,0,0,0,0,0,99,3,0,0.5,,1900,,,,,5,,,
ClassicGumtree,0,0,0,0,0,0,0,0,98,3,0,0.6,,1900,,,,,5,,,
ClassicGumtree,0,0,0,0,0,0,0,0,99,3,0,0.7,,1900,,,,,5,,,
ClassicGumtree,0,0,0,0,0,0,0,0,99,3,0,0.799,,1900,,,,,5,,,
ClassicGumtree,0,0,0,0,0,0,0,0,98,3,0,0.899,,1900,,,,,5,,,
ClassicGumtree,0,0,0,0,0,0,0,0,99,3,0,0.999,,1900,,,,,5,,,
ClassicGumtree,0,0,0,0,0,0,0,0,99,3,0,0.1,,2000,,,,,5,,,
ClassicGumtree,0,0,0,0,0,0,0,0,99,3,0,0.2,,2000,,,,,5,,,
ClassicGumtree,0,0,0,0,0,0,0,0,99,3,0,0.3,,2000,,,,,5,,,
ClassicGumtree,0,0,0,0,0,0,0,0,99,3,0,0.4,,2000,,,,,5,,,
ClassicGumtree,0,0,0,0,0,0,0,0,98,3,0,0.5,,2000,,,,,5,,,
ClassicGumtree,0,0,0,0,0,0,0,0,98,3,0,0.6,,2000,,,,,5,,,
ClassicGumtree,0,0,0,0,0,0,0,0,97,3,0,0.7,,2000,,,,,5,,,
ClassicGumtree,0,0,0,0,0,0,0,0,96,3,0,0.799,,2000,,,,,5,,,
ClassicGumtree,0,0,0,0,0,0,0,0,95,3,0,0.899,,2000,,,,,5,,,
ClassicGumtree,0,0,0,0,0,0,0,0,92,3,0,0.999,,2000,,,,,5,,,
CompleteGumtreeMatcher,0,0,0,0,0,0,0,0,1,3,0,0.1,,100,,,,,1,,,
CompleteGumtreeMatcher,0,0,0,0,0,0,0,0,0,3,0,0.2,,100,,,,,1,,,
CompleteGumtreeMatcher,0,0,0,0,0,0,0,0,0,3,0,0.3,,100,,,,,1,,,
CompleteGumtreeMatcher,0,0,0,0,0,0,0,0,0,3,0,0.4,,100,,,,,1,,,
CompleteGumtreeMatcher,0,0,0,0,0,0,0,0,0,3,0,0.5,,100,,,,,1,,,
CompleteGumtreeMatcher,0,0,0,0,0,0,0,0,1,3,0,0.6,,100,,,,,1,,,
CompleteGumtreeMatcher,0,0,0,0,0,0,0,0,1,3,0,0.7,,100,,,,,1,,,
CompleteGumtreeMatcher,0,0,0,0,0,0,0,0,1,3,0,0.799,,100,,,,,1,,,
CompleteGumtreeMatcher,0,0,0,0,0,0,0,0,1,3,0,0.899,,100,,,,,1,,,
CompleteGumtreeMatcher,0,0,0,0,0,0,0,0,1,3,0,0.999,,100,,,,,1,,,
CompleteGumtreeMatcher,0,0,0,0,0,0,0,0,1,3,0,0.1,,200,,,,,1,,,
CompleteGumtreeMatcher,0,0,0,0,0,0,0,0,1,3,0,0.2,,200,,,,,1,,,
CompleteGumtreeMatcher,0,0,0,0,0,0,0,0,1,3,0,0.3,,200,,,,,1,,,
CompleteGumtreeMatcher,0,0,0,0,0,0,0,0,1,3,0,0.4,,200,,,,,1,,,
CompleteGumtreeMatcher,0,0,0,0,0,0,0,0,1,3,0,0.5,,200,,,,,1,,,
CompleteGumtreeMatcher,0,0,0,0,0,0,0,0,1,3,0,0.6,,200,,,,,1,,,
CompleteGumtreeMatcher,0,0,0,0,0,0,0,0,1,3,0,0.7,,200,,,,,1,,,
CompleteGumtreeMatcher,0,0,0,0,0,0,0,0,1,3,0,0.799,,200,,,,,1,,,
CompleteGumtreeMatcher,0,0,0,0,0,0,0,0,1,3,0,0.899,,200,,,,,1,,,
CompleteGumtreeMatcher,0,0,0,0,0,0,0,0,0,3,0,0.999,,200,,,,,1,,,
CompleteGumtreeMatcher,0,0,0,0,0,0,0,0,1,3,0,0.1,,300,,,,,1,,,
CompleteGumtreeMatcher,0,0,0,0,0,0,0,0,1,3,0,0.2,,300,,,,,1,,,
CompleteGumtreeMatcher,0,0,0,0,0,0,0,0,1,3,0,0.3,,300,,,,,1,,,
CompleteGumtreeMatcher,0,0,0,0,0,0,0,0,1,3,0,0.4,,300,,,,,1,,,
CompleteGumtreeMatcher,0,0,0,0,0,0,0,0,1,3,0,0.5,,300,,,,,1,,,
CompleteGumtreeMatcher,0,0,0,0,0,0,0,0,1,3,0,0.6,,300,,,,,1,,,
CompleteGumtreeMatcher,0,0,0,0,0,0,0,0,1,3,0,0.7,,300,,,,,1,,,
CompleteGumtreeMatcher,0,0,0,0,0,0,0,0,1,3,0,0.799,,300,,,,,1,,,
CompleteGumtreeMatcher,0,0,0,0,0,0,0,0,1,3,0,0.899,,300,,,,,1,,,
CompleteGumtreeMatcher,0,0,0,0,0,0,0,0,0,3,0,0.999,,300,,,,,1,,,
CompleteGumtreeMatcher,0,0,0,0,0,0,0,0,107,3,0,0.1,,400,,,,,1,,,
CompleteGumtreeMatcher,0,0,0,0,0,0,0,0,106,3,0,0.2,,400,,,,,1,,,
CompleteGumtreeMatcher,0,0,0,0,0,0,0,0,106,3,0,0.3,,400,,,,,1,,,
CompleteGumtreeMatcher,0,0,0,0,0,0,0,0,107,3,0,0.4,,400,,,,,1,,,
CompleteGumtreeMatcher,0,0,0,0,0,0,0,0,107,3,0,0.5,,400,,,,,1,,,
CompleteGumtreeMatcher,0,0,0,0,0,0,0,0,106,3,0,0.6,,400,,,,,1,,,
CompleteGumtreeMatcher,0,0,0,0,0,0,0,0,193,3,0,0.7,,400,,,,,1,,,
CompleteGumtreeMatcher,0,0,0,0,0,0,0,0,191,3,0,0.799,,400,,,,,1,,,
CompleteGumtreeMatcher,0,0,0,0,0,0,0,0,191,3,0,0.899,,400,,,,,1,,,
CompleteGumtreeMatcher,0,0,0,0,0,0,0,0,164,3,0,0.999,,400,,,,,1,,,
CompleteGumtreeMatcher,0,0,0,0,0,0,0,0,178,3,0,0.1,,500,,,,,1,,,
CompleteGumtreeMatcher,0,0,0,0,0,0,0,0,109,3,0,0.2,,500,,,,,1,,,
CompleteGumtreeMatcher,0,0,0,0,0,0,0,0,134,3,0,0.3,,500,,,,,1,,,
CompleteGumtreeMatcher,0,0,0,0,0,0,0,0,109,3,0,0.4,,500,,,,,1,,,
CompleteGumtreeMatcher,0,0,0,0,0,0,0,0,97,3,0,0.5,,500,,,,,1,,,
CompleteGumtreeMatcher,0,0,0,0,0,0,0,0,131,3,0,0.6,,500,,,,,1,,,
CompleteGumtreeMatcher,0,0,0,0,0,0,0,0,106,3,0,0.7,,500,,,,,1,,,
CompleteGumtreeMatcher,0,0,0,0,0,0,0,0,107,3,0,0.799,,500,,,,,1,,,
CompleteGumtreeMatcher,0,0,0,0,0,0,0,0,99,3,0,0.899,,500,,,,,1,,,
CompleteGumtreeMatcher,0,0,0,0,0,0,0,0,156,3,0,0.999,,500,,,,,1,,,
CompleteGumtreeMatcher,0,0,0,0,0,0,0,0,87,3,0,0.1,,600,,,,,1,,,
CompleteGumtreeMatcher,0,0,0,0,0,0,0,0,108,3,0,0.2,,600,,,,,1,,,
CompleteGumtreeMatcher,0,0,0,0,0,0,0,0,105,3,0,0.3,,600,,,,,1,,,
CompleteGumtreeMatcher,0,0,0,0,0,0,0,0,106,3,0,0.4,,600,,,,,1,,,
CompleteGumtreeMatcher,0,0,0,0,0,0,0,0,108,3,0,0.5,,600,,,,,1,,,
CompleteGumtreeMatcher,0,0,0,0,0,0,0,0,107,3,0,0.6,,600,,,,,1,,,
CompleteGumtreeMatcher,0,0,0,0,0,0,0,0,115,3,0,0.7,,600,,,,,1,,,
CompleteGumtreeMatcher,0,0,0,0,0,0,0,0,88,3,0,0.799,,600,,,,,1,,,
CompleteGumtreeMatcher,0,0,0,0,0,0,0,0,88,3,0,0.899,,600,,,,,1,,,
CompleteGumtreeMatcher,0,0,0,0,0,0,0,0,106,3,0,0.999,,600,,,,,1,,,
CompleteGumtreeMatcher,0,0,0,0,0,0,0,0,106,3,0,0.1,,700,,,,,1,,,
CompleteGumtreeMatcher,0,0,0,0,0,0,0,0,106,3,0,0.2,,700,,,,,1,,,
CompleteGumtreeMatcher,0,0,0,0,0,0,0,0,107,3,0,0.3,,700,,,,,1,,,
CompleteGumtreeMatcher,0,0,0,0,0,0,0,0,108,3,0,0.4,,700,,,,,1,,,
CompleteGumtreeMatcher,0,0,0,0,0,0,0,0,99,3,0,0.5,,700,,,,,1,,,
CompleteGumtreeMatcher,0,0,0,0,0,0,0,0,106,3,0,0.6,,700,,,,,1,,,
CompleteGumtreeMatcher,0,0,0,0,0,0,0,0,93,3,0,0.7,,700,,,,,1,,,
CompleteGumtreeMatcher,0,0,0,0,0,0,0,0,93,3,0,0.799,,700,,,,,1,,,
CompleteGumtreeMatcher,0,0,0,0,0,0,0,0,106,3,0,0.899,,700,,,,,1,,,
CompleteGumtreeMatcher,0,0,0,0,0,0,0,0,107,3,0,0.999,,700,,,,,1,,,
CompleteGumtreeMatcher,0,0,0,0,0,0,0,0,107,3,0,0.1,,800,,,,,1,,,
CompleteGumtreeMatcher,0,0,0,0,0,0,0,0,106,3,0,0.2,,800,,,,,1,,,
CompleteGumtreeMatcher,0,0,0,0,0,0,0,0,94,3,0,0.3,,800,,,,,1,,,
CompleteGumtreeMatcher,0,0,0,0,0,0,0,0,106,3,0,0.4,,800,,,,,1,,,
CompleteGumtreeMatcher,0,0,0,0,0,0,0,0,107,3,0,0.5,,800,,,,,1,,,
CompleteGumtreeMatcher,0,0,0,0,0,0,0,0,93,3,0,0.6,,800,,,,,1,,,
CompleteGumtreeMatcher,0,0,0,0,0,0,0,0,94,3,0,0.7,,800,,,,,1,,,
CompleteGumtreeMatcher,0,0,0,0,0,0,0,0,105,3,0,0.799,,800,,,,,1,,,
CompleteGumtreeMatcher,0,0,0,0,0,0,0,0,105,3,0,0.899,,800,,,,,1,,,
CompleteGumtreeMatcher,0,0,0,0,0,0,0,0,106,3,0,0.999,,800,,,,,1,,,
CompleteGumtreeMatcher,0,0,0,0,0,0,0,0,104,3,0,0.1,,900,,,,,1,,,
CompleteGumtreeMatcher,0,0,0,0,0,0,0,0,105,3,0,0.2,,900,,,,,1,,,
CompleteGumtreeMatcher,0,0,0,0,0,0,0,0,96,3,0,0.3,,900,,,,,1,,,
CompleteGumtreeMatcher,0,0,0,0,0,0,0,0,103,3,0,0.4,,900,,,,,1,,,
CompleteGumtreeMatcher,0,0,0,0,0,0,0,0,98,3,0,0.5,,900,,,,,1,,,
CompleteGumtreeMatcher,0,0,0,0,0,0,0,0,96,3,0,0.6,,900,,,,,1,,,
CompleteGumtreeMatcher,0,0,0,0,0,0,0,0,97,3,0,0.7,,900,,,,,1,,,
CompleteGumtreeMatcher,0,0,0,0,0,0,0,0,103,3,0,0.799,,900,,,,,1,,,
CompleteGumtreeMatcher,0,0,0,0,0,0,0,0,102,3,0,0.899,,900,,,,,1,,,
CompleteGumtreeMatcher,0,0,0,0,0,0,0,0,103,3,0,0.999,,900,,,,,1,,,
CompleteGumtreeMatcher,0,0,0,0,0,0,0,0,102,3,0,0.1,,1000,,,,,1,,,
CompleteGumtreeMatcher,0,0,0,0,0,0,0,0,97,3,0,0.2,,1000,,,,,1,,,
CompleteGumtreeMatcher,0,0,0,0,0,0,0,0,101,3,0,0.3,,1000,,,,,1,,,
CompleteGumtreeMatcher,0,0,0,0,0,0,0,0,101,3,0,0.4,,1000,,,,,1,,,
CompleteGumtreeMatcher,0,0,0,0,0,0,0,0,99,3,0,0.5,,1000,,,,,1,,,
CompleteGumtreeMatcher,0,0,0,0,0,0,0,0,98,3,0,0.6,,1000,,,,,1,,,
CompleteGumtreeMatcher,0,0,0,0,0,0,0,0,97,3,0,0.7,,1000,,,,,1,,,
CompleteGumtreeMatcher,0,0,0,0,0,0,0,0,100,3,0,0.799,,1000,,,,,1,,,
CompleteGumtreeMatcher,0,0,0,0,0,0,0,0,98,3,0,0.899,,1000,,,,,1,,,
CompleteGumtreeMatcher,0,0,0,0,0,0,0,0,99,3,0,0.999,,1000,,,,,1,,,
CompleteGumtreeMatcher,0,0,0,0,0,0,0,0,99,3,0,0.1,,1100,,,,,1,,,
CompleteGumtreeMatcher,0,0,0,0,0,0,0,0,100,3,0,0.2,,1100,,,,,1,,,
CompleteGumtreeMatcher,0,0,0,0,0,0,0,0,100,3,0,0.3,,1100,,,,,1,,,
CompleteGumtreeMatcher,0,0,0,0,0,0,0,0,101,3,0,0.4,,1100,,,,,1,,,
CompleteGumtreeMatcher,0,0,0,0,0,0,0,0,100,3,0,0.5,,1100,,,,,1,,,
CompleteGumtreeMatcher,0,0,0,0,0,0,0,0,101,3,0,0.6,,1100,,,,,1,,,
CompleteGumtreeMatcher,0,0,0,0,0,0,0,0,100,3,0,0.7,,1100,,,,,1,,,
CompleteGumtreeMatcher,0,0,0,0,0,0,0,0,100,3,0,0.799,,1100,,,,,1,,,
CompleteGumtreeMatcher,0,0,0,0,0,0,0,0,98,3,0,0.899,,1100,,,,,1,,,
CompleteGumtreeMatcher,0,0,0,0,0,0,0,0,100,3,0,0.999,,1100,,,,,1,,,
CompleteGumtreeMatcher,0,0,0,0,0,0,0,0,100,3,0,0.1,,1200,,,,,1,,,
CompleteGumtreeMatcher,0,0,0,0,0,0,0,0,100,3,0,0.2,,1200,,,,,1,,,
CompleteGumtreeMatcher,0,0,0,0,0,0,0,0,99,3,0,0.3,,1200,,,,,1,,,
CompleteGumtreeMatcher,0,0,0,0,0,0,0,0,105,3,0,0.4,,1200,,,,,1,,,
CompleteGumtreeMatcher,0,0,0,0,0,0,0,0,105,3,0,0.5,,1200,,,,,1,,,
CompleteGumtreeMatcher,0,0,0,0,0,0,0,0,105,3,0,0.6,,1200,,,,,1,,,
CompleteGumtreeMatcher,0,0,0,0,0,0,0,0,105,3,0,0.7,,1200,,,,,1,,,
CompleteGumtreeMatcher,0,0,0,0,0,0,0,0,105,3,0,0.799,,1200,,,,,1,,,
CompleteGumtreeMatcher,0,0,0,0,0,0,0,0,104,3,0,0.899,,1200,,,,,1,,,
CompleteGumtreeMatcher,0,0,0,0,0,0,0,0,104,3,0,0.999,,1200,,,,,1,,,
CompleteGumtreeMatcher,0,0,0,0,0,0,0,0,104,3,0,0.1,,1300,,,,,1,,,
CompleteGumtreeMatcher,0,0,0,0,0,0,0,0,104,3,0,0.2,,1300,,,,,1,,,
CompleteGumtreeMatcher,0,0,0,0,0,0,0,0,104,3,0,0.3,,1300,,,,,1,,,
CompleteGumtreeMatcher,0,0,0,0,0,0,0,0,99,3,0,0.4,,1300,,,,,1,,,
CompleteGumtreeMatcher,0,0,0,0,0,0,0,0,99,3,0,0.5,,1300,,,,,1,,,
CompleteGumtreeMatcher,0,0,0,0,0,0,0,0,99,3,0,0.6,,1300,,,,,1,,,
CompleteGumtreeMatcher,0,0,0,0,0,0,0,0,99,3,0,0.7,,1300,,,,,1,,,
CompleteGumtreeMatcher,0,0,0,0,0,0,0,0,99,3,0,0.799,,1300,,,,,1,,,
CompleteGumtreeMatcher,0,0,0,0,0,0,0,0,99,3,0,0.899,,1300,,,,,1,,,
CompleteGumtreeMatcher,0,0,0,0,0,0,0,0,99,3,0,0.999,,1300,,,,,1,,,
CompleteGumtreeMatcher,0,0,0,0,0,0,0,0,99,3,0,0.1,,1400,,,,,1,,,
CompleteGumtreeMatcher,0,0,0,0,0,0,0,0,100,3,0,0.2,,1400,,,,,1,,,
CompleteGumtreeMatcher,0,0,0,0,0,0,0,0,100,3,0,0.3,,1400,,,,,1,,,
CompleteGumtreeMatcher,0,0,0,0,0,0,0,0,98,3,0,0.4,,1400,,,,,1,,,
CompleteGumtreeMatcher,0,0,0,0,0,0,0,0,98,3,0,0.5,,1400,,,,,1,,,
CompleteGumtreeMatcher,0,0,0,0,0,0,0,0,99,3,0,0.6,,1400,,,,,1,,,
CompleteGumtreeMatcher,0,0,0,0,0,0,0,0,98,3,0,0.7,,1400,,,,,1,,,
CompleteGumtreeMatcher,0,0,0,0,0,0,0,0,99,3,0,0.799,,1400,,,,,1,,,
CompleteGumtreeMatcher,0,0,0,0,0,0,0,0,99,3,0,0.899,,1400,,,,,1,,,
CompleteGumtreeMatcher,0,0,0,0,0,0,0,0,100,3,0,0.999,,1400,,,,,1,,,
CompleteGumtreeMatcher,0,0,0,0,0,0,0,0,99,3,0,0.1,,1500,,,,,1,,,
CompleteGumtreeMatcher,0,0,0,0,0,0,0,0,99,3,0,0.2,,1500,,,,,1,,,
CompleteGumtreeMatcher,0,0,0,0,0,0,0,0,100,3,0,0.3,,1500,,,,,1,,,
CompleteGumtreeMatcher,0,0,0,0,0,0,0,0,100,3,0,0.4,,1500,,,,,1,,,
CompleteGumtreeMatcher,0,0,0,0,0,0,0,0,99,3,0,0.5,,1500,,,,,1,,,
CompleteGumtreeMatcher,0,0,0,0,0,0,0,0,99,3,0,0.6,,1500,,,,,1,,,
CompleteGumtreeMatcher,0,0,0,0,0,0,0,0,99,3,0,0.7,,1500,,,,,1,,,
CompleteGumtreeMatcher,0,0,0,0,0,0,0,0,98,3,0,0.799,,1500,,,,,1,,,
CompleteGumtreeMatcher,0,0,0,0,0,0,0,0,99,3,0,0.899,,1500,,,,,1,,,
CompleteGumtreeMatcher,0,0,0,0,0,0,0,0,99,3,0,0.999,,1500,,,,,1,,,
CompleteGumtreeMatcher,0,0,0,0,0,0,0,0,99,3,0,0.1,,1600,,,,,1,,,
CompleteGumtreeMatcher,0,0,0,0,0,0,0,0,99,3,0,0.2,,1600,,,,,1,,,
CompleteGumtreeMatcher,0,0,0,0,0,0,0,0,99,3,0,0.3,,1600,,,,,1,,,
CompleteGumtreeMatcher,0,0,0,0,0,0,0,0,98,3,0,0.4,,1600,,,,,1,,,
CompleteGumtreeMatcher,0,0,0,0,0,0,0,0,98,3,0,0.5,,1600,,,,,1,,,
CompleteGumtreeMatcher,0,0,0,0,0,0,0,0,99,3,0,0.6,,1600,,,,,1,,,
CompleteGumtreeMatcher,0,0,0,0,0,0,0,0,99,3,0,0.7,,1600,,,,,1,,,
CompleteGumtreeMatcher,0,0,0,0,0,0,0,0,100,3,0,0.799,,1600,,,,,1,,,
CompleteGumtreeMatcher,0,0,0,0,0,0,0,0,98,3,0,0.899,,1600,,,,,1,,,
CompleteGumtreeMatcher,0,0,0,0,0,0,0,0,100,3,0,0.999,,1600,,,,,1,,,
CompleteGumtreeMatcher,0,0,0,0,0,0,0,0,99,3,0,0.1,,1700,,,,,1,,,
CompleteGumtreeMatcher,0,0,0,0,0,0,0,0,99,3,0,0.2,,1700,,,,,1,,,
CompleteGumtreeMatcher,0,0,0,0,0,0,0,0,99,3,0,0.3,,1700,,,,,1,,,
CompleteGumtreeMatcher,0,0,0,0,0,0,0,0,98,3,0,0.4,,1700,,,,,1,,,
CompleteGumtreeMatcher,0,0,0,0,0,0,0,0,98,3,0,0.5,,1700,,,,,1,,,
CompleteGumtreeMatcher,0,0,0,0,0,0,0,0,98,3,0,0.6,,1700,,,,,1,,,
CompleteGumtreeMatcher,0,0,0,0,0,0,0,0,99,3,0,0.7,,1700,,,,,1,,,
CompleteGumtreeMatcher,0,0,0,0,0,0,0,0,99,3,0,0.799,,1700,,,,,1,,,
CompleteGumtreeMatcher,0,0,0,0,0,0,0,0,99,3,0,0.899,,1700,,,,,1,,,
CompleteGumtreeMatcher,0,0,0,0,0,0,0,0,99,3,0,0.999,,1700,,,,,1,,,
CompleteGumtreeMatcher,0,0,0,0,0,0,0,0,98,3,0,0.1,,1800,,,,,1,,,
CompleteGumtreeMatcher,0,0,0,0,0,0,0,0,99,3,0,0.2,,1800,,,,,1,,,
CompleteGumtreeMatcher,0,0,0,0,0,0,0,0,100,3,0,0.3,,1800,,,,,1,,,
CompleteGumtreeMatcher,0,0,0,0,0,0,0,0,99,3,0,0.4,,1800,,,,,1,,,
CompleteGumtreeMatcher,0,0,0,0,0,0,0,0,99,3,0,0.5,,1800,,,,,1,,,
CompleteGumtreeMatcher,0,0,0,0,0,0,0,0,99,3,0,0.6,,1800,,,,,1,,,
CompleteGumtreeMatcher,0,0,0,0,0,0,0,0,99,3,0,0.7,,1800,,,,,1,,,
CompleteGumtreeMatcher,0,0,0,0,0,0,0,0,99,3,0,0.799,,1800,,,,,1,,,
CompleteGumtreeMatcher,0,0,0,0,0,0,0,0,98,3,0,0.899,,1800,,,,,1,,,
CompleteGumtreeMatcher,0,0,0,0,0,0,0,0,99,3,0,0.999,,1800,,,,,1,,,
CompleteGumtreeMatcher,0,0,0,0,0,0,0,0,100,3,0,0.1,,1900,,,,,1,,,
CompleteGumtreeMatcher,0,0,0,0,0,0,0,0,100,3,0,0.2,,1900,,,,,1,,,
CompleteGumtreeMatcher,0,0,0,0,0,0,0,0,100,3,0,0.3,,1900,,,,,1,,,
CompleteGumtreeMatcher,0,0,0,0,0,0,0,0,99,3,0,0.4,,1900,,,,,1,,,
CompleteGumtreeMatcher,0,0,0,0,0,0,0,0,99,3,0,0.5,,1900,,,,,1,,,
CompleteGumtreeMatcher,0,0,0,0,0,0,0,0,98,3,0,0.6,,1900,,,,,1,,,
CompleteGumtreeMatcher,0,0,0,0,0,0,0,0,98,3,0,0.7,,1900,,,,,1,,,
CompleteGumtreeMatcher,0,0,0,0,0,0,0,0,99,3,0,0.799,,1900,,,,,1,,,
CompleteGumtreeMatcher,0,0,0,0,0,0,0,0,98,3,0,0.899,,1900,,,,,1,,,
CompleteGumtreeMatcher,0,0,0,0,0,0,0,0,105,3,0,0.999,,1900,,,,,1,,,
CompleteGumtreeMatcher,0,0,0,0,0,0,0,0,103,3,0,0.1,,2000,,,,,1,,,
CompleteGumtreeMatcher,0,0,0,0,0,0,0,0,104,3,0,0.2,,2000,,,,,1,,,
CompleteGumtreeMatcher,0,0,0,0,0,0,0,0,104,3,0,0.3,,2000,,,,,1,,,
CompleteGumtreeMatcher,0,0,0,0,0,0,0,0,104,3,0,0.4,,2000,,,,,1,,,
CompleteGumtreeMatcher,0,0,0,0,0,0,0,0,104,3,0,0.5,,2000,,,,,1,,,
CompleteGumtreeMatcher,0,0,0,0,0,0,0,0,105,3,0,0.6,,2000,,,,,1,,,
CompleteGumtreeMatcher,0,0,0,0,0,0,0,0,105,3,0,0.7,,2000,,,,,1,,,
CompleteGumtreeMatcher,0,0,0,0,0,0,0,0,104,3,0,0.799,,2000,,,,,1,,,
CompleteGumtreeMatcher,0,0,0,0,0,0,0,0,104,3,0,0.899,,2000,,,,,1,,,
CompleteGumtreeMatcher,0,0,0,0,0,0,0,0,100,3,0,0.999,,2000,,,,,1,,,
CompleteGumtreeMatcher,0,0,0,0,0,0,0,0,1,3,0,0.1,,100,,,,,2,,,
CompleteGumtreeMatcher,0,0,0,0,0,0,0,0,1,3,0,0.2,,100,,,,,2,,,
CompleteGumtreeMatcher,0,0,0,0,0,0,0,0,0,3,0,0.3,,100,,,,,2,,,
CompleteGumtreeMatcher,0,0,0,0,0,0,0,0,1,3,0,0.4,,100,,,,,2,,,
CompleteGumtreeMatcher,0,0,0,0,0,0,0,0,0,3,0,0.5,,100,,,,,2,,,
CompleteGumtreeMatcher,0,0,0,0,0,0,0,0,1,3,0,0.6,,100,,,,,2,,,
CompleteGumtreeMatcher,0,0,0,0,0,0,0,0,0,3,0,0.7,,100,,,,,2,,,
CompleteGumtreeMatcher,0,0,0,0,0,0,0,0,1,3,0,0.799,,100,,,,,2,,,
CompleteGumtreeMatcher,0,0,0,0,0,0,0,0,0,3,0,0.899,,100,,,,,2,,,
CompleteGumtreeMatcher,0,0,0,0,0,0,0,0,1,3,0,0.999,,100,,,,,2,,,
CompleteGumtreeMatcher,0,0,0,0,0,0,0,0,1,3,0,0.1,,200,,,,,2,,,
CompleteGumtreeMatcher,0,0,0,0,0,0,0,0,0,3,0,0.2,,200,,,,,2,,,
CompleteGumtreeMatcher,0,0,0,0,0,0,0,0,1,3,0,0.3,,200,,,,,2,,,
CompleteGumtreeMatcher,0,0,0,0,0,0,0,0,0,3,0,0.4,,200,,,,,2,,,
CompleteGumtreeMatcher,0,0,0,0,0,0,0,0,1,3,0,0.5,,200,,,,,2,,,
CompleteGumtreeMatcher,0,0,0,0,0,0,0,0,0,3,0,0.6,,200,,,,,2,,,
CompleteGumtreeMatcher,0,0,0,0,0,0,0,0,0,3,0,0.7,,200,,,,,2,,,
CompleteGumtreeMatcher,0,0,0,0,0,0,0,0,1,3,0,0.799,,200,,,,,2,,,
CompleteGumtreeMatcher,0,0,0,0,0,0,0,0,1,3,0,0.899,,200,,,,,2,,,
CompleteGumtreeMatcher,0,0,0,0,0,0,0,0,1,3,0,0.999,,200,,,,,2,,,
CompleteGumtreeMatcher,0,0,0,0,0,0,0,0,1,3,0,0.1,,300,,,,,2,,,
CompleteGumtreeMatcher,0,0,0,0,0,0,0,0,0,3,0,0.2,,300,,,,,2,,,
CompleteGumtreeMatcher,0,0,0,0,0,0,0,0,0,3,0,0.3,,300,,,,,2,,,
CompleteGumtreeMatcher,0,0,0,0,0,0,0,0,1,3,0,0.4,,300,,,,,2,,,
CompleteGumtreeMatcher,0,0,0,0,0,0,0,0,1,3,0,0.5,,300,,,,,2,,,
CompleteGumtreeMatcher,0,0,0,0,0,0,0,0,1,3,0,0.6,,300,,,,,2,,,
CompleteGumtreeMatcher,0,0,0,0,0,0,0,0,0,3,0,0.7,,300,,,,,2,,,
CompleteGumtreeMatcher,0,0,0,0,0,0,0,0,0,3,0,0.799,,300,,,,,2,,,
CompleteGumtreeMatcher,0,0,0,0,0,0,0,0,0,3,0,0.899,,300,,,,,2,,,
CompleteGumtreeMatcher,0,0,0,0,0,0,0,0,1,3,0,0.999,,300,,,,,2,,,
CompleteGumtreeMatcher,0,0,0,0,0,0,0,0,100,3,0,0.1,,400,,,,,2,,,
CompleteGumtreeMatcher,0,0,0,0,0,0,0,0,100,3,0,0.2,,400,,,,,2,,,
CompleteGumtreeMatcher,0,0,0,0,0,0,0,0,100,3,0,0.3,,400,,,,,2,,,
CompleteGumtreeMatcher,0,0,0,0,0,0,0,0,99,3,0,0.4,,400,,,,,2,,,
CompleteGumtreeMatcher,0,0,0,0,0,0,0,0,99,3,0,0.5,,400,,,,,2,,,
CompleteGumtreeMatcher,0,0,0,0,0,0,0,0,99,3,0,0.6,,400,,,,,2,,,
CompleteGumtreeMatcher,0,0,0,0,0,0,0,0,99,3,0,0.7,,400,,,,,2,,,
CompleteGumtreeMatcher,0,0,0,0,0,0,0,0,101,3,0,0.799,,400,,,,,2,,,
CompleteGumtreeMatcher,0,0,0,0,0,0,0,0,99,3,0,0.899,,400,,,,,2,,,
CompleteGumtreeMatcher,0,0,0,0,0,0,0,0,99,3,0,0.999,,400,,,,,2,,,
CompleteGumtreeMatcher,0,0,0,0,0,0,0,0,99,3,0,0.1,,500,,,,,2,,,
CompleteGumtreeMatcher,0,0,0,0,0,0,0,0,98,3,0,0.2,,500,,,,,2,,,
CompleteGumtreeMatcher,0,0,0,0,0,0,0,0,99,3,0,0.3,,500,,,,,2,,,
CompleteGumtreeMatcher,0,0,0,0,0,0,0,0,99,3,0,0.4,,500,,,,,2,,,
CompleteGumtreeMatcher,0,0,0,0,0,0,0,0,99,3,0,0.5,,500,,,,,2,,,
CompleteGumtreeMatcher,0,0,0,0,0,0,0,0,99,3,0,0.6,,500,,,,,2,,,
CompleteGumtreeMatcher,0,0,0,0,0,0,0,0,98,3,0,0.7,,500,,,,,2,,,
CompleteGumtreeMatcher,0,0,0,0,0,0,0,0,99,3,0,0.799,,500,,,,,2,,,
CompleteGumtreeMatcher,0,0,0,0,0,0,0,0,99,3,0,0.899,,500,,,,,2,,,
CompleteGumtreeMatcher,0,0,0,0,0,0,0,0,100,3,0,0.999,,500,,,,,2,,,
CompleteGumtreeMatcher,0,0,0,0,0,0,0,0,99,3,0,0.1,,600,,,,,2,,,
CompleteGumtreeMatcher,0,0,0,0,0,0,0,0,99,3,0,0.2,,600,,,,,2,,,
CompleteGumtreeMatcher,0,0,0,0,0,0,0,0,100,3,0,0.3,,600,,,,,2,,,
CompleteGumtreeMatcher,0,0,0,0,0,0,0,0,98,3,0,0.4,,600,,,,,2,,,
CompleteGumtreeMatcher,0,0,0,0,0,0,0,0,98,3,0,0.5,,600,,,,,2,,,
CompleteGumtreeMatcher,0,0,0,0,0,0,0,0,99,3,0,0.6,,600,,,,,2,,,
CompleteGumtreeMatcher,0,0,0,0,0,0,0,0,98,3,0,0.7,,600,,,,,2,,,
CompleteGumtreeMatcher,0,0,0,0,0,0,0,0,100,3,0,0.799,,600,,,,,2,,,
CompleteGumtreeMatcher,0,0,0,0,0,0,0,0,98,3,0,0.899,,600,,,,,2,,,
CompleteGumtreeMatcher,0,0,0,0,0,0,0,0,99,3,0,0.999,,600,,,,,2,,,
CompleteGumtreeMatcher,0,0,0,0,0,0,0,0,97,3,0,0.1,,700,,,,,2,,,
CompleteGumtreeMatcher,0,0,0,0,0,0,0,0,100,3,0,0.2,,700,,,,,2,,,
CompleteGumtreeMatcher,0,0,0,0,0,0,0,0,99,3,0,0.3,,700,,,,,2,,,
CompleteGumtreeMatcher,0,0,0,0,0,0,0,0,99,3,0,0.4,,700,,,,,2,,,
CompleteGumtreeMatcher,0,0,0,0,0,0,0,0,99,3,0,0.5,,700,,,,,2,,,
CompleteGumtreeMatcher,0,0,0,0,0,0,0,0,98,3,0,0.6,,700,,,,,2,,,
CompleteGumtreeMatcher,0,0,0,0,0,0,0,0,99,3,0,0.7,,700,,,,,2,,,
CompleteGumtreeMatcher,0,0,0,0,0,0,0,0,99,3,0,0.799,,700,,,,,2,,,
CompleteGumtreeMatcher,0,0,0,0,0,0,0,0,99,3,0,0.899,,700,,,,,2,,,
CompleteGumtreeMatcher,0,0,0,0,0,0,0,0,100,3,0,0.999,,700,,,,,2,,,
CompleteGumtreeMatcher,0,0,0,0,0,0,0,0,99,3,0,0.1,,800,,,,,2,,,
CompleteGumtreeMatcher,0,0,0,0,0,0,0,0,99,3,0,0.2,,800,,,,,2,,,
CompleteGumtreeMatcher,0,0,0,0,0,0,0,0,100,3,0,0.3,,800,,,,,2,,,
CompleteGumtreeMatcher,0,0,0,0,0,0,0,0,98,3,0,0.4,,800,,,,,2,,,
CompleteGumtreeMatcher,0,0,0,0,0,0,0,0,98,3,0,0.5,,800,,,,,2,,,
CompleteGumtreeMatcher,0,0,0,0,0,0,0,0,98,3,0,0.6,,800,,,,,2,,,
CompleteGumtreeMatcher,0,0,0,0,0,0,0,0,98,3,0,0.7,,800,,,,,2,,,
CompleteGumtreeMatcher,0,0,0,0,0,0,0,0,99,3,0,0.799,,800,,,,,2,,,
CompleteGumtreeMatcher,0,0,0,0,0,0,0,0,99,3,0,0.899,,800,,,,,2,,,
CompleteGumtreeMatcher,0,0,0,0,0,0,0,0,99,3,0,0.999,,800,,,,,2,,,
CompleteGumtreeMatcher,0,0,0,0,0,0,0,0,100,3,0,0.1,,900,,,,,2,,,
CompleteGumtreeMatcher,0,0,0,0,0,0,0,0,99,3,0,0.2,,900,,,,,2,,,
CompleteGumtreeMatcher,0,0,0,0,0,0,0,0,99,3,0,0.3,,900,,,,,2,,,
CompleteGumtreeMatcher,0,0,0,0,0,0,0,0,98,3,0,0.4,,900,,,,,2,,,
CompleteGumtreeMatcher,0,0,0,0,0,0,0,0,99,3,0,0.5,,900,,,,,2,,,
CompleteGumtreeMatcher,0,0,0,0,0,0,0,0,99,3,0,0.6,,900,,,,,2,,,
CompleteGumtreeMatcher,0,0,0,0,0,0,0,0,98,3,0,0.7,,900,,,,,2,,,
CompleteGumtreeMatcher,0,0,0,0,0,0,0,0,99,3,0,0.799,,900,,,,,2,,,
CompleteGumtreeMatcher,0,0,0,0,0,0,0,0,99,3,0,0.899,,900,,,,,2,,,
CompleteGumtreeMatcher,0,0,0,0,0,0,0,0,99,3,0,0.999,,900,,,,,2,,,
CompleteGumtreeMatcher,0,0,0,0,0,0,0,0,98,3,0,0.1,,1000,,,,,2,,,
CompleteGumtreeMatcher,0,0,0,0,0,0,0,0,100,3,0,0.2,,1000,,,,,2,,,
CompleteGumtreeMatcher,0,0,0,0,0,0,0,0,100,3,0,0.3,,1000,,,,,2,,,
CompleteGumtreeMatcher,0,0,0,0,0,0,0,0,99,3,0,0.4,,1000,,,,,2,,,
CompleteGumtreeMatcher,0,0,0,0,0,0,0,0,99,3,0,0.5,,1000,,,,,2,,,
CompleteGumtreeMatcher,0,0,0,0,0,0,0,0,98,3,0,0.6,,1000,,,,,2,,,
CompleteGumtreeMatcher,0,0,0,0,0,0,0,0,99,3,0,0.7,,1000,,,,,2,,,
CompleteGumtreeMatcher,0,0,0,0,0,0,0,0,105,3,0,0.799,,1000,,,,,2,,,
CompleteGumtreeMatcher,0,0,0,0,0,0,0,0,104,3,0,0.899,,1000,,,,,2,,,
CompleteGumtreeMatcher,0,0,0,0,0,0,0,0,107,3,0,0.999,,1000,,,,,2,,,
CompleteGumtreeMatcher,0,0,0,0,0,0,0,0,107,3,0,0.1,,1100,,,,,2,,,
CompleteGumtreeMatcher,0,0,0,0,0,0,0,0,105,3,0,0.2,,1100,,,,,2,,,
CompleteGumtreeMatcher,0,0,0,0,0,0,0,0,106,3,0,0.3,,1100,,,,,2,,,
CompleteGumtreeMatcher,0,0,0,0,0,0,0,0,106,3,0,0.4,,1100,,,,,2,,,
CompleteGumtreeMatcher,0,0,0,0,0,0,0,0,106,3,0,0.5,,1100,,,,,2,,,
CompleteGumtreeMatcher,0,0,0,0,0,0,0,0,105,3,0,0.6,,1100,,,,,2,,,
CompleteGumtreeMatcher,0,0,0,0,0,0,0,0,107,3,0,0.7,,1100,,,,,2,,,
CompleteGumtreeMatcher,0,0,0,0,0,0,0,0,99,3,0,0.799,,1100,,,,,2,,,
CompleteGumtreeMatcher,0,0,0,0,0,0,0,0,99,3,0,0.899,,1100,,,,,2,,,
CompleteGumtreeMatcher,0,0,0,0,0,0,0,0,101,3,0,0.999,,1100,,,,,2,,,
CompleteGumtreeMatcher,0,0,0,0,0,0,0,0,100,3,0,0.1,,1200,,,,,2,,,
CompleteGumtreeMatcher,0,0,0,0,0,0,0,0,99,3,0,0.2,,1200,,,,,2,,,
CompleteGumtreeMatcher,0,0,0,0,0,0,0,0,98,3,0,0.3,,1200,,,,,2,,,
CompleteGumtreeMatcher,0,0,0,0,0,0,0,0,99,3,0,0.4,,1200,,,,,2,,,
CompleteGumtreeMatcher,0,0,0,0,0,0,0,0,98,3,0,0.5,,1200,,,,,2,,,
CompleteGumtreeMatcher,0,0,0,0,0,0,0,0,100,3,0,0.6,,1200,,,,,2,,,
CompleteGumtreeMatcher,0,0,0,0,0,0,0,0,99,3,0,0.7,,1200,,,,,2,,,
CompleteGumtreeMatcher,0,0,0,0,0,0,0,0,99,3,0,0.799,,1200,,,,,2,,,
CompleteGumtreeMatcher,0,0,0,0,0,0,0,0,98,3,0,0.899,,1200,,,,,2,,,
CompleteGumtreeMatcher,0,0,0,0,0,0,0,0,100,3,0,0.999,,1200,,,,,2,,,
CompleteGumtreeMatcher,0,0,0,0,0,0,0,0,100,3,0,0.1,,1300,,,,,2,,,
CompleteGumtreeMatcher,0,0,0,0,0,0,0,0,98,3,0,0.2,,1300,,,,,2,,,
CompleteGumtreeMatcher,0,0,0,0,0,0,0,0,99,3,0,0.3,,1300,,,,,2,,,
CompleteGumtreeMatcher,0,0,0,0,0,0,0,0,101,3,0,0.4,,1300,,,,,2,,,
CompleteGumtreeMatcher,0,0,0,0,0,0,0,0,99,3,0,0.5,,1300,,,,,2,,,
CompleteGumtreeMatcher,0,0,0,0,0,0,0,0,100,3,0,0.6,,1300,,,,,2,,,
CompleteGumtreeMatcher,0,0,0,0,0,0,0,0,99,3,0,0.7,,1300,,,,,2,,,
CompleteGumtreeMatcher,0,0,0,0,0,0,0,0,99,3,0,0.799,,1300,,,,,2,,,
CompleteGumtreeMatcher,0,0,0,0,0,0,0,0,99,3,0,0.899,,1300,,,,,2,,,
CompleteGumtreeMatcher,0,0,0,0,0,0,0,0,100,3,0,0.999,,1300,,,,,2,,,
CompleteGumtreeMatcher,0,0,0,0,0,0,0,0,98,3,0,0.1,,1400,,,,,2,,,
CompleteGumtreeMatcher,0,0,0,0,0,0,0,0,100,3,0,0.2,,1400,,,,,2,,,
CompleteGumtreeMatcher,0,0,0,0,0,0,0,0,100,3,0,0.3,,1400,,,,,2,,,
CompleteGumtreeMatcher,0,0,0,0,0,0,0,0,98,3,0,0.4,,1400,,,,,2,,,
CompleteGumtreeMatcher,0,0,0,0,0,0,0,0,99,3,0,0.5,,1400,,,,,2,,,
CompleteGumtreeMatcher,0,0,0,0,0,0,0,0,98,3,0,0.6,,1400,,,,,2,,,
CompleteGumtreeMatcher,0,0,0,0,0,0,0,0,100,3,0,0.7,,1400,,,,,2,,,
CompleteGumtreeMatcher,0,0,0,0,0,0,0,0,99,3,0,0.799,,1400,,,,,2,,,
CompleteGumtreeMatcher,0,0,0,0,0,0,0,0,98,3,0,0.899,,1400,,,,,2,,,
CompleteGumtreeMatcher,0,0,0,0,0,0,0,0,99,3,0,0.999,,1400,,,,,2,,,
CompleteGumtreeMatcher,0,0,0,0,0,0,0,0,100,3,0,0.1,,1500,,,,,2,,,
CompleteGumtreeMatcher,0,0,0,0,0,0,0,0,99,3,0,0.2,,1500,,,,,2,,,
CompleteGumtreeMatcher,0,0,0,0,0,0,0,0,100,3,0,0.3,,1500,,,,,2,,,
CompleteGumtreeMatcher,0,0,0,0,0,0,0,0,98,3,0,0.4,,1500,,,,,2,,,
CompleteGumtreeMatcher,0,0,0,0,0,0,0,0,99,3,0,0.5,,1500,,,,,2,,,
CompleteGumtreeMatcher,0,0,0,0,0,0,0,0,100,3,0,0.6,,1500,,,,,2,,,
CompleteGumtreeMatcher,0,0,0,0,0,0,0,0,100,3,0,0.7,,1500,,,,,2,,,
CompleteGumtreeMatcher,0,0,0,0,0,0,0,0,99,3,0,0.799,,1500,,,,,2,,,
CompleteGumtreeMatcher,0,0,0,0,0,0,0,0,99,3,0,0.899,,1500,,,,,2,,,
CompleteGumtreeMatcher,0,0,0,0,0,0,0,0,100,3,0,0.999,,1500,,,,,2,,,
CompleteGumtreeMatcher,0,0,0,0,0,0,0,0,98,3,0,0.1,,1600,,,,,2,,,
CompleteGumtreeMatcher,0,0,0,0,0,0,0,0,100,3,0,0.2,,1600,,,,,2,,,
CompleteGumtreeMatcher,0,0,0,0,0,0,0,0,100,3,0,0.3,,1600,,,,,2,,,
CompleteGumtreeMatcher,0,0,0,0,0,0,0,0,99,3,0,0.4,,1600,,,,,2,,,
CompleteGumtreeMatcher,0,0,0,0,0,0,0,0,99,3,0,0.5,,1600,,,,,2,,,
CompleteGumtreeMatcher,0,0,0,0,0,0,0,0,99,3,0,0.6,,1600,,,,,2,,,
CompleteGumtreeMatcher,0,0,0,0,0,0,0,0,98,3,0,0.7,,1600,,,,,2,,,
CompleteGumtreeMatcher,0,0,0,0,0,0,0,0,99,3,0,0.799,,1600,,,,,2,,,
CompleteGumtreeMatcher,0,0,0,0,0,0,0,0,99,3,0,0.899,,1600,,,,,2,,,
CompleteGumtreeMatcher,0,0,0,0,0,0,0,0,98,3,0,0.999,,1600,,,,,2,,,
CompleteGumtreeMatcher,0,0,0,0,0,0,0,0,99,3,0,0.1,,1700,,,,,2,,,
CompleteGumtreeMatcher,0,0,0,0,0,0,0,0,99,3,0,0.2,,1700,,,,,2,,,
CompleteGumtreeMatcher,0,0,0,0,0,0,0,0,99,3,0,0.3,,1700,,,,,2,,,
CompleteGumtreeMatcher,0,0,0,0,0,0,0,0,98,3,0,0.4,,1700,,,,,2,,,
CompleteGumtreeMatcher,0,0,0,0,0,0,0,0,98,3,0,0.5,,1700,,,,,2,,,
CompleteGumtreeMatcher,0,0,0,0,0,0,0,0,99,3,0,0.6,,1700,,,,,2,,,
CompleteGumtreeMatcher,0,0,0,0,0,0,0,0,99,3,0,0.7,,1700,,,,,2,,,
CompleteGumtreeMatcher,0,0,0,0,0,0,0,0,99,3,0,0.799,,1700,,,,,2,,,
CompleteGumtreeMatcher,0,0,0,0,0,0,0,0,99,3,0,0.899,,1700,,,,,2,,,
CompleteGumtreeMatcher,0,0,0,0,0,0,0,0,99,3,0,0.999,,1700,,,,,2,,,
CompleteGumtreeMatcher,0,0,0,0,0,0,0,0,99,3,0,0.1,,1800,,,,,2,,,
CompleteGumtreeMatcher,0,0,0,0,0,0,0,0,98,3,0,0.2,,1800,,,,,2,,,
CompleteGumtreeMatcher,0,0,0,0,0,0,0,0,99,3,0,0.3,,1800,,,,,2,,,
CompleteGumtreeMatcher,0,0,0,0,0,0,0,0,99,3,0,0.4,,1800,,,,,2,,,
CompleteGumtreeMatcher,0,0,0,0,0,0,0,0,98,3,0,0.5,,1800,,,,,2,,,
CompleteGumtreeMatcher,0,0,0,0,0,0,0,0,99,3,0,0.6,,1800,,,,,2,,,
CompleteGumtreeMatcher,0,0,0,0,0,0,0,0,98,3,0,0.7,,1800,,,,,2,,,
CompleteGumtreeMatcher,0,0,0,0,0,0,0,0,104,3,0,0.799,,1800,,,,,2,,,
CompleteGumtreeMatcher,0,0,0,0,0,0,0,0,103,3,0,0.899,,1800,,,,,2,,,
CompleteGumtreeMatcher,0,0,0,0,0,0,0,0,104,3,0,0.999,,1800,,,,,2,,,
CompleteGumtreeMatcher,0,0,0,0,0,0,0,0,105,3,0,0.1,,1900,,,,,2,,,
CompleteGumtreeMatcher,0,0,0,0,0,0,0,0,104,3,0,0.2,,1900,,,,,2,,,
CompleteGumtreeMatcher,0,0,0,0,0,0,0,0,105,3,0,0.3,,1900,,,,,2,,,
CompleteGumtreeMatcher,0,0,0,0,0,0,0,0,105,3,0,0.4,,1900,,,,,2,,,
CompleteGumtreeMatcher,0,0,0,0,0,0,0,0,106,3,0,0.5,,1900,,,,,2,,,
CompleteGumtreeMatcher,0,0,0,0,0,0,0,0,105,3,0,0.6,,1900,,,,,2,,,
CompleteGumtreeMatcher,0,0,0,0,0,0,0,0,105,3,0,0.7,,1900,,,,,2,,,
CompleteGumtreeMatcher,0,0,0,0,0,0,0,0,99,3,0,0.799,,1900,,,,,2,,,
CompleteGumtreeMatcher,0,0,0,0,0,0,0,0,98,3,0,0.899,,1900,,,,,2,,,
CompleteGumtreeMatcher,0,0,0,0,0,0,0,0,103,3,0,0.999,,1900,,,,,2,,,
CompleteGumtreeMatcher,0,0,0,0,0,0,0,0,99,3,0,0.1,,2000,,,,,2,,,
CompleteGumtreeMatcher,0,0,0,0,0,0,0,0,99,3,0,0.2,,2000,,,,,2,,,
CompleteGumtreeMatcher,0,0,0,0,0,0,0,0,98,3,0,0.3,,2000,,,,,2,,,
CompleteGumtreeMatcher,0,0,0,0,0,0,0,0,99,3,0,0.4,,2000,,,,,2,,,
CompleteGumtreeMatcher,0,0,0,0,0,0,0,0,99,3,0,0.5,,2000,,,,,2,,,
CompleteGumtreeMatcher,0,0,0,0,0,0,0,0,99,3,0,0.6,,2000,,,,,2,,,
CompleteGumtreeMatcher,0,0,0,0,0,0,0,0,99,3,0,0.7,,2000,,,,,2,,,
CompleteGumtreeMatcher,0,0,0,0,0,0,0,0,99,3,0,0.799,,2000,,,,,2,,,
CompleteGumtreeMatcher,0,0,0,0,0,0,0,0,99,3,0,0.899,,2000,,,,,2,,,
CompleteGumtreeMatcher,0,0,0,0,0,0,0,0,99,3,0,0.999,,2000,,,,,2,,,
CompleteGumtreeMatcher,0,0,0,0,0,0,0,0,1,3,0,0.1,,100,,,,,3,,,
CompleteGumtreeMatcher,0,0,0,0,0,0,0,0,0,3,0,0.2,,100,,,,,3,,,
CompleteGumtreeMatcher,0,0,0,0,0,0,0,0,1,3,0,0.3,,100,,,,,3,,,
CompleteGumtreeMatcher,0,0,0,0,0,0,0,0,1,3,0,0.4,,100,,,,,3,,,
CompleteGumtreeMatcher,0,0,0,0,0,0,0,0,1,3,0,0.5,,100,,,,,3,,,
CompleteGumtreeMatcher,0,0,0,0,0,0,0,0,0,3,0,0.6,,100,,,,,3,,,
CompleteGumtreeMatcher,0,0,0,0,0,0,0,0,0,3,0,0.7,,100,,,,,3,,,
CompleteGumtreeMatcher,0,0,0,0,0,0,0,0,1,3,0,0.799,,100,,,,,3,,,
CompleteGumtreeMatcher,0,0,0,0,0,0,0,0,1,3,0,0.899,,100,,,,,3,,,
CompleteGumtreeMatcher,0,0,0,0,0,0,0,0,0,3,0,0.999,,100,,,,,3,,,
CompleteGumtreeMatcher,0,0,0,0,0,0,0,0,0,3,0,0.1,,200,,,,,3,,,
CompleteGumtreeMatcher,0,0,0,0,0,0,0,0,1,3,0,0.2,,200,,,,,3,,,
CompleteGumtreeMatcher,0,0,0,0,0,0,0,0,1,3,0,0.3,,200,,,,,3,,,
CompleteGumtreeMatcher,0,0,0,0,0,0,0,0,0,3,0,0.4,,200,,,,,3,,,
CompleteGumtreeMatcher,0,0,0,0,0,0,0,0,0,3,0,0.5,,200,,,,,3,,,
CompleteGumtreeMatcher,0,0,0,0,0,0,0,0,1,3,0,0.6,,200,,,,,3,,,
CompleteGumtreeMatcher,0,0,0,0,0,0,0,0,1,3,0,0.7,,200,,,,,3,,,
CompleteGumtreeMatcher,0,0,0,0,0,0,0,0,1,3,0,0.799,,200,,,,,3,,,
CompleteGumtreeMatcher,0,0,0,0,0,0,0,0,0,3,0,0.899,,200,,,,,3,,,
CompleteGumtreeMatcher,0,0,0,0,0,0,0,0,0,3,0,0.999,,200,,,,,3,,,
CompleteGumtreeMatcher,0,0,0,0,0,0,0,0,1,3,0,0.1,,300,,,,,3,,,
CompleteGumtreeMatcher,0,0,0,0,0,0,0,0,1,3,0,0.2,,300,,,,,3,,,
CompleteGumtreeMatcher,0,0,0,0,0,0,0,0,1,3,0,0.3,,300,,,,,3,,,
CompleteGumtreeMatcher,0,0,0,0,0,0,0,0,0,3,0,0.4,,300,,,,,3,,,
CompleteGumtreeMatcher,0,0,0,0,0,0,0,0,0,3,0,0.5,,300,,,,,3,,,
CompleteGumtreeMatcher,0,0,0,0,0,0,0,0,1,3,0,0.6,,300,,,,,3,,,
CompleteGumtreeMatcher,0,0,0,0,0,0,0,0,1,3,0,0.7,,300,,,,,3,,,
CompleteGumtreeMatcher,0,0,0,0,0,0,0,0,1,3,0,0.799,,300,,,,,3,,,
CompleteGumtreeMatcher,0,0,0,0,0,0,0,0,1,3,0,0.899,,300,,,,,3,,,
CompleteGumtreeMatcher,0,0,0,0,0,0,0,0,0,3,0,0.999,,300,,,,,3,,,
CompleteGumtreeMatcher,0,0,0,0,0,0,0,0,99,3,0,0.1,,400,,,,,3,,,
CompleteGumtreeMatcher,0,0,0,0,0,0,0,0,98,3,0,0.2,,400,,,,,3,,,
CompleteGumtreeMatcher,0,0,0,0,0,0,0,0,99,3,0,0.3,,400,,,,,3,,,
CompleteGumtreeMatcher,0,0,0,0,0,0,0,0,101,3,0,0.4,,400,,,,,3,,,
CompleteGumtreeMatcher,0,0,0,0,0,0,0,0,100,3,0,0.5,,400,,,,,3,,,
CompleteGumtreeMatcher,0,0,0,0,0,0,0,0,100,3,0,0.6,,400,,,,,3,,,
CompleteGumtreeMatcher,0,0,0,0,0,0,0,0,100,3,0,0.7,,400,,,,,3,,,
CompleteGumtreeMatcher,0,0,0,0,0,0,0,0,99,3,0,0.799,,400,,,,,3,,,
CompleteGumtreeMatcher,0,0,0,0,0,0,0,0,98,3,0,0.899,,400,,,,,3,,,
CompleteGumtreeMatcher,0,0,0,0,0,0,0,0,100,3,0,0.999,,400,,,,,3,,,
CompleteGumtreeMatcher,0,0,0,0,0,0,0,0,99,3,0,0.1,,500,,,,,3,,,
CompleteGumtreeMatcher,0,0,0,0,0,0,0,0,99,3,0,0.2,,500,,,,,3,,,
CompleteGumtreeMatcher,0,0,0,0,0,0,0,0,100,3,0,0.3,,500,,,,,3,,,
CompleteGumtreeMatcher,0,0,0,0,0,0,0,0,98,3,0,0.4,,500,,,,,3,,,
CompleteGumtreeMatcher,0,0,0,0,0,0,0,0,98,3,0,0.5,,500,,,,,3,,,
CompleteGumtreeMatcher,0,0,0,0,0,0,0,0,98,3,0,0.6,,500,,,,,3,,,
CompleteGumtreeMatcher,0,0,0,0,0,0,0,0,98,3,0,0.7,,500,,,,,3,,,
CompleteGumtreeMatcher,0,0,0,0,0,0,0,0,99,3,0,0.799,,500,,,,,3,,,
CompleteGumtreeMatcher,0,0,0,0,0,0,0,0,99,3,0,0.899,,500,,,,,3,,,
CompleteGumtreeMatcher,0,0,0,0,0,0,0,0,100,3,0,0.999,,500,,,,,3,,,
CompleteGumtreeMatcher,0,0,0,0,0,0,0,0,98,3,0,0.1,,600,,,,,3,,,
CompleteGumtreeMatcher,0,0,0,0,0,0,0,0,99,3,0,0.2,,600,,,,,3,,,
CompleteGumtreeMatcher,0,0,0,0,0,0,0,0,99,3,0,0.3,,600,,,,,3,,,
CompleteGumtreeMatcher,0,0,0,0,0,0,0,0,99,3,0,0.4,,600,,,,,3,,,
CompleteGumtreeMatcher,0,0,0,0,0,0,0,0,99,3,0,0.5,,600,,,,,3,,,
CompleteGumtreeMatcher,0,0,0,0,0,0,0,0,98,3,0,0.6,,600,,,,,3,,,
CompleteGumtreeMatcher,0,0,0,0,0,0,0,0,99,3,0,0.7,,600,,,,,3,,,
CompleteGumtreeMatcher,0,0,0,0,0,0,0,0,99,3,0,0.799,,600,,,,,3,,,
CompleteGumtreeMatcher,0,0,0,0,0,0,0,0,98,3,0,0.899,,600,,,,,3,,,
CompleteGumtreeMatcher,0,0,0,0,0,0,0,0,100,3,0,0.999,,600,,,,,3,,,
CompleteGumtreeMatcher,0,0,0,0,0,0,0,0,99,3,0,0.1,,700,,,,,3,,,
CompleteGumtreeMatcher,0,0,0,0,0,0,0,0,99,3,0,0.2,,700,,,,,3,,,
CompleteGumtreeMatcher,0,0,0,0,0,0,0,0,99,3,0,0.3,,700,,,,,3,,,
CompleteGumtreeMatcher,0,0,0,0,0,0,0,0,100,3,0,0.4,,700,,,,,3,,,
CompleteGumtreeMatcher,0,0,0,0,0,0,0,0,99,3,0,0.5,,700,,,,,3,,,
CompleteGumtreeMatcher,0,0,0,0,0,0,0,0,98,3,0,0.6,,700,,,,,3,,,
CompleteGumtreeMatcher,0,0,0,0,0,0,0,0,98,3,0,0.7,,700,,,,,3,,,
CompleteGumtreeMatcher,0,0,0,0,0,0,0,0,100,3,0,0.799,,700,,,,,3,,,
CompleteGumtreeMatcher,0,0,0,0,0,0,0,0,98,3,0,0.899,,700,,,,,3,,,
CompleteGumtreeMatcher,0,0,0,0,0,0,0,0,100,3,0,0.999,,700,,,,,3,,,
CompleteGumtreeMatcher,0,0,0,0,0,0,0,0,99,3,0,0.1,,800,,,,,3,,,
CompleteGumtreeMatcher,0,0,0,0,0,0,0,0,100,3,0,0.2,,800,,,,,3,,,
CompleteGumtreeMatcher,0,0,0,0,0,0,0,0,98,3,0,0.3,,800,,,,,3,,,
CompleteGumtreeMatcher,0,0,0,0,0,0,0,0,98,3,0,0.4,,800,,,,,3,,,
CompleteGumtreeMatcher,0,0,0,0,0,0,0,0,98,3,0,0.5,,800,,,,,3,,,
CompleteGumtreeMatcher,0,0,0,0,0,0,0,0,99,3,0,0.6,,800,,,,,3,,,
CompleteGumtreeMatcher,0,0,0,0,0,0,0,0,98,3,0,0.7,,800,,,,,3,,,
CompleteGumtreeMatcher,0,0,0,0,0,0,0,0,99,3,0,0.799,,800,,,,,3,,,
CompleteGumtreeMatcher,0,0,0,0,0,0,0,0,99,3,0,0.899,,800,,,,,3,,,
CompleteGumtreeMatcher,0,0,0,0,0,0,0,0,99,3,0,0.999,,800,,,,,3,,,
CompleteGumtreeMatcher,0,0,0,0,0,0,0,0,104,3,0,0.1,,900,,,,,3,,,
CompleteGumtreeMatcher,0,0,0,0,0,0,0,0,104,3,0,0.2,,900,,,,,3,,,
CompleteGumtreeMatcher,0,0,0,0,0,0,0,0,106,3,0,0.3,,900,,,,,3,,,
CompleteGumtreeMatcher,0,0,0,0,0,0,0,0,104,3,0,0.4,,900,,,,,3,,,
CompleteGumtreeMatcher,0,0,0,0,0,0,0,0,105,3,0,0.5,,900,,,,,3,,,
CompleteGumtreeMatcher,0,0,0,0,0,0,0,0,106,3,0,0.6,,900,,,,,3,,,
CompleteGumtreeMatcher,0,0,0,0,0,0,0,0,105,3,0,0.7,,900,,,,,3,,,
CompleteGumtreeMatcher,0,0,0,0,0,0,0,0,105,3,0,0.799,,900,,,,,3,,,
CompleteGumtreeMatcher,0,0,0,0,0,0,0,0,106,3,0,0.899,,900,,,,,3,,,
CompleteGumtreeMatcher,0,0,0,0,0,0,0,0,106,3,0,0.999,,900,,,,,3,,,
CompleteGumtreeMatcher,0,0,0,0,0,0,0,0,100,3,0,0.1,,1000,,,,,3,,,
CompleteGumtreeMatcher,0,0,0,0,0,0,0,0,99,3,0,0.2,,1000,,,,,3,,,
CompleteGumtreeMatcher,0,0,0,0,0,0,0,0,98,3,0,0.3,,1000,,,,,3,,,
CompleteGumtreeMatcher,0,0,0,0,0,0,0,0,99,3,0,0.4,,1000,,,,,3,,,
CompleteGumtreeMatcher,0,0,0,0,0,0,0,0,100,3,0,0.5,,1000,,,,,3,,,
CompleteGumtreeMatcher,0,0,0,0,0,0,0,0,98,3,0,0.6,,1000,,,,,3,,,
CompleteGumtreeMatcher,0,0,0,0,0,0,0,0,99,3,0,0.7,,1000,,,,,3,,,
CompleteGumtreeMatcher,0,0,0,0,0,0,0,0,98,3,0,0.799,,1000,,,,,3,,,
CompleteGumtreeMatcher,0,0,0,0,0,0,0,0,99,3,0,0.899,,1000,,,,,3,,,
CompleteGumtreeMatcher,0,0,0,0,0,0,0,0,100,3,0,0.999,,1000,,,,,3,,,
CompleteGumtreeMatcher,0,0,0,0,0,0,0,0,98,3,0,0.1,,1100,,,,,3,,,
CompleteGumtreeMatcher,0,0,0,0,0,0,0,0,99,3,0,0.2,,1100,,,,,3,,,
CompleteGumtreeMatcher,0,0,0,0,0,0,0,0,100,3,0,0.3,,1100,,,,,3,,,
CompleteGumtreeMatcher,0,0,0,0,0,0,0,0,99,3,0,0.4,,1100,,,,,3,,,
CompleteGumtreeMatcher,0,0,0,0,0,0,0,0,99,3,0,0.5,,1100,,,,,3,,,
CompleteGumtreeMatcher,0,0,0,0,0,0,0,0,99,3,0,0.6,,1100,,,,,3,,,
CompleteGumtreeMatcher,0,0,0,0,0,0,0,0,99,3,0,0.7,,1100,,,,,3,,,
CompleteGumtreeMatcher,0,0,0,0,0,0,0,0,99,3,0,0.799,,1100,,,,,3,,,
CompleteGumtreeMatcher,0,0,0,0,0,0,0,0,99,3,0,0.899,,1100,,,,,3,,,
CompleteGumtreeMatcher,0,0,0,0,0,0,0,0,99,3,0,0.999,,1100,,,,,3,,,
CompleteGumtreeMatcher,0,0,0,0,0,0,0,0,99,3,0,0.1,,1200,,,,,3,,,
CompleteGumtreeMatcher,0,0,0,0,0,0,0,0,97,3,0,0.2,,1200,,,,,3,,,
CompleteGumtreeMatcher,0,0,0,0,0,0,0,0,98,3,0,0.3,,1200,,,,,3,,,
CompleteGumtreeMatcher,0,0,0,0,0,0,0,0,98,3,0,0.4,,1200,,,,,3,,,
CompleteGumtreeMatcher,0,0,0,0,0,0,0,0,99,3,0,0.5,,1200,,,,,3,,,
CompleteGumtreeMatcher,0,0,0,0,0,0,0,0,98,3,0,0.6,,1200,,,,,3,,,
CompleteGumtreeMatcher,0,0,0,0,0,0,0,0,100,3,0,0.7,,1200,,,,,3,,,
CompleteGumtreeMatcher,0,0,0,0,0,0,0,0,98,3,0,0.799,,1200,,,,,3,,,
CompleteGumtreeMatcher,0,0,0,0,0,0,0,0,99,3,0,0.899,,1200,,,,,3,,,
CompleteGumtreeMatcher,0,0,0,0,0,0,0,0,100,3,0,0.999,,1200,,,,,3,,,
CompleteGumtreeMatcher,0,0,0,0,0,0,0,0,98,3,0,0.1,,1300,,,,,3,,,
CompleteGumtreeMatcher,0,0,0,0,0,0,0,0,99,3,0,0.2,,1300,,,,,3,,,
CompleteGumtreeMatcher,0,0,0,0,0,0,0,0,98,3,0,0.3,,1300,,,,,3,,,
CompleteGumtreeMatcher,0,0,0,0,0,0,0,0,98,3,0,0.4,,1300,,,,,3,,,
CompleteGumtreeMatcher,0,0,0,0,0,0,0,0,99,3,0,0.5,,1300,,,,,3,,,
CompleteGumtreeMatcher,0,0,0,0,0,0,0,0,100,3,0,0.6,,1300,,,,,3,,,
CompleteGumtreeMatcher,0,0,0,0,0,0,0,0,100,3,0,0.7,,1300,,,,,3,,,
CompleteGumtreeMatcher,0,0,0,0,0,0,0,0,99,3,0,0.799,,1300,,,,,3,,,
CompleteGumtreeMatcher,0,0,0,0,0,0,0,0,99,3,0,0.899,,1300,,,,,3,,,
CompleteGumtreeMatcher,0,0,0,0,0,0,0,0,99,3,0,0.999,,1300,,,,,3,,,
CompleteGumtreeMatcher,0,0,0,0,0,0,0,0,99,3,0,0.1,,1400,,,,,3,,,
CompleteGumtreeMatcher,0,0,0,0,0,0,0,0,98,3,0,0.2,,1400,,,,,3,,,
CompleteGumtreeMatcher,0,0,0,0,0,0,0,0,98,3,0,0.3,,1400,,,,,3,,,
CompleteGumtreeMatcher,0,0,0,0,0,0,0,0,98,3,0,0.4,,1400,,,,,3,,,
CompleteGumtreeMatcher,0,0,0,0,0,0,0,0,99,3,0,0.5,,1400,,,,,3,,,
CompleteGumtreeMatcher,0,0,0,0,0,0,0,0,99,3,0,0.6,,1400,,,,,3,,,
CompleteGumtreeMatcher,0,0,0,0,0,0,0,0,99,3,0,0.7,,1400,,,,,3,,,
CompleteGumtreeMatcher,0,0,0,0,0,0,0,0,99,3,0,0.799,,1400,,,,,3,,,
CompleteGumtreeMatcher,0,0,0,0,0,0,0,0,99,3,0,0.899,,1400,,,,,3,,,
CompleteGumtreeMatcher,0,0,0,0,0,0,0,0,100,3,0,0.999,,1400,,,,,3,,,
CompleteGumtreeMatcher,0,0,0,0,0,0,0,0,98,3,0,0.1,,1500,,,,,3,,,
CompleteGumtreeMatcher,0,0,0,0,0,0,0,0,99,3,0,0.2,,1500,,,,,3,,,
CompleteGumtreeMatcher,0,0,0,0,0,0,0,0,99,3,0,0.3,,1500,,,,,3,,,
CompleteGumtreeMatcher,0,0,0,0,0,0,0,0,99,3,0,0.4,,1500,,,,,3,,,
CompleteGumtreeMatcher,0,0,0,0,0,0,0,0,98,3,0,0.5,,1500,,,,,3,,,
CompleteGumtreeMatcher,0,0,0,0,0,0,0,0,99,3,0,0.6,,1500,,,,,3,,,
CompleteGumtreeMatcher,0,0,0,0,0,0,0,0,100,3,0,0.7,,1500,,,,,3,,,
CompleteGumtreeMatcher,0,0,0,0,0,0,0,0,99,3,0,0.799,,1500,,,,,3,,,
CompleteGumtreeMatcher,0,0,0,0,0,0,0,0,100,3,0,0.899,,1500,,,,,3,,,
CompleteGumtreeMatcher,0,0,0,0,0,0,0,0,99,3,0,0.999,,1500,,,,,3,,,
CompleteGumtreeMatcher,0,0,0,0,0,0,0,0,99,3,0,0.1,,1600,,,,,3,,,
CompleteGumtreeMatcher,0,0,0,0,0,0,0,0,99,3,0,0.2,,1600,,,,,3,,,
CompleteGumtreeMatcher,0,0,0,0,0,0,0,0,99,3,0,0.3,,1600,,,,,3,,,
CompleteGumtreeMatcher,0,0,0,0,0,0,0,0,98,3,0,0.4,,1600,,,,,3,,,
CompleteGumtreeMatcher,0,0,0,0,0,0,0,0,99,3,0,0.5,,1600,,,,,3,,,
CompleteGumtreeMatcher,0,0,0,0,0,0,0,0,100,3,0,0.6,,1600,,,,,3,,,
CompleteGumtreeMatcher,0,0,0,0,0,0,0,0,99,3,0,0.7,,1600,,,,,3,,,
CompleteGumtreeMatcher,0,0,0,0,0,0,0,0,98,3,0,0.799,,1600,,,,,3,,,
CompleteGumtreeMatcher,0,0,0,0,0,0,0,0,99,3,0,0.899,,1600,,,,,3,,,
CompleteGumtreeMatcher,0,0,0,0,0,0,0,0,104,3,0,0.999,,1600,,,,,3,,,
CompleteGumtreeMatcher,0,0,0,0,0,0,0,0,103,3,0,0.1,,1700,,,,,3,,,
CompleteGumtreeMatcher,0,0,0,0,0,0,0,0,104,3,0,0.2,,1700,,,,,3,,,
CompleteGumtreeMatcher,0,0,0,0,0,0,0,0,105,3,0,0.3,,1700,,,,,3,,,
CompleteGumtreeMatcher,0,0,0,0,0,0,0,0,105,3,0,0.4,,1700,,,,,3,,,
CompleteGumtreeMatcher,0,0,0,0,0,0,0,0,103,3,0,0.5,,1700,,,,,3,,,
CompleteGumtreeMatcher,0,0,0,0,0,0,0,0,104,3,0,0.6,,1700,,,,,3,,,
CompleteGumtreeMatcher,0,0,0,0,0,0,0,0,104,3,0,0.7,,1700,,,,,3,,,
CompleteGumtreeMatcher,0,0,0,0,0,0,0,0,104,3,0,0.799,,1700,,,,,3,,,
CompleteGumtreeMatcher,0,0,0,0,0,0,0,0,105,3,0,0.899,,1700,,,,,3,,,
CompleteGumtreeMatcher,0,0,0,0,0,0,0,0,99,3,0,0.999,,1700,,,,,3,,,
CompleteGumtreeMatcher,0,0,0,0,0,0,0,0,99,3,0,0.1,,1800,,,,,3,,,
CompleteGumtreeMatcher,0,0,0,0,0,0,0,0,98,3,0,0.2,,1800,,,,,3,,,
CompleteGumtreeMatcher,0,0,0,0,0,0,0,0,99,3,0,0.3,,1800,,,,,3,,,
CompleteGumtreeMatcher,0,0,0,0,0,0,0,0,100,3,0,0.4,,1800,,,,,3,,,
CompleteGumtreeMatcher,0,0,0,0,0,0,0,0,99,3,0,0.5,,1800,,,,,3,,,
CompleteGumtreeMatcher,0,0,0,0,0,0,0,0,100,3,0,0.6,,1800,,,,,3,,,
CompleteGumtreeMatcher,0,0,0,0,0,0,0,0,100,3,0,0.7,,1800,,,,,3,,,
CompleteGumtreeMatcher,0,0,0,0,0,0,0,0,98,3,0,0.799,,1800,,,,,3,,,
CompleteGumtreeMatcher,0,0,0,0,0,0,0,0,101,3,0,0.899,,1800,,,,,3,,,
CompleteGumtreeMatcher,0,0,0,0,0,0,0,0,99,3,0,0.999,,1800,,,,,3,,,
CompleteGumtreeMatcher,0,0,0,0,0,0,0,0,99,3,0,0.1,,1900,,,,,3,,,
CompleteGumtreeMatcher,0,0,0,0,0,0,0,0,99,3,0,0.2,,1900,,,,,3,,,
CompleteGumtreeMatcher,0,0,0,0,0,0,0,0,99,3,0,0.3,,1900,,,,,3,,,
CompleteGumtreeMatcher,0,0,0,0,0,0,0,0,99,3,0,0.4,,1900,,,,,3,,,
CompleteGumtreeMatcher,0,0,0,0,0,0,0,0,99,3,0,0.5,,1900,,,,,3,,,
CompleteGumtreeMatcher,0,0,0,0,0,0,0,0,99,3,0,0.6,,1900,,,,,3,,,
CompleteGumtreeMatcher,0,0,0,0,0,0,0,0,99,3,0,0.7,,1900,,,,,3,,,
CompleteGumtreeMatcher,0,0,0,0,0,0,0,0,99,3,0,0.799,,1900,,,,,3,,,
CompleteGumtreeMatcher,0,0,0,0,0,0,0,0,99,3,0,0.899,,1900,,,,,3,,,
CompleteGumtreeMatcher,0,0,0,0,0,0,0,0,99,3,0,0.999,,1900,,,,,3,,,
CompleteGumtreeMatcher,0,0,0,0,0,0,0,0,98,3,0,0.1,,2000,,,,,3,,,
CompleteGumtreeMatcher,0,0,0,0,0,0,0,0,99,3,0,0.2,,2000,,,,,3,,,
CompleteGumtreeMatcher,0,0,0,0,0,0,0,0,99,3,0,0.3,,2000,,,,,3,,,
CompleteGumtreeMatcher,0,0,0,0,0,0,0,0,98,3,0,0.4,,2000,,,,,3,,,
CompleteGumtreeMatcher,0,0,0,0,0,0,0,0,98,3,0,0.5,,2000,,,,,3,,,
CompleteGumtreeMatcher,0,0,0,0,0,0,0,0,100,3,0,0.6,,2000,,,,,3,,,
CompleteGumtreeMatcher,0,0,0,0,0,0,0,0,100,3,0,0.7,,2000,,,,,3,,,
CompleteGumtreeMatcher,0,0,0,0,0,0,0,0,99,3,0,0.799,,2000,,,,,3,,,
CompleteGumtreeMatcher,0,0,0,0,0,0,0,0,99,3,0,0.899,,2000,,,,,3,,,
CompleteGumtreeMatcher,0,0,0,0,0,0,0,0,99,3,0,0.999,,2000,,,,,3,,,
CompleteGumtreeMatcher,0,0,0,0,0,0,0,0,1,3,0,0.1,,100,,,,,4,,,
CompleteGumtreeMatcher,0,0,0,0,0,0,0,0,0,3,0,0.2,,100,,,,,4,,,
CompleteGumtreeMatcher,0,0,0,0,0,0,0,0,1,3,0,0.3,,100,,,,,4,,,
CompleteGumtreeMatcher,0,0,0,0,0,0,0,0,1,3,0,0.4,,100,,,,,4,,,
CompleteGumtreeMatcher,0,0,0,0,0,0,0,0,1,3,0,0.5,,100,,,,,4,,,
CompleteGumtreeMatcher,0,0,0,0,0,0,0,0,0,3,0,0.6,,100,,,,,4,,,
CompleteGumtreeMatcher,0,0,0,0,0,0,0,0,0,3,0,0.7,,100,,,,,4,,,
CompleteGumtreeMatcher,0,0,0,0,0,0,0,0,1,3,0,0.799,,100,,,,,4,,,
CompleteGumtreeMatcher,0,0,0,0,0,0,0,0,1,3,0,0.899,,100,,,,,4,,,
CompleteGumtreeMatcher,0,0,0,0,0,0,0,0,0,3,0,0.999,,100,,,,,4,,,
CompleteGumtreeMatcher,0,0,0,0,0,0,0,0,0,3,0,0.1,,200,,,,,4,,,
CompleteGumtreeMatcher,0,0,0,0,0,0,0,0,1,3,0,0.2,,200,,,,,4,,,
CompleteGumtreeMatcher,0,0,0,0,0,0,0,0,1,3,0,0.3,,200,,,,,4,,,
CompleteGumtreeMatcher,0,0,0,0,0,0,0,0,0,3,0,0.4,,200,,,,,4,,,
CompleteGumtreeMatcher,0,0,0,0,0,0,0,0,0,3,0,0.5,,200,,,,,4,,,
CompleteGumtreeMatcher,0,0,0,0,0,0,0,0,0,3,0,0.6,,200,,,,,4,,,
CompleteGumtreeMatcher,0,0,0,0,0,0,0,0,1,3,0,0.7,,200,,,,,4,,,
CompleteGumtreeMatcher,0,0,0,0,0,0,0,0,1,3,0,0.799,,200,,,,,4,,,
CompleteGumtreeMatcher,0,0,0,0,0,0,0,0,1,3,0,0.899,,200,,,,,4,,,
CompleteGumtreeMatcher,0,0,0,0,0,0,0,0,0,3,0,0.999,,200,,,,,4,,,
CompleteGumtreeMatcher,0,0,0,0,0,0,0,0,0,3,0,0.1,,300,,,,,4,,,
CompleteGumtreeMatcher,0,0,0,0,0,0,0,0,1,3,0,0.2,,300,,,,,4,,,
CompleteGumtreeMatcher,0,0,0,0,0,0,0,0,1,3,0,0.3,,300,,,,,4,,,
CompleteGumtreeMatcher,0,0,0,0,0,0,0,0,1,3,0,0.4,,300,,,,,4,,,
CompleteGumtreeMatcher,0,0,0,0,0,0,0,0,1,3,0,0.5,,300,,,,,4,,,
CompleteGumtreeMatcher,0,0,0,0,0,0,0,0,0,3,0,0.6,,300,,,,,4,,,
CompleteGumtreeMatcher,0,0,0,0,0,0,0,0,0,3,0,0.7,,300,,,,,4,,,
CompleteGumtreeMatcher,0,0,0,0,0,0,0,0,0,3,0,0.799,,300,,,,,4,,,
CompleteGumtreeMatcher,0,0,0,0,0,0,0,0,0,3,0,0.899,,300,,,,,4,,,
CompleteGumtreeMatcher,0,0,0,0,0,0,0,0,1,3,0,0.999,,300,,,,,4,,,
CompleteGumtreeMatcher,0,0,0,0,0,0,0,0,100,3,0,0.1,,400,,,,,4,,,
CompleteGumtreeMatcher,0,0,0,0,0,0,0,0,100,3,0,0.2,,400,,,,,4,,,
CompleteGumtreeMatcher,0,0,0,0,0,0,0,0,100,3,0,0.3,,400,,,,,4,,,
CompleteGumtreeMatcher,0,0,0,0,0,0,0,0,99,3,0,0.4,,400,,,,,4,,,
CompleteGumtreeMatcher,0,0,0,0,0,0,0,0,99,3,0,0.5,,400,,,,,4,,,
CompleteGumtreeMatcher,0,0,0,0,0,0,0,0,99,3,0,0.6,,400,,,,,4,,,
CompleteGumtreeMatcher,0,0,0,0,0,0,0,0,99,3,0,0.7,,400,,,,,4,,,
CompleteGumtreeMatcher,0,0,0,0,0,0,0,0,98,3,0,0.799,,400,,,,,4,,,
CompleteGumtreeMatcher,0,0,0,0,0,0,0,0,99,3,0,0.899,,400,,,,,4,,,
CompleteGumtreeMatcher,0,0,0,0,0,0,0,0,99,3,0,0.999,,400,,,,,4,,,
CompleteGumtreeMatcher,0,0,0,0,0,0,0,0,99,3,0,0.1,,500,,,,,4,,,
CompleteGumtreeMatcher,0,0,0,0,0,0,0,0,98,3,0,0.2,,500,,,,,4,,,
CompleteGumtreeMatcher,0,0,0,0,0,0,0,0,99,3,0,0.3,,500,,,,,4,,,
CompleteGumtreeMatcher,0,0,0,0,0,0,0,0,99,3,0,0.4,,500,,,,,4,,,
CompleteGumtreeMatcher,0,0,0,0,0,0,0,0,98,3,0,0.5,,500,,,,,4,,,
CompleteGumtreeMatcher,0,0,0,0,0,0,0,0,99,3,0,0.6,,500,,,,,4,,,
CompleteGumtreeMatcher,0,0,0,0,0,0,0,0,99,3,0,0.7,,500,,,,,4,,,
CompleteGumtreeMatcher,0,0,0,0,0,0,0,0,98,3,0,0.799,,500,,,,,4,,,
CompleteGumtreeMatcher,0,0,0,0,0,0,0,0,99,3,0,0.899,,500,,,,,4,,,
CompleteGumtreeMatcher,0,0,0,0,0,0,0,0,100,3,0,0.999,,500,,,,,4,,,
CompleteGumtreeMatcher,0,0,0,0,0,0,0,0,99,3,0,0.1,,600,,,,,4,,,
CompleteGumtreeMatcher,0,0,0,0,0,0,0,0,99,3,0,0.2,,600,,,,,4,,,
CompleteGumtreeMatcher,0,0,0,0,0,0,0,0,99,3,0,0.3,,600,,,,,4,,,
CompleteGumtreeMatcher,0,0,0,0,0,0,0,0,98,3,0,0.4,,600,,,,,4,,,
CompleteGumtreeMatcher,0,0,0,0,0,0,0,0,98,3,0,0.5,,600,,,,,4,,,
CompleteGumtreeMatcher,0,0,0,0,0,0,0,0,99,3,0,0.6,,600,,,,,4,,,
CompleteGumtreeMatcher,0,0,0,0,0,0,0,0,99,3,0,0.7,,600,,,,,4,,,
CompleteGumtreeMatcher,0,0,0,0,0,0,0,0,98,3,0,0.799,,600,,,,,4,,,
CompleteGumtreeMatcher,0,0,0,0,0,0,0,0,99,3,0,0.899,,600,,,,,4,,,
CompleteGumtreeMatcher,0,0,0,0,0,0,0,0,99,3,0,0.999,,600,,,,,4,,,
CompleteGumtreeMatcher,0,0,0,0,0,0,0,0,99,3,0,0.1,,700,,,,,4,,,
CompleteGumtreeMatcher,0,0,0,0,0,0,0,0,98,3,0,0.2,,700,,,,,4,,,
CompleteGumtreeMatcher,0,0,0,0,0,0,0,0,100,3,0,0.3,,700,,,,,4,,,
CompleteGumtreeMatcher,0,0,0,0,0,0,0,0,99,3,0,0.4,,700,,,,,4,,,
CompleteGumtreeMatcher,0,0,0,0,0,0,0,0,99,3,0,0.5,,700,,,,,4,,,
CompleteGumtreeMatcher,0,0,0,0,0,0,0,0,99,3,0,0.6,,700,,,,,4,,,
CompleteGumtreeMatcher,0,0,0,0,0,0,0,0,99,3,0,0.7,,700,,,,,4,,,
CompleteGumtreeMatcher,0,0,0,0,0,0,0,0,99,3,0,0.799,,700,,,,,4,,,
CompleteGumtreeMatcher,0,0,0,0,0,0,0,0,108,3,0,0.899,,700,,,,,4,,,
CompleteGumtreeMatcher,0,0,0,0,0,0,0,0,105,3,0,0.999,,700,,,,,4,,,
CompleteGumtreeMatcher,0,0,0,0,0,0,0,0,106,3,0,0.1,,800,,,,,4,,,
CompleteGumtreeMatcher,0,0,0,0,0,0,0,0,106,3,0,0.2,,800,,,,,4,,,
CompleteGumtreeMatcher,0,0,0,0,0,0,0,0,106,3,0,0.3,,800,,,,,4,,,
CompleteGumtreeMatcher,0,0,0,0,0,0,0,0,105,3,0,0.4,,800,,,,,4,,,
CompleteGumtreeMatcher,0,0,0,0,0,0,0,0,106,3,0,0.5,,800,,,,,4,,,
CompleteGumtreeMatcher,0,0,0,0,0,0,0,0,105,3,0,0.6,,800,,,,,4,,,
CompleteGumtreeMatcher,0,0,0,0,0,0,0,0,106,3,0,0.7,,800,,,,,4,,,
CompleteGumtreeMatcher,0,0,0,0,0,0,0,0,104,3,0,0.799,,800,,,,,4,,,
CompleteGumtreeMatcher,0,0,0,0,0,0,0,0,101,3,0,0.899,,800,,,,,4,,,
CompleteGumtreeMatcher,0,0,0,0,0,0,0,0,100,3,0,0.999,,800,,,,,4,,,
CompleteGumtreeMatcher,0,0,0,0,0,0,0,0,98,3,0,0.1,,900,,,,,4,,,
CompleteGumtreeMatcher,0,0,0,0,0,0,0,0,100,3,0,0.2,,900,,,,,4,,,
CompleteGumtreeMatcher,0,0,0,0,0,0,0,0,99,3,0,0.3,,900,,,,,4,,,
CompleteGumtreeMatcher,0,0,0,0,0,0,0,0,99,3,0,0.4,,900,,,,,4,,,
CompleteGumtreeMatcher,0,0,0,0,0,0,0,0,100,3,0,0.5,,900,,,,,4,,,
CompleteGumtreeMatcher,0,0,0,0,0,0,0,0,100,3,0,0.6,,900,,,,,4,,,
CompleteGumtreeMatcher,0,0,0,0,0,0,0,0,101,3,0,0.7,,900,,,,,4,,,
CompleteGumtreeMatcher,0,0,0,0,0,0,0,0,99,3,0,0.799,,900,,,,,4,,,
CompleteGumtreeMatcher,0,0,0,0,0,0,0,0,99,3,0,0.899,,900,,,,,4,,,
CompleteGumtreeMatcher,0,0,0,0,0,0,0,0,100,3,0,0.999,,900,,,,,4,,,
CompleteGumtreeMatcher,0,0,0,0,0,0,0,0,99,3,0,0.1,,1000,,,,,4,,,
CompleteGumtreeMatcher,0,0,0,0,0,0,0,0,98,3,0,0.2,,1000,,,,,4,,,
CompleteGumtreeMatcher,0,0,0,0,0,0,0,0,99,3,0,0.3,,1000,,,,,4,,,
CompleteGumtreeMatcher,0,0,0,0,0,0,0,0,99,3,0,0.4,,1000,,,,,4,,,
CompleteGumtreeMatcher,0,0,0,0,0,0,0,0,99,3,0,0.5,,1000,,,,,4,,,
CompleteGumtreeMatcher,0,0,0,0,0,0,0,0,101,3,0,0.6,,1000,,,,,4,,,
CompleteGumtreeMatcher,0,0,0,0,0,0,0,0,100,3,0,0.7,,1000,,,,,4,,,
CompleteGumtreeMatcher,0,0,0,0,0,0,0,0,99,3,0,0.799,,1000,,,,,4,,,
CompleteGumtreeMatcher,0,0,0,0,0,0,0,0,99,3,0,0.899,,1000,,,,,4,,,
CompleteGumtreeMatcher,0,0,0,0,0,0,0,0,100,3,0,0.999,,1000,,,,,4,,,
CompleteGumtreeMatcher,0,0,0,0,0,0,0,0,98,3,0,0.1,,1100,,,,,4,,,
CompleteGumtreeMatcher,0,0,0,0,0,0,0,0,98,3,0,0.2,,1100,,,,,4,,,
CompleteGumtreeMatcher,0,0,0,0,0,0,0,0,99,3,0,0.3,,1100,,,,,4,,,
CompleteGumtreeMatcher,0,0,0,0,0,0,0,0,98,3,0,0.4,,1100,,,,,4,,,
CompleteGumtreeMatcher,0,0,0,0,0,0,0,0,98,3,0,0.5,,1100,,,,,4,,,
CompleteGumtreeMatcher,0,0,0,0,0,0,0,0,98,3,0,0.6,,1100,,,,,4,,,
CompleteGumtreeMatcher,0,0,0,0,0,0,0,0,99,3,0,0.7,,1100,,,,,4,,,
CompleteGumtreeMatcher,0,0,0,0,0,0,0,0,99,3,0,0.799,,1100,,,,,4,,,
CompleteGumtreeMatcher,0,0,0,0,0,0,0,0,99,3,0,0.899,,1100,,,,,4,,,
CompleteGumtreeMatcher,0,0,0,0,0,0,0,0,99,3,0,0.999,,1100,,,,,4,,,
CompleteGumtreeMatcher,0,0,0,0,0,0,0,0,99,3,0,0.1,,1200,,,,,4,,,
CompleteGumtreeMatcher,0,0,0,0,0,0,0,0,99,3,0,0.2,,1200,,,,,4,,,
CompleteGumtreeMatcher,0,0,0,0,0,0,0,0,98,3,0,0.3,,1200,,,,,4,,,
CompleteGumtreeMatcher,0,0,0,0,0,0,0,0,98,3,0,0.4,,1200,,,,,4,,,
CompleteGumtreeMatcher,0,0,0,0,0,0,0,0,99,3,0,0.5,,1200,,,,,4,,,
CompleteGumtreeMatcher,0,0,0,0,0,0,0,0,100,3,0,0.6,,1200,,,,,4,,,
CompleteGumtreeMatcher,0,0,0,0,0,0,0,0,99,3,0,0.7,,1200,,,,,4,,,
CompleteGumtreeMatcher,0,0,0,0,0,0,0,0,99,3,0,0.799,,1200,,,,,4,,,
CompleteGumtreeMatcher,0,0,0,0,0,0,0,0,130,3,0,0.899,,1200,,,,,4,,,
CompleteGumtreeMatcher,0,0,0,0,0,0,0,0,100,3,0,0.999,,1200,,,,,4,,,
CompleteGumtreeMatcher,0,0,0,0,0,0,0,0,96,3,0,0.1,,1300,,,,,4,,,
CompleteGumtreeMatcher,0,0,0,0,0,0,0,0,97,3,0,0.2,,1300,,,,,4,,,
CompleteGumtreeMatcher,0,0,0,0,0,0,0,0,132,3,0,0.3,,1300,,,,,4,,,
CompleteGumtreeMatcher,0,0,0,0,0,0,0,0,96,3,0,0.4,,1300,,,,,4,,,
CompleteGumtreeMatcher,0,0,0,0,0,0,0,0,97,3,0,0.5,,1300,,,,,4,,,
CompleteGumtreeMatcher,0,0,0,0,0,0,0,0,102,3,0,0.6,,1300,,,,,4,,,
CompleteGumtreeMatcher,0,0,0,0,0,0,0,0,102,3,0,0.7,,1300,,,,,4,,,
CompleteGumtreeMatcher,0,0,0,0,0,0,0,0,100,3,0,0.799,,1300,,,,,4,,,
CompleteGumtreeMatcher,0,0,0,0,0,0,0,0,102,3,0,0.899,,1300,,,,,4,,,
CompleteGumtreeMatcher,0,0,0,0,0,0,0,0,103,3,0,0.999,,1300,,,,,4,,,
CompleteGumtreeMatcher,0,0,0,0,0,0,0,0,95,3,0,0.1,,1400,,,,,4,,,
CompleteGumtreeMatcher,0,0,0,0,0,0,0,0,95,3,0,0.2,,1400,,,,,4,,,
CompleteGumtreeMatcher,0,0,0,0,0,0,0,0,95,3,0,0.3,,1400,,,,,4,,,
CompleteGumtreeMatcher,0,0,0,0,0,0,0,0,95,3,0,0.4,,1400,,,,,4,,,
CompleteGumtreeMatcher,0,0,0,0,0,0,0,0,104,3,0,0.5,,1400,,,,,4,,,
CompleteGumtreeMatcher,0,0,0,0,0,0,0,0,102,3,0,0.6,,1400,,,,,4,,,
CompleteGumtreeMatcher,0,0,0,0,0,0,0,0,103,3,0,0.7,,1400,,,,,4,,,
CompleteGumtreeMatcher,0,0,0,0,0,0,0,0,102,3,0,0.799,,1400,,,,,4,,,
CompleteGumtreeMatcher,0,0,0,0,0,0,0,0,102,3,0,0.899,,1400,,,,,4,,,
CompleteGumtreeMatcher,0,0,0,0,0,0,0,0,96,3,0,0.999,,1400,,,,,4,,,
CompleteGumtreeMatcher,0,0,0,0,0,0,0,0,95,3,0,0.1,,1500,,,,,4,,,
CompleteGumtreeMatcher,0,0,0,0,0,0,0,0,96,3,0,0.2,,1500,,,,,4,,,
CompleteGumtreeMatcher,0,0,0,0,0,0,0,0,95,3,0,0.3,,1500,,,,,4,,,
CompleteGumtreeMatcher,0,0,0,0,0,0,0,0,103,3,0,0.4,,1500,,,,,4,,,
CompleteGumtreeMatcher,0,0,0,0,0,0,0,0,103,3,0,0.5,,1500,,,,,4,,,
CompleteGumtreeMatcher,0,0,0,0,0,0,0,0,104,3,0,0.6,,1500,,,,,4,,,
CompleteGumtreeMatcher,0,0,0,0,0,0,0,0,108,3,0,0.7,,1500,,,,,4,,,
CompleteGumtreeMatcher,0,0,0,0,0,0,0,0,109,3,0,0.799,,1500,,,,,4,,,
CompleteGumtreeMatcher,0,0,0,0,0,0,0,0,102,3,0,0.899,,1500,,,,,4,,,
CompleteGumtreeMatcher,0,0,0,0,0,0,0,0,101,3,0,0.999,,1500,,,,,4,,,
CompleteGumtreeMatcher,0,0,0,0,0,0,0,0,107,3,0,0.1,,1600,,,,,4,,,
CompleteGumtreeMatcher,0,0,0,0,0,0,0,0,102,3,0,0.2,,1600,,,,,4,,,
CompleteGumtreeMatcher,0,0,0,0,0,0,0,0,102,3,0,0.3,,1600,,,,,4,,,
CompleteGumtreeMatcher,0,0,0,0,0,0,0,0,108,3,0,0.4,,1600,,,,,4,,,
CompleteGumtreeMatcher,0,0,0,0,0,0,0,0,108,3,0,0.5,,1600,,,,,4,,,
CompleteGumtreeMatcher,0,0,0,0,0,0,0,0,107,3,0,0.6,,1600,,,,,4,,,
CompleteGumtreeMatcher,0,0,0,0,0,0,0,0,102,3,0,0.7,,1600,,,,,4,,,
CompleteGumtreeMatcher,0,0,0,0,0,0,0,0,104,3,0,0.799,,1600,,,,,4,,,
CompleteGumtreeMatcher,0,0,0,0,0,0,0,0,96,3,0,0.899,,1600,,,,,4,,,
CompleteGumtreeMatcher,0,0,0,0,0,0,0,0,97,3,0,0.999,,1600,,,,,4,,,
CompleteGumtreeMatcher,0,0,0,0,0,0,0,0,95,3,0,0.1,,1700,,,,,4,,,
CompleteGumtreeMatcher,0,0,0,0,0,0,0,0,97,3,0,0.2,,1700,,,,,4,,,
CompleteGumtreeMatcher,0,0,0,0,0,0,0,0,103,3,0,0.3,,1700,,,,,4,,,
CompleteGumtreeMatcher,0,0,0,0,0,0,0,0,103,3,0,0.4,,1700,,,,,4,,,
CompleteGumtreeMatcher,0,0,0,0,0,0,0,0,103,3,0,0.5,,1700,,,,,4,,,
CompleteGumtreeMatcher,0,0,0,0,0,0,0,0,104,3,0,0.6,,1700,,,,,4,,,
CompleteGumtreeMatcher,0,0,0,0,0,0,0,0,102,3,0,0.7,,1700,,,,,4,,,
CompleteGumtreeMatcher,0,0,0,0,0,0,0,0,102,3,0,0.799,,1700,,,,,4,,,
CompleteGumtreeMatcher,0,0,0,0,0,0,0,0,96,3,0,0.899,,1700,,,,,4,,,
CompleteGumtreeMatcher,0,0,0,0,0,0,0,0,97,3,0,0.999,,1700,,,,,4,,,
CompleteGumtreeMatcher,0,0,0,0,0,0,0,0,98,3,0,0.1,,1800,,,,,4,,,
CompleteGumtreeMatcher,0,0,0,0,0,0,0,0,96,3,0,0.2,,1800,,,,,4,,,
CompleteGumtreeMatcher,0,0,0,0,0,0,0,0,102,3,0,0.3,,1800,,,,,4,,,
CompleteGumtreeMatcher,0,0,0,0,0,0,0,0,102,3,0,0.4,,1800,,,,,4,,,
CompleteGumtreeMatcher,0,0,0,0,0,0,0,0,103,3,0,0.5,,1800,,,,,4,,,
CompleteGumtreeMatcher,0,0,0,0,0,0,0,0,103,3,0,0.6,,1800,,,,,4,,,
CompleteGumtreeMatcher,0,0,0,0,0,0,0,0,102,3,0,0.7,,1800,,,,,4,,,
CompleteGumtreeMatcher,0,0,0,0,0,0,0,0,103,3,0,0.799,,1800,,,,,4,,,
CompleteGumtreeMatcher,0,0,0,0,0,0,0,0,98,3,0,0.899,,1800,,,,,4,,,
CompleteGumtreeMatcher,0,0,0,0,0,0,0,0,97,3,0,0.999,,1800,,,,,4,,,
CompleteGumtreeMatcher,0,0,0,0,0,0,0,0,97,3,0,0.1,,1900,,,,,4,,,
CompleteGumtreeMatcher,0,0,0,0,0,0,0,0,97,3,0,0.2,,1900,,,,,4,,,
CompleteGumtreeMatcher,0,0,0,0,0,0,0,0,100,3,0,0.3,,1900,,,,,4,,,
CompleteGumtreeMatcher,0,0,0,0,0,0,0,0,101,3,0,0.4,,1900,,,,,4,,,
CompleteGumtreeMatcher,0,0,0,0,0,0,0,0,101,3,0,0.5,,1900,,,,,4,,,
CompleteGumtreeMatcher,0,0,0,0,0,0,0,0,102,3,0,0.6,,1900,,,,,4,,,
CompleteGumtreeMatcher,0,0,0,0,0,0,0,0,99,3,0,0.7,,1900,,,,,4,,,
CompleteGumtreeMatcher,0,0,0,0,0,0,0,0,100,3,0,0.799,,1900,,,,,4,,,
CompleteGumtreeMatcher,0,0,0,0,0,0,0,0,101,3,0,0.899,,1900,,,,,4,,,
CompleteGumtreeMatcher,0,0,0,0,0,0,0,0,101,3,0,0.999,,1900,,,,,4,,,
CompleteGumtreeMatcher,0,0,0,0,0,0,0,0,100,3,0,0.1,,2000,,,,,4,,,
CompleteGumtreeMatcher,0,0,0,0,0,0,0,0,101,3,0,0.2,,2000,,,,,4,,,
CompleteGumtreeMatcher,0,0,0,0,0,0,0,0,99,3,0,0.3,,2000,,,,,4,,,
CompleteGumtreeMatcher,0,0,0,0,0,0,0,0,100,3,0,0.4,,2000,,,,,4,,,
CompleteGumtreeMatcher,0,0,0,0,0,0,0,0,99,3,0,0.5,,2000,,,,,4,,,
CompleteGumtreeMatcher,0,0,0,0,0,0,0,0,100,3,0,0.6,,2000,,,,,4,,,
CompleteGumtreeMatcher,0,0,0,0,0,0,0,0,98,3,0,0.7,,2000,,,,,4,,,
CompleteGumtreeMatcher,0,0,0,0,0,0,0,0,100,3,0,0.799,,2000,,,,,4,,,
CompleteGumtreeMatcher,0,0,0,0,0,0,0,0,99,3,0,0.899,,2000,,,,,4,,,
CompleteGumtreeMatcher,0,0,0,0,0,0,0,0,100,3,0,0.999,,2000,,,,,4,,,
CompleteGumtreeMatcher,0,0,0,0,0,0,0,0,0,3,0,0.1,,100,,,,,5,,,
CompleteGumtreeMatcher,0,0,0,0,0,0,0,0,1,3,0,0.2,,100,,,,,5,,,
CompleteGumtreeMatcher,0,0,0,0,0,0,0,0,1,3,0,0.3,,100,,,,,5,,,
CompleteGumtreeMatcher,0,0,0,0,0,0,0,0,0,3,0,0.4,,100,,,,,5,,,
CompleteGumtreeMatcher,0,0,0,0,0,0,0,0,1,3,0,0.5,,100,,,,,5,,,
CompleteGumtreeMatcher,0,0,0,0,0,0,0,0,0,3,0,0.6,,100,,,,,5,,,
CompleteGumtreeMatcher,0,0,0,0,0,0,0,0,0,3,0,0.7,,100,,,,,5,,,
CompleteGumtreeMatcher,0,0,0,0,0,0,0,0,1,3,0,0.799,,100,,,,,5,,,
CompleteGumtreeMatcher,0,0,0,0,0,0,0,0,1,3,0,0.899,,100,,,,,5,,,
CompleteGumtreeMatcher,0,0,0,0,0,0,0,0,0,3,0,0.999,,100,,,,,5,,,
CompleteGumtreeMatcher,0,0,0,0,0,0,0,0,1,3,0,0.1,,200,,,,,5,,,
CompleteGumtreeMatcher,0,0,0,0,0,0,0,0,1,3,0,0.2,,200,,,,,5,,,
CompleteGumtreeMatcher,0,0,0,0,0,0,0,0,0,3,0,0.3,,200,,,,,5,,,
CompleteGumtreeMatcher,0,0,0,0,0,0,0,0,0,3,0,0.4,,200,,,,,5,,,
CompleteGumtreeMatcher,0,0,0,0,0,0,0,0,1,3,0,0.5,,200,,,,,5,,,
CompleteGumtreeMatcher,0,0,0,0,0,0,0,0,1,3,0,0.6,,200,,,,,5,,,
CompleteGumtreeMatcher,0,0,0,0,0,0,0,0,0,3,0,0.7,,200,,,,,5,,,
CompleteGumtreeMatcher,0,0,0,0,0,0,0,0,1,3,0,0.799,,200,,,,,5,,,
CompleteGumtreeMatcher,0,0,0,0,0,0,0,0,1,3,0,0.899,,200,,,,,5,,,
CompleteGumtreeMatcher,0,0,0,0,0,0,0,0,0,3,0,0.999,,200,,,,,5,,,
CompleteGumtreeMatcher,0,0,0,0,0,0,0,0,0,3,0,0.1,,300,,,,,5,,,
CompleteGumtreeMatcher,0,0,0,0,0,0,0,0,1,3,0,0.2,,300,,,,,5,,,
CompleteGumtreeMatcher,0,0,0,0,0,0,0,0,1,3,0,0.3,,300,,,,,5,,,
CompleteGumtreeMatcher,0,0,0,0,0,0,0,0,0,3,0,0.4,,300,,,,,5,,,
CompleteGumtreeMatcher,0,0,0,0,0,0,0,0,1,3,0,0.5,,300,,,,,5,,,
CompleteGumtreeMatcher,0,0,0,0,0,0,0,0,1,3,0,0.6,,300,,,,,5,,,
CompleteGumtreeMatcher,0,0,0,0,0,0,0,0,0,3,0,0.7,,300,,,,,5,,,
CompleteGumtreeMatcher,0,0,0,0,0,0,0,0,0,3,0,0.799,,300,,,,,5,,,
CompleteGumtreeMatcher,0,0,0,0,0,0,0,0,1,3,0,0.899,,300,,,,,5,,,
CompleteGumtreeMatcher,0,0,0,0,0,0,0,0,1,3,0,0.999,,300,,,,,5,,,
CompleteGumtreeMatcher,0,0,0,0,0,0,0,0,99,3,0,0.1,,400,,,,,5,,,
CompleteGumtreeMatcher,0,0,0,0,0,0,0,0,100,3,0,0.2,,400,,,,,5,,,
CompleteGumtreeMatcher,0,0,0,0,0,0,0,0,99,3,0,0.3,,400,,,,,5,,,
CompleteGumtreeMatcher,0,0,0,0,0,0,0,0,100,3,0,0.4,,400,,,,,5,,,
CompleteGumtreeMatcher,0,0,0,0,0,0,0,0,100,3,0,0.5,,400,,,,,5,,,
CompleteGumtreeMatcher,0,0,0,0,0,0,0,0,99,3,0,0.6,,400,,,,,5,,,
CompleteGumtreeMatcher,0,0,0,0,0,0,0,0,98,3,0,0.7,,400,,,,,5,,,
CompleteGumtreeMatcher,0,0,0,0,0,0,0,0,100,3,0,0.799,,400,,,,,5,,,
CompleteGumtreeMatcher,0,0,0,0,0,0,0,0,100,3,0,0.899,,400,,,,,5,,,
CompleteGumtreeMatcher,0,0,0,0,0,0,0,0,100,3,0,0.999,,400,,,,,5,,,
CompleteGumtreeMatcher,0,0,0,0,0,0,0,0,100,3,0,0.1,,500,,,,,5,,,
CompleteGumtreeMatcher,0,0,0,0,0,0,0,0,100,3,0,0.2,,500,,,,,5,,,
CompleteGumtreeMatcher,0,0,0,0,0,0,0,0,99,3,0,0.3,,500,,,,,5,,,
CompleteGumtreeMatcher,0,0,0,0,0,0,0,0,100,3,0,0.4,,500,,,,,5,,,
CompleteGumtreeMatcher,0,0,0,0,0,0,0,0,100,3,0,0.5,,500,,,,,5,,,
CompleteGumtreeMatcher,0,0,0,0,0,0,0,0,99,3,0,0.6,,500,,,,,5,,,
CompleteGumtreeMatcher,0,0,0,0,0,0,0,0,99,3,0,0.7,,500,,,,,5,,,
CompleteGumtreeMatcher,0,0,0,0,0,0,0,0,99,3,0,0.799,,500,,,,,5,,,
CompleteGumtreeMatcher,0,0,0,0,0,0,0,0,100,3,0,0.899,,500,,,,,5,,,
CompleteGumtreeMatcher,0,0,0,0,0,0,0,0,99,3,0,0.999,,500,,,,,5,,,
CompleteGumtreeMatcher,0,0,0,0,0,0,0,0,98,3,0,0.1,,600,,,,,5,,,
CompleteGumtreeMatcher,0,0,0,0,0,0,0,0,99,3,0,0.2,,600,,,,,5,,,
CompleteGumtreeMatcher,0,0,0,0,0,0,0,0,99,3,0,0.3,,600,,,,,5,,,
CompleteGumtreeMatcher,0,0,0,0,0,0,0,0,105,3,0,0.4,,600,,,,,5,,,
CompleteGumtreeMatcher,0,0,0,0,0,0,0,0,105,3,0,0.5,,600,,,,,5,,,
CompleteGumtreeMatcher,0,0,0,0,0,0,0,0,107,3,0,0.6,,600,,,,,5,,,
CompleteGumtreeMatcher,0,0,0,0,0,0,0,0,104,3,0,0.7,,600,,,,,5,,,
CompleteGumtreeMatcher,0,0,0,0,0,0,0,0,105,3,0,0.799,,600,,,,,5,,,
CompleteGumtreeMatcher,0,0,0,0,0,0,0,0,105,3,0,0.899,,600,,,,,5,,,
CompleteGumtreeMatcher,0,0,0,0,0,0,0,0,106,3,0,0.999,,600,,,,,5,,,
CompleteGumtreeMatcher,0,0,0,0,0,0,0,0,106,3,0,0.1,,700,,,,,5,,,
CompleteGumtreeMatcher,0,0,0,0,0,0,0,0,105,3,0,0.2,,700,,,,,5,,,
CompleteGumtreeMatcher,0,0,0,0,0,0,0,0,105,3,0,0.3,,700,,,,,5,,,
CompleteGumtreeMatcher,0,0,0,0,0,0,0,0,102,3,0,0.4,,700,,,,,5,,,
CompleteGumtreeMatcher,0,0,0,0,0,0,0,0,100,3,0,0.5,,700,,,,,5,,,
CompleteGumtreeMatcher,0,0,0,0,0,0,0,0,100,3,0,0.6,,700,,,,,5,,,
CompleteGumtreeMatcher,0,0,0,0,0,0,0,0,98,3,0,0.7,,700,,,,,5,,,
CompleteGumtreeMatcher,0,0,0,0,0,0,0,0,100,3,0,0.799,,700,,,,,5,,,
CompleteGumtreeMatcher,0,0,0,0,0,0,0,0,100,3,0,0.899,,700,,,,,5,,,
CompleteGumtreeMatcher,0,0,0,0,0,0,0,0,99,3,0,0.999,,700,,,,,5,,,
CompleteGumtreeMatcher,0,0,0,0,0,0,0,0,98,3,0,0.1,,800,,,,,5,,,
CompleteGumtreeMatcher,0,0,0,0,0,0,0,0,99,3,0,0.2,,800,,,,,5,,,
CompleteGumtreeMatcher,0,0,0,0,0,0,0,0,99,3,0,0.3,,800,,,,,5,,,
CompleteGumtreeMatcher,0,0,0,0,0,0,0,0,102,3,0,0.4,,800,,,,,5,,,
CompleteGumtreeMatcher,0,0,0,0,0,0,0,0,100,3,0,0.5,,800,,,,,5,,,
CompleteGumtreeMatcher,0,0,0,0,0,0,0,0,99,3,0,0.6,,800,,,,,5,,,
CompleteGumtreeMatcher,0,0,0,0,0,0,0,0,99,3,0,0.7,,800,,,,,5,,,
CompleteGumtreeMatcher,0,0,0,0,0,0,0,0,100,3,0,0.799,,800,,,,,5,,,
CompleteGumtreeMatcher,0,0,0,0,0,0,0,0,99,3,0,0.899,,800,,,,,5,,,
CompleteGumtreeMatcher,0,0,0,0,0,0,0,0,99,3,0,0.999,,800,,,,,5,,,
CompleteGumtreeMatcher,0,0,0,0,0,0,0,0,99,3,0,0.1,,900,,,,,5,,,
CompleteGumtreeMatcher,0,0,0,0,0,0,0,0,98,3,0,0.2,,900,,,,,5,,,
CompleteGumtreeMatcher,0,0,0,0,0,0,0,0,99,3,0,0.3,,900,,,,,5,,,
CompleteGumtreeMatcher,0,0,0,0,0,0,0,0,101,3,0,0.4,,900,,,,,5,,,
CompleteGumtreeMatcher,0,0,0,0,0,0,0,0,100,3,0,0.5,,900,,,,,5,,,
CompleteGumtreeMatcher,0,0,0,0,0,0,0,0,98,3,0,0.6,,900,,,,,5,,,
CompleteGumtreeMatcher,0,0,0,0,0,0,0,0,98,3,0,0.7,,900,,,,,5,,,
CompleteGumtreeMatcher,0,0,0,0,0,0,0,0,99,3,0,0.799,,900,,,,,5,,,
CompleteGumtreeMatcher,0,0,0,0,0,0,0,0,98,3,0,0.899,,900,,,,,5,,,
CompleteGumtreeMatcher,0,0,0,0,0,0,0,0,99,3,0,0.999,,900,,,,,5,,,
CompleteGumtreeMatcher,0,0,0,0,0,0,0,0,99,3,0,0.1,,1000,,,,,5,,,
CompleteGumtreeMatcher,0,0,0,0,0,0,0,0,98,3,0,0.2,,1000,,,,,5,,,
CompleteGumtreeMatcher,0,0,0,0,0,0,0,0,99,3,0,0.3,,1000,,,,,5,,,
CompleteGumtreeMatcher,0,0,0,0,0,0,0,0,100,3,0,0.4,,1000,,,,,5,,,
CompleteGumtreeMatcher,0,0,0,0,0,0,0,0,99,3,0,0.5,,1000,,,,,5,,,
CompleteGumtreeMatcher,0,0,0,0,0,0,0,0,99,3,0,0.6,,1000,,,,,5,,,
CompleteGumtreeMatcher,0,0,0,0,0,0,0,0,99,3,0,0.7,,1000,,,,,5,,,
CompleteGumtreeMatcher,0,0,0,0,0,0,0,0,100,3,0,0.799,,1000,,,,,5,,,
CompleteGumtreeMatcher,0,0,0,0,0,0,0,0,99,3,0,0.899,,1000,,,,,5,,,
CompleteGumtreeMatcher,0,0,0,0,0,0,0,0,98,3,0,0.999,,1000,,,,,5,,,
CompleteGumtreeMatcher,0,0,0,0,0,0,0,0,99,3,0,0.1,,1100,,,,,5,,,
CompleteGumtreeMatcher,0,0,0,0,0,0,0,0,98,3,0,0.2,,1100,,,,,5,,,
CompleteGumtreeMatcher,0,0,0,0,0,0,0,0,99,3,0,0.3,,1100,,,,,5,,,
CompleteGumtreeMatcher,0,0,0,0,0,0,0,0,100,3,0,0.4,,1100,,,,,5,,,
CompleteGumtreeMatcher,0,0,0,0,0,0,0,0,100,3,0,0.5,,1100,,,,,5,,,
CompleteGumtreeMatcher,0,0,0,0,0,0,0,0,99,3,0,0.6,,1100,,,,,5,,,
CompleteGumtreeMatcher,0,0,0,0,0,0,0,0,98,3,0,0.7,,1100,,,,,5,,,
CompleteGumtreeMatcher,0,0,0,0,0,0,0,0,100,3,0,0.799,,1100,,,,,5,,,
CompleteGumtreeMatcher,0,0,0,0,0,0,0,0,99,3,0,0.899,,1100,,,,,5,,,
CompleteGumtreeMatcher,0,0,0,0,0,0,0,0,100,3,0,0.999,,1100,,,,,5,,,
CompleteGumtreeMatcher,0,0,0,0,0,0,0,0,99,3,0,0.1,,1200,,,,,5,,,
CompleteGumtreeMatcher,0,0,0,0,0,0,0,0,100,3,0,0.2,,1200,,,,,5,,,
CompleteGumtreeMatcher,0,0,0,0,0,0,0,0,99,3,0,0.3,,1200,,,,,5,,,
CompleteGumtreeMatcher,0,0,0,0,0,0,0,0,100,3,0,0.4,,1200,,,,,5,,,
CompleteGumtreeMatcher,0,0,0,0,0,0,0,0,100,3,0,0.5,,1200,,,,,5,,,
CompleteGumtreeMatcher,0,0,0,0,0,0,0,0,101,3,0,0.6,,1200,,,,,5,,,
CompleteGumtreeMatcher,0,0,0,0,0,0,0,0,98,3,0,0.7,,1200,,,,,5,,,
CompleteGumtreeMatcher,0,0,0,0,0,0,0,0,100,3,0,0.799,,1200,,,,,5,,,
CompleteGumtreeMatcher,0,0,0,0,0,0,0,0,98,3,0,0.899,,1200,,,,,5,,,
CompleteGumtreeMatcher,0,0,0,0,0,0,0,0,98,3,0,0.999,,1200,,,,,5,,,
CompleteGumtreeMatcher,0,0,0,0,0,0,0,0,99,3,0,0.1,,1300,,,,,5,,,
CompleteGumtreeMatcher,0,0,0,0,0,0,0,0,98,3,0,0.2,,1300,,,,,5,,,
CompleteGumtreeMatcher,0,0,0,0,0,0,0,0,99,3,0,0.3,,1300,,,,,5,,,
CompleteGumtreeMatcher,0,0,0,0,0,0,0,0,99,3,0,0.4,,1300,,,,,5,,,
CompleteGumtreeMatcher,0,0,0,0,0,0,0,0,99,3,0,0.5,,1300,,,,,5,,,
CompleteGumtreeMatcher,0,0,0,0,0,0,0,0,99,3,0,0.6,,1300,,,,,5,,,
CompleteGumtreeMatcher,0,0,0,0,0,0,0,0,99,3,0,0.7,,1300,,,,,5,,,
CompleteGumtreeMatcher,0,0,0,0,0,0,0,0,100,3,0,0.799,,1300,,,,,5,,,
CompleteGumtreeMatcher,0,0,0,0,0,0,0,0,99,3,0,0.899,,1300,,,,,5,,,
CompleteGumtreeMatcher,0,0,0,0,0,0,0,0,98,3,0,0.999,,1300,,,,,5,,,
CompleteGumtreeMatcher,0,0,0,0,0,0,0,0,103,3,0,0.1,,1400,,,,,5,,,
CompleteGumtreeMatcher,0,0,0,0,0,0,0,0,98,3,0,0.2,,1400,,,,,5,,,
CompleteGumtreeMatcher,0,0,0,0,0,0,0,0,104,3,0,0.3,,1400,,,,,5,,,
CompleteGumtreeMatcher,0,0,0,0,0,0,0,0,105,3,0,0.4,,1400,,,,,5,,,
CompleteGumtreeMatcher,0,0,0,0,0,0,0,0,105,3,0,0.5,,1400,,,,,5,,,
CompleteGumtreeMatcher,0,0,0,0,0,0,0,0,103,3,0,0.6,,1400,,,,,5,,,
CompleteGumtreeMatcher,0,0,0,0,0,0,0,0,104,3,0,0.7,,1400,,,,,5,,,
CompleteGumtreeMatcher,0,0,0,0,0,0,0,0,104,3,0,0.799,,1400,,,,,5,,,
CompleteGumtreeMatcher,0,0,0,0,0,0,0,0,105,3,0,0.899,,1400,,,,,5,,,
CompleteGumtreeMatcher,0,0,0,0,0,0,0,0,105,3,0,0.999,,1400,,,,,5,,,
CompleteGumtreeMatcher,0,0,0,0,0,0,0,0,104,3,0,0.1,,1500,,,,,5,,,
CompleteGumtreeMatcher,0,0,0,0,0,0,0,0,99,3,0,0.2,,1500,,,,,5,,,
CompleteGumtreeMatcher,0,0,0,0,0,0,0,0,99,3,0,0.3,,1500,,,,,5,,,
CompleteGumtreeMatcher,0,0,0,0,0,0,0,0,100,3,0,0.4,,1500,,,,,5,,,
CompleteGumtreeMatcher,0,0,0,0,0,0,0,0,99,3,0,0.5,,1500,,,,,5,,,
CompleteGumtreeMatcher,0,0,0,0,0,0,0,0,100,3,0,0.6,,1500,,,,,5,,,
CompleteGumtreeMatcher,0,0,0,0,0,0,0,0,100,3,0,0.7,,1500,,,,,5,,,
CompleteGumtreeMatcher,0,0,0,0,0,0,0,0,100,3,0,0.799,,1500,,,,,5,,,
CompleteGumtreeMatcher,0,0,0,0,0,0,0,0,101,3,0,0.899,,1500,,,,,5,,,
CompleteGumtreeMatcher,0,0,0,0,0,0,0,0,100,3,0,0.999,,1500,,,,,5,,,
CompleteGumtreeMatcher,0,0,0,0,0,0,0,0,99,3,0,0.1,,1600,,,,,5,,,
CompleteGumtreeMatcher,0,0,0,0,0,0,0,0,99,3,0,0.2,,1600,,,,,5,,,
CompleteGumtreeMatcher,0,0,0,0,0,0,0,0,99,3,0,0.3,,1600,,,,,5,,,
CompleteGumtreeMatcher,0,0,0,0,0,0,0,0,100,3,0,0.4,,1600,,,,,5,,,
CompleteGumtreeMatcher,0,0,0,0,0,0,0,0,97,3,0,0.5,,1600,,,,,5,,,
CompleteGumtreeMatcher,0,0,0,0,0,0,0,0,100,3,0,0.6,,1600,,,,,5,,,
CompleteGumtreeMatcher,0,0,0,0,0,0,0,0,100,3,0,0.7,,1600,,,,,5,,,
CompleteGumtreeMatcher,0,0,0,0,0,0,0,0,100,3,0,0.799,,1600,,,,,5,,,
CompleteGumtreeMatcher,0,0,0,0,0,0,0,0,99,3,0,0.899,,1600,,,,,5,,,
CompleteGumtreeMatcher,0,0,0,0,0,0,0,0,100,3,0,0.999,,1600,,,,,5,,,
CompleteGumtreeMatcher,0,0,0,0,0,0,0,0,98,3,0,0.1,,1700,,,,,5,,,
CompleteGumtreeMatcher,0,0,0,0,0,0,0,0,99,3,0,0.2,,1700,,,,,5,,,
CompleteGumtreeMatcher,0,0,0,0,0,0,0,0,100,3,0,0.3,,1700,,,,,5,,,
CompleteGumtreeMatcher,0,0,0,0,0,0,0,0,100,3,0,0.4,,1700,,,,,5,,,
CompleteGumtreeMatcher,0,0,0,0,0,0,0,0,98,3,0,0.5,,1700,,,,,5,,,
CompleteGumtreeMatcher,0,0,0,0,0,0,0,0,98,3,0,0.6,,1700,,,,,5,,,
CompleteGumtreeMatcher,0,0,0,0,0,0,0,0,99,3,0,0.7,,1700,,,,,5,,,
CompleteGumtreeMatcher,0,0,0,0,0,0,0,0,100,3,0,0.799,,1700,,,,,5,,,
CompleteGumtreeMatcher,0,0,0,0,0,0,0,0,99,3,0,0.899,,1700,,,,,5,,,
CompleteGumtreeMatcher,0,0,0,0,0,0,0,0,98,3,0,0.999,,1700,,,,,5,,,
CompleteGumtreeMatcher,0,0,0,0,0,0,0,0,100,3,0,0.1,,1800,,,,,5,,,
CompleteGumtreeMatcher,0,0,0,0,0,0,0,0,99,3,0,0.2,,1800,,,,,5,,,
CompleteGumtreeMatcher,0,0,0,0,0,0,0,0,99,3,0,0.3,,1800,,,,,5,,,
CompleteGumtreeMatcher,0,0,0,0,0,0,0,0,100,3,0,0.4,,1800,,,,,5,,,
CompleteGumtreeMatcher,0,0,0,0,0,0,0,0,99,3,0,0.5,,1800,,,,,5,,,
CompleteGumtreeMatcher,0,0,0,0,0,0,0,0,99,3,0,0.6,,1800,,,,,5,,,
CompleteGumtreeMatcher,0,0,0,0,0,0,0,0,100,3,0,0.7,,1800,,,,,5,,,
CompleteGumtreeMatcher,0,0,0,0,0,0,0,0,99,3,0,0.799,,1800,,,,,5,,,
CompleteGumtreeMatcher,0,0,0,0,0,0,0,0,99,3,0,0.899,,1800,,,,,5,,,
CompleteGumtreeMatcher,0,0,0,0,0,0,0,0,99,3,0,0.999,,1800,,,,,5,,,
CompleteGumtreeMatcher,0,0,0,0,0,0,0,0,99,3,0,0.1,,1900,,,,,5,,,
CompleteGumtreeMatcher,0,0,0,0,0,0,0,0,99,3,0,0.2,,1900,,,,,5,,,
CompleteGumtreeMatcher,0,0,0,0,0,0,0,0,99,3,0,0.3,,1900,,,,,5,,,
CompleteGumtreeMatcher,0,0,0,0,0,0,0,0,100,3,0,0.4,,1900,,,,,5,,,
CompleteGumtreeMatcher,0,0,0,0,0,0,0,0,99,3,0,0.5,,1900,,,,,5,,,
CompleteGumtreeMatcher,0,0,0,0,0,0,0,0,98,3,0,0.6,,1900,,,,,5,,,
CompleteGumtreeMatcher,0,0,0,0,0,0,0,0,100,3,0,0.7,,1900,,,,,5,,,
CompleteGumtreeMatcher,0,0,0,0,0,0,0,0,100,3,0,0.799,,1900,,,,,5,,,
CompleteGumtreeMatcher,0,0,0,0,0,0,0,0,100,3,0,0.899,,1900,,,,,5,,,
CompleteGumtreeMatcher,0,0,0,0,0,0,0,0,98,3,0,0.999,,1900,,,,,5,,,
CompleteGumtreeMatcher,0,0,0,0,0,0,0,0,99,3,0,0.1,,2000,,,,,5,,,
CompleteGumtreeMatcher,0,0,0,0,0,0,0,0,99,3,0,0.2,,2000,,,,,5,,,
CompleteGumtreeMatcher,0,0,0,0,0,0,0,0,98,3,0,0.3,,2000,,,,,5,,,
CompleteGumtreeMatcher,0,0,0,0,0,0,0,0,98,3,0,0.4,,2000,,,,,5,,,
CompleteGumtreeMatcher,0,0,0,0,0,0,0,0,97,3,0,0.5,,2000,,,,,5,,,
CompleteGumtreeMatcher,0,0,0,0,0,0,0,0,96,3,0,0.6,,2000,,,,,5,,,
CompleteGumtreeMatcher,0,0,0,0,0,0,0,0,97,3,0,0.7,,2000,,,,,5,,,
CompleteGumtreeMatcher,0,0,0,0,0,0,0,0,94,3,0,0.799,,2000,,,,,5,,,
CompleteGumtreeMatcher,0,0,0,0,0,0,0,0,91,3,0,0.899,,2000,,,,,5,,,
CompleteGumtreeMatcher,0,0,0,0,0,0,0,0,91,3,0,0.999,,2000,,,,,5,,,
ChangeDistiller,302,286,38,38,116,110,0,0,485,4,0,,,,0.1,2,0.2,0.1,,,,
ChangeDistiller,317,288,44,44,115,114,0,0,427,4,0,,,,0.1,2,0.4,0.1,,,,
ChangeDistiller,355,296,56,56,115,128,0,0,459,4,0,,,,0.1,2,0.6,0.1,,,,
ChangeDistiller,426,319,72,72,115,167,0,0,459,4,0,,,,0.1,2,0.8,0.1,,,,
ChangeDistiller,446,297,79,76,115,176,0,0,555,4,0,,,,0.1,2,1.0,0.1,,,,
ChangeDistiller,302,286,38,38,116,110,0,0,579,4,0,,,,0.1,4,0.2,0.1,,,,
ChangeDistiller,311,283,41,41,116,113,0,0,551,4,0,,,,0.1,4,0.4,0.1,,,,
ChangeDistiller,335,283,48,48,116,123,0,0,483,4,0,,,,0.1,4,0.6,0.1,,,,
ChangeDistiller,399,311,60,60,116,163,0,0,461,4,0,,,,0.1,4,0.8,0.1,,,,
ChangeDistiller,415,296,65,60,116,174,0,0,623,4,0,,,,0.1,4,1.0,0.1,,,,
ChangeDistiller,302,286,38,38,116,110,0,0,401,4,0,,,,0.1,6,0.2,0.1,,,,
ChangeDistiller,308,282,40,40,116,112,0,0,452,4,0,,,,0.1,6,0.4,0.1,,,,
ChangeDistiller,329,283,46,46,116,121,0,0,452,4,0,,,,0.1,6,0.6,0.1,,,,
ChangeDistiller,389,311,57,57,116,159,0,0,442,4,0,,,,0.1,6,0.8,0.1,,,,
ChangeDistiller,396,297,60,50,116,170,0,0,451,4,0,,,,0.1,6,1.0,0.1,,,,
ChangeDistiller,305,289,40,40,115,110,0,0,451,4,0,,,,0.1,2,0.2,0.3,,,,
ChangeDistiller,317,287,45,45,114,113,0,0,412,4,0,,,,0.1,2,0.4,0.3,,,,
ChangeDistiller,356,292,58,58,114,126,0,0,442,4,0,,,,0.1,2,0.6,0.3,,,,
ChangeDistiller,429,315,75,75,114,165,0,0,416,4,0,,,,0.1,2,0.8,0.3,,,,
ChangeDistiller,449,293,82,79,114,174,0,0,441,4,0,,,,0.1,2,1.0,0.3,,,,
ChangeDistiller,305,289,41,41,114,109,0,0,422,4,0,,,,0.1,4,0.2,0.3,,,,
ChangeDistiller,314,284,44,44,114,112,0,0,423,4,0,,,,0.1,4,0.4,0.3,,,,
ChangeDistiller,338,282,51,51,114,122,0,0,426,4,0,,,,0.1,4,0.6,0.3,,,,
ChangeDistiller,401,307,63,63,114,161,0,0,426,4,0,,,,0.1,4,0.8,0.3,,,,
ChangeDistiller,418,292,68,64,114,172,0,0,426,4,0,,,,0.1,4,1.0,0.3,,,,
ChangeDistiller,308,290,42,42,114,110,0,0,426,4,0,,,,0.1,6,0.2,0.3,,,,
ChangeDistiller,314,284,44,44,114,112,0,0,425,4,0,,,,0.1,6,0.4,0.3,,,,
ChangeDistiller,335,283,50,50,114,121,0,0,433,4,0,,,,0.1,6,0.6,0.3,,,,
ChangeDistiller,394,308,61,61,114,158,0,0,430,4,0,,,,0.1,6,0.8,0.3,,,,
ChangeDistiller,402,292,64,56,114,168,0,0,425,4,0,,,,0.1,6,1.0,0.3,,,,
ChangeDistiller,313,291,44,44,115,110,0,0,435,4,0,,,,0.1,2,0.2,0.5,,,,
ChangeDistiller,322,284,48,48,114,112,0,0,447,4,0,,,,0.1,2,0.4,0.5,,,,
ChangeDistiller,361,289,61,61,114,125,0,0,415,4,0,,,,0.1,2,0.6,0.5,,,,
ChangeDistiller,441,285,80,79,114,168,0,0,443,4,0,,,,0.1,2,0.8,0.5,,,,
ChangeDistiller,456,288,85,85,114,172,0,0,443,4,0,,,,0.1,2,1.0,0.5,,,,
ChangeDistiller,316,294,46,46,114,110,0,0,417,4,0,,,,0.1,4,0.2,0.5,,,,
ChangeDistiller,325,287,49,49,114,113,0,0,443,4,0,,,,0.1,4,0.4,0.5,,,,
ChangeDistiller,349,285,56,56,114,123,0,0,436,4,0,,,,0.1,4,0.6,0.5,,,,
ChangeDistiller,411,305,68,68,114,161,0,0,437,4,0,,,,0.1,4,0.8,0.5,,,,
ChangeDistiller,429,287,73,72,114,170,0,0,414,4,0,,,,0.1,4,1.0,0.5,,,,
ChangeDistiller,322,294,48,48,114,112,0,0,426,4,0,,,,0.1,6,0.2,0.5,,,,
ChangeDistiller,328,286,50,50,114,114,0,0,428,4,0,,,,0.1,6,0.4,0.5,,,,
ChangeDistiller,349,285,56,56,114,123,0,0,425,4,0,,,,0.1,6,0.6,0.5,,,,
ChangeDistiller,407,305,67,67,114,159,0,0,427,4,0,,,,0.1,6,0.8,0.5,,,,
ChangeDistiller,417,285,70,67,114,166,0,0,427,4,0,,,,0.1,6,1.0,0.5,,,,
ChangeDistiller,419,370,83,83,112,141,0,0,426,4,0,,,,0.1,2,0.2,0.7,,,,
ChangeDistiller,426,364,88,88,110,140,0,0,426,4,0,,,,0.1,2,0.4,0.7,,,,
ChangeDistiller,478,334,105,105,110,158,0,0,426,4,0,,,,0.1,2,0.6,0.7,,,,
ChangeDistiller,514,284,118,116,110,170,0,0,425,4,0,,,,0.1,2,0.8,0.7,,,,
ChangeDistiller,526,284,122,122,110,172,0,0,428,4,0,,,,0.1,2,1.0,0.7,,,,
ChangeDistiller,441,365,95,95,110,141,0,0,422,4,0,,,,0.1,4,0.2,0.7,,,,
ChangeDistiller,448,360,98,98,110,142,0,0,423,4,0,,,,0.1,4,0.4,0.7,,,,
ChangeDistiller,480,332,106,106,110,158,0,0,424,4,0,,,,0.1,4,0.6,0.7,,,,
ChangeDistiller,507,283,115,113,110,169,0,0,426,4,0,,,,0.1,4,0.8,0.7,,,,
ChangeDistiller,517,283,118,118,110,171,0,0,426,4,0,,,,0.1,4,1.0,0.7,,,,
ChangeDistiller,447,361,97,97,110,143,0,0,425,4,0,,,,0.1,6,0.2,0.7,,,,
ChangeDistiller,452,360,99,99,110,144,0,0,425,4,0,,,,0.1,6,0.4,0.7,,,,
ChangeDistiller,483,329,107,107,110,159,0,0,426,4,0,,,,0.1,6,0.6,0.7,,,,
ChangeDistiller,507,283,115,113,110,169,0,0,427,4,0,,,,0.1,6,0.8,0.7,,,,
ChangeDistiller,510,284,116,114,110,170,0,0,426,4,0,,,,0.1,6,1.0,0.7,,,,
ChangeDistiller,422,373,84,84,112,142,0,0,423,4,0,,,,0.1,2,0.2,0.899,,,,
ChangeDistiller,429,367,89,89,110,141,0,0,427,4,0,,,,0.1,2,0.4,0.899,,,,
ChangeDistiller,480,334,106,106,110,158,0,0,425,4,0,,,,0.1,2,0.6,0.899,,,,
ChangeDistiller,516,284,119,117,110,170,0,0,425,4,0,,,,0.1,2,0.8,0.899,,,,
ChangeDistiller,528,284,123,123,110,172,0,0,423,4,0,,,,0.1,2,1.0,0.899,,,,
ChangeDistiller,456,378,100,100,110,146,0,0,421,4,0,,,,0.1,4,0.2,0.899,,,,
ChangeDistiller,462,370,103,103,110,146,0,0,423,4,0,,,,0.1,4,0.4,0.899,,,,
ChangeDistiller,491,333,111,111,110,159,0,0,424,4,0,,,,0.1,4,0.6,0.899,,,,
ChangeDistiller,518,284,120,118,110,170,0,0,422,4,0,,,,0.1,4,0.8,0.899,,,,
ChangeDistiller,528,284,123,123,110,172,0,0,422,4,0,,,,0.1,4,1.0,0.899,,,,
ChangeDistiller,469,377,104,104,110,151,0,0,425,4,0,,,,0.1,6,0.2,0.899,,,,
ChangeDistiller,473,373,106,106,110,151,0,0,427,4,0,,,,0.1,6,0.4,0.899,,,,
ChangeDistiller,501,333,114,114,110,163,0,0,427,4,0,,,,0.1,6,0.6,0.899,,,,
ChangeDistiller,524,285,122,120,110,172,0,0,425,4,0,,,,0.1,6,0.8,0.899,,,,
ChangeDistiller,528,284,123,123,110,172,0,0,428,4,0,,,,0.1,6,1.0,0.899,,,,
ChangeDistiller,142,142,9,9,66,58,0,0,258,4,0,,,,0.3,2,0.2,0.1,,,,
ChangeDistiller,142,142,9,9,66,58,0,0,259,4,0,,,,0.3,2,0.4,0.1,,,,
ChangeDistiller,142,142,9,9,66,58,0,0,258,4,0,,,,0.3,2,0.6,0.1,,,,
ChangeDistiller,209,184,24,24,66,95,0,0,258,4,0,,,,0.3,2,0.8,0.1,,,,
ChangeDistiller,320,224,50,50,66,154,0,0,257,4,0,,,,0.3,2,1.0,0.1,,,,
ChangeDistiller,142,142,9,9,66,58,0,0,255,4,0,,,,0.3,4,0.2,0.1,,,,
ChangeDistiller,142,142,9,9,66,58,0,0,255,4,0,,,,0.3,4,0.4,0.1,,,,
ChangeDistiller,142,142,9,9,66,58,0,0,255,4,0,,,,0.3,4,0.6,0.1,,,,
ChangeDistiller,173,161,15,15,66,77,0,0,256,4,0,,,,0.3,4,0.8,0.1,,,,
ChangeDistiller,280,215,35,34,66,145,0,0,256,4,0,,,,0.3,4,1.0,0.1,,,,
ChangeDistiller,142,142,9,9,66,58,0,0,257,4,0,,,,0.3,6,0.2,0.1,,,,
ChangeDistiller,142,142,9,9,66,58,0,0,256,4,0,,,,0.3,6,0.4,0.1,,,,
ChangeDistiller,142,142,9,9,66,58,0,0,255,4,0,,,,0.3,6,0.6,0.1,,,,
ChangeDistiller,155,149,11,11,66,67,0,0,255,4,0,,,,0.3,6,0.8,0.1,,,,
ChangeDistiller,262,211,30,27,66,139,0,0,257,4,0,,,,0.3,6,1.0,0.1,,,,
ChangeDistiller,142,142,9,9,66,58,0,0,259,4,0,,,,0.3,2,0.2,0.3,,,,
ChangeDistiller,142,142,9,9,66,58,0,0,257,4,0,,,,0.3,2,0.4,0.3,,,,
ChangeDistiller,142,142,9,9,66,58,0,0,258,4,0,,,,0.3,2,0.6,0.3,,,,
ChangeDistiller,210,184,25,25,66,94,0,0,258,4,0,,,,0.3,2,0.8,0.3,,,,
ChangeDistiller,320,222,51,50,66,153,0,0,256,4,0,,,,0.3,2,1.0,0.3,,,,
ChangeDistiller,142,142,9,9,66,58,0,0,282,4,0,,,,0.3,4,0.2,0.3,,,,
ChangeDistiller,142,142,9,9,66,58,0,0,283,4,0,,,,0.3,4,0.4,0.3,,,,
ChangeDistiller,142,142,9,9,66,58,0,0,257,4,0,,,,0.3,4,0.6,0.3,,,,
ChangeDistiller,175,163,16,16,66,77,0,0,257,4,0,,,,0.3,4,0.8,0.3,,,,
ChangeDistiller,281,215,36,34,66,145,0,0,257,4,0,,,,0.3,4,1.0,0.3,,,,
ChangeDistiller,142,142,9,9,66,58,0,0,255,4,0,,,,0.3,6,0.2,0.3,,,,
ChangeDistiller,142,142,9,9,66,58,0,0,254,4,0,,,,0.3,6,0.4,0.3,,,,
ChangeDistiller,142,142,9,9,66,58,0,0,255,4,0,,,,0.3,6,0.6,0.3,,,,
ChangeDistiller,157,151,12,12,66,67,0,0,256,4,0,,,,0.3,6,0.8,0.3,,,,
ChangeDistiller,263,211,31,27,66,139,0,0,255,4,0,,,,0.3,6,1.0,0.3,,,,
ChangeDistiller,145,143,10,10,66,59,0,0,258,4,0,,,,0.3,2,0.2,0.5,,,,
ChangeDistiller,145,143,10,10,66,59,0,0,256,4,0,,,,0.3,2,0.4,0.5,,,,
ChangeDistiller,145,143,10,10,66,59,0,0,255,4,0,,,,0.3,2,0.6,0.5,,,,
ChangeDistiller,213,185,26,26,66,95,0,0,259,4,0,,,,0.3,2,0.8,0.5,,,,
ChangeDistiller,323,221,52,52,66,153,0,0,259,4,0,,,,0.3,2,1.0,0.5,,,,
ChangeDistiller,145,143,10,10,66,59,0,0,257,4,0,,,,0.3,4,0.2,0.5,,,,
ChangeDistiller,145,143,10,10,66,59,0,0,263,4,0,,,,0.3,4,0.4,0.5,,,,
ChangeDistiller,145,143,10,10,66,59,0,0,256,4,0,,,,0.3,4,0.6,0.5,,,,
ChangeDistiller,178,164,17,17,66,78,0,0,263,4,0,,,,0.3,4,0.8,0.5,,,,
ChangeDistiller,284,214,37,36,66,145,0,0,257,4,0,,,,0.3,4,1.0,0.5,,,,
ChangeDistiller,145,143,10,10,66,59,0,0,264,4,0,,,,0.3,6,0.2,0.5,,,,
ChangeDistiller,145,143,10,10,66,59,0,0,260,4,0,,,,0.3,6,0.4,0.5,,,,
ChangeDistiller,145,143,10,10,66,59,0,0,259,4,0,,,,0.3,6,0.6,0.5,,,,
ChangeDistiller,160,152,13,13,66,68,0,0,263,4,0,,,,0.3,6,0.8,0.5,,,,
ChangeDistiller,266,210,32,29,66,139,0,0,264,4,0,,,,0.3,6,1.0,0.5,,,,
ChangeDistiller,240,236,41,41,66,92,0,0,258,4,0,,,,0.3,2,0.2,0.7,,,,
ChangeDistiller,240,236,41,41,66,92,0,0,258,4,0,,,,0.3,2,0.4,0.7,,,,
ChangeDistiller,256,234,47,47,66,96,0,0,258,4,0,,,,0.3,2,0.6,0.7,,,,
ChangeDistiller,356,242,74,74,66,142,0,0,260,4,0,,,,0.3,2,0.8,0.7,,,,
ChangeDistiller,385,221,83,83,66,153,0,0,261,4,0,,,,0.3,2,1.0,0.7,,,,
ChangeDistiller,258,238,49,49,66,94,0,0,257,4,0,,,,0.3,4,0.2,0.7,,,,
ChangeDistiller,258,238,49,49,66,94,0,0,255,4,0,,,,0.3,4,0.4,0.7,,,,
ChangeDistiller,281,241,56,56,66,103,0,0,256,4,0,,,,0.3,4,0.6,0.7,,,,
ChangeDistiller,345,237,70,70,66,139,0,0,259,4,0,,,,0.3,4,0.8,0.7,,,,
ChangeDistiller,367,219,76,75,66,150,0,0,258,4,0,,,,0.3,4,1.0,0.7,,,,
ChangeDistiller,268,238,52,52,66,98,0,0,257,4,0,,,,0.3,6,0.2,0.7,,,,
ChangeDistiller,268,238,52,52,66,98,0,0,256,4,0,,,,0.3,6,0.4,0.7,,,,
ChangeDistiller,285,241,57,57,66,105,0,0,257,4,0,,,,0.3,6,0.6,0.7,,,,
ChangeDistiller,345,237,70,70,66,139,0,0,257,4,0,,,,0.3,6,0.8,0.7,,,,
ChangeDistiller,361,219,74,72,66,149,0,0,257,4,0,,,,0.3,6,1.0,0.7,,,,
ChangeDistiller,245,241,42,42,67,94,0,0,256,4,0,,,,0.3,2,0.2,0.899,,,,
ChangeDistiller,243,239,42,42,66,93,0,0,257,4,0,,,,0.3,2,0.4,0.899,,,,
ChangeDistiller,259,237,48,48,66,97,0,0,257,4,0,,,,0.3,2,0.6,0.899,,,,
ChangeDistiller,358,242,75,75,66,142,0,0,257,4,0,,,,0.3,2,0.8,0.899,,,,
ChangeDistiller,387,221,84,84,66,153,0,0,257,4,0,,,,0.3,2,1.0,0.899,,,,
ChangeDistiller,285,263,57,57,66,105,0,0,259,4,0,,,,0.3,4,0.2,0.899,,,,
ChangeDistiller,285,263,57,57,66,105,0,0,258,4,0,,,,0.3,4,0.4,0.899,,,,
ChangeDistiller,308,266,64,64,66,114,0,0,259,4,0,,,,0.3,4,0.6,0.899,,,,
ChangeDistiller,372,218,80,78,66,148,0,0,258,4,0,,,,0.3,4,0.8,0.899,,,,
ChangeDistiller,387,221,84,84,66,153,0,0,260,4,0,,,,0.3,4,1.0,0.899,,,,
ChangeDistiller,302,268,62,62,66,112,0,0,260,4,0,,,,0.3,6,0.2,0.899,,,,
ChangeDistiller,302,268,62,62,66,112,0,0,259,4,0,,,,0.3,6,0.4,0.899,,,,
ChangeDistiller,319,271,67,67,66,119,0,0,258,4,0,,,,0.3,6,0.6,0.899,,,,
ChangeDistiller,384,222,83,82,66,153,0,0,261,4,0,,,,0.3,6,0.8,0.899,,,,
ChangeDistiller,387,221,84,84,66,153,0,0,259,4,0,,,,0.3,6,1.0,0.899,,,,
ChangeDistiller,102,100,10,10,42,40,0,0,195,4,0,,,,0.5,2,0.2,0.1,,,,
ChangeDistiller,102,100,10,10,42,40,0,0,196,4,0,,,,0.5,2,0.4,0.1,,,,
ChangeDistiller,102,100,10,10,42,40,0,0,195,4,0,,,,0.5,2,0.6,0.1,,,,
ChangeDistiller,143,130,19,19,42,63,0,0,196,4,0,,,,0.5,2,0.8,0.1,,,,
ChangeDistiller,261,176,45,43,42,131,0,0,195,4,0,,,,0.5,2,1.0,0.1,,,,
ChangeDistiller,102,100,10,10,42,40,0,0,194,4,0,,,,0.5,4,0.2,0.1,,,,
ChangeDistiller,102,100,10,10,42,40,0,0,195,4,0,,,,0.5,4,0.4,0.1,,,,
ChangeDistiller,102,100,10,10,42,40,0,0,195,4,0,,,,0.5,4,0.6,0.1,,,,
ChangeDistiller,112,106,12,12,42,46,0,0,195,4,0,,,,0.5,4,0.8,0.1,,,,
ChangeDistiller,239,172,36,34,42,127,0,0,196,4,0,,,,0.5,4,1.0,0.1,,,,
ChangeDistiller,102,100,10,10,42,40,0,0,195,4,0,,,,0.5,6,0.2,0.1,,,,
ChangeDistiller,102,100,10,10,42,40,0,0,194,4,0,,,,0.5,6,0.4,0.1,,,,
ChangeDistiller,102,100,10,10,42,40,0,0,194,4,0,,,,0.5,6,0.6,0.1,,,,
ChangeDistiller,113,107,12,12,42,47,0,0,194,4,0,,,,0.5,6,0.8,0.1,,,,
ChangeDistiller,226,167,32,30,42,122,0,0,195,4,0,,,,0.5,6,1.0,0.1,,,,
ChangeDistiller,102,100,10,10,42,40,0,0,196,4,0,,,,0.5,2,0.2,0.3,,,,
ChangeDistiller,102,100,10,10,42,40,0,0,195,4,0,,,,0.5,2,0.4,0.3,,,,
ChangeDistiller,102,100,10,10,42,40,0,0,195,4,0,,,,0.5,2,0.6,0.3,,,,
ChangeDistiller,142,128,19,19,42,62,0,0,198,4,0,,,,0.5,2,0.8,0.3,,,,
ChangeDistiller,261,176,45,43,42,131,0,0,200,4,0,,,,0.5,2,1.0,0.3,,,,
ChangeDistiller,102,100,10,10,42,40,0,0,199,4,0,,,,0.5,4,0.2,0.3,,,,
ChangeDistiller,102,100,10,10,42,40,0,0,198,4,0,,,,0.5,4,0.4,0.3,,,,
ChangeDistiller,102,100,10,10,42,40,0,0,199,4,0,,,,0.5,4,0.6,0.3,,,,
ChangeDistiller,112,106,12,12,42,46,0,0,199,4,0,,,,0.5,4,0.8,0.3,,,,
ChangeDistiller,239,172,36,34,42,127,0,0,199,4,0,,,,0.5,4,1.0,0.3,,,,
ChangeDistiller,102,100,10,10,42,40,0,0,199,4,0,,,,0.5,6,0.2,0.3,,,,
ChangeDistiller,102,100,10,10,42,40,0,0,199,4,0,,,,0.5,6,0.4,0.3,,,,
ChangeDistiller,102,100,10,10,42,40,0,0,199,4,0,,,,0.5,6,0.6,0.3,,,,
ChangeDistiller,112,106,12,12,42,46,0,0,196,4,0,,,,0.5,6,0.8,0.3,,,,
ChangeDistiller,226,167,32,30,42,122,0,0,195,4,0,,,,0.5,6,1.0,0.3,,,,
ChangeDistiller,105,101,11,11,42,41,0,0,195,4,0,,,,0.5,2,0.2,0.5,,,,
ChangeDistiller,105,101,11,11,42,41,0,0,194,4,0,,,,0.5,2,0.4,0.5,,,,
ChangeDistiller,105,101,11,11,42,41,0,0,194,4,0,,,,0.5,2,0.6,0.5,,,,
ChangeDistiller,144,126,20,20,42,62,0,0,195,4,0,,,,0.5,2,0.8,0.5,,,,
ChangeDistiller,265,175,46,46,42,131,0,0,195,4,0,,,,0.5,2,1.0,0.5,,,,
ChangeDistiller,105,101,11,11,42,41,0,0,194,4,0,,,,0.5,4,0.2,0.5,,,,
ChangeDistiller,105,101,11,11,42,41,0,0,195,4,0,,,,0.5,4,0.4,0.5,,,,
ChangeDistiller,105,101,11,11,42,41,0,0,195,4,0,,,,0.5,4,0.6,0.5,,,,
ChangeDistiller,115,107,13,13,42,47,0,0,195,4,0,,,,0.5,4,0.8,0.5,,,,
ChangeDistiller,243,171,37,37,42,127,0,0,196,4,0,,,,0.5,4,1.0,0.5,,,,
ChangeDistiller,105,101,11,11,42,41,0,0,195,4,0,,,,0.5,6,0.2,0.5,,,,
ChangeDistiller,105,101,11,11,42,41,0,0,195,4,0,,,,0.5,6,0.4,0.5,,,,
ChangeDistiller,105,101,11,11,42,41,0,0,195,4,0,,,,0.5,6,0.6,0.5,,,,
ChangeDistiller,115,107,13,13,42,47,0,0,195,4,0,,,,0.5,6,0.8,0.5,,,,
ChangeDistiller,230,166,33,33,42,122,0,0,195,4,0,,,,0.5,6,1.0,0.5,,,,
ChangeDistiller,153,149,27,27,42,57,0,0,195,4,0,,,,0.5,2,0.2,0.7,,,,
ChangeDistiller,153,149,27,27,42,57,0,0,196,4,0,,,,0.5,2,0.4,0.7,,,,
ChangeDistiller,157,147,28,28,42,59,0,0,195,4,0,,,,0.5,2,0.6,0.7,,,,
ChangeDistiller,225,165,45,45,42,93,0,0,196,4,0,,,,0.5,2,0.8,0.7,,,,
ChangeDistiller,297,175,62,62,42,131,0,0,195,4,0,,,,0.5,2,1.0,0.7,,,,
ChangeDistiller,162,154,30,30,42,60,0,0,199,4,0,,,,0.5,4,0.2,0.7,,,,
ChangeDistiller,162,154,30,30,42,60,0,0,197,4,0,,,,0.5,4,0.4,0.7,,,,
ChangeDistiller,166,152,31,31,42,62,0,0,198,4,0,,,,0.5,4,0.6,0.7,,,,
ChangeDistiller,210,154,40,40,42,88,0,0,198,4,0,,,,0.5,4,0.8,0.7,,,,
ChangeDistiller,283,173,56,56,42,129,0,0,199,4,0,,,,0.5,4,1.0,0.7,,,,
ChangeDistiller,162,154,30,30,42,60,0,0,197,4,0,,,,0.5,6,0.2,0.7,,,,
ChangeDistiller,162,154,30,30,42,60,0,0,198,4,0,,,,0.5,6,0.4,0.7,,,,
ChangeDistiller,166,152,31,31,42,62,0,0,198,4,0,,,,0.5,6,0.6,0.7,,,,
ChangeDistiller,210,154,40,40,42,88,0,0,199,4,0,,,,0.5,6,0.8,0.7,,,,
ChangeDistiller,270,170,52,51,42,125,0,0,199,4,0,,,,0.5,6,1.0,0.7,,,,
ChangeDistiller,156,152,28,28,42,58,0,0,195,4,0,,,,0.5,2,0.2,0.899,,,,
ChangeDistiller,156,152,28,28,42,58,0,0,195,4,0,,,,0.5,2,0.4,0.899,,,,
ChangeDistiller,160,150,29,29,42,60,0,0,195,4,0,,,,0.5,2,0.6,0.899,,,,
ChangeDistiller,227,165,46,46,42,93,0,0,196,4,0,,,,0.5,2,0.8,0.899,,,,
ChangeDistiller,299,175,63,63,42,131,0,0,195,4,0,,,,0.5,2,1.0,0.899,,,,
ChangeDistiller,184,174,37,37,42,68,0,0,196,4,0,,,,0.5,4,0.2,0.899,,,,
ChangeDistiller,184,174,37,37,42,68,0,0,196,4,0,,,,0.5,4,0.4,0.899,,,,
ChangeDistiller,188,172,38,38,42,70,0,0,196,4,0,,,,0.5,4,0.6,0.899,,,,
ChangeDistiller,239,167,49,49,42,99,0,0,196,4,0,,,,0.5,4,0.8,0.899,,,,
ChangeDistiller,299,175,63,63,42,131,0,0,196,4,0,,,,0.5,4,1.0,0.899,,,,
ChangeDistiller,195,183,40,40,42,73,0,0,196,4,0,,,,0.5,6,0.2,0.899,,,,
ChangeDistiller,195,183,40,40,42,73,0,0,196,4,0,,,,0.5,6,0.4,0.899,,,,
ChangeDistiller,199,181,41,41,42,75,0,0,195,4,0,,,,0.5,6,0.6,0.899,,,,
ChangeDistiller,249,173,52,52,42,103,0,0,195,4,0,,,,0.5,6,0.8,0.899,,,,
ChangeDistiller,295,173,62,62,42,129,0,0,196,4,0,,,,0.5,6,1.0,0.899,,,,
ChangeDistiller,48,48,1,1,26,20,0,0,125,4,0,,,,0.7,2,0.2,0.1,,,,
ChangeDistiller,48,48,1,1,26,20,0,0,125,4,0,,,,0.7,2,0.4,0.1,,,,
ChangeDistiller,48,48,1,1,26,20,0,0,126,4,0,,,,0.7,2,0.6,0.1,,,,
ChangeDistiller,55,55,3,3,26,23,0,0,127,4,0,,,,0.7,2,0.8,0.1,,,,
ChangeDistiller,196,138,30,30,27,109,0,0,126,4,0,,,,0.7,2,1.0,0.1,,,,
ChangeDistiller,48,48,1,1,26,20,0,0,126,4,0,,,,0.7,4,0.2,0.1,,,,
ChangeDistiller,48,48,1,1,26,20,0,0,127,4,0,,,,0.7,4,0.4,0.1,,,,
ChangeDistiller,48,48,1,1,26,20,0,0,126,4,0,,,,0.7,4,0.6,0.1,,,,
ChangeDistiller,48,48,1,1,26,20,0,0,132,4,0,,,,0.7,4,0.8,0.1,,,,
ChangeDistiller,182,134,25,25,26,106,0,0,133,4,0,,,,0.7,4,1.0,0.1,,,,
ChangeDistiller,48,48,1,1,26,20,0,0,132,4,0,,,,0.7,6,0.2,0.1,,,,
ChangeDistiller,48,48,1,1,26,20,0,0,132,4,0,,,,0.7,6,0.4,0.1,,,,
ChangeDistiller,48,48,1,1,26,20,0,0,132,4,0,,,,0.7,6,0.6,0.1,,,,
ChangeDistiller,48,48,1,1,26,20,0,0,133,4,0,,,,0.7,6,0.8,0.1,,,,
ChangeDistiller,173,131,22,22,26,103,0,0,133,4,0,,,,0.7,6,1.0,0.1,,,,
ChangeDistiller,48,48,1,1,26,20,0,0,132,4,0,,,,0.7,2,0.2,0.3,,,,
ChangeDistiller,48,48,1,1,26,20,0,0,132,4,0,,,,0.7,2,0.4,0.3,,,,
ChangeDistiller,48,48,1,1,26,20,0,0,131,4,0,,,,0.7,2,0.6,0.3,,,,
ChangeDistiller,55,55,3,3,26,23,0,0,126,4,0,,,,0.7,2,0.8,0.3,,,,
ChangeDistiller,195,137,30,30,26,109,0,0,127,4,0,,,,0.7,2,1.0,0.3,,,,
ChangeDistiller,48,48,1,1,26,20,0,0,125,4,0,,,,0.7,4,0.2,0.3,,,,
ChangeDistiller,48,48,1,1,26,20,0,0,126,4,0,,,,0.7,4,0.4,0.3,,,,
ChangeDistiller,48,48,1,1,26,20,0,0,125,4,0,,,,0.7,4,0.6,0.3,,,,
ChangeDistiller,48,48,1,1,26,20,0,0,126,4,0,,,,0.7,4,0.8,0.3,,,,
ChangeDistiller,182,134,25,25,26,106,0,0,127,4,0,,,,0.7,4,1.0,0.3,,,,
ChangeDistiller,48,48,1,1,26,20,0,0,125,4,0,,,,0.7,6,0.2,0.3,,,,
ChangeDistiller,48,48,1,1,26,20,0,0,126,4,0,,,,0.7,6,0.4,0.3,,,,
ChangeDistiller,48,48,1,1,26,20,0,0,126,4,0,,,,0.7,6,0.6,0.3,,,,
ChangeDistiller,48,48,1,1,26,20,0,0,127,4,0,,,,0.7,6,0.8,0.3,,,,
ChangeDistiller,173,131,22,22,26,103,0,0,128,4,0,,,,0.7,6,1.0,0.3,,,,
ChangeDistiller,48,48,1,1,26,20,0,0,126,4,0,,,,0.7,2,0.2,0.5,,,,
ChangeDistiller,48,48,1,1,26,20,0,0,126,4,0,,,,0.7,2,0.4,0.5,,,,
ChangeDistiller,48,48,1,1,26,20,0,0,126,4,0,,,,0.7,2,0.6,0.5,,,,
ChangeDistiller,55,55,3,3,26,23,0,0,126,4,0,,,,0.7,2,0.8,0.5,,,,
ChangeDistiller,195,137,30,30,26,109,0,0,127,4,0,,,,0.7,2,1.0,0.5,,,,
ChangeDistiller,48,48,1,1,26,20,0,0,126,4,0,,,,0.7,4,0.2,0.5,,,,
ChangeDistiller,48,48,1,1,26,20,0,0,125,4,0,,,,0.7,4,0.4,0.5,,,,
ChangeDistiller,48,48,1,1,26,20,0,0,126,4,0,,,,0.7,4,0.6,0.5,,,,
ChangeDistiller,48,48,1,1,26,20,0,0,127,4,0,,,,0.7,4,0.8,0.5,,,,
ChangeDistiller,182,134,25,25,26,106,0,0,126,4,0,,,,0.7,4,1.0,0.5,,,,
ChangeDistiller,48,48,1,1,26,20,0,0,126,4,0,,,,0.7,6,0.2,0.5,,,,
ChangeDistiller,48,48,1,1,26,20,0,0,126,4,0,,,,0.7,6,0.4,0.5,,,,
ChangeDistiller,48,48,1,1,26,20,0,0,127,4,0,,,,0.7,6,0.6,0.5,,,,
ChangeDistiller,48,48,1,1,26,20,0,0,126,4,0,,,,0.7,6,0.8,0.5,,,,
ChangeDistiller,173,131,22,22,26,103,0,0,128,4,0,,,,0.7,6,1.0,0.5,,,,
ChangeDistiller,63,63,6,6,26,25,0,0,126,4,0,,,,0.7,2,0.2,0.7,,,,
ChangeDistiller,63,63,6,6,26,25,0,0,126,4,0,,,,0.7,2,0.4,0.7,,,,
ChangeDistiller,63,63,6,6,26,25,0,0,126,4,0,,,,0.7,2,0.6,0.7,,,,
ChangeDistiller,81,75,11,11,26,33,0,0,127,4,0,,,,0.7,2,0.8,0.7,,,,
ChangeDistiller,205,137,35,35,26,109,0,0,127,4,0,,,,0.7,2,1.0,0.7,,,,
ChangeDistiller,69,65,8,8,26,27,0,0,126,4,0,,,,0.7,4,0.2,0.7,,,,
ChangeDistiller,69,65,8,8,26,27,0,0,127,4,0,,,,0.7,4,0.4,0.7,,,,
ChangeDistiller,69,65,8,8,26,27,0,0,126,4,0,,,,0.7,4,0.6,0.7,,,,
ChangeDistiller,74,68,9,9,26,30,0,0,127,4,0,,,,0.7,4,0.8,0.7,,,,
ChangeDistiller,198,136,32,32,26,108,0,0,126,4,0,,,,0.7,4,1.0,0.7,,,,
ChangeDistiller,69,65,8,8,26,27,0,0,129,4,0,,,,0.7,6,0.2,0.7,,,,
ChangeDistiller,69,65,8,8,26,27,0,0,129,4,0,,,,0.7,6,0.4,0.7,,,,
ChangeDistiller,69,65,8,8,26,27,0,0,129,4,0,,,,0.7,6,0.6,0.7,,,,
ChangeDistiller,74,68,9,9,26,30,0,0,128,4,0,,,,0.7,6,0.8,0.7,,,,
ChangeDistiller,189,133,29,29,26,105,0,0,129,4,0,,,,0.7,6,1.0,0.7,,,,
ChangeDistiller,66,66,7,7,26,26,0,0,128,4,0,,,,0.7,2,0.2,0.899,,,,
ChangeDistiller,66,66,7,7,26,26,0,0,129,4,0,,,,0.7,2,0.4,0.899,,,,
ChangeDistiller,66,66,7,7,26,26,0,0,128,4,0,,,,0.7,2,0.6,0.899,,,,
ChangeDistiller,84,78,12,12,26,34,0,0,128,4,0,,,,0.7,2,0.8,0.899,,,,
ChangeDistiller,207,137,36,36,26,109,0,0,130,4,0,,,,0.7,2,1.0,0.899,,,,
ChangeDistiller,82,78,12,12,26,32,0,0,126,4,0,,,,0.7,4,0.2,0.899,,,,
ChangeDistiller,82,78,12,12,26,32,0,0,126,4,0,,,,0.7,4,0.4,0.899,,,,
ChangeDistiller,82,78,12,12,26,32,0,0,126,4,0,,,,0.7,4,0.6,0.899,,,,
ChangeDistiller,87,81,13,13,26,35,0,0,126,4,0,,,,0.7,4,0.8,0.899,,,,
ChangeDistiller,207,137,36,36,26,109,0,0,127,4,0,,,,0.7,4,1.0,0.899,,,,
ChangeDistiller,89,85,14,14,26,35,0,0,126,4,0,,,,0.7,6,0.2,0.899,,,,
ChangeDistiller,89,85,14,14,26,35,0,0,126,4,0,,,,0.7,6,0.4,0.899,,,,
ChangeDistiller,89,85,14,14,26,35,0,0,126,4,0,,,,0.7,6,0.6,0.899,,,,
ChangeDistiller,94,88,15,15,26,38,0,0,126,4,0,,,,0.7,6,0.8,0.899,,,,
ChangeDistiller,203,135,35,35,26,107,0,0,126,4,0,,,,0.7,6,1.0,0.899,,,,
ChangeDistiller,0,0,0,0,0,0,0,0,78,4,0,,,,0.899,2,0.2,0.1,,,,
ChangeDistiller,0,0,0,0,0,0,0,0,78,4,0,,,,0.899,2,0.4,0.1,,,,
ChangeDistiller,0,0,0,0,0,0,0,0,78,4,0,,,,0.899,2,0.6,0.1,,,,
ChangeDistiller,0,0,0,0,0,0,0,0,78,4,0,,,,0.899,2,0.8,0.1,,,,
ChangeDistiller,0,0,0,0,0,0,0,0,78,4,0,,,,0.899,2,1.0,0.1,,,,
ChangeDistiller,0,0,0,0,0,0,0,0,78,4,0,,,,0.899,4,0.2,0.1,,,,
ChangeDistiller,0,0,0,0,0,0,0,0,78,4,0,,,,0.899,4,0.4,0.1,,,,
ChangeDistiller,0,0,0,0,0,0,0,0,78,4,0,,,,0.899,4,0.6,0.1,,,,
ChangeDistiller,0,0,0,0,0,0,0,0,78,4,0,,,,0.899,4,0.8,0.1,,,,
ChangeDistiller,0,0,0,0,0,0,0,0,78,4,0,,,,0.899,4,1.0,0.1,,,,
ChangeDistiller,0,0,0,0,0,0,0,0,78,4,0,,,,0.899,6,0.2,0.1,,,,
ChangeDistiller,0,0,0,0,0,0,0,0,77,4,0,,,,0.899,6,0.4,0.1,,,,
ChangeDistiller,0,0,0,0,0,0,0,0,77,4,0,,,,0.899,6,0.6,0.1,,,,
ChangeDistiller,0,0,0,0,0,0,0,0,77,4,0,,,,0.899,6,0.8,0.1,,,,
ChangeDistiller,0,0,0,0,0,0,0,0,78,4,0,,,,0.899,6,1.0,0.1,,,,
ChangeDistiller,0,0,0,0,0,0,0,0,78,4,0,,,,0.899,2,0.2,0.3,,,,
ChangeDistiller,0,0,0,0,0,0,0,0,77,4,0,,,,0.899,2,0.4,0.3,,,,
ChangeDistiller,0,0,0,0,0,0,0,0,78,4,0,,,,0.899,2,0.6,0.3,,,,
ChangeDistiller,0,0,0,0,0,0,0,0,77,4,0,,,,0.899,2,0.8,0.3,,,,
ChangeDistiller,0,0,0,0,0,0,0,0,78,4,0,,,,0.899,2,1.0,0.3,,,,
ChangeDistiller,0,0,0,0,0,0,0,0,78,4,0,,,,0.899,4,0.2,0.3,,,,
ChangeDistiller,0,0,0,0,0,0,0,0,78,4,0,,,,0.899,4,0.4,0.3,,,,
ChangeDistiller,0,0,0,0,0,0,0,0,77,4,0,,,,0.899,4,0.6,0.3,,,,
ChangeDistiller,0,0,0,0,0,0,0,0,78,4,0,,,,0.899,4,0.8,0.3,,,,
ChangeDistiller,0,0,0,0,0,0,0,0,77,4,0,,,,0.899,4,1.0,0.3,,,,
ChangeDistiller,0,0,0,0,0,0,0,0,77,4,0,,,,0.899,6,0.2,0.3,,,,
ChangeDistiller,0,0,0,0,0,0,0,0,78,4,0,,,,0.899,6,0.4,0.3,,,,
ChangeDistiller,0,0,0,0,0,0,0,0,78,4,0,,,,0.899,6,0.6,0.3,,,,
ChangeDistiller,0,0,0,0,0,0,0,0,77,4,0,,,,0.899,6,0.8,0.3,,,,
ChangeDistiller,0,0,0,0,0,0,0,0,78,4,0,,,,0.899,6,1.0,0.3,,,,
ChangeDistiller,0,0,0,0,0,0,0,0,78,4,0,,,,0.899,2,0.2,0.5,,,,
ChangeDistiller,0,0,0,0,0,0,0,0,79,4,0,,,,0.899,2,0.4,0.5,,,,
ChangeDistiller,0,0,0,0,0,0,0,0,78,4,0,,,,0.899,2,0.6,0.5,,,,
ChangeDistiller,0,0,0,0,0,0,0,0,77,4,0,,,,0.899,2,0.8,0.5,,,,
ChangeDistiller,0,0,0,0,0,0,0,0,77,4,0,,,,0.899,2,1.0,0.5,,,,
ChangeDistiller,0,0,0,0,0,0,0,0,77,4,0,,,,0.899,4,0.2,0.5,,,,
ChangeDistiller,0,0,0,0,0,0,0,0,77,4,0,,,,0.899,4,0.4,0.5,,,,
ChangeDistiller,0,0,0,0,0,0,0,0,78,4,0,,,,0.899,4,0.6,0.5,,,,
ChangeDistiller,0,0,0,0,0,0,0,0,78,4,0,,,,0.899,4,0.8,0.5,,,,
ChangeDistiller,0,0,0,0,0,0,0,0,77,4,0,,,,0.899,4,1.0,0.5,,,,
ChangeDistiller,0,0,0,0,0,0,0,0,77,4,0,,,,0.899,6,0.2,0.5,,,,
ChangeDistiller,0,0,0,0,0,0,0,0,78,4,0,,,,0.899,6,0.4,0.5,,,,
ChangeDistiller,0,0,0,0,0,0,0,0,77,4,0,,,,0.899,6,0.6,0.5,,,,
ChangeDistiller,0,0,0,0,0,0,0,0,81,4,0,,,,0.899,6,0.8,0.5,,,,
ChangeDistiller,0,0,0,0,0,0,0,0,80,4,0,,,,0.899,6,1.0,0.5,,,,
ChangeDistiller,0,0,0,0,0,0,0,0,81,4,0,,,,0.899,2,0.2,0.7,,,,
ChangeDistiller,0,0,0,0,0,0,0,0,81,4,0,,,,0.899,2,0.4,0.7,,,,
ChangeDistiller,0,0,0,0,0,0,0,0,80,4,0,,,,0.899,2,0.6,0.7,,,,
ChangeDistiller,0,0,0,0,0,0,0,0,81,4,0,,,,0.899,2,0.8,0.7,,,,
ChangeDistiller,0,0,0,0,0,0,0,0,80,4,0,,,,0.899,2,1.0,0.7,,,,
ChangeDistiller,0,0,0,0,0,0,0,0,80,4,0,,,,0.899,4,0.2,0.7,,,,
ChangeDistiller,0,0,0,0,0,0,0,0,80,4,0,,,,0.899,4,0.4,0.7,,,,
ChangeDistiller,0,0,0,0,0,0,0,0,81,4,0,,,,0.899,4,0.6,0.7,,,,
ChangeDistiller,0,0,0,0,0,0,0,0,78,4,0,,,,0.899,4,0.8,0.7,,,,
ChangeDistiller,0,0,0,0,0,0,0,0,79,4,0,,,,0.899,4,1.0,0.7,,,,
ChangeDistiller,0,0,0,0,0,0,0,0,79,4,0,,,,0.899,6,0.2,0.7,,,,
ChangeDistiller,0,0,0,0,0,0,0,0,79,4,0,,,,0.899,6,0.4,0.7,,,,
ChangeDistiller,0,0,0,0,0,0,0,0,78,4,0,,,,0.899,6,0.6,0.7,,,,
ChangeDistiller,0,0,0,0,0,0,0,0,78,4,0,,,,0.899,6,0.8,0.7,,,,
ChangeDistiller,0,0,0,0,0,0,0,0,78,4,0,,,,0.899,6,1.0,0.7,,,,
ChangeDistiller,0,0,0,0,0,0,0,0,78,4,0,,,,0.899,2,0.2,0.899,,,,
ChangeDistiller,0,0,0,0,0,0,0,0,78,4,0,,,,0.899,2,0.4,0.899,,,,
ChangeDistiller,0,0,0,0,0,0,0,0,78,4,0,,,,0.899,2,0.6,0.899,,,,
ChangeDistiller,0,0,0,0,0,0,0,0,78,4,0,,,,0.899,2,0.8,0.899,,,,
ChangeDistiller,0,0,0,0,0,0,0,0,77,4,0,,,,0.899,2,1.0,0.899,,,,
ChangeDistiller,0,0,0,0,0,0,0,0,77,4,0,,,,0.899,4,0.2,0.899,,,,
ChangeDistiller,0,0,0,0,0,0,0,0,77,4,0,,,,0.899,4,0.4,0.899,,,,
ChangeDistiller,0,0,0,0,0,0,0,0,77,4,0,,,,0.899,4,0.6,0.899,,,,
ChangeDistiller,0,0,0,0,0,0,0,0,77,4,0,,,,0.899,4,0.8,0.899,,,,
ChangeDistiller,0,0,0,0,0,0,0,0,77,4,0,,,,0.899,4,1.0,0.899,,,,
ChangeDistiller,0,0,0,0,0,0,0,0,77,4,0,,,,0.899,6,0.2,0.899,,,,
ChangeDistiller,0,0,0,0,0,0,0,0,76,4,0,,,,0.899,6,0.4,0.899,,,,
ChangeDistiller,0,0,0,0,0,0,0,0,72,4,0,,,,0.899,6,0.6,0.899,,,,
ChangeDistiller,0,0,0,0,0,0,0,0,71,4,0,,,,0.899,6,0.8,0.899,,,,
ChangeDistiller,0,0,0,0,0,0,0,0,70,4,0,,,,0.899,6,1.0,0.899,,,,
