MATCHER,NRACTIONS,NRROOTS,NR_INSERT,NR_DELETE,NR_UPDATE,NR_MOVE,NR_TREEINSERT,NR_TREEDELETE,TIME,NROPTIONS,TIMEOUT,GT_BUM_SMT,GT_BUM_SMT_SBUP,GT_BUM_SZT,GT_CD_LSIM,GT_CD_ML,GT_CD_SSIM1,GT_CD_SSIM2,GT_STM_MH,GT_XYM_SIM,GUMTREE_MATCH_GT_MINH,
SimpleGumtree,23,2,23,0,0,0,0,0,3,2,0,,0.1,,,,,,1,,,
SimpleGumtree,23,2,23,0,0,0,0,0,3,2,0,,0.1,,,,,,2,,,
SimpleGumtree,23,2,23,0,0,0,0,0,3,2,0,,0.1,,,,,,3,,,
SimpleGumtree,87,3,55,32,0,0,0,0,3,2,0,,0.1,,,,,,4,,,
SimpleGumtree,87,3,55,32,0,0,0,0,2,2,0,,0.1,,,,,,5,,,
SimpleGumtree,23,2,23,0,0,0,0,0,3,2,0,,0.3,,,,,,1,,,
SimpleGumtree,23,2,23,0,0,0,0,0,2,2,0,,0.3,,,,,,2,,,
SimpleGumtree,23,2,23,0,0,0,0,0,2,2,0,,0.3,,,,,,3,,,
SimpleGumtree,87,3,55,32,0,0,0,0,2,2,0,,0.3,,,,,,4,,,
SimpleGumtree,87,3,55,32,0,0,0,0,2,2,0,,0.3,,,,,,5,,,
SimpleGumtree,23,2,23,0,0,0,0,0,2,2,0,,0.5,,,,,,1,,,
SimpleGumtree,23,2,23,0,0,0,0,0,2,2,0,,0.5,,,,,,2,,,
SimpleGumtree,23,2,23,0,0,0,0,0,2,2,0,,0.5,,,,,,3,,,
SimpleGumtree,87,3,55,32,0,0,0,0,2,2,0,,0.5,,,,,,4,,,
SimpleGumtree,87,3,55,32,0,0,0,0,2,2,0,,0.5,,,,,,5,,,
SimpleGumtree,23,2,23,0,0,0,0,0,2,2,0,,0.7,,,,,,1,,,
SimpleGumtree,23,2,23,0,0,0,0,0,2,2,0,,0.7,,,,,,2,,,
SimpleGumtree,23,2,23,0,0,0,0,0,4,2,0,,0.7,,,,,,3,,,
SimpleGumtree,87,3,55,32,0,0,0,0,3,2,0,,0.7,,,,,,4,,,
SimpleGumtree,87,3,55,32,0,0,0,0,2,2,0,,0.7,,,,,,5,,,
SimpleGumtree,23,2,23,0,0,0,0,0,3,2,0,,0.899,,,,,,1,,,
SimpleGumtree,23,2,23,0,0,0,0,0,3,2,0,,0.899,,,,,,2,,,
SimpleGumtree,23,2,23,0,0,0,0,0,3,2,0,,0.899,,,,,,3,,,
SimpleGumtree,87,3,55,32,0,0,0,0,2,2,0,,0.899,,,,,,4,,,
SimpleGumtree,87,3,55,32,0,0,0,0,3,2,0,,0.899,,,,,,5,,,
ClassicGumtree,29,8,26,3,0,0,0,0,13,3,0,0.1,,100,,,,,1,,,
ClassicGumtree,61,24,42,19,0,0,0,0,12,3,0,0.1,,100,,,,,2,,,
ClassicGumtree,125,34,74,51,0,0,0,0,13,3,0,0.1,,100,,,,,3,,,
ClassicGumtree,245,45,134,111,0,0,0,0,2,3,0,0.1,,100,,,,,4,,,
ClassicGumtree,299,47,161,138,0,0,0,0,3,3,0,0.1,,100,,,,,5,,,
ClassicGumtree,29,8,26,3,0,0,0,0,12,3,0,0.2,,100,,,,,1,,,
ClassicGumtree,61,24,42,19,0,0,0,0,13,3,0,0.2,,100,,,,,2,,,
ClassicGumtree,125,34,74,51,0,0,0,0,14,3,0,0.2,,100,,,,,3,,,
ClassicGumtree,245,45,134,111,0,0,0,0,2,3,0,0.2,,100,,,,,4,,,
ClassicGumtree,299,47,161,138,0,0,0,0,2,3,0,0.2,,100,,,,,5,,,
ClassicGumtree,29,8,26,3,0,0,0,0,14,3,0,0.3,,100,,,,,1,,,
ClassicGumtree,61,24,42,19,0,0,0,0,13,3,0,0.3,,100,,,,,2,,,
ClassicGumtree,125,34,74,51,0,0,0,0,12,3,0,0.3,,100,,,,,3,,,
ClassicGumtree,245,45,134,111,0,0,0,0,3,3,0,0.3,,100,,,,,4,,,
ClassicGumtree,299,47,161,138,0,0,0,0,3,3,0,0.3,,100,,,,,5,,,
ClassicGumtree,29,8,26,3,0,0,0,0,13,3,0,0.4,,100,,,,,1,,,
ClassicGumtree,61,24,42,19,0,0,0,0,11,3,0,0.4,,100,,,,,2,,,
ClassicGumtree,125,34,74,51,0,0,0,0,12,3,0,0.4,,100,,,,,3,,,
ClassicGumtree,245,45,134,111,0,0,0,0,3,3,0,0.4,,100,,,,,4,,,
ClassicGumtree,299,47,161,138,0,0,0,0,2,3,0,0.4,,100,,,,,5,,,
ClassicGumtree,29,8,26,3,0,0,0,0,13,3,0,0.5,,100,,,,,1,,,
ClassicGumtree,61,24,42,19,0,0,0,0,13,3,0,0.5,,100,,,,,2,,,
ClassicGumtree,125,34,74,51,0,0,0,0,6,3,0,0.5,,100,,,,,3,,,
ClassicGumtree,245,45,134,111,0,0,0,0,2,3,0,0.5,,100,,,,,4,,,
ClassicGumtree,299,47,161,138,0,0,0,0,3,3,0,0.5,,100,,,,,5,,,
ClassicGumtree,29,8,26,3,0,0,0,0,7,3,0,0.6,,100,,,,,1,,,
ClassicGumtree,61,24,42,19,0,0,0,0,10,3,0,0.6,,100,,,,,2,,,
ClassicGumtree,156,38,88,65,0,3,0,0,2,3,0,0.6,,100,,,,,3,,,
ClassicGumtree,248,24,135,112,0,1,0,0,3,3,0,0.6,,100,,,,,4,,,
ClassicGumtree,302,26,162,139,0,1,0,0,2,3,0,0.6,,100,,,,,5,,,
ClassicGumtree,29,8,26,3,0,0,0,0,5,3,0,0.7,,100,,,,,1,,,
ClassicGumtree,85,29,52,29,0,4,0,0,3,3,0,0.7,,100,,,,,2,,,
ClassicGumtree,156,38,88,65,0,3,0,0,3,3,0,0.7,,100,,,,,3,,,
ClassicGumtree,248,24,135,112,0,1,0,0,2,3,0,0.7,,100,,,,,4,,,
ClassicGumtree,302,26,162,139,0,1,0,0,1,3,0,0.7,,100,,,,,5,,,
ClassicGumtree,43,15,30,7,0,6,0,0,2,3,0,0.799,,100,,,,,1,,,
ClassicGumtree,85,29,52,29,0,4,0,0,2,3,0,0.799,,100,,,,,2,,,
ClassicGumtree,162,26,89,66,0,7,0,0,3,3,0,0.799,,100,,,,,3,,,
ClassicGumtree,255,8,136,113,0,6,0,0,2,3,0,0.799,,100,,,,,4,,,
ClassicGumtree,308,7,163,140,0,5,0,0,3,3,0,0.799,,100,,,,,5,,,
ClassicGumtree,43,15,30,7,0,6,0,0,3,3,0,0.899,,100,,,,,1,,,
ClassicGumtree,92,20,53,30,0,9,0,0,3,3,0,0.899,,100,,,,,2,,,
ClassicGumtree,171,16,90,67,0,14,0,0,1,3,0,0.899,,100,,,,,3,,,
ClassicGumtree,255,8,136,113,0,6,0,0,1,3,0,0.899,,100,,,,,4,,,
ClassicGumtree,308,7,163,140,0,5,0,0,2,3,0,0.899,,100,,,,,5,,,
ClassicGumtree,71,32,32,9,0,30,0,0,3,3,0,0.999,,100,,,,,1,,,
ClassicGumtree,105,22,54,31,0,20,0,0,3,3,0,0.999,,100,,,,,2,,,
ClassicGumtree,171,16,90,67,0,14,0,0,2,3,0,0.999,,100,,,,,3,,,
ClassicGumtree,255,8,136,113,0,6,0,0,2,3,0,0.999,,100,,,,,4,,,
ClassicGumtree,308,7,163,140,0,5,0,0,1,3,0,0.999,,100,,,,,5,,,
ClassicGumtree,25,4,24,1,0,0,0,0,45,3,0,0.1,,200,,,,,1,,,
ClassicGumtree,37,10,30,7,0,0,0,0,74,3,0,0.1,,200,,,,,2,,,
ClassicGumtree,93,18,58,35,0,0,0,0,76,3,0,0.1,,200,,,,,3,,,
ClassicGumtree,117,22,70,47,0,0,0,0,64,3,0,0.1,,200,,,,,4,,,
ClassicGumtree,171,24,97,74,0,0,0,0,65,3,0,0.1,,200,,,,,5,,,
ClassicGumtree,25,4,24,1,0,0,0,0,39,3,0,0.2,,200,,,,,1,,,
ClassicGumtree,37,10,30,7,0,0,0,0,70,3,0,0.2,,200,,,,,2,,,
ClassicGumtree,93,18,58,35,0,0,0,0,70,3,0,0.2,,200,,,,,3,,,
ClassicGumtree,117,22,70,47,0,0,0,0,71,3,0,0.2,,200,,,,,4,,,
ClassicGumtree,171,24,97,74,0,0,0,0,71,3,0,0.2,,200,,,,,5,,,
ClassicGumtree,25,4,24,1,0,0,0,0,40,3,0,0.3,,200,,,,,1,,,
ClassicGumtree,37,10,30,7,0,0,0,0,44,3,0,0.3,,200,,,,,2,,,
ClassicGumtree,93,18,58,35,0,0,0,0,72,3,0,0.3,,200,,,,,3,,,
ClassicGumtree,117,22,70,47,0,0,0,0,65,3,0,0.3,,200,,,,,4,,,
ClassicGumtree,171,24,97,74,0,0,0,0,38,3,0,0.3,,200,,,,,5,,,
ClassicGumtree,25,4,24,1,0,0,0,0,44,3,0,0.4,,200,,,,,1,,,
ClassicGumtree,37,10,30,7,0,0,0,0,81,3,0,0.4,,200,,,,,2,,,
ClassicGumtree,93,18,58,35,0,0,0,0,81,3,0,0.4,,200,,,,,3,,,
ClassicGumtree,117,22,70,47,0,0,0,0,64,3,0,0.4,,200,,,,,4,,,
ClassicGumtree,171,24,97,74,0,0,0,0,65,3,0,0.4,,200,,,,,5,,,
ClassicGumtree,25,4,24,1,0,0,0,0,38,3,0,0.5,,200,,,,,1,,,
ClassicGumtree,37,10,30,7,0,0,0,0,45,3,0,0.5,,200,,,,,2,,,
ClassicGumtree,93,18,58,35,0,0,0,0,43,3,0,0.5,,200,,,,,3,,,
ClassicGumtree,117,22,70,47,0,0,0,0,37,3,0,0.5,,200,,,,,4,,,
ClassicGumtree,171,24,97,74,0,0,0,0,34,3,0,0.5,,200,,,,,5,,,
ClassicGumtree,25,4,24,1,0,0,0,0,74,3,0,0.6,,200,,,,,1,,,
ClassicGumtree,37,10,30,7,0,0,0,0,42,3,0,0.6,,200,,,,,2,,,
ClassicGumtree,93,18,58,35,0,0,0,0,65,3,0,0.6,,200,,,,,3,,,
ClassicGumtree,248,24,135,112,0,1,0,0,3,3,0,0.6,,200,,,,,4,,,
ClassicGumtree,302,26,162,139,0,1,0,0,3,3,0,0.6,,200,,,,,5,,,
ClassicGumtree,25,4,24,1,0,0,0,0,63,3,0,0.7,,200,,,,,1,,,
ClassicGumtree,37,10,30,7,0,0,0,0,66,3,0,0.7,,200,,,,,2,,,
ClassicGumtree,93,18,58,35,0,0,0,0,35,3,0,0.7,,200,,,,,3,,,
ClassicGumtree,248,24,135,112,0,1,0,0,1,3,0,0.7,,200,,,,,4,,,
ClassicGumtree,302,26,162,139,0,1,0,0,2,3,0,0.7,,200,,,,,5,,,
ClassicGumtree,25,4,24,1,0,0,0,0,70,3,0,0.799,,200,,,,,1,,,
ClassicGumtree,37,10,30,7,0,0,0,0,38,3,0,0.799,,200,,,,,2,,,
ClassicGumtree,162,26,89,66,0,7,0,0,2,3,0,0.799,,200,,,,,3,,,
ClassicGumtree,255,8,136,113,0,6,0,0,1,3,0,0.799,,200,,,,,4,,,
ClassicGumtree,308,7,163,140,0,5,0,0,1,3,0,0.799,,200,,,,,5,,,
ClassicGumtree,25,4,24,1,0,0,0,0,71,3,0,0.899,,200,,,,,1,,,
ClassicGumtree,92,20,53,30,0,9,0,0,1,3,0,0.899,,200,,,,,2,,,
ClassicGumtree,171,16,90,67,0,14,0,0,2,3,0,0.899,,200,,,,,3,,,
ClassicGumtree,255,8,136,113,0,6,0,0,1,3,0,0.899,,200,,,,,4,,,
ClassicGumtree,308,7,163,140,0,5,0,0,1,3,0,0.899,,200,,,,,5,,,
ClassicGumtree,71,32,32,9,0,30,0,0,2,3,0,0.999,,200,,,,,1,,,
ClassicGumtree,105,22,54,31,0,20,0,0,1,3,0,0.999,,200,,,,,2,,,
ClassicGumtree,171,16,90,67,0,14,0,0,2,3,0,0.999,,200,,,,,3,,,
ClassicGumtree,255,8,136,113,0,6,0,0,1,3,0,0.999,,200,,,,,4,,,
ClassicGumtree,308,7,163,140,0,5,0,0,1,3,0,0.999,,200,,,,,5,,,
ClassicGumtree,25,4,24,1,0,0,0,0,40,3,0,0.1,,300,,,,,1,,,
ClassicGumtree,37,10,30,7,0,0,0,0,45,3,0,0.1,,300,,,,,2,,,
ClassicGumtree,93,18,58,35,0,0,0,0,40,3,0,0.1,,300,,,,,3,,,
ClassicGumtree,117,22,70,47,0,0,0,0,38,3,0,0.1,,300,,,,,4,,,
ClassicGumtree,171,24,97,74,0,0,0,0,65,3,0,0.1,,300,,,,,5,,,
ClassicGumtree,25,4,24,1,0,0,0,0,44,3,0,0.2,,300,,,,,1,,,
ClassicGumtree,37,10,30,7,0,0,0,0,71,3,0,0.2,,300,,,,,2,,,
ClassicGumtree,93,18,58,35,0,0,0,0,40,3,0,0.2,,300,,,,,3,,,
ClassicGumtree,117,22,70,47,0,0,0,0,66,3,0,0.2,,300,,,,,4,,,
ClassicGumtree,171,24,97,74,0,0,0,0,38,3,0,0.2,,300,,,,,5,,,
ClassicGumtree,25,4,24,1,0,0,0,0,67,3,0,0.3,,300,,,,,1,,,
ClassicGumtree,37,10,30,7,0,0,0,0,64,3,0,0.3,,300,,,,,2,,,
ClassicGumtree,93,18,58,35,0,0,0,0,40,3,0,0.3,,300,,,,,3,,,
ClassicGumtree,117,22,70,47,0,0,0,0,38,3,0,0.3,,300,,,,,4,,,
ClassicGumtree,171,24,97,74,0,0,0,0,38,3,0,0.3,,300,,,,,5,,,
ClassicGumtree,25,4,24,1,0,0,0,0,40,3,0,0.4,,300,,,,,1,,,
ClassicGumtree,37,10,30,7,0,0,0,0,44,3,0,0.4,,300,,,,,2,,,
ClassicGumtree,93,18,58,35,0,0,0,0,74,3,0,0.4,,300,,,,,3,,,
ClassicGumtree,117,22,70,47,0,0,0,0,38,3,0,0.4,,300,,,,,4,,,
ClassicGumtree,171,24,97,74,0,0,0,0,36,3,0,0.4,,300,,,,,5,,,
ClassicGumtree,25,4,24,1,0,0,0,0,75,3,0,0.5,,300,,,,,1,,,
ClassicGumtree,37,10,30,7,0,0,0,0,73,3,0,0.5,,300,,,,,2,,,
ClassicGumtree,93,18,58,35,0,0,0,0,42,3,0,0.5,,300,,,,,3,,,
ClassicGumtree,117,22,70,47,0,0,0,0,37,3,0,0.5,,300,,,,,4,,,
ClassicGumtree,171,24,97,74,0,0,0,0,38,3,0,0.5,,300,,,,,5,,,
ClassicGumtree,25,4,24,1,0,0,0,0,41,3,0,0.6,,300,,,,,1,,,
ClassicGumtree,37,10,30,7,0,0,0,0,42,3,0,0.6,,300,,,,,2,,,
ClassicGumtree,93,18,58,35,0,0,0,0,36,3,0,0.6,,300,,,,,3,,,
ClassicGumtree,248,24,135,112,0,1,0,0,1,3,0,0.6,,300,,,,,4,,,
ClassicGumtree,302,26,162,139,0,1,0,0,1,3,0,0.6,,300,,,,,5,,,
ClassicGumtree,25,4,24,1,0,0,0,0,43,3,0,0.7,,300,,,,,1,,,
ClassicGumtree,37,10,30,7,0,0,0,0,36,3,0,0.7,,300,,,,,2,,,
ClassicGumtree,93,18,58,35,0,0,0,0,38,3,0,0.7,,300,,,,,3,,,
ClassicGumtree,248,24,135,112,0,1,0,0,1,3,0,0.7,,300,,,,,4,,,
ClassicGumtree,302,26,162,139,0,1,0,0,1,3,0,0.7,,300,,,,,5,,,
ClassicGumtree,25,4,24,1,0,0,0,0,38,3,0,0.799,,300,,,,,1,,,
ClassicGumtree,37,10,30,7,0,0,0,0,36,3,0,0.799,,300,,,,,2,,,
ClassicGumtree,162,26,89,66,0,7,0,0,1,3,0,0.799,,300,,,,,3,,,
ClassicGumtree,255,8,136,113,0,6,0,0,3,3,0,0.799,,300,,,,,4,,,
ClassicGumtree,308,7,163,140,0,5,0,0,1,3,0,0.799,,300,,,,,5,,,
ClassicGumtree,25,4,24,1,0,0,0,0,36,3,0,0.899,,300,,,,,1,,,
ClassicGumtree,92,20,53,30,0,9,0,0,3,3,0,0.899,,300,,,,,2,,,
ClassicGumtree,171,16,90,67,0,14,0,0,2,3,0,0.899,,300,,,,,3,,,
ClassicGumtree,255,8,136,113,0,6,0,0,3,3,0,0.899,,300,,,,,4,,,
ClassicGumtree,308,7,163,140,0,5,0,0,1,3,0,0.899,,300,,,,,5,,,
ClassicGumtree,71,32,32,9,0,30,0,0,2,3,0,0.999,,300,,,,,1,,,
ClassicGumtree,105,22,54,31,0,20,0,0,2,3,0,0.999,,300,,,,,2,,,
ClassicGumtree,171,16,90,67,0,14,0,0,3,3,0,0.999,,300,,,,,3,,,
ClassicGumtree,255,8,136,113,0,6,0,0,1,3,0,0.999,,300,,,,,4,,,
ClassicGumtree,308,7,163,140,0,5,0,0,1,3,0,0.999,,300,,,,,5,,,
ClassicGumtree,25,4,24,1,0,0,0,0,75,3,0,0.1,,400,,,,,1,,,
ClassicGumtree,37,10,30,7,0,0,0,0,75,3,0,0.1,,400,,,,,2,,,
ClassicGumtree,93,18,58,35,0,0,0,0,45,3,0,0.1,,400,,,,,3,,,
ClassicGumtree,117,22,70,47,0,0,0,0,38,3,0,0.1,,400,,,,,4,,,
ClassicGumtree,171,24,97,74,0,0,0,0,64,3,0,0.1,,400,,,,,5,,,
ClassicGumtree,25,4,24,1,0,0,0,0,43,3,0,0.2,,400,,,,,1,,,
ClassicGumtree,37,10,30,7,0,0,0,0,44,3,0,0.2,,400,,,,,2,,,
ClassicGumtree,93,18,58,35,0,0,0,0,43,3,0,0.2,,400,,,,,3,,,
ClassicGumtree,117,22,70,47,0,0,0,0,38,3,0,0.2,,400,,,,,4,,,
ClassicGumtree,171,24,97,74,0,0,0,0,37,3,0,0.2,,400,,,,,5,,,
ClassicGumtree,25,4,24,1,0,0,0,0,44,3,0,0.3,,400,,,,,1,,,
ClassicGumtree,37,10,30,7,0,0,0,0,44,3,0,0.3,,400,,,,,2,,,
ClassicGumtree,93,18,58,35,0,0,0,0,41,3,0,0.3,,400,,,,,3,,,
ClassicGumtree,117,22,70,47,0,0,0,0,37,3,0,0.3,,400,,,,,4,,,
ClassicGumtree,171,24,97,74,0,0,0,0,37,3,0,0.3,,400,,,,,5,,,
ClassicGumtree,25,4,24,1,0,0,0,0,42,3,0,0.4,,400,,,,,1,,,
ClassicGumtree,37,10,30,7,0,0,0,0,42,3,0,0.4,,400,,,,,2,,,
ClassicGumtree,93,18,58,35,0,0,0,0,63,3,0,0.4,,400,,,,,3,,,
ClassicGumtree,117,22,70,47,0,0,0,0,64,3,0,0.4,,400,,,,,4,,,
ClassicGumtree,171,24,97,74,0,0,0,0,65,3,0,0.4,,400,,,,,5,,,
ClassicGumtree,25,4,24,1,0,0,0,0,44,3,0,0.5,,400,,,,,1,,,
ClassicGumtree,37,10,30,7,0,0,0,0,44,3,0,0.5,,400,,,,,2,,,
ClassicGumtree,93,18,58,35,0,0,0,0,42,3,0,0.5,,400,,,,,3,,,
ClassicGumtree,117,22,70,47,0,0,0,0,36,3,0,0.5,,400,,,,,4,,,
ClassicGumtree,171,24,97,74,0,0,0,0,38,3,0,0.5,,400,,,,,5,,,
ClassicGumtree,25,4,24,1,0,0,0,0,42,3,0,0.6,,400,,,,,1,,,
ClassicGumtree,37,10,30,7,0,0,0,0,41,3,0,0.6,,400,,,,,2,,,
ClassicGumtree,93,18,58,35,0,0,0,0,38,3,0,0.6,,400,,,,,3,,,
ClassicGumtree,248,24,135,112,0,1,0,0,1,3,0,0.6,,400,,,,,4,,,
ClassicGumtree,302,26,162,139,0,1,0,0,2,3,0,0.6,,400,,,,,5,,,
ClassicGumtree,25,4,24,1,0,0,0,0,41,3,0,0.7,,400,,,,,1,,,
ClassicGumtree,37,10,30,7,0,0,0,0,38,3,0,0.7,,400,,,,,2,,,
ClassicGumtree,93,18,58,35,0,0,0,0,38,3,0,0.7,,400,,,,,3,,,
ClassicGumtree,248,24,135,112,0,1,0,0,2,3,0,0.7,,400,,,,,4,,,
ClassicGumtree,302,26,162,139,0,1,0,0,2,3,0,0.7,,400,,,,,5,,,
ClassicGumtree,25,4,24,1,0,0,0,0,37,3,0,0.799,,400,,,,,1,,,
ClassicGumtree,37,10,30,7,0,0,0,0,38,3,0,0.799,,400,,,,,2,,,
ClassicGumtree,162,26,89,66,0,7,0,0,3,3,0,0.799,,400,,,,,3,,,
ClassicGumtree,255,8,136,113,0,6,0,0,3,3,0,0.799,,400,,,,,4,,,
ClassicGumtree,308,7,163,140,0,5,0,0,2,3,0,0.799,,400,,,,,5,,,
ClassicGumtree,25,4,24,1,0,0,0,0,101,3,0,0.899,,400,,,,,1,,,
ClassicGumtree,92,20,53,30,0,9,0,0,2,3,0,0.899,,400,,,,,2,,,
ClassicGumtree,171,16,90,67,0,14,0,0,1,3,0,0.899,,400,,,,,3,,,
ClassicGumtree,255,8,136,113,0,6,0,0,1,3,0,0.899,,400,,,,,4,,,
ClassicGumtree,308,7,163,140,0,5,0,0,2,3,0,0.899,,400,,,,,5,,,
ClassicGumtree,71,32,32,9,0,30,0,0,2,3,0,0.999,,400,,,,,1,,,
ClassicGumtree,105,22,54,31,0,20,0,0,2,3,0,0.999,,400,,,,,2,,,
ClassicGumtree,171,16,90,67,0,14,0,0,1,3,0,0.999,,400,,,,,3,,,
ClassicGumtree,255,8,136,113,0,6,0,0,2,3,0,0.999,,400,,,,,4,,,
ClassicGumtree,308,7,163,140,0,5,0,0,1,3,0,0.999,,400,,,,,5,,,
ClassicGumtree,25,4,24,1,0,0,0,0,44,3,0,0.1,,500,,,,,1,,,
ClassicGumtree,37,10,30,7,0,0,0,0,43,3,0,0.1,,500,,,,,2,,,
ClassicGumtree,93,18,58,35,0,0,0,0,109,3,0,0.1,,500,,,,,3,,,
ClassicGumtree,117,22,70,47,0,0,0,0,73,3,0,0.1,,500,,,,,4,,,
ClassicGumtree,171,24,97,74,0,0,0,0,73,3,0,0.1,,500,,,,,5,,,
ClassicGumtree,25,4,24,1,0,0,0,0,79,3,0,0.2,,500,,,,,1,,,
ClassicGumtree,37,10,30,7,0,0,0,0,79,3,0,0.2,,500,,,,,2,,,
ClassicGumtree,93,18,58,35,0,0,0,0,79,3,0,0.2,,500,,,,,3,,,
ClassicGumtree,117,22,70,47,0,0,0,0,73,3,0,0.2,,500,,,,,4,,,
ClassicGumtree,171,24,97,74,0,0,0,0,73,3,0,0.2,,500,,,,,5,,,
ClassicGumtree,25,4,24,1,0,0,0,0,79,3,0,0.3,,500,,,,,1,,,
ClassicGumtree,37,10,30,7,0,0,0,0,44,3,0,0.3,,500,,,,,2,,,
ClassicGumtree,93,18,58,35,0,0,0,0,74,3,0,0.3,,500,,,,,3,,,
ClassicGumtree,117,22,70,47,0,0,0,0,38,3,0,0.3,,500,,,,,4,,,
ClassicGumtree,171,24,97,74,0,0,0,0,38,3,0,0.3,,500,,,,,5,,,
ClassicGumtree,25,4,24,1,0,0,0,0,43,3,0,0.4,,500,,,,,1,,,
ClassicGumtree,37,10,30,7,0,0,0,0,44,3,0,0.4,,500,,,,,2,,,
ClassicGumtree,93,18,58,35,0,0,0,0,43,3,0,0.4,,500,,,,,3,,,
ClassicGumtree,117,22,70,47,0,0,0,0,37,3,0,0.4,,500,,,,,4,,,
ClassicGumtree,171,24,97,74,0,0,0,0,38,3,0,0.4,,500,,,,,5,,,
ClassicGumtree,25,4,24,1,0,0,0,0,43,3,0,0.5,,500,,,,,1,,,
ClassicGumtree,37,10,30,7,0,0,0,0,43,3,0,0.5,,500,,,,,2,,,
ClassicGumtree,93,18,58,35,0,0,0,0,42,3,0,0.5,,500,,,,,3,,,
ClassicGumtree,117,22,70,47,0,0,0,0,38,3,0,0.5,,500,,,,,4,,,
ClassicGumtree,171,24,97,74,0,0,0,0,38,3,0,0.5,,500,,,,,5,,,
ClassicGumtree,25,4,24,1,0,0,0,0,42,3,0,0.6,,500,,,,,1,,,
ClassicGumtree,37,10,30,7,0,0,0,0,41,3,0,0.6,,500,,,,,2,,,
ClassicGumtree,93,18,58,35,0,0,0,0,38,3,0,0.6,,500,,,,,3,,,
ClassicGumtree,248,24,135,112,0,1,0,0,1,3,0,0.6,,500,,,,,4,,,
ClassicGumtree,302,26,162,139,0,1,0,0,1,3,0,0.6,,500,,,,,5,,,
ClassicGumtree,25,4,24,1,0,0,0,0,42,3,0,0.7,,500,,,,,1,,,
ClassicGumtree,37,10,30,7,0,0,0,0,38,3,0,0.7,,500,,,,,2,,,
ClassicGumtree,93,18,58,35,0,0,0,0,65,3,0,0.7,,500,,,,,3,,,
ClassicGumtree,248,24,135,112,0,1,0,0,1,3,0,0.7,,500,,,,,4,,,
ClassicGumtree,302,26,162,139,0,1,0,0,1,3,0,0.7,,500,,,,,5,,,
ClassicGumtree,25,4,24,1,0,0,0,0,38,3,0,0.799,,500,,,,,1,,,
ClassicGumtree,37,10,30,7,0,0,0,0,38,3,0,0.799,,500,,,,,2,,,
ClassicGumtree,162,26,89,66,0,7,0,0,2,3,0,0.799,,500,,,,,3,,,
ClassicGumtree,255,8,136,113,0,6,0,0,1,3,0,0.799,,500,,,,,4,,,
ClassicGumtree,308,7,163,140,0,5,0,0,2,3,0,0.799,,500,,,,,5,,,
ClassicGumtree,25,4,24,1,0,0,0,0,37,3,0,0.899,,500,,,,,1,,,
ClassicGumtree,92,20,53,30,0,9,0,0,2,3,0,0.899,,500,,,,,2,,,
ClassicGumtree,171,16,90,67,0,14,0,0,1,3,0,0.899,,500,,,,,3,,,
ClassicGumtree,255,8,136,113,0,6,0,0,1,3,0,0.899,,500,,,,,4,,,
ClassicGumtree,308,7,163,140,0,5,0,0,1,3,0,0.899,,500,,,,,5,,,
ClassicGumtree,71,32,32,9,0,30,0,0,2,3,0,0.999,,500,,,,,1,,,
ClassicGumtree,105,22,54,31,0,20,0,0,2,3,0,0.999,,500,,,,,2,,,
ClassicGumtree,171,16,90,67,0,14,0,0,1,3,0,0.999,,500,,,,,3,,,
ClassicGumtree,255,8,136,113,0,6,0,0,1,3,0,0.999,,500,,,,,4,,,
ClassicGumtree,308,7,163,140,0,5,0,0,2,3,0,0.999,,500,,,,,5,,,
ClassicGumtree,23,2,23,0,0,0,0,0,856,3,0,0.1,,600,,,,,1,,,
ClassicGumtree,23,2,23,0,0,0,0,0,822,3,0,0.1,,600,,,,,2,,,
ClassicGumtree,23,2,23,0,0,0,0,0,818,3,0,0.1,,600,,,,,3,,,
ClassicGumtree,23,2,23,0,0,0,0,0,812,3,0,0.1,,600,,,,,4,,,
ClassicGumtree,23,2,23,0,0,0,0,0,849,3,0,0.1,,600,,,,,5,,,
ClassicGumtree,23,2,23,0,0,0,0,0,875,3,0,0.2,,600,,,,,1,,,
ClassicGumtree,23,2,23,0,0,0,0,0,818,3,0,0.2,,600,,,,,2,,,
ClassicGumtree,23,2,23,0,0,0,0,0,855,3,0,0.2,,600,,,,,3,,,
ClassicGumtree,23,2,23,0,0,0,0,0,813,3,0,0.2,,600,,,,,4,,,
ClassicGumtree,23,2,23,0,0,0,0,0,843,3,0,0.2,,600,,,,,5,,,
ClassicGumtree,23,2,23,0,0,0,0,0,819,3,0,0.3,,600,,,,,1,,,
ClassicGumtree,23,2,23,0,0,0,0,0,820,3,0,0.3,,600,,,,,2,,,
ClassicGumtree,23,2,23,0,0,0,0,0,822,3,0,0.3,,600,,,,,3,,,
ClassicGumtree,23,2,23,0,0,0,0,0,812,3,0,0.3,,600,,,,,4,,,
ClassicGumtree,23,2,23,0,0,0,0,0,814,3,0,0.3,,600,,,,,5,,,
ClassicGumtree,23,2,23,0,0,0,0,0,849,3,0,0.4,,600,,,,,1,,,
ClassicGumtree,23,2,23,0,0,0,0,0,848,3,0,0.4,,600,,,,,2,,,
ClassicGumtree,23,2,23,0,0,0,0,0,850,3,0,0.4,,600,,,,,3,,,
ClassicGumtree,23,2,23,0,0,0,0,0,814,3,0,0.4,,600,,,,,4,,,
ClassicGumtree,23,2,23,0,0,0,0,0,840,3,0,0.4,,600,,,,,5,,,
ClassicGumtree,23,2,23,0,0,0,0,0,818,3,0,0.5,,600,,,,,1,,,
ClassicGumtree,23,2,23,0,0,0,0,0,816,3,0,0.5,,600,,,,,2,,,
ClassicGumtree,23,2,23,0,0,0,0,0,819,3,0,0.5,,600,,,,,3,,,
ClassicGumtree,23,2,23,0,0,0,0,0,812,3,0,0.5,,600,,,,,4,,,
ClassicGumtree,23,2,23,0,0,0,0,0,812,3,0,0.5,,600,,,,,5,,,
ClassicGumtree,23,2,23,0,0,0,0,0,817,3,0,0.6,,600,,,,,1,,,
ClassicGumtree,23,2,23,0,0,0,0,0,854,3,0,0.6,,600,,,,,2,,,
ClassicGumtree,23,2,23,0,0,0,0,0,851,3,0,0.6,,600,,,,,3,,,
ClassicGumtree,23,2,23,0,0,0,0,0,810,3,0,0.6,,600,,,,,4,,,
ClassicGumtree,23,2,23,0,0,0,0,0,814,3,0,0.6,,600,,,,,5,,,
ClassicGumtree,23,2,23,0,0,0,0,0,974,3,0,0.7,,600,,,,,1,,,
ClassicGumtree,23,2,23,0,0,0,0,0,971,3,0,0.7,,600,,,,,2,,,
ClassicGumtree,23,2,23,0,0,0,0,0,1090,3,0,0.7,,600,,,,,3,,,
ClassicGumtree,23,2,23,0,0,0,0,0,934,3,0,0.7,,600,,,,,4,,,
ClassicGumtree,23,2,23,0,0,0,0,0,937,3,0,0.7,,600,,,,,5,,,
ClassicGumtree,23,2,23,0,0,0,0,0,970,3,0,0.799,,600,,,,,1,,,
ClassicGumtree,23,2,23,0,0,0,0,0,1018,3,0,0.799,,600,,,,,2,,,
ClassicGumtree,23,2,23,0,0,0,0,0,976,3,0,0.799,,600,,,,,3,,,
ClassicGumtree,23,2,23,0,0,0,0,0,401,3,0,0.799,,600,,,,,4,,,
ClassicGumtree,23,2,23,0,0,0,0,0,405,3,0,0.799,,600,,,,,5,,,
ClassicGumtree,23,2,23,0,0,0,0,0,1048,3,0,0.899,,600,,,,,1,,,
ClassicGumtree,23,2,23,0,0,0,0,0,934,3,0,0.899,,600,,,,,2,,,
ClassicGumtree,23,2,23,0,0,0,0,0,388,3,0,0.899,,600,,,,,3,,,
ClassicGumtree,23,2,23,0,0,0,0,0,388,3,0,0.899,,600,,,,,4,,,
ClassicGumtree,23,2,23,0,0,0,0,0,389,3,0,0.899,,600,,,,,5,,,
ClassicGumtree,23,2,23,0,0,0,0,0,388,3,0,0.999,,600,,,,,1,,,
ClassicGumtree,23,2,23,0,0,0,0,0,388,3,0,0.999,,600,,,,,2,,,
ClassicGumtree,23,2,23,0,0,0,0,0,435,3,0,0.999,,600,,,,,3,,,
ClassicGumtree,23,2,23,0,0,0,0,0,389,3,0,0.999,,600,,,,,4,,,
ClassicGumtree,23,2,23,0,0,0,0,0,430,3,0,0.999,,600,,,,,5,,,
ClassicGumtree,23,2,23,0,0,0,0,0,816,3,0,0.1,,700,,,,,1,,,
ClassicGumtree,23,2,23,0,0,0,0,0,816,3,0,0.1,,700,,,,,2,,,
ClassicGumtree,23,2,23,0,0,0,0,0,819,3,0,0.1,,700,,,,,3,,,
ClassicGumtree,23,2,23,0,0,0,0,0,811,3,0,0.1,,700,,,,,4,,,
ClassicGumtree,23,2,23,0,0,0,0,0,812,3,0,0.1,,700,,,,,5,,,
ClassicGumtree,23,2,23,0,0,0,0,0,816,3,0,0.2,,700,,,,,1,,,
ClassicGumtree,23,2,23,0,0,0,0,0,820,3,0,0.2,,700,,,,,2,,,
ClassicGumtree,23,2,23,0,0,0,0,0,927,3,0,0.2,,700,,,,,3,,,
ClassicGumtree,23,2,23,0,0,0,0,0,919,3,0,0.2,,700,,,,,4,,,
ClassicGumtree,23,2,23,0,0,0,0,0,917,3,0,0.2,,700,,,,,5,,,
ClassicGumtree,23,2,23,0,0,0,0,0,817,3,0,0.3,,700,,,,,1,,,
ClassicGumtree,23,2,23,0,0,0,0,0,818,3,0,0.3,,700,,,,,2,,,
ClassicGumtree,23,2,23,0,0,0,0,0,816,3,0,0.3,,700,,,,,3,,,
ClassicGumtree,23,2,23,0,0,0,0,0,812,3,0,0.3,,700,,,,,4,,,
ClassicGumtree,23,2,23,0,0,0,0,0,812,3,0,0.3,,700,,,,,5,,,
ClassicGumtree,23,2,23,0,0,0,0,0,818,3,0,0.4,,700,,,,,1,,,
ClassicGumtree,23,2,23,0,0,0,0,0,820,3,0,0.4,,700,,,,,2,,,
ClassicGumtree,23,2,23,0,0,0,0,0,919,3,0,0.4,,700,,,,,3,,,
ClassicGumtree,23,2,23,0,0,0,0,0,909,3,0,0.4,,700,,,,,4,,,
ClassicGumtree,23,2,23,0,0,0,0,0,909,3,0,0.4,,700,,,,,5,,,
ClassicGumtree,23,2,23,0,0,0,0,0,818,3,0,0.5,,700,,,,,1,,,
ClassicGumtree,23,2,23,0,0,0,0,0,818,3,0,0.5,,700,,,,,2,,,
ClassicGumtree,23,2,23,0,0,0,0,0,816,3,0,0.5,,700,,,,,3,,,
ClassicGumtree,23,2,23,0,0,0,0,0,811,3,0,0.5,,700,,,,,4,,,
ClassicGumtree,23,2,23,0,0,0,0,0,811,3,0,0.5,,700,,,,,5,,,
ClassicGumtree,23,2,23,0,0,0,0,0,816,3,0,0.6,,700,,,,,1,,,
ClassicGumtree,23,2,23,0,0,0,0,0,816,3,0,0.6,,700,,,,,2,,,
ClassicGumtree,23,2,23,0,0,0,0,0,913,3,0,0.6,,700,,,,,3,,,
ClassicGumtree,23,2,23,0,0,0,0,0,885,3,0,0.6,,700,,,,,4,,,
ClassicGumtree,23,2,23,0,0,0,0,0,867,3,0,0.6,,700,,,,,5,,,
ClassicGumtree,23,2,23,0,0,0,0,0,1009,3,0,0.7,,700,,,,,1,,,
ClassicGumtree,23,2,23,0,0,0,0,0,1001,3,0,0.7,,700,,,,,2,,,
ClassicGumtree,23,2,23,0,0,0,0,0,1001,3,0,0.7,,700,,,,,3,,,
ClassicGumtree,23,2,23,0,0,0,0,0,968,3,0,0.7,,700,,,,,4,,,
ClassicGumtree,23,2,23,0,0,0,0,0,966,3,0,0.7,,700,,,,,5,,,
ClassicGumtree,23,2,23,0,0,0,0,0,1001,3,0,0.799,,700,,,,,1,,,
ClassicGumtree,23,2,23,0,0,0,0,0,1004,3,0,0.799,,700,,,,,2,,,
ClassicGumtree,23,2,23,0,0,0,0,0,1058,3,0,0.799,,700,,,,,3,,,
ClassicGumtree,23,2,23,0,0,0,0,0,658,3,0,0.799,,700,,,,,4,,,
ClassicGumtree,23,2,23,0,0,0,0,0,637,3,0,0.799,,700,,,,,5,,,
ClassicGumtree,23,2,23,0,0,0,0,0,811,3,0,0.899,,700,,,,,1,,,
ClassicGumtree,23,2,23,0,0,0,0,0,777,3,0,0.899,,700,,,,,2,,,
ClassicGumtree,23,2,23,0,0,0,0,0,390,3,0,0.899,,700,,,,,3,,,
ClassicGumtree,23,2,23,0,0,0,0,0,388,3,0,0.899,,700,,,,,4,,,
ClassicGumtree,23,2,23,0,0,0,0,0,389,3,0,0.899,,700,,,,,5,,,
ClassicGumtree,23,2,23,0,0,0,0,0,388,3,0,0.999,,700,,,,,1,,,
ClassicGumtree,23,2,23,0,0,0,0,0,427,3,0,0.999,,700,,,,,2,,,
ClassicGumtree,23,2,23,0,0,0,0,0,432,3,0,0.999,,700,,,,,3,,,
ClassicGumtree,23,2,23,0,0,0,0,0,390,3,0,0.999,,700,,,,,4,,,
ClassicGumtree,23,2,23,0,0,0,0,0,387,3,0,0.999,,700,,,,,5,,,
ClassicGumtree,23,2,23,0,0,0,0,0,815,3,0,0.1,,800,,,,,1,,,
ClassicGumtree,23,2,23,0,0,0,0,0,817,3,0,0.1,,800,,,,,2,,,
ClassicGumtree,23,2,23,0,0,0,0,0,816,3,0,0.1,,800,,,,,3,,,
ClassicGumtree,23,2,23,0,0,0,0,0,896,3,0,0.1,,800,,,,,4,,,
ClassicGumtree,23,2,23,0,0,0,0,0,890,3,0,0.1,,800,,,,,5,,,
ClassicGumtree,23,2,23,0,0,0,0,0,897,3,0,0.2,,800,,,,,1,,,
ClassicGumtree,23,2,23,0,0,0,0,0,819,3,0,0.2,,800,,,,,2,,,
ClassicGumtree,23,2,23,0,0,0,0,0,817,3,0,0.2,,800,,,,,3,,,
ClassicGumtree,23,2,23,0,0,0,0,0,811,3,0,0.2,,800,,,,,4,,,
ClassicGumtree,23,2,23,0,0,0,0,0,811,3,0,0.2,,800,,,,,5,,,
ClassicGumtree,23,2,23,0,0,0,0,0,818,3,0,0.3,,800,,,,,1,,,
ClassicGumtree,23,2,23,0,0,0,0,0,817,3,0,0.3,,800,,,,,2,,,
ClassicGumtree,23,2,23,0,0,0,0,0,818,3,0,0.3,,800,,,,,3,,,
ClassicGumtree,23,2,23,0,0,0,0,0,814,3,0,0.3,,800,,,,,4,,,
ClassicGumtree,23,2,23,0,0,0,0,0,881,3,0,0.3,,800,,,,,5,,,
ClassicGumtree,23,2,23,0,0,0,0,0,896,3,0,0.4,,800,,,,,1,,,
ClassicGumtree,23,2,23,0,0,0,0,0,900,3,0,0.4,,800,,,,,2,,,
ClassicGumtree,23,2,23,0,0,0,0,0,816,3,0,0.4,,800,,,,,3,,,
ClassicGumtree,23,2,23,0,0,0,0,0,813,3,0,0.4,,800,,,,,4,,,
ClassicGumtree,23,2,23,0,0,0,0,0,812,3,0,0.4,,800,,,,,5,,,
ClassicGumtree,23,2,23,0,0,0,0,0,816,3,0,0.5,,800,,,,,1,,,
ClassicGumtree,23,2,23,0,0,0,0,0,817,3,0,0.5,,800,,,,,2,,,
ClassicGumtree,23,2,23,0,0,0,0,0,815,3,0,0.5,,800,,,,,3,,,
ClassicGumtree,23,2,23,0,0,0,0,0,814,3,0,0.5,,800,,,,,4,,,
ClassicGumtree,23,2,23,0,0,0,0,0,896,3,0,0.5,,800,,,,,5,,,
ClassicGumtree,23,2,23,0,0,0,0,0,898,3,0,0.6,,800,,,,,1,,,
ClassicGumtree,23,2,23,0,0,0,0,0,914,3,0,0.6,,800,,,,,2,,,
ClassicGumtree,23,2,23,0,0,0,0,0,810,3,0,0.6,,800,,,,,3,,,
ClassicGumtree,23,2,23,0,0,0,0,0,775,3,0,0.6,,800,,,,,4,,,
ClassicGumtree,23,2,23,0,0,0,0,0,773,3,0,0.6,,800,,,,,5,,,
ClassicGumtree,23,2,23,0,0,0,0,0,1198,3,0,0.7,,800,,,,,1,,,
ClassicGumtree,23,2,23,0,0,0,0,0,1194,3,0,0.7,,800,,,,,2,,,
ClassicGumtree,23,2,23,0,0,0,0,0,1194,3,0,0.7,,800,,,,,3,,,
ClassicGumtree,23,2,23,0,0,0,0,0,1238,3,0,0.7,,800,,,,,4,,,
ClassicGumtree,23,2,23,0,0,0,0,0,1158,3,0,0.7,,800,,,,,5,,,
ClassicGumtree,23,2,23,0,0,0,0,0,1194,3,0,0.799,,800,,,,,1,,,
ClassicGumtree,23,2,23,0,0,0,0,0,1258,3,0,0.799,,800,,,,,2,,,
ClassicGumtree,23,2,23,0,0,0,0,0,1160,3,0,0.799,,800,,,,,3,,,
ClassicGumtree,23,2,23,0,0,0,0,0,824,3,0,0.799,,800,,,,,4,,,
ClassicGumtree,23,2,23,0,0,0,0,0,826,3,0,0.799,,800,,,,,5,,,
ClassicGumtree,23,2,23,0,0,0,0,0,829,3,0,0.899,,800,,,,,1,,,
ClassicGumtree,23,2,23,0,0,0,0,0,777,3,0,0.899,,800,,,,,2,,,
ClassicGumtree,23,2,23,0,0,0,0,0,406,3,0,0.899,,800,,,,,3,,,
ClassicGumtree,23,2,23,0,0,0,0,0,397,3,0,0.899,,800,,,,,4,,,
ClassicGumtree,23,2,23,0,0,0,0,0,389,3,0,0.899,,800,,,,,5,,,
ClassicGumtree,23,2,23,0,0,0,0,0,389,3,0,0.999,,800,,,,,1,,,
ClassicGumtree,23,2,23,0,0,0,0,0,389,3,0,0.999,,800,,,,,2,,,
ClassicGumtree,23,2,23,0,0,0,0,0,390,3,0,0.999,,800,,,,,3,,,
ClassicGumtree,23,2,23,0,0,0,0,0,388,3,0,0.999,,800,,,,,4,,,
ClassicGumtree,23,2,23,0,0,0,0,0,398,3,0,0.999,,800,,,,,5,,,
ClassicGumtree,23,2,23,0,0,0,0,0,836,3,0,0.1,,900,,,,,1,,,
ClassicGumtree,23,2,23,0,0,0,0,0,837,3,0,0.1,,900,,,,,2,,,
ClassicGumtree,23,2,23,0,0,0,0,0,816,3,0,0.1,,900,,,,,3,,,
ClassicGumtree,23,2,23,0,0,0,0,0,810,3,0,0.1,,900,,,,,4,,,
ClassicGumtree,23,2,23,0,0,0,0,0,812,3,0,0.1,,900,,,,,5,,,
ClassicGumtree,23,2,23,0,0,0,0,0,820,3,0,0.2,,900,,,,,1,,,
ClassicGumtree,23,2,23,0,0,0,0,0,817,3,0,0.2,,900,,,,,2,,,
ClassicGumtree,23,2,23,0,0,0,0,0,816,3,0,0.2,,900,,,,,3,,,
ClassicGumtree,23,2,23,0,0,0,0,0,830,3,0,0.2,,900,,,,,4,,,
ClassicGumtree,23,2,23,0,0,0,0,0,829,3,0,0.2,,900,,,,,5,,,
ClassicGumtree,23,2,23,0,0,0,0,0,836,3,0,0.3,,900,,,,,1,,,
ClassicGumtree,23,2,23,0,0,0,0,0,834,3,0,0.3,,900,,,,,2,,,
ClassicGumtree,23,2,23,0,0,0,0,0,818,3,0,0.3,,900,,,,,3,,,
ClassicGumtree,23,2,23,0,0,0,0,0,813,3,0,0.3,,900,,,,,4,,,
ClassicGumtree,23,2,23,0,0,0,0,0,812,3,0,0.3,,900,,,,,5,,,
ClassicGumtree,23,2,23,0,0,0,0,0,818,3,0,0.4,,900,,,,,1,,,
ClassicGumtree,23,2,23,0,0,0,0,0,820,3,0,0.4,,900,,,,,2,,,
ClassicGumtree,23,2,23,0,0,0,0,0,817,3,0,0.4,,900,,,,,3,,,
ClassicGumtree,23,2,23,0,0,0,0,0,825,3,0,0.4,,900,,,,,4,,,
ClassicGumtree,23,2,23,0,0,0,0,0,829,3,0,0.4,,900,,,,,5,,,
ClassicGumtree,23,2,23,0,0,0,0,0,832,3,0,0.5,,900,,,,,1,,,
ClassicGumtree,23,2,23,0,0,0,0,0,831,3,0,0.5,,900,,,,,2,,,
ClassicGumtree,23,2,23,0,0,0,0,0,815,3,0,0.5,,900,,,,,3,,,
ClassicGumtree,23,2,23,0,0,0,0,0,812,3,0,0.5,,900,,,,,4,,,
ClassicGumtree,23,2,23,0,0,0,0,0,813,3,0,0.5,,900,,,,,5,,,
ClassicGumtree,23,2,23,0,0,0,0,0,816,3,0,0.6,,900,,,,,1,,,
ClassicGumtree,23,2,23,0,0,0,0,0,817,3,0,0.6,,900,,,,,2,,,
ClassicGumtree,23,2,23,0,0,0,0,0,811,3,0,0.6,,900,,,,,3,,,
ClassicGumtree,23,2,23,0,0,0,0,0,791,3,0,0.6,,900,,,,,4,,,
ClassicGumtree,23,2,23,0,0,0,0,0,790,3,0,0.6,,900,,,,,5,,,
ClassicGumtree,23,2,23,0,0,0,0,0,988,3,0,0.7,,900,,,,,1,,,
ClassicGumtree,23,2,23,0,0,0,0,0,1007,3,0,0.7,,900,,,,,2,,,
ClassicGumtree,23,2,23,0,0,0,0,0,1007,3,0,0.7,,900,,,,,3,,,
ClassicGumtree,23,2,23,0,0,0,0,0,948,3,0,0.7,,900,,,,,4,,,
ClassicGumtree,23,2,23,0,0,0,0,0,949,3,0,0.7,,900,,,,,5,,,
ClassicGumtree,23,2,23,0,0,0,0,0,983,3,0,0.799,,900,,,,,1,,,
ClassicGumtree,23,2,23,0,0,0,0,0,987,3,0,0.799,,900,,,,,2,,,
ClassicGumtree,23,2,23,0,0,0,0,0,948,3,0,0.799,,900,,,,,3,,,
ClassicGumtree,23,2,23,0,0,0,0,0,395,3,0,0.799,,900,,,,,4,,,
ClassicGumtree,23,2,23,0,0,0,0,0,396,3,0,0.799,,900,,,,,5,,,
ClassicGumtree,23,2,23,0,0,0,0,0,997,3,0,0.899,,900,,,,,1,,,
ClassicGumtree,23,2,23,0,0,0,0,0,965,3,0,0.899,,900,,,,,2,,,
ClassicGumtree,23,2,23,0,0,0,0,0,389,3,0,0.899,,900,,,,,3,,,
ClassicGumtree,23,2,23,0,0,0,0,0,397,3,0,0.899,,900,,,,,4,,,
ClassicGumtree,23,2,23,0,0,0,0,0,396,3,0,0.899,,900,,,,,5,,,
ClassicGumtree,23,2,23,0,0,0,0,0,389,3,0,0.999,,900,,,,,1,,,
ClassicGumtree,23,2,23,0,0,0,0,0,389,3,0,0.999,,900,,,,,2,,,
ClassicGumtree,23,2,23,0,0,0,0,0,388,3,0,0.999,,900,,,,,3,,,
ClassicGumtree,23,2,23,0,0,0,0,0,388,3,0,0.999,,900,,,,,4,,,
ClassicGumtree,23,2,23,0,0,0,0,0,388,3,0,0.999,,900,,,,,5,,,
ClassicGumtree,23,2,23,0,0,0,0,0,817,3,0,0.1,,1000,,,,,1,,,
ClassicGumtree,23,2,23,0,0,0,0,0,840,3,0,0.1,,1000,,,,,2,,,
ClassicGumtree,23,2,23,0,0,0,0,0,846,3,0,0.1,,1000,,,,,3,,,
ClassicGumtree,23,2,23,0,0,0,0,0,811,3,0,0.1,,1000,,,,,4,,,
ClassicGumtree,23,2,23,0,0,0,0,0,811,3,0,0.1,,1000,,,,,5,,,
ClassicGumtree,23,2,23,0,0,0,0,0,816,3,0,0.2,,1000,,,,,1,,,
ClassicGumtree,23,2,23,0,0,0,0,0,817,3,0,0.2,,1000,,,,,2,,,
ClassicGumtree,23,2,23,0,0,0,0,0,817,3,0,0.2,,1000,,,,,3,,,
ClassicGumtree,23,2,23,0,0,0,0,0,841,3,0,0.2,,1000,,,,,4,,,
ClassicGumtree,23,2,23,0,0,0,0,0,838,3,0,0.2,,1000,,,,,5,,,
ClassicGumtree,23,2,23,0,0,0,0,0,818,3,0,0.3,,1000,,,,,1,,,
ClassicGumtree,23,2,23,0,0,0,0,0,817,3,0,0.3,,1000,,,,,2,,,
ClassicGumtree,23,2,23,0,0,0,0,0,837,3,0,0.3,,1000,,,,,3,,,
ClassicGumtree,23,2,23,0,0,0,0,0,838,3,0,0.3,,1000,,,,,4,,,
ClassicGumtree,23,2,23,0,0,0,0,0,813,3,0,0.3,,1000,,,,,5,,,
ClassicGumtree,23,2,23,0,0,0,0,0,817,3,0,0.4,,1000,,,,,1,,,
ClassicGumtree,23,2,23,0,0,0,0,0,817,3,0,0.4,,1000,,,,,2,,,
ClassicGumtree,23,2,23,0,0,0,0,0,817,3,0,0.4,,1000,,,,,3,,,
ClassicGumtree,23,2,23,0,0,0,0,0,824,3,0,0.4,,1000,,,,,4,,,
ClassicGumtree,23,2,23,0,0,0,0,0,823,3,0,0.4,,1000,,,,,5,,,
ClassicGumtree,23,2,23,0,0,0,0,0,817,3,0,0.5,,1000,,,,,1,,,
ClassicGumtree,23,2,23,0,0,0,0,0,817,3,0,0.5,,1000,,,,,2,,,
ClassicGumtree,23,2,23,0,0,0,0,0,827,3,0,0.5,,1000,,,,,3,,,
ClassicGumtree,23,2,23,0,0,0,0,0,824,3,0,0.5,,1000,,,,,4,,,
ClassicGumtree,23,2,23,0,0,0,0,0,811,3,0,0.5,,1000,,,,,5,,,
ClassicGumtree,23,2,23,0,0,0,0,0,817,3,0,0.6,,1000,,,,,1,,,
ClassicGumtree,23,2,23,0,0,0,0,0,815,3,0,0.6,,1000,,,,,2,,,
ClassicGumtree,23,2,23,0,0,0,0,0,811,3,0,0.6,,1000,,,,,3,,,
ClassicGumtree,23,2,23,0,0,0,0,0,785,3,0,0.6,,1000,,,,,4,,,
ClassicGumtree,23,2,23,0,0,0,0,0,784,3,0,0.6,,1000,,,,,5,,,
ClassicGumtree,23,2,23,0,0,0,0,0,879,3,0,0.7,,1000,,,,,1,,,
ClassicGumtree,23,2,23,0,0,0,0,0,875,3,0,0.7,,1000,,,,,2,,,
ClassicGumtree,23,2,23,0,0,0,0,0,890,3,0,0.7,,1000,,,,,3,,,
ClassicGumtree,23,2,23,0,0,0,0,0,855,3,0,0.7,,1000,,,,,4,,,
ClassicGumtree,23,2,23,0,0,0,0,0,839,3,0,0.7,,1000,,,,,5,,,
ClassicGumtree,23,2,23,0,0,0,0,0,876,3,0,0.799,,1000,,,,,1,,,
ClassicGumtree,23,2,23,0,0,0,0,0,874,3,0,0.799,,1000,,,,,2,,,
ClassicGumtree,23,2,23,0,0,0,0,0,839,3,0,0.799,,1000,,,,,3,,,
ClassicGumtree,23,2,23,0,0,0,0,0,459,3,0,0.799,,1000,,,,,4,,,
ClassicGumtree,23,2,23,0,0,0,0,0,459,3,0,0.799,,1000,,,,,5,,,
ClassicGumtree,23,2,23,0,0,0,0,0,820,3,0,0.899,,1000,,,,,1,,,
ClassicGumtree,23,2,23,0,0,0,0,0,785,3,0,0.899,,1000,,,,,2,,,
ClassicGumtree,23,2,23,0,0,0,0,0,389,3,0,0.899,,1000,,,,,3,,,
ClassicGumtree,23,2,23,0,0,0,0,0,389,3,0,0.899,,1000,,,,,4,,,
ClassicGumtree,23,2,23,0,0,0,0,0,395,3,0,0.899,,1000,,,,,5,,,
ClassicGumtree,23,2,23,0,0,0,0,0,392,3,0,0.999,,1000,,,,,1,,,
ClassicGumtree,23,2,23,0,0,0,0,0,390,3,0,0.999,,1000,,,,,2,,,
ClassicGumtree,23,2,23,0,0,0,0,0,388,3,0,0.999,,1000,,,,,3,,,
ClassicGumtree,23,2,23,0,0,0,0,0,388,3,0,0.999,,1000,,,,,4,,,
ClassicGumtree,23,2,23,0,0,0,0,0,387,3,0,0.999,,1000,,,,,5,,,
ClassicGumtree,23,2,23,0,0,0,0,0,818,3,0,0.1,,1100,,,,,1,,,
ClassicGumtree,23,2,23,0,0,0,0,0,817,3,0,0.1,,1100,,,,,2,,,
ClassicGumtree,23,2,23,0,0,0,0,0,832,3,0,0.1,,1100,,,,,3,,,
ClassicGumtree,23,2,23,0,0,0,0,0,822,3,0,0.1,,1100,,,,,4,,,
ClassicGumtree,23,2,23,0,0,0,0,0,810,3,0,0.1,,1100,,,,,5,,,
ClassicGumtree,23,2,23,0,0,0,0,0,817,3,0,0.2,,1100,,,,,1,,,
ClassicGumtree,23,2,23,0,0,0,0,0,817,3,0,0.2,,1100,,,,,2,,,
ClassicGumtree,23,2,23,0,0,0,0,0,817,3,0,0.2,,1100,,,,,3,,,
ClassicGumtree,23,2,23,0,0,0,0,0,821,3,0,0.2,,1100,,,,,4,,,
ClassicGumtree,23,2,23,0,0,0,0,0,823,3,0,0.2,,1100,,,,,5,,,
ClassicGumtree,23,2,23,0,0,0,0,0,817,3,0,0.3,,1100,,,,,1,,,
ClassicGumtree,23,2,23,0,0,0,0,0,818,3,0,0.3,,1100,,,,,2,,,
ClassicGumtree,23,2,23,0,0,0,0,0,830,3,0,0.3,,1100,,,,,3,,,
ClassicGumtree,23,2,23,0,0,0,0,0,812,3,0,0.3,,1100,,,,,4,,,
ClassicGumtree,23,2,23,0,0,0,0,0,820,3,0,0.3,,1100,,,,,5,,,
ClassicGumtree,23,2,23,0,0,0,0,0,817,3,0,0.4,,1100,,,,,1,,,
ClassicGumtree,23,2,23,0,0,0,0,0,817,3,0,0.4,,1100,,,,,2,,,
ClassicGumtree,23,2,23,0,0,0,0,0,818,3,0,0.4,,1100,,,,,3,,,
ClassicGumtree,23,2,23,0,0,0,0,0,820,3,0,0.4,,1100,,,,,4,,,
ClassicGumtree,23,2,23,0,0,0,0,0,821,3,0,0.4,,1100,,,,,5,,,
ClassicGumtree,23,2,23,0,0,0,0,0,818,3,0,0.5,,1100,,,,,1,,,
ClassicGumtree,23,2,23,0,0,0,0,0,818,3,0,0.5,,1100,,,,,2,,,
ClassicGumtree,23,2,23,0,0,0,0,0,816,3,0,0.5,,1100,,,,,3,,,
ClassicGumtree,23,2,23,0,0,0,0,0,826,3,0,0.5,,1100,,,,,4,,,
ClassicGumtree,23,2,23,0,0,0,0,0,822,3,0,0.5,,1100,,,,,5,,,
ClassicGumtree,23,2,23,0,0,0,0,0,816,3,0,0.6,,1100,,,,,1,,,
ClassicGumtree,23,2,23,0,0,0,0,0,815,3,0,0.6,,1100,,,,,2,,,
ClassicGumtree,23,2,23,0,0,0,0,0,810,3,0,0.6,,1100,,,,,3,,,
ClassicGumtree,23,2,23,0,0,0,0,0,785,3,0,0.6,,1100,,,,,4,,,
ClassicGumtree,23,2,23,0,0,0,0,0,788,3,0,0.6,,1100,,,,,5,,,
ClassicGumtree,23,2,23,0,0,0,0,0,963,3,0,0.7,,1100,,,,,1,,,
ClassicGumtree,23,2,23,0,0,0,0,0,961,3,0,0.7,,1100,,,,,2,,,
ClassicGumtree,23,2,23,0,0,0,0,0,959,3,0,0.7,,1100,,,,,3,,,
ClassicGumtree,23,2,23,0,0,0,0,0,939,3,0,0.7,,1100,,,,,4,,,
ClassicGumtree,23,2,23,0,0,0,0,0,937,3,0,0.7,,1100,,,,,5,,,
ClassicGumtree,23,2,23,0,0,0,0,0,963,3,0,0.799,,1100,,,,,1,,,
ClassicGumtree,23,2,23,0,0,0,0,0,963,3,0,0.799,,1100,,,,,2,,,
ClassicGumtree,23,2,23,0,0,0,0,0,926,3,0,0.799,,1100,,,,,3,,,
ClassicGumtree,23,2,23,0,0,0,0,0,549,3,0,0.799,,1100,,,,,4,,,
ClassicGumtree,23,2,23,0,0,0,0,0,543,3,0,0.799,,1100,,,,,5,,,
ClassicGumtree,23,2,23,0,0,0,0,0,822,3,0,0.899,,1100,,,,,1,,,
ClassicGumtree,23,2,23,0,0,0,0,0,784,3,0,0.899,,1100,,,,,2,,,
ClassicGumtree,23,2,23,0,0,0,0,0,389,3,0,0.899,,1100,,,,,3,,,
ClassicGumtree,23,2,23,0,0,0,0,0,388,3,0,0.899,,1100,,,,,4,,,
ClassicGumtree,23,2,23,0,0,0,0,0,388,3,0,0.899,,1100,,,,,5,,,
ClassicGumtree,23,2,23,0,0,0,0,0,393,3,0,0.999,,1100,,,,,1,,,
ClassicGumtree,23,2,23,0,0,0,0,0,392,3,0,0.999,,1100,,,,,2,,,
ClassicGumtree,23,2,23,0,0,0,0,0,388,3,0,0.999,,1100,,,,,3,,,
ClassicGumtree,23,2,23,0,0,0,0,0,388,3,0,0.999,,1100,,,,,4,,,
ClassicGumtree,23,2,23,0,0,0,0,0,387,3,0,0.999,,1100,,,,,5,,,
ClassicGumtree,23,2,23,0,0,0,0,0,817,3,0,0.1,,1200,,,,,1,,,
ClassicGumtree,23,2,23,0,0,0,0,0,816,3,0,0.1,,1200,,,,,2,,,
ClassicGumtree,23,2,23,0,0,0,0,0,817,3,0,0.1,,1200,,,,,3,,,
ClassicGumtree,23,2,23,0,0,0,0,0,821,3,0,0.1,,1200,,,,,4,,,
ClassicGumtree,23,2,23,0,0,0,0,0,826,3,0,0.1,,1200,,,,,5,,,
ClassicGumtree,23,2,23,0,0,0,0,0,817,3,0,0.2,,1200,,,,,1,,,
ClassicGumtree,23,2,23,0,0,0,0,0,817,3,0,0.2,,1200,,,,,2,,,
ClassicGumtree,23,2,23,0,0,0,0,0,818,3,0,0.2,,1200,,,,,3,,,
ClassicGumtree,23,2,23,0,0,0,0,0,822,3,0,0.2,,1200,,,,,4,,,
ClassicGumtree,23,2,23,0,0,0,0,0,819,3,0,0.2,,1200,,,,,5,,,
ClassicGumtree,23,2,23,0,0,0,0,0,818,3,0,0.3,,1200,,,,,1,,,
ClassicGumtree,23,2,23,0,0,0,0,0,818,3,0,0.3,,1200,,,,,2,,,
ClassicGumtree,23,2,23,0,0,0,0,0,818,3,0,0.3,,1200,,,,,3,,,
ClassicGumtree,23,2,23,0,0,0,0,0,821,3,0,0.3,,1200,,,,,4,,,
ClassicGumtree,23,2,23,0,0,0,0,0,823,3,0,0.3,,1200,,,,,5,,,
ClassicGumtree,23,2,23,0,0,0,0,0,818,3,0,0.4,,1200,,,,,1,,,
ClassicGumtree,23,2,23,0,0,0,0,0,817,3,0,0.4,,1200,,,,,2,,,
ClassicGumtree,23,2,23,0,0,0,0,0,817,3,0,0.4,,1200,,,,,3,,,
ClassicGumtree,23,2,23,0,0,0,0,0,820,3,0,0.4,,1200,,,,,4,,,
ClassicGumtree,23,2,23,0,0,0,0,0,820,3,0,0.4,,1200,,,,,5,,,
ClassicGumtree,23,2,23,0,0,0,0,0,816,3,0,0.5,,1200,,,,,1,,,
ClassicGumtree,23,2,23,0,0,0,0,0,817,3,0,0.5,,1200,,,,,2,,,
ClassicGumtree,23,2,23,0,0,0,0,0,816,3,0,0.5,,1200,,,,,3,,,
ClassicGumtree,23,2,23,0,0,0,0,0,822,3,0,0.5,,1200,,,,,4,,,
ClassicGumtree,23,2,23,0,0,0,0,0,824,3,0,0.5,,1200,,,,,5,,,
ClassicGumtree,23,2,23,0,0,0,0,0,815,3,0,0.6,,1200,,,,,1,,,
ClassicGumtree,23,2,23,0,0,0,0,0,814,3,0,0.6,,1200,,,,,2,,,
ClassicGumtree,23,2,23,0,0,0,0,0,810,3,0,0.6,,1200,,,,,3,,,
ClassicGumtree,23,2,23,0,0,0,0,0,784,3,0,0.6,,1200,,,,,4,,,
ClassicGumtree,23,2,23,0,0,0,0,0,784,3,0,0.6,,1200,,,,,5,,,
ClassicGumtree,23,2,23,0,0,0,0,0,907,3,0,0.7,,1200,,,,,1,,,
ClassicGumtree,23,2,23,0,0,0,0,0,901,3,0,0.7,,1200,,,,,2,,,
ClassicGumtree,23,2,23,0,0,0,0,0,903,3,0,0.7,,1200,,,,,3,,,
ClassicGumtree,23,2,23,0,0,0,0,0,874,3,0,0.7,,1200,,,,,4,,,
ClassicGumtree,23,2,23,0,0,0,0,0,878,3,0,0.7,,1200,,,,,5,,,
ClassicGumtree,23,2,23,0,0,0,0,0,900,3,0,0.799,,1200,,,,,1,,,
ClassicGumtree,23,2,23,0,0,0,0,0,901,3,0,0.799,,1200,,,,,2,,,
ClassicGumtree,23,2,23,0,0,0,0,0,867,3,0,0.799,,1200,,,,,3,,,
ClassicGumtree,23,2,23,0,0,0,0,0,491,3,0,0.799,,1200,,,,,4,,,
ClassicGumtree,23,2,23,0,0,0,0,0,490,3,0,0.799,,1200,,,,,5,,,
ClassicGumtree,23,2,23,0,0,0,0,0,818,3,0,0.899,,1200,,,,,1,,,
ClassicGumtree,23,2,23,0,0,0,0,0,788,3,0,0.899,,1200,,,,,2,,,
ClassicGumtree,23,2,23,0,0,0,0,0,388,3,0,0.899,,1200,,,,,3,,,
ClassicGumtree,23,2,23,0,0,0,0,0,388,3,0,0.899,,1200,,,,,4,,,
ClassicGumtree,23,2,23,0,0,0,0,0,392,3,0,0.899,,1200,,,,,5,,,
ClassicGumtree,23,2,23,0,0,0,0,0,388,3,0,0.999,,1200,,,,,1,,,
ClassicGumtree,23,2,23,0,0,0,0,0,394,3,0,0.999,,1200,,,,,2,,,
ClassicGumtree,23,2,23,0,0,0,0,0,389,3,0,0.999,,1200,,,,,3,,,
ClassicGumtree,23,2,23,0,0,0,0,0,388,3,0,0.999,,1200,,,,,4,,,
ClassicGumtree,23,2,23,0,0,0,0,0,389,3,0,0.999,,1200,,,,,5,,,
ClassicGumtree,23,2,23,0,0,0,0,0,817,3,0,0.1,,1300,,,,,1,,,
ClassicGumtree,23,2,23,0,0,0,0,0,817,3,0,0.1,,1300,,,,,2,,,
ClassicGumtree,23,2,23,0,0,0,0,0,826,3,0,0.1,,1300,,,,,3,,,
ClassicGumtree,23,2,23,0,0,0,0,0,811,3,0,0.1,,1300,,,,,4,,,
ClassicGumtree,23,2,23,0,0,0,0,0,823,3,0,0.1,,1300,,,,,5,,,
ClassicGumtree,23,2,23,0,0,0,0,0,817,3,0,0.2,,1300,,,,,1,,,
ClassicGumtree,23,2,23,0,0,0,0,0,816,3,0,0.2,,1300,,,,,2,,,
ClassicGumtree,23,2,23,0,0,0,0,0,816,3,0,0.2,,1300,,,,,3,,,
ClassicGumtree,23,2,23,0,0,0,0,0,820,3,0,0.2,,1300,,,,,4,,,
ClassicGumtree,23,2,23,0,0,0,0,0,818,3,0,0.2,,1300,,,,,5,,,
ClassicGumtree,23,2,23,0,0,0,0,0,818,3,0,0.3,,1300,,,,,1,,,
ClassicGumtree,23,2,23,0,0,0,0,0,818,3,0,0.3,,1300,,,,,2,,,
ClassicGumtree,23,2,23,0,0,0,0,0,817,3,0,0.3,,1300,,,,,3,,,
ClassicGumtree,23,2,23,0,0,0,0,0,817,3,0,0.3,,1300,,,,,4,,,
ClassicGumtree,23,2,23,0,0,0,0,0,821,3,0,0.3,,1300,,,,,5,,,
ClassicGumtree,23,2,23,0,0,0,0,0,817,3,0,0.4,,1300,,,,,1,,,
ClassicGumtree,23,2,23,0,0,0,0,0,817,3,0,0.4,,1300,,,,,2,,,
ClassicGumtree,23,2,23,0,0,0,0,0,817,3,0,0.4,,1300,,,,,3,,,
ClassicGumtree,23,2,23,0,0,0,0,0,818,3,0,0.4,,1300,,,,,4,,,
ClassicGumtree,23,2,23,0,0,0,0,0,818,3,0,0.4,,1300,,,,,5,,,
ClassicGumtree,23,2,23,0,0,0,0,0,817,3,0,0.5,,1300,,,,,1,,,
ClassicGumtree,23,2,23,0,0,0,0,0,816,3,0,0.5,,1300,,,,,2,,,
ClassicGumtree,23,2,23,0,0,0,0,0,817,3,0,0.5,,1300,,,,,3,,,
ClassicGumtree,23,2,23,0,0,0,0,0,819,3,0,0.5,,1300,,,,,4,,,
ClassicGumtree,23,2,23,0,0,0,0,0,823,3,0,0.5,,1300,,,,,5,,,
ClassicGumtree,23,2,23,0,0,0,0,0,816,3,0,0.6,,1300,,,,,1,,,
ClassicGumtree,23,2,23,0,0,0,0,0,815,3,0,0.6,,1300,,,,,2,,,
ClassicGumtree,23,2,23,0,0,0,0,0,811,3,0,0.6,,1300,,,,,3,,,
ClassicGumtree,23,2,23,0,0,0,0,0,783,3,0,0.6,,1300,,,,,4,,,
ClassicGumtree,23,2,23,0,0,0,0,0,786,3,0,0.6,,1300,,,,,5,,,
ClassicGumtree,23,2,23,0,0,0,0,0,997,3,0,0.7,,1300,,,,,1,,,
ClassicGumtree,23,2,23,0,0,0,0,0,994,3,0,0.7,,1300,,,,,2,,,
ClassicGumtree,23,2,23,0,0,0,0,0,994,3,0,0.7,,1300,,,,,3,,,
ClassicGumtree,23,2,23,0,0,0,0,0,967,3,0,0.7,,1300,,,,,4,,,
ClassicGumtree,23,2,23,0,0,0,0,0,970,3,0,0.7,,1300,,,,,5,,,
ClassicGumtree,23,2,23,0,0,0,0,0,994,3,0,0.799,,1300,,,,,1,,,
ClassicGumtree,23,2,23,0,0,0,0,0,993,3,0,0.799,,1300,,,,,2,,,
ClassicGumtree,23,2,23,0,0,0,0,0,959,3,0,0.799,,1300,,,,,3,,,
ClassicGumtree,23,2,23,0,0,0,0,0,577,3,0,0.799,,1300,,,,,4,,,
ClassicGumtree,23,2,23,0,0,0,0,0,577,3,0,0.799,,1300,,,,,5,,,
ClassicGumtree,23,2,23,0,0,0,0,0,817,3,0,0.899,,1300,,,,,1,,,
ClassicGumtree,23,2,23,0,0,0,0,0,782,3,0,0.899,,1300,,,,,2,,,
ClassicGumtree,23,2,23,0,0,0,0,0,391,3,0,0.899,,1300,,,,,3,,,
ClassicGumtree,23,2,23,0,0,0,0,0,388,3,0,0.899,,1300,,,,,4,,,
ClassicGumtree,23,2,23,0,0,0,0,0,393,3,0,0.899,,1300,,,,,5,,,
ClassicGumtree,23,2,23,0,0,0,0,0,389,3,0,0.999,,1300,,,,,1,,,
ClassicGumtree,23,2,23,0,0,0,0,0,394,3,0,0.999,,1300,,,,,2,,,
ClassicGumtree,23,2,23,0,0,0,0,0,388,3,0,0.999,,1300,,,,,3,,,
ClassicGumtree,23,2,23,0,0,0,0,0,389,3,0,0.999,,1300,,,,,4,,,
ClassicGumtree,23,2,23,0,0,0,0,0,387,3,0,0.999,,1300,,,,,5,,,
ClassicGumtree,23,2,23,0,0,0,0,0,817,3,0,0.1,,1400,,,,,1,,,
ClassicGumtree,23,2,23,0,0,0,0,0,817,3,0,0.1,,1400,,,,,2,,,
ClassicGumtree,23,2,23,0,0,0,0,0,825,3,0,0.1,,1400,,,,,3,,,
ClassicGumtree,23,2,23,0,0,0,0,0,811,3,0,0.1,,1400,,,,,4,,,
ClassicGumtree,23,2,23,0,0,0,0,0,822,3,0,0.1,,1400,,,,,5,,,
ClassicGumtree,23,2,23,0,0,0,0,0,817,3,0,0.2,,1400,,,,,1,,,
ClassicGumtree,23,2,23,0,0,0,0,0,817,3,0,0.2,,1400,,,,,2,,,
ClassicGumtree,23,2,23,0,0,0,0,0,817,3,0,0.2,,1400,,,,,3,,,
ClassicGumtree,23,2,23,0,0,0,0,0,818,3,0,0.2,,1400,,,,,4,,,
ClassicGumtree,23,2,23,0,0,0,0,0,817,3,0,0.2,,1400,,,,,5,,,
ClassicGumtree,23,2,23,0,0,0,0,0,816,3,0,0.3,,1400,,,,,1,,,
ClassicGumtree,23,2,23,0,0,0,0,0,817,3,0,0.3,,1400,,,,,2,,,
ClassicGumtree,23,2,23,0,0,0,0,0,818,3,0,0.3,,1400,,,,,3,,,
ClassicGumtree,23,2,23,0,0,0,0,0,817,3,0,0.3,,1400,,,,,4,,,
ClassicGumtree,23,2,23,0,0,0,0,0,821,3,0,0.3,,1400,,,,,5,,,
ClassicGumtree,23,2,23,0,0,0,0,0,817,3,0,0.4,,1400,,,,,1,,,
ClassicGumtree,23,2,23,0,0,0,0,0,818,3,0,0.4,,1400,,,,,2,,,
ClassicGumtree,23,2,23,0,0,0,0,0,816,3,0,0.4,,1400,,,,,3,,,
ClassicGumtree,23,2,23,0,0,0,0,0,817,3,0,0.4,,1400,,,,,4,,,
ClassicGumtree,23,2,23,0,0,0,0,0,818,3,0,0.4,,1400,,,,,5,,,
ClassicGumtree,23,2,23,0,0,0,0,0,817,3,0,0.5,,1400,,,,,1,,,
ClassicGumtree,23,2,23,0,0,0,0,0,816,3,0,0.5,,1400,,,,,2,,,
ClassicGumtree,23,2,23,0,0,0,0,0,815,3,0,0.5,,1400,,,,,3,,,
ClassicGumtree,23,2,23,0,0,0,0,0,818,3,0,0.5,,1400,,,,,4,,,
ClassicGumtree,23,2,23,0,0,0,0,0,823,3,0,0.5,,1400,,,,,5,,,
ClassicGumtree,23,2,23,0,0,0,0,0,815,3,0,0.6,,1400,,,,,1,,,
ClassicGumtree,23,2,23,0,0,0,0,0,815,3,0,0.6,,1400,,,,,2,,,
ClassicGumtree,23,2,23,0,0,0,0,0,810,3,0,0.6,,1400,,,,,3,,,
ClassicGumtree,23,2,23,0,0,0,0,0,783,3,0,0.6,,1400,,,,,4,,,
ClassicGumtree,23,2,23,0,0,0,0,0,784,3,0,0.6,,1400,,,,,5,,,
ClassicGumtree,23,2,23,0,0,0,0,0,957,3,0,0.7,,1400,,,,,1,,,
ClassicGumtree,23,2,23,0,0,0,0,0,957,3,0,0.7,,1400,,,,,2,,,
ClassicGumtree,23,2,23,0,0,0,0,0,957,3,0,0.7,,1400,,,,,3,,,
ClassicGumtree,23,2,23,0,0,0,0,0,923,3,0,0.7,,1400,,,,,4,,,
ClassicGumtree,23,2,23,0,0,0,0,0,928,3,0,0.7,,1400,,,,,5,,,
ClassicGumtree,23,2,23,0,0,0,0,0,954,3,0,0.799,,1400,,,,,1,,,
ClassicGumtree,23,2,23,0,0,0,0,0,958,3,0,0.799,,1400,,,,,2,,,
ClassicGumtree,23,2,23,0,0,0,0,0,921,3,0,0.799,,1400,,,,,3,,,
ClassicGumtree,23,2,23,0,0,0,0,0,536,3,0,0.799,,1400,,,,,4,,,
ClassicGumtree,23,2,23,0,0,0,0,0,541,3,0,0.799,,1400,,,,,5,,,
ClassicGumtree,23,2,23,0,0,0,0,0,819,3,0,0.899,,1400,,,,,1,,,
ClassicGumtree,23,2,23,0,0,0,0,0,780,3,0,0.899,,1400,,,,,2,,,
ClassicGumtree,23,2,23,0,0,0,0,0,389,3,0,0.899,,1400,,,,,3,,,
ClassicGumtree,23,2,23,0,0,0,0,0,388,3,0,0.899,,1400,,,,,4,,,
ClassicGumtree,23,2,23,0,0,0,0,0,392,3,0,0.899,,1400,,,,,5,,,
ClassicGumtree,23,2,23,0,0,0,0,0,389,3,0,0.999,,1400,,,,,1,,,
ClassicGumtree,23,2,23,0,0,0,0,0,394,3,0,0.999,,1400,,,,,2,,,
ClassicGumtree,23,2,23,0,0,0,0,0,388,3,0,0.999,,1400,,,,,3,,,
ClassicGumtree,23,2,23,0,0,0,0,0,388,3,0,0.999,,1400,,,,,4,,,
ClassicGumtree,23,2,23,0,0,0,0,0,387,3,0,0.999,,1400,,,,,5,,,
ClassicGumtree,23,2,23,0,0,0,0,0,817,3,0,0.1,,1500,,,,,1,,,
ClassicGumtree,23,2,23,0,0,0,0,0,816,3,0,0.1,,1500,,,,,2,,,
ClassicGumtree,23,2,23,0,0,0,0,0,824,3,0,0.1,,1500,,,,,3,,,
ClassicGumtree,23,2,23,0,0,0,0,0,813,3,0,0.1,,1500,,,,,4,,,
ClassicGumtree,23,2,23,0,0,0,0,0,820,3,0,0.1,,1500,,,,,5,,,
ClassicGumtree,23,2,23,0,0,0,0,0,817,3,0,0.2,,1500,,,,,1,,,
ClassicGumtree,23,2,23,0,0,0,0,0,817,3,0,0.2,,1500,,,,,2,,,
ClassicGumtree,23,2,23,0,0,0,0,0,819,3,0,0.2,,1500,,,,,3,,,
ClassicGumtree,23,2,23,0,0,0,0,0,817,3,0,0.2,,1500,,,,,4,,,
ClassicGumtree,23,2,23,0,0,0,0,0,818,3,0,0.2,,1500,,,,,5,,,
ClassicGumtree,23,2,23,0,0,0,0,0,817,3,0,0.3,,1500,,,,,1,,,
ClassicGumtree,23,2,23,0,0,0,0,0,817,3,0,0.3,,1500,,,,,2,,,
ClassicGumtree,23,2,23,0,0,0,0,0,822,3,0,0.3,,1500,,,,,3,,,
ClassicGumtree,23,2,23,0,0,0,0,0,811,3,0,0.3,,1500,,,,,4,,,
ClassicGumtree,23,2,23,0,0,0,0,0,821,3,0,0.3,,1500,,,,,5,,,
ClassicGumtree,23,2,23,0,0,0,0,0,816,3,0,0.4,,1500,,,,,1,,,
ClassicGumtree,23,2,23,0,0,0,0,0,818,3,0,0.4,,1500,,,,,2,,,
ClassicGumtree,23,2,23,0,0,0,0,0,822,3,0,0.4,,1500,,,,,3,,,
ClassicGumtree,23,2,23,0,0,0,0,0,811,3,0,0.4,,1500,,,,,4,,,
ClassicGumtree,23,2,23,0,0,0,0,0,816,3,0,0.4,,1500,,,,,5,,,
ClassicGumtree,23,2,23,0,0,0,0,0,817,3,0,0.5,,1500,,,,,1,,,
ClassicGumtree,23,2,23,0,0,0,0,0,817,3,0,0.5,,1500,,,,,2,,,
ClassicGumtree,23,2,23,0,0,0,0,0,821,3,0,0.5,,1500,,,,,3,,,
ClassicGumtree,23,2,23,0,0,0,0,0,812,3,0,0.5,,1500,,,,,4,,,
ClassicGumtree,23,2,23,0,0,0,0,0,821,3,0,0.5,,1500,,,,,5,,,
ClassicGumtree,23,2,23,0,0,0,0,0,815,3,0,0.6,,1500,,,,,1,,,
ClassicGumtree,23,2,23,0,0,0,0,0,814,3,0,0.6,,1500,,,,,2,,,
ClassicGumtree,23,2,23,0,0,0,0,0,810,3,0,0.6,,1500,,,,,3,,,
ClassicGumtree,23,2,23,0,0,0,0,0,782,3,0,0.6,,1500,,,,,4,,,
ClassicGumtree,23,2,23,0,0,0,0,0,782,3,0,0.6,,1500,,,,,5,,,
ClassicGumtree,23,2,23,0,0,0,0,0,970,3,0,0.7,,1500,,,,,1,,,
ClassicGumtree,23,2,23,0,0,0,0,0,968,3,0,0.7,,1500,,,,,2,,,
ClassicGumtree,23,2,23,0,0,0,0,0,966,3,0,0.7,,1500,,,,,3,,,
ClassicGumtree,23,2,23,0,0,0,0,0,941,3,0,0.7,,1500,,,,,4,,,
ClassicGumtree,23,2,23,0,0,0,0,0,939,3,0,0.7,,1500,,,,,5,,,
ClassicGumtree,23,2,23,0,0,0,0,0,966,3,0,0.799,,1500,,,,,1,,,
ClassicGumtree,23,2,23,0,0,0,0,0,964,3,0,0.799,,1500,,,,,2,,,
ClassicGumtree,23,2,23,0,0,0,0,0,935,3,0,0.799,,1500,,,,,3,,,
ClassicGumtree,23,2,23,0,0,0,0,0,543,3,0,0.799,,1500,,,,,4,,,
ClassicGumtree,23,2,23,0,0,0,0,0,546,3,0,0.799,,1500,,,,,5,,,
ClassicGumtree,23,2,23,0,0,0,0,0,812,3,0,0.899,,1500,,,,,1,,,
ClassicGumtree,23,2,23,0,0,0,0,0,779,3,0,0.899,,1500,,,,,2,,,
ClassicGumtree,23,2,23,0,0,0,0,0,389,3,0,0.899,,1500,,,,,3,,,
ClassicGumtree,23,2,23,0,0,0,0,0,388,3,0,0.899,,1500,,,,,4,,,
ClassicGumtree,23,2,23,0,0,0,0,0,391,3,0,0.899,,1500,,,,,5,,,
ClassicGumtree,23,2,23,0,0,0,0,0,389,3,0,0.999,,1500,,,,,1,,,
ClassicGumtree,23,2,23,0,0,0,0,0,393,3,0,0.999,,1500,,,,,2,,,
ClassicGumtree,23,2,23,0,0,0,0,0,393,3,0,0.999,,1500,,,,,3,,,
ClassicGumtree,23,2,23,0,0,0,0,0,388,3,0,0.999,,1500,,,,,4,,,
ClassicGumtree,23,2,23,0,0,0,0,0,388,3,0,0.999,,1500,,,,,5,,,
ClassicGumtree,23,2,23,0,0,0,0,0,816,3,0,0.1,,1600,,,,,1,,,
ClassicGumtree,23,2,23,0,0,0,0,0,817,3,0,0.1,,1600,,,,,2,,,
ClassicGumtree,23,2,23,0,0,0,0,0,824,3,0,0.1,,1600,,,,,3,,,
ClassicGumtree,23,2,23,0,0,0,0,0,810,3,0,0.1,,1600,,,,,4,,,
ClassicGumtree,23,2,23,0,0,0,0,0,820,3,0,0.1,,1600,,,,,5,,,
ClassicGumtree,23,2,23,0,0,0,0,0,822,3,0,0.2,,1600,,,,,1,,,
ClassicGumtree,23,2,23,0,0,0,0,0,818,3,0,0.2,,1600,,,,,2,,,
ClassicGumtree,23,2,23,0,0,0,0,0,817,3,0,0.2,,1600,,,,,3,,,
ClassicGumtree,23,2,23,0,0,0,0,0,817,3,0,0.2,,1600,,,,,4,,,
ClassicGumtree,23,2,23,0,0,0,0,0,810,3,0,0.2,,1600,,,,,5,,,
ClassicGumtree,23,2,23,0,0,0,0,0,818,3,0,0.3,,1600,,,,,1,,,
ClassicGumtree,23,2,23,0,0,0,0,0,818,3,0,0.3,,1600,,,,,2,,,
ClassicGumtree,23,2,23,0,0,0,0,0,821,3,0,0.3,,1600,,,,,3,,,
ClassicGumtree,23,2,23,0,0,0,0,0,813,3,0,0.3,,1600,,,,,4,,,
ClassicGumtree,23,2,23,0,0,0,0,0,821,3,0,0.3,,1600,,,,,5,,,
ClassicGumtree,23,2,23,0,0,0,0,0,822,3,0,0.4,,1600,,,,,1,,,
ClassicGumtree,23,2,23,0,0,0,0,0,817,3,0,0.4,,1600,,,,,2,,,
ClassicGumtree,23,2,23,0,0,0,0,0,821,3,0,0.4,,1600,,,,,3,,,
ClassicGumtree,23,2,23,0,0,0,0,0,817,3,0,0.4,,1600,,,,,4,,,
ClassicGumtree,23,2,23,0,0,0,0,0,812,3,0,0.4,,1600,,,,,5,,,
ClassicGumtree,23,2,23,0,0,0,0,0,817,3,0,0.5,,1600,,,,,1,,,
ClassicGumtree,23,2,23,0,0,0,0,0,816,3,0,0.5,,1600,,,,,2,,,
ClassicGumtree,23,2,23,0,0,0,0,0,815,3,0,0.5,,1600,,,,,3,,,
ClassicGumtree,23,2,23,0,0,0,0,0,818,3,0,0.5,,1600,,,,,4,,,
ClassicGumtree,23,2,23,0,0,0,0,0,821,3,0,0.5,,1600,,,,,5,,,
ClassicGumtree,23,2,23,0,0,0,0,0,823,3,0,0.6,,1600,,,,,1,,,
ClassicGumtree,23,2,23,0,0,0,0,0,821,3,0,0.6,,1600,,,,,2,,,
ClassicGumtree,23,2,23,0,0,0,0,0,810,3,0,0.6,,1600,,,,,3,,,
ClassicGumtree,23,2,23,0,0,0,0,0,774,3,0,0.6,,1600,,,,,4,,,
ClassicGumtree,23,2,23,0,0,0,0,0,774,3,0,0.6,,1600,,,,,5,,,
ClassicGumtree,23,2,23,0,0,0,0,0,1288,3,0,0.7,,1600,,,,,1,,,
ClassicGumtree,23,2,23,0,0,0,0,0,1285,3,0,0.7,,1600,,,,,2,,,
ClassicGumtree,23,2,23,0,0,0,0,0,1286,3,0,0.7,,1600,,,,,3,,,
ClassicGumtree,23,2,23,0,0,0,0,0,1255,3,0,0.7,,1600,,,,,4,,,
ClassicGumtree,23,2,23,0,0,0,0,0,1257,3,0,0.7,,1600,,,,,5,,,
ClassicGumtree,23,2,23,0,0,0,0,0,1285,3,0,0.799,,1600,,,,,1,,,
ClassicGumtree,23,2,23,0,0,0,0,0,1284,3,0,0.799,,1600,,,,,2,,,
ClassicGumtree,23,2,23,0,0,0,0,0,1248,3,0,0.799,,1600,,,,,3,,,
ClassicGumtree,23,2,23,0,0,0,0,0,865,3,0,0.799,,1600,,,,,4,,,
ClassicGumtree,23,2,23,0,0,0,0,0,865,3,0,0.799,,1600,,,,,5,,,
ClassicGumtree,23,2,23,0,0,0,0,0,818,3,0,0.899,,1600,,,,,1,,,
ClassicGumtree,23,2,23,0,0,0,0,0,780,3,0,0.899,,1600,,,,,2,,,
ClassicGumtree,23,2,23,0,0,0,0,0,388,3,0,0.899,,1600,,,,,3,,,
ClassicGumtree,23,2,23,0,0,0,0,0,390,3,0,0.899,,1600,,,,,4,,,
ClassicGumtree,23,2,23,0,0,0,0,0,389,3,0,0.899,,1600,,,,,5,,,
ClassicGumtree,23,2,23,0,0,0,0,0,388,3,0,0.999,,1600,,,,,1,,,
ClassicGumtree,23,2,23,0,0,0,0,0,392,3,0,0.999,,1600,,,,,2,,,
ClassicGumtree,23,2,23,0,0,0,0,0,389,3,0,0.999,,1600,,,,,3,,,
ClassicGumtree,23,2,23,0,0,0,0,0,388,3,0,0.999,,1600,,,,,4,,,
ClassicGumtree,23,2,23,0,0,0,0,0,388,3,0,0.999,,1600,,,,,5,,,
ClassicGumtree,23,2,23,0,0,0,0,0,816,3,0,0.1,,1700,,,,,1,,,
ClassicGumtree,23,2,23,0,0,0,0,0,822,3,0,0.1,,1700,,,,,2,,,
ClassicGumtree,23,2,23,0,0,0,0,0,817,3,0,0.1,,1700,,,,,3,,,
ClassicGumtree,23,2,23,0,0,0,0,0,812,3,0,0.1,,1700,,,,,4,,,
ClassicGumtree,23,2,23,0,0,0,0,0,819,3,0,0.1,,1700,,,,,5,,,
ClassicGumtree,23,2,23,0,0,0,0,0,816,3,0,0.2,,1700,,,,,1,,,
ClassicGumtree,23,2,23,0,0,0,0,0,816,3,0,0.2,,1700,,,,,2,,,
ClassicGumtree,23,2,23,0,0,0,0,0,816,3,0,0.2,,1700,,,,,3,,,
ClassicGumtree,23,2,23,0,0,0,0,0,816,3,0,0.2,,1700,,,,,4,,,
ClassicGumtree,23,2,23,0,0,0,0,0,815,3,0,0.2,,1700,,,,,5,,,
ClassicGumtree,23,2,23,0,0,0,0,0,817,3,0,0.3,,1700,,,,,1,,,
ClassicGumtree,23,2,23,0,0,0,0,0,822,3,0,0.3,,1700,,,,,2,,,
ClassicGumtree,23,2,23,0,0,0,0,0,816,3,0,0.3,,1700,,,,,3,,,
ClassicGumtree,23,2,23,0,0,0,0,0,811,3,0,0.3,,1700,,,,,4,,,
ClassicGumtree,23,2,23,0,0,0,0,0,818,3,0,0.3,,1700,,,,,5,,,
ClassicGumtree,23,2,23,0,0,0,0,0,817,3,0,0.4,,1700,,,,,1,,,
ClassicGumtree,23,2,23,0,0,0,0,0,817,3,0,0.4,,1700,,,,,2,,,
ClassicGumtree,23,2,23,0,0,0,0,0,818,3,0,0.4,,1700,,,,,3,,,
ClassicGumtree,23,2,23,0,0,0,0,0,817,3,0,0.4,,1700,,,,,4,,,
ClassicGumtree,23,2,23,0,0,0,0,0,815,3,0,0.4,,1700,,,,,5,,,
ClassicGumtree,23,2,23,0,0,0,0,0,818,3,0,0.5,,1700,,,,,1,,,
ClassicGumtree,23,2,23,0,0,0,0,0,817,3,0,0.5,,1700,,,,,2,,,
ClassicGumtree,23,2,23,0,0,0,0,0,815,3,0,0.5,,1700,,,,,3,,,
ClassicGumtree,23,2,23,0,0,0,0,0,816,3,0,0.5,,1700,,,,,4,,,
ClassicGumtree,23,2,23,0,0,0,0,0,820,3,0,0.5,,1700,,,,,5,,,
ClassicGumtree,23,2,23,0,0,0,0,0,816,3,0,0.6,,1700,,,,,1,,,
ClassicGumtree,23,2,23,0,0,0,0,0,815,3,0,0.6,,1700,,,,,2,,,
ClassicGumtree,23,2,23,0,0,0,0,0,810,3,0,0.6,,1700,,,,,3,,,
ClassicGumtree,23,2,23,0,0,0,0,0,783,3,0,0.6,,1700,,,,,4,,,
ClassicGumtree,23,2,23,0,0,0,0,0,780,3,0,0.6,,1700,,,,,5,,,
ClassicGumtree,23,2,23,0,0,0,0,0,1042,3,0,0.7,,1700,,,,,1,,,
ClassicGumtree,23,2,23,0,0,0,0,0,1041,3,0,0.7,,1700,,,,,2,,,
ClassicGumtree,23,2,23,0,0,0,0,0,1040,3,0,0.7,,1700,,,,,3,,,
ClassicGumtree,23,2,23,0,0,0,0,0,1007,3,0,0.7,,1700,,,,,4,,,
ClassicGumtree,23,2,23,0,0,0,0,0,1009,3,0,0.7,,1700,,,,,5,,,
ClassicGumtree,23,2,23,0,0,0,0,0,1044,3,0,0.799,,1700,,,,,1,,,
ClassicGumtree,23,2,23,0,0,0,0,0,1040,3,0,0.799,,1700,,,,,2,,,
ClassicGumtree,23,2,23,0,0,0,0,0,1002,3,0,0.799,,1700,,,,,3,,,
ClassicGumtree,23,2,23,0,0,0,0,0,617,3,0,0.799,,1700,,,,,4,,,
ClassicGumtree,23,2,23,0,0,0,0,0,625,3,0,0.799,,1700,,,,,5,,,
ClassicGumtree,23,2,23,0,0,0,0,0,812,3,0,0.899,,1700,,,,,1,,,
ClassicGumtree,23,2,23,0,0,0,0,0,780,3,0,0.899,,1700,,,,,2,,,
ClassicGumtree,23,2,23,0,0,0,0,0,391,3,0,0.899,,1700,,,,,3,,,
ClassicGumtree,23,2,23,0,0,0,0,0,388,3,0,0.899,,1700,,,,,4,,,
ClassicGumtree,23,2,23,0,0,0,0,0,389,3,0,0.899,,1700,,,,,5,,,
ClassicGumtree,23,2,23,0,0,0,0,0,388,3,0,0.999,,1700,,,,,1,,,
ClassicGumtree,23,2,23,0,0,0,0,0,392,3,0,0.999,,1700,,,,,2,,,
ClassicGumtree,23,2,23,0,0,0,0,0,388,3,0,0.999,,1700,,,,,3,,,
ClassicGumtree,23,2,23,0,0,0,0,0,391,3,0,0.999,,1700,,,,,4,,,
ClassicGumtree,23,2,23,0,0,0,0,0,387,3,0,0.999,,1700,,,,,5,,,
ClassicGumtree,23,2,23,0,0,0,0,0,823,3,0,0.1,,1800,,,,,1,,,
ClassicGumtree,23,2,23,0,0,0,0,0,817,3,0,0.1,,1800,,,,,2,,,
ClassicGumtree,23,2,23,0,0,0,0,0,816,3,0,0.1,,1800,,,,,3,,,
ClassicGumtree,23,2,23,0,0,0,0,0,811,3,0,0.1,,1800,,,,,4,,,
ClassicGumtree,23,2,23,0,0,0,0,0,820,3,0,0.1,,1800,,,,,5,,,
ClassicGumtree,23,2,23,0,0,0,0,0,816,3,0,0.2,,1800,,,,,1,,,
ClassicGumtree,23,2,23,0,0,0,0,0,823,3,0,0.2,,1800,,,,,2,,,
ClassicGumtree,23,2,23,0,0,0,0,0,823,3,0,0.2,,1800,,,,,3,,,
ClassicGumtree,23,2,23,0,0,0,0,0,811,3,0,0.2,,1800,,,,,4,,,
ClassicGumtree,23,2,23,0,0,0,0,0,810,3,0,0.2,,1800,,,,,5,,,
ClassicGumtree,23,2,23,0,0,0,0,0,822,3,0,0.3,,1800,,,,,1,,,
ClassicGumtree,23,2,23,0,0,0,0,0,817,3,0,0.3,,1800,,,,,2,,,
ClassicGumtree,23,2,23,0,0,0,0,0,818,3,0,0.3,,1800,,,,,3,,,
ClassicGumtree,23,2,23,0,0,0,0,0,811,3,0,0.3,,1800,,,,,4,,,
ClassicGumtree,23,2,23,0,0,0,0,0,820,3,0,0.3,,1800,,,,,5,,,
ClassicGumtree,23,2,23,0,0,0,0,0,817,3,0,0.4,,1800,,,,,1,,,
ClassicGumtree,23,2,23,0,0,0,0,0,821,3,0,0.4,,1800,,,,,2,,,
ClassicGumtree,23,2,23,0,0,0,0,0,817,3,0,0.4,,1800,,,,,3,,,
ClassicGumtree,23,2,23,0,0,0,0,0,817,3,0,0.4,,1800,,,,,4,,,
ClassicGumtree,23,2,23,0,0,0,0,0,811,3,0,0.4,,1800,,,,,5,,,
ClassicGumtree,23,2,23,0,0,0,0,0,822,3,0,0.5,,1800,,,,,1,,,
ClassicGumtree,23,2,23,0,0,0,0,0,816,3,0,0.5,,1800,,,,,2,,,
ClassicGumtree,23,2,23,0,0,0,0,0,815,3,0,0.5,,1800,,,,,3,,,
ClassicGumtree,23,2,23,0,0,0,0,0,810,3,0,0.5,,1800,,,,,4,,,
ClassicGumtree,23,2,23,0,0,0,0,0,821,3,0,0.5,,1800,,,,,5,,,
ClassicGumtree,23,2,23,0,0,0,0,0,815,3,0,0.6,,1800,,,,,1,,,
ClassicGumtree,23,2,23,0,0,0,0,0,814,3,0,0.6,,1800,,,,,2,,,
ClassicGumtree,23,2,23,0,0,0,0,0,811,3,0,0.6,,1800,,,,,3,,,
ClassicGumtree,23,2,23,0,0,0,0,0,781,3,0,0.6,,1800,,,,,4,,,
ClassicGumtree,23,2,23,0,0,0,0,0,782,3,0,0.6,,1800,,,,,5,,,
ClassicGumtree,23,2,23,0,0,0,0,0,1084,3,0,0.7,,1800,,,,,1,,,
ClassicGumtree,23,2,23,0,0,0,0,0,1065,3,0,0.7,,1800,,,,,2,,,
ClassicGumtree,23,2,23,0,0,0,0,0,1065,3,0,0.7,,1800,,,,,3,,,
ClassicGumtree,23,2,23,0,0,0,0,0,1029,3,0,0.7,,1800,,,,,4,,,
ClassicGumtree,23,2,23,0,0,0,0,0,1040,3,0,0.7,,1800,,,,,5,,,
ClassicGumtree,23,2,23,0,0,0,0,0,1079,3,0,0.799,,1800,,,,,1,,,
ClassicGumtree,23,2,23,0,0,0,0,0,1065,3,0,0.799,,1800,,,,,2,,,
ClassicGumtree,23,2,23,0,0,0,0,0,1037,3,0,0.799,,1800,,,,,3,,,
ClassicGumtree,23,2,23,0,0,0,0,0,643,3,0,0.799,,1800,,,,,4,,,
ClassicGumtree,23,2,23,0,0,0,0,0,642,3,0,0.799,,1800,,,,,5,,,
ClassicGumtree,23,2,23,0,0,0,0,0,810,3,0,0.899,,1800,,,,,1,,,
ClassicGumtree,23,2,23,0,0,0,0,0,775,3,0,0.899,,1800,,,,,2,,,
ClassicGumtree,23,2,23,0,0,0,0,0,389,3,0,0.899,,1800,,,,,3,,,
ClassicGumtree,23,2,23,0,0,0,0,0,389,3,0,0.899,,1800,,,,,4,,,
ClassicGumtree,23,2,23,0,0,0,0,0,389,3,0,0.899,,1800,,,,,5,,,
ClassicGumtree,23,2,23,0,0,0,0,0,393,3,0,0.999,,1800,,,,,1,,,
ClassicGumtree,23,2,23,0,0,0,0,0,391,3,0,0.999,,1800,,,,,2,,,
ClassicGumtree,23,2,23,0,0,0,0,0,391,3,0,0.999,,1800,,,,,3,,,
ClassicGumtree,23,2,23,0,0,0,0,0,388,3,0,0.999,,1800,,,,,4,,,
ClassicGumtree,23,2,23,0,0,0,0,0,391,3,0,0.999,,1800,,,,,5,,,
ClassicGumtree,23,2,23,0,0,0,0,0,817,3,0,0.1,,1900,,,,,1,,,
ClassicGumtree,23,2,23,0,0,0,0,0,817,3,0,0.1,,1900,,,,,2,,,
ClassicGumtree,23,2,23,0,0,0,0,0,816,3,0,0.1,,1900,,,,,3,,,
ClassicGumtree,23,2,23,0,0,0,0,0,820,3,0,0.1,,1900,,,,,4,,,
ClassicGumtree,23,2,23,0,0,0,0,0,817,3,0,0.1,,1900,,,,,5,,,
ClassicGumtree,23,2,23,0,0,0,0,0,822,3,0,0.2,,1900,,,,,1,,,
ClassicGumtree,23,2,23,0,0,0,0,0,816,3,0,0.2,,1900,,,,,2,,,
ClassicGumtree,23,2,23,0,0,0,0,0,816,3,0,0.2,,1900,,,,,3,,,
ClassicGumtree,23,2,23,0,0,0,0,0,816,3,0,0.2,,1900,,,,,4,,,
ClassicGumtree,23,2,23,0,0,0,0,0,811,3,0,0.2,,1900,,,,,5,,,
ClassicGumtree,23,2,23,0,0,0,0,0,816,3,0,0.3,,1900,,,,,1,,,
ClassicGumtree,23,2,23,0,0,0,0,0,817,3,0,0.3,,1900,,,,,2,,,
ClassicGumtree,23,2,23,0,0,0,0,0,817,3,0,0.3,,1900,,,,,3,,,
ClassicGumtree,23,2,23,0,0,0,0,0,818,3,0,0.3,,1900,,,,,4,,,
ClassicGumtree,23,2,23,0,0,0,0,0,816,3,0,0.3,,1900,,,,,5,,,
ClassicGumtree,23,2,23,0,0,0,0,0,822,3,0,0.4,,1900,,,,,1,,,
ClassicGumtree,23,2,23,0,0,0,0,0,817,3,0,0.4,,1900,,,,,2,,,
ClassicGumtree,23,2,23,0,0,0,0,0,817,3,0,0.4,,1900,,,,,3,,,
ClassicGumtree,23,2,23,0,0,0,0,0,815,3,0,0.4,,1900,,,,,4,,,
ClassicGumtree,23,2,23,0,0,0,0,0,811,3,0,0.4,,1900,,,,,5,,,
ClassicGumtree,23,2,23,0,0,0,0,0,816,3,0,0.5,,1900,,,,,1,,,
ClassicGumtree,23,2,23,0,0,0,0,0,817,3,0,0.5,,1900,,,,,2,,,
ClassicGumtree,23,2,23,0,0,0,0,0,814,3,0,0.5,,1900,,,,,3,,,
ClassicGumtree,23,2,23,0,0,0,0,0,821,3,0,0.5,,1900,,,,,4,,,
ClassicGumtree,23,2,23,0,0,0,0,0,819,3,0,0.5,,1900,,,,,5,,,
ClassicGumtree,23,2,23,0,0,0,0,0,824,3,0,0.6,,1900,,,,,1,,,
ClassicGumtree,23,2,23,0,0,0,0,0,814,3,0,0.6,,1900,,,,,2,,,
ClassicGumtree,23,2,23,0,0,0,0,0,811,3,0,0.6,,1900,,,,,3,,,
ClassicGumtree,23,2,23,0,0,0,0,0,781,3,0,0.6,,1900,,,,,4,,,
ClassicGumtree,23,2,23,0,0,0,0,0,774,3,0,0.6,,1900,,,,,5,,,
ClassicGumtree,23,2,23,0,0,0,0,0,1140,3,0,0.7,,1900,,,,,1,,,
ClassicGumtree,23,2,23,0,0,0,0,0,1142,3,0,0.7,,1900,,,,,2,,,
ClassicGumtree,23,2,23,0,0,0,0,0,1137,3,0,0.7,,1900,,,,,3,,,
ClassicGumtree,23,2,23,0,0,0,0,0,1105,3,0,0.7,,1900,,,,,4,,,
ClassicGumtree,23,2,23,0,0,0,0,0,1108,3,0,0.7,,1900,,,,,5,,,
ClassicGumtree,23,2,23,0,0,0,0,0,1151,3,0,0.799,,1900,,,,,1,,,
ClassicGumtree,23,2,23,0,0,0,0,0,1145,3,0,0.799,,1900,,,,,2,,,
ClassicGumtree,23,2,23,0,0,0,0,0,1106,3,0,0.799,,1900,,,,,3,,,
ClassicGumtree,23,2,23,0,0,0,0,0,712,3,0,0.799,,1900,,,,,4,,,
ClassicGumtree,23,2,23,0,0,0,0,0,718,3,0,0.799,,1900,,,,,5,,,
ClassicGumtree,23,2,23,0,0,0,0,0,811,3,0,0.899,,1900,,,,,1,,,
ClassicGumtree,23,2,23,0,0,0,0,0,779,3,0,0.899,,1900,,,,,2,,,
ClassicGumtree,23,2,23,0,0,0,0,0,388,3,0,0.899,,1900,,,,,3,,,
ClassicGumtree,23,2,23,0,0,0,0,0,388,3,0,0.899,,1900,,,,,4,,,
ClassicGumtree,23,2,23,0,0,0,0,0,392,3,0,0.899,,1900,,,,,5,,,
ClassicGumtree,23,2,23,0,0,0,0,0,389,3,0,0.999,,1900,,,,,1,,,
ClassicGumtree,23,2,23,0,0,0,0,0,388,3,0,0.999,,1900,,,,,2,,,
ClassicGumtree,23,2,23,0,0,0,0,0,388,3,0,0.999,,1900,,,,,3,,,
ClassicGumtree,23,2,23,0,0,0,0,0,390,3,0,0.999,,1900,,,,,4,,,
ClassicGumtree,23,2,23,0,0,0,0,0,390,3,0,0.999,,1900,,,,,5,,,
ClassicGumtree,23,2,23,0,0,0,0,0,817,3,0,0.1,,2000,,,,,1,,,
ClassicGumtree,23,2,23,0,0,0,0,0,817,3,0,0.1,,2000,,,,,2,,,
ClassicGumtree,23,2,23,0,0,0,0,0,825,3,0,0.1,,2000,,,,,3,,,
ClassicGumtree,23,2,23,0,0,0,0,0,811,3,0,0.1,,2000,,,,,4,,,
ClassicGumtree,23,2,23,0,0,0,0,0,812,3,0,0.1,,2000,,,,,5,,,
ClassicGumtree,23,2,23,0,0,0,0,0,817,3,0,0.2,,2000,,,,,1,,,
ClassicGumtree,23,2,23,0,0,0,0,0,821,3,0,0.2,,2000,,,,,2,,,
ClassicGumtree,23,2,23,0,0,0,0,0,823,3,0,0.2,,2000,,,,,3,,,
ClassicGumtree,23,2,23,0,0,0,0,0,810,3,0,0.2,,2000,,,,,4,,,
ClassicGumtree,23,2,23,0,0,0,0,0,817,3,0,0.2,,2000,,,,,5,,,
ClassicGumtree,23,2,23,0,0,0,0,0,817,3,0,0.3,,2000,,,,,1,,,
ClassicGumtree,23,2,23,0,0,0,0,0,817,3,0,0.3,,2000,,,,,2,,,
ClassicGumtree,23,2,23,0,0,0,0,0,819,3,0,0.3,,2000,,,,,3,,,
ClassicGumtree,23,2,23,0,0,0,0,0,811,3,0,0.3,,2000,,,,,4,,,
ClassicGumtree,23,2,23,0,0,0,0,0,817,3,0,0.3,,2000,,,,,5,,,
ClassicGumtree,23,2,23,0,0,0,0,0,817,3,0,0.4,,2000,,,,,1,,,
ClassicGumtree,23,2,23,0,0,0,0,0,822,3,0,0.4,,2000,,,,,2,,,
ClassicGumtree,23,2,23,0,0,0,0,0,816,3,0,0.4,,2000,,,,,3,,,
ClassicGumtree,23,2,23,0,0,0,0,0,814,3,0,0.4,,2000,,,,,4,,,
ClassicGumtree,23,2,23,0,0,0,0,0,815,3,0,0.4,,2000,,,,,5,,,
ClassicGumtree,23,2,23,0,0,0,0,0,816,3,0,0.5,,2000,,,,,1,,,
ClassicGumtree,23,2,23,0,0,0,0,0,816,3,0,0.5,,2000,,,,,2,,,
ClassicGumtree,23,2,23,0,0,0,0,0,813,3,0,0.5,,2000,,,,,3,,,
ClassicGumtree,23,2,23,0,0,0,0,0,810,3,0,0.5,,2000,,,,,4,,,
ClassicGumtree,23,2,23,0,0,0,0,0,820,3,0,0.5,,2000,,,,,5,,,
ClassicGumtree,23,2,23,0,0,0,0,0,817,3,0,0.6,,2000,,,,,1,,,
ClassicGumtree,23,2,23,0,0,0,0,0,821,3,0,0.6,,2000,,,,,2,,,
ClassicGumtree,23,2,23,0,0,0,0,0,810,3,0,0.6,,2000,,,,,3,,,
ClassicGumtree,23,2,23,0,0,0,0,0,781,3,0,0.6,,2000,,,,,4,,,
ClassicGumtree,23,2,23,0,0,0,0,0,781,3,0,0.6,,2000,,,,,5,,,
ClassicGumtree,23,2,23,0,0,0,0,0,1306,3,0,0.7,,2000,,,,,1,,,
ClassicGumtree,23,2,23,0,0,0,0,0,1307,3,0,0.7,,2000,,,,,2,,,
ClassicGumtree,23,2,23,0,0,0,0,0,1308,3,0,0.7,,2000,,,,,3,,,
ClassicGumtree,23,2,23,0,0,0,0,0,1267,3,0,0.7,,2000,,,,,4,,,
ClassicGumtree,23,2,23,0,0,0,0,0,1271,3,0,0.7,,2000,,,,,5,,,
ClassicGumtree,23,2,23,0,0,0,0,0,1316,3,0,0.799,,2000,,,,,1,,,
ClassicGumtree,23,2,23,0,0,0,0,0,1310,3,0,0.799,,2000,,,,,2,,,
ClassicGumtree,23,2,23,0,0,0,0,0,1270,3,0,0.799,,2000,,,,,3,,,
ClassicGumtree,23,2,23,0,0,0,0,0,880,3,0,0.799,,2000,,,,,4,,,
ClassicGumtree,23,2,23,0,0,0,0,0,883,3,0,0.799,,2000,,,,,5,,,
ClassicGumtree,23,2,23,0,0,0,0,0,805,3,0,0.899,,2000,,,,,1,,,
ClassicGumtree,23,2,23,0,0,0,0,0,780,3,0,0.899,,2000,,,,,2,,,
ClassicGumtree,23,2,23,0,0,0,0,0,388,3,0,0.899,,2000,,,,,3,,,
ClassicGumtree,23,2,23,0,0,0,0,0,390,3,0,0.899,,2000,,,,,4,,,
ClassicGumtree,23,2,23,0,0,0,0,0,388,3,0,0.899,,2000,,,,,5,,,
ClassicGumtree,23,2,23,0,0,0,0,0,389,3,0,0.999,,2000,,,,,1,,,
ClassicGumtree,23,2,23,0,0,0,0,0,387,3,0,0.999,,2000,,,,,2,,,
ClassicGumtree,23,2,23,0,0,0,0,0,386,3,0,0.999,,2000,,,,,3,,,
ClassicGumtree,23,2,23,0,0,0,0,0,390,3,0,0.999,,2000,,,,,4,,,
ClassicGumtree,23,2,23,0,0,0,0,0,387,3,0,0.999,,2000,,,,,5,,,
CompleteGumtreeMatcher,67,27,37,6,0,24,0,0,4,3,0,0.1,,100,,,,,1,,,
CompleteGumtreeMatcher,96,18,56,25,0,15,0,0,6,3,0,0.1,,100,,,,,2,,,
CompleteGumtreeMatcher,155,13,88,57,0,10,0,0,6,3,0,0.1,,100,,,,,3,,,
CompleteGumtreeMatcher,255,8,136,113,0,6,0,0,2,3,0,0.1,,100,,,,,4,,,
CompleteGumtreeMatcher,308,7,163,140,0,5,0,0,1,3,0,0.1,,100,,,,,5,,,
CompleteGumtreeMatcher,67,27,37,6,0,24,0,0,5,3,0,0.2,,100,,,,,1,,,
CompleteGumtreeMatcher,96,18,56,25,0,15,0,0,5,3,0,0.2,,100,,,,,2,,,
CompleteGumtreeMatcher,155,13,88,57,0,10,0,0,6,3,0,0.2,,100,,,,,3,,,
CompleteGumtreeMatcher,255,8,136,113,0,6,0,0,2,3,0,0.2,,100,,,,,4,,,
CompleteGumtreeMatcher,308,7,163,140,0,5,0,0,2,3,0,0.2,,100,,,,,5,,,
CompleteGumtreeMatcher,67,27,37,6,0,24,0,0,3,3,0,0.3,,100,,,,,1,,,
CompleteGumtreeMatcher,96,18,56,25,0,15,0,0,6,3,0,0.3,,100,,,,,2,,,
CompleteGumtreeMatcher,155,13,88,57,0,10,0,0,6,3,0,0.3,,100,,,,,3,,,
CompleteGumtreeMatcher,255,8,136,113,0,6,0,0,2,3,0,0.3,,100,,,,,4,,,
CompleteGumtreeMatcher,308,7,163,140,0,5,0,0,1,3,0,0.3,,100,,,,,5,,,
CompleteGumtreeMatcher,67,27,37,6,0,24,0,0,3,3,0,0.4,,100,,,,,1,,,
CompleteGumtreeMatcher,96,18,56,25,0,15,0,0,3,3,0,0.4,,100,,,,,2,,,
CompleteGumtreeMatcher,177,14,98,67,0,12,0,0,2,3,0,0.4,,100,,,,,3,,,
CompleteGumtreeMatcher,255,8,136,113,0,6,0,0,3,3,0,0.4,,100,,,,,4,,,
CompleteGumtreeMatcher,308,7,163,140,0,5,0,0,2,3,0,0.4,,100,,,,,5,,,
CompleteGumtreeMatcher,67,27,37,6,0,24,0,0,6,3,0,0.5,,100,,,,,1,,,
CompleteGumtreeMatcher,111,20,62,31,0,18,0,0,3,3,0,0.5,,100,,,,,2,,,
CompleteGumtreeMatcher,177,14,98,67,0,12,0,0,3,3,0,0.5,,100,,,,,3,,,
CompleteGumtreeMatcher,255,8,136,113,0,6,0,0,2,3,0,0.5,,100,,,,,4,,,
CompleteGumtreeMatcher,308,7,163,140,0,5,0,0,2,3,0,0.5,,100,,,,,5,,,
CompleteGumtreeMatcher,77,30,40,9,0,28,0,0,2,3,0,0.6,,100,,,,,1,,,
CompleteGumtreeMatcher,111,20,62,31,0,18,0,0,2,3,0,0.6,,100,,,,,2,,,
CompleteGumtreeMatcher,177,14,98,67,0,12,0,0,2,3,0,0.6,,100,,,,,3,,,
CompleteGumtreeMatcher,255,8,136,113,0,6,0,0,2,3,0,0.6,,100,,,,,4,,,
CompleteGumtreeMatcher,308,7,163,140,0,5,0,0,2,3,0,0.6,,100,,,,,5,,,
CompleteGumtreeMatcher,77,30,40,9,0,28,0,0,2,3,0,0.7,,100,,,,,1,,,
CompleteGumtreeMatcher,111,20,62,31,0,18,0,0,1,3,0,0.7,,100,,,,,2,,,
CompleteGumtreeMatcher,177,14,98,67,0,12,0,0,1,3,0,0.7,,100,,,,,3,,,
CompleteGumtreeMatcher,255,8,136,113,0,6,0,0,3,3,0,0.7,,100,,,,,4,,,
CompleteGumtreeMatcher,308,7,163,140,0,5,0,0,2,3,0,0.7,,100,,,,,5,,,
CompleteGumtreeMatcher,77,30,40,9,0,28,0,0,3,3,0,0.799,,100,,,,,1,,,
CompleteGumtreeMatcher,111,20,62,31,0,18,0,0,3,3,0,0.799,,100,,,,,2,,,
CompleteGumtreeMatcher,177,14,98,67,0,12,0,0,2,3,0,0.799,,100,,,,,3,,,
CompleteGumtreeMatcher,255,8,136,113,0,6,0,0,2,3,0,0.799,,100,,,,,4,,,
CompleteGumtreeMatcher,308,7,163,140,0,5,0,0,1,3,0,0.799,,100,,,,,5,,,
CompleteGumtreeMatcher,77,30,40,9,0,28,0,0,3,3,0,0.899,,100,,,,,1,,,
CompleteGumtreeMatcher,111,20,62,31,0,18,0,0,2,3,0,0.899,,100,,,,,2,,,
CompleteGumtreeMatcher,177,14,98,67,0,12,0,0,2,3,0,0.899,,100,,,,,3,,,
CompleteGumtreeMatcher,255,8,136,113,0,6,0,0,2,3,0,0.899,,100,,,,,4,,,
CompleteGumtreeMatcher,308,7,163,140,0,5,0,0,2,3,0,0.899,,100,,,,,5,,,
CompleteGumtreeMatcher,77,30,40,9,0,28,0,0,2,3,0,0.999,,100,,,,,1,,,
CompleteGumtreeMatcher,111,20,62,31,0,18,0,0,2,3,0,0.999,,100,,,,,2,,,
CompleteGumtreeMatcher,177,14,98,67,0,12,0,0,3,3,0,0.999,,100,,,,,3,,,
CompleteGumtreeMatcher,255,8,136,113,0,6,0,0,1,3,0,0.999,,100,,,,,4,,,
CompleteGumtreeMatcher,308,7,163,140,0,5,0,0,2,3,0,0.999,,100,,,,,5,,,
CompleteGumtreeMatcher,67,27,37,6,0,24,0,0,6,3,0,0.1,,200,,,,,1,,,
CompleteGumtreeMatcher,96,18,56,25,0,15,0,0,3,3,0,0.1,,200,,,,,2,,,
CompleteGumtreeMatcher,155,13,88,57,0,10,0,0,3,3,0,0.1,,200,,,,,3,,,
CompleteGumtreeMatcher,255,8,136,113,0,6,0,0,2,3,0,0.1,,200,,,,,4,,,
CompleteGumtreeMatcher,308,7,163,140,0,5,0,0,2,3,0,0.1,,200,,,,,5,,,
CompleteGumtreeMatcher,67,27,37,6,0,24,0,0,7,3,0,0.2,,200,,,,,1,,,
CompleteGumtreeMatcher,96,18,56,25,0,15,0,0,5,3,0,0.2,,200,,,,,2,,,
CompleteGumtreeMatcher,155,13,88,57,0,10,0,0,6,3,0,0.2,,200,,,,,3,,,
CompleteGumtreeMatcher,255,8,136,113,0,6,0,0,2,3,0,0.2,,200,,,,,4,,,
CompleteGumtreeMatcher,308,7,163,140,0,5,0,0,2,3,0,0.2,,200,,,,,5,,,
CompleteGumtreeMatcher,67,27,37,6,0,24,0,0,6,3,0,0.3,,200,,,,,1,,,
CompleteGumtreeMatcher,96,18,56,25,0,15,0,0,6,3,0,0.3,,200,,,,,2,,,
CompleteGumtreeMatcher,155,13,88,57,0,10,0,0,6,3,0,0.3,,200,,,,,3,,,
CompleteGumtreeMatcher,255,8,136,113,0,6,0,0,1,3,0,0.3,,200,,,,,4,,,
CompleteGumtreeMatcher,308,7,163,140,0,5,0,0,2,3,0,0.3,,200,,,,,5,,,
CompleteGumtreeMatcher,67,27,37,6,0,24,0,0,3,3,0,0.4,,200,,,,,1,,,
CompleteGumtreeMatcher,96,18,56,25,0,15,0,0,7,3,0,0.4,,200,,,,,2,,,
CompleteGumtreeMatcher,177,14,98,67,0,12,0,0,1,3,0,0.4,,200,,,,,3,,,
CompleteGumtreeMatcher,255,8,136,113,0,6,0,0,2,3,0,0.4,,200,,,,,4,,,
CompleteGumtreeMatcher,308,7,163,140,0,5,0,0,1,3,0,0.4,,200,,,,,5,,,
CompleteGumtreeMatcher,67,27,37,6,0,24,0,0,6,3,0,0.5,,200,,,,,1,,,
CompleteGumtreeMatcher,111,20,62,31,0,18,0,0,2,3,0,0.5,,200,,,,,2,,,
CompleteGumtreeMatcher,177,14,98,67,0,12,0,0,3,3,0,0.5,,200,,,,,3,,,
CompleteGumtreeMatcher,255,8,136,113,0,6,0,0,2,3,0,0.5,,200,,,,,4,,,
CompleteGumtreeMatcher,308,7,163,140,0,5,0,0,2,3,0,0.5,,200,,,,,5,,,
CompleteGumtreeMatcher,77,30,40,9,0,28,0,0,2,3,0,0.6,,200,,,,,1,,,
CompleteGumtreeMatcher,111,20,62,31,0,18,0,0,2,3,0,0.6,,200,,,,,2,,,
CompleteGumtreeMatcher,177,14,98,67,0,12,0,0,2,3,0,0.6,,200,,,,,3,,,
CompleteGumtreeMatcher,255,8,136,113,0,6,0,0,2,3,0,0.6,,200,,,,,4,,,
CompleteGumtreeMatcher,308,7,163,140,0,5,0,0,1,3,0,0.6,,200,,,,,5,,,
CompleteGumtreeMatcher,77,30,40,9,0,28,0,0,2,3,0,0.7,,200,,,,,1,,,
CompleteGumtreeMatcher,111,20,62,31,0,18,0,0,2,3,0,0.7,,200,,,,,2,,,
CompleteGumtreeMatcher,177,14,98,67,0,12,0,0,1,3,0,0.7,,200,,,,,3,,,
CompleteGumtreeMatcher,255,8,136,113,0,6,0,0,2,3,0,0.7,,200,,,,,4,,,
CompleteGumtreeMatcher,308,7,163,140,0,5,0,0,1,3,0,0.7,,200,,,,,5,,,
CompleteGumtreeMatcher,77,30,40,9,0,28,0,0,2,3,0,0.799,,200,,,,,1,,,
CompleteGumtreeMatcher,111,20,62,31,0,18,0,0,2,3,0,0.799,,200,,,,,2,,,
CompleteGumtreeMatcher,177,14,98,67,0,12,0,0,2,3,0,0.799,,200,,,,,3,,,
CompleteGumtreeMatcher,255,8,136,113,0,6,0,0,2,3,0,0.799,,200,,,,,4,,,
CompleteGumtreeMatcher,308,7,163,140,0,5,0,0,2,3,0,0.799,,200,,,,,5,,,
CompleteGumtreeMatcher,77,30,40,9,0,28,0,0,2,3,0,0.899,,200,,,,,1,,,
CompleteGumtreeMatcher,111,20,62,31,0,18,0,0,2,3,0,0.899,,200,,,,,2,,,
CompleteGumtreeMatcher,177,14,98,67,0,12,0,0,2,3,0,0.899,,200,,,,,3,,,
CompleteGumtreeMatcher,255,8,136,113,0,6,0,0,1,3,0,0.899,,200,,,,,4,,,
CompleteGumtreeMatcher,308,7,163,140,0,5,0,0,2,3,0,0.899,,200,,,,,5,,,
CompleteGumtreeMatcher,77,30,40,9,0,28,0,0,3,3,0,0.999,,200,,,,,1,,,
CompleteGumtreeMatcher,111,20,62,31,0,18,0,0,3,3,0,0.999,,200,,,,,2,,,
CompleteGumtreeMatcher,177,14,98,67,0,12,0,0,3,3,0,0.999,,200,,,,,3,,,
CompleteGumtreeMatcher,255,8,136,113,0,6,0,0,1,3,0,0.999,,200,,,,,4,,,
CompleteGumtreeMatcher,308,7,163,140,0,5,0,0,2,3,0,0.999,,200,,,,,5,,,
CompleteGumtreeMatcher,67,27,37,6,0,24,0,0,3,3,0,0.1,,300,,,,,1,,,
CompleteGumtreeMatcher,96,18,56,25,0,15,0,0,6,3,0,0.1,,300,,,,,2,,,
CompleteGumtreeMatcher,155,13,88,57,0,10,0,0,6,3,0,0.1,,300,,,,,3,,,
CompleteGumtreeMatcher,255,8,136,113,0,6,0,0,2,3,0,0.1,,300,,,,,4,,,
CompleteGumtreeMatcher,308,7,163,140,0,5,0,0,1,3,0,0.1,,300,,,,,5,,,
CompleteGumtreeMatcher,67,27,37,6,0,24,0,0,6,3,0,0.2,,300,,,,,1,,,
CompleteGumtreeMatcher,96,18,56,25,0,15,0,0,5,3,0,0.2,,300,,,,,2,,,
CompleteGumtreeMatcher,155,13,88,57,0,10,0,0,5,3,0,0.2,,300,,,,,3,,,
CompleteGumtreeMatcher,255,8,136,113,0,6,0,0,2,3,0,0.2,,300,,,,,4,,,
CompleteGumtreeMatcher,308,7,163,140,0,5,0,0,1,3,0,0.2,,300,,,,,5,,,
CompleteGumtreeMatcher,67,27,37,6,0,24,0,0,6,3,0,0.3,,300,,,,,1,,,
CompleteGumtreeMatcher,96,18,56,25,0,15,0,0,7,3,0,0.3,,300,,,,,2,,,
CompleteGumtreeMatcher,155,13,88,57,0,10,0,0,4,3,0,0.3,,300,,,,,3,,,
CompleteGumtreeMatcher,255,8,136,113,0,6,0,0,2,3,0,0.3,,300,,,,,4,,,
CompleteGumtreeMatcher,308,7,163,140,0,5,0,0,2,3,0,0.3,,300,,,,,5,,,
CompleteGumtreeMatcher,67,27,37,6,0,24,0,0,3,3,0,0.4,,300,,,,,1,,,
CompleteGumtreeMatcher,96,18,56,25,0,15,0,0,6,3,0,0.4,,300,,,,,2,,,
CompleteGumtreeMatcher,177,14,98,67,0,12,0,0,2,3,0,0.4,,300,,,,,3,,,
CompleteGumtreeMatcher,255,8,136,113,0,6,0,0,3,3,0,0.4,,300,,,,,4,,,
CompleteGumtreeMatcher,308,7,163,140,0,5,0,0,1,3,0,0.4,,300,,,,,5,,,
CompleteGumtreeMatcher,67,27,37,6,0,24,0,0,6,3,0,0.5,,300,,,,,1,,,
CompleteGumtreeMatcher,111,20,62,31,0,18,0,0,3,3,0,0.5,,300,,,,,2,,,
CompleteGumtreeMatcher,177,14,98,67,0,12,0,0,3,3,0,0.5,,300,,,,,3,,,
CompleteGumtreeMatcher,255,8,136,113,0,6,0,0,1,3,0,0.5,,300,,,,,4,,,
CompleteGumtreeMatcher,308,7,163,140,0,5,0,0,1,3,0,0.5,,300,,,,,5,,,
CompleteGumtreeMatcher,77,30,40,9,0,28,0,0,2,3,0,0.6,,300,,,,,1,,,
CompleteGumtreeMatcher,111,20,62,31,0,18,0,0,2,3,0,0.6,,300,,,,,2,,,
CompleteGumtreeMatcher,177,14,98,67,0,12,0,0,3,3,0,0.6,,300,,,,,3,,,
CompleteGumtreeMatcher,255,8,136,113,0,6,0,0,2,3,0,0.6,,300,,,,,4,,,
CompleteGumtreeMatcher,308,7,163,140,0,5,0,0,1,3,0,0.6,,300,,,,,5,,,
CompleteGumtreeMatcher,77,30,40,9,0,28,0,0,2,3,0,0.7,,300,,,,,1,,,
CompleteGumtreeMatcher,111,20,62,31,0,18,0,0,2,3,0,0.7,,300,,,,,2,,,
CompleteGumtreeMatcher,177,14,98,67,0,12,0,0,2,3,0,0.7,,300,,,,,3,,,
CompleteGumtreeMatcher,255,8,136,113,0,6,0,0,2,3,0,0.7,,300,,,,,4,,,
CompleteGumtreeMatcher,308,7,163,140,0,5,0,0,2,3,0,0.7,,300,,,,,5,,,
CompleteGumtreeMatcher,77,30,40,9,0,28,0,0,2,3,0,0.799,,300,,,,,1,,,
CompleteGumtreeMatcher,111,20,62,31,0,18,0,0,1,3,0,0.799,,300,,,,,2,,,
CompleteGumtreeMatcher,177,14,98,67,0,12,0,0,4,3,0,0.799,,300,,,,,3,,,
CompleteGumtreeMatcher,255,8,136,113,0,6,0,0,2,3,0,0.799,,300,,,,,4,,,
CompleteGumtreeMatcher,308,7,163,140,0,5,0,0,1,3,0,0.799,,300,,,,,5,,,
CompleteGumtreeMatcher,77,30,40,9,0,28,0,0,2,3,0,0.899,,300,,,,,1,,,
CompleteGumtreeMatcher,111,20,62,31,0,18,0,0,3,3,0,0.899,,300,,,,,2,,,
CompleteGumtreeMatcher,177,14,98,67,0,12,0,0,2,3,0,0.899,,300,,,,,3,,,
CompleteGumtreeMatcher,255,8,136,113,0,6,0,0,1,3,0,0.899,,300,,,,,4,,,
CompleteGumtreeMatcher,308,7,163,140,0,5,0,0,2,3,0,0.899,,300,,,,,5,,,
CompleteGumtreeMatcher,77,30,40,9,0,28,0,0,3,3,0,0.999,,300,,,,,1,,,
CompleteGumtreeMatcher,111,20,62,31,0,18,0,0,2,3,0,0.999,,300,,,,,2,,,
CompleteGumtreeMatcher,177,14,98,67,0,12,0,0,1,3,0,0.999,,300,,,,,3,,,
CompleteGumtreeMatcher,255,8,136,113,0,6,0,0,1,3,0,0.999,,300,,,,,4,,,
CompleteGumtreeMatcher,308,7,163,140,0,5,0,0,2,3,0,0.999,,300,,,,,5,,,
CompleteGumtreeMatcher,67,27,37,6,0,24,0,0,6,3,0,0.1,,400,,,,,1,,,
CompleteGumtreeMatcher,96,18,56,25,0,15,0,0,6,3,0,0.1,,400,,,,,2,,,
CompleteGumtreeMatcher,155,13,88,57,0,10,0,0,6,3,0,0.1,,400,,,,,3,,,
CompleteGumtreeMatcher,255,8,136,113,0,6,0,0,2,3,0,0.1,,400,,,,,4,,,
CompleteGumtreeMatcher,308,7,163,140,0,5,0,0,2,3,0,0.1,,400,,,,,5,,,
CompleteGumtreeMatcher,67,27,37,6,0,24,0,0,6,3,0,0.2,,400,,,,,1,,,
CompleteGumtreeMatcher,96,18,56,25,0,15,0,0,5,3,0,0.2,,400,,,,,2,,,
CompleteGumtreeMatcher,155,13,88,57,0,10,0,0,6,3,0,0.2,,400,,,,,3,,,
CompleteGumtreeMatcher,255,8,136,113,0,6,0,0,2,3,0,0.2,,400,,,,,4,,,
CompleteGumtreeMatcher,308,7,163,140,0,5,0,0,1,3,0,0.2,,400,,,,,5,,,
CompleteGumtreeMatcher,67,27,37,6,0,24,0,0,3,3,0,0.3,,400,,,,,1,,,
CompleteGumtreeMatcher,96,18,56,25,0,15,0,0,6,3,0,0.3,,400,,,,,2,,,
CompleteGumtreeMatcher,155,13,88,57,0,10,0,0,3,3,0,0.3,,400,,,,,3,,,
CompleteGumtreeMatcher,255,8,136,113,0,6,0,0,2,3,0,0.3,,400,,,,,4,,,
CompleteGumtreeMatcher,308,7,163,140,0,5,0,0,1,3,0,0.3,,400,,,,,5,,,
CompleteGumtreeMatcher,67,27,37,6,0,24,0,0,6,3,0,0.4,,400,,,,,1,,,
CompleteGumtreeMatcher,96,18,56,25,0,15,0,0,6,3,0,0.4,,400,,,,,2,,,
CompleteGumtreeMatcher,177,14,98,67,0,12,0,0,2,3,0,0.4,,400,,,,,3,,,
CompleteGumtreeMatcher,255,8,136,113,0,6,0,0,2,3,0,0.4,,400,,,,,4,,,
CompleteGumtreeMatcher,308,7,163,140,0,5,0,0,1,3,0,0.4,,400,,,,,5,,,
CompleteGumtreeMatcher,67,27,37,6,0,24,0,0,4,3,0,0.5,,400,,,,,1,,,
CompleteGumtreeMatcher,111,20,62,31,0,18,0,0,3,3,0,0.5,,400,,,,,2,,,
CompleteGumtreeMatcher,177,14,98,67,0,12,0,0,3,3,0,0.5,,400,,,,,3,,,
CompleteGumtreeMatcher,255,8,136,113,0,6,0,0,3,3,0,0.5,,400,,,,,4,,,
CompleteGumtreeMatcher,308,7,163,140,0,5,0,0,1,3,0,0.5,,400,,,,,5,,,
CompleteGumtreeMatcher,77,30,40,9,0,28,0,0,2,3,0,0.6,,400,,,,,1,,,
CompleteGumtreeMatcher,111,20,62,31,0,18,0,0,2,3,0,0.6,,400,,,,,2,,,
CompleteGumtreeMatcher,177,14,98,67,0,12,0,0,2,3,0,0.6,,400,,,,,3,,,
CompleteGumtreeMatcher,255,8,136,113,0,6,0,0,2,3,0,0.6,,400,,,,,4,,,
CompleteGumtreeMatcher,308,7,163,140,0,5,0,0,1,3,0,0.6,,400,,,,,5,,,
CompleteGumtreeMatcher,77,30,40,9,0,28,0,0,1,3,0,0.7,,400,,,,,1,,,
CompleteGumtreeMatcher,111,20,62,31,0,18,0,0,3,3,0,0.7,,400,,,,,2,,,
CompleteGumtreeMatcher,177,14,98,67,0,12,0,0,2,3,0,0.7,,400,,,,,3,,,
CompleteGumtreeMatcher,255,8,136,113,0,6,0,0,2,3,0,0.7,,400,,,,,4,,,
CompleteGumtreeMatcher,308,7,163,140,0,5,0,0,1,3,0,0.7,,400,,,,,5,,,
CompleteGumtreeMatcher,77,30,40,9,0,28,0,0,3,3,0,0.799,,400,,,,,1,,,
CompleteGumtreeMatcher,111,20,62,31,0,18,0,0,3,3,0,0.799,,400,,,,,2,,,
CompleteGumtreeMatcher,177,14,98,67,0,12,0,0,2,3,0,0.799,,400,,,,,3,,,
CompleteGumtreeMatcher,255,8,136,113,0,6,0,0,2,3,0,0.799,,400,,,,,4,,,
CompleteGumtreeMatcher,308,7,163,140,0,5,0,0,1,3,0,0.799,,400,,,,,5,,,
CompleteGumtreeMatcher,77,30,40,9,0,28,0,0,2,3,0,0.899,,400,,,,,1,,,
CompleteGumtreeMatcher,111,20,62,31,0,18,0,0,2,3,0,0.899,,400,,,,,2,,,
CompleteGumtreeMatcher,177,14,98,67,0,12,0,0,2,3,0,0.899,,400,,,,,3,,,
CompleteGumtreeMatcher,255,8,136,113,0,6,0,0,2,3,0,0.899,,400,,,,,4,,,
CompleteGumtreeMatcher,308,7,163,140,0,5,0,0,3,3,0,0.899,,400,,,,,5,,,
CompleteGumtreeMatcher,77,30,40,9,0,28,0,0,2,3,0,0.999,,400,,,,,1,,,
CompleteGumtreeMatcher,111,20,62,31,0,18,0,0,2,3,0,0.999,,400,,,,,2,,,
CompleteGumtreeMatcher,177,14,98,67,0,12,0,0,1,3,0,0.999,,400,,,,,3,,,
CompleteGumtreeMatcher,255,8,136,113,0,6,0,0,2,3,0,0.999,,400,,,,,4,,,
CompleteGumtreeMatcher,308,7,163,140,0,5,0,0,2,3,0,0.999,,400,,,,,5,,,
CompleteGumtreeMatcher,67,27,37,6,0,24,0,0,5,3,0,0.1,,500,,,,,1,,,
CompleteGumtreeMatcher,96,18,56,25,0,15,0,0,3,3,0,0.1,,500,,,,,2,,,
CompleteGumtreeMatcher,155,13,88,57,0,10,0,0,6,3,0,0.1,,500,,,,,3,,,
CompleteGumtreeMatcher,255,8,136,113,0,6,0,0,1,3,0,0.1,,500,,,,,4,,,
CompleteGumtreeMatcher,308,7,163,140,0,5,0,0,2,3,0,0.1,,500,,,,,5,,,
CompleteGumtreeMatcher,67,27,37,6,0,24,0,0,6,3,0,0.2,,500,,,,,1,,,
CompleteGumtreeMatcher,96,18,56,25,0,15,0,0,6,3,0,0.2,,500,,,,,2,,,
CompleteGumtreeMatcher,155,13,88,57,0,10,0,0,6,3,0,0.2,,500,,,,,3,,,
CompleteGumtreeMatcher,255,8,136,113,0,6,0,0,3,3,0,0.2,,500,,,,,4,,,
CompleteGumtreeMatcher,308,7,163,140,0,5,0,0,3,3,0,0.2,,500,,,,,5,,,
CompleteGumtreeMatcher,67,27,37,6,0,24,0,0,4,3,0,0.3,,500,,,,,1,,,
CompleteGumtreeMatcher,96,18,56,25,0,15,0,0,3,3,0,0.3,,500,,,,,2,,,
CompleteGumtreeMatcher,155,13,88,57,0,10,0,0,3,3,0,0.3,,500,,,,,3,,,
CompleteGumtreeMatcher,255,8,136,113,0,6,0,0,2,3,0,0.3,,500,,,,,4,,,
CompleteGumtreeMatcher,308,7,163,140,0,5,0,0,3,3,0,0.3,,500,,,,,5,,,
CompleteGumtreeMatcher,67,27,37,6,0,24,0,0,3,3,0,0.4,,500,,,,,1,,,
CompleteGumtreeMatcher,96,18,56,25,0,15,0,0,3,3,0,0.4,,500,,,,,2,,,
CompleteGumtreeMatcher,177,14,98,67,0,12,0,0,2,3,0,0.4,,500,,,,,3,,,
CompleteGumtreeMatcher,255,8,136,113,0,6,0,0,3,3,0,0.4,,500,,,,,4,,,
CompleteGumtreeMatcher,308,7,163,140,0,5,0,0,1,3,0,0.4,,500,,,,,5,,,
CompleteGumtreeMatcher,67,27,37,6,0,24,0,0,4,3,0,0.5,,500,,,,,1,,,
CompleteGumtreeMatcher,111,20,62,31,0,18,0,0,2,3,0,0.5,,500,,,,,2,,,
CompleteGumtreeMatcher,177,14,98,67,0,12,0,0,3,3,0,0.5,,500,,,,,3,,,
CompleteGumtreeMatcher,255,8,136,113,0,6,0,0,2,3,0,0.5,,500,,,,,4,,,
CompleteGumtreeMatcher,308,7,163,140,0,5,0,0,2,3,0,0.5,,500,,,,,5,,,
CompleteGumtreeMatcher,77,30,40,9,0,28,0,0,2,3,0,0.6,,500,,,,,1,,,
CompleteGumtreeMatcher,111,20,62,31,0,18,0,0,1,3,0,0.6,,500,,,,,2,,,
CompleteGumtreeMatcher,177,14,98,67,0,12,0,0,2,3,0,0.6,,500,,,,,3,,,
CompleteGumtreeMatcher,255,8,136,113,0,6,0,0,1,3,0,0.6,,500,,,,,4,,,
CompleteGumtreeMatcher,308,7,163,140,0,5,0,0,2,3,0,0.6,,500,,,,,5,,,
CompleteGumtreeMatcher,77,30,40,9,0,28,0,0,2,3,0,0.7,,500,,,,,1,,,
CompleteGumtreeMatcher,111,20,62,31,0,18,0,0,2,3,0,0.7,,500,,,,,2,,,
CompleteGumtreeMatcher,177,14,98,67,0,12,0,0,1,3,0,0.7,,500,,,,,3,,,
CompleteGumtreeMatcher,255,8,136,113,0,6,0,0,2,3,0,0.7,,500,,,,,4,,,
CompleteGumtreeMatcher,308,7,163,140,0,5,0,0,2,3,0,0.7,,500,,,,,5,,,
CompleteGumtreeMatcher,77,30,40,9,0,28,0,0,2,3,0,0.799,,500,,,,,1,,,
CompleteGumtreeMatcher,111,20,62,31,0,18,0,0,3,3,0,0.799,,500,,,,,2,,,
CompleteGumtreeMatcher,177,14,98,67,0,12,0,0,1,3,0,0.799,,500,,,,,3,,,
CompleteGumtreeMatcher,255,8,136,113,0,6,0,0,2,3,0,0.799,,500,,,,,4,,,
CompleteGumtreeMatcher,308,7,163,140,0,5,0,0,2,3,0,0.799,,500,,,,,5,,,
CompleteGumtreeMatcher,77,30,40,9,0,28,0,0,1,3,0,0.899,,500,,,,,1,,,
CompleteGumtreeMatcher,111,20,62,31,0,18,0,0,1,3,0,0.899,,500,,,,,2,,,
CompleteGumtreeMatcher,177,14,98,67,0,12,0,0,2,3,0,0.899,,500,,,,,3,,,
CompleteGumtreeMatcher,255,8,136,113,0,6,0,0,2,3,0,0.899,,500,,,,,4,,,
CompleteGumtreeMatcher,308,7,163,140,0,5,0,0,2,3,0,0.899,,500,,,,,5,,,
CompleteGumtreeMatcher,77,30,40,9,0,28,0,0,3,3,0,0.999,,500,,,,,1,,,
CompleteGumtreeMatcher,111,20,62,31,0,18,0,0,2,3,0,0.999,,500,,,,,2,,,
CompleteGumtreeMatcher,177,14,98,67,0,12,0,0,1,3,0,0.999,,500,,,,,3,,,
CompleteGumtreeMatcher,255,8,136,113,0,6,0,0,1,3,0,0.999,,500,,,,,4,,,
CompleteGumtreeMatcher,308,7,163,140,0,5,0,0,1,3,0,0.999,,500,,,,,5,,,
CompleteGumtreeMatcher,31,4,31,0,0,0,0,0,602,3,0,0.1,,600,,,,,1,,,
CompleteGumtreeMatcher,31,4,31,0,0,0,0,0,386,3,0,0.1,,600,,,,,2,,,
CompleteGumtreeMatcher,31,4,31,0,0,0,0,0,418,3,0,0.1,,600,,,,,3,,,
CompleteGumtreeMatcher,23,2,23,0,0,0,0,0,387,3,0,0.1,,600,,,,,4,,,
CompleteGumtreeMatcher,23,2,23,0,0,0,0,0,676,3,0,0.1,,600,,,,,5,,,
CompleteGumtreeMatcher,31,4,31,0,0,0,0,0,677,3,0,0.2,,600,,,,,1,,,
CompleteGumtreeMatcher,31,4,31,0,0,0,0,0,390,3,0,0.2,,600,,,,,2,,,
CompleteGumtreeMatcher,31,4,31,0,0,0,0,0,603,3,0,0.2,,600,,,,,3,,,
CompleteGumtreeMatcher,23,2,23,0,0,0,0,0,388,3,0,0.2,,600,,,,,4,,,
CompleteGumtreeMatcher,23,2,23,0,0,0,0,0,509,3,0,0.2,,600,,,,,5,,,
CompleteGumtreeMatcher,31,4,31,0,0,0,0,0,393,3,0,0.3,,600,,,,,1,,,
CompleteGumtreeMatcher,31,4,31,0,0,0,0,0,391,3,0,0.3,,600,,,,,2,,,
CompleteGumtreeMatcher,31,4,31,0,0,0,0,0,392,3,0,0.3,,600,,,,,3,,,
CompleteGumtreeMatcher,23,2,23,0,0,0,0,0,389,3,0,0.3,,600,,,,,4,,,
CompleteGumtreeMatcher,23,2,23,0,0,0,0,0,389,3,0,0.3,,600,,,,,5,,,
CompleteGumtreeMatcher,31,4,31,0,0,0,0,0,396,3,0,0.4,,600,,,,,1,,,
CompleteGumtreeMatcher,31,4,31,0,0,0,0,0,390,3,0,0.4,,600,,,,,2,,,
CompleteGumtreeMatcher,31,4,31,0,0,0,0,0,396,3,0,0.4,,600,,,,,3,,,
CompleteGumtreeMatcher,23,2,23,0,0,0,0,0,388,3,0,0.4,,600,,,,,4,,,
CompleteGumtreeMatcher,23,2,23,0,0,0,0,0,389,3,0,0.4,,600,,,,,5,,,
CompleteGumtreeMatcher,31,4,31,0,0,0,0,0,390,3,0,0.5,,600,,,,,1,,,
CompleteGumtreeMatcher,31,4,31,0,0,0,0,0,388,3,0,0.5,,600,,,,,2,,,
CompleteGumtreeMatcher,31,4,31,0,0,0,0,0,396,3,0,0.5,,600,,,,,3,,,
CompleteGumtreeMatcher,23,2,23,0,0,0,0,0,387,3,0,0.5,,600,,,,,4,,,
CompleteGumtreeMatcher,23,2,23,0,0,0,0,0,388,3,0,0.5,,600,,,,,5,,,
CompleteGumtreeMatcher,31,4,31,0,0,0,0,0,395,3,0,0.6,,600,,,,,1,,,
CompleteGumtreeMatcher,31,4,31,0,0,0,0,0,389,3,0,0.6,,600,,,,,2,,,
CompleteGumtreeMatcher,31,4,31,0,0,0,0,0,396,3,0,0.6,,600,,,,,3,,,
CompleteGumtreeMatcher,23,2,23,0,0,0,0,0,389,3,0,0.6,,600,,,,,4,,,
CompleteGumtreeMatcher,23,2,23,0,0,0,0,0,388,3,0,0.6,,600,,,,,5,,,
CompleteGumtreeMatcher,31,4,31,0,0,0,0,0,388,3,0,0.7,,600,,,,,1,,,
CompleteGumtreeMatcher,31,4,31,0,0,0,0,0,389,3,0,0.7,,600,,,,,2,,,
CompleteGumtreeMatcher,31,4,31,0,0,0,0,0,389,3,0,0.7,,600,,,,,3,,,
CompleteGumtreeMatcher,23,2,23,0,0,0,0,0,395,3,0,0.7,,600,,,,,4,,,
CompleteGumtreeMatcher,23,2,23,0,0,0,0,0,388,3,0,0.7,,600,,,,,5,,,
CompleteGumtreeMatcher,31,4,31,0,0,0,0,0,395,3,0,0.799,,600,,,,,1,,,
CompleteGumtreeMatcher,31,4,31,0,0,0,0,0,388,3,0,0.799,,600,,,,,2,,,
CompleteGumtreeMatcher,31,4,31,0,0,0,0,0,395,3,0,0.799,,600,,,,,3,,,
CompleteGumtreeMatcher,23,2,23,0,0,0,0,0,388,3,0,0.799,,600,,,,,4,,,
CompleteGumtreeMatcher,23,2,23,0,0,0,0,0,387,3,0,0.799,,600,,,,,5,,,
CompleteGumtreeMatcher,31,4,31,0,0,0,0,0,388,3,0,0.899,,600,,,,,1,,,
CompleteGumtreeMatcher,31,4,31,0,0,0,0,0,388,3,0,0.899,,600,,,,,2,,,
CompleteGumtreeMatcher,31,4,31,0,0,0,0,0,388,3,0,0.899,,600,,,,,3,,,
CompleteGumtreeMatcher,23,2,23,0,0,0,0,0,396,3,0,0.899,,600,,,,,4,,,
CompleteGumtreeMatcher,23,2,23,0,0,0,0,0,388,3,0,0.899,,600,,,,,5,,,
CompleteGumtreeMatcher,31,4,31,0,0,0,0,0,396,3,0,0.999,,600,,,,,1,,,
CompleteGumtreeMatcher,31,4,31,0,0,0,0,0,388,3,0,0.999,,600,,,,,2,,,
CompleteGumtreeMatcher,31,4,31,0,0,0,0,0,396,3,0,0.999,,600,,,,,3,,,
CompleteGumtreeMatcher,23,2,23,0,0,0,0,0,388,3,0,0.999,,600,,,,,4,,,
CompleteGumtreeMatcher,23,2,23,0,0,0,0,0,388,3,0,0.999,,600,,,,,5,,,
CompleteGumtreeMatcher,31,4,31,0,0,0,0,0,390,3,0,0.1,,700,,,,,1,,,
CompleteGumtreeMatcher,31,4,31,0,0,0,0,0,390,3,0,0.1,,700,,,,,2,,,
CompleteGumtreeMatcher,31,4,31,0,0,0,0,0,389,3,0,0.1,,700,,,,,3,,,
CompleteGumtreeMatcher,23,2,23,0,0,0,0,0,396,3,0,0.1,,700,,,,,4,,,
CompleteGumtreeMatcher,23,2,23,0,0,0,0,0,388,3,0,0.1,,700,,,,,5,,,
CompleteGumtreeMatcher,31,4,31,0,0,0,0,0,398,3,0,0.2,,700,,,,,1,,,
CompleteGumtreeMatcher,31,4,31,0,0,0,0,0,390,3,0,0.2,,700,,,,,2,,,
CompleteGumtreeMatcher,31,4,31,0,0,0,0,0,396,3,0,0.2,,700,,,,,3,,,
CompleteGumtreeMatcher,23,2,23,0,0,0,0,0,387,3,0,0.2,,700,,,,,4,,,
CompleteGumtreeMatcher,23,2,23,0,0,0,0,0,389,3,0,0.2,,700,,,,,5,,,
CompleteGumtreeMatcher,31,4,31,0,0,0,0,0,1373,3,0,0.3,,700,,,,,1,,,
CompleteGumtreeMatcher,31,4,31,0,0,0,0,0,1371,3,0,0.3,,700,,,,,2,,,
CompleteGumtreeMatcher,31,4,31,0,0,0,0,0,1371,3,0,0.3,,700,,,,,3,,,
CompleteGumtreeMatcher,23,2,23,0,0,0,0,0,1369,3,0,0.3,,700,,,,,4,,,
CompleteGumtreeMatcher,23,2,23,0,0,0,0,0,1386,3,0,0.3,,700,,,,,5,,,
CompleteGumtreeMatcher,31,4,31,0,0,0,0,0,1392,3,0,0.4,,700,,,,,1,,,
CompleteGumtreeMatcher,31,4,31,0,0,0,0,0,1373,3,0,0.4,,700,,,,,2,,,
CompleteGumtreeMatcher,31,4,31,0,0,0,0,0,1386,3,0,0.4,,700,,,,,3,,,
CompleteGumtreeMatcher,23,2,23,0,0,0,0,0,1370,3,0,0.4,,700,,,,,4,,,
CompleteGumtreeMatcher,23,2,23,0,0,0,0,0,1369,3,0,0.4,,700,,,,,5,,,
CompleteGumtreeMatcher,31,4,31,0,0,0,0,0,392,3,0,0.5,,700,,,,,1,,,
CompleteGumtreeMatcher,31,4,31,0,0,0,0,0,390,3,0,0.5,,700,,,,,2,,,
CompleteGumtreeMatcher,31,4,31,0,0,0,0,0,398,3,0,0.5,,700,,,,,3,,,
CompleteGumtreeMatcher,23,2,23,0,0,0,0,0,388,3,0,0.5,,700,,,,,4,,,
CompleteGumtreeMatcher,23,2,23,0,0,0,0,0,400,3,0,0.5,,700,,,,,5,,,
CompleteGumtreeMatcher,31,4,31,0,0,0,0,0,399,3,0,0.6,,700,,,,,1,,,
CompleteGumtreeMatcher,31,4,31,0,0,0,0,0,390,3,0,0.6,,700,,,,,2,,,
CompleteGumtreeMatcher,31,4,31,0,0,0,0,0,400,3,0,0.6,,700,,,,,3,,,
CompleteGumtreeMatcher,23,2,23,0,0,0,0,0,388,3,0,0.6,,700,,,,,4,,,
CompleteGumtreeMatcher,23,2,23,0,0,0,0,0,389,3,0,0.6,,700,,,,,5,,,
CompleteGumtreeMatcher,31,4,31,0,0,0,0,0,388,3,0,0.7,,700,,,,,1,,,
CompleteGumtreeMatcher,31,4,31,0,0,0,0,0,388,3,0,0.7,,700,,,,,2,,,
CompleteGumtreeMatcher,31,4,31,0,0,0,0,0,399,3,0,0.7,,700,,,,,3,,,
CompleteGumtreeMatcher,23,2,23,0,0,0,0,0,388,3,0,0.7,,700,,,,,4,,,
CompleteGumtreeMatcher,23,2,23,0,0,0,0,0,398,3,0,0.7,,700,,,,,5,,,
CompleteGumtreeMatcher,31,4,31,0,0,0,0,0,399,3,0,0.799,,700,,,,,1,,,
CompleteGumtreeMatcher,31,4,31,0,0,0,0,0,387,3,0,0.799,,700,,,,,2,,,
CompleteGumtreeMatcher,31,4,31,0,0,0,0,0,400,3,0,0.799,,700,,,,,3,,,
CompleteGumtreeMatcher,23,2,23,0,0,0,0,0,388,3,0,0.799,,700,,,,,4,,,
CompleteGumtreeMatcher,23,2,23,0,0,0,0,0,388,3,0,0.799,,700,,,,,5,,,
CompleteGumtreeMatcher,31,4,31,0,0,0,0,0,388,3,0,0.899,,700,,,,,1,,,
CompleteGumtreeMatcher,31,4,31,0,0,0,0,0,390,3,0,0.899,,700,,,,,2,,,
CompleteGumtreeMatcher,31,4,31,0,0,0,0,0,400,3,0,0.899,,700,,,,,3,,,
CompleteGumtreeMatcher,23,2,23,0,0,0,0,0,388,3,0,0.899,,700,,,,,4,,,
CompleteGumtreeMatcher,23,2,23,0,0,0,0,0,401,3,0,0.899,,700,,,,,5,,,
CompleteGumtreeMatcher,31,4,31,0,0,0,0,0,398,3,0,0.999,,700,,,,,1,,,
CompleteGumtreeMatcher,31,4,31,0,0,0,0,0,388,3,0,0.999,,700,,,,,2,,,
CompleteGumtreeMatcher,31,4,31,0,0,0,0,0,388,3,0,0.999,,700,,,,,3,,,
CompleteGumtreeMatcher,23,2,23,0,0,0,0,0,388,3,0,0.999,,700,,,,,4,,,
CompleteGumtreeMatcher,23,2,23,0,0,0,0,0,398,3,0,0.999,,700,,,,,5,,,
CompleteGumtreeMatcher,31,4,31,0,0,0,0,0,390,3,0,0.1,,800,,,,,1,,,
CompleteGumtreeMatcher,31,4,31,0,0,0,0,0,390,3,0,0.1,,800,,,,,2,,,
CompleteGumtreeMatcher,31,4,31,0,0,0,0,0,389,3,0,0.1,,800,,,,,3,,,
CompleteGumtreeMatcher,23,2,23,0,0,0,0,0,399,3,0,0.1,,800,,,,,4,,,
CompleteGumtreeMatcher,23,2,23,0,0,0,0,0,398,3,0,0.1,,800,,,,,5,,,
CompleteGumtreeMatcher,31,4,31,0,0,0,0,0,396,3,0,0.2,,800,,,,,1,,,
CompleteGumtreeMatcher,31,4,31,0,0,0,0,0,391,3,0,0.2,,800,,,,,2,,,
CompleteGumtreeMatcher,31,4,31,0,0,0,0,0,391,3,0,0.2,,800,,,,,3,,,
CompleteGumtreeMatcher,23,2,23,0,0,0,0,0,389,3,0,0.2,,800,,,,,4,,,
CompleteGumtreeMatcher,23,2,23,0,0,0,0,0,394,3,0,0.2,,800,,,,,5,,,
CompleteGumtreeMatcher,31,4,31,0,0,0,0,0,391,3,0,0.3,,800,,,,,1,,,
CompleteGumtreeMatcher,31,4,31,0,0,0,0,0,390,3,0,0.3,,800,,,,,2,,,
CompleteGumtreeMatcher,31,4,31,0,0,0,0,0,414,3,0,0.3,,800,,,,,3,,,
CompleteGumtreeMatcher,23,2,23,0,0,0,0,0,391,3,0,0.3,,800,,,,,4,,,
CompleteGumtreeMatcher,23,2,23,0,0,0,0,0,390,3,0,0.3,,800,,,,,5,,,
CompleteGumtreeMatcher,31,4,31,0,0,0,0,0,391,3,0,0.4,,800,,,,,1,,,
CompleteGumtreeMatcher,31,4,31,0,0,0,0,0,391,3,0,0.4,,800,,,,,2,,,
CompleteGumtreeMatcher,31,4,31,0,0,0,0,0,389,3,0,0.4,,800,,,,,3,,,
CompleteGumtreeMatcher,23,2,23,0,0,0,0,0,389,3,0,0.4,,800,,,,,4,,,
CompleteGumtreeMatcher,23,2,23,0,0,0,0,0,389,3,0,0.4,,800,,,,,5,,,
CompleteGumtreeMatcher,31,4,31,0,0,0,0,0,391,3,0,0.5,,800,,,,,1,,,
CompleteGumtreeMatcher,31,4,31,0,0,0,0,0,390,3,0,0.5,,800,,,,,2,,,
CompleteGumtreeMatcher,31,4,31,0,0,0,0,0,388,3,0,0.5,,800,,,,,3,,,
CompleteGumtreeMatcher,23,2,23,0,0,0,0,0,388,3,0,0.5,,800,,,,,4,,,
CompleteGumtreeMatcher,23,2,23,0,0,0,0,0,388,3,0,0.5,,800,,,,,5,,,
CompleteGumtreeMatcher,31,4,31,0,0,0,0,0,389,3,0,0.6,,800,,,,,1,,,
CompleteGumtreeMatcher,31,4,31,0,0,0,0,0,389,3,0,0.6,,800,,,,,2,,,
CompleteGumtreeMatcher,31,4,31,0,0,0,0,0,389,3,0,0.6,,800,,,,,3,,,
CompleteGumtreeMatcher,23,2,23,0,0,0,0,0,390,3,0,0.6,,800,,,,,4,,,
CompleteGumtreeMatcher,23,2,23,0,0,0,0,0,388,3,0,0.6,,800,,,,,5,,,
CompleteGumtreeMatcher,31,4,31,0,0,0,0,0,389,3,0,0.7,,800,,,,,1,,,
CompleteGumtreeMatcher,31,4,31,0,0,0,0,0,388,3,0,0.7,,800,,,,,2,,,
CompleteGumtreeMatcher,31,4,31,0,0,0,0,0,390,3,0,0.7,,800,,,,,3,,,
CompleteGumtreeMatcher,23,2,23,0,0,0,0,0,389,3,0,0.7,,800,,,,,4,,,
CompleteGumtreeMatcher,23,2,23,0,0,0,0,0,389,3,0,0.7,,800,,,,,5,,,
CompleteGumtreeMatcher,31,4,31,0,0,0,0,0,389,3,0,0.799,,800,,,,,1,,,
CompleteGumtreeMatcher,31,4,31,0,0,0,0,0,389,3,0,0.799,,800,,,,,2,,,
CompleteGumtreeMatcher,31,4,31,0,0,0,0,0,389,3,0,0.799,,800,,,,,3,,,
CompleteGumtreeMatcher,23,2,23,0,0,0,0,0,389,3,0,0.799,,800,,,,,4,,,
CompleteGumtreeMatcher,23,2,23,0,0,0,0,0,389,3,0,0.799,,800,,,,,5,,,
CompleteGumtreeMatcher,31,4,31,0,0,0,0,0,389,3,0,0.899,,800,,,,,1,,,
CompleteGumtreeMatcher,31,4,31,0,0,0,0,0,389,3,0,0.899,,800,,,,,2,,,
CompleteGumtreeMatcher,31,4,31,0,0,0,0,0,390,3,0,0.899,,800,,,,,3,,,
CompleteGumtreeMatcher,23,2,23,0,0,0,0,0,388,3,0,0.899,,800,,,,,4,,,
CompleteGumtreeMatcher,23,2,23,0,0,0,0,0,389,3,0,0.899,,800,,,,,5,,,
CompleteGumtreeMatcher,31,4,31,0,0,0,0,0,388,3,0,0.999,,800,,,,,1,,,
CompleteGumtreeMatcher,31,4,31,0,0,0,0,0,389,3,0,0.999,,800,,,,,2,,,
CompleteGumtreeMatcher,31,4,31,0,0,0,0,0,388,3,0,0.999,,800,,,,,3,,,
CompleteGumtreeMatcher,23,2,23,0,0,0,0,0,388,3,0,0.999,,800,,,,,4,,,
CompleteGumtreeMatcher,23,2,23,0,0,0,0,0,389,3,0,0.999,,800,,,,,5,,,
CompleteGumtreeMatcher,31,4,31,0,0,0,0,0,390,3,0,0.1,,900,,,,,1,,,
CompleteGumtreeMatcher,31,4,31,0,0,0,0,0,390,3,0,0.1,,900,,,,,2,,,
CompleteGumtreeMatcher,31,4,31,0,0,0,0,0,390,3,0,0.1,,900,,,,,3,,,
CompleteGumtreeMatcher,23,2,23,0,0,0,0,0,389,3,0,0.1,,900,,,,,4,,,
CompleteGumtreeMatcher,23,2,23,0,0,0,0,0,389,3,0,0.1,,900,,,,,5,,,
CompleteGumtreeMatcher,31,4,31,0,0,0,0,0,594,3,0,0.2,,900,,,,,1,,,
CompleteGumtreeMatcher,31,4,31,0,0,0,0,0,598,3,0,0.2,,900,,,,,2,,,
CompleteGumtreeMatcher,31,4,31,0,0,0,0,0,598,3,0,0.2,,900,,,,,3,,,
CompleteGumtreeMatcher,23,2,23,0,0,0,0,0,593,3,0,0.2,,900,,,,,4,,,
CompleteGumtreeMatcher,23,2,23,0,0,0,0,0,597,3,0,0.2,,900,,,,,5,,,
CompleteGumtreeMatcher,31,4,31,0,0,0,0,0,598,3,0,0.3,,900,,,,,1,,,
CompleteGumtreeMatcher,31,4,31,0,0,0,0,0,599,3,0,0.3,,900,,,,,2,,,
CompleteGumtreeMatcher,31,4,31,0,0,0,0,0,596,3,0,0.3,,900,,,,,3,,,
CompleteGumtreeMatcher,23,2,23,0,0,0,0,0,597,3,0,0.3,,900,,,,,4,,,
CompleteGumtreeMatcher,23,2,23,0,0,0,0,0,599,3,0,0.3,,900,,,,,5,,,
CompleteGumtreeMatcher,31,4,31,0,0,0,0,0,391,3,0,0.4,,900,,,,,1,,,
CompleteGumtreeMatcher,31,4,31,0,0,0,0,0,394,3,0,0.4,,900,,,,,2,,,
CompleteGumtreeMatcher,31,4,31,0,0,0,0,0,390,3,0,0.4,,900,,,,,3,,,
CompleteGumtreeMatcher,23,2,23,0,0,0,0,0,390,3,0,0.4,,900,,,,,4,,,
CompleteGumtreeMatcher,23,2,23,0,0,0,0,0,390,3,0,0.4,,900,,,,,5,,,
CompleteGumtreeMatcher,31,4,31,0,0,0,0,0,392,3,0,0.5,,900,,,,,1,,,
CompleteGumtreeMatcher,31,4,31,0,0,0,0,0,390,3,0,0.5,,900,,,,,2,,,
CompleteGumtreeMatcher,31,4,31,0,0,0,0,0,388,3,0,0.5,,900,,,,,3,,,
CompleteGumtreeMatcher,23,2,23,0,0,0,0,0,388,3,0,0.5,,900,,,,,4,,,
CompleteGumtreeMatcher,23,2,23,0,0,0,0,0,388,3,0,0.5,,900,,,,,5,,,
CompleteGumtreeMatcher,31,4,31,0,0,0,0,0,388,3,0,0.6,,900,,,,,1,,,
CompleteGumtreeMatcher,31,4,31,0,0,0,0,0,389,3,0,0.6,,900,,,,,2,,,
CompleteGumtreeMatcher,31,4,31,0,0,0,0,0,389,3,0,0.6,,900,,,,,3,,,
CompleteGumtreeMatcher,23,2,23,0,0,0,0,0,389,3,0,0.6,,900,,,,,4,,,
CompleteGumtreeMatcher,23,2,23,0,0,0,0,0,388,3,0,0.6,,900,,,,,5,,,
CompleteGumtreeMatcher,31,4,31,0,0,0,0,0,389,3,0,0.7,,900,,,,,1,,,
CompleteGumtreeMatcher,31,4,31,0,0,0,0,0,389,3,0,0.7,,900,,,,,2,,,
CompleteGumtreeMatcher,31,4,31,0,0,0,0,0,389,3,0,0.7,,900,,,,,3,,,
CompleteGumtreeMatcher,23,2,23,0,0,0,0,0,389,3,0,0.7,,900,,,,,4,,,
CompleteGumtreeMatcher,23,2,23,0,0,0,0,0,389,3,0,0.7,,900,,,,,5,,,
CompleteGumtreeMatcher,31,4,31,0,0,0,0,0,388,3,0,0.799,,900,,,,,1,,,
CompleteGumtreeMatcher,31,4,31,0,0,0,0,0,388,3,0,0.799,,900,,,,,2,,,
CompleteGumtreeMatcher,31,4,31,0,0,0,0,0,388,3,0,0.799,,900,,,,,3,,,
CompleteGumtreeMatcher,23,2,23,0,0,0,0,0,388,3,0,0.799,,900,,,,,4,,,
CompleteGumtreeMatcher,23,2,23,0,0,0,0,0,389,3,0,0.799,,900,,,,,5,,,
CompleteGumtreeMatcher,31,4,31,0,0,0,0,0,389,3,0,0.899,,900,,,,,1,,,
CompleteGumtreeMatcher,31,4,31,0,0,0,0,0,390,3,0,0.899,,900,,,,,2,,,
CompleteGumtreeMatcher,31,4,31,0,0,0,0,0,389,3,0,0.899,,900,,,,,3,,,
CompleteGumtreeMatcher,23,2,23,0,0,0,0,0,389,3,0,0.899,,900,,,,,4,,,
CompleteGumtreeMatcher,23,2,23,0,0,0,0,0,389,3,0,0.899,,900,,,,,5,,,
CompleteGumtreeMatcher,31,4,31,0,0,0,0,0,389,3,0,0.999,,900,,,,,1,,,
CompleteGumtreeMatcher,31,4,31,0,0,0,0,0,388,3,0,0.999,,900,,,,,2,,,
CompleteGumtreeMatcher,31,4,31,0,0,0,0,0,390,3,0,0.999,,900,,,,,3,,,
CompleteGumtreeMatcher,23,2,23,0,0,0,0,0,390,3,0,0.999,,900,,,,,4,,,
CompleteGumtreeMatcher,23,2,23,0,0,0,0,0,388,3,0,0.999,,900,,,,,5,,,
CompleteGumtreeMatcher,31,4,31,0,0,0,0,0,391,3,0,0.1,,1000,,,,,1,,,
CompleteGumtreeMatcher,31,4,31,0,0,0,0,0,391,3,0,0.1,,1000,,,,,2,,,
CompleteGumtreeMatcher,31,4,31,0,0,0,0,0,390,3,0,0.1,,1000,,,,,3,,,
CompleteGumtreeMatcher,23,2,23,0,0,0,0,0,388,3,0,0.1,,1000,,,,,4,,,
CompleteGumtreeMatcher,23,2,23,0,0,0,0,0,388,3,0,0.1,,1000,,,,,5,,,
CompleteGumtreeMatcher,31,4,31,0,0,0,0,0,390,3,0,0.2,,1000,,,,,1,,,
CompleteGumtreeMatcher,31,4,31,0,0,0,0,0,391,3,0,0.2,,1000,,,,,2,,,
CompleteGumtreeMatcher,31,4,31,0,0,0,0,0,391,3,0,0.2,,1000,,,,,3,,,
CompleteGumtreeMatcher,23,2,23,0,0,0,0,0,388,3,0,0.2,,1000,,,,,4,,,
CompleteGumtreeMatcher,23,2,23,0,0,0,0,0,388,3,0,0.2,,1000,,,,,5,,,
CompleteGumtreeMatcher,31,4,31,0,0,0,0,0,390,3,0,0.3,,1000,,,,,1,,,
CompleteGumtreeMatcher,31,4,31,0,0,0,0,0,390,3,0,0.3,,1000,,,,,2,,,
CompleteGumtreeMatcher,31,4,31,0,0,0,0,0,391,3,0,0.3,,1000,,,,,3,,,
CompleteGumtreeMatcher,23,2,23,0,0,0,0,0,389,3,0,0.3,,1000,,,,,4,,,
CompleteGumtreeMatcher,23,2,23,0,0,0,0,0,388,3,0,0.3,,1000,,,,,5,,,
CompleteGumtreeMatcher,31,4,31,0,0,0,0,0,391,3,0,0.4,,1000,,,,,1,,,
CompleteGumtreeMatcher,31,4,31,0,0,0,0,0,390,3,0,0.4,,1000,,,,,2,,,
CompleteGumtreeMatcher,31,4,31,0,0,0,0,0,389,3,0,0.4,,1000,,,,,3,,,
CompleteGumtreeMatcher,23,2,23,0,0,0,0,0,390,3,0,0.4,,1000,,,,,4,,,
CompleteGumtreeMatcher,23,2,23,0,0,0,0,0,388,3,0,0.4,,1000,,,,,5,,,
CompleteGumtreeMatcher,31,4,31,0,0,0,0,0,392,3,0,0.5,,1000,,,,,1,,,
CompleteGumtreeMatcher,31,4,31,0,0,0,0,0,390,3,0,0.5,,1000,,,,,2,,,
CompleteGumtreeMatcher,31,4,31,0,0,0,0,0,389,3,0,0.5,,1000,,,,,3,,,
CompleteGumtreeMatcher,23,2,23,0,0,0,0,0,390,3,0,0.5,,1000,,,,,4,,,
CompleteGumtreeMatcher,23,2,23,0,0,0,0,0,388,3,0,0.5,,1000,,,,,5,,,
CompleteGumtreeMatcher,31,4,31,0,0,0,0,0,389,3,0,0.6,,1000,,,,,1,,,
CompleteGumtreeMatcher,31,4,31,0,0,0,0,0,389,3,0,0.6,,1000,,,,,2,,,
CompleteGumtreeMatcher,31,4,31,0,0,0,0,0,389,3,0,0.6,,1000,,,,,3,,,
CompleteGumtreeMatcher,23,2,23,0,0,0,0,0,389,3,0,0.6,,1000,,,,,4,,,
CompleteGumtreeMatcher,23,2,23,0,0,0,0,0,388,3,0,0.6,,1000,,,,,5,,,
CompleteGumtreeMatcher,31,4,31,0,0,0,0,0,389,3,0,0.7,,1000,,,,,1,,,
CompleteGumtreeMatcher,31,4,31,0,0,0,0,0,388,3,0,0.7,,1000,,,,,2,,,
CompleteGumtreeMatcher,31,4,31,0,0,0,0,0,389,3,0,0.7,,1000,,,,,3,,,
CompleteGumtreeMatcher,23,2,23,0,0,0,0,0,390,3,0,0.7,,1000,,,,,4,,,
CompleteGumtreeMatcher,23,2,23,0,0,0,0,0,388,3,0,0.7,,1000,,,,,5,,,
CompleteGumtreeMatcher,31,4,31,0,0,0,0,0,388,3,0,0.799,,1000,,,,,1,,,
CompleteGumtreeMatcher,31,4,31,0,0,0,0,0,389,3,0,0.799,,1000,,,,,2,,,
CompleteGumtreeMatcher,31,4,31,0,0,0,0,0,388,3,0,0.799,,1000,,,,,3,,,
CompleteGumtreeMatcher,23,2,23,0,0,0,0,0,389,3,0,0.799,,1000,,,,,4,,,
CompleteGumtreeMatcher,23,2,23,0,0,0,0,0,389,3,0,0.799,,1000,,,,,5,,,
CompleteGumtreeMatcher,31,4,31,0,0,0,0,0,388,3,0,0.899,,1000,,,,,1,,,
CompleteGumtreeMatcher,31,4,31,0,0,0,0,0,388,3,0,0.899,,1000,,,,,2,,,
CompleteGumtreeMatcher,31,4,31,0,0,0,0,0,389,3,0,0.899,,1000,,,,,3,,,
CompleteGumtreeMatcher,23,2,23,0,0,0,0,0,389,3,0,0.899,,1000,,,,,4,,,
CompleteGumtreeMatcher,23,2,23,0,0,0,0,0,389,3,0,0.899,,1000,,,,,5,,,
CompleteGumtreeMatcher,31,4,31,0,0,0,0,0,437,3,0,0.999,,1000,,,,,1,,,
CompleteGumtreeMatcher,31,4,31,0,0,0,0,0,438,3,0,0.999,,1000,,,,,2,,,
CompleteGumtreeMatcher,31,4,31,0,0,0,0,0,439,3,0,0.999,,1000,,,,,3,,,
CompleteGumtreeMatcher,23,2,23,0,0,0,0,0,437,3,0,0.999,,1000,,,,,4,,,
CompleteGumtreeMatcher,23,2,23,0,0,0,0,0,438,3,0,0.999,,1000,,,,,5,,,
CompleteGumtreeMatcher,31,4,31,0,0,0,0,0,443,3,0,0.1,,1100,,,,,1,,,
CompleteGumtreeMatcher,31,4,31,0,0,0,0,0,442,3,0,0.1,,1100,,,,,2,,,
CompleteGumtreeMatcher,31,4,31,0,0,0,0,0,442,3,0,0.1,,1100,,,,,3,,,
CompleteGumtreeMatcher,23,2,23,0,0,0,0,0,438,3,0,0.1,,1100,,,,,4,,,
CompleteGumtreeMatcher,23,2,23,0,0,0,0,0,440,3,0,0.1,,1100,,,,,5,,,
CompleteGumtreeMatcher,31,4,31,0,0,0,0,0,392,3,0,0.2,,1100,,,,,1,,,
CompleteGumtreeMatcher,31,4,31,0,0,0,0,0,392,3,0,0.2,,1100,,,,,2,,,
CompleteGumtreeMatcher,31,4,31,0,0,0,0,0,390,3,0,0.2,,1100,,,,,3,,,
CompleteGumtreeMatcher,23,2,23,0,0,0,0,0,390,3,0,0.2,,1100,,,,,4,,,
CompleteGumtreeMatcher,23,2,23,0,0,0,0,0,388,3,0,0.2,,1100,,,,,5,,,
CompleteGumtreeMatcher,31,4,31,0,0,0,0,0,391,3,0,0.3,,1100,,,,,1,,,
CompleteGumtreeMatcher,31,4,31,0,0,0,0,0,390,3,0,0.3,,1100,,,,,2,,,
CompleteGumtreeMatcher,31,4,31,0,0,0,0,0,390,3,0,0.3,,1100,,,,,3,,,
CompleteGumtreeMatcher,23,2,23,0,0,0,0,0,389,3,0,0.3,,1100,,,,,4,,,
CompleteGumtreeMatcher,23,2,23,0,0,0,0,0,389,3,0,0.3,,1100,,,,,5,,,
CompleteGumtreeMatcher,31,4,31,0,0,0,0,0,391,3,0,0.4,,1100,,,,,1,,,
CompleteGumtreeMatcher,31,4,31,0,0,0,0,0,390,3,0,0.4,,1100,,,,,2,,,
CompleteGumtreeMatcher,31,4,31,0,0,0,0,0,389,3,0,0.4,,1100,,,,,3,,,
CompleteGumtreeMatcher,23,2,23,0,0,0,0,0,390,3,0,0.4,,1100,,,,,4,,,
CompleteGumtreeMatcher,23,2,23,0,0,0,0,0,389,3,0,0.4,,1100,,,,,5,,,
CompleteGumtreeMatcher,31,4,31,0,0,0,0,0,391,3,0,0.5,,1100,,,,,1,,,
CompleteGumtreeMatcher,31,4,31,0,0,0,0,0,389,3,0,0.5,,1100,,,,,2,,,
CompleteGumtreeMatcher,31,4,31,0,0,0,0,0,388,3,0,0.5,,1100,,,,,3,,,
CompleteGumtreeMatcher,23,2,23,0,0,0,0,0,389,3,0,0.5,,1100,,,,,4,,,
CompleteGumtreeMatcher,23,2,23,0,0,0,0,0,389,3,0,0.5,,1100,,,,,5,,,
CompleteGumtreeMatcher,31,4,31,0,0,0,0,0,388,3,0,0.6,,1100,,,,,1,,,
CompleteGumtreeMatcher,31,4,31,0,0,0,0,0,389,3,0,0.6,,1100,,,,,2,,,
CompleteGumtreeMatcher,31,4,31,0,0,0,0,0,388,3,0,0.6,,1100,,,,,3,,,
CompleteGumtreeMatcher,23,2,23,0,0,0,0,0,388,3,0,0.6,,1100,,,,,4,,,
CompleteGumtreeMatcher,23,2,23,0,0,0,0,0,390,3,0,0.6,,1100,,,,,5,,,
CompleteGumtreeMatcher,31,4,31,0,0,0,0,0,388,3,0,0.7,,1100,,,,,1,,,
CompleteGumtreeMatcher,31,4,31,0,0,0,0,0,389,3,0,0.7,,1100,,,,,2,,,
CompleteGumtreeMatcher,31,4,31,0,0,0,0,0,389,3,0,0.7,,1100,,,,,3,,,
CompleteGumtreeMatcher,23,2,23,0,0,0,0,0,389,3,0,0.7,,1100,,,,,4,,,
CompleteGumtreeMatcher,23,2,23,0,0,0,0,0,388,3,0,0.7,,1100,,,,,5,,,
CompleteGumtreeMatcher,31,4,31,0,0,0,0,0,389,3,0,0.799,,1100,,,,,1,,,
CompleteGumtreeMatcher,31,4,31,0,0,0,0,0,389,3,0,0.799,,1100,,,,,2,,,
CompleteGumtreeMatcher,31,4,31,0,0,0,0,0,389,3,0,0.799,,1100,,,,,3,,,
CompleteGumtreeMatcher,23,2,23,0,0,0,0,0,390,3,0,0.799,,1100,,,,,4,,,
CompleteGumtreeMatcher,23,2,23,0,0,0,0,0,389,3,0,0.799,,1100,,,,,5,,,
CompleteGumtreeMatcher,31,4,31,0,0,0,0,0,390,3,0,0.899,,1100,,,,,1,,,
CompleteGumtreeMatcher,31,4,31,0,0,0,0,0,388,3,0,0.899,,1100,,,,,2,,,
CompleteGumtreeMatcher,31,4,31,0,0,0,0,0,389,3,0,0.899,,1100,,,,,3,,,
CompleteGumtreeMatcher,23,2,23,0,0,0,0,0,389,3,0,0.899,,1100,,,,,4,,,
CompleteGumtreeMatcher,23,2,23,0,0,0,0,0,388,3,0,0.899,,1100,,,,,5,,,
CompleteGumtreeMatcher,31,4,31,0,0,0,0,0,389,3,0,0.999,,1100,,,,,1,,,
CompleteGumtreeMatcher,31,4,31,0,0,0,0,0,389,3,0,0.999,,1100,,,,,2,,,
CompleteGumtreeMatcher,31,4,31,0,0,0,0,0,389,3,0,0.999,,1100,,,,,3,,,
CompleteGumtreeMatcher,23,2,23,0,0,0,0,0,389,3,0,0.999,,1100,,,,,4,,,
CompleteGumtreeMatcher,23,2,23,0,0,0,0,0,388,3,0,0.999,,1100,,,,,5,,,
CompleteGumtreeMatcher,31,4,31,0,0,0,0,0,391,3,0,0.1,,1200,,,,,1,,,
CompleteGumtreeMatcher,31,4,31,0,0,0,0,0,391,3,0,0.1,,1200,,,,,2,,,
CompleteGumtreeMatcher,31,4,31,0,0,0,0,0,391,3,0,0.1,,1200,,,,,3,,,
CompleteGumtreeMatcher,23,2,23,0,0,0,0,0,388,3,0,0.1,,1200,,,,,4,,,
CompleteGumtreeMatcher,23,2,23,0,0,0,0,0,389,3,0,0.1,,1200,,,,,5,,,
CompleteGumtreeMatcher,31,4,31,0,0,0,0,0,391,3,0,0.2,,1200,,,,,1,,,
CompleteGumtreeMatcher,31,4,31,0,0,0,0,0,390,3,0,0.2,,1200,,,,,2,,,
CompleteGumtreeMatcher,31,4,31,0,0,0,0,0,390,3,0,0.2,,1200,,,,,3,,,
CompleteGumtreeMatcher,23,2,23,0,0,0,0,0,389,3,0,0.2,,1200,,,,,4,,,
CompleteGumtreeMatcher,23,2,23,0,0,0,0,0,389,3,0,0.2,,1200,,,,,5,,,
CompleteGumtreeMatcher,31,4,31,0,0,0,0,0,391,3,0,0.3,,1200,,,,,1,,,
CompleteGumtreeMatcher,31,4,31,0,0,0,0,0,391,3,0,0.3,,1200,,,,,2,,,
CompleteGumtreeMatcher,31,4,31,0,0,0,0,0,391,3,0,0.3,,1200,,,,,3,,,
CompleteGumtreeMatcher,23,2,23,0,0,0,0,0,388,3,0,0.3,,1200,,,,,4,,,
CompleteGumtreeMatcher,23,2,23,0,0,0,0,0,390,3,0,0.3,,1200,,,,,5,,,
CompleteGumtreeMatcher,31,4,31,0,0,0,0,0,391,3,0,0.4,,1200,,,,,1,,,
CompleteGumtreeMatcher,31,4,31,0,0,0,0,0,392,3,0,0.4,,1200,,,,,2,,,
CompleteGumtreeMatcher,31,4,31,0,0,0,0,0,389,3,0,0.4,,1200,,,,,3,,,
CompleteGumtreeMatcher,23,2,23,0,0,0,0,0,389,3,0,0.4,,1200,,,,,4,,,
CompleteGumtreeMatcher,23,2,23,0,0,0,0,0,388,3,0,0.4,,1200,,,,,5,,,
CompleteGumtreeMatcher,31,4,31,0,0,0,0,0,390,3,0,0.5,,1200,,,,,1,,,
CompleteGumtreeMatcher,31,4,31,0,0,0,0,0,388,3,0,0.5,,1200,,,,,2,,,
CompleteGumtreeMatcher,31,4,31,0,0,0,0,0,389,3,0,0.5,,1200,,,,,3,,,
CompleteGumtreeMatcher,23,2,23,0,0,0,0,0,390,3,0,0.5,,1200,,,,,4,,,
CompleteGumtreeMatcher,23,2,23,0,0,0,0,0,389,3,0,0.5,,1200,,,,,5,,,
CompleteGumtreeMatcher,31,4,31,0,0,0,0,0,389,3,0,0.6,,1200,,,,,1,,,
CompleteGumtreeMatcher,31,4,31,0,0,0,0,0,388,3,0,0.6,,1200,,,,,2,,,
CompleteGumtreeMatcher,31,4,31,0,0,0,0,0,389,3,0,0.6,,1200,,,,,3,,,
CompleteGumtreeMatcher,23,2,23,0,0,0,0,0,389,3,0,0.6,,1200,,,,,4,,,
CompleteGumtreeMatcher,23,2,23,0,0,0,0,0,389,3,0,0.6,,1200,,,,,5,,,
CompleteGumtreeMatcher,31,4,31,0,0,0,0,0,390,3,0,0.7,,1200,,,,,1,,,
CompleteGumtreeMatcher,31,4,31,0,0,0,0,0,390,3,0,0.7,,1200,,,,,2,,,
CompleteGumtreeMatcher,31,4,31,0,0,0,0,0,390,3,0,0.7,,1200,,,,,3,,,
CompleteGumtreeMatcher,23,2,23,0,0,0,0,0,389,3,0,0.7,,1200,,,,,4,,,
CompleteGumtreeMatcher,23,2,23,0,0,0,0,0,389,3,0,0.7,,1200,,,,,5,,,
CompleteGumtreeMatcher,31,4,31,0,0,0,0,0,389,3,0,0.799,,1200,,,,,1,,,
CompleteGumtreeMatcher,31,4,31,0,0,0,0,0,390,3,0,0.799,,1200,,,,,2,,,
CompleteGumtreeMatcher,31,4,31,0,0,0,0,0,391,3,0,0.799,,1200,,,,,3,,,
CompleteGumtreeMatcher,23,2,23,0,0,0,0,0,390,3,0,0.799,,1200,,,,,4,,,
CompleteGumtreeMatcher,23,2,23,0,0,0,0,0,389,3,0,0.799,,1200,,,,,5,,,
CompleteGumtreeMatcher,31,4,31,0,0,0,0,0,650,3,0,0.899,,1200,,,,,1,,,
CompleteGumtreeMatcher,31,4,31,0,0,0,0,0,649,3,0,0.899,,1200,,,,,2,,,
CompleteGumtreeMatcher,31,4,31,0,0,0,0,0,651,3,0,0.899,,1200,,,,,3,,,
CompleteGumtreeMatcher,23,2,23,0,0,0,0,0,645,3,0,0.899,,1200,,,,,4,,,
CompleteGumtreeMatcher,23,2,23,0,0,0,0,0,647,3,0,0.899,,1200,,,,,5,,,
CompleteGumtreeMatcher,31,4,31,0,0,0,0,0,645,3,0,0.999,,1200,,,,,1,,,
CompleteGumtreeMatcher,31,4,31,0,0,0,0,0,651,3,0,0.999,,1200,,,,,2,,,
CompleteGumtreeMatcher,31,4,31,0,0,0,0,0,646,3,0,0.999,,1200,,,,,3,,,
CompleteGumtreeMatcher,23,2,23,0,0,0,0,0,645,3,0,0.999,,1200,,,,,4,,,
CompleteGumtreeMatcher,23,2,23,0,0,0,0,0,650,3,0,0.999,,1200,,,,,5,,,
CompleteGumtreeMatcher,31,4,31,0,0,0,0,0,397,3,0,0.1,,1300,,,,,1,,,
CompleteGumtreeMatcher,31,4,31,0,0,0,0,0,399,3,0,0.1,,1300,,,,,2,,,
CompleteGumtreeMatcher,31,4,31,0,0,0,0,0,391,3,0,0.1,,1300,,,,,3,,,
CompleteGumtreeMatcher,23,2,23,0,0,0,0,0,395,3,0,0.1,,1300,,,,,4,,,
CompleteGumtreeMatcher,23,2,23,0,0,0,0,0,388,3,0,0.1,,1300,,,,,5,,,
CompleteGumtreeMatcher,31,4,31,0,0,0,0,0,389,3,0,0.2,,1300,,,,,1,,,
CompleteGumtreeMatcher,31,4,31,0,0,0,0,0,390,3,0,0.2,,1300,,,,,2,,,
CompleteGumtreeMatcher,31,4,31,0,0,0,0,0,391,3,0,0.2,,1300,,,,,3,,,
CompleteGumtreeMatcher,23,2,23,0,0,0,0,0,390,3,0,0.2,,1300,,,,,4,,,
CompleteGumtreeMatcher,23,2,23,0,0,0,0,0,388,3,0,0.2,,1300,,,,,5,,,
CompleteGumtreeMatcher,31,4,31,0,0,0,0,0,393,3,0,0.3,,1300,,,,,1,,,
CompleteGumtreeMatcher,31,4,31,0,0,0,0,0,393,3,0,0.3,,1300,,,,,2,,,
CompleteGumtreeMatcher,31,4,31,0,0,0,0,0,390,3,0,0.3,,1300,,,,,3,,,
CompleteGumtreeMatcher,23,2,23,0,0,0,0,0,391,3,0,0.3,,1300,,,,,4,,,
CompleteGumtreeMatcher,23,2,23,0,0,0,0,0,388,3,0,0.3,,1300,,,,,5,,,
CompleteGumtreeMatcher,31,4,31,0,0,0,0,0,391,3,0,0.4,,1300,,,,,1,,,
CompleteGumtreeMatcher,31,4,31,0,0,0,0,0,391,3,0,0.4,,1300,,,,,2,,,
CompleteGumtreeMatcher,31,4,31,0,0,0,0,0,390,3,0,0.4,,1300,,,,,3,,,
CompleteGumtreeMatcher,23,2,23,0,0,0,0,0,392,3,0,0.4,,1300,,,,,4,,,
CompleteGumtreeMatcher,23,2,23,0,0,0,0,0,389,3,0,0.4,,1300,,,,,5,,,
CompleteGumtreeMatcher,31,4,31,0,0,0,0,0,392,3,0,0.5,,1300,,,,,1,,,
CompleteGumtreeMatcher,31,4,31,0,0,0,0,0,391,3,0,0.5,,1300,,,,,2,,,
CompleteGumtreeMatcher,31,4,31,0,0,0,0,0,389,3,0,0.5,,1300,,,,,3,,,
CompleteGumtreeMatcher,23,2,23,0,0,0,0,0,390,3,0,0.5,,1300,,,,,4,,,
CompleteGumtreeMatcher,23,2,23,0,0,0,0,0,389,3,0,0.5,,1300,,,,,5,,,
CompleteGumtreeMatcher,31,4,31,0,0,0,0,0,388,3,0,0.6,,1300,,,,,1,,,
CompleteGumtreeMatcher,31,4,31,0,0,0,0,0,389,3,0,0.6,,1300,,,,,2,,,
CompleteGumtreeMatcher,31,4,31,0,0,0,0,0,389,3,0,0.6,,1300,,,,,3,,,
CompleteGumtreeMatcher,23,2,23,0,0,0,0,0,390,3,0,0.6,,1300,,,,,4,,,
CompleteGumtreeMatcher,23,2,23,0,0,0,0,0,388,3,0,0.6,,1300,,,,,5,,,
CompleteGumtreeMatcher,31,4,31,0,0,0,0,0,392,3,0,0.7,,1300,,,,,1,,,
CompleteGumtreeMatcher,31,4,31,0,0,0,0,0,391,3,0,0.7,,1300,,,,,2,,,
CompleteGumtreeMatcher,31,4,31,0,0,0,0,0,388,3,0,0.7,,1300,,,,,3,,,
CompleteGumtreeMatcher,23,2,23,0,0,0,0,0,392,3,0,0.7,,1300,,,,,4,,,
CompleteGumtreeMatcher,23,2,23,0,0,0,0,0,388,3,0,0.7,,1300,,,,,5,,,
CompleteGumtreeMatcher,31,4,31,0,0,0,0,0,388,3,0,0.799,,1300,,,,,1,,,
CompleteGumtreeMatcher,31,4,31,0,0,0,0,0,388,3,0,0.799,,1300,,,,,2,,,
CompleteGumtreeMatcher,31,4,31,0,0,0,0,0,389,3,0,0.799,,1300,,,,,3,,,
CompleteGumtreeMatcher,23,2,23,0,0,0,0,0,390,3,0,0.799,,1300,,,,,4,,,
CompleteGumtreeMatcher,23,2,23,0,0,0,0,0,388,3,0,0.799,,1300,,,,,5,,,
CompleteGumtreeMatcher,31,4,31,0,0,0,0,0,391,3,0,0.899,,1300,,,,,1,,,
CompleteGumtreeMatcher,31,4,31,0,0,0,0,0,391,3,0,0.899,,1300,,,,,2,,,
CompleteGumtreeMatcher,31,4,31,0,0,0,0,0,388,3,0,0.899,,1300,,,,,3,,,
CompleteGumtreeMatcher,23,2,23,0,0,0,0,0,390,3,0,0.899,,1300,,,,,4,,,
CompleteGumtreeMatcher,23,2,23,0,0,0,0,0,388,3,0,0.899,,1300,,,,,5,,,
CompleteGumtreeMatcher,31,4,31,0,0,0,0,0,388,3,0,0.999,,1300,,,,,1,,,
CompleteGumtreeMatcher,31,4,31,0,0,0,0,0,388,3,0,0.999,,1300,,,,,2,,,
CompleteGumtreeMatcher,31,4,31,0,0,0,0,0,389,3,0,0.999,,1300,,,,,3,,,
CompleteGumtreeMatcher,23,2,23,0,0,0,0,0,390,3,0,0.999,,1300,,,,,4,,,
CompleteGumtreeMatcher,23,2,23,0,0,0,0,0,388,3,0,0.999,,1300,,,,,5,,,
CompleteGumtreeMatcher,31,4,31,0,0,0,0,0,393,3,0,0.1,,1400,,,,,1,,,
CompleteGumtreeMatcher,31,4,31,0,0,0,0,0,393,3,0,0.1,,1400,,,,,2,,,
CompleteGumtreeMatcher,31,4,31,0,0,0,0,0,390,3,0,0.1,,1400,,,,,3,,,
CompleteGumtreeMatcher,23,2,23,0,0,0,0,0,391,3,0,0.1,,1400,,,,,4,,,
CompleteGumtreeMatcher,23,2,23,0,0,0,0,0,388,3,0,0.1,,1400,,,,,5,,,
CompleteGumtreeMatcher,31,4,31,0,0,0,0,0,390,3,0,0.2,,1400,,,,,1,,,
CompleteGumtreeMatcher,31,4,31,0,0,0,0,0,390,3,0,0.2,,1400,,,,,2,,,
CompleteGumtreeMatcher,31,4,31,0,0,0,0,0,391,3,0,0.2,,1400,,,,,3,,,
CompleteGumtreeMatcher,23,2,23,0,0,0,0,0,392,3,0,0.2,,1400,,,,,4,,,
CompleteGumtreeMatcher,23,2,23,0,0,0,0,0,388,3,0,0.2,,1400,,,,,5,,,
CompleteGumtreeMatcher,31,4,31,0,0,0,0,0,391,3,0,0.3,,1400,,,,,1,,,
CompleteGumtreeMatcher,31,4,31,0,0,0,0,0,393,3,0,0.3,,1400,,,,,2,,,
CompleteGumtreeMatcher,31,4,31,0,0,0,0,0,393,3,0,0.3,,1400,,,,,3,,,
CompleteGumtreeMatcher,23,2,23,0,0,0,0,0,390,3,0,0.3,,1400,,,,,4,,,
CompleteGumtreeMatcher,23,2,23,0,0,0,0,0,388,3,0,0.3,,1400,,,,,5,,,
CompleteGumtreeMatcher,31,4,31,0,0,0,0,0,391,3,0,0.4,,1400,,,,,1,,,
CompleteGumtreeMatcher,31,4,31,0,0,0,0,0,390,3,0,0.4,,1400,,,,,2,,,
CompleteGumtreeMatcher,31,4,31,0,0,0,0,0,389,3,0,0.4,,1400,,,,,3,,,
CompleteGumtreeMatcher,23,2,23,0,0,0,0,0,388,3,0,0.4,,1400,,,,,4,,,
CompleteGumtreeMatcher,23,2,23,0,0,0,0,0,390,3,0,0.4,,1400,,,,,5,,,
CompleteGumtreeMatcher,31,4,31,0,0,0,0,0,391,3,0,0.5,,1400,,,,,1,,,
CompleteGumtreeMatcher,31,4,31,0,0,0,0,0,392,3,0,0.5,,1400,,,,,2,,,
CompleteGumtreeMatcher,31,4,31,0,0,0,0,0,391,3,0,0.5,,1400,,,,,3,,,
CompleteGumtreeMatcher,23,2,23,0,0,0,0,0,391,3,0,0.5,,1400,,,,,4,,,
CompleteGumtreeMatcher,23,2,23,0,0,0,0,0,388,3,0,0.5,,1400,,,,,5,,,
CompleteGumtreeMatcher,31,4,31,0,0,0,0,0,389,3,0,0.6,,1400,,,,,1,,,
CompleteGumtreeMatcher,31,4,31,0,0,0,0,0,389,3,0,0.6,,1400,,,,,2,,,
CompleteGumtreeMatcher,31,4,31,0,0,0,0,0,389,3,0,0.6,,1400,,,,,3,,,
CompleteGumtreeMatcher,23,2,23,0,0,0,0,0,388,3,0,0.6,,1400,,,,,4,,,
CompleteGumtreeMatcher,23,2,23,0,0,0,0,0,391,3,0,0.6,,1400,,,,,5,,,
CompleteGumtreeMatcher,31,4,31,0,0,0,0,0,445,3,0,0.7,,1400,,,,,1,,,
CompleteGumtreeMatcher,31,4,31,0,0,0,0,0,448,3,0,0.7,,1400,,,,,2,,,
CompleteGumtreeMatcher,31,4,31,0,0,0,0,0,448,3,0,0.7,,1400,,,,,3,,,
CompleteGumtreeMatcher,23,2,23,0,0,0,0,0,448,3,0,0.7,,1400,,,,,4,,,
CompleteGumtreeMatcher,23,2,23,0,0,0,0,0,447,3,0,0.7,,1400,,,,,5,,,
CompleteGumtreeMatcher,31,4,31,0,0,0,0,0,444,3,0,0.799,,1400,,,,,1,,,
CompleteGumtreeMatcher,31,4,31,0,0,0,0,0,445,3,0,0.799,,1400,,,,,2,,,
CompleteGumtreeMatcher,31,4,31,0,0,0,0,0,446,3,0,0.799,,1400,,,,,3,,,
CompleteGumtreeMatcher,23,2,23,0,0,0,0,0,444,3,0,0.799,,1400,,,,,4,,,
CompleteGumtreeMatcher,23,2,23,0,0,0,0,0,445,3,0,0.799,,1400,,,,,5,,,
CompleteGumtreeMatcher,31,4,31,0,0,0,0,0,388,3,0,0.899,,1400,,,,,1,,,
CompleteGumtreeMatcher,31,4,31,0,0,0,0,0,391,3,0,0.899,,1400,,,,,2,,,
CompleteGumtreeMatcher,31,4,31,0,0,0,0,0,391,3,0,0.899,,1400,,,,,3,,,
CompleteGumtreeMatcher,23,2,23,0,0,0,0,0,392,3,0,0.899,,1400,,,,,4,,,
CompleteGumtreeMatcher,23,2,23,0,0,0,0,0,387,3,0,0.899,,1400,,,,,5,,,
CompleteGumtreeMatcher,31,4,31,0,0,0,0,0,387,3,0,0.999,,1400,,,,,1,,,
CompleteGumtreeMatcher,31,4,31,0,0,0,0,0,388,3,0,0.999,,1400,,,,,2,,,
CompleteGumtreeMatcher,31,4,31,0,0,0,0,0,387,3,0,0.999,,1400,,,,,3,,,
CompleteGumtreeMatcher,23,2,23,0,0,0,0,0,389,3,0,0.999,,1400,,,,,4,,,
CompleteGumtreeMatcher,23,2,23,0,0,0,0,0,391,3,0,0.999,,1400,,,,,5,,,
CompleteGumtreeMatcher,31,4,31,0,0,0,0,0,390,3,0,0.1,,1500,,,,,1,,,
CompleteGumtreeMatcher,31,4,31,0,0,0,0,0,393,3,0,0.1,,1500,,,,,2,,,
CompleteGumtreeMatcher,31,4,31,0,0,0,0,0,393,3,0,0.1,,1500,,,,,3,,,
CompleteGumtreeMatcher,23,2,23,0,0,0,0,0,390,3,0,0.1,,1500,,,,,4,,,
CompleteGumtreeMatcher,23,2,23,0,0,0,0,0,387,3,0,0.1,,1500,,,,,5,,,
CompleteGumtreeMatcher,31,4,31,0,0,0,0,0,391,3,0,0.2,,1500,,,,,1,,,
CompleteGumtreeMatcher,31,4,31,0,0,0,0,0,390,3,0,0.2,,1500,,,,,2,,,
CompleteGumtreeMatcher,31,4,31,0,0,0,0,0,390,3,0,0.2,,1500,,,,,3,,,
CompleteGumtreeMatcher,23,2,23,0,0,0,0,0,389,3,0,0.2,,1500,,,,,4,,,
CompleteGumtreeMatcher,23,2,23,0,0,0,0,0,391,3,0,0.2,,1500,,,,,5,,,
CompleteGumtreeMatcher,31,4,31,0,0,0,0,0,391,3,0,0.3,,1500,,,,,1,,,
CompleteGumtreeMatcher,31,4,31,0,0,0,0,0,392,3,0,0.3,,1500,,,,,2,,,
CompleteGumtreeMatcher,31,4,31,0,0,0,0,0,392,3,0,0.3,,1500,,,,,3,,,
CompleteGumtreeMatcher,23,2,23,0,0,0,0,0,388,3,0,0.3,,1500,,,,,4,,,
CompleteGumtreeMatcher,23,2,23,0,0,0,0,0,390,3,0,0.3,,1500,,,,,5,,,
CompleteGumtreeMatcher,31,4,31,0,0,0,0,0,391,3,0,0.4,,1500,,,,,1,,,
CompleteGumtreeMatcher,31,4,31,0,0,0,0,0,391,3,0,0.4,,1500,,,,,2,,,
CompleteGumtreeMatcher,31,4,31,0,0,0,0,0,390,3,0,0.4,,1500,,,,,3,,,
CompleteGumtreeMatcher,23,2,23,0,0,0,0,0,388,3,0,0.4,,1500,,,,,4,,,
CompleteGumtreeMatcher,23,2,23,0,0,0,0,0,390,3,0,0.4,,1500,,,,,5,,,
CompleteGumtreeMatcher,31,4,31,0,0,0,0,0,390,3,0,0.5,,1500,,,,,1,,,
CompleteGumtreeMatcher,31,4,31,0,0,0,0,0,391,3,0,0.5,,1500,,,,,2,,,
CompleteGumtreeMatcher,31,4,31,0,0,0,0,0,391,3,0,0.5,,1500,,,,,3,,,
CompleteGumtreeMatcher,23,2,23,0,0,0,0,0,388,3,0,0.5,,1500,,,,,4,,,
CompleteGumtreeMatcher,23,2,23,0,0,0,0,0,391,3,0,0.5,,1500,,,,,5,,,
CompleteGumtreeMatcher,31,4,31,0,0,0,0,0,388,3,0,0.6,,1500,,,,,1,,,
CompleteGumtreeMatcher,31,4,31,0,0,0,0,0,388,3,0,0.6,,1500,,,,,2,,,
CompleteGumtreeMatcher,31,4,31,0,0,0,0,0,388,3,0,0.6,,1500,,,,,3,,,
CompleteGumtreeMatcher,23,2,23,0,0,0,0,0,388,3,0,0.6,,1500,,,,,4,,,
CompleteGumtreeMatcher,23,2,23,0,0,0,0,0,391,3,0,0.6,,1500,,,,,5,,,
CompleteGumtreeMatcher,31,4,31,0,0,0,0,0,388,3,0,0.7,,1500,,,,,1,,,
CompleteGumtreeMatcher,31,4,31,0,0,0,0,0,391,3,0,0.7,,1500,,,,,2,,,
CompleteGumtreeMatcher,31,4,31,0,0,0,0,0,391,3,0,0.7,,1500,,,,,3,,,
CompleteGumtreeMatcher,23,2,23,0,0,0,0,0,388,3,0,0.7,,1500,,,,,4,,,
CompleteGumtreeMatcher,23,2,23,0,0,0,0,0,391,3,0,0.7,,1500,,,,,5,,,
CompleteGumtreeMatcher,31,4,31,0,0,0,0,0,389,3,0,0.799,,1500,,,,,1,,,
CompleteGumtreeMatcher,31,4,31,0,0,0,0,0,388,3,0,0.799,,1500,,,,,2,,,
CompleteGumtreeMatcher,31,4,31,0,0,0,0,0,388,3,0,0.799,,1500,,,,,3,,,
CompleteGumtreeMatcher,23,2,23,0,0,0,0,0,389,3,0,0.799,,1500,,,,,4,,,
CompleteGumtreeMatcher,23,2,23,0,0,0,0,0,391,3,0,0.799,,1500,,,,,5,,,
CompleteGumtreeMatcher,31,4,31,0,0,0,0,0,388,3,0,0.899,,1500,,,,,1,,,
CompleteGumtreeMatcher,31,4,31,0,0,0,0,0,388,3,0,0.899,,1500,,,,,2,,,
CompleteGumtreeMatcher,31,4,31,0,0,0,0,0,391,3,0,0.899,,1500,,,,,3,,,
CompleteGumtreeMatcher,23,2,23,0,0,0,0,0,391,3,0,0.899,,1500,,,,,4,,,
CompleteGumtreeMatcher,23,2,23,0,0,0,0,0,390,3,0,0.899,,1500,,,,,5,,,
CompleteGumtreeMatcher,31,4,31,0,0,0,0,0,388,3,0,0.999,,1500,,,,,1,,,
CompleteGumtreeMatcher,31,4,31,0,0,0,0,0,388,3,0,0.999,,1500,,,,,2,,,
CompleteGumtreeMatcher,31,4,31,0,0,0,0,0,389,3,0,0.999,,1500,,,,,3,,,
CompleteGumtreeMatcher,23,2,23,0,0,0,0,0,389,3,0,0.999,,1500,,,,,4,,,
CompleteGumtreeMatcher,23,2,23,0,0,0,0,0,390,3,0,0.999,,1500,,,,,5,,,
CompleteGumtreeMatcher,31,4,31,0,0,0,0,0,390,3,0,0.1,,1600,,,,,1,,,
CompleteGumtreeMatcher,31,4,31,0,0,0,0,0,390,3,0,0.1,,1600,,,,,2,,,
CompleteGumtreeMatcher,31,4,31,0,0,0,0,0,393,3,0,0.1,,1600,,,,,3,,,
CompleteGumtreeMatcher,23,2,23,0,0,0,0,0,391,3,0,0.1,,1600,,,,,4,,,
CompleteGumtreeMatcher,23,2,23,0,0,0,0,0,391,3,0,0.1,,1600,,,,,5,,,
CompleteGumtreeMatcher,31,4,31,0,0,0,0,0,390,3,0,0.2,,1600,,,,,1,,,
CompleteGumtreeMatcher,31,4,31,0,0,0,0,0,391,3,0,0.2,,1600,,,,,2,,,
CompleteGumtreeMatcher,31,4,31,0,0,0,0,0,390,3,0,0.2,,1600,,,,,3,,,
CompleteGumtreeMatcher,23,2,23,0,0,0,0,0,389,3,0,0.2,,1600,,,,,4,,,
CompleteGumtreeMatcher,23,2,23,0,0,0,0,0,390,3,0,0.2,,1600,,,,,5,,,
CompleteGumtreeMatcher,31,4,31,0,0,0,0,0,391,3,0,0.3,,1600,,,,,1,,,
CompleteGumtreeMatcher,31,4,31,0,0,0,0,0,391,3,0,0.3,,1600,,,,,2,,,
CompleteGumtreeMatcher,31,4,31,0,0,0,0,0,393,3,0,0.3,,1600,,,,,3,,,
CompleteGumtreeMatcher,23,2,23,0,0,0,0,0,390,3,0,0.3,,1600,,,,,4,,,
CompleteGumtreeMatcher,23,2,23,0,0,0,0,0,389,3,0,0.3,,1600,,,,,5,,,
CompleteGumtreeMatcher,31,4,31,0,0,0,0,0,391,3,0,0.4,,1600,,,,,1,,,
CompleteGumtreeMatcher,31,4,31,0,0,0,0,0,391,3,0,0.4,,1600,,,,,2,,,
CompleteGumtreeMatcher,31,4,31,0,0,0,0,0,389,3,0,0.4,,1600,,,,,3,,,
CompleteGumtreeMatcher,23,2,23,0,0,0,0,0,390,3,0,0.4,,1600,,,,,4,,,
CompleteGumtreeMatcher,23,2,23,0,0,0,0,0,390,3,0,0.4,,1600,,,,,5,,,
CompleteGumtreeMatcher,31,4,31,0,0,0,0,0,391,3,0,0.5,,1600,,,,,1,,,
CompleteGumtreeMatcher,31,4,31,0,0,0,0,0,388,3,0,0.5,,1600,,,,,2,,,
CompleteGumtreeMatcher,31,4,31,0,0,0,0,0,392,3,0,0.5,,1600,,,,,3,,,
CompleteGumtreeMatcher,23,2,23,0,0,0,0,0,391,3,0,0.5,,1600,,,,,4,,,
CompleteGumtreeMatcher,23,2,23,0,0,0,0,0,391,3,0,0.5,,1600,,,,,5,,,
CompleteGumtreeMatcher,31,4,31,0,0,0,0,0,591,3,0,0.6,,1600,,,,,1,,,
CompleteGumtreeMatcher,31,4,31,0,0,0,0,0,592,3,0,0.6,,1600,,,,,2,,,
CompleteGumtreeMatcher,31,4,31,0,0,0,0,0,589,3,0,0.6,,1600,,,,,3,,,
CompleteGumtreeMatcher,23,2,23,0,0,0,0,0,589,3,0,0.6,,1600,,,,,4,,,
CompleteGumtreeMatcher,23,2,23,0,0,0,0,0,590,3,0,0.6,,1600,,,,,5,,,
CompleteGumtreeMatcher,31,4,31,0,0,0,0,0,588,3,0,0.7,,1600,,,,,1,,,
CompleteGumtreeMatcher,31,4,31,0,0,0,0,0,594,3,0,0.7,,1600,,,,,2,,,
CompleteGumtreeMatcher,31,4,31,0,0,0,0,0,594,3,0,0.7,,1600,,,,,3,,,
CompleteGumtreeMatcher,23,2,23,0,0,0,0,0,591,3,0,0.7,,1600,,,,,4,,,
CompleteGumtreeMatcher,23,2,23,0,0,0,0,0,594,3,0,0.7,,1600,,,,,5,,,
CompleteGumtreeMatcher,31,4,31,0,0,0,0,0,388,3,0,0.799,,1600,,,,,1,,,
CompleteGumtreeMatcher,31,4,31,0,0,0,0,0,389,3,0,0.799,,1600,,,,,2,,,
CompleteGumtreeMatcher,31,4,31,0,0,0,0,0,388,3,0,0.799,,1600,,,,,3,,,
CompleteGumtreeMatcher,23,2,23,0,0,0,0,0,389,3,0,0.799,,1600,,,,,4,,,
CompleteGumtreeMatcher,23,2,23,0,0,0,0,0,392,3,0,0.799,,1600,,,,,5,,,
CompleteGumtreeMatcher,31,4,31,0,0,0,0,0,388,3,0,0.899,,1600,,,,,1,,,
CompleteGumtreeMatcher,31,4,31,0,0,0,0,0,388,3,0,0.899,,1600,,,,,2,,,
CompleteGumtreeMatcher,31,4,31,0,0,0,0,0,392,3,0,0.899,,1600,,,,,3,,,
CompleteGumtreeMatcher,23,2,23,0,0,0,0,0,391,3,0,0.899,,1600,,,,,4,,,
CompleteGumtreeMatcher,23,2,23,0,0,0,0,0,391,3,0,0.899,,1600,,,,,5,,,
CompleteGumtreeMatcher,31,4,31,0,0,0,0,0,390,3,0,0.999,,1600,,,,,1,,,
CompleteGumtreeMatcher,31,4,31,0,0,0,0,0,389,3,0,0.999,,1600,,,,,2,,,
CompleteGumtreeMatcher,31,4,31,0,0,0,0,0,389,3,0,0.999,,1600,,,,,3,,,
CompleteGumtreeMatcher,23,2,23,0,0,0,0,0,389,3,0,0.999,,1600,,,,,4,,,
CompleteGumtreeMatcher,23,2,23,0,0,0,0,0,390,3,0,0.999,,1600,,,,,5,,,
CompleteGumtreeMatcher,31,4,31,0,0,0,0,0,391,3,0,0.1,,1700,,,,,1,,,
CompleteGumtreeMatcher,31,4,31,0,0,0,0,0,390,3,0,0.1,,1700,,,,,2,,,
CompleteGumtreeMatcher,31,4,31,0,0,0,0,0,392,3,0,0.1,,1700,,,,,3,,,
CompleteGumtreeMatcher,23,2,23,0,0,0,0,0,390,3,0,0.1,,1700,,,,,4,,,
CompleteGumtreeMatcher,23,2,23,0,0,0,0,0,391,3,0,0.1,,1700,,,,,5,,,
CompleteGumtreeMatcher,31,4,31,0,0,0,0,0,389,3,0,0.2,,1700,,,,,1,,,
CompleteGumtreeMatcher,31,4,31,0,0,0,0,0,389,3,0,0.2,,1700,,,,,2,,,
CompleteGumtreeMatcher,31,4,31,0,0,0,0,0,387,3,0,0.2,,1700,,,,,3,,,
CompleteGumtreeMatcher,23,2,23,0,0,0,0,0,490,3,0,0.2,,1700,,,,,4,,,
CompleteGumtreeMatcher,23,2,23,0,0,0,0,0,390,3,0,0.2,,1700,,,,,5,,,
CompleteGumtreeMatcher,31,4,31,0,0,0,0,0,385,3,0,0.3,,1700,,,,,1,,,
CompleteGumtreeMatcher,31,4,31,0,0,0,0,0,386,3,0,0.3,,1700,,,,,2,,,
CompleteGumtreeMatcher,31,4,31,0,0,0,0,0,392,3,0,0.3,,1700,,,,,3,,,
CompleteGumtreeMatcher,23,2,23,0,0,0,0,0,491,3,0,0.3,,1700,,,,,4,,,
CompleteGumtreeMatcher,23,2,23,0,0,0,0,0,390,3,0,0.3,,1700,,,,,5,,,
CompleteGumtreeMatcher,31,4,31,0,0,0,0,0,388,3,0,0.4,,1700,,,,,1,,,
CompleteGumtreeMatcher,31,4,31,0,0,0,0,0,387,3,0,0.4,,1700,,,,,2,,,
CompleteGumtreeMatcher,31,4,31,0,0,0,0,0,387,3,0,0.4,,1700,,,,,3,,,
CompleteGumtreeMatcher,23,2,23,0,0,0,0,0,390,3,0,0.4,,1700,,,,,4,,,
CompleteGumtreeMatcher,23,2,23,0,0,0,0,0,390,3,0,0.4,,1700,,,,,5,,,
CompleteGumtreeMatcher,31,4,31,0,0,0,0,0,390,3,0,0.5,,1700,,,,,1,,,
CompleteGumtreeMatcher,31,4,31,0,0,0,0,0,388,3,0,0.5,,1700,,,,,2,,,
CompleteGumtreeMatcher,31,4,31,0,0,0,0,0,389,3,0,0.5,,1700,,,,,3,,,
CompleteGumtreeMatcher,23,2,23,0,0,0,0,0,391,3,0,0.5,,1700,,,,,4,,,
CompleteGumtreeMatcher,23,2,23,0,0,0,0,0,390,3,0,0.5,,1700,,,,,5,,,
CompleteGumtreeMatcher,31,4,31,0,0,0,0,0,388,3,0,0.6,,1700,,,,,1,,,
CompleteGumtreeMatcher,31,4,31,0,0,0,0,0,388,3,0,0.6,,1700,,,,,2,,,
CompleteGumtreeMatcher,31,4,31,0,0,0,0,0,388,3,0,0.6,,1700,,,,,3,,,
CompleteGumtreeMatcher,23,2,23,0,0,0,0,0,389,3,0,0.6,,1700,,,,,4,,,
CompleteGumtreeMatcher,23,2,23,0,0,0,0,0,389,3,0,0.6,,1700,,,,,5,,,
CompleteGumtreeMatcher,31,4,31,0,0,0,0,0,388,3,0,0.7,,1700,,,,,1,,,
CompleteGumtreeMatcher,31,4,31,0,0,0,0,0,388,3,0,0.7,,1700,,,,,2,,,
CompleteGumtreeMatcher,31,4,31,0,0,0,0,0,391,3,0,0.7,,1700,,,,,3,,,
CompleteGumtreeMatcher,23,2,23,0,0,0,0,0,392,3,0,0.7,,1700,,,,,4,,,
CompleteGumtreeMatcher,23,2,23,0,0,0,0,0,387,3,0,0.7,,1700,,,,,5,,,
CompleteGumtreeMatcher,31,4,31,0,0,0,0,0,388,3,0,0.799,,1700,,,,,1,,,
CompleteGumtreeMatcher,31,4,31,0,0,0,0,0,388,3,0,0.799,,1700,,,,,2,,,
CompleteGumtreeMatcher,31,4,31,0,0,0,0,0,389,3,0,0.799,,1700,,,,,3,,,
CompleteGumtreeMatcher,23,2,23,0,0,0,0,0,390,3,0,0.799,,1700,,,,,4,,,
CompleteGumtreeMatcher,23,2,23,0,0,0,0,0,390,3,0,0.799,,1700,,,,,5,,,
CompleteGumtreeMatcher,31,4,31,0,0,0,0,0,388,3,0,0.899,,1700,,,,,1,,,
CompleteGumtreeMatcher,31,4,31,0,0,0,0,0,388,3,0,0.899,,1700,,,,,2,,,
CompleteGumtreeMatcher,31,4,31,0,0,0,0,0,391,3,0,0.899,,1700,,,,,3,,,
CompleteGumtreeMatcher,23,2,23,0,0,0,0,0,393,3,0,0.899,,1700,,,,,4,,,
CompleteGumtreeMatcher,23,2,23,0,0,0,0,0,389,3,0,0.899,,1700,,,,,5,,,
CompleteGumtreeMatcher,31,4,31,0,0,0,0,0,388,3,0,0.999,,1700,,,,,1,,,
CompleteGumtreeMatcher,31,4,31,0,0,0,0,0,388,3,0,0.999,,1700,,,,,2,,,
CompleteGumtreeMatcher,31,4,31,0,0,0,0,0,388,3,0,0.999,,1700,,,,,3,,,
CompleteGumtreeMatcher,23,2,23,0,0,0,0,0,390,3,0,0.999,,1700,,,,,4,,,
CompleteGumtreeMatcher,23,2,23,0,0,0,0,0,390,3,0,0.999,,1700,,,,,5,,,
CompleteGumtreeMatcher,31,4,31,0,0,0,0,0,390,3,0,0.1,,1800,,,,,1,,,
CompleteGumtreeMatcher,31,4,31,0,0,0,0,0,391,3,0,0.1,,1800,,,,,2,,,
CompleteGumtreeMatcher,31,4,31,0,0,0,0,0,391,3,0,0.1,,1800,,,,,3,,,
CompleteGumtreeMatcher,23,2,23,0,0,0,0,0,392,3,0,0.1,,1800,,,,,4,,,
CompleteGumtreeMatcher,23,2,23,0,0,0,0,0,388,3,0,0.1,,1800,,,,,5,,,
CompleteGumtreeMatcher,31,4,31,0,0,0,0,0,392,3,0,0.2,,1800,,,,,1,,,
CompleteGumtreeMatcher,31,4,31,0,0,0,0,0,391,3,0,0.2,,1800,,,,,2,,,
CompleteGumtreeMatcher,31,4,31,0,0,0,0,0,391,3,0,0.2,,1800,,,,,3,,,
CompleteGumtreeMatcher,23,2,23,0,0,0,0,0,390,3,0,0.2,,1800,,,,,4,,,
CompleteGumtreeMatcher,23,2,23,0,0,0,0,0,390,3,0,0.2,,1800,,,,,5,,,
CompleteGumtreeMatcher,31,4,31,0,0,0,0,0,391,3,0,0.3,,1800,,,,,1,,,
CompleteGumtreeMatcher,31,4,31,0,0,0,0,0,391,3,0,0.3,,1800,,,,,2,,,
CompleteGumtreeMatcher,31,4,31,0,0,0,0,0,393,3,0,0.3,,1800,,,,,3,,,
CompleteGumtreeMatcher,23,2,23,0,0,0,0,0,391,3,0,0.3,,1800,,,,,4,,,
CompleteGumtreeMatcher,23,2,23,0,0,0,0,0,389,3,0,0.3,,1800,,,,,5,,,
CompleteGumtreeMatcher,31,4,31,0,0,0,0,0,391,3,0,0.4,,1800,,,,,1,,,
CompleteGumtreeMatcher,31,4,31,0,0,0,0,0,391,3,0,0.4,,1800,,,,,2,,,
CompleteGumtreeMatcher,31,4,31,0,0,0,0,0,728,3,0,0.4,,1800,,,,,3,,,
CompleteGumtreeMatcher,23,2,23,0,0,0,0,0,715,3,0,0.4,,1800,,,,,4,,,
CompleteGumtreeMatcher,23,2,23,0,0,0,0,0,719,3,0,0.4,,1800,,,,,5,,,
CompleteGumtreeMatcher,31,4,31,0,0,0,0,0,711,3,0,0.5,,1800,,,,,1,,,
CompleteGumtreeMatcher,31,4,31,0,0,0,0,0,712,3,0,0.5,,1800,,,,,2,,,
CompleteGumtreeMatcher,31,4,31,0,0,0,0,0,718,3,0,0.5,,1800,,,,,3,,,
CompleteGumtreeMatcher,23,2,23,0,0,0,0,0,716,3,0,0.5,,1800,,,,,4,,,
CompleteGumtreeMatcher,23,2,23,0,0,0,0,0,717,3,0,0.5,,1800,,,,,5,,,
CompleteGumtreeMatcher,31,4,31,0,0,0,0,0,710,3,0,0.6,,1800,,,,,1,,,
CompleteGumtreeMatcher,31,4,31,0,0,0,0,0,717,3,0,0.6,,1800,,,,,2,,,
CompleteGumtreeMatcher,31,4,31,0,0,0,0,0,450,3,0,0.6,,1800,,,,,3,,,
CompleteGumtreeMatcher,23,2,23,0,0,0,0,0,389,3,0,0.6,,1800,,,,,4,,,
CompleteGumtreeMatcher,23,2,23,0,0,0,0,0,392,3,0,0.6,,1800,,,,,5,,,
CompleteGumtreeMatcher,31,4,31,0,0,0,0,0,390,3,0,0.7,,1800,,,,,1,,,
CompleteGumtreeMatcher,31,4,31,0,0,0,0,0,389,3,0,0.7,,1800,,,,,2,,,
CompleteGumtreeMatcher,31,4,31,0,0,0,0,0,390,3,0,0.7,,1800,,,,,3,,,
CompleteGumtreeMatcher,23,2,23,0,0,0,0,0,393,3,0,0.7,,1800,,,,,4,,,
CompleteGumtreeMatcher,23,2,23,0,0,0,0,0,389,3,0,0.7,,1800,,,,,5,,,
CompleteGumtreeMatcher,31,4,31,0,0,0,0,0,388,3,0,0.799,,1800,,,,,1,,,
CompleteGumtreeMatcher,31,4,31,0,0,0,0,0,389,3,0,0.799,,1800,,,,,2,,,
CompleteGumtreeMatcher,31,4,31,0,0,0,0,0,391,3,0,0.799,,1800,,,,,3,,,
CompleteGumtreeMatcher,23,2,23,0,0,0,0,0,391,3,0,0.799,,1800,,,,,4,,,
CompleteGumtreeMatcher,23,2,23,0,0,0,0,0,391,3,0,0.799,,1800,,,,,5,,,
CompleteGumtreeMatcher,31,4,31,0,0,0,0,0,392,3,0,0.899,,1800,,,,,1,,,
CompleteGumtreeMatcher,31,4,31,0,0,0,0,0,389,3,0,0.899,,1800,,,,,2,,,
CompleteGumtreeMatcher,31,4,31,0,0,0,0,0,389,3,0,0.899,,1800,,,,,3,,,
CompleteGumtreeMatcher,23,2,23,0,0,0,0,0,392,3,0,0.899,,1800,,,,,4,,,
CompleteGumtreeMatcher,23,2,23,0,0,0,0,0,389,3,0,0.899,,1800,,,,,5,,,
CompleteGumtreeMatcher,31,4,31,0,0,0,0,0,389,3,0,0.999,,1800,,,,,1,,,
CompleteGumtreeMatcher,31,4,31,0,0,0,0,0,392,3,0,0.999,,1800,,,,,2,,,
CompleteGumtreeMatcher,31,4,31,0,0,0,0,0,391,3,0,0.999,,1800,,,,,3,,,
CompleteGumtreeMatcher,23,2,23,0,0,0,0,0,390,3,0,0.999,,1800,,,,,4,,,
CompleteGumtreeMatcher,23,2,23,0,0,0,0,0,390,3,0,0.999,,1800,,,,,5,,,
CompleteGumtreeMatcher,31,4,31,0,0,0,0,0,393,3,0,0.1,,1900,,,,,1,,,
CompleteGumtreeMatcher,31,4,31,0,0,0,0,0,391,3,0,0.1,,1900,,,,,2,,,
CompleteGumtreeMatcher,31,4,31,0,0,0,0,0,391,3,0,0.1,,1900,,,,,3,,,
CompleteGumtreeMatcher,23,2,23,0,0,0,0,0,392,3,0,0.1,,1900,,,,,4,,,
CompleteGumtreeMatcher,23,2,23,0,0,0,0,0,388,3,0,0.1,,1900,,,,,5,,,
CompleteGumtreeMatcher,31,4,31,0,0,0,0,0,391,3,0,0.2,,1900,,,,,1,,,
CompleteGumtreeMatcher,31,4,31,0,0,0,0,0,391,3,0,0.2,,1900,,,,,2,,,
CompleteGumtreeMatcher,31,4,31,0,0,0,0,0,392,3,0,0.2,,1900,,,,,3,,,
CompleteGumtreeMatcher,23,2,23,0,0,0,0,0,391,3,0,0.2,,1900,,,,,4,,,
CompleteGumtreeMatcher,23,2,23,0,0,0,0,0,391,3,0,0.2,,1900,,,,,5,,,
CompleteGumtreeMatcher,31,4,31,0,0,0,0,0,391,3,0,0.3,,1900,,,,,1,,,
CompleteGumtreeMatcher,31,4,31,0,0,0,0,0,391,3,0,0.3,,1900,,,,,2,,,
CompleteGumtreeMatcher,31,4,31,0,0,0,0,0,390,3,0,0.3,,1900,,,,,3,,,
CompleteGumtreeMatcher,23,2,23,0,0,0,0,0,391,3,0,0.3,,1900,,,,,4,,,
CompleteGumtreeMatcher,23,2,23,0,0,0,0,0,389,3,0,0.3,,1900,,,,,5,,,
CompleteGumtreeMatcher,31,4,31,0,0,0,0,0,390,3,0,0.4,,1900,,,,,1,,,
CompleteGumtreeMatcher,31,4,31,0,0,0,0,0,390,3,0,0.4,,1900,,,,,2,,,
CompleteGumtreeMatcher,31,4,31,0,0,0,0,0,390,3,0,0.4,,1900,,,,,3,,,
CompleteGumtreeMatcher,23,2,23,0,0,0,0,0,390,3,0,0.4,,1900,,,,,4,,,
CompleteGumtreeMatcher,23,2,23,0,0,0,0,0,390,3,0,0.4,,1900,,,,,5,,,
CompleteGumtreeMatcher,31,4,31,0,0,0,0,0,390,3,0,0.5,,1900,,,,,1,,,
CompleteGumtreeMatcher,31,4,31,0,0,0,0,0,388,3,0,0.5,,1900,,,,,2,,,
CompleteGumtreeMatcher,31,4,31,0,0,0,0,0,389,3,0,0.5,,1900,,,,,3,,,
CompleteGumtreeMatcher,23,2,23,0,0,0,0,0,392,3,0,0.5,,1900,,,,,4,,,
CompleteGumtreeMatcher,23,2,23,0,0,0,0,0,387,3,0,0.5,,1900,,,,,5,,,
CompleteGumtreeMatcher,31,4,31,0,0,0,0,0,388,3,0,0.6,,1900,,,,,1,,,
CompleteGumtreeMatcher,31,4,31,0,0,0,0,0,388,3,0,0.6,,1900,,,,,2,,,
CompleteGumtreeMatcher,31,4,31,0,0,0,0,0,389,3,0,0.6,,1900,,,,,3,,,
CompleteGumtreeMatcher,23,2,23,0,0,0,0,0,390,3,0,0.6,,1900,,,,,4,,,
CompleteGumtreeMatcher,23,2,23,0,0,0,0,0,390,3,0,0.6,,1900,,,,,5,,,
CompleteGumtreeMatcher,31,4,31,0,0,0,0,0,388,3,0,0.7,,1900,,,,,1,,,
CompleteGumtreeMatcher,31,4,31,0,0,0,0,0,388,3,0,0.7,,1900,,,,,2,,,
CompleteGumtreeMatcher,31,4,31,0,0,0,0,0,389,3,0,0.7,,1900,,,,,3,,,
CompleteGumtreeMatcher,23,2,23,0,0,0,0,0,393,3,0,0.7,,1900,,,,,4,,,
CompleteGumtreeMatcher,23,2,23,0,0,0,0,0,388,3,0,0.7,,1900,,,,,5,,,
CompleteGumtreeMatcher,31,4,31,0,0,0,0,0,389,3,0,0.799,,1900,,,,,1,,,
CompleteGumtreeMatcher,31,4,31,0,0,0,0,0,389,3,0,0.799,,1900,,,,,2,,,
CompleteGumtreeMatcher,31,4,31,0,0,0,0,0,391,3,0,0.799,,1900,,,,,3,,,
CompleteGumtreeMatcher,23,2,23,0,0,0,0,0,390,3,0,0.799,,1900,,,,,4,,,
CompleteGumtreeMatcher,23,2,23,0,0,0,0,0,390,3,0,0.799,,1900,,,,,5,,,
CompleteGumtreeMatcher,31,4,31,0,0,0,0,0,390,3,0,0.899,,1900,,,,,1,,,
CompleteGumtreeMatcher,31,4,31,0,0,0,0,0,389,3,0,0.899,,1900,,,,,2,,,
CompleteGumtreeMatcher,31,4,31,0,0,0,0,0,390,3,0,0.899,,1900,,,,,3,,,
CompleteGumtreeMatcher,23,2,23,0,0,0,0,0,392,3,0,0.899,,1900,,,,,4,,,
CompleteGumtreeMatcher,23,2,23,0,0,0,0,0,390,3,0,0.899,,1900,,,,,5,,,
CompleteGumtreeMatcher,31,4,31,0,0,0,0,0,389,3,0,0.999,,1900,,,,,1,,,
CompleteGumtreeMatcher,31,4,31,0,0,0,0,0,390,3,0,0.999,,1900,,,,,2,,,
CompleteGumtreeMatcher,31,4,31,0,0,0,0,0,390,3,0,0.999,,1900,,,,,3,,,
CompleteGumtreeMatcher,23,2,23,0,0,0,0,0,390,3,0,0.999,,1900,,,,,4,,,
CompleteGumtreeMatcher,23,2,23,0,0,0,0,0,390,3,0,0.999,,1900,,,,,5,,,
CompleteGumtreeMatcher,31,4,31,0,0,0,0,0,393,3,0,0.1,,2000,,,,,1,,,
CompleteGumtreeMatcher,31,4,31,0,0,0,0,0,392,3,0,0.1,,2000,,,,,2,,,
CompleteGumtreeMatcher,31,4,31,0,0,0,0,0,393,3,0,0.1,,2000,,,,,3,,,
CompleteGumtreeMatcher,23,2,23,0,0,0,0,0,392,3,0,0.1,,2000,,,,,4,,,
CompleteGumtreeMatcher,23,2,23,0,0,0,0,0,389,3,0,0.1,,2000,,,,,5,,,
CompleteGumtreeMatcher,31,4,31,0,0,0,0,0,392,3,0,0.2,,2000,,,,,1,,,
CompleteGumtreeMatcher,31,4,31,0,0,0,0,0,391,3,0,0.2,,2000,,,,,2,,,
CompleteGumtreeMatcher,31,4,31,0,0,0,0,0,392,3,0,0.2,,2000,,,,,3,,,
CompleteGumtreeMatcher,23,2,23,0,0,0,0,0,394,3,0,0.2,,2000,,,,,4,,,
CompleteGumtreeMatcher,23,2,23,0,0,0,0,0,465,3,0,0.2,,2000,,,,,5,,,
CompleteGumtreeMatcher,31,4,31,0,0,0,0,0,479,3,0,0.3,,2000,,,,,1,,,
CompleteGumtreeMatcher,31,4,31,0,0,0,0,0,467,3,0,0.3,,2000,,,,,2,,,
CompleteGumtreeMatcher,31,4,31,0,0,0,0,0,469,3,0,0.3,,2000,,,,,3,,,
CompleteGumtreeMatcher,23,2,23,0,0,0,0,0,465,3,0,0.3,,2000,,,,,4,,,
CompleteGumtreeMatcher,23,2,23,0,0,0,0,0,467,3,0,0.3,,2000,,,,,5,,,
CompleteGumtreeMatcher,31,4,31,0,0,0,0,0,465,3,0,0.4,,2000,,,,,1,,,
CompleteGumtreeMatcher,31,4,31,0,0,0,0,0,470,3,0,0.4,,2000,,,,,2,,,
CompleteGumtreeMatcher,31,4,31,0,0,0,0,0,463,3,0,0.4,,2000,,,,,3,,,
CompleteGumtreeMatcher,23,2,23,0,0,0,0,0,469,3,0,0.4,,2000,,,,,4,,,
CompleteGumtreeMatcher,23,2,23,0,0,0,0,0,399,3,0,0.4,,2000,,,,,5,,,
CompleteGumtreeMatcher,31,4,31,0,0,0,0,0,393,3,0,0.5,,2000,,,,,1,,,
CompleteGumtreeMatcher,31,4,31,0,0,0,0,0,390,3,0,0.5,,2000,,,,,2,,,
CompleteGumtreeMatcher,31,4,31,0,0,0,0,0,396,3,0,0.5,,2000,,,,,3,,,
CompleteGumtreeMatcher,23,2,23,0,0,0,0,0,392,3,0,0.5,,2000,,,,,4,,,
CompleteGumtreeMatcher,23,2,23,0,0,0,0,0,394,3,0,0.5,,2000,,,,,5,,,
CompleteGumtreeMatcher,31,4,31,0,0,0,0,0,390,3,0,0.6,,2000,,,,,1,,,
CompleteGumtreeMatcher,31,4,31,0,0,0,0,0,395,3,0,0.6,,2000,,,,,2,,,
CompleteGumtreeMatcher,31,4,31,0,0,0,0,0,391,3,0,0.6,,2000,,,,,3,,,
CompleteGumtreeMatcher,23,2,23,0,0,0,0,0,394,3,0,0.6,,2000,,,,,4,,,
CompleteGumtreeMatcher,23,2,23,0,0,0,0,0,393,3,0,0.6,,2000,,,,,5,,,
CompleteGumtreeMatcher,31,4,31,0,0,0,0,0,391,3,0,0.7,,2000,,,,,1,,,
CompleteGumtreeMatcher,31,4,31,0,0,0,0,0,398,3,0,0.7,,2000,,,,,2,,,
CompleteGumtreeMatcher,31,4,31,0,0,0,0,0,392,3,0,0.7,,2000,,,,,3,,,
CompleteGumtreeMatcher,23,2,23,0,0,0,0,0,393,3,0,0.7,,2000,,,,,4,,,
CompleteGumtreeMatcher,23,2,23,0,0,0,0,0,390,3,0,0.7,,2000,,,,,5,,,
CompleteGumtreeMatcher,31,4,31,0,0,0,0,0,389,3,0,0.799,,2000,,,,,1,,,
CompleteGumtreeMatcher,31,4,31,0,0,0,0,0,390,3,0,0.799,,2000,,,,,2,,,
CompleteGumtreeMatcher,31,4,31,0,0,0,0,0,390,3,0,0.799,,2000,,,,,3,,,
CompleteGumtreeMatcher,23,2,23,0,0,0,0,0,390,3,0,0.799,,2000,,,,,4,,,
CompleteGumtreeMatcher,23,2,23,0,0,0,0,0,389,3,0,0.799,,2000,,,,,5,,,
CompleteGumtreeMatcher,31,4,31,0,0,0,0,0,390,3,0,0.899,,2000,,,,,1,,,
CompleteGumtreeMatcher,31,4,31,0,0,0,0,0,405,3,0,0.899,,2000,,,,,2,,,
CompleteGumtreeMatcher,31,4,31,0,0,0,0,0,399,3,0,0.899,,2000,,,,,3,,,
CompleteGumtreeMatcher,23,2,23,0,0,0,0,0,390,3,0,0.899,,2000,,,,,4,,,
CompleteGumtreeMatcher,23,2,23,0,0,0,0,0,387,3,0,0.899,,2000,,,,,5,,,
CompleteGumtreeMatcher,31,4,31,0,0,0,0,0,385,3,0,0.999,,2000,,,,,1,,,
CompleteGumtreeMatcher,31,4,31,0,0,0,0,0,380,3,0,0.999,,2000,,,,,2,,,
CompleteGumtreeMatcher,31,4,31,0,0,0,0,0,370,3,0,0.999,,2000,,,,,3,,,
CompleteGumtreeMatcher,23,2,23,0,0,0,0,0,396,3,0,0.999,,2000,,,,,4,,,
CompleteGumtreeMatcher,23,2,23,0,0,0,0,0,354,3,0,0.999,,2000,,,,,5,,,
ChangeDistiller,574,488,107,84,182,201,0,0,2253,4,0,,,,0.1,2,0.2,0.1,,,,
ChangeDistiller,574,488,107,84,182,201,0,0,1685,4,0,,,,0.1,2,0.2,0.3,,,,
ChangeDistiller,583,492,113,90,177,203,0,0,1675,4,0,,,,0.1,2,0.2,0.5,,,,
ChangeDistiller,684,559,157,134,169,224,0,0,1698,4,0,,,,0.1,2,0.2,0.7,,,,
ChangeDistiller,684,559,157,134,169,224,0,0,1907,4,0,,,,0.1,2,0.2,0.899,,,,
ChangeDistiller,628,482,128,105,184,211,0,0,1884,4,0,,,,0.1,2,0.4,0.1,,,,
ChangeDistiller,630,479,130,107,183,210,0,0,1752,4,0,,,,0.1,2,0.4,0.3,,,,
ChangeDistiller,636,477,136,113,177,210,0,0,1818,4,0,,,,0.1,2,0.4,0.5,,,,
ChangeDistiller,756,488,190,167,168,231,0,0,1995,4,0,,,,0.1,2,0.4,0.7,,,,
ChangeDistiller,756,488,190,167,168,231,0,0,2245,4,0,,,,0.1,2,0.4,0.899,,,,
ChangeDistiller,706,452,153,130,185,238,0,0,1831,4,0,,,,0.1,2,0.6,0.1,,,,
ChangeDistiller,709,448,156,133,183,237,0,0,1838,4,0,,,,0.1,2,0.6,0.3,,,,
ChangeDistiller,715,440,162,139,177,237,0,0,1836,4,0,,,,0.1,2,0.6,0.5,,,,
ChangeDistiller,806,435,212,189,165,240,0,0,1837,4,0,,,,0.1,2,0.6,0.7,,,,
ChangeDistiller,806,435,212,189,165,240,0,0,1836,4,0,,,,0.1,2,0.6,0.899,,,,
ChangeDistiller,739,434,168,141,184,246,0,0,1831,4,0,,,,0.1,2,0.8,0.1,,,,
ChangeDistiller,742,430,171,144,182,245,0,0,1832,4,0,,,,0.1,2,0.8,0.3,,,,
ChangeDistiller,752,423,177,154,176,245,0,0,1837,4,0,,,,0.1,2,0.8,0.5,,,,
ChangeDistiller,842,415,226,203,165,248,0,0,1694,4,0,,,,0.1,2,0.8,0.7,,,,
ChangeDistiller,842,415,226,203,165,248,0,0,1689,4,0,,,,0.1,2,0.8,0.899,,,,
ChangeDistiller,754,437,174,147,184,249,0,0,1692,4,0,,,,0.1,2,1.0,0.1,,,,
ChangeDistiller,757,433,177,150,182,248,0,0,1692,4,0,,,,0.1,2,1.0,0.3,,,,
ChangeDistiller,767,426,183,160,176,248,0,0,1694,4,0,,,,0.1,2,1.0,0.5,,,,
ChangeDistiller,844,415,227,204,165,248,0,0,1693,4,0,,,,0.1,2,1.0,0.7,,,,
ChangeDistiller,844,415,227,204,165,248,0,0,1693,4,0,,,,0.1,2,1.0,0.899,,,,
ChangeDistiller,567,493,102,79,188,198,0,0,1743,4,0,,,,0.1,4,0.2,0.1,,,,
ChangeDistiller,596,487,117,94,182,203,0,0,1743,4,0,,,,0.1,4,0.2,0.3,,,,
ChangeDistiller,612,490,127,104,177,204,0,0,1742,4,0,,,,0.1,4,0.2,0.5,,,,
ChangeDistiller,764,555,195,172,165,232,0,0,1744,4,0,,,,0.1,4,0.2,0.7,,,,
ChangeDistiller,770,559,197,174,165,234,0,0,1745,4,0,,,,0.1,4,0.2,0.899,,,,
ChangeDistiller,595,487,112,89,188,206,0,0,1741,4,0,,,,0.1,4,0.4,0.1,,,,
ChangeDistiller,621,478,126,103,182,210,0,0,1741,4,0,,,,0.1,4,0.4,0.3,,,,
ChangeDistiller,636,477,136,113,177,210,0,0,1743,4,0,,,,0.1,4,0.4,0.5,,,,
ChangeDistiller,805,464,211,188,165,241,0,0,1745,4,0,,,,0.1,4,0.4,0.7,,,,
ChangeDistiller,811,468,213,190,165,243,0,0,1745,4,0,,,,0.1,4,0.4,0.899,,,,
ChangeDistiller,642,472,124,101,189,228,0,0,1690,4,0,,,,0.1,4,0.6,0.1,,,,
ChangeDistiller,661,458,136,113,182,230,0,0,1691,4,0,,,,0.1,4,0.6,0.3,,,,
ChangeDistiller,695,444,152,129,177,237,0,0,1692,4,0,,,,0.1,4,0.6,0.5,,,,
ChangeDistiller,833,435,223,200,165,245,0,0,1694,4,0,,,,0.1,4,0.6,0.7,,,,
ChangeDistiller,844,415,227,204,165,248,0,0,1692,4,0,,,,0.1,4,0.6,0.899,,,,
ChangeDistiller,659,448,136,90,189,244,0,0,1758,4,0,,,,0.1,4,0.8,0.1,,,,
ChangeDistiller,687,433,148,113,182,244,0,0,1760,4,0,,,,0.1,4,0.8,0.3,,,,
ChangeDistiller,710,422,158,134,177,241,0,0,1760,4,0,,,,0.1,4,0.8,0.5,,,,
ChangeDistiller,839,414,225,202,165,247,0,0,1761,4,0,,,,0.1,4,0.8,0.7,,,,
ChangeDistiller,844,415,227,204,165,248,0,0,1762,4,0,,,,0.1,4,0.8,0.899,,,,
ChangeDistiller,662,449,137,91,189,245,0,0,1760,4,0,,,,0.1,4,1.0,0.1,,,,
ChangeDistiller,690,434,149,114,182,245,0,0,1760,4,0,,,,0.1,4,1.0,0.3,,,,
ChangeDistiller,713,423,159,135,177,242,0,0,1760,4,0,,,,0.1,4,1.0,0.5,,,,
ChangeDistiller,839,414,225,202,165,247,0,0,1761,4,0,,,,0.1,4,1.0,0.7,,,,
ChangeDistiller,844,415,227,204,165,248,0,0,1761,4,0,,,,0.1,4,1.0,0.899,,,,
ChangeDistiller,559,495,100,77,188,194,0,0,1689,4,0,,,,0.1,6,0.2,0.1,,,,
ChangeDistiller,604,489,120,97,182,205,0,0,1689,4,0,,,,0.1,6,0.2,0.3,,,,
ChangeDistiller,637,504,134,111,177,215,0,0,1690,4,0,,,,0.1,6,0.2,0.5,,,,
ChangeDistiller,790,559,204,181,165,240,0,0,1693,4,0,,,,0.1,6,0.2,0.7,,,,
ChangeDistiller,796,563,206,183,165,242,0,0,1694,4,0,,,,0.1,6,0.2,0.899,,,,
ChangeDistiller,580,485,106,83,188,203,0,0,1689,4,0,,,,0.1,6,0.4,0.1,,,,
ChangeDistiller,619,478,125,102,182,210,0,0,1692,4,0,,,,0.1,6,0.4,0.3,,,,
ChangeDistiller,645,480,139,116,177,213,0,0,1692,4,0,,,,0.1,6,0.4,0.5,,,,
ChangeDistiller,813,458,215,192,165,241,0,0,1692,4,0,,,,0.1,6,0.4,0.7,,,,
ChangeDistiller,819,462,217,194,165,243,0,0,1694,4,0,,,,0.1,6,0.4,0.899,,,,
ChangeDistiller,614,467,114,91,188,221,0,0,1832,4,0,,,,0.1,6,0.6,0.1,,,,
ChangeDistiller,651,456,132,109,182,228,0,0,1833,4,0,,,,0.1,6,0.6,0.3,,,,
ChangeDistiller,695,444,152,129,177,237,0,0,1834,4,0,,,,0.1,6,0.6,0.5,,,,
ChangeDistiller,833,435,223,200,165,245,0,0,1838,4,0,,,,0.1,6,0.6,0.7,,,,
ChangeDistiller,844,415,227,204,165,248,0,0,1837,4,0,,,,0.1,6,0.6,0.899,,,,
ChangeDistiller,625,444,124,75,188,238,0,0,1833,4,0,,,,0.1,6,0.8,0.1,,,,
ChangeDistiller,669,431,141,105,182,241,0,0,1838,4,0,,,,0.1,6,0.8,0.3,,,,
ChangeDistiller,702,420,155,131,177,239,0,0,1835,4,0,,,,0.1,6,0.8,0.5,,,,
ChangeDistiller,839,414,225,202,165,247,0,0,1836,4,0,,,,0.1,6,0.8,0.7,,,,
ChangeDistiller,844,415,227,204,165,248,0,0,1836,4,0,,,,0.1,6,0.8,0.899,,,,
ChangeDistiller,628,445,125,76,188,239,0,0,1690,4,0,,,,0.1,6,1.0,0.1,,,,
ChangeDistiller,672,432,142,106,182,242,0,0,1690,4,0,,,,0.1,6,1.0,0.3,,,,
ChangeDistiller,705,421,156,132,177,240,0,0,1690,4,0,,,,0.1,6,1.0,0.5,,,,
ChangeDistiller,839,414,225,202,165,247,0,0,1694,4,0,,,,0.1,6,1.0,0.7,,,,
ChangeDistiller,844,415,227,204,165,248,0,0,1694,4,0,,,,0.1,6,1.0,0.899,,,,
ChangeDistiller,370,334,61,38,132,139,0,0,886,4,0,,,,0.3,2,0.2,0.1,,,,
ChangeDistiller,371,335,62,39,132,138,0,0,888,4,0,,,,0.3,2,0.2,0.3,,,,
ChangeDistiller,384,343,69,46,127,142,0,0,886,4,0,,,,0.3,2,0.2,0.5,,,,
ChangeDistiller,507,437,110,87,124,186,0,0,888,4,0,,,,0.3,2,0.2,0.7,,,,
ChangeDistiller,507,437,110,87,124,186,0,0,888,4,0,,,,0.3,2,0.2,0.899,,,,
ChangeDistiller,372,332,64,41,131,136,0,0,886,4,0,,,,0.3,2,0.4,0.1,,,,
ChangeDistiller,373,333,65,42,131,135,0,0,888,4,0,,,,0.3,2,0.4,0.3,,,,
ChangeDistiller,390,341,74,51,125,140,0,0,887,4,0,,,,0.3,2,0.4,0.5,,,,
ChangeDistiller,507,410,120,97,119,171,0,0,887,4,0,,,,0.3,2,0.4,0.7,,,,
ChangeDistiller,507,410,120,97,119,171,0,0,887,4,0,,,,0.3,2,0.4,0.899,,,,
ChangeDistiller,432,361,82,59,131,160,0,0,887,4,0,,,,0.3,2,0.6,0.1,,,,
ChangeDistiller,434,361,84,61,130,159,0,0,887,4,0,,,,0.3,2,0.6,0.3,,,,
ChangeDistiller,446,363,92,69,124,161,0,0,887,4,0,,,,0.3,2,0.6,0.5,,,,
ChangeDistiller,626,379,160,137,115,214,0,0,888,4,0,,,,0.3,2,0.6,0.7,,,,
ChangeDistiller,626,379,160,137,115,214,0,0,889,4,0,,,,0.3,2,0.6,0.899,,,,
ChangeDistiller,575,371,126,89,130,230,0,0,889,4,0,,,,0.3,2,0.8,0.1,,,,
ChangeDistiller,577,369,128,91,129,229,0,0,891,4,0,,,,0.3,2,0.8,0.3,,,,
ChangeDistiller,593,360,136,105,123,229,0,0,1008,4,0,,,,0.3,2,0.8,0.5,,,,
ChangeDistiller,693,350,184,161,115,233,0,0,1010,4,0,,,,0.3,2,0.8,0.7,,,,
ChangeDistiller,693,350,184,161,115,233,0,0,1009,4,0,,,,0.3,2,0.8,0.899,,,,
ChangeDistiller,615,380,138,106,131,240,0,0,1008,4,0,,,,0.3,2,1.0,0.1,,,,
ChangeDistiller,617,377,141,108,129,239,0,0,1008,4,0,,,,0.3,2,1.0,0.3,,,,
ChangeDistiller,633,368,149,122,123,239,0,0,1008,4,0,,,,0.3,2,1.0,0.5,,,,
ChangeDistiller,711,356,190,167,115,239,0,0,1010,4,0,,,,0.3,2,1.0,0.7,,,,
ChangeDistiller,711,356,190,167,115,239,0,0,1010,4,0,,,,0.3,2,1.0,0.899,,,,
ChangeDistiller,374,336,60,37,136,141,0,0,1005,4,0,,,,0.3,4,0.2,0.1,,,,
ChangeDistiller,370,336,63,40,131,136,0,0,1008,4,0,,,,0.3,4,0.2,0.3,,,,
ChangeDistiller,393,347,74,51,125,143,0,0,886,4,0,,,,0.3,4,0.2,0.5,,,,
ChangeDistiller,591,466,146,123,115,207,0,0,888,4,0,,,,0.3,4,0.2,0.7,,,,
ChangeDistiller,606,478,150,127,115,214,0,0,889,4,0,,,,0.3,4,0.2,0.899,,,,
ChangeDistiller,377,337,61,38,136,142,0,0,886,4,0,,,,0.3,4,0.4,0.1,,,,
ChangeDistiller,373,337,64,41,131,137,0,0,886,4,0,,,,0.3,4,0.4,0.3,,,,
ChangeDistiller,394,343,75,52,125,142,0,0,886,4,0,,,,0.3,4,0.4,0.5,,,,
ChangeDistiller,598,434,154,131,115,198,0,0,888,4,0,,,,0.3,4,0.4,0.7,,,,
ChangeDistiller,613,445,158,135,115,205,0,0,888,4,0,,,,0.3,4,0.4,0.899,,,,
ChangeDistiller,406,347,71,48,136,151,0,0,886,4,0,,,,0.3,4,0.6,0.1,,,,
ChangeDistiller,402,345,74,51,131,146,0,0,888,4,0,,,,0.3,4,0.6,0.3,,,,
ChangeDistiller,425,348,86,63,125,151,0,0,888,4,0,,,,0.3,4,0.6,0.5,,,,
ChangeDistiller,662,381,174,151,115,222,0,0,888,4,0,,,,0.3,4,0.6,0.7,,,,
ChangeDistiller,685,393,179,156,115,235,0,0,890,4,0,,,,0.3,4,0.6,0.899,,,,
ChangeDistiller,483,372,86,63,136,198,0,0,887,4,0,,,,0.3,4,0.8,0.1,,,,
ChangeDistiller,481,370,89,66,131,195,0,0,887,4,0,,,,0.3,4,0.8,0.3,,,,
ChangeDistiller,499,358,100,77,125,197,0,0,887,4,0,,,,0.3,4,0.8,0.5,,,,
ChangeDistiller,690,349,183,160,115,232,0,0,890,4,0,,,,0.3,4,0.8,0.7,,,,
ChangeDistiller,711,356,190,167,115,239,0,0,890,4,0,,,,0.3,4,0.8,0.899,,,,
ChangeDistiller,514,368,100,60,136,218,0,0,887,4,0,,,,0.3,4,1.0,0.1,,,,
ChangeDistiller,512,362,103,63,131,215,0,0,890,4,0,,,,0.3,4,1.0,0.3,,,,
ChangeDistiller,537,352,114,82,125,216,0,0,888,4,0,,,,0.3,4,1.0,0.5,,,,
ChangeDistiller,698,351,186,163,115,234,0,0,889,4,0,,,,0.3,4,1.0,0.7,,,,
ChangeDistiller,711,356,190,167,115,239,0,0,890,4,0,,,,0.3,4,1.0,0.899,,,,
ChangeDistiller,374,336,60,37,136,141,0,0,886,4,0,,,,0.3,6,0.2,0.1,,,,
ChangeDistiller,370,336,63,40,131,136,0,0,974,4,0,,,,0.3,6,0.2,0.3,,,,
ChangeDistiller,398,348,76,53,125,144,0,0,973,4,0,,,,0.3,6,0.2,0.5,,,,
ChangeDistiller,619,465,158,135,115,211,0,0,975,4,0,,,,0.3,6,0.2,0.7,,,,
ChangeDistiller,642,479,165,142,115,220,0,0,976,4,0,,,,0.3,6,0.2,0.899,,,,
ChangeDistiller,377,337,61,38,136,142,0,0,973,4,0,,,,0.3,6,0.4,0.1,,,,
ChangeDistiller,373,337,64,41,131,137,0,0,975,4,0,,,,0.3,6,0.4,0.3,,,,
ChangeDistiller,399,344,77,54,125,143,0,0,973,4,0,,,,0.3,6,0.4,0.5,,,,
ChangeDistiller,634,441,166,143,115,210,0,0,975,4,0,,,,0.3,6,0.4,0.7,,,,
ChangeDistiller,657,454,173,150,115,219,0,0,976,4,0,,,,0.3,6,0.4,0.899,,,,
ChangeDistiller,390,333,66,43,136,145,0,0,972,4,0,,,,0.3,6,0.6,0.1,,,,
ChangeDistiller,386,331,69,46,131,140,0,0,885,4,0,,,,0.3,6,0.6,0.3,,,,
ChangeDistiller,415,338,83,60,125,147,0,0,887,4,0,,,,0.3,6,0.6,0.5,,,,
ChangeDistiller,662,381,174,151,115,222,0,0,890,4,0,,,,0.3,6,0.6,0.7,,,,
ChangeDistiller,691,389,182,159,115,235,0,0,890,4,0,,,,0.3,6,0.6,0.899,,,,
ChangeDistiller,457,365,76,53,136,192,0,0,887,4,0,,,,0.3,6,0.8,0.1,,,,
ChangeDistiller,455,364,79,56,131,189,0,0,889,4,0,,,,0.3,6,0.8,0.3,,,,
ChangeDistiller,478,355,92,69,125,192,0,0,888,4,0,,,,0.3,6,0.8,0.5,,,,
ChangeDistiller,690,349,183,160,115,232,0,0,890,4,0,,,,0.3,6,0.8,0.7,,,,
ChangeDistiller,711,356,190,167,115,239,0,0,890,4,0,,,,0.3,6,0.8,0.899,,,,
ChangeDistiller,474,359,85,44,136,209,0,0,887,4,0,,,,0.3,6,1.0,0.1,,,,
ChangeDistiller,472,354,88,47,131,206,0,0,889,4,0,,,,0.3,6,1.0,0.3,,,,
ChangeDistiller,501,346,101,67,125,208,0,0,887,4,0,,,,0.3,6,1.0,0.5,,,,
ChangeDistiller,690,349,183,160,115,232,0,0,889,4,0,,,,0.3,6,1.0,0.7,,,,
ChangeDistiller,711,356,190,167,115,239,0,0,890,4,0,,,,0.3,6,1.0,0.899,,,,
ChangeDistiller,228,205,37,14,82,95,0,0,500,4,0,,,,0.5,2,0.2,0.1,,,,
ChangeDistiller,229,206,38,15,82,94,0,0,502,4,0,,,,0.5,2,0.2,0.3,,,,
ChangeDistiller,237,211,42,19,81,95,0,0,500,4,0,,,,0.5,2,0.2,0.5,,,,
ChangeDistiller,322,284,72,49,74,127,0,0,505,4,0,,,,0.5,2,0.2,0.7,,,,
ChangeDistiller,322,284,72,49,74,127,0,0,501,4,0,,,,0.5,2,0.2,0.899,,,,
ChangeDistiller,242,210,44,21,80,97,0,0,501,4,0,,,,0.5,2,0.4,0.1,,,,
ChangeDistiller,243,211,45,22,80,96,0,0,501,4,0,,,,0.5,2,0.4,0.3,,,,
ChangeDistiller,240,209,45,22,79,94,0,0,501,4,0,,,,0.5,2,0.4,0.5,,,,
ChangeDistiller,314,261,77,54,71,112,0,0,501,4,0,,,,0.5,2,0.4,0.7,,,,
ChangeDistiller,314,261,77,54,71,112,0,0,502,4,0,,,,0.5,2,0.4,0.899,,,,
ChangeDistiller,276,219,55,32,80,109,0,0,501,4,0,,,,0.5,2,0.6,0.1,,,,
ChangeDistiller,277,219,56,33,80,108,0,0,502,4,0,,,,0.5,2,0.6,0.3,,,,
ChangeDistiller,271,213,56,33,78,104,0,0,501,4,0,,,,0.5,2,0.6,0.5,,,,
ChangeDistiller,374,265,99,76,69,130,0,0,502,4,0,,,,0.5,2,0.6,0.7,,,,
ChangeDistiller,374,265,99,76,69,130,0,0,502,4,0,,,,0.5,2,0.6,0.899,,,,
ChangeDistiller,370,269,77,54,79,160,0,0,503,4,0,,,,0.5,2,0.8,0.1,,,,
ChangeDistiller,370,268,78,55,79,158,0,0,504,4,0,,,,0.5,2,0.8,0.3,,,,
ChangeDistiller,384,265,83,60,77,164,0,0,502,4,0,,,,0.5,2,0.8,0.5,,,,
ChangeDistiller,446,251,116,85,68,177,0,0,503,4,0,,,,0.5,2,0.8,0.7,,,,
ChangeDistiller,446,251,116,85,68,177,0,0,502,4,0,,,,0.5,2,0.8,0.899,,,,
ChangeDistiller,430,274,91,68,80,191,0,0,503,4,0,,,,0.5,2,1.0,0.1,,,,
ChangeDistiller,429,271,92,69,79,189,0,0,502,4,0,,,,0.5,2,1.0,0.3,,,,
ChangeDistiller,433,269,95,72,77,189,0,0,503,4,0,,,,0.5,2,1.0,0.5,,,,
ChangeDistiller,484,259,125,102,68,189,0,0,503,4,0,,,,0.5,2,1.0,0.7,,,,
ChangeDistiller,484,259,125,102,68,189,0,0,503,4,0,,,,0.5,2,1.0,0.899,,,,
ChangeDistiller,227,205,36,13,82,96,0,0,630,4,0,,,,0.5,4,0.2,0.1,,,,
ChangeDistiller,232,208,40,17,81,94,0,0,632,4,0,,,,0.5,4,0.2,0.3,,,,
ChangeDistiller,241,214,45,22,79,95,0,0,630,4,0,,,,0.5,4,0.2,0.5,,,,
ChangeDistiller,370,304,91,68,68,143,0,0,631,4,0,,,,0.5,4,0.2,0.7,,,,
ChangeDistiller,382,315,94,71,68,149,0,0,631,4,0,,,,0.5,4,0.2,0.899,,,,
ChangeDistiller,226,204,36,13,82,95,0,0,629,4,0,,,,0.5,4,0.4,0.1,,,,
ChangeDistiller,232,208,40,17,81,94,0,0,629,4,0,,,,0.5,4,0.4,0.3,,,,
ChangeDistiller,243,212,46,23,79,95,0,0,630,4,0,,,,0.5,4,0.4,0.5,,,,
ChangeDistiller,357,278,93,70,68,126,0,0,631,4,0,,,,0.5,4,0.4,0.7,,,,
ChangeDistiller,369,289,96,73,68,132,0,0,631,4,0,,,,0.5,4,0.4,0.899,,,,
ChangeDistiller,236,206,40,17,82,97,0,0,500,4,0,,,,0.5,4,0.6,0.1,,,,
ChangeDistiller,241,206,44,21,81,95,0,0,501,4,0,,,,0.5,4,0.6,0.3,,,,
ChangeDistiller,260,208,52,29,79,100,0,0,500,4,0,,,,0.5,4,0.6,0.5,,,,
ChangeDistiller,391,272,105,82,68,136,0,0,502,4,0,,,,0.5,4,0.6,0.7,,,,
ChangeDistiller,403,283,108,85,68,142,0,0,503,4,0,,,,0.5,4,0.6,0.899,,,,
ChangeDistiller,265,220,46,23,82,114,0,0,501,4,0,,,,0.5,4,0.8,0.1,,,,
ChangeDistiller,270,220,50,27,81,112,0,0,501,4,0,,,,0.5,4,0.8,0.3,,,,
ChangeDistiller,275,216,55,32,79,109,0,0,501,4,0,,,,0.5,4,0.8,0.5,,,,
ChangeDistiller,443,251,115,84,68,176,0,0,503,4,0,,,,0.5,4,0.8,0.7,,,,
ChangeDistiller,452,253,118,87,68,179,0,0,502,4,0,,,,0.5,4,0.8,0.899,,,,
ChangeDistiller,376,272,67,42,82,185,0,0,502,4,0,,,,0.5,4,1.0,0.1,,,,
ChangeDistiller,378,266,71,47,81,179,0,0,504,4,0,,,,0.5,4,1.0,0.3,,,,
ChangeDistiller,384,261,76,53,79,176,0,0,502,4,0,,,,0.5,4,1.0,0.5,,,,
ChangeDistiller,475,257,122,99,68,186,0,0,503,4,0,,,,0.5,4,1.0,0.7,,,,
ChangeDistiller,484,259,125,102,68,189,0,0,503,4,0,,,,0.5,4,1.0,0.899,,,,
ChangeDistiller,227,205,36,13,82,96,0,0,500,4,0,,,,0.5,6,0.2,0.1,,,,
ChangeDistiller,232,208,40,17,81,94,0,0,501,4,0,,,,0.5,6,0.2,0.3,,,,
ChangeDistiller,241,214,45,22,79,95,0,0,501,4,0,,,,0.5,6,0.2,0.5,,,,
ChangeDistiller,386,301,99,76,68,143,0,0,502,4,0,,,,0.5,6,0.2,0.7,,,,
ChangeDistiller,398,312,102,79,68,149,0,0,502,4,0,,,,0.5,6,0.2,0.899,,,,
ChangeDistiller,226,204,36,13,82,95,0,0,500,4,0,,,,0.5,6,0.4,0.1,,,,
ChangeDistiller,232,208,40,17,81,94,0,0,502,4,0,,,,0.5,6,0.4,0.3,,,,
ChangeDistiller,243,212,46,23,79,95,0,0,500,4,0,,,,0.5,6,0.4,0.5,,,,
ChangeDistiller,383,287,101,78,68,136,0,0,501,4,0,,,,0.5,6,0.4,0.7,,,,
ChangeDistiller,395,298,104,81,68,142,0,0,502,4,0,,,,0.5,6,0.4,0.899,,,,
ChangeDistiller,233,205,39,16,82,96,0,0,500,4,0,,,,0.5,6,0.6,0.1,,,,
ChangeDistiller,238,205,43,20,81,94,0,0,500,4,0,,,,0.5,6,0.6,0.3,,,,
ChangeDistiller,257,207,51,28,79,99,0,0,500,4,0,,,,0.5,6,0.6,0.5,,,,
ChangeDistiller,397,274,107,84,68,138,0,0,502,4,0,,,,0.5,6,0.6,0.7,,,,
ChangeDistiller,409,285,110,87,68,144,0,0,503,4,0,,,,0.5,6,0.6,0.899,,,,
ChangeDistiller,246,208,42,19,82,103,0,0,500,4,0,,,,0.5,6,0.8,0.1,,,,
ChangeDistiller,260,212,47,24,81,108,0,0,501,4,0,,,,0.5,6,0.8,0.3,,,,
ChangeDistiller,266,211,52,29,79,106,0,0,501,4,0,,,,0.5,6,0.8,0.5,,,,
ChangeDistiller,443,251,115,84,68,176,0,0,503,4,0,,,,0.5,6,0.8,0.7,,,,
ChangeDistiller,452,253,118,87,68,179,0,0,502,4,0,,,,0.5,6,0.8,0.899,,,,
ChangeDistiller,352,260,62,37,81,172,0,0,502,4,0,,,,0.5,6,1.0,0.3,,,,
ChangeDistiller,360,259,68,41,79,172,0,0,502,4,0,,,,0.5,6,1.0,0.5,,,,
ChangeDistiller,475,257,122,99,68,186,0,0,503,4,0,,,,0.5,6,1.0,0.7,,,,
ChangeDistiller,484,259,125,102,68,189,0,0,503,4,0,,,,0.5,6,1.0,0.899,,,,
ChangeDistiller,159,141,30,7,54,68,0,0,381,4,0,,,,0.7,2,0.2,0.1,,,,
ChangeDistiller,160,142,31,8,54,67,0,0,382,4,0,,,,0.7,2,0.2,0.3,,,,
ChangeDistiller,171,149,35,12,54,70,0,0,381,4,0,,,,0.7,2,0.2,0.5,,,,
ChangeDistiller,251,214,62,39,48,102,0,0,382,4,0,,,,0.7,2,0.2,0.7,,,,
ChangeDistiller,251,214,62,39,48,102,0,0,381,4,0,,,,0.7,2,0.2,0.899,,,,
ChangeDistiller,170,146,35,12,53,70,0,0,381,4,0,,,,0.7,2,0.4,0.1,,,,
ChangeDistiller,171,147,36,13,53,69,0,0,381,4,0,,,,0.7,2,0.4,0.3,,,,
ChangeDistiller,177,151,38,15,53,71,0,0,381,4,0,,,,0.7,2,0.4,0.5,,,,
ChangeDistiller,240,188,67,44,45,84,0,0,381,4,0,,,,0.7,2,0.4,0.7,,,,
ChangeDistiller,240,188,67,44,45,84,0,0,381,4,0,,,,0.7,2,0.4,0.899,,,,
ChangeDistiller,188,152,42,19,52,75,0,0,381,4,0,,,,0.7,2,0.6,0.1,,,,
ChangeDistiller,189,152,43,20,52,74,0,0,383,4,0,,,,0.7,2,0.6,0.3,,,,
ChangeDistiller,195,154,46,23,51,75,0,0,381,4,0,,,,0.7,2,0.6,0.5,,,,
ChangeDistiller,305,197,90,67,42,106,0,0,383,4,0,,,,0.7,2,0.6,0.7,,,,
ChangeDistiller,305,197,90,67,42,106,0,0,382,4,0,,,,0.7,2,0.6,0.899,,,,
ChangeDistiller,270,195,67,44,52,107,0,0,382,4,0,,,,0.7,2,0.8,0.1,,,,
ChangeDistiller,270,194,68,45,52,105,0,0,381,4,0,,,,0.7,2,0.8,0.3,,,,
ChangeDistiller,276,194,71,48,51,106,0,0,383,4,0,,,,0.7,2,0.8,0.5,,,,
ChangeDistiller,381,222,104,81,42,154,0,0,382,4,0,,,,0.7,2,0.8,0.7,,,,
ChangeDistiller,381,222,104,81,42,154,0,0,383,4,0,,,,0.7,2,0.8,0.899,,,,
ChangeDistiller,383,241,86,61,52,184,0,0,602,4,0,,,,0.7,2,1.0,0.1,,,,
ChangeDistiller,383,239,87,62,52,182,0,0,602,4,0,,,,0.7,2,1.0,0.3,,,,
ChangeDistiller,390,236,90,67,51,182,0,0,601,4,0,,,,0.7,2,1.0,0.5,,,,
ChangeDistiller,435,226,117,94,42,182,0,0,601,4,0,,,,0.7,2,1.0,0.7,,,,
ChangeDistiller,435,226,117,94,42,182,0,0,601,4,0,,,,0.7,2,1.0,0.899,,,,
ChangeDistiller,158,141,29,6,54,69,0,0,599,4,0,,,,0.7,4,0.2,0.1,,,,
ChangeDistiller,163,144,33,10,53,67,0,0,599,4,0,,,,0.7,4,0.2,0.3,,,,
ChangeDistiller,178,156,38,15,53,72,0,0,601,4,0,,,,0.7,4,0.2,0.5,,,,
ChangeDistiller,294,227,81,58,42,113,0,0,600,4,0,,,,0.7,4,0.2,0.7,,,,
ChangeDistiller,311,242,85,62,42,122,0,0,600,4,0,,,,0.7,4,0.2,0.899,,,,
ChangeDistiller,157,140,29,6,54,68,0,0,380,4,0,,,,0.7,4,0.4,0.1,,,,
ChangeDistiller,163,144,33,10,53,67,0,0,381,4,0,,,,0.7,4,0.4,0.3,,,,
ChangeDistiller,180,154,39,16,53,72,0,0,381,4,0,,,,0.7,4,0.4,0.5,,,,
ChangeDistiller,280,200,83,60,42,95,0,0,385,4,0,,,,0.7,4,0.4,0.7,,,,
ChangeDistiller,297,215,87,64,42,104,0,0,381,4,0,,,,0.7,4,0.4,0.899,,,,
ChangeDistiller,164,141,32,9,54,69,0,0,381,4,0,,,,0.7,4,0.6,0.1,,,,
ChangeDistiller,169,141,36,13,53,67,0,0,380,4,0,,,,0.7,4,0.6,0.3,,,,
ChangeDistiller,188,149,43,20,53,72,0,0,390,4,0,,,,0.7,4,0.6,0.5,,,,
ChangeDistiller,318,200,95,72,42,109,0,0,382,4,0,,,,0.7,4,0.6,0.7,,,,
ChangeDistiller,335,215,99,76,42,118,0,0,382,4,0,,,,0.7,4,0.6,0.899,,,,
ChangeDistiller,187,156,37,14,54,82,0,0,381,4,0,,,,0.7,4,0.8,0.1,,,,
ChangeDistiller,192,156,41,18,53,80,0,0,382,4,0,,,,0.7,4,0.8,0.3,,,,
ChangeDistiller,203,158,46,23,53,81,0,0,381,4,0,,,,0.7,4,0.8,0.5,,,,
ChangeDistiller,377,219,103,80,42,152,0,0,383,4,0,,,,0.7,4,0.8,0.7,,,,
ChangeDistiller,393,231,107,84,42,160,0,0,383,4,0,,,,0.7,4,0.8,0.899,,,,
ChangeDistiller,324,235,61,34,54,175,0,0,382,4,0,,,,0.7,4,1.0,0.1,,,,
ChangeDistiller,326,229,65,39,53,169,0,0,382,4,0,,,,0.7,4,1.0,0.3,,,,
ChangeDistiller,338,226,70,47,53,168,0,0,382,4,0,,,,0.7,4,1.0,0.5,,,,
ChangeDistiller,422,223,113,90,42,177,0,0,384,4,0,,,,0.7,4,1.0,0.7,,,,
ChangeDistiller,435,226,117,94,42,182,0,0,383,4,0,,,,0.7,4,1.0,0.899,,,,
ChangeDistiller,158,141,29,6,54,69,0,0,381,4,0,,,,0.7,6,0.2,0.1,,,,
ChangeDistiller,163,144,33,10,53,67,0,0,382,4,0,,,,0.7,6,0.2,0.3,,,,
ChangeDistiller,178,156,38,15,53,72,0,0,380,4,0,,,,0.7,6,0.2,0.5,,,,
ChangeDistiller,313,225,90,67,42,114,0,0,382,4,0,,,,0.7,6,0.2,0.7,,,,
ChangeDistiller,330,240,94,71,42,123,0,0,382,4,0,,,,0.7,6,0.2,0.899,,,,
ChangeDistiller,157,140,29,6,54,68,0,0,380,4,0,,,,0.7,6,0.4,0.1,,,,
ChangeDistiller,163,144,33,10,53,67,0,0,381,4,0,,,,0.7,6,0.4,0.3,,,,
ChangeDistiller,180,154,39,16,53,72,0,0,381,4,0,,,,0.7,6,0.4,0.5,,,,
ChangeDistiller,312,214,92,69,42,109,0,0,382,4,0,,,,0.7,6,0.4,0.7,,,,
ChangeDistiller,329,229,96,73,42,118,0,0,382,4,0,,,,0.7,6,0.4,0.899,,,,
ChangeDistiller,164,141,32,9,54,69,0,0,381,4,0,,,,0.7,6,0.6,0.1,,,,
ChangeDistiller,169,141,36,13,53,67,0,0,381,4,0,,,,0.7,6,0.6,0.3,,,,
ChangeDistiller,188,149,43,20,53,72,0,0,381,4,0,,,,0.7,6,0.6,0.5,,,,
ChangeDistiller,327,203,98,75,42,112,0,0,382,4,0,,,,0.7,6,0.6,0.7,,,,
ChangeDistiller,344,218,102,79,42,121,0,0,382,4,0,,,,0.7,6,0.6,0.899,,,,
ChangeDistiller,180,149,35,12,54,79,0,0,381,4,0,,,,0.7,6,0.8,0.1,,,,
ChangeDistiller,185,149,39,16,53,77,0,0,381,4,0,,,,0.7,6,0.8,0.3,,,,
ChangeDistiller,197,154,44,21,53,79,0,0,381,4,0,,,,0.7,6,0.8,0.5,,,,
ChangeDistiller,377,219,103,80,42,152,0,0,382,4,0,,,,0.7,6,0.8,0.7,,,,
ChangeDistiller,393,231,107,84,42,160,0,0,383,4,0,,,,0.7,6,0.8,0.899,,,,
ChangeDistiller,291,222,51,24,54,162,0,0,381,4,0,,,,0.7,6,1.0,0.1,,,,
ChangeDistiller,296,219,55,29,53,159,0,0,383,4,0,,,,0.7,6,1.0,0.3,,,,
ChangeDistiller,312,220,61,37,53,161,0,0,382,4,0,,,,0.7,6,1.0,0.5,,,,
ChangeDistiller,422,223,113,90,42,177,0,0,383,4,0,,,,0.7,6,1.0,0.7,,,,
ChangeDistiller,435,226,117,94,42,182,0,0,383,4,0,,,,0.7,6,1.0,0.899,,,,
ChangeDistiller,82,65,28,5,14,35,0,0,290,4,0,,,,0.899,2,0.2,0.1,,,,
ChangeDistiller,83,66,29,6,14,34,0,0,290,4,0,,,,0.899,2,0.2,0.3,,,,
ChangeDistiller,81,62,29,6,13,33,0,0,291,4,0,,,,0.899,2,0.2,0.5,,,,
ChangeDistiller,93,68,37,14,7,35,0,0,291,4,0,,,,0.899,2,0.2,0.7,,,,
ChangeDistiller,93,68,37,14,7,35,0,0,290,4,0,,,,0.899,2,0.2,0.899,,,,
ChangeDistiller,81,62,29,6,13,33,0,0,291,4,0,,,,0.899,2,0.4,0.1,,,,
ChangeDistiller,82,63,30,7,13,32,0,0,291,4,0,,,,0.899,2,0.4,0.3,,,,
ChangeDistiller,80,60,30,7,12,31,0,0,291,4,0,,,,0.899,2,0.4,0.5,,,,
ChangeDistiller,92,59,39,16,6,31,0,0,291,4,0,,,,0.899,2,0.4,0.7,,,,
ChangeDistiller,92,59,39,16,6,31,0,0,290,4,0,,,,0.899,2,0.4,0.899,,,,
ChangeDistiller,96,68,35,12,12,37,0,0,291,4,0,,,,0.899,2,0.6,0.1,,,,
ChangeDistiller,97,68,36,13,12,36,0,0,290,4,0,,,,0.899,2,0.6,0.3,,,,
ChangeDistiller,95,65,36,13,11,35,0,0,290,4,0,,,,0.899,2,0.6,0.5,,,,
ChangeDistiller,112,61,46,23,5,38,0,0,291,4,0,,,,0.899,2,0.6,0.7,,,,
ChangeDistiller,112,61,46,23,5,38,0,0,291,4,0,,,,0.899,2,0.6,0.899,,,,
ChangeDistiller,114,72,39,16,12,47,0,0,291,4,0,,,,0.899,2,0.8,0.1,,,,
ChangeDistiller,115,72,40,17,12,46,0,0,290,4,0,,,,0.899,2,0.8,0.3,,,,
ChangeDistiller,113,70,40,17,11,45,0,0,292,4,0,,,,0.899,2,0.8,0.5,,,,
ChangeDistiller,124,66,48,25,5,46,0,0,291,4,0,,,,0.899,2,0.8,0.7,,,,
ChangeDistiller,124,66,48,25,5,46,0,0,291,4,0,,,,0.899,2,0.8,0.899,,,,
ChangeDistiller,194,127,46,23,12,113,0,0,291,4,0,,,,0.899,2,1.0,0.1,,,,
ChangeDistiller,195,126,47,24,12,112,0,0,291,4,0,,,,0.899,2,1.0,0.3,,,,
ChangeDistiller,194,126,47,24,11,112,0,0,291,4,0,,,,0.899,2,1.0,0.5,,,,
ChangeDistiller,204,119,55,32,5,112,0,0,291,4,0,,,,0.899,2,1.0,0.7,,,,
ChangeDistiller,204,119,55,32,5,112,0,0,291,4,0,,,,0.899,2,1.0,0.899,,,,
ChangeDistiller,81,65,27,4,14,36,0,0,290,4,0,,,,0.899,4,0.2,0.1,,,,
ChangeDistiller,82,66,29,6,13,34,0,0,290,4,0,,,,0.899,4,0.2,0.3,,,,
ChangeDistiller,84,65,31,8,12,33,0,0,292,4,0,,,,0.899,4,0.2,0.5,,,,
ChangeDistiller,102,72,41,18,5,38,0,0,291,4,0,,,,0.899,4,0.2,0.7,,,,
ChangeDistiller,106,75,42,19,5,40,0,0,290,4,0,,,,0.899,4,0.2,0.899,,,,
ChangeDistiller,80,64,27,4,14,35,0,0,291,4,0,,,,0.899,4,0.4,0.1,,,,
ChangeDistiller,76,58,29,6,13,28,0,0,291,4,0,,,,0.899,4,0.4,0.3,,,,
ChangeDistiller,83,63,31,8,12,32,0,0,290,4,0,,,,0.899,4,0.4,0.5,,,,
ChangeDistiller,101,64,42,19,5,35,0,0,291,4,0,,,,0.899,4,0.4,0.7,,,,
ChangeDistiller,105,67,43,20,5,37,0,0,290,4,0,,,,0.899,4,0.4,0.899,,,,
ChangeDistiller,87,65,30,7,14,36,0,0,378,4,0,,,,0.899,4,0.6,0.1,,,,
ChangeDistiller,86,62,32,9,13,32,0,0,377,4,0,,,,0.899,4,0.6,0.3,,,,
ChangeDistiller,89,59,34,11,12,32,0,0,379,4,0,,,,0.899,4,0.6,0.5,,,,
ChangeDistiller,112,61,46,23,5,38,0,0,378,4,0,,,,0.899,4,0.6,0.7,,,,
ChangeDistiller,116,64,47,24,5,40,0,0,378,4,0,,,,0.899,4,0.6,0.899,,,,
ChangeDistiller,103,72,33,10,14,46,0,0,377,4,0,,,,0.899,4,0.8,0.1,,,,
ChangeDistiller,102,69,35,12,13,42,0,0,377,4,0,,,,0.899,4,0.8,0.3,,,,
ChangeDistiller,104,64,37,14,12,41,0,0,378,4,0,,,,0.899,4,0.8,0.5,,,,
ChangeDistiller,120,63,47,24,5,44,0,0,378,4,0,,,,0.899,4,0.8,0.7,,,,
ChangeDistiller,124,66,48,25,5,46,0,0,378,4,0,,,,0.899,4,0.8,0.899,,,,
ChangeDistiller,183,131,40,15,14,114,0,0,291,4,0,,,,0.899,4,1.0,0.1,,,,
ChangeDistiller,183,128,42,18,13,110,0,0,291,4,0,,,,0.899,4,1.0,0.3,,,,
ChangeDistiller,187,126,44,21,12,110,0,0,291,4,0,,,,0.899,4,1.0,0.5,,,,
ChangeDistiller,201,119,54,31,5,111,0,0,291,4,0,,,,0.899,4,1.0,0.7,,,,
ChangeDistiller,204,119,55,32,5,112,0,0,291,4,0,,,,0.899,4,1.0,0.899,,,,
ChangeDistiller,81,65,27,4,14,36,0,0,291,4,0,,,,0.899,6,0.2,0.1,,,,
ChangeDistiller,82,66,29,6,13,34,0,0,291,4,0,,,,0.899,6,0.2,0.3,,,,
ChangeDistiller,84,65,31,8,12,33,0,0,290,4,0,,,,0.899,6,0.2,0.5,,,,
ChangeDistiller,102,72,41,18,5,38,0,0,291,4,0,,,,0.899,6,0.2,0.7,,,,
ChangeDistiller,106,75,42,19,5,40,0,0,291,4,0,,,,0.899,6,0.2,0.899,,,,
ChangeDistiller,80,64,27,4,14,35,0,0,291,4,0,,,,0.899,6,0.4,0.1,,,,
ChangeDistiller,76,58,29,6,13,28,0,0,291,4,0,,,,0.899,6,0.4,0.3,,,,
ChangeDistiller,83,63,31,8,12,32,0,0,292,4,0,,,,0.899,6,0.4,0.5,,,,
ChangeDistiller,101,64,42,19,5,35,0,0,291,4,0,,,,0.899,6,0.4,0.7,,,,
ChangeDistiller,105,67,43,20,5,37,0,0,291,4,0,,,,0.899,6,0.4,0.899,,,,
ChangeDistiller,87,65,30,7,14,36,0,0,290,4,0,,,,0.899,6,0.6,0.1,,,,
ChangeDistiller,86,62,32,9,13,32,0,0,290,4,0,,,,0.899,6,0.6,0.3,,,,
ChangeDistiller,89,59,34,11,12,32,0,0,291,4,0,,,,0.899,6,0.6,0.5,,,,
ChangeDistiller,112,61,46,23,5,38,0,0,291,4,0,,,,0.899,6,0.6,0.7,,,,
ChangeDistiller,116,64,47,24,5,40,0,0,291,4,0,,,,0.899,6,0.6,0.899,,,,
ChangeDistiller,103,72,33,10,14,46,0,0,291,4,0,,,,0.899,6,0.8,0.1,,,,
ChangeDistiller,102,69,35,12,13,42,0,0,290,4,0,,,,0.899,6,0.8,0.3,,,,
ChangeDistiller,104,64,37,14,12,41,0,0,289,4,0,,,,0.899,6,0.8,0.5,,,,
ChangeDistiller,120,63,47,24,5,44,0,0,287,4,0,,,,0.899,6,0.8,0.7,,,,
ChangeDistiller,124,66,48,25,5,46,0,0,290,4,0,,,,0.899,6,0.8,0.899,,,,
ChangeDistiller,183,128,42,18,13,110,0,0,284,4,0,,,,0.899,6,1.0,0.3,,,,
ChangeDistiller,187,126,44,21,12,110,0,0,288,4,0,,,,0.899,6,1.0,0.5,,,,
ChangeDistiller,201,119,54,31,5,111,0,0,274,4,0,,,,0.899,6,1.0,0.7,,,,
ChangeDistiller,204,119,55,32,5,112,0,0,286,4,0,,,,0.899,6,1.0,0.899,,,,
