MATCHER,NRACTIONS,NRROOTS,NR_INSERT,NR_DELETE,NR_UPDATE,NR_MOVE,NR_TREEINSERT,NR_TREEDELETE,TIME,NROPTIONS,TIMEOUT,GT_BUM_SMT,GT_BUM_SMT_SBUP,GT_BUM_SZT,GT_CD_LSIM,GT_CD_ML,GT_CD_SSIM1,GT_CD_SSIM2,GT_STM_MH,GT_XYM_SIM,GUMTREE_MATCH_GT_MINH,
SimpleGumtree,24,3,21,3,0,0,0,0,1,2,0,,0.1,,,,,,1,,,
SimpleGumtree,24,3,21,3,0,0,0,0,1,2,0,,0.7,,,,,,1,,,
SimpleGumtree,24,3,21,3,0,0,0,0,1,2,0,,0.899,,,,,,1,,,
SimpleGumtree,24,3,21,3,0,0,0,0,1,2,0,,0.1,,,,,,2,,,
SimpleGumtree,24,3,21,3,0,0,0,0,2,2,0,,0.3,,,,,,2,,,
SimpleGumtree,24,3,21,3,0,0,0,0,0,2,0,,0.5,,,,,,2,,,
SimpleGumtree,24,3,21,3,0,0,0,0,1,2,0,,0.7,,,,,,2,,,
SimpleGumtree,24,3,21,3,0,0,0,0,1,2,0,,0.899,,,,,,2,,,
SimpleGumtree,24,3,21,3,0,0,0,0,1,2,0,,0.1,,,,,,3,,,
SimpleGumtree,24,3,21,3,0,0,0,0,1,2,0,,0.3,,,,,,3,,,
SimpleGumtree,24,3,21,3,0,0,0,0,1,2,0,,0.5,,,,,,3,,,
SimpleGumtree,24,3,21,3,0,0,0,0,1,2,0,,0.7,,,,,,3,,,
SimpleGumtree,24,3,21,3,0,0,0,0,2,2,0,,0.899,,,,,,3,,,
SimpleGumtree,24,3,21,3,0,0,0,0,1,2,0,,0.1,,,,,,4,,,
SimpleGumtree,24,3,21,3,0,0,0,0,1,2,0,,0.3,,,,,,4,,,
SimpleGumtree,24,3,21,3,0,0,0,0,1,2,0,,0.5,,,,,,4,,,
SimpleGumtree,24,3,21,3,0,0,0,0,1,2,0,,0.7,,,,,,4,,,
SimpleGumtree,24,3,21,3,0,0,0,0,1,2,0,,0.899,,,,,,4,,,
SimpleGumtree,24,3,21,3,0,0,0,0,1,2,0,,0.1,,,,,,5,,,
SimpleGumtree,24,3,21,3,0,0,0,0,1,2,0,,0.3,,,,,,5,,,
SimpleGumtree,24,3,21,3,0,0,0,0,1,2,0,,0.5,,,,,,5,,,
SimpleGumtree,24,3,21,3,0,0,0,0,1,2,0,,0.7,,,,,,5,,,
SimpleGumtree,24,3,21,3,0,0,0,0,1,2,0,,0.899,,,,,,5,,,
ClassicGumtree,19,3,18,0,0,1,0,0,6,3,0,0.1,,100,,,,,1,,,
ClassicGumtree,19,3,18,0,0,1,0,0,99,3,0,0.1,,200,,,,,1,,,
ClassicGumtree,19,3,18,0,0,1,0,0,98,3,0,0.1,,300,,,,,1,,,
ClassicGumtree,19,3,18,0,0,1,0,0,98,3,0,0.1,,400,,,,,1,,,
ClassicGumtree,19,3,18,0,0,1,0,0,98,3,0,0.1,,500,,,,,1,,,
ClassicGumtree,19,3,18,0,0,1,0,0,158,3,0,0.1,,600,,,,,1,,,
ClassicGumtree,19,3,18,0,0,1,0,0,182,3,0,0.1,,700,,,,,1,,,
ClassicGumtree,19,3,18,0,0,1,0,0,99,3,0,0.1,,800,,,,,1,,,
ClassicGumtree,19,3,18,0,0,1,0,0,182,3,0,0.1,,900,,,,,1,,,
ClassicGumtree,19,3,18,0,0,1,0,0,161,3,0,0.1,,1000,,,,,1,,,
ClassicGumtree,19,3,18,0,0,1,0,0,98,3,0,0.1,,1100,,,,,1,,,
ClassicGumtree,19,3,18,0,0,1,0,0,100,3,0,0.1,,1200,,,,,1,,,
ClassicGumtree,19,3,18,0,0,1,0,0,100,3,0,0.1,,1300,,,,,1,,,
ClassicGumtree,19,3,18,0,0,1,0,0,99,3,0,0.1,,1400,,,,,1,,,
ClassicGumtree,19,3,18,0,0,1,0,0,99,3,0,0.1,,1500,,,,,1,,,
ClassicGumtree,19,3,18,0,0,1,0,0,99,3,0,0.1,,1600,,,,,1,,,
ClassicGumtree,19,3,18,0,0,1,0,0,99,3,0,0.1,,1700,,,,,1,,,
ClassicGumtree,19,3,18,0,0,1,0,0,87,3,0,0.1,,1800,,,,,1,,,
ClassicGumtree,19,3,18,0,0,1,0,0,105,3,0,0.1,,1900,,,,,1,,,
ClassicGumtree,19,3,18,0,0,1,0,0,184,3,0,0.1,,2000,,,,,1,,,
ClassicGumtree,19,3,18,0,0,1,0,0,10,3,0,0.2,,100,,,,,1,,,
ClassicGumtree,19,3,18,0,0,1,0,0,180,3,0,0.2,,200,,,,,1,,,
ClassicGumtree,19,3,18,0,0,1,0,0,104,3,0,0.2,,300,,,,,1,,,
ClassicGumtree,19,3,18,0,0,1,0,0,103,3,0,0.2,,400,,,,,1,,,
ClassicGumtree,19,3,18,0,0,1,0,0,104,3,0,0.2,,500,,,,,1,,,
ClassicGumtree,19,3,18,0,0,1,0,0,104,3,0,0.2,,600,,,,,1,,,
ClassicGumtree,19,3,18,0,0,1,0,0,104,3,0,0.2,,700,,,,,1,,,
ClassicGumtree,19,3,18,0,0,1,0,0,103,3,0,0.2,,800,,,,,1,,,
ClassicGumtree,19,3,18,0,0,1,0,0,81,3,0,0.2,,900,,,,,1,,,
ClassicGumtree,19,3,18,0,0,1,0,0,99,3,0,0.2,,1000,,,,,1,,,
ClassicGumtree,19,3,18,0,0,1,0,0,100,3,0,0.2,,1100,,,,,1,,,
ClassicGumtree,19,3,18,0,0,1,0,0,100,3,0,0.2,,1200,,,,,1,,,
ClassicGumtree,19,3,18,0,0,1,0,0,88,3,0,0.2,,1300,,,,,1,,,
ClassicGumtree,19,3,18,0,0,1,0,0,100,3,0,0.2,,1400,,,,,1,,,
ClassicGumtree,19,3,18,0,0,1,0,0,99,3,0,0.2,,1500,,,,,1,,,
ClassicGumtree,19,3,18,0,0,1,0,0,98,3,0,0.2,,1600,,,,,1,,,
ClassicGumtree,19,3,18,0,0,1,0,0,86,3,0,0.2,,1700,,,,,1,,,
ClassicGumtree,19,3,18,0,0,1,0,0,100,3,0,0.2,,1800,,,,,1,,,
ClassicGumtree,19,3,18,0,0,1,0,0,100,3,0,0.2,,1900,,,,,1,,,
ClassicGumtree,19,3,18,0,0,1,0,0,99,3,0,0.2,,2000,,,,,1,,,
ClassicGumtree,19,3,18,0,0,1,0,0,5,3,0,0.3,,100,,,,,1,,,
ClassicGumtree,19,3,18,0,0,1,0,0,86,3,0,0.3,,200,,,,,1,,,
ClassicGumtree,19,3,18,0,0,1,0,0,100,3,0,0.3,,300,,,,,1,,,
ClassicGumtree,19,3,18,0,0,1,0,0,100,3,0,0.3,,400,,,,,1,,,
ClassicGumtree,19,3,18,0,0,1,0,0,100,3,0,0.3,,500,,,,,1,,,
ClassicGumtree,19,3,18,0,0,1,0,0,100,3,0,0.3,,600,,,,,1,,,
ClassicGumtree,19,3,18,0,0,1,0,0,99,3,0,0.3,,700,,,,,1,,,
ClassicGumtree,19,3,18,0,0,1,0,0,87,3,0,0.3,,800,,,,,1,,,
ClassicGumtree,19,3,18,0,0,1,0,0,100,3,0,0.3,,900,,,,,1,,,
ClassicGumtree,19,3,18,0,0,1,0,0,89,3,0,0.3,,1000,,,,,1,,,
ClassicGumtree,19,3,18,0,0,1,0,0,99,3,0,0.3,,1100,,,,,1,,,
ClassicGumtree,19,3,18,0,0,1,0,0,89,3,0,0.3,,1200,,,,,1,,,
ClassicGumtree,19,3,18,0,0,1,0,0,89,3,0,0.3,,1300,,,,,1,,,
ClassicGumtree,19,3,18,0,0,1,0,0,100,3,0,0.3,,1400,,,,,1,,,
ClassicGumtree,19,3,18,0,0,1,0,0,99,3,0,0.3,,1500,,,,,1,,,
ClassicGumtree,19,3,18,0,0,1,0,0,100,3,0,0.3,,1600,,,,,1,,,
ClassicGumtree,19,3,18,0,0,1,0,0,99,3,0,0.3,,1700,,,,,1,,,
ClassicGumtree,19,3,18,0,0,1,0,0,98,3,0,0.3,,1800,,,,,1,,,
ClassicGumtree,19,3,18,0,0,1,0,0,88,3,0,0.3,,1900,,,,,1,,,
ClassicGumtree,19,3,18,0,0,1,0,0,97,3,0,0.3,,2000,,,,,1,,,
ClassicGumtree,19,3,18,0,0,1,0,0,5,3,0,0.4,,100,,,,,1,,,
ClassicGumtree,19,3,18,0,0,1,0,0,97,3,0,0.4,,200,,,,,1,,,
ClassicGumtree,19,3,18,0,0,1,0,0,89,3,0,0.4,,300,,,,,1,,,
ClassicGumtree,19,3,18,0,0,1,0,0,89,3,0,0.4,,400,,,,,1,,,
ClassicGumtree,19,3,18,0,0,1,0,0,92,3,0,0.4,,500,,,,,1,,,
ClassicGumtree,19,3,18,0,0,1,0,0,96,3,0,0.4,,600,,,,,1,,,
ClassicGumtree,19,3,18,0,0,1,0,0,95,3,0,0.4,,700,,,,,1,,,
ClassicGumtree,19,3,18,0,0,1,0,0,95,3,0,0.4,,800,,,,,1,,,
ClassicGumtree,19,3,18,0,0,1,0,0,95,3,0,0.4,,900,,,,,1,,,
ClassicGumtree,19,3,18,0,0,1,0,0,93,3,0,0.4,,1000,,,,,1,,,
ClassicGumtree,19,3,18,0,0,1,0,0,95,3,0,0.4,,1100,,,,,1,,,
ClassicGumtree,19,3,18,0,0,1,0,0,92,3,0,0.4,,1200,,,,,1,,,
ClassicGumtree,19,3,18,0,0,1,0,0,95,3,0,0.4,,1300,,,,,1,,,
ClassicGumtree,19,3,18,0,0,1,0,0,92,3,0,0.4,,1400,,,,,1,,,
ClassicGumtree,19,3,18,0,0,1,0,0,92,3,0,0.4,,1500,,,,,1,,,
ClassicGumtree,19,3,18,0,0,1,0,0,95,3,0,0.4,,1600,,,,,1,,,
ClassicGumtree,19,3,18,0,0,1,0,0,95,3,0,0.4,,1700,,,,,1,,,
ClassicGumtree,19,3,18,0,0,1,0,0,95,3,0,0.4,,1800,,,,,1,,,
ClassicGumtree,19,3,18,0,0,1,0,0,95,3,0,0.4,,1900,,,,,1,,,
ClassicGumtree,19,3,18,0,0,1,0,0,89,3,0,0.4,,2000,,,,,1,,,
ClassicGumtree,19,3,18,0,0,1,0,0,5,3,0,0.5,,100,,,,,1,,,
ClassicGumtree,19,3,18,0,0,1,0,0,95,3,0,0.5,,200,,,,,1,,,
ClassicGumtree,19,3,18,0,0,1,0,0,90,3,0,0.5,,300,,,,,1,,,
ClassicGumtree,19,3,18,0,0,1,0,0,95,3,0,0.5,,400,,,,,1,,,
ClassicGumtree,19,3,18,0,0,1,0,0,90,3,0,0.5,,500,,,,,1,,,
ClassicGumtree,19,3,18,0,0,1,0,0,90,3,0,0.5,,600,,,,,1,,,
ClassicGumtree,19,3,18,0,0,1,0,0,96,3,0,0.5,,700,,,,,1,,,
ClassicGumtree,19,3,18,0,0,1,0,0,95,3,0,0.5,,800,,,,,1,,,
ClassicGumtree,19,3,18,0,0,1,0,0,95,3,0,0.5,,900,,,,,1,,,
ClassicGumtree,19,3,18,0,0,1,0,0,95,3,0,0.5,,1000,,,,,1,,,
ClassicGumtree,19,3,18,0,0,1,0,0,90,3,0,0.5,,1100,,,,,1,,,
ClassicGumtree,19,3,18,0,0,1,0,0,89,3,0,0.5,,1200,,,,,1,,,
ClassicGumtree,19,3,18,0,0,1,0,0,96,3,0,0.5,,1300,,,,,1,,,
ClassicGumtree,19,3,18,0,0,1,0,0,96,3,0,0.5,,1400,,,,,1,,,
ClassicGumtree,19,3,18,0,0,1,0,0,90,3,0,0.5,,1500,,,,,1,,,
ClassicGumtree,19,3,18,0,0,1,0,0,93,3,0,0.5,,1600,,,,,1,,,
ClassicGumtree,19,3,18,0,0,1,0,0,99,3,0,0.5,,1700,,,,,1,,,
ClassicGumtree,19,3,18,0,0,1,0,0,99,3,0,0.5,,1800,,,,,1,,,
ClassicGumtree,19,3,18,0,0,1,0,0,99,3,0,0.5,,1900,,,,,1,,,
ClassicGumtree,19,3,18,0,0,1,0,0,98,3,0,0.5,,2000,,,,,1,,,
ClassicGumtree,19,3,18,0,0,1,0,0,5,3,0,0.6,,100,,,,,1,,,
ClassicGumtree,19,3,18,0,0,1,0,0,93,3,0,0.6,,200,,,,,1,,,
ClassicGumtree,19,3,18,0,0,1,0,0,94,3,0,0.6,,300,,,,,1,,,
ClassicGumtree,19,3,18,0,0,1,0,0,93,3,0,0.6,,400,,,,,1,,,
ClassicGumtree,19,3,18,0,0,1,0,0,98,3,0,0.6,,500,,,,,1,,,
ClassicGumtree,19,3,18,0,0,1,0,0,98,3,0,0.6,,600,,,,,1,,,
ClassicGumtree,19,3,18,0,0,1,0,0,90,3,0,0.6,,700,,,,,1,,,
ClassicGumtree,19,3,18,0,0,1,0,0,95,3,0,0.6,,800,,,,,1,,,
ClassicGumtree,19,3,18,0,0,1,0,0,95,3,0,0.6,,900,,,,,1,,,
ClassicGumtree,19,3,18,0,0,1,0,0,95,3,0,0.6,,1000,,,,,1,,,
ClassicGumtree,19,3,18,0,0,1,0,0,96,3,0,0.6,,1100,,,,,1,,,
ClassicGumtree,19,3,18,0,0,1,0,0,89,3,0,0.6,,1200,,,,,1,,,
ClassicGumtree,19,3,18,0,0,1,0,0,89,3,0,0.6,,1300,,,,,1,,,
ClassicGumtree,19,3,18,0,0,1,0,0,89,3,0,0.6,,1400,,,,,1,,,
ClassicGumtree,19,3,18,0,0,1,0,0,96,3,0,0.6,,1500,,,,,1,,,
ClassicGumtree,19,3,18,0,0,1,0,0,95,3,0,0.6,,1600,,,,,1,,,
ClassicGumtree,19,3,18,0,0,1,0,0,89,3,0,0.6,,1700,,,,,1,,,
ClassicGumtree,19,3,18,0,0,1,0,0,94,3,0,0.6,,1800,,,,,1,,,
ClassicGumtree,19,3,18,0,0,1,0,0,95,3,0,0.6,,1900,,,,,1,,,
ClassicGumtree,19,3,18,0,0,1,0,0,95,3,0,0.6,,2000,,,,,1,,,
ClassicGumtree,19,3,18,0,0,1,0,0,5,3,0,0.7,,100,,,,,1,,,
ClassicGumtree,19,3,18,0,0,1,0,0,94,3,0,0.7,,200,,,,,1,,,
ClassicGumtree,19,3,18,0,0,1,0,0,91,3,0,0.7,,300,,,,,1,,,
ClassicGumtree,19,3,18,0,0,1,0,0,93,3,0,0.7,,400,,,,,1,,,
ClassicGumtree,19,3,18,0,0,1,0,0,92,3,0,0.7,,500,,,,,1,,,
ClassicGumtree,19,3,18,0,0,1,0,0,92,3,0,0.7,,600,,,,,1,,,
ClassicGumtree,19,3,18,0,0,1,0,0,93,3,0,0.7,,700,,,,,1,,,
ClassicGumtree,19,3,18,0,0,1,0,0,92,3,0,0.7,,800,,,,,1,,,
ClassicGumtree,19,3,18,0,0,1,0,0,93,3,0,0.7,,900,,,,,1,,,
ClassicGumtree,19,3,18,0,0,1,0,0,91,3,0,0.7,,1000,,,,,1,,,
ClassicGumtree,19,3,18,0,0,1,0,0,94,3,0,0.7,,1100,,,,,1,,,
ClassicGumtree,19,3,18,0,0,1,0,0,92,3,0,0.7,,1200,,,,,1,,,
ClassicGumtree,19,3,18,0,0,1,0,0,93,3,0,0.7,,1300,,,,,1,,,
ClassicGumtree,19,3,18,0,0,1,0,0,92,3,0,0.7,,1400,,,,,1,,,
ClassicGumtree,19,3,18,0,0,1,0,0,93,3,0,0.7,,1500,,,,,1,,,
ClassicGumtree,19,3,18,0,0,1,0,0,93,3,0,0.7,,1600,,,,,1,,,
ClassicGumtree,19,3,18,0,0,1,0,0,93,3,0,0.7,,1700,,,,,1,,,
ClassicGumtree,19,3,18,0,0,1,0,0,93,3,0,0.7,,1800,,,,,1,,,
ClassicGumtree,19,3,18,0,0,1,0,0,91,3,0,0.7,,1900,,,,,1,,,
ClassicGumtree,19,3,18,0,0,1,0,0,92,3,0,0.7,,2000,,,,,1,,,
ClassicGumtree,19,3,18,0,0,1,0,0,4,3,0,0.799,,100,,,,,1,,,
ClassicGumtree,19,3,18,0,0,1,0,0,91,3,0,0.799,,200,,,,,1,,,
ClassicGumtree,19,3,18,0,0,1,0,0,92,3,0,0.799,,300,,,,,1,,,
ClassicGumtree,19,3,18,0,0,1,0,0,91,3,0,0.799,,400,,,,,1,,,
ClassicGumtree,19,3,18,0,0,1,0,0,93,3,0,0.799,,500,,,,,1,,,
ClassicGumtree,19,3,18,0,0,1,0,0,92,3,0,0.799,,600,,,,,1,,,
ClassicGumtree,19,3,18,0,0,1,0,0,91,3,0,0.799,,700,,,,,1,,,
ClassicGumtree,19,3,18,0,0,1,0,0,91,3,0,0.799,,800,,,,,1,,,
ClassicGumtree,19,3,18,0,0,1,0,0,92,3,0,0.799,,900,,,,,1,,,
ClassicGumtree,19,3,18,0,0,1,0,0,91,3,0,0.799,,1000,,,,,1,,,
ClassicGumtree,19,3,18,0,0,1,0,0,90,3,0,0.799,,1100,,,,,1,,,
ClassicGumtree,19,3,18,0,0,1,0,0,91,3,0,0.799,,1200,,,,,1,,,
ClassicGumtree,19,3,18,0,0,1,0,0,93,3,0,0.799,,1300,,,,,1,,,
ClassicGumtree,19,3,18,0,0,1,0,0,93,3,0,0.799,,1400,,,,,1,,,
ClassicGumtree,19,3,18,0,0,1,0,0,92,3,0,0.799,,1500,,,,,1,,,
ClassicGumtree,19,3,18,0,0,1,0,0,92,3,0,0.799,,1600,,,,,1,,,
ClassicGumtree,19,3,18,0,0,1,0,0,92,3,0,0.799,,1700,,,,,1,,,
ClassicGumtree,19,3,18,0,0,1,0,0,91,3,0,0.799,,1800,,,,,1,,,
ClassicGumtree,19,3,18,0,0,1,0,0,92,3,0,0.799,,1900,,,,,1,,,
ClassicGumtree,19,3,18,0,0,1,0,0,92,3,0,0.799,,2000,,,,,1,,,
ClassicGumtree,40,13,24,6,0,10,0,0,1,3,0,0.899,,100,,,,,1,,,
ClassicGumtree,19,3,18,0,0,1,0,0,87,3,0,0.899,,200,,,,,1,,,
ClassicGumtree,19,3,18,0,0,1,0,0,87,3,0,0.899,,300,,,,,1,,,
ClassicGumtree,19,3,18,0,0,1,0,0,87,3,0,0.899,,400,,,,,1,,,
ClassicGumtree,19,3,18,0,0,1,0,0,88,3,0,0.899,,500,,,,,1,,,
ClassicGumtree,19,3,18,0,0,1,0,0,88,3,0,0.899,,600,,,,,1,,,
ClassicGumtree,19,3,18,0,0,1,0,0,87,3,0,0.899,,700,,,,,1,,,
ClassicGumtree,19,3,18,0,0,1,0,0,86,3,0,0.899,,800,,,,,1,,,
ClassicGumtree,19,3,18,0,0,1,0,0,87,3,0,0.899,,900,,,,,1,,,
ClassicGumtree,19,3,18,0,0,1,0,0,88,3,0,0.899,,1000,,,,,1,,,
ClassicGumtree,19,3,18,0,0,1,0,0,87,3,0,0.899,,1100,,,,,1,,,
ClassicGumtree,19,3,18,0,0,1,0,0,87,3,0,0.899,,1200,,,,,1,,,
ClassicGumtree,19,3,18,0,0,1,0,0,87,3,0,0.899,,1300,,,,,1,,,
ClassicGumtree,19,3,18,0,0,1,0,0,88,3,0,0.899,,1400,,,,,1,,,
ClassicGumtree,19,3,18,0,0,1,0,0,88,3,0,0.899,,1500,,,,,1,,,
ClassicGumtree,19,3,18,0,0,1,0,0,88,3,0,0.899,,1600,,,,,1,,,
ClassicGumtree,19,3,18,0,0,1,0,0,88,3,0,0.899,,1700,,,,,1,,,
ClassicGumtree,19,3,18,0,0,1,0,0,92,3,0,0.899,,1800,,,,,1,,,
ClassicGumtree,19,3,18,0,0,1,0,0,91,3,0,0.899,,1900,,,,,1,,,
ClassicGumtree,19,3,18,0,0,1,0,0,92,3,0,0.899,,2000,,,,,1,,,
ClassicGumtree,47,17,25,7,0,15,0,0,1,3,0,0.999,,100,,,,,1,,,
ClassicGumtree,19,3,18,0,0,1,0,0,44,3,0,0.999,,200,,,,,1,,,
ClassicGumtree,19,3,18,0,0,1,0,0,44,3,0,0.999,,300,,,,,1,,,
ClassicGumtree,19,3,18,0,0,1,0,0,44,3,0,0.999,,400,,,,,1,,,
ClassicGumtree,19,3,18,0,0,1,0,0,44,3,0,0.999,,500,,,,,1,,,
ClassicGumtree,19,3,18,0,0,1,0,0,48,3,0,0.999,,600,,,,,1,,,
ClassicGumtree,19,3,18,0,0,1,0,0,47,3,0,0.999,,700,,,,,1,,,
ClassicGumtree,19,3,18,0,0,1,0,0,48,3,0,0.999,,800,,,,,1,,,
ClassicGumtree,19,3,18,0,0,1,0,0,48,3,0,0.999,,900,,,,,1,,,
ClassicGumtree,19,3,18,0,0,1,0,0,48,3,0,0.999,,1000,,,,,1,,,
ClassicGumtree,19,3,18,0,0,1,0,0,48,3,0,0.999,,1100,,,,,1,,,
ClassicGumtree,19,3,18,0,0,1,0,0,47,3,0,0.999,,1200,,,,,1,,,
ClassicGumtree,19,3,18,0,0,1,0,0,44,3,0,0.999,,1300,,,,,1,,,
ClassicGumtree,19,3,18,0,0,1,0,0,44,3,0,0.999,,1400,,,,,1,,,
ClassicGumtree,19,3,18,0,0,1,0,0,44,3,0,0.999,,1500,,,,,1,,,
ClassicGumtree,19,3,18,0,0,1,0,0,44,3,0,0.999,,1600,,,,,1,,,
ClassicGumtree,19,3,18,0,0,1,0,0,44,3,0,0.999,,1700,,,,,1,,,
ClassicGumtree,19,3,18,0,0,1,0,0,44,3,0,0.999,,1800,,,,,1,,,
ClassicGumtree,19,3,18,0,0,1,0,0,44,3,0,0.999,,1900,,,,,1,,,
ClassicGumtree,19,3,18,0,0,1,0,0,45,3,0,0.999,,2000,,,,,1,,,
ClassicGumtree,19,3,18,0,0,1,0,0,5,3,0,0.1,,100,,,,,2,,,
ClassicGumtree,19,3,18,0,0,1,0,0,92,3,0,0.1,,200,,,,,2,,,
ClassicGumtree,19,3,18,0,0,1,0,0,92,3,0,0.1,,300,,,,,2,,,
ClassicGumtree,19,3,18,0,0,1,0,0,92,3,0,0.1,,400,,,,,2,,,
ClassicGumtree,19,3,18,0,0,1,0,0,92,3,0,0.1,,500,,,,,2,,,
ClassicGumtree,19,3,18,0,0,1,0,0,93,3,0,0.1,,600,,,,,2,,,
ClassicGumtree,19,3,18,0,0,1,0,0,92,3,0,0.1,,700,,,,,2,,,
ClassicGumtree,19,3,18,0,0,1,0,0,92,3,0,0.1,,800,,,,,2,,,
ClassicGumtree,19,3,18,0,0,1,0,0,93,3,0,0.1,,900,,,,,2,,,
ClassicGumtree,19,3,18,0,0,1,0,0,93,3,0,0.1,,1000,,,,,2,,,
ClassicGumtree,19,3,18,0,0,1,0,0,92,3,0,0.1,,1100,,,,,2,,,
ClassicGumtree,19,3,18,0,0,1,0,0,93,3,0,0.1,,1200,,,,,2,,,
ClassicGumtree,19,3,18,0,0,1,0,0,93,3,0,0.1,,1300,,,,,2,,,
ClassicGumtree,19,3,18,0,0,1,0,0,92,3,0,0.1,,1400,,,,,2,,,
ClassicGumtree,19,3,18,0,0,1,0,0,92,3,0,0.1,,1500,,,,,2,,,
ClassicGumtree,19,3,18,0,0,1,0,0,93,3,0,0.1,,1600,,,,,2,,,
ClassicGumtree,19,3,18,0,0,1,0,0,93,3,0,0.1,,1700,,,,,2,,,
ClassicGumtree,19,3,18,0,0,1,0,0,92,3,0,0.1,,1800,,,,,2,,,
ClassicGumtree,19,3,18,0,0,1,0,0,92,3,0,0.1,,1900,,,,,2,,,
ClassicGumtree,19,3,18,0,0,1,0,0,92,3,0,0.1,,2000,,,,,2,,,
ClassicGumtree,19,3,18,0,0,1,0,0,5,3,0,0.2,,100,,,,,2,,,
ClassicGumtree,19,3,18,0,0,1,0,0,91,3,0,0.2,,200,,,,,2,,,
ClassicGumtree,19,3,18,0,0,1,0,0,92,3,0,0.2,,300,,,,,2,,,
ClassicGumtree,19,3,18,0,0,1,0,0,92,3,0,0.2,,400,,,,,2,,,
ClassicGumtree,19,3,18,0,0,1,0,0,92,3,0,0.2,,500,,,,,2,,,
ClassicGumtree,19,3,18,0,0,1,0,0,92,3,0,0.2,,600,,,,,2,,,
ClassicGumtree,19,3,18,0,0,1,0,0,93,3,0,0.2,,700,,,,,2,,,
ClassicGumtree,19,3,18,0,0,1,0,0,92,3,0,0.2,,800,,,,,2,,,
ClassicGumtree,19,3,18,0,0,1,0,0,92,3,0,0.2,,900,,,,,2,,,
ClassicGumtree,19,3,18,0,0,1,0,0,93,3,0,0.2,,1000,,,,,2,,,
ClassicGumtree,19,3,18,0,0,1,0,0,92,3,0,0.2,,1100,,,,,2,,,
ClassicGumtree,19,3,18,0,0,1,0,0,92,3,0,0.2,,1200,,,,,2,,,
ClassicGumtree,19,3,18,0,0,1,0,0,93,3,0,0.2,,1300,,,,,2,,,
ClassicGumtree,19,3,18,0,0,1,0,0,92,3,0,0.2,,1400,,,,,2,,,
ClassicGumtree,19,3,18,0,0,1,0,0,92,3,0,0.2,,1500,,,,,2,,,
ClassicGumtree,19,3,18,0,0,1,0,0,92,3,0,0.2,,1600,,,,,2,,,
ClassicGumtree,19,3,18,0,0,1,0,0,92,3,0,0.2,,1700,,,,,2,,,
ClassicGumtree,19,3,18,0,0,1,0,0,93,3,0,0.2,,1800,,,,,2,,,
ClassicGumtree,19,3,18,0,0,1,0,0,92,3,0,0.2,,1900,,,,,2,,,
ClassicGumtree,19,3,18,0,0,1,0,0,92,3,0,0.2,,2000,,,,,2,,,
ClassicGumtree,19,3,18,0,0,1,0,0,5,3,0,0.3,,100,,,,,2,,,
ClassicGumtree,19,3,18,0,0,1,0,0,91,3,0,0.3,,200,,,,,2,,,
ClassicGumtree,19,3,18,0,0,1,0,0,91,3,0,0.3,,300,,,,,2,,,
ClassicGumtree,19,3,18,0,0,1,0,0,92,3,0,0.3,,400,,,,,2,,,
ClassicGumtree,19,3,18,0,0,1,0,0,93,3,0,0.3,,500,,,,,2,,,
ClassicGumtree,19,3,18,0,0,1,0,0,91,3,0,0.3,,600,,,,,2,,,
ClassicGumtree,19,3,18,0,0,1,0,0,92,3,0,0.3,,700,,,,,2,,,
ClassicGumtree,19,3,18,0,0,1,0,0,93,3,0,0.3,,800,,,,,2,,,
ClassicGumtree,19,3,18,0,0,1,0,0,92,3,0,0.3,,900,,,,,2,,,
ClassicGumtree,19,3,18,0,0,1,0,0,92,3,0,0.3,,1000,,,,,2,,,
ClassicGumtree,19,3,18,0,0,1,0,0,93,3,0,0.3,,1100,,,,,2,,,
ClassicGumtree,19,3,18,0,0,1,0,0,92,3,0,0.3,,1200,,,,,2,,,
ClassicGumtree,19,3,18,0,0,1,0,0,91,3,0,0.3,,1300,,,,,2,,,
ClassicGumtree,19,3,18,0,0,1,0,0,93,3,0,0.3,,1400,,,,,2,,,
ClassicGumtree,19,3,18,0,0,1,0,0,92,3,0,0.3,,1500,,,,,2,,,
ClassicGumtree,19,3,18,0,0,1,0,0,92,3,0,0.3,,1600,,,,,2,,,
ClassicGumtree,19,3,18,0,0,1,0,0,92,3,0,0.3,,1700,,,,,2,,,
ClassicGumtree,19,3,18,0,0,1,0,0,93,3,0,0.3,,1800,,,,,2,,,
ClassicGumtree,19,3,18,0,0,1,0,0,93,3,0,0.3,,1900,,,,,2,,,
ClassicGumtree,19,3,18,0,0,1,0,0,92,3,0,0.3,,2000,,,,,2,,,
ClassicGumtree,19,3,18,0,0,1,0,0,5,3,0,0.4,,100,,,,,2,,,
ClassicGumtree,19,3,18,0,0,1,0,0,92,3,0,0.4,,200,,,,,2,,,
ClassicGumtree,19,3,18,0,0,1,0,0,92,3,0,0.4,,300,,,,,2,,,
ClassicGumtree,19,3,18,0,0,1,0,0,93,3,0,0.4,,400,,,,,2,,,
ClassicGumtree,19,3,18,0,0,1,0,0,93,3,0,0.4,,500,,,,,2,,,
ClassicGumtree,19,3,18,0,0,1,0,0,93,3,0,0.4,,600,,,,,2,,,
ClassicGumtree,19,3,18,0,0,1,0,0,92,3,0,0.4,,700,,,,,2,,,
ClassicGumtree,19,3,18,0,0,1,0,0,92,3,0,0.4,,800,,,,,2,,,
ClassicGumtree,19,3,18,0,0,1,0,0,93,3,0,0.4,,900,,,,,2,,,
ClassicGumtree,19,3,18,0,0,1,0,0,92,3,0,0.4,,1000,,,,,2,,,
ClassicGumtree,19,3,18,0,0,1,0,0,95,3,0,0.4,,1100,,,,,2,,,
ClassicGumtree,19,3,18,0,0,1,0,0,95,3,0,0.4,,1200,,,,,2,,,
ClassicGumtree,19,3,18,0,0,1,0,0,96,3,0,0.4,,1300,,,,,2,,,
ClassicGumtree,19,3,18,0,0,1,0,0,96,3,0,0.4,,1400,,,,,2,,,
ClassicGumtree,19,3,18,0,0,1,0,0,96,3,0,0.4,,1500,,,,,2,,,
ClassicGumtree,19,3,18,0,0,1,0,0,95,3,0,0.4,,1600,,,,,2,,,
ClassicGumtree,19,3,18,0,0,1,0,0,96,3,0,0.4,,1700,,,,,2,,,
ClassicGumtree,19,3,18,0,0,1,0,0,95,3,0,0.4,,1800,,,,,2,,,
ClassicGumtree,19,3,18,0,0,1,0,0,97,3,0,0.4,,1900,,,,,2,,,
ClassicGumtree,19,3,18,0,0,1,0,0,96,3,0,0.4,,2000,,,,,2,,,
ClassicGumtree,19,3,18,0,0,1,0,0,5,3,0,0.5,,100,,,,,2,,,
ClassicGumtree,19,3,18,0,0,1,0,0,92,3,0,0.5,,200,,,,,2,,,
ClassicGumtree,19,3,18,0,0,1,0,0,91,3,0,0.5,,300,,,,,2,,,
ClassicGumtree,19,3,18,0,0,1,0,0,92,3,0,0.5,,400,,,,,2,,,
ClassicGumtree,19,3,18,0,0,1,0,0,92,3,0,0.5,,500,,,,,2,,,
ClassicGumtree,19,3,18,0,0,1,0,0,92,3,0,0.5,,600,,,,,2,,,
ClassicGumtree,19,3,18,0,0,1,0,0,92,3,0,0.5,,700,,,,,2,,,
ClassicGumtree,19,3,18,0,0,1,0,0,92,3,0,0.5,,800,,,,,2,,,
ClassicGumtree,19,3,18,0,0,1,0,0,92,3,0,0.5,,900,,,,,2,,,
ClassicGumtree,19,3,18,0,0,1,0,0,92,3,0,0.5,,1000,,,,,2,,,
ClassicGumtree,19,3,18,0,0,1,0,0,92,3,0,0.5,,1100,,,,,2,,,
ClassicGumtree,19,3,18,0,0,1,0,0,92,3,0,0.5,,1200,,,,,2,,,
ClassicGumtree,19,3,18,0,0,1,0,0,93,3,0,0.5,,1300,,,,,2,,,
ClassicGumtree,19,3,18,0,0,1,0,0,92,3,0,0.5,,1400,,,,,2,,,
ClassicGumtree,19,3,18,0,0,1,0,0,92,3,0,0.5,,1500,,,,,2,,,
ClassicGumtree,19,3,18,0,0,1,0,0,93,3,0,0.5,,1600,,,,,2,,,
ClassicGumtree,19,3,18,0,0,1,0,0,93,3,0,0.5,,1700,,,,,2,,,
ClassicGumtree,19,3,18,0,0,1,0,0,92,3,0,0.5,,1800,,,,,2,,,
ClassicGumtree,19,3,18,0,0,1,0,0,92,3,0,0.5,,1900,,,,,2,,,
ClassicGumtree,19,3,18,0,0,1,0,0,93,3,0,0.5,,2000,,,,,2,,,
ClassicGumtree,19,3,18,0,0,1,0,0,5,3,0,0.6,,100,,,,,2,,,
ClassicGumtree,19,3,18,0,0,1,0,0,92,3,0,0.6,,200,,,,,2,,,
ClassicGumtree,19,3,18,0,0,1,0,0,92,3,0,0.6,,300,,,,,2,,,
ClassicGumtree,19,3,18,0,0,1,0,0,92,3,0,0.6,,400,,,,,2,,,
ClassicGumtree,19,3,18,0,0,1,0,0,91,3,0,0.6,,500,,,,,2,,,
ClassicGumtree,19,3,18,0,0,1,0,0,93,3,0,0.6,,600,,,,,2,,,
ClassicGumtree,19,3,18,0,0,1,0,0,93,3,0,0.6,,700,,,,,2,,,
ClassicGumtree,19,3,18,0,0,1,0,0,92,3,0,0.6,,800,,,,,2,,,
ClassicGumtree,19,3,18,0,0,1,0,0,92,3,0,0.6,,900,,,,,2,,,
ClassicGumtree,19,3,18,0,0,1,0,0,92,3,0,0.6,,1000,,,,,2,,,
ClassicGumtree,19,3,18,0,0,1,0,0,93,3,0,0.6,,1100,,,,,2,,,
ClassicGumtree,19,3,18,0,0,1,0,0,93,3,0,0.6,,1200,,,,,2,,,
ClassicGumtree,19,3,18,0,0,1,0,0,92,3,0,0.6,,1300,,,,,2,,,
ClassicGumtree,19,3,18,0,0,1,0,0,92,3,0,0.6,,1400,,,,,2,,,
ClassicGumtree,19,3,18,0,0,1,0,0,93,3,0,0.6,,1500,,,,,2,,,
ClassicGumtree,19,3,18,0,0,1,0,0,92,3,0,0.6,,1600,,,,,2,,,
ClassicGumtree,19,3,18,0,0,1,0,0,92,3,0,0.6,,1700,,,,,2,,,
ClassicGumtree,19,3,18,0,0,1,0,0,93,3,0,0.6,,1800,,,,,2,,,
ClassicGumtree,19,3,18,0,0,1,0,0,91,3,0,0.6,,1900,,,,,2,,,
ClassicGumtree,19,3,18,0,0,1,0,0,92,3,0,0.6,,2000,,,,,2,,,
ClassicGumtree,19,3,18,0,0,1,0,0,5,3,0,0.7,,100,,,,,2,,,
ClassicGumtree,19,3,18,0,0,1,0,0,92,3,0,0.7,,200,,,,,2,,,
ClassicGumtree,19,3,18,0,0,1,0,0,93,3,0,0.7,,300,,,,,2,,,
ClassicGumtree,19,3,18,0,0,1,0,0,92,3,0,0.7,,400,,,,,2,,,
ClassicGumtree,19,3,18,0,0,1,0,0,91,3,0,0.7,,500,,,,,2,,,
ClassicGumtree,19,3,18,0,0,1,0,0,92,3,0,0.7,,600,,,,,2,,,
ClassicGumtree,19,3,18,0,0,1,0,0,92,3,0,0.7,,700,,,,,2,,,
ClassicGumtree,19,3,18,0,0,1,0,0,92,3,0,0.7,,800,,,,,2,,,
ClassicGumtree,19,3,18,0,0,1,0,0,93,3,0,0.7,,900,,,,,2,,,
ClassicGumtree,19,3,18,0,0,1,0,0,92,3,0,0.7,,1000,,,,,2,,,
ClassicGumtree,19,3,18,0,0,1,0,0,92,3,0,0.7,,1100,,,,,2,,,
ClassicGumtree,19,3,18,0,0,1,0,0,92,3,0,0.7,,1200,,,,,2,,,
ClassicGumtree,19,3,18,0,0,1,0,0,92,3,0,0.7,,1300,,,,,2,,,
ClassicGumtree,19,3,18,0,0,1,0,0,92,3,0,0.7,,1400,,,,,2,,,
ClassicGumtree,19,3,18,0,0,1,0,0,92,3,0,0.7,,1500,,,,,2,,,
ClassicGumtree,19,3,18,0,0,1,0,0,92,3,0,0.7,,1600,,,,,2,,,
ClassicGumtree,19,3,18,0,0,1,0,0,92,3,0,0.7,,1700,,,,,2,,,
ClassicGumtree,19,3,18,0,0,1,0,0,92,3,0,0.7,,1800,,,,,2,,,
ClassicGumtree,19,3,18,0,0,1,0,0,91,3,0,0.7,,1900,,,,,2,,,
ClassicGumtree,19,3,18,0,0,1,0,0,93,3,0,0.7,,2000,,,,,2,,,
ClassicGumtree,57,8,35,17,0,5,0,0,0,3,0,0.799,,100,,,,,2,,,
ClassicGumtree,19,3,18,0,0,1,0,0,88,3,0,0.799,,200,,,,,2,,,
ClassicGumtree,19,3,18,0,0,1,0,0,88,3,0,0.799,,300,,,,,2,,,
ClassicGumtree,19,3,18,0,0,1,0,0,88,3,0,0.799,,400,,,,,2,,,
ClassicGumtree,19,3,18,0,0,1,0,0,87,3,0,0.799,,500,,,,,2,,,
ClassicGumtree,19,3,18,0,0,1,0,0,87,3,0,0.799,,600,,,,,2,,,
ClassicGumtree,19,3,18,0,0,1,0,0,88,3,0,0.799,,700,,,,,2,,,
ClassicGumtree,19,3,18,0,0,1,0,0,88,3,0,0.799,,800,,,,,2,,,
ClassicGumtree,19,3,18,0,0,1,0,0,88,3,0,0.799,,900,,,,,2,,,
ClassicGumtree,19,3,18,0,0,1,0,0,87,3,0,0.799,,1000,,,,,2,,,
ClassicGumtree,19,3,18,0,0,1,0,0,88,3,0,0.799,,1100,,,,,2,,,
ClassicGumtree,19,3,18,0,0,1,0,0,87,3,0,0.799,,1200,,,,,2,,,
ClassicGumtree,19,3,18,0,0,1,0,0,91,3,0,0.799,,1300,,,,,2,,,
ClassicGumtree,19,3,18,0,0,1,0,0,92,3,0,0.799,,1400,,,,,2,,,
ClassicGumtree,19,3,18,0,0,1,0,0,90,3,0,0.799,,1500,,,,,2,,,
ClassicGumtree,19,3,18,0,0,1,0,0,90,3,0,0.799,,1600,,,,,2,,,
ClassicGumtree,19,3,18,0,0,1,0,0,90,3,0,0.799,,1700,,,,,2,,,
ClassicGumtree,19,3,18,0,0,1,0,0,92,3,0,0.799,,1800,,,,,2,,,
ClassicGumtree,19,3,18,0,0,1,0,0,91,3,0,0.799,,1900,,,,,2,,,
ClassicGumtree,19,3,18,0,0,1,0,0,91,3,0,0.799,,2000,,,,,2,,,
ClassicGumtree,64,12,36,18,0,10,0,0,0,3,0,0.899,,100,,,,,2,,,
ClassicGumtree,19,3,18,0,0,1,0,0,47,3,0,0.899,,200,,,,,2,,,
ClassicGumtree,19,3,18,0,0,1,0,0,48,3,0,0.899,,300,,,,,2,,,
ClassicGumtree,19,3,18,0,0,1,0,0,45,3,0,0.899,,400,,,,,2,,,
ClassicGumtree,19,3,18,0,0,1,0,0,44,3,0,0.899,,500,,,,,2,,,
ClassicGumtree,19,3,18,0,0,1,0,0,44,3,0,0.899,,600,,,,,2,,,
ClassicGumtree,19,3,18,0,0,1,0,0,44,3,0,0.899,,700,,,,,2,,,
ClassicGumtree,19,3,18,0,0,1,0,0,44,3,0,0.899,,800,,,,,2,,,
ClassicGumtree,19,3,18,0,0,1,0,0,45,3,0,0.899,,900,,,,,2,,,
ClassicGumtree,19,3,18,0,0,1,0,0,44,3,0,0.899,,1000,,,,,2,,,
ClassicGumtree,19,3,18,0,0,1,0,0,44,3,0,0.899,,1100,,,,,2,,,
ClassicGumtree,19,3,18,0,0,1,0,0,44,3,0,0.899,,1200,,,,,2,,,
ClassicGumtree,19,3,18,0,0,1,0,0,44,3,0,0.899,,1300,,,,,2,,,
ClassicGumtree,19,3,18,0,0,1,0,0,44,3,0,0.899,,1400,,,,,2,,,
ClassicGumtree,19,3,18,0,0,1,0,0,44,3,0,0.899,,1500,,,,,2,,,
ClassicGumtree,19,3,18,0,0,1,0,0,44,3,0,0.899,,1600,,,,,2,,,
ClassicGumtree,19,3,18,0,0,1,0,0,44,3,0,0.899,,1700,,,,,2,,,
ClassicGumtree,19,3,18,0,0,1,0,0,44,3,0,0.899,,1800,,,,,2,,,
ClassicGumtree,19,3,18,0,0,1,0,0,44,3,0,0.899,,1900,,,,,2,,,
ClassicGumtree,19,3,18,0,0,1,0,0,44,3,0,0.899,,2000,,,,,2,,,
ClassicGumtree,64,12,36,18,0,10,0,0,1,3,0,0.999,,100,,,,,2,,,
ClassicGumtree,19,3,18,0,0,1,0,0,44,3,0,0.999,,200,,,,,2,,,
ClassicGumtree,19,3,18,0,0,1,0,0,45,3,0,0.999,,300,,,,,2,,,
ClassicGumtree,19,3,18,0,0,1,0,0,45,3,0,0.999,,400,,,,,2,,,
ClassicGumtree,19,3,18,0,0,1,0,0,44,3,0,0.999,,500,,,,,2,,,
ClassicGumtree,19,3,18,0,0,1,0,0,43,3,0,0.999,,600,,,,,2,,,
ClassicGumtree,19,3,18,0,0,1,0,0,44,3,0,0.999,,700,,,,,2,,,
ClassicGumtree,19,3,18,0,0,1,0,0,45,3,0,0.999,,800,,,,,2,,,
ClassicGumtree,19,3,18,0,0,1,0,0,44,3,0,0.999,,900,,,,,2,,,
ClassicGumtree,19,3,18,0,0,1,0,0,45,3,0,0.999,,1000,,,,,2,,,
ClassicGumtree,19,3,18,0,0,1,0,0,44,3,0,0.999,,1100,,,,,2,,,
ClassicGumtree,19,3,18,0,0,1,0,0,44,3,0,0.999,,1200,,,,,2,,,
ClassicGumtree,19,3,18,0,0,1,0,0,44,3,0,0.999,,1300,,,,,2,,,
ClassicGumtree,19,3,18,0,0,1,0,0,44,3,0,0.999,,1400,,,,,2,,,
ClassicGumtree,19,3,18,0,0,1,0,0,44,3,0,0.999,,1500,,,,,2,,,
ClassicGumtree,19,3,18,0,0,1,0,0,44,3,0,0.999,,1600,,,,,2,,,
ClassicGumtree,19,3,18,0,0,1,0,0,44,3,0,0.999,,1700,,,,,2,,,
ClassicGumtree,19,3,18,0,0,1,0,0,44,3,0,0.999,,1800,,,,,2,,,
ClassicGumtree,19,3,18,0,0,1,0,0,44,3,0,0.999,,1900,,,,,2,,,
ClassicGumtree,19,3,18,0,0,1,0,0,45,3,0,0.999,,2000,,,,,2,,,
ClassicGumtree,33,5,25,7,0,1,0,0,5,3,0,0.1,,100,,,,,3,,,
ClassicGumtree,19,3,18,0,0,1,0,0,92,3,0,0.1,,200,,,,,3,,,
ClassicGumtree,19,3,18,0,0,1,0,0,93,3,0,0.1,,300,,,,,3,,,
ClassicGumtree,19,3,18,0,0,1,0,0,93,3,0,0.1,,400,,,,,3,,,
ClassicGumtree,19,3,18,0,0,1,0,0,93,3,0,0.1,,500,,,,,3,,,
ClassicGumtree,19,3,18,0,0,1,0,0,92,3,0,0.1,,600,,,,,3,,,
ClassicGumtree,19,3,18,0,0,1,0,0,91,3,0,0.1,,700,,,,,3,,,
ClassicGumtree,19,3,18,0,0,1,0,0,92,3,0,0.1,,800,,,,,3,,,
ClassicGumtree,19,3,18,0,0,1,0,0,93,3,0,0.1,,900,,,,,3,,,
ClassicGumtree,19,3,18,0,0,1,0,0,92,3,0,0.1,,1000,,,,,3,,,
ClassicGumtree,19,3,18,0,0,1,0,0,91,3,0,0.1,,1100,,,,,3,,,
ClassicGumtree,19,3,18,0,0,1,0,0,93,3,0,0.1,,1200,,,,,3,,,
ClassicGumtree,19,3,18,0,0,1,0,0,92,3,0,0.1,,1300,,,,,3,,,
ClassicGumtree,19,3,18,0,0,1,0,0,92,3,0,0.1,,1400,,,,,3,,,
ClassicGumtree,19,3,18,0,0,1,0,0,92,3,0,0.1,,1500,,,,,3,,,
ClassicGumtree,19,3,18,0,0,1,0,0,91,3,0,0.1,,1600,,,,,3,,,
ClassicGumtree,19,3,18,0,0,1,0,0,92,3,0,0.1,,1700,,,,,3,,,
ClassicGumtree,19,3,18,0,0,1,0,0,92,3,0,0.1,,1800,,,,,3,,,
ClassicGumtree,19,3,18,0,0,1,0,0,93,3,0,0.1,,1900,,,,,3,,,
ClassicGumtree,19,3,18,0,0,1,0,0,92,3,0,0.1,,2000,,,,,3,,,
ClassicGumtree,33,5,25,7,0,1,0,0,6,3,0,0.2,,100,,,,,3,,,
ClassicGumtree,19,3,18,0,0,1,0,0,93,3,0,0.2,,200,,,,,3,,,
ClassicGumtree,19,3,18,0,0,1,0,0,92,3,0,0.2,,300,,,,,3,,,
ClassicGumtree,19,3,18,0,0,1,0,0,92,3,0,0.2,,400,,,,,3,,,
ClassicGumtree,19,3,18,0,0,1,0,0,92,3,0,0.2,,500,,,,,3,,,
ClassicGumtree,19,3,18,0,0,1,0,0,92,3,0,0.2,,600,,,,,3,,,
ClassicGumtree,19,3,18,0,0,1,0,0,91,3,0,0.2,,700,,,,,3,,,
ClassicGumtree,19,3,18,0,0,1,0,0,91,3,0,0.2,,800,,,,,3,,,
ClassicGumtree,19,3,18,0,0,1,0,0,92,3,0,0.2,,900,,,,,3,,,
ClassicGumtree,19,3,18,0,0,1,0,0,93,3,0,0.2,,1000,,,,,3,,,
ClassicGumtree,19,3,18,0,0,1,0,0,92,3,0,0.2,,1100,,,,,3,,,
ClassicGumtree,19,3,18,0,0,1,0,0,92,3,0,0.2,,1200,,,,,3,,,
ClassicGumtree,19,3,18,0,0,1,0,0,92,3,0,0.2,,1300,,,,,3,,,
ClassicGumtree,19,3,18,0,0,1,0,0,92,3,0,0.2,,1400,,,,,3,,,
ClassicGumtree,19,3,18,0,0,1,0,0,93,3,0,0.2,,1500,,,,,3,,,
ClassicGumtree,19,3,18,0,0,1,0,0,92,3,0,0.2,,1600,,,,,3,,,
ClassicGumtree,19,3,18,0,0,1,0,0,92,3,0,0.2,,1700,,,,,3,,,
ClassicGumtree,19,3,18,0,0,1,0,0,92,3,0,0.2,,1800,,,,,3,,,
ClassicGumtree,19,3,18,0,0,1,0,0,92,3,0,0.2,,1900,,,,,3,,,
ClassicGumtree,19,3,18,0,0,1,0,0,91,3,0,0.2,,2000,,,,,3,,,
ClassicGumtree,33,5,25,7,0,1,0,0,5,3,0,0.3,,100,,,,,3,,,
ClassicGumtree,19,3,18,0,0,1,0,0,93,3,0,0.3,,200,,,,,3,,,
ClassicGumtree,19,3,18,0,0,1,0,0,93,3,0,0.3,,300,,,,,3,,,
ClassicGumtree,19,3,18,0,0,1,0,0,93,3,0,0.3,,400,,,,,3,,,
ClassicGumtree,19,3,18,0,0,1,0,0,92,3,0,0.3,,500,,,,,3,,,
ClassicGumtree,19,3,18,0,0,1,0,0,92,3,0,0.3,,600,,,,,3,,,
ClassicGumtree,19,3,18,0,0,1,0,0,92,3,0,0.3,,700,,,,,3,,,
ClassicGumtree,19,3,18,0,0,1,0,0,92,3,0,0.3,,800,,,,,3,,,
ClassicGumtree,19,3,18,0,0,1,0,0,92,3,0,0.3,,900,,,,,3,,,
ClassicGumtree,19,3,18,0,0,1,0,0,93,3,0,0.3,,1000,,,,,3,,,
ClassicGumtree,19,3,18,0,0,1,0,0,92,3,0,0.3,,1100,,,,,3,,,
ClassicGumtree,19,3,18,0,0,1,0,0,94,3,0,0.3,,1200,,,,,3,,,
ClassicGumtree,19,3,18,0,0,1,0,0,92,3,0,0.3,,1300,,,,,3,,,
ClassicGumtree,19,3,18,0,0,1,0,0,96,3,0,0.3,,1400,,,,,3,,,
ClassicGumtree,19,3,18,0,0,1,0,0,96,3,0,0.3,,1500,,,,,3,,,
ClassicGumtree,19,3,18,0,0,1,0,0,97,3,0,0.3,,1600,,,,,3,,,
ClassicGumtree,19,3,18,0,0,1,0,0,98,3,0,0.3,,1700,,,,,3,,,
ClassicGumtree,19,3,18,0,0,1,0,0,96,3,0,0.3,,1800,,,,,3,,,
ClassicGumtree,19,3,18,0,0,1,0,0,96,3,0,0.3,,1900,,,,,3,,,
ClassicGumtree,19,3,18,0,0,1,0,0,95,3,0,0.3,,2000,,,,,3,,,
ClassicGumtree,33,5,25,7,0,1,0,0,5,3,0,0.4,,100,,,,,3,,,
ClassicGumtree,19,3,18,0,0,1,0,0,96,3,0,0.4,,200,,,,,3,,,
ClassicGumtree,19,3,18,0,0,1,0,0,97,3,0,0.4,,300,,,,,3,,,
ClassicGumtree,19,3,18,0,0,1,0,0,99,3,0,0.4,,400,,,,,3,,,
ClassicGumtree,19,3,18,0,0,1,0,0,96,3,0,0.4,,500,,,,,3,,,
ClassicGumtree,19,3,18,0,0,1,0,0,92,3,0,0.4,,600,,,,,3,,,
ClassicGumtree,19,3,18,0,0,1,0,0,96,3,0,0.4,,700,,,,,3,,,
ClassicGumtree,19,3,18,0,0,1,0,0,95,3,0,0.4,,800,,,,,3,,,
ClassicGumtree,19,3,18,0,0,1,0,0,92,3,0,0.4,,900,,,,,3,,,
ClassicGumtree,19,3,18,0,0,1,0,0,91,3,0,0.4,,1000,,,,,3,,,
ClassicGumtree,19,3,18,0,0,1,0,0,93,3,0,0.4,,1100,,,,,3,,,
ClassicGumtree,19,3,18,0,0,1,0,0,92,3,0,0.4,,1200,,,,,3,,,
ClassicGumtree,19,3,18,0,0,1,0,0,96,3,0,0.4,,1300,,,,,3,,,
ClassicGumtree,19,3,18,0,0,1,0,0,96,3,0,0.4,,1400,,,,,3,,,
ClassicGumtree,19,3,18,0,0,1,0,0,92,3,0,0.4,,1500,,,,,3,,,
ClassicGumtree,19,3,18,0,0,1,0,0,96,3,0,0.4,,1600,,,,,3,,,
ClassicGumtree,19,3,18,0,0,1,0,0,96,3,0,0.4,,1700,,,,,3,,,
ClassicGumtree,19,3,18,0,0,1,0,0,95,3,0,0.4,,1800,,,,,3,,,
ClassicGumtree,19,3,18,0,0,1,0,0,92,3,0,0.4,,1900,,,,,3,,,
ClassicGumtree,19,3,18,0,0,1,0,0,92,3,0,0.4,,2000,,,,,3,,,
ClassicGumtree,98,7,57,39,0,2,0,0,0,3,0,0.5,,100,,,,,3,,,
ClassicGumtree,19,3,18,0,0,1,0,0,88,3,0,0.5,,200,,,,,3,,,
ClassicGumtree,19,3,18,0,0,1,0,0,87,3,0,0.5,,300,,,,,3,,,
ClassicGumtree,19,3,18,0,0,1,0,0,90,3,0,0.5,,400,,,,,3,,,
ClassicGumtree,19,3,18,0,0,1,0,0,89,3,0,0.5,,500,,,,,3,,,
ClassicGumtree,19,3,18,0,0,1,0,0,88,3,0,0.5,,600,,,,,3,,,
ClassicGumtree,19,3,18,0,0,1,0,0,88,3,0,0.5,,700,,,,,3,,,
ClassicGumtree,19,3,18,0,0,1,0,0,88,3,0,0.5,,800,,,,,3,,,
ClassicGumtree,19,3,18,0,0,1,0,0,87,3,0,0.5,,900,,,,,3,,,
ClassicGumtree,19,3,18,0,0,1,0,0,88,3,0,0.5,,1000,,,,,3,,,
ClassicGumtree,19,3,18,0,0,1,0,0,87,3,0,0.5,,1100,,,,,3,,,
ClassicGumtree,19,3,18,0,0,1,0,0,88,3,0,0.5,,1200,,,,,3,,,
ClassicGumtree,19,3,18,0,0,1,0,0,88,3,0,0.5,,1300,,,,,3,,,
ClassicGumtree,19,3,18,0,0,1,0,0,88,3,0,0.5,,1400,,,,,3,,,
ClassicGumtree,19,3,18,0,0,1,0,0,88,3,0,0.5,,1500,,,,,3,,,
ClassicGumtree,19,3,18,0,0,1,0,0,88,3,0,0.5,,1600,,,,,3,,,
ClassicGumtree,19,3,18,0,0,1,0,0,88,3,0,0.5,,1700,,,,,3,,,
ClassicGumtree,19,3,18,0,0,1,0,0,86,3,0,0.5,,1800,,,,,3,,,
ClassicGumtree,19,3,18,0,0,1,0,0,88,3,0,0.5,,1900,,,,,3,,,
ClassicGumtree,19,3,18,0,0,1,0,0,87,3,0,0.5,,2000,,,,,3,,,
ClassicGumtree,98,7,57,39,0,2,0,0,0,3,0,0.6,,100,,,,,3,,,
ClassicGumtree,19,3,18,0,0,1,0,0,88,3,0,0.6,,200,,,,,3,,,
ClassicGumtree,19,3,18,0,0,1,0,0,87,3,0,0.6,,300,,,,,3,,,
ClassicGumtree,19,3,18,0,0,1,0,0,88,3,0,0.6,,400,,,,,3,,,
ClassicGumtree,19,3,18,0,0,1,0,0,87,3,0,0.6,,500,,,,,3,,,
ClassicGumtree,19,3,18,0,0,1,0,0,87,3,0,0.6,,600,,,,,3,,,
ClassicGumtree,19,3,18,0,0,1,0,0,88,3,0,0.6,,700,,,,,3,,,
ClassicGumtree,19,3,18,0,0,1,0,0,87,3,0,0.6,,800,,,,,3,,,
ClassicGumtree,19,3,18,0,0,1,0,0,86,3,0,0.6,,900,,,,,3,,,
ClassicGumtree,19,3,18,0,0,1,0,0,86,3,0,0.6,,1000,,,,,3,,,
ClassicGumtree,19,3,18,0,0,1,0,0,87,3,0,0.6,,1100,,,,,3,,,
ClassicGumtree,19,3,18,0,0,1,0,0,88,3,0,0.6,,1200,,,,,3,,,
ClassicGumtree,19,3,18,0,0,1,0,0,88,3,0,0.6,,1300,,,,,3,,,
ClassicGumtree,19,3,18,0,0,1,0,0,87,3,0,0.6,,1400,,,,,3,,,
ClassicGumtree,19,3,18,0,0,1,0,0,88,3,0,0.6,,1500,,,,,3,,,
ClassicGumtree,19,3,18,0,0,1,0,0,88,3,0,0.6,,1600,,,,,3,,,
ClassicGumtree,19,3,18,0,0,1,0,0,87,3,0,0.6,,1700,,,,,3,,,
ClassicGumtree,19,3,18,0,0,1,0,0,88,3,0,0.6,,1800,,,,,3,,,
ClassicGumtree,19,3,18,0,0,1,0,0,87,3,0,0.6,,1900,,,,,3,,,
ClassicGumtree,19,3,18,0,0,1,0,0,87,3,0,0.6,,2000,,,,,3,,,
ClassicGumtree,98,7,57,39,0,2,0,0,0,3,0,0.7,,100,,,,,3,,,
ClassicGumtree,19,3,18,0,0,1,0,0,88,3,0,0.7,,200,,,,,3,,,
ClassicGumtree,19,3,18,0,0,1,0,0,88,3,0,0.7,,300,,,,,3,,,
ClassicGumtree,19,3,18,0,0,1,0,0,88,3,0,0.7,,400,,,,,3,,,
ClassicGumtree,19,3,18,0,0,1,0,0,87,3,0,0.7,,500,,,,,3,,,
ClassicGumtree,19,3,18,0,0,1,0,0,88,3,0,0.7,,600,,,,,3,,,
ClassicGumtree,19,3,18,0,0,1,0,0,88,3,0,0.7,,700,,,,,3,,,
ClassicGumtree,19,3,18,0,0,1,0,0,87,3,0,0.7,,800,,,,,3,,,
ClassicGumtree,19,3,18,0,0,1,0,0,87,3,0,0.7,,900,,,,,3,,,
ClassicGumtree,19,3,18,0,0,1,0,0,88,3,0,0.7,,1000,,,,,3,,,
ClassicGumtree,19,3,18,0,0,1,0,0,87,3,0,0.7,,1100,,,,,3,,,
ClassicGumtree,19,3,18,0,0,1,0,0,87,3,0,0.7,,1200,,,,,3,,,
ClassicGumtree,19,3,18,0,0,1,0,0,88,3,0,0.7,,1300,,,,,3,,,
ClassicGumtree,19,3,18,0,0,1,0,0,88,3,0,0.7,,1400,,,,,3,,,
ClassicGumtree,19,3,18,0,0,1,0,0,87,3,0,0.7,,1500,,,,,3,,,
ClassicGumtree,19,3,18,0,0,1,0,0,87,3,0,0.7,,1600,,,,,3,,,
ClassicGumtree,19,3,18,0,0,1,0,0,88,3,0,0.7,,1700,,,,,3,,,
ClassicGumtree,19,3,18,0,0,1,0,0,91,3,0,0.7,,1800,,,,,3,,,
ClassicGumtree,19,3,18,0,0,1,0,0,91,3,0,0.7,,1900,,,,,3,,,
ClassicGumtree,19,3,18,0,0,1,0,0,91,3,0,0.7,,2000,,,,,3,,,
ClassicGumtree,104,8,58,40,0,6,0,0,0,3,0,0.799,,100,,,,,3,,,
ClassicGumtree,19,3,18,0,0,1,0,0,44,3,0,0.799,,200,,,,,3,,,
ClassicGumtree,19,3,18,0,0,1,0,0,44,3,0,0.799,,300,,,,,3,,,
ClassicGumtree,19,3,18,0,0,1,0,0,44,3,0,0.799,,400,,,,,3,,,
ClassicGumtree,19,3,18,0,0,1,0,0,44,3,0,0.799,,500,,,,,3,,,
ClassicGumtree,19,3,18,0,0,1,0,0,47,3,0,0.799,,600,,,,,3,,,
ClassicGumtree,19,3,18,0,0,1,0,0,47,3,0,0.799,,700,,,,,3,,,
ClassicGumtree,19,3,18,0,0,1,0,0,48,3,0,0.799,,800,,,,,3,,,
ClassicGumtree,19,3,18,0,0,1,0,0,47,3,0,0.799,,900,,,,,3,,,
ClassicGumtree,19,3,18,0,0,1,0,0,48,3,0,0.799,,1000,,,,,3,,,
ClassicGumtree,19,3,18,0,0,1,0,0,47,3,0,0.799,,1100,,,,,3,,,
ClassicGumtree,19,3,18,0,0,1,0,0,48,3,0,0.799,,1200,,,,,3,,,
ClassicGumtree,19,3,18,0,0,1,0,0,44,3,0,0.799,,1300,,,,,3,,,
ClassicGumtree,19,3,18,0,0,1,0,0,44,3,0,0.799,,1400,,,,,3,,,
ClassicGumtree,19,3,18,0,0,1,0,0,44,3,0,0.799,,1500,,,,,3,,,
ClassicGumtree,19,3,18,0,0,1,0,0,44,3,0,0.799,,1600,,,,,3,,,
ClassicGumtree,19,3,18,0,0,1,0,0,44,3,0,0.799,,1700,,,,,3,,,
ClassicGumtree,19,3,18,0,0,1,0,0,43,3,0,0.799,,1800,,,,,3,,,
ClassicGumtree,19,3,18,0,0,1,0,0,44,3,0,0.799,,1900,,,,,3,,,
ClassicGumtree,19,3,18,0,0,1,0,0,45,3,0,0.799,,2000,,,,,3,,,
ClassicGumtree,104,8,58,40,0,6,0,0,0,3,0,0.899,,100,,,,,3,,,
ClassicGumtree,19,3,18,0,0,1,0,0,44,3,0,0.899,,200,,,,,3,,,
ClassicGumtree,19,3,18,0,0,1,0,0,44,3,0,0.899,,300,,,,,3,,,
ClassicGumtree,19,3,18,0,0,1,0,0,44,3,0,0.899,,400,,,,,3,,,
ClassicGumtree,19,3,18,0,0,1,0,0,44,3,0,0.899,,500,,,,,3,,,
ClassicGumtree,19,3,18,0,0,1,0,0,44,3,0,0.899,,600,,,,,3,,,
ClassicGumtree,19,3,18,0,0,1,0,0,44,3,0,0.899,,700,,,,,3,,,
ClassicGumtree,19,3,18,0,0,1,0,0,44,3,0,0.899,,800,,,,,3,,,
ClassicGumtree,19,3,18,0,0,1,0,0,44,3,0,0.899,,900,,,,,3,,,
ClassicGumtree,19,3,18,0,0,1,0,0,44,3,0,0.899,,1000,,,,,3,,,
ClassicGumtree,19,3,18,0,0,1,0,0,44,3,0,0.899,,1100,,,,,3,,,
ClassicGumtree,19,3,18,0,0,1,0,0,44,3,0,0.899,,1200,,,,,3,,,
ClassicGumtree,19,3,18,0,0,1,0,0,44,3,0,0.899,,1300,,,,,3,,,
ClassicGumtree,19,3,18,0,0,1,0,0,44,3,0,0.899,,1400,,,,,3,,,
ClassicGumtree,19,3,18,0,0,1,0,0,44,3,0,0.899,,1500,,,,,3,,,
ClassicGumtree,19,3,18,0,0,1,0,0,44,3,0,0.899,,1600,,,,,3,,,
ClassicGumtree,19,3,18,0,0,1,0,0,44,3,0,0.899,,1700,,,,,3,,,
ClassicGumtree,19,3,18,0,0,1,0,0,44,3,0,0.899,,1800,,,,,3,,,
ClassicGumtree,19,3,18,0,0,1,0,0,44,3,0,0.899,,1900,,,,,3,,,
ClassicGumtree,19,3,18,0,0,1,0,0,43,3,0,0.899,,2000,,,,,3,,,
ClassicGumtree,104,8,58,40,0,6,0,0,1,3,0,0.999,,100,,,,,3,,,
ClassicGumtree,19,3,18,0,0,1,0,0,43,3,0,0.999,,200,,,,,3,,,
ClassicGumtree,19,3,18,0,0,1,0,0,44,3,0,0.999,,300,,,,,3,,,
ClassicGumtree,19,3,18,0,0,1,0,0,44,3,0,0.999,,400,,,,,3,,,
ClassicGumtree,19,3,18,0,0,1,0,0,44,3,0,0.999,,500,,,,,3,,,
ClassicGumtree,19,3,18,0,0,1,0,0,44,3,0,0.999,,600,,,,,3,,,
ClassicGumtree,19,3,18,0,0,1,0,0,44,3,0,0.999,,700,,,,,3,,,
ClassicGumtree,19,3,18,0,0,1,0,0,44,3,0,0.999,,800,,,,,3,,,
ClassicGumtree,19,3,18,0,0,1,0,0,44,3,0,0.999,,900,,,,,3,,,
ClassicGumtree,19,3,18,0,0,1,0,0,44,3,0,0.999,,1000,,,,,3,,,
ClassicGumtree,19,3,18,0,0,1,0,0,44,3,0,0.999,,1100,,,,,3,,,
ClassicGumtree,19,3,18,0,0,1,0,0,44,3,0,0.999,,1200,,,,,3,,,
ClassicGumtree,19,3,18,0,0,1,0,0,44,3,0,0.999,,1300,,,,,3,,,
ClassicGumtree,19,3,18,0,0,1,0,0,44,3,0,0.999,,1400,,,,,3,,,
ClassicGumtree,19,3,18,0,0,1,0,0,44,3,0,0.999,,1500,,,,,3,,,
ClassicGumtree,19,3,18,0,0,1,0,0,44,3,0,0.999,,1600,,,,,3,,,
ClassicGumtree,19,3,18,0,0,1,0,0,44,3,0,0.999,,1700,,,,,3,,,
ClassicGumtree,19,3,18,0,0,1,0,0,45,3,0,0.999,,1800,,,,,3,,,
ClassicGumtree,19,3,18,0,0,1,0,0,44,3,0,0.999,,1900,,,,,3,,,
ClassicGumtree,19,3,18,0,0,1,0,0,43,3,0,0.999,,2000,,,,,3,,,
ClassicGumtree,53,7,35,17,0,1,0,0,5,3,0,0.1,,100,,,,,4,,,
ClassicGumtree,19,3,18,0,0,1,0,0,92,3,0,0.1,,200,,,,,4,,,
ClassicGumtree,19,3,18,0,0,1,0,0,92,3,0,0.1,,300,,,,,4,,,
ClassicGumtree,19,3,18,0,0,1,0,0,92,3,0,0.1,,400,,,,,4,,,
ClassicGumtree,19,3,18,0,0,1,0,0,93,3,0,0.1,,500,,,,,4,,,
ClassicGumtree,19,3,18,0,0,1,0,0,92,3,0,0.1,,600,,,,,4,,,
ClassicGumtree,19,3,18,0,0,1,0,0,91,3,0,0.1,,700,,,,,4,,,
ClassicGumtree,19,3,18,0,0,1,0,0,93,3,0,0.1,,800,,,,,4,,,
ClassicGumtree,19,3,18,0,0,1,0,0,93,3,0,0.1,,900,,,,,4,,,
ClassicGumtree,19,3,18,0,0,1,0,0,93,3,0,0.1,,1000,,,,,4,,,
ClassicGumtree,19,3,18,0,0,1,0,0,92,3,0,0.1,,1100,,,,,4,,,
ClassicGumtree,19,3,18,0,0,1,0,0,92,3,0,0.1,,1200,,,,,4,,,
ClassicGumtree,19,3,18,0,0,1,0,0,92,3,0,0.1,,1300,,,,,4,,,
ClassicGumtree,19,3,18,0,0,1,0,0,93,3,0,0.1,,1400,,,,,4,,,
ClassicGumtree,19,3,18,0,0,1,0,0,93,3,0,0.1,,1500,,,,,4,,,
ClassicGumtree,19,3,18,0,0,1,0,0,92,3,0,0.1,,1600,,,,,4,,,
ClassicGumtree,19,3,18,0,0,1,0,0,92,3,0,0.1,,1700,,,,,4,,,
ClassicGumtree,19,3,18,0,0,1,0,0,94,3,0,0.1,,1800,,,,,4,,,
ClassicGumtree,19,3,18,0,0,1,0,0,91,3,0,0.1,,1900,,,,,4,,,
ClassicGumtree,19,3,18,0,0,1,0,0,92,3,0,0.1,,2000,,,,,4,,,
ClassicGumtree,53,7,35,17,0,1,0,0,5,3,0,0.2,,100,,,,,4,,,
ClassicGumtree,19,3,18,0,0,1,0,0,92,3,0,0.2,,200,,,,,4,,,
ClassicGumtree,19,3,18,0,0,1,0,0,92,3,0,0.2,,300,,,,,4,,,
ClassicGumtree,19,3,18,0,0,1,0,0,92,3,0,0.2,,400,,,,,4,,,
ClassicGumtree,19,3,18,0,0,1,0,0,93,3,0,0.2,,500,,,,,4,,,
ClassicGumtree,19,3,18,0,0,1,0,0,93,3,0,0.2,,600,,,,,4,,,
ClassicGumtree,19,3,18,0,0,1,0,0,92,3,0,0.2,,700,,,,,4,,,
ClassicGumtree,19,3,18,0,0,1,0,0,92,3,0,0.2,,800,,,,,4,,,
ClassicGumtree,19,3,18,0,0,1,0,0,91,3,0,0.2,,900,,,,,4,,,
ClassicGumtree,19,3,18,0,0,1,0,0,93,3,0,0.2,,1000,,,,,4,,,
ClassicGumtree,19,3,18,0,0,1,0,0,92,3,0,0.2,,1100,,,,,4,,,
ClassicGumtree,19,3,18,0,0,1,0,0,91,3,0,0.2,,1200,,,,,4,,,
ClassicGumtree,19,3,18,0,0,1,0,0,93,3,0,0.2,,1300,,,,,4,,,
ClassicGumtree,19,3,18,0,0,1,0,0,92,3,0,0.2,,1400,,,,,4,,,
ClassicGumtree,19,3,18,0,0,1,0,0,93,3,0,0.2,,1500,,,,,4,,,
ClassicGumtree,19,3,18,0,0,1,0,0,93,3,0,0.2,,1600,,,,,4,,,
ClassicGumtree,19,3,18,0,0,1,0,0,92,3,0,0.2,,1700,,,,,4,,,
ClassicGumtree,19,3,18,0,0,1,0,0,92,3,0,0.2,,1800,,,,,4,,,
ClassicGumtree,19,3,18,0,0,1,0,0,93,3,0,0.2,,1900,,,,,4,,,
ClassicGumtree,19,3,18,0,0,1,0,0,92,3,0,0.2,,2000,,,,,4,,,
ClassicGumtree,53,7,35,17,0,1,0,0,5,3,0,0.3,,100,,,,,4,,,
ClassicGumtree,19,3,18,0,0,1,0,0,93,3,0,0.3,,200,,,,,4,,,
ClassicGumtree,19,3,18,0,0,1,0,0,92,3,0,0.3,,300,,,,,4,,,
ClassicGumtree,19,3,18,0,0,1,0,0,92,3,0,0.3,,400,,,,,4,,,
ClassicGumtree,19,3,18,0,0,1,0,0,91,3,0,0.3,,500,,,,,4,,,
ClassicGumtree,19,3,18,0,0,1,0,0,92,3,0,0.3,,600,,,,,4,,,
ClassicGumtree,19,3,18,0,0,1,0,0,93,3,0,0.3,,700,,,,,4,,,
ClassicGumtree,19,3,18,0,0,1,0,0,92,3,0,0.3,,800,,,,,4,,,
ClassicGumtree,19,3,18,0,0,1,0,0,92,3,0,0.3,,900,,,,,4,,,
ClassicGumtree,19,3,18,0,0,1,0,0,92,3,0,0.3,,1000,,,,,4,,,
ClassicGumtree,19,3,18,0,0,1,0,0,93,3,0,0.3,,1100,,,,,4,,,
ClassicGumtree,19,3,18,0,0,1,0,0,92,3,0,0.3,,1200,,,,,4,,,
ClassicGumtree,19,3,18,0,0,1,0,0,99,3,0,0.3,,1300,,,,,4,,,
ClassicGumtree,19,3,18,0,0,1,0,0,100,3,0,0.3,,1400,,,,,4,,,
ClassicGumtree,19,3,18,0,0,1,0,0,99,3,0,0.3,,1500,,,,,4,,,
ClassicGumtree,19,3,18,0,0,1,0,0,99,3,0,0.3,,1600,,,,,4,,,
ClassicGumtree,19,3,18,0,0,1,0,0,100,3,0,0.3,,1700,,,,,4,,,
ClassicGumtree,19,3,18,0,0,1,0,0,100,3,0,0.3,,1800,,,,,4,,,
ClassicGumtree,19,3,18,0,0,1,0,0,100,3,0,0.3,,1900,,,,,4,,,
ClassicGumtree,19,3,18,0,0,1,0,0,101,3,0,0.3,,2000,,,,,4,,,
ClassicGumtree,53,7,35,17,0,1,0,0,5,3,0,0.4,,100,,,,,4,,,
ClassicGumtree,19,3,18,0,0,1,0,0,100,3,0,0.4,,200,,,,,4,,,
ClassicGumtree,19,3,18,0,0,1,0,0,101,3,0,0.4,,300,,,,,4,,,
ClassicGumtree,19,3,18,0,0,1,0,0,92,3,0,0.4,,400,,,,,4,,,
ClassicGumtree,19,3,18,0,0,1,0,0,93,3,0,0.4,,500,,,,,4,,,
ClassicGumtree,19,3,18,0,0,1,0,0,92,3,0,0.4,,600,,,,,4,,,
ClassicGumtree,19,3,18,0,0,1,0,0,92,3,0,0.4,,700,,,,,4,,,
ClassicGumtree,19,3,18,0,0,1,0,0,92,3,0,0.4,,800,,,,,4,,,
ClassicGumtree,19,3,18,0,0,1,0,0,93,3,0,0.4,,900,,,,,4,,,
ClassicGumtree,19,3,18,0,0,1,0,0,92,3,0,0.4,,1000,,,,,4,,,
ClassicGumtree,19,3,18,0,0,1,0,0,93,3,0,0.4,,1100,,,,,4,,,
ClassicGumtree,19,3,18,0,0,1,0,0,92,3,0,0.4,,1200,,,,,4,,,
ClassicGumtree,19,3,18,0,0,1,0,0,92,3,0,0.4,,1300,,,,,4,,,
ClassicGumtree,19,3,18,0,0,1,0,0,92,3,0,0.4,,1400,,,,,4,,,
ClassicGumtree,19,3,18,0,0,1,0,0,93,3,0,0.4,,1500,,,,,4,,,
ClassicGumtree,19,3,18,0,0,1,0,0,92,3,0,0.4,,1600,,,,,4,,,
ClassicGumtree,19,3,18,0,0,1,0,0,93,3,0,0.4,,1700,,,,,4,,,
ClassicGumtree,19,3,18,0,0,1,0,0,93,3,0,0.4,,1800,,,,,4,,,
ClassicGumtree,19,3,18,0,0,1,0,0,92,3,0,0.4,,1900,,,,,4,,,
ClassicGumtree,19,3,18,0,0,1,0,0,93,3,0,0.4,,2000,,,,,4,,,
ClassicGumtree,118,9,67,49,0,2,0,0,1,3,0,0.5,,100,,,,,4,,,
ClassicGumtree,19,3,18,0,0,1,0,0,87,3,0,0.5,,200,,,,,4,,,
ClassicGumtree,19,3,18,0,0,1,0,0,88,3,0,0.5,,300,,,,,4,,,
ClassicGumtree,19,3,18,0,0,1,0,0,88,3,0,0.5,,400,,,,,4,,,
ClassicGumtree,19,3,18,0,0,1,0,0,88,3,0,0.5,,500,,,,,4,,,
ClassicGumtree,19,3,18,0,0,1,0,0,88,3,0,0.5,,600,,,,,4,,,
ClassicGumtree,19,3,18,0,0,1,0,0,88,3,0,0.5,,700,,,,,4,,,
ClassicGumtree,19,3,18,0,0,1,0,0,87,3,0,0.5,,800,,,,,4,,,
ClassicGumtree,19,3,18,0,0,1,0,0,88,3,0,0.5,,900,,,,,4,,,
ClassicGumtree,19,3,18,0,0,1,0,0,87,3,0,0.5,,1000,,,,,4,,,
ClassicGumtree,19,3,18,0,0,1,0,0,87,3,0,0.5,,1100,,,,,4,,,
ClassicGumtree,19,3,18,0,0,1,0,0,88,3,0,0.5,,1200,,,,,4,,,
ClassicGumtree,19,3,18,0,0,1,0,0,88,3,0,0.5,,1300,,,,,4,,,
ClassicGumtree,19,3,18,0,0,1,0,0,87,3,0,0.5,,1400,,,,,4,,,
ClassicGumtree,19,3,18,0,0,1,0,0,88,3,0,0.5,,1500,,,,,4,,,
ClassicGumtree,19,3,18,0,0,1,0,0,88,3,0,0.5,,1600,,,,,4,,,
ClassicGumtree,19,3,18,0,0,1,0,0,87,3,0,0.5,,1700,,,,,4,,,
ClassicGumtree,19,3,18,0,0,1,0,0,88,3,0,0.5,,1800,,,,,4,,,
ClassicGumtree,19,3,18,0,0,1,0,0,88,3,0,0.5,,1900,,,,,4,,,
ClassicGumtree,19,3,18,0,0,1,0,0,87,3,0,0.5,,2000,,,,,4,,,
ClassicGumtree,118,9,67,49,0,2,0,0,1,3,0,0.6,,100,,,,,4,,,
ClassicGumtree,19,3,18,0,0,1,0,0,87,3,0,0.6,,200,,,,,4,,,
ClassicGumtree,19,3,18,0,0,1,0,0,88,3,0,0.6,,300,,,,,4,,,
ClassicGumtree,19,3,18,0,0,1,0,0,87,3,0,0.6,,400,,,,,4,,,
ClassicGumtree,19,3,18,0,0,1,0,0,88,3,0,0.6,,500,,,,,4,,,
ClassicGumtree,19,3,18,0,0,1,0,0,87,3,0,0.6,,600,,,,,4,,,
ClassicGumtree,19,3,18,0,0,1,0,0,88,3,0,0.6,,700,,,,,4,,,
ClassicGumtree,19,3,18,0,0,1,0,0,88,3,0,0.6,,800,,,,,4,,,
ClassicGumtree,19,3,18,0,0,1,0,0,88,3,0,0.6,,900,,,,,4,,,
ClassicGumtree,19,3,18,0,0,1,0,0,88,3,0,0.6,,1000,,,,,4,,,
ClassicGumtree,19,3,18,0,0,1,0,0,88,3,0,0.6,,1100,,,,,4,,,
ClassicGumtree,19,3,18,0,0,1,0,0,88,3,0,0.6,,1200,,,,,4,,,
ClassicGumtree,19,3,18,0,0,1,0,0,87,3,0,0.6,,1300,,,,,4,,,
ClassicGumtree,19,3,18,0,0,1,0,0,88,3,0,0.6,,1400,,,,,4,,,
ClassicGumtree,19,3,18,0,0,1,0,0,88,3,0,0.6,,1500,,,,,4,,,
ClassicGumtree,19,3,18,0,0,1,0,0,87,3,0,0.6,,1600,,,,,4,,,
ClassicGumtree,19,3,18,0,0,1,0,0,88,3,0,0.6,,1700,,,,,4,,,
ClassicGumtree,19,3,18,0,0,1,0,0,87,3,0,0.6,,1800,,,,,4,,,
ClassicGumtree,19,3,18,0,0,1,0,0,87,3,0,0.6,,1900,,,,,4,,,
ClassicGumtree,19,3,18,0,0,1,0,0,88,3,0,0.6,,2000,,,,,4,,,
ClassicGumtree,118,9,67,49,0,2,0,0,0,3,0,0.7,,100,,,,,4,,,
ClassicGumtree,19,3,18,0,0,1,0,0,87,3,0,0.7,,200,,,,,4,,,
ClassicGumtree,19,3,18,0,0,1,0,0,88,3,0,0.7,,300,,,,,4,,,
ClassicGumtree,19,3,18,0,0,1,0,0,89,3,0,0.7,,400,,,,,4,,,
ClassicGumtree,19,3,18,0,0,1,0,0,88,3,0,0.7,,500,,,,,4,,,
ClassicGumtree,19,3,18,0,0,1,0,0,88,3,0,0.7,,600,,,,,4,,,
ClassicGumtree,19,3,18,0,0,1,0,0,87,3,0,0.7,,700,,,,,4,,,
ClassicGumtree,19,3,18,0,0,1,0,0,88,3,0,0.7,,800,,,,,4,,,
ClassicGumtree,19,3,18,0,0,1,0,0,88,3,0,0.7,,900,,,,,4,,,
ClassicGumtree,19,3,18,0,0,1,0,0,88,3,0,0.7,,1000,,,,,4,,,
ClassicGumtree,19,3,18,0,0,1,0,0,88,3,0,0.7,,1100,,,,,4,,,
ClassicGumtree,19,3,18,0,0,1,0,0,87,3,0,0.7,,1200,,,,,4,,,
ClassicGumtree,19,3,18,0,0,1,0,0,88,3,0,0.7,,1300,,,,,4,,,
ClassicGumtree,19,3,18,0,0,1,0,0,88,3,0,0.7,,1400,,,,,4,,,
ClassicGumtree,19,3,18,0,0,1,0,0,88,3,0,0.7,,1500,,,,,4,,,
ClassicGumtree,19,3,18,0,0,1,0,0,88,3,0,0.7,,1600,,,,,4,,,
ClassicGumtree,19,3,18,0,0,1,0,0,87,3,0,0.7,,1700,,,,,4,,,
ClassicGumtree,19,3,18,0,0,1,0,0,91,3,0,0.7,,1800,,,,,4,,,
ClassicGumtree,19,3,18,0,0,1,0,0,92,3,0,0.7,,1900,,,,,4,,,
ClassicGumtree,19,3,18,0,0,1,0,0,91,3,0,0.7,,2000,,,,,4,,,
ClassicGumtree,123,7,68,50,0,5,0,0,0,3,0,0.799,,100,,,,,4,,,
ClassicGumtree,19,3,18,0,0,1,0,0,48,3,0,0.799,,200,,,,,4,,,
ClassicGumtree,19,3,18,0,0,1,0,0,48,3,0,0.799,,300,,,,,4,,,
ClassicGumtree,19,3,18,0,0,1,0,0,47,3,0,0.799,,400,,,,,4,,,
ClassicGumtree,19,3,18,0,0,1,0,0,47,3,0,0.799,,500,,,,,4,,,
ClassicGumtree,19,3,18,0,0,1,0,0,47,3,0,0.799,,600,,,,,4,,,
ClassicGumtree,19,3,18,0,0,1,0,0,48,3,0,0.799,,700,,,,,4,,,
ClassicGumtree,19,3,18,0,0,1,0,0,48,3,0,0.799,,800,,,,,4,,,
ClassicGumtree,19,3,18,0,0,1,0,0,45,3,0,0.799,,900,,,,,4,,,
ClassicGumtree,19,3,18,0,0,1,0,0,44,3,0,0.799,,1000,,,,,4,,,
ClassicGumtree,19,3,18,0,0,1,0,0,44,3,0,0.799,,1100,,,,,4,,,
ClassicGumtree,19,3,18,0,0,1,0,0,45,3,0,0.799,,1200,,,,,4,,,
ClassicGumtree,19,3,18,0,0,1,0,0,44,3,0,0.799,,1300,,,,,4,,,
ClassicGumtree,19,3,18,0,0,1,0,0,44,3,0,0.799,,1400,,,,,4,,,
ClassicGumtree,19,3,18,0,0,1,0,0,44,3,0,0.799,,1500,,,,,4,,,
ClassicGumtree,19,3,18,0,0,1,0,0,44,3,0,0.799,,1600,,,,,4,,,
ClassicGumtree,19,3,18,0,0,1,0,0,44,3,0,0.799,,1700,,,,,4,,,
ClassicGumtree,19,3,18,0,0,1,0,0,44,3,0,0.799,,1800,,,,,4,,,
ClassicGumtree,19,3,18,0,0,1,0,0,44,3,0,0.799,,1900,,,,,4,,,
ClassicGumtree,19,3,18,0,0,1,0,0,44,3,0,0.799,,2000,,,,,4,,,
ClassicGumtree,123,7,68,50,0,5,0,0,1,3,0,0.899,,100,,,,,4,,,
ClassicGumtree,19,3,18,0,0,1,0,0,44,3,0,0.899,,200,,,,,4,,,
ClassicGumtree,19,3,18,0,0,1,0,0,44,3,0,0.899,,300,,,,,4,,,
ClassicGumtree,19,3,18,0,0,1,0,0,44,3,0,0.899,,400,,,,,4,,,
ClassicGumtree,19,3,18,0,0,1,0,0,44,3,0,0.899,,500,,,,,4,,,
ClassicGumtree,19,3,18,0,0,1,0,0,45,3,0,0.899,,600,,,,,4,,,
ClassicGumtree,19,3,18,0,0,1,0,0,43,3,0,0.899,,700,,,,,4,,,
ClassicGumtree,19,3,18,0,0,1,0,0,44,3,0,0.899,,800,,,,,4,,,
ClassicGumtree,19,3,18,0,0,1,0,0,44,3,0,0.899,,900,,,,,4,,,
ClassicGumtree,19,3,18,0,0,1,0,0,44,3,0,0.899,,1000,,,,,4,,,
ClassicGumtree,19,3,18,0,0,1,0,0,44,3,0,0.899,,1100,,,,,4,,,
ClassicGumtree,19,3,18,0,0,1,0,0,44,3,0,0.899,,1200,,,,,4,,,
ClassicGumtree,19,3,18,0,0,1,0,0,45,3,0,0.899,,1300,,,,,4,,,
ClassicGumtree,19,3,18,0,0,1,0,0,44,3,0,0.899,,1400,,,,,4,,,
ClassicGumtree,19,3,18,0,0,1,0,0,43,3,0,0.899,,1500,,,,,4,,,
ClassicGumtree,19,3,18,0,0,1,0,0,44,3,0,0.899,,1600,,,,,4,,,
ClassicGumtree,19,3,18,0,0,1,0,0,44,3,0,0.899,,1700,,,,,4,,,
ClassicGumtree,19,3,18,0,0,1,0,0,45,3,0,0.899,,1800,,,,,4,,,
ClassicGumtree,19,3,18,0,0,1,0,0,44,3,0,0.899,,1900,,,,,4,,,
ClassicGumtree,19,3,18,0,0,1,0,0,44,3,0,0.899,,2000,,,,,4,,,
ClassicGumtree,123,7,68,50,0,5,0,0,0,3,0,0.999,,100,,,,,4,,,
ClassicGumtree,19,3,18,0,0,1,0,0,44,3,0,0.999,,200,,,,,4,,,
ClassicGumtree,19,3,18,0,0,1,0,0,44,3,0,0.999,,300,,,,,4,,,
ClassicGumtree,19,3,18,0,0,1,0,0,44,3,0,0.999,,400,,,,,4,,,
ClassicGumtree,19,3,18,0,0,1,0,0,44,3,0,0.999,,500,,,,,4,,,
ClassicGumtree,19,3,18,0,0,1,0,0,44,3,0,0.999,,600,,,,,4,,,
ClassicGumtree,19,3,18,0,0,1,0,0,44,3,0,0.999,,700,,,,,4,,,
ClassicGumtree,19,3,18,0,0,1,0,0,44,3,0,0.999,,800,,,,,4,,,
ClassicGumtree,19,3,18,0,0,1,0,0,44,3,0,0.999,,900,,,,,4,,,
ClassicGumtree,19,3,18,0,0,1,0,0,45,3,0,0.999,,1000,,,,,4,,,
ClassicGumtree,19,3,18,0,0,1,0,0,44,3,0,0.999,,1100,,,,,4,,,
ClassicGumtree,19,3,18,0,0,1,0,0,44,3,0,0.999,,1200,,,,,4,,,
ClassicGumtree,19,3,18,0,0,1,0,0,44,3,0,0.999,,1300,,,,,4,,,
ClassicGumtree,19,3,18,0,0,1,0,0,44,3,0,0.999,,1400,,,,,4,,,
ClassicGumtree,19,3,18,0,0,1,0,0,45,3,0,0.999,,1500,,,,,4,,,
ClassicGumtree,19,3,18,0,0,1,0,0,44,3,0,0.999,,1600,,,,,4,,,
ClassicGumtree,19,3,18,0,0,1,0,0,45,3,0,0.999,,1700,,,,,4,,,
ClassicGumtree,19,3,18,0,0,1,0,0,44,3,0,0.999,,1800,,,,,4,,,
ClassicGumtree,19,3,18,0,0,1,0,0,44,3,0,0.999,,1900,,,,,4,,,
ClassicGumtree,19,3,18,0,0,1,0,0,44,3,0,0.999,,2000,,,,,4,,,
ClassicGumtree,53,7,35,17,0,1,0,0,4,3,0,0.1,,100,,,,,5,,,
ClassicGumtree,19,3,18,0,0,1,0,0,92,3,0,0.1,,200,,,,,5,,,
ClassicGumtree,19,3,18,0,0,1,0,0,91,3,0,0.1,,300,,,,,5,,,
ClassicGumtree,19,3,18,0,0,1,0,0,92,3,0,0.1,,400,,,,,5,,,
ClassicGumtree,19,3,18,0,0,1,0,0,91,3,0,0.1,,500,,,,,5,,,
ClassicGumtree,19,3,18,0,0,1,0,0,91,3,0,0.1,,600,,,,,5,,,
ClassicGumtree,19,3,18,0,0,1,0,0,91,3,0,0.1,,700,,,,,5,,,
ClassicGumtree,19,3,18,0,0,1,0,0,92,3,0,0.1,,800,,,,,5,,,
ClassicGumtree,19,3,18,0,0,1,0,0,91,3,0,0.1,,900,,,,,5,,,
ClassicGumtree,19,3,18,0,0,1,0,0,92,3,0,0.1,,1000,,,,,5,,,
ClassicGumtree,19,3,18,0,0,1,0,0,92,3,0,0.1,,1100,,,,,5,,,
ClassicGumtree,19,3,18,0,0,1,0,0,92,3,0,0.1,,1200,,,,,5,,,
ClassicGumtree,19,3,18,0,0,1,0,0,92,3,0,0.1,,1300,,,,,5,,,
ClassicGumtree,19,3,18,0,0,1,0,0,92,3,0,0.1,,1400,,,,,5,,,
ClassicGumtree,19,3,18,0,0,1,0,0,92,3,0,0.1,,1500,,,,,5,,,
ClassicGumtree,19,3,18,0,0,1,0,0,90,3,0,0.1,,1600,,,,,5,,,
ClassicGumtree,19,3,18,0,0,1,0,0,92,3,0,0.1,,1700,,,,,5,,,
ClassicGumtree,19,3,18,0,0,1,0,0,92,3,0,0.1,,1800,,,,,5,,,
ClassicGumtree,19,3,18,0,0,1,0,0,92,3,0,0.1,,1900,,,,,5,,,
ClassicGumtree,19,3,18,0,0,1,0,0,92,3,0,0.1,,2000,,,,,5,,,
ClassicGumtree,53,7,35,17,0,1,0,0,4,3,0,0.2,,100,,,,,5,,,
ClassicGumtree,19,3,18,0,0,1,0,0,92,3,0,0.2,,200,,,,,5,,,
ClassicGumtree,19,3,18,0,0,1,0,0,92,3,0,0.2,,300,,,,,5,,,
ClassicGumtree,19,3,18,0,0,1,0,0,91,3,0,0.2,,400,,,,,5,,,
ClassicGumtree,19,3,18,0,0,1,0,0,92,3,0,0.2,,500,,,,,5,,,
ClassicGumtree,19,3,18,0,0,1,0,0,92,3,0,0.2,,600,,,,,5,,,
ClassicGumtree,19,3,18,0,0,1,0,0,91,3,0,0.2,,700,,,,,5,,,
ClassicGumtree,19,3,18,0,0,1,0,0,92,3,0,0.2,,800,,,,,5,,,
ClassicGumtree,19,3,18,0,0,1,0,0,92,3,0,0.2,,900,,,,,5,,,
ClassicGumtree,19,3,18,0,0,1,0,0,91,3,0,0.2,,1000,,,,,5,,,
ClassicGumtree,19,3,18,0,0,1,0,0,91,3,0,0.2,,1100,,,,,5,,,
ClassicGumtree,19,3,18,0,0,1,0,0,92,3,0,0.2,,1200,,,,,5,,,
ClassicGumtree,19,3,18,0,0,1,0,0,92,3,0,0.2,,1300,,,,,5,,,
ClassicGumtree,19,3,18,0,0,1,0,0,92,3,0,0.2,,1400,,,,,5,,,
ClassicGumtree,19,3,18,0,0,1,0,0,92,3,0,0.2,,1500,,,,,5,,,
ClassicGumtree,19,3,18,0,0,1,0,0,91,3,0,0.2,,1600,,,,,5,,,
ClassicGumtree,19,3,18,0,0,1,0,0,92,3,0,0.2,,1700,,,,,5,,,
ClassicGumtree,19,3,18,0,0,1,0,0,91,3,0,0.2,,1800,,,,,5,,,
ClassicGumtree,19,3,18,0,0,1,0,0,91,3,0,0.2,,1900,,,,,5,,,
ClassicGumtree,19,3,18,0,0,1,0,0,91,3,0,0.2,,2000,,,,,5,,,
ClassicGumtree,133,8,75,57,0,1,0,0,1,3,0,0.3,,100,,,,,5,,,
ClassicGumtree,19,3,18,0,0,1,0,0,87,3,0,0.3,,200,,,,,5,,,
ClassicGumtree,19,3,18,0,0,1,0,0,87,3,0,0.3,,300,,,,,5,,,
ClassicGumtree,19,3,18,0,0,1,0,0,88,3,0,0.3,,400,,,,,5,,,
ClassicGumtree,19,3,18,0,0,1,0,0,88,3,0,0.3,,500,,,,,5,,,
ClassicGumtree,19,3,18,0,0,1,0,0,87,3,0,0.3,,600,,,,,5,,,
ClassicGumtree,19,3,18,0,0,1,0,0,87,3,0,0.3,,700,,,,,5,,,
ClassicGumtree,19,3,18,0,0,1,0,0,87,3,0,0.3,,800,,,,,5,,,
ClassicGumtree,19,3,18,0,0,1,0,0,91,3,0,0.3,,900,,,,,5,,,
ClassicGumtree,19,3,18,0,0,1,0,0,91,3,0,0.3,,1000,,,,,5,,,
ClassicGumtree,19,3,18,0,0,1,0,0,90,3,0,0.3,,1100,,,,,5,,,
ClassicGumtree,19,3,18,0,0,1,0,0,91,3,0,0.3,,1200,,,,,5,,,
ClassicGumtree,19,3,18,0,0,1,0,0,91,3,0,0.3,,1300,,,,,5,,,
ClassicGumtree,19,3,18,0,0,1,0,0,91,3,0,0.3,,1400,,,,,5,,,
ClassicGumtree,19,3,18,0,0,1,0,0,89,3,0,0.3,,1500,,,,,5,,,
ClassicGumtree,19,3,18,0,0,1,0,0,90,3,0,0.3,,1600,,,,,5,,,
ClassicGumtree,19,3,18,0,0,1,0,0,90,3,0,0.3,,1700,,,,,5,,,
ClassicGumtree,19,3,18,0,0,1,0,0,91,3,0,0.3,,1800,,,,,5,,,
ClassicGumtree,19,3,18,0,0,1,0,0,88,3,0,0.3,,1900,,,,,5,,,
ClassicGumtree,19,3,18,0,0,1,0,0,88,3,0,0.3,,2000,,,,,5,,,
ClassicGumtree,133,8,75,57,0,1,0,0,1,3,0,0.4,,100,,,,,5,,,
ClassicGumtree,19,3,18,0,0,1,0,0,87,3,0,0.4,,200,,,,,5,,,
ClassicGumtree,19,3,18,0,0,1,0,0,86,3,0,0.4,,300,,,,,5,,,
ClassicGumtree,19,3,18,0,0,1,0,0,88,3,0,0.4,,400,,,,,5,,,
ClassicGumtree,19,3,18,0,0,1,0,0,88,3,0,0.4,,500,,,,,5,,,
ClassicGumtree,19,3,18,0,0,1,0,0,88,3,0,0.4,,600,,,,,5,,,
ClassicGumtree,19,3,18,0,0,1,0,0,88,3,0,0.4,,700,,,,,5,,,
ClassicGumtree,19,3,18,0,0,1,0,0,88,3,0,0.4,,800,,,,,5,,,
ClassicGumtree,19,3,18,0,0,1,0,0,88,3,0,0.4,,900,,,,,5,,,
ClassicGumtree,19,3,18,0,0,1,0,0,88,3,0,0.4,,1000,,,,,5,,,
ClassicGumtree,19,3,18,0,0,1,0,0,88,3,0,0.4,,1100,,,,,5,,,
ClassicGumtree,19,3,18,0,0,1,0,0,88,3,0,0.4,,1200,,,,,5,,,
ClassicGumtree,19,3,18,0,0,1,0,0,87,3,0,0.4,,1300,,,,,5,,,
ClassicGumtree,19,3,18,0,0,1,0,0,88,3,0,0.4,,1400,,,,,5,,,
ClassicGumtree,19,3,18,0,0,1,0,0,87,3,0,0.4,,1500,,,,,5,,,
ClassicGumtree,19,3,18,0,0,1,0,0,88,3,0,0.4,,1600,,,,,5,,,
ClassicGumtree,19,3,18,0,0,1,0,0,87,3,0,0.4,,1700,,,,,5,,,
ClassicGumtree,19,3,18,0,0,1,0,0,86,3,0,0.4,,1800,,,,,5,,,
ClassicGumtree,19,3,18,0,0,1,0,0,88,3,0,0.4,,1900,,,,,5,,,
ClassicGumtree,19,3,18,0,0,1,0,0,88,3,0,0.4,,2000,,,,,5,,,
ClassicGumtree,133,8,75,57,0,1,0,0,0,3,0,0.5,,100,,,,,5,,,
ClassicGumtree,19,3,18,0,0,1,0,0,88,3,0,0.5,,200,,,,,5,,,
ClassicGumtree,19,3,18,0,0,1,0,0,87,3,0,0.5,,300,,,,,5,,,
ClassicGumtree,19,3,18,0,0,1,0,0,87,3,0,0.5,,400,,,,,5,,,
ClassicGumtree,19,3,18,0,0,1,0,0,87,3,0,0.5,,500,,,,,5,,,
ClassicGumtree,19,3,18,0,0,1,0,0,87,3,0,0.5,,600,,,,,5,,,
ClassicGumtree,19,3,18,0,0,1,0,0,89,3,0,0.5,,700,,,,,5,,,
ClassicGumtree,19,3,18,0,0,1,0,0,87,3,0,0.5,,800,,,,,5,,,
ClassicGumtree,19,3,18,0,0,1,0,0,87,3,0,0.5,,900,,,,,5,,,
ClassicGumtree,19,3,18,0,0,1,0,0,88,3,0,0.5,,1000,,,,,5,,,
ClassicGumtree,19,3,18,0,0,1,0,0,88,3,0,0.5,,1100,,,,,5,,,
ClassicGumtree,19,3,18,0,0,1,0,0,89,3,0,0.5,,1200,,,,,5,,,
ClassicGumtree,19,3,18,0,0,1,0,0,88,3,0,0.5,,1300,,,,,5,,,
ClassicGumtree,19,3,18,0,0,1,0,0,87,3,0,0.5,,1400,,,,,5,,,
ClassicGumtree,19,3,18,0,0,1,0,0,88,3,0,0.5,,1500,,,,,5,,,
ClassicGumtree,19,3,18,0,0,1,0,0,86,3,0,0.5,,1600,,,,,5,,,
ClassicGumtree,19,3,18,0,0,1,0,0,87,3,0,0.5,,1700,,,,,5,,,
ClassicGumtree,19,3,18,0,0,1,0,0,88,3,0,0.5,,1800,,,,,5,,,
ClassicGumtree,19,3,18,0,0,1,0,0,88,3,0,0.5,,1900,,,,,5,,,
ClassicGumtree,19,3,18,0,0,1,0,0,88,3,0,0.5,,2000,,,,,5,,,
ClassicGumtree,133,8,75,57,0,1,0,0,1,3,0,0.6,,100,,,,,5,,,
ClassicGumtree,19,3,18,0,0,1,0,0,87,3,0,0.6,,200,,,,,5,,,
ClassicGumtree,19,3,18,0,0,1,0,0,87,3,0,0.6,,300,,,,,5,,,
ClassicGumtree,19,3,18,0,0,1,0,0,87,3,0,0.6,,400,,,,,5,,,
ClassicGumtree,19,3,18,0,0,1,0,0,87,3,0,0.6,,500,,,,,5,,,
ClassicGumtree,19,3,18,0,0,1,0,0,88,3,0,0.6,,600,,,,,5,,,
ClassicGumtree,19,3,18,0,0,1,0,0,87,3,0,0.6,,700,,,,,5,,,
ClassicGumtree,19,3,18,0,0,1,0,0,88,3,0,0.6,,800,,,,,5,,,
ClassicGumtree,19,3,18,0,0,1,0,0,86,3,0,0.6,,900,,,,,5,,,
ClassicGumtree,19,3,18,0,0,1,0,0,86,3,0,0.6,,1000,,,,,5,,,
ClassicGumtree,19,3,18,0,0,1,0,0,88,3,0,0.6,,1100,,,,,5,,,
ClassicGumtree,19,3,18,0,0,1,0,0,89,3,0,0.6,,1200,,,,,5,,,
ClassicGumtree,19,3,18,0,0,1,0,0,87,3,0,0.6,,1300,,,,,5,,,
ClassicGumtree,19,3,18,0,0,1,0,0,87,3,0,0.6,,1400,,,,,5,,,
ClassicGumtree,19,3,18,0,0,1,0,0,86,3,0,0.6,,1500,,,,,5,,,
ClassicGumtree,19,3,18,0,0,1,0,0,88,3,0,0.6,,1600,,,,,5,,,
ClassicGumtree,19,3,18,0,0,1,0,0,87,3,0,0.6,,1700,,,,,5,,,
ClassicGumtree,19,3,18,0,0,1,0,0,89,3,0,0.6,,1800,,,,,5,,,
ClassicGumtree,19,3,18,0,0,1,0,0,87,3,0,0.6,,1900,,,,,5,,,
ClassicGumtree,19,3,18,0,0,1,0,0,87,3,0,0.6,,2000,,,,,5,,,
ClassicGumtree,138,6,76,58,0,4,0,0,1,3,0,0.7,,100,,,,,5,,,
ClassicGumtree,19,3,18,0,0,1,0,0,44,3,0,0.7,,200,,,,,5,,,
ClassicGumtree,19,3,18,0,0,1,0,0,44,3,0,0.7,,300,,,,,5,,,
ClassicGumtree,19,3,18,0,0,1,0,0,45,3,0,0.7,,400,,,,,5,,,
ClassicGumtree,19,3,18,0,0,1,0,0,44,3,0,0.7,,500,,,,,5,,,
ClassicGumtree,19,3,18,0,0,1,0,0,44,3,0,0.7,,600,,,,,5,,,
ClassicGumtree,19,3,18,0,0,1,0,0,44,3,0,0.7,,700,,,,,5,,,
ClassicGumtree,19,3,18,0,0,1,0,0,45,3,0,0.7,,800,,,,,5,,,
ClassicGumtree,19,3,18,0,0,1,0,0,44,3,0,0.7,,900,,,,,5,,,
ClassicGumtree,19,3,18,0,0,1,0,0,44,3,0,0.7,,1000,,,,,5,,,
ClassicGumtree,19,3,18,0,0,1,0,0,44,3,0,0.7,,1100,,,,,5,,,
ClassicGumtree,19,3,18,0,0,1,0,0,44,3,0,0.7,,1200,,,,,5,,,
ClassicGumtree,19,3,18,0,0,1,0,0,44,3,0,0.7,,1300,,,,,5,,,
ClassicGumtree,19,3,18,0,0,1,0,0,44,3,0,0.7,,1400,,,,,5,,,
ClassicGumtree,19,3,18,0,0,1,0,0,44,3,0,0.7,,1500,,,,,5,,,
ClassicGumtree,19,3,18,0,0,1,0,0,44,3,0,0.7,,1600,,,,,5,,,
ClassicGumtree,19,3,18,0,0,1,0,0,44,3,0,0.7,,1700,,,,,5,,,
ClassicGumtree,19,3,18,0,0,1,0,0,44,3,0,0.7,,1800,,,,,5,,,
ClassicGumtree,19,3,18,0,0,1,0,0,45,3,0,0.7,,1900,,,,,5,,,
ClassicGumtree,19,3,18,0,0,1,0,0,44,3,0,0.7,,2000,,,,,5,,,
ClassicGumtree,138,6,76,58,0,4,0,0,0,3,0,0.799,,100,,,,,5,,,
ClassicGumtree,19,3,18,0,0,1,0,0,44,3,0,0.799,,200,,,,,5,,,
ClassicGumtree,19,3,18,0,0,1,0,0,44,3,0,0.799,,300,,,,,5,,,
ClassicGumtree,19,3,18,0,0,1,0,0,44,3,0,0.799,,400,,,,,5,,,
ClassicGumtree,19,3,18,0,0,1,0,0,44,3,0,0.799,,500,,,,,5,,,
ClassicGumtree,19,3,18,0,0,1,0,0,44,3,0,0.799,,600,,,,,5,,,
ClassicGumtree,19,3,18,0,0,1,0,0,44,3,0,0.799,,700,,,,,5,,,
ClassicGumtree,19,3,18,0,0,1,0,0,43,3,0,0.799,,800,,,,,5,,,
ClassicGumtree,19,3,18,0,0,1,0,0,44,3,0,0.799,,900,,,,,5,,,
ClassicGumtree,19,3,18,0,0,1,0,0,44,3,0,0.799,,1000,,,,,5,,,
ClassicGumtree,19,3,18,0,0,1,0,0,43,3,0,0.799,,1100,,,,,5,,,
ClassicGumtree,19,3,18,0,0,1,0,0,43,3,0,0.799,,1200,,,,,5,,,
ClassicGumtree,19,3,18,0,0,1,0,0,45,3,0,0.799,,1300,,,,,5,,,
ClassicGumtree,19,3,18,0,0,1,0,0,48,3,0,0.799,,1400,,,,,5,,,
ClassicGumtree,19,3,18,0,0,1,0,0,48,3,0,0.799,,1500,,,,,5,,,
ClassicGumtree,19,3,18,0,0,1,0,0,48,3,0,0.799,,1600,,,,,5,,,
ClassicGumtree,19,3,18,0,0,1,0,0,48,3,0,0.799,,1700,,,,,5,,,
ClassicGumtree,19,3,18,0,0,1,0,0,47,3,0,0.799,,1800,,,,,5,,,
ClassicGumtree,19,3,18,0,0,1,0,0,48,3,0,0.799,,1900,,,,,5,,,
ClassicGumtree,19,3,18,0,0,1,0,0,47,3,0,0.799,,2000,,,,,5,,,
ClassicGumtree,138,6,76,58,0,4,0,0,1,3,0,0.899,,100,,,,,5,,,
ClassicGumtree,19,3,18,0,0,1,0,0,48,3,0,0.899,,200,,,,,5,,,
ClassicGumtree,19,3,18,0,0,1,0,0,47,3,0,0.899,,300,,,,,5,,,
ClassicGumtree,19,3,18,0,0,1,0,0,47,3,0,0.899,,400,,,,,5,,,
ClassicGumtree,19,3,18,0,0,1,0,0,44,3,0,0.899,,500,,,,,5,,,
ClassicGumtree,19,3,18,0,0,1,0,0,44,3,0,0.899,,600,,,,,5,,,
ClassicGumtree,19,3,18,0,0,1,0,0,44,3,0,0.899,,700,,,,,5,,,
ClassicGumtree,19,3,18,0,0,1,0,0,44,3,0,0.899,,800,,,,,5,,,
ClassicGumtree,19,3,18,0,0,1,0,0,44,3,0,0.899,,900,,,,,5,,,
ClassicGumtree,19,3,18,0,0,1,0,0,44,3,0,0.899,,1000,,,,,5,,,
ClassicGumtree,19,3,18,0,0,1,0,0,44,3,0,0.899,,1100,,,,,5,,,
ClassicGumtree,19,3,18,0,0,1,0,0,44,3,0,0.899,,1200,,,,,5,,,
ClassicGumtree,19,3,18,0,0,1,0,0,44,3,0,0.899,,1300,,,,,5,,,
ClassicGumtree,19,3,18,0,0,1,0,0,45,3,0,0.899,,1400,,,,,5,,,
ClassicGumtree,19,3,18,0,0,1,0,0,44,3,0,0.899,,1500,,,,,5,,,
ClassicGumtree,19,3,18,0,0,1,0,0,44,3,0,0.899,,1600,,,,,5,,,
ClassicGumtree,19,3,18,0,0,1,0,0,44,3,0,0.899,,1700,,,,,5,,,
ClassicGumtree,19,3,18,0,0,1,0,0,44,3,0,0.899,,1800,,,,,5,,,
ClassicGumtree,19,3,18,0,0,1,0,0,43,3,0,0.899,,1900,,,,,5,,,
ClassicGumtree,19,3,18,0,0,1,0,0,45,3,0,0.899,,2000,,,,,5,,,
ClassicGumtree,138,6,76,58,0,4,0,0,1,3,0,0.999,,100,,,,,5,,,
ClassicGumtree,19,3,18,0,0,1,0,0,43,3,0,0.999,,200,,,,,5,,,
ClassicGumtree,19,3,18,0,0,1,0,0,45,3,0,0.999,,300,,,,,5,,,
ClassicGumtree,19,3,18,0,0,1,0,0,44,3,0,0.999,,400,,,,,5,,,
ClassicGumtree,19,3,18,0,0,1,0,0,43,3,0,0.999,,500,,,,,5,,,
ClassicGumtree,19,3,18,0,0,1,0,0,44,3,0,0.999,,600,,,,,5,,,
ClassicGumtree,19,3,18,0,0,1,0,0,45,3,0,0.999,,700,,,,,5,,,
ClassicGumtree,19,3,18,0,0,1,0,0,44,3,0,0.999,,800,,,,,5,,,
ClassicGumtree,19,3,18,0,0,1,0,0,44,3,0,0.999,,900,,,,,5,,,
ClassicGumtree,19,3,18,0,0,1,0,0,44,3,0,0.999,,1000,,,,,5,,,
ClassicGumtree,19,3,18,0,0,1,0,0,44,3,0,0.999,,1100,,,,,5,,,
ClassicGumtree,19,3,18,0,0,1,0,0,45,3,0,0.999,,1200,,,,,5,,,
ClassicGumtree,19,3,18,0,0,1,0,0,44,3,0,0.999,,1300,,,,,5,,,
ClassicGumtree,19,3,18,0,0,1,0,0,44,3,0,0.999,,1400,,,,,5,,,
ClassicGumtree,19,3,18,0,0,1,0,0,44,3,0,0.999,,1500,,,,,5,,,
ClassicGumtree,19,3,18,0,0,1,0,0,42,3,0,0.999,,1600,,,,,5,,,
ClassicGumtree,19,3,18,0,0,1,0,0,43,3,0,0.999,,1700,,,,,5,,,
ClassicGumtree,19,3,18,0,0,1,0,0,41,3,0,0.999,,1800,,,,,5,,,
ClassicGumtree,19,3,18,0,0,1,0,0,42,3,0,0.999,,1900,,,,,5,,,
ClassicGumtree,19,3,18,0,0,1,0,0,42,3,0,0.999,,2000,,,,,5,,,
CompleteGumtreeMatcher,50,15,30,7,0,13,0,0,2,3,0,0.1,,100,,,,,1,,,
CompleteGumtreeMatcher,24,5,23,0,0,1,0,0,47,3,0,0.1,,200,,,,,1,,,
CompleteGumtreeMatcher,24,5,23,0,0,1,0,0,47,3,0,0.1,,300,,,,,1,,,
CompleteGumtreeMatcher,24,5,23,0,0,1,0,0,86,3,0,0.1,,400,,,,,1,,,
CompleteGumtreeMatcher,24,5,23,0,0,1,0,0,47,3,0,0.1,,500,,,,,1,,,
CompleteGumtreeMatcher,24,5,23,0,0,1,0,0,86,3,0,0.1,,600,,,,,1,,,
CompleteGumtreeMatcher,24,5,23,0,0,1,0,0,48,3,0,0.1,,700,,,,,1,,,
CompleteGumtreeMatcher,24,5,23,0,0,1,0,0,47,3,0,0.1,,800,,,,,1,,,
CompleteGumtreeMatcher,24,5,23,0,0,1,0,0,47,3,0,0.1,,900,,,,,1,,,
CompleteGumtreeMatcher,24,5,23,0,0,1,0,0,86,3,0,0.1,,1000,,,,,1,,,
CompleteGumtreeMatcher,24,5,23,0,0,1,0,0,85,3,0,0.1,,1100,,,,,1,,,
CompleteGumtreeMatcher,24,5,23,0,0,1,0,0,48,3,0,0.1,,1200,,,,,1,,,
CompleteGumtreeMatcher,24,5,23,0,0,1,0,0,47,3,0,0.1,,1300,,,,,1,,,
CompleteGumtreeMatcher,24,5,23,0,0,1,0,0,48,3,0,0.1,,1400,,,,,1,,,
CompleteGumtreeMatcher,24,5,23,0,0,1,0,0,48,3,0,0.1,,1500,,,,,1,,,
CompleteGumtreeMatcher,24,5,23,0,0,1,0,0,48,3,0,0.1,,1600,,,,,1,,,
CompleteGumtreeMatcher,24,5,23,0,0,1,0,0,48,3,0,0.1,,1700,,,,,1,,,
CompleteGumtreeMatcher,24,5,23,0,0,1,0,0,85,3,0,0.1,,1800,,,,,1,,,
CompleteGumtreeMatcher,24,5,23,0,0,1,0,0,85,3,0,0.1,,1900,,,,,1,,,
CompleteGumtreeMatcher,24,5,23,0,0,1,0,0,87,3,0,0.1,,2000,,,,,1,,,
CompleteGumtreeMatcher,50,15,30,7,0,13,0,0,1,3,0,0.2,,100,,,,,1,,,
CompleteGumtreeMatcher,24,5,23,0,0,1,0,0,86,3,0,0.2,,200,,,,,1,,,
CompleteGumtreeMatcher,24,5,23,0,0,1,0,0,48,3,0,0.2,,300,,,,,1,,,
CompleteGumtreeMatcher,24,5,23,0,0,1,0,0,47,3,0,0.2,,400,,,,,1,,,
CompleteGumtreeMatcher,24,5,23,0,0,1,0,0,48,3,0,0.2,,500,,,,,1,,,
CompleteGumtreeMatcher,24,5,23,0,0,1,0,0,48,3,0,0.2,,600,,,,,1,,,
CompleteGumtreeMatcher,24,5,23,0,0,1,0,0,43,3,0,0.2,,700,,,,,1,,,
CompleteGumtreeMatcher,24,5,23,0,0,1,0,0,48,3,0,0.2,,800,,,,,1,,,
CompleteGumtreeMatcher,24,5,23,0,0,1,0,0,38,3,0,0.2,,900,,,,,1,,,
CompleteGumtreeMatcher,24,5,23,0,0,1,0,0,47,3,0,0.2,,1000,,,,,1,,,
CompleteGumtreeMatcher,24,5,23,0,0,1,0,0,48,3,0,0.2,,1100,,,,,1,,,
CompleteGumtreeMatcher,24,5,23,0,0,1,0,0,47,3,0,0.2,,1200,,,,,1,,,
CompleteGumtreeMatcher,24,5,23,0,0,1,0,0,47,3,0,0.2,,1300,,,,,1,,,
CompleteGumtreeMatcher,24,5,23,0,0,1,0,0,48,3,0,0.2,,1400,,,,,1,,,
CompleteGumtreeMatcher,24,5,23,0,0,1,0,0,47,3,0,0.2,,1500,,,,,1,,,
CompleteGumtreeMatcher,24,5,23,0,0,1,0,0,48,3,0,0.2,,1600,,,,,1,,,
CompleteGumtreeMatcher,24,5,23,0,0,1,0,0,87,3,0,0.2,,1700,,,,,1,,,
CompleteGumtreeMatcher,24,5,23,0,0,1,0,0,87,3,0,0.2,,1800,,,,,1,,,
CompleteGumtreeMatcher,24,5,23,0,0,1,0,0,39,3,0,0.2,,1900,,,,,1,,,
CompleteGumtreeMatcher,24,5,23,0,0,1,0,0,48,3,0,0.2,,2000,,,,,1,,,
CompleteGumtreeMatcher,50,15,30,7,0,13,0,0,0,3,0,0.3,,100,,,,,1,,,
CompleteGumtreeMatcher,24,5,23,0,0,1,0,0,47,3,0,0.3,,200,,,,,1,,,
CompleteGumtreeMatcher,24,5,23,0,0,1,0,0,47,3,0,0.3,,300,,,,,1,,,
CompleteGumtreeMatcher,24,5,23,0,0,1,0,0,48,3,0,0.3,,400,,,,,1,,,
CompleteGumtreeMatcher,24,5,23,0,0,1,0,0,48,3,0,0.3,,500,,,,,1,,,
CompleteGumtreeMatcher,24,5,23,0,0,1,0,0,39,3,0,0.3,,600,,,,,1,,,
CompleteGumtreeMatcher,24,5,23,0,0,1,0,0,47,3,0,0.3,,700,,,,,1,,,
CompleteGumtreeMatcher,24,5,23,0,0,1,0,0,48,3,0,0.3,,800,,,,,1,,,
CompleteGumtreeMatcher,24,5,23,0,0,1,0,0,47,3,0,0.3,,900,,,,,1,,,
CompleteGumtreeMatcher,24,5,23,0,0,1,0,0,48,3,0,0.3,,1000,,,,,1,,,
CompleteGumtreeMatcher,24,5,23,0,0,1,0,0,47,3,0,0.3,,1100,,,,,1,,,
CompleteGumtreeMatcher,24,5,23,0,0,1,0,0,48,3,0,0.3,,1200,,,,,1,,,
CompleteGumtreeMatcher,24,5,23,0,0,1,0,0,47,3,0,0.3,,1300,,,,,1,,,
CompleteGumtreeMatcher,24,5,23,0,0,1,0,0,39,3,0,0.3,,1400,,,,,1,,,
CompleteGumtreeMatcher,24,5,23,0,0,1,0,0,47,3,0,0.3,,1500,,,,,1,,,
CompleteGumtreeMatcher,24,5,23,0,0,1,0,0,39,3,0,0.3,,1600,,,,,1,,,
CompleteGumtreeMatcher,24,5,23,0,0,1,0,0,47,3,0,0.3,,1700,,,,,1,,,
CompleteGumtreeMatcher,24,5,23,0,0,1,0,0,47,3,0,0.3,,1800,,,,,1,,,
CompleteGumtreeMatcher,24,5,23,0,0,1,0,0,48,3,0,0.3,,1900,,,,,1,,,
CompleteGumtreeMatcher,24,5,23,0,0,1,0,0,47,3,0,0.3,,2000,,,,,1,,,
CompleteGumtreeMatcher,50,15,30,7,0,13,0,0,1,3,0,0.4,,100,,,,,1,,,
CompleteGumtreeMatcher,24,5,23,0,0,1,0,0,47,3,0,0.4,,200,,,,,1,,,
CompleteGumtreeMatcher,24,5,23,0,0,1,0,0,47,3,0,0.4,,300,,,,,1,,,
CompleteGumtreeMatcher,24,5,23,0,0,1,0,0,47,3,0,0.4,,400,,,,,1,,,
CompleteGumtreeMatcher,24,5,23,0,0,1,0,0,39,3,0,0.4,,500,,,,,1,,,
CompleteGumtreeMatcher,24,5,23,0,0,1,0,0,39,3,0,0.4,,600,,,,,1,,,
CompleteGumtreeMatcher,24,5,23,0,0,1,0,0,48,3,0,0.4,,700,,,,,1,,,
CompleteGumtreeMatcher,24,5,23,0,0,1,0,0,47,3,0,0.4,,800,,,,,1,,,
CompleteGumtreeMatcher,24,5,23,0,0,1,0,0,48,3,0,0.4,,900,,,,,1,,,
CompleteGumtreeMatcher,24,5,23,0,0,1,0,0,47,3,0,0.4,,1000,,,,,1,,,
CompleteGumtreeMatcher,24,5,23,0,0,1,0,0,39,3,0,0.4,,1100,,,,,1,,,
CompleteGumtreeMatcher,24,5,23,0,0,1,0,0,47,3,0,0.4,,1200,,,,,1,,,
CompleteGumtreeMatcher,24,5,23,0,0,1,0,0,47,3,0,0.4,,1300,,,,,1,,,
CompleteGumtreeMatcher,24,5,23,0,0,1,0,0,47,3,0,0.4,,1400,,,,,1,,,
CompleteGumtreeMatcher,24,5,23,0,0,1,0,0,47,3,0,0.4,,1500,,,,,1,,,
CompleteGumtreeMatcher,24,5,23,0,0,1,0,0,39,3,0,0.4,,1600,,,,,1,,,
CompleteGumtreeMatcher,24,5,23,0,0,1,0,0,47,3,0,0.4,,1700,,,,,1,,,
CompleteGumtreeMatcher,24,5,23,0,0,1,0,0,47,3,0,0.4,,1800,,,,,1,,,
CompleteGumtreeMatcher,24,5,23,0,0,1,0,0,47,3,0,0.4,,1900,,,,,1,,,
CompleteGumtreeMatcher,24,5,23,0,0,1,0,0,39,3,0,0.4,,2000,,,,,1,,,
CompleteGumtreeMatcher,50,15,30,7,0,13,0,0,1,3,0,0.5,,100,,,,,1,,,
CompleteGumtreeMatcher,24,5,23,0,0,1,0,0,38,3,0,0.5,,200,,,,,1,,,
CompleteGumtreeMatcher,24,5,23,0,0,1,0,0,47,3,0,0.5,,300,,,,,1,,,
CompleteGumtreeMatcher,24,5,23,0,0,1,0,0,48,3,0,0.5,,400,,,,,1,,,
CompleteGumtreeMatcher,24,5,23,0,0,1,0,0,47,3,0,0.5,,500,,,,,1,,,
CompleteGumtreeMatcher,24,5,23,0,0,1,0,0,48,3,0,0.5,,600,,,,,1,,,
CompleteGumtreeMatcher,24,5,23,0,0,1,0,0,47,3,0,0.5,,700,,,,,1,,,
CompleteGumtreeMatcher,24,5,23,0,0,1,0,0,47,3,0,0.5,,800,,,,,1,,,
CompleteGumtreeMatcher,24,5,23,0,0,1,0,0,47,3,0,0.5,,900,,,,,1,,,
CompleteGumtreeMatcher,24,5,23,0,0,1,0,0,47,3,0,0.5,,1000,,,,,1,,,
CompleteGumtreeMatcher,24,5,23,0,0,1,0,0,38,3,0,0.5,,1100,,,,,1,,,
CompleteGumtreeMatcher,24,5,23,0,0,1,0,0,39,3,0,0.5,,1200,,,,,1,,,
CompleteGumtreeMatcher,24,5,23,0,0,1,0,0,48,3,0,0.5,,1300,,,,,1,,,
CompleteGumtreeMatcher,24,5,23,0,0,1,0,0,47,3,0,0.5,,1400,,,,,1,,,
CompleteGumtreeMatcher,24,5,23,0,0,1,0,0,47,3,0,0.5,,1500,,,,,1,,,
CompleteGumtreeMatcher,24,5,23,0,0,1,0,0,47,3,0,0.5,,1600,,,,,1,,,
CompleteGumtreeMatcher,24,5,23,0,0,1,0,0,48,3,0,0.5,,1700,,,,,1,,,
CompleteGumtreeMatcher,24,5,23,0,0,1,0,0,39,3,0,0.5,,1800,,,,,1,,,
CompleteGumtreeMatcher,24,5,23,0,0,1,0,0,47,3,0,0.5,,1900,,,,,1,,,
CompleteGumtreeMatcher,24,5,23,0,0,1,0,0,46,3,0,0.5,,2000,,,,,1,,,
CompleteGumtreeMatcher,50,15,30,7,0,13,0,0,0,3,0,0.6,,100,,,,,1,,,
CompleteGumtreeMatcher,24,5,23,0,0,1,0,0,39,3,0,0.6,,200,,,,,1,,,
CompleteGumtreeMatcher,24,5,23,0,0,1,0,0,47,3,0,0.6,,300,,,,,1,,,
CompleteGumtreeMatcher,24,5,23,0,0,1,0,0,47,3,0,0.6,,400,,,,,1,,,
CompleteGumtreeMatcher,24,5,23,0,0,1,0,0,47,3,0,0.6,,500,,,,,1,,,
CompleteGumtreeMatcher,24,5,23,0,0,1,0,0,48,3,0,0.6,,600,,,,,1,,,
CompleteGumtreeMatcher,24,5,23,0,0,1,0,0,47,3,0,0.6,,700,,,,,1,,,
CompleteGumtreeMatcher,24,5,23,0,0,1,0,0,47,3,0,0.6,,800,,,,,1,,,
CompleteGumtreeMatcher,24,5,23,0,0,1,0,0,39,3,0,0.6,,900,,,,,1,,,
CompleteGumtreeMatcher,24,5,23,0,0,1,0,0,38,3,0,0.6,,1000,,,,,1,,,
CompleteGumtreeMatcher,24,5,23,0,0,1,0,0,47,3,0,0.6,,1100,,,,,1,,,
CompleteGumtreeMatcher,24,5,23,0,0,1,0,0,48,3,0,0.6,,1200,,,,,1,,,
CompleteGumtreeMatcher,24,5,23,0,0,1,0,0,47,3,0,0.6,,1300,,,,,1,,,
CompleteGumtreeMatcher,24,5,23,0,0,1,0,0,48,3,0,0.6,,1400,,,,,1,,,
CompleteGumtreeMatcher,24,5,23,0,0,1,0,0,47,3,0,0.6,,1500,,,,,1,,,
CompleteGumtreeMatcher,24,5,23,0,0,1,0,0,47,3,0,0.6,,1600,,,,,1,,,
CompleteGumtreeMatcher,24,5,23,0,0,1,0,0,48,3,0,0.6,,1700,,,,,1,,,
CompleteGumtreeMatcher,24,5,23,0,0,1,0,0,47,3,0,0.6,,1800,,,,,1,,,
CompleteGumtreeMatcher,24,5,23,0,0,1,0,0,39,3,0,0.6,,1900,,,,,1,,,
CompleteGumtreeMatcher,24,5,23,0,0,1,0,0,39,3,0,0.6,,2000,,,,,1,,,
CompleteGumtreeMatcher,50,15,30,7,0,13,0,0,0,3,0,0.7,,100,,,,,1,,,
CompleteGumtreeMatcher,24,5,23,0,0,1,0,0,51,3,0,0.7,,200,,,,,1,,,
CompleteGumtreeMatcher,24,5,23,0,0,1,0,0,50,3,0,0.7,,300,,,,,1,,,
CompleteGumtreeMatcher,24,5,23,0,0,1,0,0,51,3,0,0.7,,400,,,,,1,,,
CompleteGumtreeMatcher,24,5,23,0,0,1,0,0,43,3,0,0.7,,500,,,,,1,,,
CompleteGumtreeMatcher,24,5,23,0,0,1,0,0,48,3,0,0.7,,600,,,,,1,,,
CompleteGumtreeMatcher,24,5,23,0,0,1,0,0,50,3,0,0.7,,700,,,,,1,,,
CompleteGumtreeMatcher,24,5,23,0,0,1,0,0,51,3,0,0.7,,800,,,,,1,,,
CompleteGumtreeMatcher,24,5,23,0,0,1,0,0,51,3,0,0.7,,900,,,,,1,,,
CompleteGumtreeMatcher,24,5,23,0,0,1,0,0,51,3,0,0.7,,1000,,,,,1,,,
CompleteGumtreeMatcher,24,5,23,0,0,1,0,0,44,3,0,0.7,,1100,,,,,1,,,
CompleteGumtreeMatcher,24,5,23,0,0,1,0,0,48,3,0,0.7,,1200,,,,,1,,,
CompleteGumtreeMatcher,24,5,23,0,0,1,0,0,47,3,0,0.7,,1300,,,,,1,,,
CompleteGumtreeMatcher,24,5,23,0,0,1,0,0,48,3,0,0.7,,1400,,,,,1,,,
CompleteGumtreeMatcher,24,5,23,0,0,1,0,0,41,3,0,0.7,,1500,,,,,1,,,
CompleteGumtreeMatcher,24,5,23,0,0,1,0,0,41,3,0,0.7,,1600,,,,,1,,,
CompleteGumtreeMatcher,24,5,23,0,0,1,0,0,42,3,0,0.7,,1700,,,,,1,,,
CompleteGumtreeMatcher,24,5,23,0,0,1,0,0,48,3,0,0.7,,1800,,,,,1,,,
CompleteGumtreeMatcher,24,5,23,0,0,1,0,0,47,3,0,0.7,,1900,,,,,1,,,
CompleteGumtreeMatcher,24,5,23,0,0,1,0,0,48,3,0,0.7,,2000,,,,,1,,,
CompleteGumtreeMatcher,50,15,30,7,0,13,0,0,0,3,0,0.799,,100,,,,,1,,,
CompleteGumtreeMatcher,24,5,23,0,0,1,0,0,47,3,0,0.799,,200,,,,,1,,,
CompleteGumtreeMatcher,24,5,23,0,0,1,0,0,47,3,0,0.799,,300,,,,,1,,,
CompleteGumtreeMatcher,24,5,23,0,0,1,0,0,47,3,0,0.799,,400,,,,,1,,,
CompleteGumtreeMatcher,24,5,23,0,0,1,0,0,47,3,0,0.799,,500,,,,,1,,,
CompleteGumtreeMatcher,24,5,23,0,0,1,0,0,42,3,0,0.799,,600,,,,,1,,,
CompleteGumtreeMatcher,24,5,23,0,0,1,0,0,42,3,0,0.799,,700,,,,,1,,,
CompleteGumtreeMatcher,24,5,23,0,0,1,0,0,41,3,0,0.799,,800,,,,,1,,,
CompleteGumtreeMatcher,24,5,23,0,0,1,0,0,48,3,0,0.799,,900,,,,,1,,,
CompleteGumtreeMatcher,24,5,23,0,0,1,0,0,48,3,0,0.799,,1000,,,,,1,,,
CompleteGumtreeMatcher,24,5,23,0,0,1,0,0,48,3,0,0.799,,1100,,,,,1,,,
CompleteGumtreeMatcher,24,5,23,0,0,1,0,0,48,3,0,0.799,,1200,,,,,1,,,
CompleteGumtreeMatcher,24,5,23,0,0,1,0,0,41,3,0,0.799,,1300,,,,,1,,,
CompleteGumtreeMatcher,24,5,23,0,0,1,0,0,47,3,0,0.799,,1400,,,,,1,,,
CompleteGumtreeMatcher,24,5,23,0,0,1,0,0,48,3,0,0.799,,1500,,,,,1,,,
CompleteGumtreeMatcher,24,5,23,0,0,1,0,0,48,3,0,0.799,,1600,,,,,1,,,
CompleteGumtreeMatcher,24,5,23,0,0,1,0,0,41,3,0,0.799,,1700,,,,,1,,,
CompleteGumtreeMatcher,24,5,23,0,0,1,0,0,42,3,0,0.799,,1800,,,,,1,,,
CompleteGumtreeMatcher,24,5,23,0,0,1,0,0,48,3,0,0.799,,1900,,,,,1,,,
CompleteGumtreeMatcher,24,5,23,0,0,1,0,0,48,3,0,0.799,,2000,,,,,1,,,
CompleteGumtreeMatcher,50,15,30,7,0,13,0,0,0,3,0,0.899,,100,,,,,1,,,
CompleteGumtreeMatcher,24,5,23,0,0,1,0,0,48,3,0,0.899,,200,,,,,1,,,
CompleteGumtreeMatcher,24,5,23,0,0,1,0,0,47,3,0,0.899,,300,,,,,1,,,
CompleteGumtreeMatcher,24,5,23,0,0,1,0,0,41,3,0,0.899,,400,,,,,1,,,
CompleteGumtreeMatcher,24,5,23,0,0,1,0,0,46,3,0,0.899,,500,,,,,1,,,
CompleteGumtreeMatcher,24,5,23,0,0,1,0,0,41,3,0,0.899,,600,,,,,1,,,
CompleteGumtreeMatcher,24,5,23,0,0,1,0,0,48,3,0,0.899,,700,,,,,1,,,
CompleteGumtreeMatcher,24,5,23,0,0,1,0,0,41,3,0,0.899,,800,,,,,1,,,
CompleteGumtreeMatcher,24,5,23,0,0,1,0,0,48,3,0,0.899,,900,,,,,1,,,
CompleteGumtreeMatcher,24,5,23,0,0,1,0,0,47,3,0,0.899,,1000,,,,,1,,,
CompleteGumtreeMatcher,24,5,23,0,0,1,0,0,48,3,0,0.899,,1100,,,,,1,,,
CompleteGumtreeMatcher,24,5,23,0,0,1,0,0,47,3,0,0.899,,1200,,,,,1,,,
CompleteGumtreeMatcher,24,5,23,0,0,1,0,0,47,3,0,0.899,,1300,,,,,1,,,
CompleteGumtreeMatcher,24,5,23,0,0,1,0,0,42,3,0,0.899,,1400,,,,,1,,,
CompleteGumtreeMatcher,24,5,23,0,0,1,0,0,42,3,0,0.899,,1500,,,,,1,,,
CompleteGumtreeMatcher,24,5,23,0,0,1,0,0,41,3,0,0.899,,1600,,,,,1,,,
CompleteGumtreeMatcher,24,5,23,0,0,1,0,0,47,3,0,0.899,,1700,,,,,1,,,
CompleteGumtreeMatcher,24,5,23,0,0,1,0,0,48,3,0,0.899,,1800,,,,,1,,,
CompleteGumtreeMatcher,24,5,23,0,0,1,0,0,47,3,0,0.899,,1900,,,,,1,,,
CompleteGumtreeMatcher,24,5,23,0,0,1,0,0,48,3,0,0.899,,2000,,,,,1,,,
CompleteGumtreeMatcher,50,15,30,7,0,13,0,0,0,3,0,0.999,,100,,,,,1,,,
CompleteGumtreeMatcher,24,5,23,0,0,1,0,0,48,3,0,0.999,,200,,,,,1,,,
CompleteGumtreeMatcher,24,5,23,0,0,1,0,0,48,3,0,0.999,,300,,,,,1,,,
CompleteGumtreeMatcher,24,5,23,0,0,1,0,0,48,3,0,0.999,,400,,,,,1,,,
CompleteGumtreeMatcher,24,5,23,0,0,1,0,0,41,3,0,0.999,,500,,,,,1,,,
CompleteGumtreeMatcher,24,5,23,0,0,1,0,0,41,3,0,0.999,,600,,,,,1,,,
CompleteGumtreeMatcher,24,5,23,0,0,1,0,0,41,3,0,0.999,,700,,,,,1,,,
CompleteGumtreeMatcher,24,5,23,0,0,1,0,0,47,3,0,0.999,,800,,,,,1,,,
CompleteGumtreeMatcher,24,5,23,0,0,1,0,0,47,3,0,0.999,,900,,,,,1,,,
CompleteGumtreeMatcher,24,5,23,0,0,1,0,0,48,3,0,0.999,,1000,,,,,1,,,
CompleteGumtreeMatcher,24,5,23,0,0,1,0,0,41,3,0,0.999,,1100,,,,,1,,,
CompleteGumtreeMatcher,24,5,23,0,0,1,0,0,47,3,0,0.999,,1200,,,,,1,,,
CompleteGumtreeMatcher,24,5,23,0,0,1,0,0,47,3,0,0.999,,1300,,,,,1,,,
CompleteGumtreeMatcher,24,5,23,0,0,1,0,0,47,3,0,0.999,,1400,,,,,1,,,
CompleteGumtreeMatcher,24,5,23,0,0,1,0,0,46,3,0,0.999,,1500,,,,,1,,,
CompleteGumtreeMatcher,24,5,23,0,0,1,0,0,42,3,0,0.999,,1600,,,,,1,,,
CompleteGumtreeMatcher,24,5,23,0,0,1,0,0,42,3,0,0.999,,1700,,,,,1,,,
CompleteGumtreeMatcher,24,5,23,0,0,1,0,0,46,3,0,0.999,,1800,,,,,1,,,
CompleteGumtreeMatcher,24,5,23,0,0,1,0,0,46,3,0,0.999,,1900,,,,,1,,,
CompleteGumtreeMatcher,24,5,23,0,0,1,0,0,46,3,0,0.999,,2000,,,,,1,,,
CompleteGumtreeMatcher,64,12,36,18,0,10,0,0,1,3,0,0.1,,100,,,,,2,,,
CompleteGumtreeMatcher,19,3,18,0,0,1,0,0,42,3,0,0.1,,200,,,,,2,,,
CompleteGumtreeMatcher,19,3,18,0,0,1,0,0,42,3,0,0.1,,300,,,,,2,,,
CompleteGumtreeMatcher,19,3,18,0,0,1,0,0,46,3,0,0.1,,400,,,,,2,,,
CompleteGumtreeMatcher,19,3,18,0,0,1,0,0,46,3,0,0.1,,500,,,,,2,,,
CompleteGumtreeMatcher,19,3,18,0,0,1,0,0,46,3,0,0.1,,600,,,,,2,,,
CompleteGumtreeMatcher,19,3,18,0,0,1,0,0,43,3,0,0.1,,700,,,,,2,,,
CompleteGumtreeMatcher,19,3,18,0,0,1,0,0,43,3,0,0.1,,800,,,,,2,,,
CompleteGumtreeMatcher,19,3,18,0,0,1,0,0,45,3,0,0.1,,900,,,,,2,,,
CompleteGumtreeMatcher,19,3,18,0,0,1,0,0,46,3,0,0.1,,1000,,,,,2,,,
CompleteGumtreeMatcher,19,3,18,0,0,1,0,0,45,3,0,0.1,,1100,,,,,2,,,
CompleteGumtreeMatcher,19,3,18,0,0,1,0,0,43,3,0,0.1,,1200,,,,,2,,,
CompleteGumtreeMatcher,19,3,18,0,0,1,0,0,43,3,0,0.1,,1300,,,,,2,,,
CompleteGumtreeMatcher,19,3,18,0,0,1,0,0,43,3,0,0.1,,1400,,,,,2,,,
CompleteGumtreeMatcher,19,3,18,0,0,1,0,0,43,3,0,0.1,,1500,,,,,2,,,
CompleteGumtreeMatcher,19,3,18,0,0,1,0,0,45,3,0,0.1,,1600,,,,,2,,,
CompleteGumtreeMatcher,19,3,18,0,0,1,0,0,45,3,0,0.1,,1700,,,,,2,,,
CompleteGumtreeMatcher,19,3,18,0,0,1,0,0,46,3,0,0.1,,1800,,,,,2,,,
CompleteGumtreeMatcher,19,3,18,0,0,1,0,0,46,3,0,0.1,,1900,,,,,2,,,
CompleteGumtreeMatcher,19,3,18,0,0,1,0,0,46,3,0,0.1,,2000,,,,,2,,,
CompleteGumtreeMatcher,64,12,36,18,0,10,0,0,0,3,0,0.2,,100,,,,,2,,,
CompleteGumtreeMatcher,19,3,18,0,0,1,0,0,45,3,0,0.2,,200,,,,,2,,,
CompleteGumtreeMatcher,19,3,18,0,0,1,0,0,45,3,0,0.2,,300,,,,,2,,,
CompleteGumtreeMatcher,19,3,18,0,0,1,0,0,45,3,0,0.2,,400,,,,,2,,,
CompleteGumtreeMatcher,19,3,18,0,0,1,0,0,45,3,0,0.2,,500,,,,,2,,,
CompleteGumtreeMatcher,19,3,18,0,0,1,0,0,45,3,0,0.2,,600,,,,,2,,,
CompleteGumtreeMatcher,19,3,18,0,0,1,0,0,42,3,0,0.2,,700,,,,,2,,,
CompleteGumtreeMatcher,19,3,18,0,0,1,0,0,47,3,0,0.2,,800,,,,,2,,,
CompleteGumtreeMatcher,19,3,18,0,0,1,0,0,47,3,0,0.2,,900,,,,,2,,,
CompleteGumtreeMatcher,19,3,18,0,0,1,0,0,48,3,0,0.2,,1000,,,,,2,,,
CompleteGumtreeMatcher,19,3,18,0,0,1,0,0,47,3,0,0.2,,1100,,,,,2,,,
CompleteGumtreeMatcher,19,3,18,0,0,1,0,0,39,3,0,0.2,,1200,,,,,2,,,
CompleteGumtreeMatcher,19,3,18,0,0,1,0,0,47,3,0,0.2,,1300,,,,,2,,,
CompleteGumtreeMatcher,19,3,18,0,0,1,0,0,48,3,0,0.2,,1400,,,,,2,,,
CompleteGumtreeMatcher,19,3,18,0,0,1,0,0,47,3,0,0.2,,1500,,,,,2,,,
CompleteGumtreeMatcher,19,3,18,0,0,1,0,0,47,3,0,0.2,,1600,,,,,2,,,
CompleteGumtreeMatcher,19,3,18,0,0,1,0,0,38,3,0,0.2,,1700,,,,,2,,,
CompleteGumtreeMatcher,19,3,18,0,0,1,0,0,48,3,0,0.2,,1800,,,,,2,,,
CompleteGumtreeMatcher,19,3,18,0,0,1,0,0,47,3,0,0.2,,1900,,,,,2,,,
CompleteGumtreeMatcher,19,3,18,0,0,1,0,0,38,3,0,0.2,,2000,,,,,2,,,
CompleteGumtreeMatcher,64,12,36,18,0,10,0,0,0,3,0,0.3,,100,,,,,2,,,
CompleteGumtreeMatcher,19,3,18,0,0,1,0,0,48,3,0,0.3,,200,,,,,2,,,
CompleteGumtreeMatcher,19,3,18,0,0,1,0,0,48,3,0,0.3,,300,,,,,2,,,
CompleteGumtreeMatcher,19,3,18,0,0,1,0,0,48,3,0,0.3,,400,,,,,2,,,
CompleteGumtreeMatcher,19,3,18,0,0,1,0,0,39,3,0,0.3,,500,,,,,2,,,
CompleteGumtreeMatcher,19,3,18,0,0,1,0,0,47,3,0,0.3,,600,,,,,2,,,
CompleteGumtreeMatcher,19,3,18,0,0,1,0,0,47,3,0,0.3,,700,,,,,2,,,
CompleteGumtreeMatcher,19,3,18,0,0,1,0,0,47,3,0,0.3,,800,,,,,2,,,
CompleteGumtreeMatcher,19,3,18,0,0,1,0,0,47,3,0,0.3,,900,,,,,2,,,
CompleteGumtreeMatcher,19,3,18,0,0,1,0,0,48,3,0,0.3,,1000,,,,,2,,,
CompleteGumtreeMatcher,19,3,18,0,0,1,0,0,38,3,0,0.3,,1100,,,,,2,,,
CompleteGumtreeMatcher,19,3,18,0,0,1,0,0,47,3,0,0.3,,1200,,,,,2,,,
CompleteGumtreeMatcher,19,3,18,0,0,1,0,0,47,3,0,0.3,,1300,,,,,2,,,
CompleteGumtreeMatcher,19,3,18,0,0,1,0,0,38,3,0,0.3,,1400,,,,,2,,,
CompleteGumtreeMatcher,19,3,18,0,0,1,0,0,47,3,0,0.3,,1500,,,,,2,,,
CompleteGumtreeMatcher,19,3,18,0,0,1,0,0,47,3,0,0.3,,1600,,,,,2,,,
CompleteGumtreeMatcher,19,3,18,0,0,1,0,0,47,3,0,0.3,,1700,,,,,2,,,
CompleteGumtreeMatcher,19,3,18,0,0,1,0,0,47,3,0,0.3,,1800,,,,,2,,,
CompleteGumtreeMatcher,19,3,18,0,0,1,0,0,47,3,0,0.3,,1900,,,,,2,,,
CompleteGumtreeMatcher,19,3,18,0,0,1,0,0,39,3,0,0.3,,2000,,,,,2,,,
CompleteGumtreeMatcher,64,12,36,18,0,10,0,0,1,3,0,0.4,,100,,,,,2,,,
CompleteGumtreeMatcher,19,3,18,0,0,1,0,0,47,3,0,0.4,,200,,,,,2,,,
CompleteGumtreeMatcher,19,3,18,0,0,1,0,0,39,3,0,0.4,,300,,,,,2,,,
CompleteGumtreeMatcher,19,3,18,0,0,1,0,0,47,3,0,0.4,,400,,,,,2,,,
CompleteGumtreeMatcher,19,3,18,0,0,1,0,0,47,3,0,0.4,,500,,,,,2,,,
CompleteGumtreeMatcher,19,3,18,0,0,1,0,0,44,3,0,0.4,,600,,,,,2,,,
CompleteGumtreeMatcher,19,3,18,0,0,1,0,0,47,3,0,0.4,,700,,,,,2,,,
CompleteGumtreeMatcher,19,3,18,0,0,1,0,0,39,3,0,0.4,,800,,,,,2,,,
CompleteGumtreeMatcher,19,3,18,0,0,1,0,0,47,3,0,0.4,,900,,,,,2,,,
CompleteGumtreeMatcher,19,3,18,0,0,1,0,0,47,3,0,0.4,,1000,,,,,2,,,
CompleteGumtreeMatcher,19,3,18,0,0,1,0,0,47,3,0,0.4,,1100,,,,,2,,,
CompleteGumtreeMatcher,19,3,18,0,0,1,0,0,47,3,0,0.4,,1200,,,,,2,,,
CompleteGumtreeMatcher,19,3,18,0,0,1,0,0,40,3,0,0.4,,1300,,,,,2,,,
CompleteGumtreeMatcher,19,3,18,0,0,1,0,0,47,3,0,0.4,,1400,,,,,2,,,
CompleteGumtreeMatcher,19,3,18,0,0,1,0,0,47,3,0,0.4,,1500,,,,,2,,,
CompleteGumtreeMatcher,19,3,18,0,0,1,0,0,41,3,0,0.4,,1600,,,,,2,,,
CompleteGumtreeMatcher,19,3,18,0,0,1,0,0,41,3,0,0.4,,1700,,,,,2,,,
CompleteGumtreeMatcher,19,3,18,0,0,1,0,0,48,3,0,0.4,,1800,,,,,2,,,
CompleteGumtreeMatcher,19,3,18,0,0,1,0,0,47,3,0,0.4,,1900,,,,,2,,,
CompleteGumtreeMatcher,19,3,18,0,0,1,0,0,48,3,0,0.4,,2000,,,,,2,,,
CompleteGumtreeMatcher,64,12,36,18,0,10,0,0,1,3,0,0.5,,100,,,,,2,,,
CompleteGumtreeMatcher,19,3,18,0,0,1,0,0,41,3,0,0.5,,200,,,,,2,,,
CompleteGumtreeMatcher,19,3,18,0,0,1,0,0,47,3,0,0.5,,300,,,,,2,,,
CompleteGumtreeMatcher,19,3,18,0,0,1,0,0,48,3,0,0.5,,400,,,,,2,,,
CompleteGumtreeMatcher,19,3,18,0,0,1,0,0,48,3,0,0.5,,500,,,,,2,,,
CompleteGumtreeMatcher,19,3,18,0,0,1,0,0,47,3,0,0.5,,600,,,,,2,,,
CompleteGumtreeMatcher,19,3,18,0,0,1,0,0,41,3,0,0.5,,700,,,,,2,,,
CompleteGumtreeMatcher,19,3,18,0,0,1,0,0,41,3,0,0.5,,800,,,,,2,,,
CompleteGumtreeMatcher,19,3,18,0,0,1,0,0,51,3,0,0.5,,900,,,,,2,,,
CompleteGumtreeMatcher,19,3,18,0,0,1,0,0,52,3,0,0.5,,1000,,,,,2,,,
CompleteGumtreeMatcher,19,3,18,0,0,1,0,0,51,3,0,0.5,,1100,,,,,2,,,
CompleteGumtreeMatcher,19,3,18,0,0,1,0,0,46,3,0,0.5,,1200,,,,,2,,,
CompleteGumtreeMatcher,19,3,18,0,0,1,0,0,53,3,0,0.5,,1300,,,,,2,,,
CompleteGumtreeMatcher,19,3,18,0,0,1,0,0,52,3,0,0.5,,1400,,,,,2,,,
CompleteGumtreeMatcher,19,3,18,0,0,1,0,0,46,3,0,0.5,,1500,,,,,2,,,
CompleteGumtreeMatcher,19,3,18,0,0,1,0,0,46,3,0,0.5,,1600,,,,,2,,,
CompleteGumtreeMatcher,19,3,18,0,0,1,0,0,53,3,0,0.5,,1700,,,,,2,,,
CompleteGumtreeMatcher,19,3,18,0,0,1,0,0,52,3,0,0.5,,1800,,,,,2,,,
CompleteGumtreeMatcher,19,3,18,0,0,1,0,0,42,3,0,0.5,,1900,,,,,2,,,
CompleteGumtreeMatcher,19,3,18,0,0,1,0,0,47,3,0,0.5,,2000,,,,,2,,,
CompleteGumtreeMatcher,64,12,36,18,0,10,0,0,0,3,0,0.6,,100,,,,,2,,,
CompleteGumtreeMatcher,19,3,18,0,0,1,0,0,47,3,0,0.6,,200,,,,,2,,,
CompleteGumtreeMatcher,19,3,18,0,0,1,0,0,47,3,0,0.6,,300,,,,,2,,,
CompleteGumtreeMatcher,19,3,18,0,0,1,0,0,46,3,0,0.6,,400,,,,,2,,,
CompleteGumtreeMatcher,19,3,18,0,0,1,0,0,47,3,0,0.6,,500,,,,,2,,,
CompleteGumtreeMatcher,19,3,18,0,0,1,0,0,42,3,0,0.6,,600,,,,,2,,,
CompleteGumtreeMatcher,19,3,18,0,0,1,0,0,43,3,0,0.6,,700,,,,,2,,,
CompleteGumtreeMatcher,19,3,18,0,0,1,0,0,45,3,0,0.6,,800,,,,,2,,,
CompleteGumtreeMatcher,19,3,18,0,0,1,0,0,43,3,0,0.6,,900,,,,,2,,,
CompleteGumtreeMatcher,19,3,18,0,0,1,0,0,42,3,0,0.6,,1000,,,,,2,,,
CompleteGumtreeMatcher,19,3,18,0,0,1,0,0,46,3,0,0.6,,1100,,,,,2,,,
CompleteGumtreeMatcher,19,3,18,0,0,1,0,0,45,3,0,0.6,,1200,,,,,2,,,
CompleteGumtreeMatcher,19,3,18,0,0,1,0,0,45,3,0,0.6,,1300,,,,,2,,,
CompleteGumtreeMatcher,19,3,18,0,0,1,0,0,45,3,0,0.6,,1400,,,,,2,,,
CompleteGumtreeMatcher,19,3,18,0,0,1,0,0,45,3,0,0.6,,1500,,,,,2,,,
CompleteGumtreeMatcher,19,3,18,0,0,1,0,0,43,3,0,0.6,,1600,,,,,2,,,
CompleteGumtreeMatcher,19,3,18,0,0,1,0,0,42,3,0,0.6,,1700,,,,,2,,,
CompleteGumtreeMatcher,19,3,18,0,0,1,0,0,45,3,0,0.6,,1800,,,,,2,,,
CompleteGumtreeMatcher,19,3,18,0,0,1,0,0,43,3,0,0.6,,1900,,,,,2,,,
CompleteGumtreeMatcher,19,3,18,0,0,1,0,0,42,3,0,0.6,,2000,,,,,2,,,
CompleteGumtreeMatcher,64,12,36,18,0,10,0,0,0,3,0,0.7,,100,,,,,2,,,
CompleteGumtreeMatcher,19,3,18,0,0,1,0,0,45,3,0,0.7,,200,,,,,2,,,
CompleteGumtreeMatcher,19,3,18,0,0,1,0,0,45,3,0,0.7,,300,,,,,2,,,
CompleteGumtreeMatcher,19,3,18,0,0,1,0,0,46,3,0,0.7,,400,,,,,2,,,
CompleteGumtreeMatcher,19,3,18,0,0,1,0,0,46,3,0,0.7,,500,,,,,2,,,
CompleteGumtreeMatcher,19,3,18,0,0,1,0,0,45,3,0,0.7,,600,,,,,2,,,
CompleteGumtreeMatcher,19,3,18,0,0,1,0,0,43,3,0,0.7,,700,,,,,2,,,
CompleteGumtreeMatcher,19,3,18,0,0,1,0,0,43,3,0,0.7,,800,,,,,2,,,
CompleteGumtreeMatcher,19,3,18,0,0,1,0,0,43,3,0,0.7,,900,,,,,2,,,
CompleteGumtreeMatcher,19,3,18,0,0,1,0,0,46,3,0,0.7,,1000,,,,,2,,,
CompleteGumtreeMatcher,19,3,18,0,0,1,0,0,43,3,0,0.7,,1100,,,,,2,,,
CompleteGumtreeMatcher,19,3,18,0,0,1,0,0,45,3,0,0.7,,1200,,,,,2,,,
CompleteGumtreeMatcher,19,3,18,0,0,1,0,0,46,3,0,0.7,,1300,,,,,2,,,
CompleteGumtreeMatcher,19,3,18,0,0,1,0,0,45,3,0,0.7,,1400,,,,,2,,,
CompleteGumtreeMatcher,19,3,18,0,0,1,0,0,44,3,0,0.7,,1500,,,,,2,,,
CompleteGumtreeMatcher,19,3,18,0,0,1,0,0,43,3,0,0.7,,1600,,,,,2,,,
CompleteGumtreeMatcher,19,3,18,0,0,1,0,0,45,3,0,0.7,,1700,,,,,2,,,
CompleteGumtreeMatcher,19,3,18,0,0,1,0,0,43,3,0,0.7,,1800,,,,,2,,,
CompleteGumtreeMatcher,19,3,18,0,0,1,0,0,44,3,0,0.7,,1900,,,,,2,,,
CompleteGumtreeMatcher,19,3,18,0,0,1,0,0,44,3,0,0.7,,2000,,,,,2,,,
CompleteGumtreeMatcher,64,12,36,18,0,10,0,0,1,3,0,0.799,,100,,,,,2,,,
CompleteGumtreeMatcher,19,3,18,0,0,1,0,0,43,3,0,0.799,,200,,,,,2,,,
CompleteGumtreeMatcher,19,3,18,0,0,1,0,0,44,3,0,0.799,,300,,,,,2,,,
CompleteGumtreeMatcher,19,3,18,0,0,1,0,0,44,3,0,0.799,,400,,,,,2,,,
CompleteGumtreeMatcher,19,3,18,0,0,1,0,0,43,3,0,0.799,,500,,,,,2,,,
CompleteGumtreeMatcher,19,3,18,0,0,1,0,0,44,3,0,0.799,,600,,,,,2,,,
CompleteGumtreeMatcher,19,3,18,0,0,1,0,0,44,3,0,0.799,,700,,,,,2,,,
CompleteGumtreeMatcher,19,3,18,0,0,1,0,0,45,3,0,0.799,,800,,,,,2,,,
CompleteGumtreeMatcher,19,3,18,0,0,1,0,0,43,3,0,0.799,,900,,,,,2,,,
CompleteGumtreeMatcher,19,3,18,0,0,1,0,0,44,3,0,0.799,,1000,,,,,2,,,
CompleteGumtreeMatcher,19,3,18,0,0,1,0,0,44,3,0,0.799,,1100,,,,,2,,,
CompleteGumtreeMatcher,19,3,18,0,0,1,0,0,44,3,0,0.799,,1200,,,,,2,,,
CompleteGumtreeMatcher,19,3,18,0,0,1,0,0,43,3,0,0.799,,1300,,,,,2,,,
CompleteGumtreeMatcher,19,3,18,0,0,1,0,0,45,3,0,0.799,,1400,,,,,2,,,
CompleteGumtreeMatcher,19,3,18,0,0,1,0,0,44,3,0,0.799,,1500,,,,,2,,,
CompleteGumtreeMatcher,19,3,18,0,0,1,0,0,45,3,0,0.799,,1600,,,,,2,,,
CompleteGumtreeMatcher,19,3,18,0,0,1,0,0,45,3,0,0.799,,1700,,,,,2,,,
CompleteGumtreeMatcher,19,3,18,0,0,1,0,0,44,3,0,0.799,,1800,,,,,2,,,
CompleteGumtreeMatcher,19,3,18,0,0,1,0,0,44,3,0,0.799,,1900,,,,,2,,,
CompleteGumtreeMatcher,19,3,18,0,0,1,0,0,44,3,0,0.799,,2000,,,,,2,,,
CompleteGumtreeMatcher,64,12,36,18,0,10,0,0,1,3,0,0.899,,100,,,,,2,,,
CompleteGumtreeMatcher,19,3,18,0,0,1,0,0,44,3,0,0.899,,200,,,,,2,,,
CompleteGumtreeMatcher,19,3,18,0,0,1,0,0,43,3,0,0.899,,300,,,,,2,,,
CompleteGumtreeMatcher,19,3,18,0,0,1,0,0,44,3,0,0.899,,400,,,,,2,,,
CompleteGumtreeMatcher,19,3,18,0,0,1,0,0,44,3,0,0.899,,500,,,,,2,,,
CompleteGumtreeMatcher,19,3,18,0,0,1,0,0,44,3,0,0.899,,600,,,,,2,,,
CompleteGumtreeMatcher,19,3,18,0,0,1,0,0,43,3,0,0.899,,700,,,,,2,,,
CompleteGumtreeMatcher,19,3,18,0,0,1,0,0,44,3,0,0.899,,800,,,,,2,,,
CompleteGumtreeMatcher,19,3,18,0,0,1,0,0,43,3,0,0.899,,900,,,,,2,,,
CompleteGumtreeMatcher,19,3,18,0,0,1,0,0,44,3,0,0.899,,1000,,,,,2,,,
CompleteGumtreeMatcher,19,3,18,0,0,1,0,0,44,3,0,0.899,,1100,,,,,2,,,
CompleteGumtreeMatcher,19,3,18,0,0,1,0,0,44,3,0,0.899,,1200,,,,,2,,,
CompleteGumtreeMatcher,19,3,18,0,0,1,0,0,44,3,0,0.899,,1300,,,,,2,,,
CompleteGumtreeMatcher,19,3,18,0,0,1,0,0,44,3,0,0.899,,1400,,,,,2,,,
CompleteGumtreeMatcher,19,3,18,0,0,1,0,0,43,3,0,0.899,,1500,,,,,2,,,
CompleteGumtreeMatcher,19,3,18,0,0,1,0,0,44,3,0,0.899,,1600,,,,,2,,,
CompleteGumtreeMatcher,19,3,18,0,0,1,0,0,44,3,0,0.899,,1700,,,,,2,,,
CompleteGumtreeMatcher,19,3,18,0,0,1,0,0,44,3,0,0.899,,1800,,,,,2,,,
CompleteGumtreeMatcher,19,3,18,0,0,1,0,0,44,3,0,0.899,,1900,,,,,2,,,
CompleteGumtreeMatcher,19,3,18,0,0,1,0,0,44,3,0,0.899,,2000,,,,,2,,,
CompleteGumtreeMatcher,64,12,36,18,0,10,0,0,1,3,0,0.999,,100,,,,,2,,,
CompleteGumtreeMatcher,19,3,18,0,0,1,0,0,44,3,0,0.999,,200,,,,,2,,,
CompleteGumtreeMatcher,19,3,18,0,0,1,0,0,44,3,0,0.999,,300,,,,,2,,,
CompleteGumtreeMatcher,19,3,18,0,0,1,0,0,45,3,0,0.999,,400,,,,,2,,,
CompleteGumtreeMatcher,19,3,18,0,0,1,0,0,44,3,0,0.999,,500,,,,,2,,,
CompleteGumtreeMatcher,19,3,18,0,0,1,0,0,45,3,0,0.999,,600,,,,,2,,,
CompleteGumtreeMatcher,19,3,18,0,0,1,0,0,44,3,0,0.999,,700,,,,,2,,,
CompleteGumtreeMatcher,19,3,18,0,0,1,0,0,45,3,0,0.999,,800,,,,,2,,,
CompleteGumtreeMatcher,19,3,18,0,0,1,0,0,44,3,0,0.999,,900,,,,,2,,,
CompleteGumtreeMatcher,19,3,18,0,0,1,0,0,44,3,0,0.999,,1000,,,,,2,,,
CompleteGumtreeMatcher,19,3,18,0,0,1,0,0,45,3,0,0.999,,1100,,,,,2,,,
CompleteGumtreeMatcher,19,3,18,0,0,1,0,0,44,3,0,0.999,,1200,,,,,2,,,
CompleteGumtreeMatcher,19,3,18,0,0,1,0,0,45,3,0,0.999,,1300,,,,,2,,,
CompleteGumtreeMatcher,19,3,18,0,0,1,0,0,44,3,0,0.999,,1400,,,,,2,,,
CompleteGumtreeMatcher,19,3,18,0,0,1,0,0,44,3,0,0.999,,1500,,,,,2,,,
CompleteGumtreeMatcher,19,3,18,0,0,1,0,0,44,3,0,0.999,,1600,,,,,2,,,
CompleteGumtreeMatcher,19,3,18,0,0,1,0,0,44,3,0,0.999,,1700,,,,,2,,,
CompleteGumtreeMatcher,19,3,18,0,0,1,0,0,44,3,0,0.999,,1800,,,,,2,,,
CompleteGumtreeMatcher,19,3,18,0,0,1,0,0,44,3,0,0.999,,1900,,,,,2,,,
CompleteGumtreeMatcher,19,3,18,0,0,1,0,0,44,3,0,0.999,,2000,,,,,2,,,
CompleteGumtreeMatcher,104,8,58,40,0,6,0,0,0,3,0,0.1,,100,,,,,3,,,
CompleteGumtreeMatcher,19,3,18,0,0,1,0,0,44,3,0,0.1,,200,,,,,3,,,
CompleteGumtreeMatcher,19,3,18,0,0,1,0,0,44,3,0,0.1,,300,,,,,3,,,
CompleteGumtreeMatcher,19,3,18,0,0,1,0,0,44,3,0,0.1,,400,,,,,3,,,
CompleteGumtreeMatcher,19,3,18,0,0,1,0,0,44,3,0,0.1,,500,,,,,3,,,
CompleteGumtreeMatcher,19,3,18,0,0,1,0,0,44,3,0,0.1,,600,,,,,3,,,
CompleteGumtreeMatcher,19,3,18,0,0,1,0,0,44,3,0,0.1,,700,,,,,3,,,
CompleteGumtreeMatcher,19,3,18,0,0,1,0,0,45,3,0,0.1,,800,,,,,3,,,
CompleteGumtreeMatcher,19,3,18,0,0,1,0,0,43,3,0,0.1,,900,,,,,3,,,
CompleteGumtreeMatcher,19,3,18,0,0,1,0,0,44,3,0,0.1,,1000,,,,,3,,,
CompleteGumtreeMatcher,19,3,18,0,0,1,0,0,45,3,0,0.1,,1100,,,,,3,,,
CompleteGumtreeMatcher,19,3,18,0,0,1,0,0,45,3,0,0.1,,1200,,,,,3,,,
CompleteGumtreeMatcher,19,3,18,0,0,1,0,0,45,3,0,0.1,,1300,,,,,3,,,
CompleteGumtreeMatcher,19,3,18,0,0,1,0,0,44,3,0,0.1,,1400,,,,,3,,,
CompleteGumtreeMatcher,19,3,18,0,0,1,0,0,44,3,0,0.1,,1500,,,,,3,,,
CompleteGumtreeMatcher,19,3,18,0,0,1,0,0,44,3,0,0.1,,1600,,,,,3,,,
CompleteGumtreeMatcher,19,3,18,0,0,1,0,0,43,3,0,0.1,,1700,,,,,3,,,
CompleteGumtreeMatcher,19,3,18,0,0,1,0,0,44,3,0,0.1,,1800,,,,,3,,,
CompleteGumtreeMatcher,19,3,18,0,0,1,0,0,44,3,0,0.1,,1900,,,,,3,,,
CompleteGumtreeMatcher,19,3,18,0,0,1,0,0,44,3,0,0.1,,2000,,,,,3,,,
CompleteGumtreeMatcher,104,8,58,40,0,6,0,0,0,3,0,0.2,,100,,,,,3,,,
CompleteGumtreeMatcher,19,3,18,0,0,1,0,0,44,3,0,0.2,,200,,,,,3,,,
CompleteGumtreeMatcher,19,3,18,0,0,1,0,0,44,3,0,0.2,,300,,,,,3,,,
CompleteGumtreeMatcher,19,3,18,0,0,1,0,0,44,3,0,0.2,,400,,,,,3,,,
CompleteGumtreeMatcher,19,3,18,0,0,1,0,0,44,3,0,0.2,,500,,,,,3,,,
CompleteGumtreeMatcher,19,3,18,0,0,1,0,0,44,3,0,0.2,,600,,,,,3,,,
CompleteGumtreeMatcher,19,3,18,0,0,1,0,0,44,3,0,0.2,,700,,,,,3,,,
CompleteGumtreeMatcher,19,3,18,0,0,1,0,0,43,3,0,0.2,,800,,,,,3,,,
CompleteGumtreeMatcher,19,3,18,0,0,1,0,0,44,3,0,0.2,,900,,,,,3,,,
CompleteGumtreeMatcher,19,3,18,0,0,1,0,0,43,3,0,0.2,,1000,,,,,3,,,
CompleteGumtreeMatcher,19,3,18,0,0,1,0,0,43,3,0,0.2,,1100,,,,,3,,,
CompleteGumtreeMatcher,19,3,18,0,0,1,0,0,44,3,0,0.2,,1200,,,,,3,,,
CompleteGumtreeMatcher,19,3,18,0,0,1,0,0,44,3,0,0.2,,1300,,,,,3,,,
CompleteGumtreeMatcher,19,3,18,0,0,1,0,0,44,3,0,0.2,,1400,,,,,3,,,
CompleteGumtreeMatcher,19,3,18,0,0,1,0,0,44,3,0,0.2,,1500,,,,,3,,,
CompleteGumtreeMatcher,19,3,18,0,0,1,0,0,44,3,0,0.2,,1600,,,,,3,,,
CompleteGumtreeMatcher,19,3,18,0,0,1,0,0,44,3,0,0.2,,1700,,,,,3,,,
CompleteGumtreeMatcher,19,3,18,0,0,1,0,0,44,3,0,0.2,,1800,,,,,3,,,
CompleteGumtreeMatcher,19,3,18,0,0,1,0,0,44,3,0,0.2,,1900,,,,,3,,,
CompleteGumtreeMatcher,19,3,18,0,0,1,0,0,44,3,0,0.2,,2000,,,,,3,,,
CompleteGumtreeMatcher,104,8,58,40,0,6,0,0,1,3,0,0.3,,100,,,,,3,,,
CompleteGumtreeMatcher,19,3,18,0,0,1,0,0,44,3,0,0.3,,200,,,,,3,,,
CompleteGumtreeMatcher,19,3,18,0,0,1,0,0,44,3,0,0.3,,300,,,,,3,,,
CompleteGumtreeMatcher,19,3,18,0,0,1,0,0,44,3,0,0.3,,400,,,,,3,,,
CompleteGumtreeMatcher,19,3,18,0,0,1,0,0,44,3,0,0.3,,500,,,,,3,,,
CompleteGumtreeMatcher,19,3,18,0,0,1,0,0,44,3,0,0.3,,600,,,,,3,,,
CompleteGumtreeMatcher,19,3,18,0,0,1,0,0,45,3,0,0.3,,700,,,,,3,,,
CompleteGumtreeMatcher,19,3,18,0,0,1,0,0,44,3,0,0.3,,800,,,,,3,,,
CompleteGumtreeMatcher,19,3,18,0,0,1,0,0,44,3,0,0.3,,900,,,,,3,,,
CompleteGumtreeMatcher,19,3,18,0,0,1,0,0,44,3,0,0.3,,1000,,,,,3,,,
CompleteGumtreeMatcher,19,3,18,0,0,1,0,0,44,3,0,0.3,,1100,,,,,3,,,
CompleteGumtreeMatcher,19,3,18,0,0,1,0,0,43,3,0,0.3,,1200,,,,,3,,,
CompleteGumtreeMatcher,19,3,18,0,0,1,0,0,44,3,0,0.3,,1300,,,,,3,,,
CompleteGumtreeMatcher,19,3,18,0,0,1,0,0,44,3,0,0.3,,1400,,,,,3,,,
CompleteGumtreeMatcher,19,3,18,0,0,1,0,0,44,3,0,0.3,,1500,,,,,3,,,
CompleteGumtreeMatcher,19,3,18,0,0,1,0,0,44,3,0,0.3,,1600,,,,,3,,,
CompleteGumtreeMatcher,19,3,18,0,0,1,0,0,44,3,0,0.3,,1700,,,,,3,,,
CompleteGumtreeMatcher,19,3,18,0,0,1,0,0,56,3,0,0.3,,1800,,,,,3,,,
CompleteGumtreeMatcher,19,3,18,0,0,1,0,0,55,3,0,0.3,,1900,,,,,3,,,
CompleteGumtreeMatcher,19,3,18,0,0,1,0,0,55,3,0,0.3,,2000,,,,,3,,,
CompleteGumtreeMatcher,104,8,58,40,0,6,0,0,1,3,0,0.4,,100,,,,,3,,,
CompleteGumtreeMatcher,19,3,18,0,0,1,0,0,55,3,0,0.4,,200,,,,,3,,,
CompleteGumtreeMatcher,19,3,18,0,0,1,0,0,54,3,0,0.4,,300,,,,,3,,,
CompleteGumtreeMatcher,19,3,18,0,0,1,0,0,55,3,0,0.4,,400,,,,,3,,,
CompleteGumtreeMatcher,19,3,18,0,0,1,0,0,55,3,0,0.4,,500,,,,,3,,,
CompleteGumtreeMatcher,19,3,18,0,0,1,0,0,55,3,0,0.4,,600,,,,,3,,,
CompleteGumtreeMatcher,19,3,18,0,0,1,0,0,55,3,0,0.4,,700,,,,,3,,,
CompleteGumtreeMatcher,19,3,18,0,0,1,0,0,55,3,0,0.4,,800,,,,,3,,,
CompleteGumtreeMatcher,19,3,18,0,0,1,0,0,44,3,0,0.4,,900,,,,,3,,,
CompleteGumtreeMatcher,19,3,18,0,0,1,0,0,43,3,0,0.4,,1000,,,,,3,,,
CompleteGumtreeMatcher,19,3,18,0,0,1,0,0,45,3,0,0.4,,1100,,,,,3,,,
CompleteGumtreeMatcher,19,3,18,0,0,1,0,0,45,3,0,0.4,,1200,,,,,3,,,
CompleteGumtreeMatcher,19,3,18,0,0,1,0,0,45,3,0,0.4,,1300,,,,,3,,,
CompleteGumtreeMatcher,19,3,18,0,0,1,0,0,44,3,0,0.4,,1400,,,,,3,,,
CompleteGumtreeMatcher,19,3,18,0,0,1,0,0,44,3,0,0.4,,1500,,,,,3,,,
CompleteGumtreeMatcher,19,3,18,0,0,1,0,0,45,3,0,0.4,,1600,,,,,3,,,
CompleteGumtreeMatcher,19,3,18,0,0,1,0,0,44,3,0,0.4,,1700,,,,,3,,,
CompleteGumtreeMatcher,19,3,18,0,0,1,0,0,45,3,0,0.4,,1800,,,,,3,,,
CompleteGumtreeMatcher,19,3,18,0,0,1,0,0,44,3,0,0.4,,1900,,,,,3,,,
CompleteGumtreeMatcher,19,3,18,0,0,1,0,0,44,3,0,0.4,,2000,,,,,3,,,
CompleteGumtreeMatcher,104,8,58,40,0,6,0,0,0,3,0,0.5,,100,,,,,3,,,
CompleteGumtreeMatcher,19,3,18,0,0,1,0,0,44,3,0,0.5,,200,,,,,3,,,
CompleteGumtreeMatcher,19,3,18,0,0,1,0,0,44,3,0,0.5,,300,,,,,3,,,
CompleteGumtreeMatcher,19,3,18,0,0,1,0,0,44,3,0,0.5,,400,,,,,3,,,
CompleteGumtreeMatcher,19,3,18,0,0,1,0,0,44,3,0,0.5,,500,,,,,3,,,
CompleteGumtreeMatcher,19,3,18,0,0,1,0,0,45,3,0,0.5,,600,,,,,3,,,
CompleteGumtreeMatcher,19,3,18,0,0,1,0,0,44,3,0,0.5,,700,,,,,3,,,
CompleteGumtreeMatcher,19,3,18,0,0,1,0,0,44,3,0,0.5,,800,,,,,3,,,
CompleteGumtreeMatcher,19,3,18,0,0,1,0,0,44,3,0,0.5,,900,,,,,3,,,
CompleteGumtreeMatcher,19,3,18,0,0,1,0,0,43,3,0,0.5,,1000,,,,,3,,,
CompleteGumtreeMatcher,19,3,18,0,0,1,0,0,44,3,0,0.5,,1100,,,,,3,,,
CompleteGumtreeMatcher,19,3,18,0,0,1,0,0,45,3,0,0.5,,1200,,,,,3,,,
CompleteGumtreeMatcher,19,3,18,0,0,1,0,0,44,3,0,0.5,,1300,,,,,3,,,
CompleteGumtreeMatcher,19,3,18,0,0,1,0,0,45,3,0,0.5,,1400,,,,,3,,,
CompleteGumtreeMatcher,19,3,18,0,0,1,0,0,44,3,0,0.5,,1500,,,,,3,,,
CompleteGumtreeMatcher,19,3,18,0,0,1,0,0,44,3,0,0.5,,1600,,,,,3,,,
CompleteGumtreeMatcher,19,3,18,0,0,1,0,0,44,3,0,0.5,,1700,,,,,3,,,
CompleteGumtreeMatcher,19,3,18,0,0,1,0,0,45,3,0,0.5,,1800,,,,,3,,,
CompleteGumtreeMatcher,19,3,18,0,0,1,0,0,45,3,0,0.5,,1900,,,,,3,,,
CompleteGumtreeMatcher,19,3,18,0,0,1,0,0,44,3,0,0.5,,2000,,,,,3,,,
CompleteGumtreeMatcher,104,8,58,40,0,6,0,0,0,3,0,0.6,,100,,,,,3,,,
CompleteGumtreeMatcher,19,3,18,0,0,1,0,0,44,3,0,0.6,,200,,,,,3,,,
CompleteGumtreeMatcher,19,3,18,0,0,1,0,0,44,3,0,0.6,,300,,,,,3,,,
CompleteGumtreeMatcher,19,3,18,0,0,1,0,0,44,3,0,0.6,,400,,,,,3,,,
CompleteGumtreeMatcher,19,3,18,0,0,1,0,0,43,3,0,0.6,,500,,,,,3,,,
CompleteGumtreeMatcher,19,3,18,0,0,1,0,0,44,3,0,0.6,,600,,,,,3,,,
CompleteGumtreeMatcher,19,3,18,0,0,1,0,0,44,3,0,0.6,,700,,,,,3,,,
CompleteGumtreeMatcher,19,3,18,0,0,1,0,0,44,3,0,0.6,,800,,,,,3,,,
CompleteGumtreeMatcher,19,3,18,0,0,1,0,0,44,3,0,0.6,,900,,,,,3,,,
CompleteGumtreeMatcher,19,3,18,0,0,1,0,0,44,3,0,0.6,,1000,,,,,3,,,
CompleteGumtreeMatcher,19,3,18,0,0,1,0,0,44,3,0,0.6,,1100,,,,,3,,,
CompleteGumtreeMatcher,19,3,18,0,0,1,0,0,45,3,0,0.6,,1200,,,,,3,,,
CompleteGumtreeMatcher,19,3,18,0,0,1,0,0,44,3,0,0.6,,1300,,,,,3,,,
CompleteGumtreeMatcher,19,3,18,0,0,1,0,0,44,3,0,0.6,,1400,,,,,3,,,
CompleteGumtreeMatcher,19,3,18,0,0,1,0,0,44,3,0,0.6,,1500,,,,,3,,,
CompleteGumtreeMatcher,19,3,18,0,0,1,0,0,44,3,0,0.6,,1600,,,,,3,,,
CompleteGumtreeMatcher,19,3,18,0,0,1,0,0,44,3,0,0.6,,1700,,,,,3,,,
CompleteGumtreeMatcher,19,3,18,0,0,1,0,0,45,3,0,0.6,,1800,,,,,3,,,
CompleteGumtreeMatcher,19,3,18,0,0,1,0,0,44,3,0,0.6,,1900,,,,,3,,,
CompleteGumtreeMatcher,19,3,18,0,0,1,0,0,44,3,0,0.6,,2000,,,,,3,,,
CompleteGumtreeMatcher,104,8,58,40,0,6,0,0,0,3,0,0.7,,100,,,,,3,,,
CompleteGumtreeMatcher,19,3,18,0,0,1,0,0,44,3,0,0.7,,200,,,,,3,,,
CompleteGumtreeMatcher,19,3,18,0,0,1,0,0,44,3,0,0.7,,300,,,,,3,,,
CompleteGumtreeMatcher,19,3,18,0,0,1,0,0,44,3,0,0.7,,400,,,,,3,,,
CompleteGumtreeMatcher,19,3,18,0,0,1,0,0,44,3,0,0.7,,500,,,,,3,,,
CompleteGumtreeMatcher,19,3,18,0,0,1,0,0,44,3,0,0.7,,600,,,,,3,,,
CompleteGumtreeMatcher,19,3,18,0,0,1,0,0,45,3,0,0.7,,700,,,,,3,,,
CompleteGumtreeMatcher,19,3,18,0,0,1,0,0,45,3,0,0.7,,800,,,,,3,,,
CompleteGumtreeMatcher,19,3,18,0,0,1,0,0,44,3,0,0.7,,900,,,,,3,,,
CompleteGumtreeMatcher,19,3,18,0,0,1,0,0,45,3,0,0.7,,1000,,,,,3,,,
CompleteGumtreeMatcher,19,3,18,0,0,1,0,0,44,3,0,0.7,,1100,,,,,3,,,
CompleteGumtreeMatcher,19,3,18,0,0,1,0,0,43,3,0,0.7,,1200,,,,,3,,,
CompleteGumtreeMatcher,19,3,18,0,0,1,0,0,45,3,0,0.7,,1300,,,,,3,,,
CompleteGumtreeMatcher,19,3,18,0,0,1,0,0,45,3,0,0.7,,1400,,,,,3,,,
CompleteGumtreeMatcher,19,3,18,0,0,1,0,0,44,3,0,0.7,,1500,,,,,3,,,
CompleteGumtreeMatcher,19,3,18,0,0,1,0,0,44,3,0,0.7,,1600,,,,,3,,,
CompleteGumtreeMatcher,19,3,18,0,0,1,0,0,43,3,0,0.7,,1700,,,,,3,,,
CompleteGumtreeMatcher,19,3,18,0,0,1,0,0,43,3,0,0.7,,1800,,,,,3,,,
CompleteGumtreeMatcher,19,3,18,0,0,1,0,0,43,3,0,0.7,,1900,,,,,3,,,
CompleteGumtreeMatcher,19,3,18,0,0,1,0,0,43,3,0,0.7,,2000,,,,,3,,,
CompleteGumtreeMatcher,104,8,58,40,0,6,0,0,1,3,0,0.799,,100,,,,,3,,,
CompleteGumtreeMatcher,19,3,18,0,0,1,0,0,44,3,0,0.799,,200,,,,,3,,,
CompleteGumtreeMatcher,19,3,18,0,0,1,0,0,44,3,0,0.799,,300,,,,,3,,,
CompleteGumtreeMatcher,19,3,18,0,0,1,0,0,44,3,0,0.799,,400,,,,,3,,,
CompleteGumtreeMatcher,19,3,18,0,0,1,0,0,43,3,0,0.799,,500,,,,,3,,,
CompleteGumtreeMatcher,19,3,18,0,0,1,0,0,44,3,0,0.799,,600,,,,,3,,,
CompleteGumtreeMatcher,19,3,18,0,0,1,0,0,44,3,0,0.799,,700,,,,,3,,,
CompleteGumtreeMatcher,19,3,18,0,0,1,0,0,44,3,0,0.799,,800,,,,,3,,,
CompleteGumtreeMatcher,19,3,18,0,0,1,0,0,44,3,0,0.799,,900,,,,,3,,,
CompleteGumtreeMatcher,19,3,18,0,0,1,0,0,44,3,0,0.799,,1000,,,,,3,,,
CompleteGumtreeMatcher,19,3,18,0,0,1,0,0,43,3,0,0.799,,1100,,,,,3,,,
CompleteGumtreeMatcher,19,3,18,0,0,1,0,0,44,3,0,0.799,,1200,,,,,3,,,
CompleteGumtreeMatcher,19,3,18,0,0,1,0,0,43,3,0,0.799,,1300,,,,,3,,,
CompleteGumtreeMatcher,19,3,18,0,0,1,0,0,44,3,0,0.799,,1400,,,,,3,,,
CompleteGumtreeMatcher,19,3,18,0,0,1,0,0,44,3,0,0.799,,1500,,,,,3,,,
CompleteGumtreeMatcher,19,3,18,0,0,1,0,0,44,3,0,0.799,,1600,,,,,3,,,
CompleteGumtreeMatcher,19,3,18,0,0,1,0,0,44,3,0,0.799,,1700,,,,,3,,,
CompleteGumtreeMatcher,19,3,18,0,0,1,0,0,45,3,0,0.799,,1800,,,,,3,,,
CompleteGumtreeMatcher,19,3,18,0,0,1,0,0,44,3,0,0.799,,1900,,,,,3,,,
CompleteGumtreeMatcher,19,3,18,0,0,1,0,0,44,3,0,0.799,,2000,,,,,3,,,
CompleteGumtreeMatcher,104,8,58,40,0,6,0,0,1,3,0,0.899,,100,,,,,3,,,
CompleteGumtreeMatcher,19,3,18,0,0,1,0,0,43,3,0,0.899,,200,,,,,3,,,
CompleteGumtreeMatcher,19,3,18,0,0,1,0,0,44,3,0,0.899,,300,,,,,3,,,
CompleteGumtreeMatcher,19,3,18,0,0,1,0,0,44,3,0,0.899,,400,,,,,3,,,
CompleteGumtreeMatcher,19,3,18,0,0,1,0,0,44,3,0,0.899,,500,,,,,3,,,
CompleteGumtreeMatcher,19,3,18,0,0,1,0,0,44,3,0,0.899,,600,,,,,3,,,
CompleteGumtreeMatcher,19,3,18,0,0,1,0,0,44,3,0,0.899,,700,,,,,3,,,
CompleteGumtreeMatcher,19,3,18,0,0,1,0,0,44,3,0,0.899,,800,,,,,3,,,
CompleteGumtreeMatcher,19,3,18,0,0,1,0,0,44,3,0,0.899,,900,,,,,3,,,
CompleteGumtreeMatcher,19,3,18,0,0,1,0,0,44,3,0,0.899,,1000,,,,,3,,,
CompleteGumtreeMatcher,19,3,18,0,0,1,0,0,44,3,0,0.899,,1100,,,,,3,,,
CompleteGumtreeMatcher,19,3,18,0,0,1,0,0,44,3,0,0.899,,1200,,,,,3,,,
CompleteGumtreeMatcher,19,3,18,0,0,1,0,0,44,3,0,0.899,,1300,,,,,3,,,
CompleteGumtreeMatcher,19,3,18,0,0,1,0,0,44,3,0,0.899,,1400,,,,,3,,,
CompleteGumtreeMatcher,19,3,18,0,0,1,0,0,44,3,0,0.899,,1500,,,,,3,,,
CompleteGumtreeMatcher,19,3,18,0,0,1,0,0,44,3,0,0.899,,1600,,,,,3,,,
CompleteGumtreeMatcher,19,3,18,0,0,1,0,0,44,3,0,0.899,,1700,,,,,3,,,
CompleteGumtreeMatcher,19,3,18,0,0,1,0,0,44,3,0,0.899,,1800,,,,,3,,,
CompleteGumtreeMatcher,19,3,18,0,0,1,0,0,44,3,0,0.899,,1900,,,,,3,,,
CompleteGumtreeMatcher,19,3,18,0,0,1,0,0,44,3,0,0.899,,2000,,,,,3,,,
CompleteGumtreeMatcher,104,8,58,40,0,6,0,0,1,3,0,0.999,,100,,,,,3,,,
CompleteGumtreeMatcher,19,3,18,0,0,1,0,0,43,3,0,0.999,,200,,,,,3,,,
CompleteGumtreeMatcher,19,3,18,0,0,1,0,0,44,3,0,0.999,,300,,,,,3,,,
CompleteGumtreeMatcher,19,3,18,0,0,1,0,0,45,3,0,0.999,,400,,,,,3,,,
CompleteGumtreeMatcher,19,3,18,0,0,1,0,0,44,3,0,0.999,,500,,,,,3,,,
CompleteGumtreeMatcher,19,3,18,0,0,1,0,0,45,3,0,0.999,,600,,,,,3,,,
CompleteGumtreeMatcher,19,3,18,0,0,1,0,0,44,3,0,0.999,,700,,,,,3,,,
CompleteGumtreeMatcher,19,3,18,0,0,1,0,0,43,3,0,0.999,,800,,,,,3,,,
CompleteGumtreeMatcher,19,3,18,0,0,1,0,0,45,3,0,0.999,,900,,,,,3,,,
CompleteGumtreeMatcher,19,3,18,0,0,1,0,0,44,3,0,0.999,,1000,,,,,3,,,
CompleteGumtreeMatcher,19,3,18,0,0,1,0,0,44,3,0,0.999,,1100,,,,,3,,,
CompleteGumtreeMatcher,19,3,18,0,0,1,0,0,44,3,0,0.999,,1200,,,,,3,,,
CompleteGumtreeMatcher,19,3,18,0,0,1,0,0,44,3,0,0.999,,1300,,,,,3,,,
CompleteGumtreeMatcher,19,3,18,0,0,1,0,0,44,3,0,0.999,,1400,,,,,3,,,
CompleteGumtreeMatcher,19,3,18,0,0,1,0,0,43,3,0,0.999,,1500,,,,,3,,,
CompleteGumtreeMatcher,19,3,18,0,0,1,0,0,44,3,0,0.999,,1600,,,,,3,,,
CompleteGumtreeMatcher,19,3,18,0,0,1,0,0,44,3,0,0.999,,1700,,,,,3,,,
CompleteGumtreeMatcher,19,3,18,0,0,1,0,0,44,3,0,0.999,,1800,,,,,3,,,
CompleteGumtreeMatcher,19,3,18,0,0,1,0,0,44,3,0,0.999,,1900,,,,,3,,,
CompleteGumtreeMatcher,19,3,18,0,0,1,0,0,44,3,0,0.999,,2000,,,,,3,,,
CompleteGumtreeMatcher,123,7,68,50,0,5,0,0,1,3,0,0.1,,100,,,,,4,,,
CompleteGumtreeMatcher,19,3,18,0,0,1,0,0,44,3,0,0.1,,200,,,,,4,,,
CompleteGumtreeMatcher,19,3,18,0,0,1,0,0,44,3,0,0.1,,300,,,,,4,,,
CompleteGumtreeMatcher,19,3,18,0,0,1,0,0,44,3,0,0.1,,400,,,,,4,,,
CompleteGumtreeMatcher,19,3,18,0,0,1,0,0,44,3,0,0.1,,500,,,,,4,,,
CompleteGumtreeMatcher,19,3,18,0,0,1,0,0,44,3,0,0.1,,600,,,,,4,,,
CompleteGumtreeMatcher,19,3,18,0,0,1,0,0,44,3,0,0.1,,700,,,,,4,,,
CompleteGumtreeMatcher,19,3,18,0,0,1,0,0,44,3,0,0.1,,800,,,,,4,,,
CompleteGumtreeMatcher,19,3,18,0,0,1,0,0,45,3,0,0.1,,900,,,,,4,,,
CompleteGumtreeMatcher,19,3,18,0,0,1,0,0,44,3,0,0.1,,1000,,,,,4,,,
CompleteGumtreeMatcher,19,3,18,0,0,1,0,0,44,3,0,0.1,,1100,,,,,4,,,
CompleteGumtreeMatcher,19,3,18,0,0,1,0,0,44,3,0,0.1,,1200,,,,,4,,,
CompleteGumtreeMatcher,19,3,18,0,0,1,0,0,44,3,0,0.1,,1300,,,,,4,,,
CompleteGumtreeMatcher,19,3,18,0,0,1,0,0,44,3,0,0.1,,1400,,,,,4,,,
CompleteGumtreeMatcher,19,3,18,0,0,1,0,0,44,3,0,0.1,,1500,,,,,4,,,
CompleteGumtreeMatcher,19,3,18,0,0,1,0,0,44,3,0,0.1,,1600,,,,,4,,,
CompleteGumtreeMatcher,19,3,18,0,0,1,0,0,44,3,0,0.1,,1700,,,,,4,,,
CompleteGumtreeMatcher,19,3,18,0,0,1,0,0,44,3,0,0.1,,1800,,,,,4,,,
CompleteGumtreeMatcher,19,3,18,0,0,1,0,0,43,3,0,0.1,,1900,,,,,4,,,
CompleteGumtreeMatcher,19,3,18,0,0,1,0,0,44,3,0,0.1,,2000,,,,,4,,,
CompleteGumtreeMatcher,123,7,68,50,0,5,0,0,1,3,0,0.2,,100,,,,,4,,,
CompleteGumtreeMatcher,19,3,18,0,0,1,0,0,44,3,0,0.2,,200,,,,,4,,,
CompleteGumtreeMatcher,19,3,18,0,0,1,0,0,44,3,0,0.2,,300,,,,,4,,,
CompleteGumtreeMatcher,19,3,18,0,0,1,0,0,44,3,0,0.2,,400,,,,,4,,,
CompleteGumtreeMatcher,19,3,18,0,0,1,0,0,44,3,0,0.2,,500,,,,,4,,,
CompleteGumtreeMatcher,19,3,18,0,0,1,0,0,45,3,0,0.2,,600,,,,,4,,,
CompleteGumtreeMatcher,19,3,18,0,0,1,0,0,43,3,0,0.2,,700,,,,,4,,,
CompleteGumtreeMatcher,19,3,18,0,0,1,0,0,54,3,0,0.2,,800,,,,,4,,,
CompleteGumtreeMatcher,19,3,18,0,0,1,0,0,54,3,0,0.2,,900,,,,,4,,,
CompleteGumtreeMatcher,19,3,18,0,0,1,0,0,54,3,0,0.2,,1000,,,,,4,,,
CompleteGumtreeMatcher,19,3,18,0,0,1,0,0,54,3,0,0.2,,1100,,,,,4,,,
CompleteGumtreeMatcher,19,3,18,0,0,1,0,0,54,3,0,0.2,,1200,,,,,4,,,
CompleteGumtreeMatcher,19,3,18,0,0,1,0,0,55,3,0,0.2,,1300,,,,,4,,,
CompleteGumtreeMatcher,19,3,18,0,0,1,0,0,55,3,0,0.2,,1400,,,,,4,,,
CompleteGumtreeMatcher,19,3,18,0,0,1,0,0,55,3,0,0.2,,1500,,,,,4,,,
CompleteGumtreeMatcher,19,3,18,0,0,1,0,0,54,3,0,0.2,,1600,,,,,4,,,
CompleteGumtreeMatcher,19,3,18,0,0,1,0,0,54,3,0,0.2,,1700,,,,,4,,,
CompleteGumtreeMatcher,19,3,18,0,0,1,0,0,44,3,0,0.2,,1800,,,,,4,,,
CompleteGumtreeMatcher,19,3,18,0,0,1,0,0,44,3,0,0.2,,1900,,,,,4,,,
CompleteGumtreeMatcher,19,3,18,0,0,1,0,0,44,3,0,0.2,,2000,,,,,4,,,
CompleteGumtreeMatcher,123,7,68,50,0,5,0,0,1,3,0,0.3,,100,,,,,4,,,
CompleteGumtreeMatcher,19,3,18,0,0,1,0,0,45,3,0,0.3,,200,,,,,4,,,
CompleteGumtreeMatcher,19,3,18,0,0,1,0,0,45,3,0,0.3,,300,,,,,4,,,
CompleteGumtreeMatcher,19,3,18,0,0,1,0,0,44,3,0,0.3,,400,,,,,4,,,
CompleteGumtreeMatcher,19,3,18,0,0,1,0,0,44,3,0,0.3,,500,,,,,4,,,
CompleteGumtreeMatcher,19,3,18,0,0,1,0,0,44,3,0,0.3,,600,,,,,4,,,
CompleteGumtreeMatcher,19,3,18,0,0,1,0,0,45,3,0,0.3,,700,,,,,4,,,
CompleteGumtreeMatcher,19,3,18,0,0,1,0,0,45,3,0,0.3,,800,,,,,4,,,
CompleteGumtreeMatcher,19,3,18,0,0,1,0,0,44,3,0,0.3,,900,,,,,4,,,
CompleteGumtreeMatcher,19,3,18,0,0,1,0,0,44,3,0,0.3,,1000,,,,,4,,,
CompleteGumtreeMatcher,19,3,18,0,0,1,0,0,44,3,0,0.3,,1100,,,,,4,,,
CompleteGumtreeMatcher,19,3,18,0,0,1,0,0,44,3,0,0.3,,1200,,,,,4,,,
CompleteGumtreeMatcher,19,3,18,0,0,1,0,0,44,3,0,0.3,,1300,,,,,4,,,
CompleteGumtreeMatcher,19,3,18,0,0,1,0,0,44,3,0,0.3,,1400,,,,,4,,,
CompleteGumtreeMatcher,19,3,18,0,0,1,0,0,45,3,0,0.3,,1500,,,,,4,,,
CompleteGumtreeMatcher,19,3,18,0,0,1,0,0,43,3,0,0.3,,1600,,,,,4,,,
CompleteGumtreeMatcher,19,3,18,0,0,1,0,0,44,3,0,0.3,,1700,,,,,4,,,
CompleteGumtreeMatcher,19,3,18,0,0,1,0,0,44,3,0,0.3,,1800,,,,,4,,,
CompleteGumtreeMatcher,19,3,18,0,0,1,0,0,44,3,0,0.3,,1900,,,,,4,,,
CompleteGumtreeMatcher,19,3,18,0,0,1,0,0,44,3,0,0.3,,2000,,,,,4,,,
CompleteGumtreeMatcher,123,7,68,50,0,5,0,0,1,3,0,0.4,,100,,,,,4,,,
CompleteGumtreeMatcher,19,3,18,0,0,1,0,0,43,3,0,0.4,,200,,,,,4,,,
CompleteGumtreeMatcher,19,3,18,0,0,1,0,0,44,3,0,0.4,,300,,,,,4,,,
CompleteGumtreeMatcher,19,3,18,0,0,1,0,0,44,3,0,0.4,,400,,,,,4,,,
CompleteGumtreeMatcher,19,3,18,0,0,1,0,0,44,3,0,0.4,,500,,,,,4,,,
CompleteGumtreeMatcher,19,3,18,0,0,1,0,0,45,3,0,0.4,,600,,,,,4,,,
CompleteGumtreeMatcher,19,3,18,0,0,1,0,0,44,3,0,0.4,,700,,,,,4,,,
CompleteGumtreeMatcher,19,3,18,0,0,1,0,0,45,3,0,0.4,,800,,,,,4,,,
CompleteGumtreeMatcher,19,3,18,0,0,1,0,0,44,3,0,0.4,,900,,,,,4,,,
CompleteGumtreeMatcher,19,3,18,0,0,1,0,0,44,3,0,0.4,,1000,,,,,4,,,
CompleteGumtreeMatcher,19,3,18,0,0,1,0,0,44,3,0,0.4,,1100,,,,,4,,,
CompleteGumtreeMatcher,19,3,18,0,0,1,0,0,45,3,0,0.4,,1200,,,,,4,,,
CompleteGumtreeMatcher,19,3,18,0,0,1,0,0,44,3,0,0.4,,1300,,,,,4,,,
CompleteGumtreeMatcher,19,3,18,0,0,1,0,0,45,3,0,0.4,,1400,,,,,4,,,
CompleteGumtreeMatcher,19,3,18,0,0,1,0,0,44,3,0,0.4,,1500,,,,,4,,,
CompleteGumtreeMatcher,19,3,18,0,0,1,0,0,44,3,0,0.4,,1600,,,,,4,,,
CompleteGumtreeMatcher,19,3,18,0,0,1,0,0,44,3,0,0.4,,1700,,,,,4,,,
CompleteGumtreeMatcher,19,3,18,0,0,1,0,0,44,3,0,0.4,,1800,,,,,4,,,
CompleteGumtreeMatcher,19,3,18,0,0,1,0,0,44,3,0,0.4,,1900,,,,,4,,,
CompleteGumtreeMatcher,19,3,18,0,0,1,0,0,43,3,0,0.4,,2000,,,,,4,,,
CompleteGumtreeMatcher,123,7,68,50,0,5,0,0,0,3,0,0.5,,100,,,,,4,,,
CompleteGumtreeMatcher,19,3,18,0,0,1,0,0,44,3,0,0.5,,200,,,,,4,,,
CompleteGumtreeMatcher,19,3,18,0,0,1,0,0,44,3,0,0.5,,300,,,,,4,,,
CompleteGumtreeMatcher,19,3,18,0,0,1,0,0,43,3,0,0.5,,400,,,,,4,,,
CompleteGumtreeMatcher,19,3,18,0,0,1,0,0,44,3,0,0.5,,500,,,,,4,,,
CompleteGumtreeMatcher,19,3,18,0,0,1,0,0,44,3,0,0.5,,600,,,,,4,,,
CompleteGumtreeMatcher,19,3,18,0,0,1,0,0,44,3,0,0.5,,700,,,,,4,,,
CompleteGumtreeMatcher,19,3,18,0,0,1,0,0,44,3,0,0.5,,800,,,,,4,,,
CompleteGumtreeMatcher,19,3,18,0,0,1,0,0,44,3,0,0.5,,900,,,,,4,,,
CompleteGumtreeMatcher,19,3,18,0,0,1,0,0,43,3,0,0.5,,1000,,,,,4,,,
CompleteGumtreeMatcher,19,3,18,0,0,1,0,0,44,3,0,0.5,,1100,,,,,4,,,
CompleteGumtreeMatcher,19,3,18,0,0,1,0,0,44,3,0,0.5,,1200,,,,,4,,,
CompleteGumtreeMatcher,19,3,18,0,0,1,0,0,45,3,0,0.5,,1300,,,,,4,,,
CompleteGumtreeMatcher,19,3,18,0,0,1,0,0,44,3,0,0.5,,1400,,,,,4,,,
CompleteGumtreeMatcher,19,3,18,0,0,1,0,0,44,3,0,0.5,,1500,,,,,4,,,
CompleteGumtreeMatcher,19,3,18,0,0,1,0,0,45,3,0,0.5,,1600,,,,,4,,,
CompleteGumtreeMatcher,19,3,18,0,0,1,0,0,44,3,0,0.5,,1700,,,,,4,,,
CompleteGumtreeMatcher,19,3,18,0,0,1,0,0,43,3,0,0.5,,1800,,,,,4,,,
CompleteGumtreeMatcher,19,3,18,0,0,1,0,0,44,3,0,0.5,,1900,,,,,4,,,
CompleteGumtreeMatcher,19,3,18,0,0,1,0,0,44,3,0,0.5,,2000,,,,,4,,,
CompleteGumtreeMatcher,123,7,68,50,0,5,0,0,1,3,0,0.6,,100,,,,,4,,,
CompleteGumtreeMatcher,19,3,18,0,0,1,0,0,43,3,0,0.6,,200,,,,,4,,,
CompleteGumtreeMatcher,19,3,18,0,0,1,0,0,43,3,0,0.6,,300,,,,,4,,,
CompleteGumtreeMatcher,19,3,18,0,0,1,0,0,44,3,0,0.6,,400,,,,,4,,,
CompleteGumtreeMatcher,19,3,18,0,0,1,0,0,44,3,0,0.6,,500,,,,,4,,,
CompleteGumtreeMatcher,19,3,18,0,0,1,0,0,45,3,0,0.6,,600,,,,,4,,,
CompleteGumtreeMatcher,19,3,18,0,0,1,0,0,43,3,0,0.6,,700,,,,,4,,,
CompleteGumtreeMatcher,19,3,18,0,0,1,0,0,44,3,0,0.6,,800,,,,,4,,,
CompleteGumtreeMatcher,19,3,18,0,0,1,0,0,44,3,0,0.6,,900,,,,,4,,,
CompleteGumtreeMatcher,19,3,18,0,0,1,0,0,44,3,0,0.6,,1000,,,,,4,,,
CompleteGumtreeMatcher,19,3,18,0,0,1,0,0,44,3,0,0.6,,1100,,,,,4,,,
CompleteGumtreeMatcher,19,3,18,0,0,1,0,0,44,3,0,0.6,,1200,,,,,4,,,
CompleteGumtreeMatcher,19,3,18,0,0,1,0,0,44,3,0,0.6,,1300,,,,,4,,,
CompleteGumtreeMatcher,19,3,18,0,0,1,0,0,44,3,0,0.6,,1400,,,,,4,,,
CompleteGumtreeMatcher,19,3,18,0,0,1,0,0,44,3,0,0.6,,1500,,,,,4,,,
CompleteGumtreeMatcher,19,3,18,0,0,1,0,0,44,3,0,0.6,,1600,,,,,4,,,
CompleteGumtreeMatcher,19,3,18,0,0,1,0,0,45,3,0,0.6,,1700,,,,,4,,,
CompleteGumtreeMatcher,19,3,18,0,0,1,0,0,45,3,0,0.6,,1800,,,,,4,,,
CompleteGumtreeMatcher,19,3,18,0,0,1,0,0,43,3,0,0.6,,1900,,,,,4,,,
CompleteGumtreeMatcher,19,3,18,0,0,1,0,0,45,3,0,0.6,,2000,,,,,4,,,
CompleteGumtreeMatcher,123,7,68,50,0,5,0,0,0,3,0,0.7,,100,,,,,4,,,
CompleteGumtreeMatcher,19,3,18,0,0,1,0,0,44,3,0,0.7,,200,,,,,4,,,
CompleteGumtreeMatcher,19,3,18,0,0,1,0,0,44,3,0,0.7,,300,,,,,4,,,
CompleteGumtreeMatcher,19,3,18,0,0,1,0,0,44,3,0,0.7,,400,,,,,4,,,
CompleteGumtreeMatcher,19,3,18,0,0,1,0,0,44,3,0,0.7,,500,,,,,4,,,
CompleteGumtreeMatcher,19,3,18,0,0,1,0,0,44,3,0,0.7,,600,,,,,4,,,
CompleteGumtreeMatcher,19,3,18,0,0,1,0,0,44,3,0,0.7,,700,,,,,4,,,
CompleteGumtreeMatcher,19,3,18,0,0,1,0,0,44,3,0,0.7,,800,,,,,4,,,
CompleteGumtreeMatcher,19,3,18,0,0,1,0,0,44,3,0,0.7,,900,,,,,4,,,
CompleteGumtreeMatcher,19,3,18,0,0,1,0,0,44,3,0,0.7,,1000,,,,,4,,,
CompleteGumtreeMatcher,19,3,18,0,0,1,0,0,43,3,0,0.7,,1100,,,,,4,,,
CompleteGumtreeMatcher,19,3,18,0,0,1,0,0,44,3,0,0.7,,1200,,,,,4,,,
CompleteGumtreeMatcher,19,3,18,0,0,1,0,0,43,3,0,0.7,,1300,,,,,4,,,
CompleteGumtreeMatcher,19,3,18,0,0,1,0,0,44,3,0,0.7,,1400,,,,,4,,,
CompleteGumtreeMatcher,19,3,18,0,0,1,0,0,44,3,0,0.7,,1500,,,,,4,,,
CompleteGumtreeMatcher,19,3,18,0,0,1,0,0,44,3,0,0.7,,1600,,,,,4,,,
CompleteGumtreeMatcher,19,3,18,0,0,1,0,0,44,3,0,0.7,,1700,,,,,4,,,
CompleteGumtreeMatcher,19,3,18,0,0,1,0,0,44,3,0,0.7,,1800,,,,,4,,,
CompleteGumtreeMatcher,19,3,18,0,0,1,0,0,44,3,0,0.7,,1900,,,,,4,,,
CompleteGumtreeMatcher,19,3,18,0,0,1,0,0,44,3,0,0.7,,2000,,,,,4,,,
CompleteGumtreeMatcher,123,7,68,50,0,5,0,0,1,3,0,0.799,,100,,,,,4,,,
CompleteGumtreeMatcher,19,3,18,0,0,1,0,0,44,3,0,0.799,,200,,,,,4,,,
CompleteGumtreeMatcher,19,3,18,0,0,1,0,0,43,3,0,0.799,,300,,,,,4,,,
CompleteGumtreeMatcher,19,3,18,0,0,1,0,0,44,3,0,0.799,,400,,,,,4,,,
CompleteGumtreeMatcher,19,3,18,0,0,1,0,0,44,3,0,0.799,,500,,,,,4,,,
CompleteGumtreeMatcher,19,3,18,0,0,1,0,0,45,3,0,0.799,,600,,,,,4,,,
CompleteGumtreeMatcher,19,3,18,0,0,1,0,0,44,3,0,0.799,,700,,,,,4,,,
CompleteGumtreeMatcher,19,3,18,0,0,1,0,0,44,3,0,0.799,,800,,,,,4,,,
CompleteGumtreeMatcher,19,3,18,0,0,1,0,0,44,3,0,0.799,,900,,,,,4,,,
CompleteGumtreeMatcher,19,3,18,0,0,1,0,0,44,3,0,0.799,,1000,,,,,4,,,
CompleteGumtreeMatcher,19,3,18,0,0,1,0,0,44,3,0,0.799,,1100,,,,,4,,,
CompleteGumtreeMatcher,19,3,18,0,0,1,0,0,44,3,0,0.799,,1200,,,,,4,,,
CompleteGumtreeMatcher,19,3,18,0,0,1,0,0,44,3,0,0.799,,1300,,,,,4,,,
CompleteGumtreeMatcher,19,3,18,0,0,1,0,0,44,3,0,0.799,,1400,,,,,4,,,
CompleteGumtreeMatcher,19,3,18,0,0,1,0,0,44,3,0,0.799,,1500,,,,,4,,,
CompleteGumtreeMatcher,19,3,18,0,0,1,0,0,44,3,0,0.799,,1600,,,,,4,,,
CompleteGumtreeMatcher,19,3,18,0,0,1,0,0,43,3,0,0.799,,1700,,,,,4,,,
CompleteGumtreeMatcher,19,3,18,0,0,1,0,0,45,3,0,0.799,,1800,,,,,4,,,
CompleteGumtreeMatcher,19,3,18,0,0,1,0,0,45,3,0,0.799,,1900,,,,,4,,,
CompleteGumtreeMatcher,19,3,18,0,0,1,0,0,44,3,0,0.799,,2000,,,,,4,,,
CompleteGumtreeMatcher,123,7,68,50,0,5,0,0,1,3,0,0.899,,100,,,,,4,,,
CompleteGumtreeMatcher,19,3,18,0,0,1,0,0,44,3,0,0.899,,200,,,,,4,,,
CompleteGumtreeMatcher,19,3,18,0,0,1,0,0,43,3,0,0.899,,300,,,,,4,,,
CompleteGumtreeMatcher,19,3,18,0,0,1,0,0,44,3,0,0.899,,400,,,,,4,,,
CompleteGumtreeMatcher,19,3,18,0,0,1,0,0,44,3,0,0.899,,500,,,,,4,,,
CompleteGumtreeMatcher,19,3,18,0,0,1,0,0,44,3,0,0.899,,600,,,,,4,,,
CompleteGumtreeMatcher,19,3,18,0,0,1,0,0,44,3,0,0.899,,700,,,,,4,,,
CompleteGumtreeMatcher,19,3,18,0,0,1,0,0,44,3,0,0.899,,800,,,,,4,,,
CompleteGumtreeMatcher,19,3,18,0,0,1,0,0,44,3,0,0.899,,900,,,,,4,,,
CompleteGumtreeMatcher,19,3,18,0,0,1,0,0,44,3,0,0.899,,1000,,,,,4,,,
CompleteGumtreeMatcher,19,3,18,0,0,1,0,0,44,3,0,0.899,,1100,,,,,4,,,
CompleteGumtreeMatcher,19,3,18,0,0,1,0,0,44,3,0,0.899,,1200,,,,,4,,,
CompleteGumtreeMatcher,19,3,18,0,0,1,0,0,43,3,0,0.899,,1300,,,,,4,,,
CompleteGumtreeMatcher,19,3,18,0,0,1,0,0,43,3,0,0.899,,1400,,,,,4,,,
CompleteGumtreeMatcher,19,3,18,0,0,1,0,0,44,3,0,0.899,,1500,,,,,4,,,
CompleteGumtreeMatcher,19,3,18,0,0,1,0,0,44,3,0,0.899,,1600,,,,,4,,,
CompleteGumtreeMatcher,19,3,18,0,0,1,0,0,44,3,0,0.899,,1700,,,,,4,,,
CompleteGumtreeMatcher,19,3,18,0,0,1,0,0,44,3,0,0.899,,1800,,,,,4,,,
CompleteGumtreeMatcher,19,3,18,0,0,1,0,0,43,3,0,0.899,,1900,,,,,4,,,
CompleteGumtreeMatcher,19,3,18,0,0,1,0,0,43,3,0,0.899,,2000,,,,,4,,,
CompleteGumtreeMatcher,123,7,68,50,0,5,0,0,0,3,0,0.999,,100,,,,,4,,,
CompleteGumtreeMatcher,19,3,18,0,0,1,0,0,44,3,0,0.999,,200,,,,,4,,,
CompleteGumtreeMatcher,19,3,18,0,0,1,0,0,44,3,0,0.999,,300,,,,,4,,,
CompleteGumtreeMatcher,19,3,18,0,0,1,0,0,44,3,0,0.999,,400,,,,,4,,,
CompleteGumtreeMatcher,19,3,18,0,0,1,0,0,44,3,0,0.999,,500,,,,,4,,,
CompleteGumtreeMatcher,19,3,18,0,0,1,0,0,46,3,0,0.999,,600,,,,,4,,,
CompleteGumtreeMatcher,19,3,18,0,0,1,0,0,44,3,0,0.999,,700,,,,,4,,,
CompleteGumtreeMatcher,19,3,18,0,0,1,0,0,44,3,0,0.999,,800,,,,,4,,,
CompleteGumtreeMatcher,19,3,18,0,0,1,0,0,44,3,0,0.999,,900,,,,,4,,,
CompleteGumtreeMatcher,19,3,18,0,0,1,0,0,44,3,0,0.999,,1000,,,,,4,,,
CompleteGumtreeMatcher,19,3,18,0,0,1,0,0,44,3,0,0.999,,1100,,,,,4,,,
CompleteGumtreeMatcher,19,3,18,0,0,1,0,0,46,3,0,0.999,,1200,,,,,4,,,
CompleteGumtreeMatcher,19,3,18,0,0,1,0,0,44,3,0,0.999,,1300,,,,,4,,,
CompleteGumtreeMatcher,19,3,18,0,0,1,0,0,44,3,0,0.999,,1400,,,,,4,,,
CompleteGumtreeMatcher,19,3,18,0,0,1,0,0,47,3,0,0.999,,1500,,,,,4,,,
CompleteGumtreeMatcher,19,3,18,0,0,1,0,0,55,3,0,0.999,,1600,,,,,4,,,
CompleteGumtreeMatcher,19,3,18,0,0,1,0,0,55,3,0,0.999,,1700,,,,,4,,,
CompleteGumtreeMatcher,19,3,18,0,0,1,0,0,54,3,0,0.999,,1800,,,,,4,,,
CompleteGumtreeMatcher,19,3,18,0,0,1,0,0,55,3,0,0.999,,1900,,,,,4,,,
CompleteGumtreeMatcher,19,3,18,0,0,1,0,0,54,3,0,0.999,,2000,,,,,4,,,
CompleteGumtreeMatcher,138,6,76,58,0,4,0,0,1,3,0,0.1,,100,,,,,5,,,
CompleteGumtreeMatcher,19,3,18,0,0,1,0,0,55,3,0,0.1,,200,,,,,5,,,
CompleteGumtreeMatcher,19,3,18,0,0,1,0,0,55,3,0,0.1,,300,,,,,5,,,
CompleteGumtreeMatcher,19,3,18,0,0,1,0,0,54,3,0,0.1,,400,,,,,5,,,
CompleteGumtreeMatcher,19,3,18,0,0,1,0,0,54,3,0,0.1,,500,,,,,5,,,
CompleteGumtreeMatcher,19,3,18,0,0,1,0,0,55,3,0,0.1,,600,,,,,5,,,
CompleteGumtreeMatcher,19,3,18,0,0,1,0,0,44,3,0,0.1,,700,,,,,5,,,
CompleteGumtreeMatcher,19,3,18,0,0,1,0,0,44,3,0,0.1,,800,,,,,5,,,
CompleteGumtreeMatcher,19,3,18,0,0,1,0,0,45,3,0,0.1,,900,,,,,5,,,
CompleteGumtreeMatcher,19,3,18,0,0,1,0,0,44,3,0,0.1,,1000,,,,,5,,,
CompleteGumtreeMatcher,19,3,18,0,0,1,0,0,45,3,0,0.1,,1100,,,,,5,,,
CompleteGumtreeMatcher,19,3,18,0,0,1,0,0,44,3,0,0.1,,1200,,,,,5,,,
CompleteGumtreeMatcher,19,3,18,0,0,1,0,0,44,3,0,0.1,,1300,,,,,5,,,
CompleteGumtreeMatcher,19,3,18,0,0,1,0,0,44,3,0,0.1,,1400,,,,,5,,,
CompleteGumtreeMatcher,19,3,18,0,0,1,0,0,43,3,0,0.1,,1500,,,,,5,,,
CompleteGumtreeMatcher,19,3,18,0,0,1,0,0,44,3,0,0.1,,1600,,,,,5,,,
CompleteGumtreeMatcher,19,3,18,0,0,1,0,0,44,3,0,0.1,,1700,,,,,5,,,
CompleteGumtreeMatcher,19,3,18,0,0,1,0,0,44,3,0,0.1,,1800,,,,,5,,,
CompleteGumtreeMatcher,19,3,18,0,0,1,0,0,45,3,0,0.1,,1900,,,,,5,,,
CompleteGumtreeMatcher,19,3,18,0,0,1,0,0,45,3,0,0.1,,2000,,,,,5,,,
CompleteGumtreeMatcher,138,6,76,58,0,4,0,0,0,3,0,0.2,,100,,,,,5,,,
CompleteGumtreeMatcher,19,3,18,0,0,1,0,0,45,3,0,0.2,,200,,,,,5,,,
CompleteGumtreeMatcher,19,3,18,0,0,1,0,0,44,3,0,0.2,,300,,,,,5,,,
CompleteGumtreeMatcher,19,3,18,0,0,1,0,0,44,3,0,0.2,,400,,,,,5,,,
CompleteGumtreeMatcher,19,3,18,0,0,1,0,0,45,3,0,0.2,,500,,,,,5,,,
CompleteGumtreeMatcher,19,3,18,0,0,1,0,0,44,3,0,0.2,,600,,,,,5,,,
CompleteGumtreeMatcher,19,3,18,0,0,1,0,0,43,3,0,0.2,,700,,,,,5,,,
CompleteGumtreeMatcher,19,3,18,0,0,1,0,0,46,3,0,0.2,,800,,,,,5,,,
CompleteGumtreeMatcher,19,3,18,0,0,1,0,0,44,3,0,0.2,,900,,,,,5,,,
CompleteGumtreeMatcher,19,3,18,0,0,1,0,0,44,3,0,0.2,,1000,,,,,5,,,
CompleteGumtreeMatcher,19,3,18,0,0,1,0,0,44,3,0,0.2,,1100,,,,,5,,,
CompleteGumtreeMatcher,19,3,18,0,0,1,0,0,44,3,0,0.2,,1200,,,,,5,,,
CompleteGumtreeMatcher,19,3,18,0,0,1,0,0,44,3,0,0.2,,1300,,,,,5,,,
CompleteGumtreeMatcher,19,3,18,0,0,1,0,0,44,3,0,0.2,,1400,,,,,5,,,
CompleteGumtreeMatcher,19,3,18,0,0,1,0,0,44,3,0,0.2,,1500,,,,,5,,,
CompleteGumtreeMatcher,19,3,18,0,0,1,0,0,43,3,0,0.2,,1600,,,,,5,,,
CompleteGumtreeMatcher,19,3,18,0,0,1,0,0,44,3,0,0.2,,1700,,,,,5,,,
CompleteGumtreeMatcher,19,3,18,0,0,1,0,0,44,3,0,0.2,,1800,,,,,5,,,
CompleteGumtreeMatcher,19,3,18,0,0,1,0,0,43,3,0,0.2,,1900,,,,,5,,,
CompleteGumtreeMatcher,19,3,18,0,0,1,0,0,44,3,0,0.2,,2000,,,,,5,,,
CompleteGumtreeMatcher,138,6,76,58,0,4,0,0,0,3,0,0.3,,100,,,,,5,,,
CompleteGumtreeMatcher,19,3,18,0,0,1,0,0,45,3,0,0.3,,200,,,,,5,,,
CompleteGumtreeMatcher,19,3,18,0,0,1,0,0,44,3,0,0.3,,300,,,,,5,,,
CompleteGumtreeMatcher,19,3,18,0,0,1,0,0,44,3,0,0.3,,400,,,,,5,,,
CompleteGumtreeMatcher,19,3,18,0,0,1,0,0,44,3,0,0.3,,500,,,,,5,,,
CompleteGumtreeMatcher,19,3,18,0,0,1,0,0,44,3,0,0.3,,600,,,,,5,,,
CompleteGumtreeMatcher,19,3,18,0,0,1,0,0,44,3,0,0.3,,700,,,,,5,,,
CompleteGumtreeMatcher,19,3,18,0,0,1,0,0,44,3,0,0.3,,800,,,,,5,,,
CompleteGumtreeMatcher,19,3,18,0,0,1,0,0,44,3,0,0.3,,900,,,,,5,,,
CompleteGumtreeMatcher,19,3,18,0,0,1,0,0,44,3,0,0.3,,1000,,,,,5,,,
CompleteGumtreeMatcher,19,3,18,0,0,1,0,0,44,3,0,0.3,,1100,,,,,5,,,
CompleteGumtreeMatcher,19,3,18,0,0,1,0,0,44,3,0,0.3,,1200,,,,,5,,,
CompleteGumtreeMatcher,19,3,18,0,0,1,0,0,44,3,0,0.3,,1300,,,,,5,,,
CompleteGumtreeMatcher,19,3,18,0,0,1,0,0,44,3,0,0.3,,1400,,,,,5,,,
CompleteGumtreeMatcher,19,3,18,0,0,1,0,0,44,3,0,0.3,,1500,,,,,5,,,
CompleteGumtreeMatcher,19,3,18,0,0,1,0,0,44,3,0,0.3,,1600,,,,,5,,,
CompleteGumtreeMatcher,19,3,18,0,0,1,0,0,44,3,0,0.3,,1700,,,,,5,,,
CompleteGumtreeMatcher,19,3,18,0,0,1,0,0,44,3,0,0.3,,1800,,,,,5,,,
CompleteGumtreeMatcher,19,3,18,0,0,1,0,0,43,3,0,0.3,,1900,,,,,5,,,
CompleteGumtreeMatcher,19,3,18,0,0,1,0,0,44,3,0,0.3,,2000,,,,,5,,,
CompleteGumtreeMatcher,138,6,76,58,0,4,0,0,1,3,0,0.4,,100,,,,,5,,,
CompleteGumtreeMatcher,19,3,18,0,0,1,0,0,44,3,0,0.4,,200,,,,,5,,,
CompleteGumtreeMatcher,19,3,18,0,0,1,0,0,44,3,0,0.4,,300,,,,,5,,,
CompleteGumtreeMatcher,19,3,18,0,0,1,0,0,44,3,0,0.4,,400,,,,,5,,,
CompleteGumtreeMatcher,19,3,18,0,0,1,0,0,44,3,0,0.4,,500,,,,,5,,,
CompleteGumtreeMatcher,19,3,18,0,0,1,0,0,44,3,0,0.4,,600,,,,,5,,,
CompleteGumtreeMatcher,19,3,18,0,0,1,0,0,45,3,0,0.4,,700,,,,,5,,,
CompleteGumtreeMatcher,19,3,18,0,0,1,0,0,44,3,0,0.4,,800,,,,,5,,,
CompleteGumtreeMatcher,19,3,18,0,0,1,0,0,44,3,0,0.4,,900,,,,,5,,,
CompleteGumtreeMatcher,19,3,18,0,0,1,0,0,45,3,0,0.4,,1000,,,,,5,,,
CompleteGumtreeMatcher,19,3,18,0,0,1,0,0,46,3,0,0.4,,1100,,,,,5,,,
CompleteGumtreeMatcher,19,3,18,0,0,1,0,0,45,3,0,0.4,,1200,,,,,5,,,
CompleteGumtreeMatcher,19,3,18,0,0,1,0,0,45,3,0,0.4,,1300,,,,,5,,,
CompleteGumtreeMatcher,19,3,18,0,0,1,0,0,44,3,0,0.4,,1400,,,,,5,,,
CompleteGumtreeMatcher,19,3,18,0,0,1,0,0,45,3,0,0.4,,1500,,,,,5,,,
CompleteGumtreeMatcher,19,3,18,0,0,1,0,0,44,3,0,0.4,,1600,,,,,5,,,
CompleteGumtreeMatcher,19,3,18,0,0,1,0,0,43,3,0,0.4,,1700,,,,,5,,,
CompleteGumtreeMatcher,19,3,18,0,0,1,0,0,44,3,0,0.4,,1800,,,,,5,,,
CompleteGumtreeMatcher,19,3,18,0,0,1,0,0,44,3,0,0.4,,1900,,,,,5,,,
CompleteGumtreeMatcher,19,3,18,0,0,1,0,0,46,3,0,0.4,,2000,,,,,5,,,
CompleteGumtreeMatcher,138,6,76,58,0,4,0,0,0,3,0,0.5,,100,,,,,5,,,
CompleteGumtreeMatcher,19,3,18,0,0,1,0,0,43,3,0,0.5,,200,,,,,5,,,
CompleteGumtreeMatcher,19,3,18,0,0,1,0,0,43,3,0,0.5,,300,,,,,5,,,
CompleteGumtreeMatcher,19,3,18,0,0,1,0,0,43,3,0,0.5,,400,,,,,5,,,
CompleteGumtreeMatcher,19,3,18,0,0,1,0,0,44,3,0,0.5,,500,,,,,5,,,
CompleteGumtreeMatcher,19,3,18,0,0,1,0,0,44,3,0,0.5,,600,,,,,5,,,
CompleteGumtreeMatcher,19,3,18,0,0,1,0,0,46,3,0,0.5,,700,,,,,5,,,
CompleteGumtreeMatcher,19,3,18,0,0,1,0,0,44,3,0,0.5,,800,,,,,5,,,
CompleteGumtreeMatcher,19,3,18,0,0,1,0,0,44,3,0,0.5,,900,,,,,5,,,
CompleteGumtreeMatcher,19,3,18,0,0,1,0,0,45,3,0,0.5,,1000,,,,,5,,,
CompleteGumtreeMatcher,19,3,18,0,0,1,0,0,46,3,0,0.5,,1100,,,,,5,,,
CompleteGumtreeMatcher,19,3,18,0,0,1,0,0,44,3,0,0.5,,1200,,,,,5,,,
CompleteGumtreeMatcher,19,3,18,0,0,1,0,0,45,3,0,0.5,,1300,,,,,5,,,
CompleteGumtreeMatcher,19,3,18,0,0,1,0,0,45,3,0,0.5,,1400,,,,,5,,,
CompleteGumtreeMatcher,19,3,18,0,0,1,0,0,43,3,0,0.5,,1500,,,,,5,,,
CompleteGumtreeMatcher,19,3,18,0,0,1,0,0,44,3,0,0.5,,1600,,,,,5,,,
CompleteGumtreeMatcher,19,3,18,0,0,1,0,0,44,3,0,0.5,,1700,,,,,5,,,
CompleteGumtreeMatcher,19,3,18,0,0,1,0,0,44,3,0,0.5,,1800,,,,,5,,,
CompleteGumtreeMatcher,19,3,18,0,0,1,0,0,44,3,0,0.5,,1900,,,,,5,,,
CompleteGumtreeMatcher,19,3,18,0,0,1,0,0,44,3,0,0.5,,2000,,,,,5,,,
CompleteGumtreeMatcher,138,6,76,58,0,4,0,0,1,3,0,0.6,,100,,,,,5,,,
CompleteGumtreeMatcher,19,3,18,0,0,1,0,0,46,3,0,0.6,,200,,,,,5,,,
CompleteGumtreeMatcher,19,3,18,0,0,1,0,0,45,3,0,0.6,,300,,,,,5,,,
CompleteGumtreeMatcher,19,3,18,0,0,1,0,0,44,3,0,0.6,,400,,,,,5,,,
CompleteGumtreeMatcher,19,3,18,0,0,1,0,0,44,3,0,0.6,,500,,,,,5,,,
CompleteGumtreeMatcher,19,3,18,0,0,1,0,0,44,3,0,0.6,,600,,,,,5,,,
CompleteGumtreeMatcher,19,3,18,0,0,1,0,0,43,3,0,0.6,,700,,,,,5,,,
CompleteGumtreeMatcher,19,3,18,0,0,1,0,0,46,3,0,0.6,,800,,,,,5,,,
CompleteGumtreeMatcher,19,3,18,0,0,1,0,0,44,3,0,0.6,,900,,,,,5,,,
CompleteGumtreeMatcher,19,3,18,0,0,1,0,0,43,3,0,0.6,,1000,,,,,5,,,
CompleteGumtreeMatcher,19,3,18,0,0,1,0,0,45,3,0,0.6,,1100,,,,,5,,,
CompleteGumtreeMatcher,19,3,18,0,0,1,0,0,46,3,0,0.6,,1200,,,,,5,,,
CompleteGumtreeMatcher,19,3,18,0,0,1,0,0,44,3,0,0.6,,1300,,,,,5,,,
CompleteGumtreeMatcher,19,3,18,0,0,1,0,0,44,3,0,0.6,,1400,,,,,5,,,
CompleteGumtreeMatcher,19,3,18,0,0,1,0,0,45,3,0,0.6,,1500,,,,,5,,,
CompleteGumtreeMatcher,19,3,18,0,0,1,0,0,45,3,0,0.6,,1600,,,,,5,,,
CompleteGumtreeMatcher,19,3,18,0,0,1,0,0,45,3,0,0.6,,1700,,,,,5,,,
CompleteGumtreeMatcher,19,3,18,0,0,1,0,0,44,3,0,0.6,,1800,,,,,5,,,
CompleteGumtreeMatcher,19,3,18,0,0,1,0,0,45,3,0,0.6,,1900,,,,,5,,,
CompleteGumtreeMatcher,19,3,18,0,0,1,0,0,44,3,0,0.6,,2000,,,,,5,,,
CompleteGumtreeMatcher,138,6,76,58,0,4,0,0,0,3,0,0.7,,100,,,,,5,,,
CompleteGumtreeMatcher,19,3,18,0,0,1,0,0,44,3,0,0.7,,200,,,,,5,,,
CompleteGumtreeMatcher,19,3,18,0,0,1,0,0,45,3,0,0.7,,300,,,,,5,,,
CompleteGumtreeMatcher,19,3,18,0,0,1,0,0,45,3,0,0.7,,400,,,,,5,,,
CompleteGumtreeMatcher,19,3,18,0,0,1,0,0,44,3,0,0.7,,500,,,,,5,,,
CompleteGumtreeMatcher,19,3,18,0,0,1,0,0,44,3,0,0.7,,600,,,,,5,,,
CompleteGumtreeMatcher,19,3,18,0,0,1,0,0,44,3,0,0.7,,700,,,,,5,,,
CompleteGumtreeMatcher,19,3,18,0,0,1,0,0,46,3,0,0.7,,800,,,,,5,,,
CompleteGumtreeMatcher,19,3,18,0,0,1,0,0,44,3,0,0.7,,900,,,,,5,,,
CompleteGumtreeMatcher,19,3,18,0,0,1,0,0,44,3,0,0.7,,1000,,,,,5,,,
CompleteGumtreeMatcher,19,3,18,0,0,1,0,0,45,3,0,0.7,,1100,,,,,5,,,
CompleteGumtreeMatcher,19,3,18,0,0,1,0,0,46,3,0,0.7,,1200,,,,,5,,,
CompleteGumtreeMatcher,19,3,18,0,0,1,0,0,46,3,0,0.7,,1300,,,,,5,,,
CompleteGumtreeMatcher,19,3,18,0,0,1,0,0,45,3,0,0.7,,1400,,,,,5,,,
CompleteGumtreeMatcher,19,3,18,0,0,1,0,0,44,3,0,0.7,,1500,,,,,5,,,
CompleteGumtreeMatcher,19,3,18,0,0,1,0,0,45,3,0,0.7,,1600,,,,,5,,,
CompleteGumtreeMatcher,19,3,18,0,0,1,0,0,44,3,0,0.7,,1700,,,,,5,,,
CompleteGumtreeMatcher,19,3,18,0,0,1,0,0,45,3,0,0.7,,1800,,,,,5,,,
CompleteGumtreeMatcher,19,3,18,0,0,1,0,0,45,3,0,0.7,,1900,,,,,5,,,
CompleteGumtreeMatcher,19,3,18,0,0,1,0,0,44,3,0,0.7,,2000,,,,,5,,,
CompleteGumtreeMatcher,138,6,76,58,0,4,0,0,0,3,0,0.799,,100,,,,,5,,,
CompleteGumtreeMatcher,19,3,18,0,0,1,0,0,45,3,0,0.799,,200,,,,,5,,,
CompleteGumtreeMatcher,19,3,18,0,0,1,0,0,44,3,0,0.799,,300,,,,,5,,,
CompleteGumtreeMatcher,19,3,18,0,0,1,0,0,44,3,0,0.799,,400,,,,,5,,,
CompleteGumtreeMatcher,19,3,18,0,0,1,0,0,44,3,0,0.799,,500,,,,,5,,,
CompleteGumtreeMatcher,19,3,18,0,0,1,0,0,44,3,0,0.799,,600,,,,,5,,,
CompleteGumtreeMatcher,19,3,18,0,0,1,0,0,43,3,0,0.799,,700,,,,,5,,,
CompleteGumtreeMatcher,19,3,18,0,0,1,0,0,44,3,0,0.799,,800,,,,,5,,,
CompleteGumtreeMatcher,19,3,18,0,0,1,0,0,44,3,0,0.799,,900,,,,,5,,,
CompleteGumtreeMatcher,19,3,18,0,0,1,0,0,45,3,0,0.799,,1000,,,,,5,,,
CompleteGumtreeMatcher,19,3,18,0,0,1,0,0,44,3,0,0.799,,1100,,,,,5,,,
CompleteGumtreeMatcher,19,3,18,0,0,1,0,0,45,3,0,0.799,,1200,,,,,5,,,
CompleteGumtreeMatcher,19,3,18,0,0,1,0,0,46,3,0,0.799,,1300,,,,,5,,,
CompleteGumtreeMatcher,19,3,18,0,0,1,0,0,45,3,0,0.799,,1400,,,,,5,,,
CompleteGumtreeMatcher,19,3,18,0,0,1,0,0,45,3,0,0.799,,1500,,,,,5,,,
CompleteGumtreeMatcher,19,3,18,0,0,1,0,0,44,3,0,0.799,,1600,,,,,5,,,
CompleteGumtreeMatcher,19,3,18,0,0,1,0,0,44,3,0,0.799,,1700,,,,,5,,,
CompleteGumtreeMatcher,19,3,18,0,0,1,0,0,44,3,0,0.799,,1800,,,,,5,,,
CompleteGumtreeMatcher,19,3,18,0,0,1,0,0,44,3,0,0.799,,1900,,,,,5,,,
CompleteGumtreeMatcher,19,3,18,0,0,1,0,0,43,3,0,0.799,,2000,,,,,5,,,
CompleteGumtreeMatcher,138,6,76,58,0,4,0,0,1,3,0,0.899,,100,,,,,5,,,
CompleteGumtreeMatcher,19,3,18,0,0,1,0,0,44,3,0,0.899,,200,,,,,5,,,
CompleteGumtreeMatcher,19,3,18,0,0,1,0,0,44,3,0,0.899,,300,,,,,5,,,
CompleteGumtreeMatcher,19,3,18,0,0,1,0,0,43,3,0,0.899,,400,,,,,5,,,
CompleteGumtreeMatcher,19,3,18,0,0,1,0,0,50,3,0,0.899,,500,,,,,5,,,
CompleteGumtreeMatcher,19,3,18,0,0,1,0,0,49,3,0,0.899,,600,,,,,5,,,
CompleteGumtreeMatcher,19,3,18,0,0,1,0,0,50,3,0,0.899,,700,,,,,5,,,
CompleteGumtreeMatcher,19,3,18,0,0,1,0,0,50,3,0,0.899,,800,,,,,5,,,
CompleteGumtreeMatcher,19,3,18,0,0,1,0,0,49,3,0,0.899,,900,,,,,5,,,
CompleteGumtreeMatcher,19,3,18,0,0,1,0,0,50,3,0,0.899,,1000,,,,,5,,,
CompleteGumtreeMatcher,19,3,18,0,0,1,0,0,50,3,0,0.899,,1100,,,,,5,,,
CompleteGumtreeMatcher,19,3,18,0,0,1,0,0,49,3,0,0.899,,1200,,,,,5,,,
CompleteGumtreeMatcher,19,3,18,0,0,1,0,0,49,3,0,0.899,,1300,,,,,5,,,
CompleteGumtreeMatcher,19,3,18,0,0,1,0,0,49,3,0,0.899,,1400,,,,,5,,,
CompleteGumtreeMatcher,19,3,18,0,0,1,0,0,45,3,0,0.899,,1500,,,,,5,,,
CompleteGumtreeMatcher,19,3,18,0,0,1,0,0,44,3,0,0.899,,1600,,,,,5,,,
CompleteGumtreeMatcher,19,3,18,0,0,1,0,0,44,3,0,0.899,,1700,,,,,5,,,
CompleteGumtreeMatcher,19,3,18,0,0,1,0,0,44,3,0,0.899,,1800,,,,,5,,,
CompleteGumtreeMatcher,19,3,18,0,0,1,0,0,44,3,0,0.899,,1900,,,,,5,,,
CompleteGumtreeMatcher,19,3,18,0,0,1,0,0,44,3,0,0.899,,2000,,,,,5,,,
CompleteGumtreeMatcher,138,6,76,58,0,4,0,0,0,3,0,0.999,,100,,,,,5,,,
CompleteGumtreeMatcher,19,3,18,0,0,1,0,0,45,3,0,0.999,,200,,,,,5,,,
CompleteGumtreeMatcher,19,3,18,0,0,1,0,0,44,3,0,0.999,,300,,,,,5,,,
CompleteGumtreeMatcher,19,3,18,0,0,1,0,0,45,3,0,0.999,,400,,,,,5,,,
CompleteGumtreeMatcher,19,3,18,0,0,1,0,0,44,3,0,0.999,,500,,,,,5,,,
CompleteGumtreeMatcher,19,3,18,0,0,1,0,0,44,3,0,0.999,,600,,,,,5,,,
CompleteGumtreeMatcher,19,3,18,0,0,1,0,0,44,3,0,0.999,,700,,,,,5,,,
CompleteGumtreeMatcher,19,3,18,0,0,1,0,0,45,3,0,0.999,,800,,,,,5,,,
CompleteGumtreeMatcher,19,3,18,0,0,1,0,0,45,3,0,0.999,,900,,,,,5,,,
CompleteGumtreeMatcher,19,3,18,0,0,1,0,0,45,3,0,0.999,,1000,,,,,5,,,
CompleteGumtreeMatcher,19,3,18,0,0,1,0,0,44,3,0,0.999,,1100,,,,,5,,,
CompleteGumtreeMatcher,19,3,18,0,0,1,0,0,44,3,0,0.999,,1200,,,,,5,,,
CompleteGumtreeMatcher,19,3,18,0,0,1,0,0,44,3,0,0.999,,1300,,,,,5,,,
CompleteGumtreeMatcher,19,3,18,0,0,1,0,0,43,3,0,0.999,,1400,,,,,5,,,
CompleteGumtreeMatcher,19,3,18,0,0,1,0,0,43,3,0,0.999,,1500,,,,,5,,,
CompleteGumtreeMatcher,19,3,18,0,0,1,0,0,41,3,0,0.999,,1600,,,,,5,,,
CompleteGumtreeMatcher,19,3,18,0,0,1,0,0,42,3,0,0.999,,1700,,,,,5,,,
CompleteGumtreeMatcher,19,3,18,0,0,1,0,0,43,3,0,0.999,,1800,,,,,5,,,
CompleteGumtreeMatcher,19,3,18,0,0,1,0,0,42,3,0,0.999,,1900,,,,,5,,,
CompleteGumtreeMatcher,19,3,18,0,0,1,0,0,42,3,0,0.999,,2000,,,,,5,,,
ChangeDistiller,223,182,45,27,75,76,0,0,253,4,0,,,,0.1,2,0.2,0.1,,,,
ChangeDistiller,220,181,44,26,75,75,0,0,238,4,0,,,,0.1,4,0.2,0.1,,,,
ChangeDistiller,220,181,44,26,75,75,0,0,253,4,0,,,,0.1,6,0.2,0.1,,,,
ChangeDistiller,258,187,58,40,73,87,0,0,367,4,0,,,,0.1,2,0.4,0.1,,,,
ChangeDistiller,241,185,49,31,75,86,0,0,249,4,0,,,,0.1,4,0.4,0.1,,,,
ChangeDistiller,235,184,47,29,75,84,0,0,432,4,0,,,,0.1,6,0.4,0.1,,,,
ChangeDistiller,268,184,62,44,72,90,0,0,360,4,0,,,,0.1,2,0.6,0.1,,,,
ChangeDistiller,257,192,53,35,75,94,0,0,431,4,0,,,,0.1,4,0.6,0.1,,,,
ChangeDistiller,240,189,48,30,75,87,0,0,354,4,0,,,,0.1,6,0.6,0.1,,,,
ChangeDistiller,286,179,69,46,73,98,0,0,251,4,0,,,,0.1,2,0.8,0.1,,,,
ChangeDistiller,256,179,56,29,75,96,0,0,207,4,0,,,,0.1,4,0.8,0.1,,,,
ChangeDistiller,242,177,51,23,75,93,0,0,347,4,0,,,,0.1,6,0.8,0.1,,,,
ChangeDistiller,286,179,69,46,73,98,0,0,252,4,0,,,,0.1,2,1.0,0.1,,,,
ChangeDistiller,256,179,56,29,75,96,0,0,251,4,0,,,,0.1,4,1.0,0.1,,,,
ChangeDistiller,242,177,51,23,75,93,0,0,253,4,0,,,,0.1,6,1.0,0.1,,,,
ChangeDistiller,226,180,48,30,73,75,0,0,250,4,0,,,,0.1,2,0.2,0.3,,,,
ChangeDistiller,236,185,53,35,71,77,0,0,207,4,0,,,,0.1,4,0.2,0.3,,,,
ChangeDistiller,238,186,54,36,71,77,0,0,252,4,0,,,,0.1,6,0.2,0.3,,,,
ChangeDistiller,260,183,60,42,71,87,0,0,252,4,0,,,,0.1,2,0.4,0.3,,,,
ChangeDistiller,260,183,60,42,71,87,0,0,227,4,0,,,,0.1,4,0.4,0.3,,,,
ChangeDistiller,252,184,57,39,71,85,0,0,213,4,0,,,,0.1,6,0.4,0.3,,,,
ChangeDistiller,272,179,65,47,70,90,0,0,252,4,0,,,,0.1,2,0.6,0.3,,,,
ChangeDistiller,268,181,62,44,71,91,0,0,256,4,0,,,,0.1,4,0.6,0.3,,,,
ChangeDistiller,260,182,59,41,71,89,0,0,255,4,0,,,,0.1,6,0.6,0.3,,,,
ChangeDistiller,290,173,73,50,70,97,0,0,219,4,0,,,,0.1,2,0.8,0.3,,,,
ChangeDistiller,271,170,65,42,71,93,0,0,252,4,0,,,,0.1,4,0.8,0.3,,,,
ChangeDistiller,259,171,61,36,71,91,0,0,250,4,0,,,,0.1,6,0.8,0.3,,,,
ChangeDistiller,290,173,73,50,70,97,0,0,255,4,0,,,,0.1,2,1.0,0.3,,,,
ChangeDistiller,271,170,65,42,71,93,0,0,220,4,0,,,,0.1,4,1.0,0.3,,,,
ChangeDistiller,259,171,61,36,71,91,0,0,221,4,0,,,,0.1,6,1.0,0.3,,,,
ChangeDistiller,243,181,55,37,72,79,0,0,253,4,0,,,,0.1,2,0.2,0.5,,,,
ChangeDistiller,255,184,63,45,68,79,0,0,245,4,0,,,,0.1,4,0.2,0.5,,,,
ChangeDistiller,263,185,66,48,68,81,0,0,245,4,0,,,,0.1,6,0.2,0.5,,,,
ChangeDistiller,274,181,67,49,69,89,0,0,232,4,0,,,,0.1,2,0.4,0.5,,,,
ChangeDistiller,278,177,70,52,68,88,0,0,223,4,0,,,,0.1,4,0.4,0.5,,,,
ChangeDistiller,278,177,70,52,68,88,0,0,239,4,0,,,,0.1,6,0.4,0.5,,,,
ChangeDistiller,290,173,74,56,68,92,0,0,235,4,0,,,,0.1,2,0.6,0.5,,,,
ChangeDistiller,286,175,72,54,68,92,0,0,239,4,0,,,,0.1,4,0.6,0.5,,,,
ChangeDistiller,283,172,71,53,68,91,0,0,228,4,0,,,,0.1,6,0.6,0.5,,,,
ChangeDistiller,306,168,80,61,68,97,0,0,228,4,0,,,,0.1,2,0.8,0.5,,,,
ChangeDistiller,290,166,75,53,68,94,0,0,236,4,0,,,,0.1,4,0.8,0.5,,,,
ChangeDistiller,285,165,73,51,68,93,0,0,233,4,0,,,,0.1,6,0.8,0.5,,,,
ChangeDistiller,306,168,80,61,68,97,0,0,233,4,0,,,,0.1,2,1.0,0.5,,,,
ChangeDistiller,290,166,75,53,68,94,0,0,234,4,0,,,,0.1,4,1.0,0.5,,,,
ChangeDistiller,285,165,73,51,68,93,0,0,232,4,0,,,,0.1,6,1.0,0.5,,,,
ChangeDistiller,270,192,68,50,68,84,0,0,233,4,0,,,,0.1,2,0.2,0.7,,,,
ChangeDistiller,294,197,81,63,63,87,0,0,231,4,0,,,,0.1,4,0.2,0.7,,,,
ChangeDistiller,307,195,86,68,63,90,0,0,232,4,0,,,,0.1,6,0.2,0.7,,,,
ChangeDistiller,303,170,83,65,63,92,0,0,235,4,0,,,,0.1,2,0.4,0.7,,,,
ChangeDistiller,319,174,89,71,63,96,0,0,233,4,0,,,,0.1,4,0.4,0.7,,,,
ChangeDistiller,321,172,90,72,63,96,0,0,236,4,0,,,,0.1,6,0.4,0.7,,,,
ChangeDistiller,319,159,90,72,63,94,0,0,243,4,0,,,,0.1,2,0.6,0.7,,,,
ChangeDistiller,325,161,92,74,63,96,0,0,243,4,0,,,,0.1,4,0.6,0.7,,,,
ChangeDistiller,325,161,92,74,63,96,0,0,244,4,0,,,,0.1,6,0.6,0.7,,,,
ChangeDistiller,325,161,92,74,63,96,0,0,242,4,0,,,,0.1,2,0.8,0.7,,,,
ChangeDistiller,325,161,92,74,63,96,0,0,244,4,0,,,,0.1,4,0.8,0.7,,,,
ChangeDistiller,325,161,92,74,63,96,0,0,241,4,0,,,,0.1,6,0.8,0.7,,,,
ChangeDistiller,325,161,92,74,63,96,0,0,242,4,0,,,,0.1,2,1.0,0.7,,,,
ChangeDistiller,325,161,92,74,63,96,0,0,241,4,0,,,,0.1,4,1.0,0.7,,,,
ChangeDistiller,270,192,68,50,68,84,0,0,236,4,0,,,,0.1,2,0.2,0.899,,,,
ChangeDistiller,294,197,81,63,63,87,0,0,230,4,0,,,,0.1,4,0.2,0.899,,,,
ChangeDistiller,307,195,86,68,63,90,0,0,234,4,0,,,,0.1,6,0.2,0.899,,,,
ChangeDistiller,303,170,83,65,63,92,0,0,230,4,0,,,,0.1,2,0.4,0.899,,,,
ChangeDistiller,319,174,89,71,63,96,0,0,239,4,0,,,,0.1,4,0.4,0.899,,,,
ChangeDistiller,321,172,90,72,63,96,0,0,230,4,0,,,,0.1,6,0.4,0.899,,,,
ChangeDistiller,319,159,90,72,63,94,0,0,233,4,0,,,,0.1,2,0.6,0.899,,,,
ChangeDistiller,325,161,92,74,63,96,0,0,232,4,0,,,,0.1,4,0.6,0.899,,,,
ChangeDistiller,325,161,92,74,63,96,0,0,231,4,0,,,,0.1,6,0.6,0.899,,,,
ChangeDistiller,325,161,92,74,63,96,0,0,233,4,0,,,,0.1,2,0.8,0.899,,,,
ChangeDistiller,325,161,92,74,63,96,0,0,233,4,0,,,,0.1,4,0.8,0.899,,,,
ChangeDistiller,325,161,92,74,63,96,0,0,230,4,0,,,,0.1,6,0.8,0.899,,,,
ChangeDistiller,325,161,92,74,63,96,0,0,234,4,0,,,,0.1,2,1.0,0.899,,,,
ChangeDistiller,325,161,92,74,63,96,0,0,231,4,0,,,,0.1,4,1.0,0.899,,,,
ChangeDistiller,325,161,92,74,63,96,0,0,234,4,0,,,,0.1,6,1.0,0.899,,,,
ChangeDistiller,134,120,30,12,45,47,0,0,116,4,0,,,,0.3,2,0.2,0.1,,,,
ChangeDistiller,134,120,30,12,45,47,0,0,117,4,0,,,,0.3,4,0.2,0.1,,,,
ChangeDistiller,134,120,30,12,45,47,0,0,116,4,0,,,,0.3,6,0.2,0.1,,,,
ChangeDistiller,132,114,32,14,42,44,0,0,116,4,0,,,,0.3,2,0.4,0.1,,,,
ChangeDistiller,134,120,30,12,45,47,0,0,116,4,0,,,,0.3,4,0.4,0.1,,,,
ChangeDistiller,134,120,30,12,45,47,0,0,118,4,0,,,,0.3,6,0.4,0.1,,,,
ChangeDistiller,155,126,38,20,42,55,0,0,116,4,0,,,,0.3,2,0.6,0.1,,,,
ChangeDistiller,146,126,32,14,45,55,0,0,119,4,0,,,,0.3,4,0.6,0.1,,,,
ChangeDistiller,142,127,31,13,45,53,0,0,118,4,0,,,,0.3,6,0.6,0.1,,,,
ChangeDistiller,214,136,53,32,44,85,0,0,117,4,0,,,,0.3,2,0.8,0.1,,,,
ChangeDistiller,182,143,39,21,45,77,0,0,116,4,0,,,,0.3,4,0.8,0.1,,,,
ChangeDistiller,164,139,35,17,45,67,0,0,116,4,0,,,,0.3,6,0.8,0.1,,,,
ChangeDistiller,217,137,54,33,44,86,0,0,116,4,0,,,,0.3,2,1.0,0.1,,,,
ChangeDistiller,187,132,43,19,45,80,0,0,117,4,0,,,,0.3,4,1.0,0.1,,,,
ChangeDistiller,171,130,38,13,45,75,0,0,118,4,0,,,,0.3,6,1.0,0.1,,,,
ChangeDistiller,148,125,35,17,45,51,0,0,121,4,0,,,,0.3,2,0.2,0.3,,,,
ChangeDistiller,150,122,38,20,43,49,0,0,118,4,0,,,,0.3,4,0.2,0.3,,,,
ChangeDistiller,150,122,38,20,43,49,0,0,122,4,0,,,,0.3,6,0.2,0.3,,,,
ChangeDistiller,150,122,38,20,43,49,0,0,119,4,0,,,,0.3,2,0.4,0.3,,,,
ChangeDistiller,150,122,38,20,43,49,0,0,119,4,0,,,,0.3,4,0.4,0.3,,,,
ChangeDistiller,150,122,38,20,43,49,0,0,118,4,0,,,,0.3,6,0.4,0.3,,,,
ChangeDistiller,176,127,45,27,42,62,0,0,119,4,0,,,,0.3,2,0.6,0.3,,,,
ChangeDistiller,163,124,41,23,43,56,0,0,120,4,0,,,,0.3,4,0.6,0.3,,,,
ChangeDistiller,159,125,40,22,43,54,0,0,119,4,0,,,,0.3,6,0.6,0.3,,,,
ChangeDistiller,223,131,59,38,42,84,0,0,121,4,0,,,,0.3,2,0.8,0.3,,,,
ChangeDistiller,197,125,49,28,43,77,0,0,117,4,0,,,,0.3,4,0.8,0.3,,,,
ChangeDistiller,174,120,45,19,43,67,0,0,115,4,0,,,,0.3,6,0.8,0.3,,,,
ChangeDistiller,226,132,60,39,42,85,0,0,117,4,0,,,,0.3,2,1.0,0.3,,,,
ChangeDistiller,203,127,51,30,43,79,0,0,117,4,0,,,,0.3,4,1.0,0.3,,,,
ChangeDistiller,186,123,46,24,43,73,0,0,117,4,0,,,,0.3,6,1.0,0.3,,,,
ChangeDistiller,164,131,40,22,46,56,0,0,116,4,0,,,,0.3,2,0.2,0.5,,,,
ChangeDistiller,170,126,47,29,42,52,0,0,117,4,0,,,,0.3,4,0.2,0.5,,,,
ChangeDistiller,170,126,47,29,42,52,0,0,115,4,0,,,,0.3,6,0.2,0.5,,,,
ChangeDistiller,165,125,44,26,43,52,0,0,117,4,0,,,,0.3,2,0.4,0.5,,,,
ChangeDistiller,176,127,48,30,42,56,0,0,116,4,0,,,,0.3,4,0.4,0.5,,,,
ChangeDistiller,176,127,48,30,42,56,0,0,118,4,0,,,,0.3,6,0.4,0.5,,,,
ChangeDistiller,193,126,52,34,42,65,0,0,117,4,0,,,,0.3,2,0.6,0.5,,,,
ChangeDistiller,182,123,50,32,42,58,0,0,119,4,0,,,,0.3,4,0.6,0.5,,,,
ChangeDistiller,178,124,49,31,42,56,0,0,116,4,0,,,,0.3,6,0.6,0.5,,,,
ChangeDistiller,236,128,64,46,42,84,0,0,117,4,0,,,,0.3,2,0.8,0.5,,,,
ChangeDistiller,217,121,58,40,42,77,0,0,117,4,0,,,,0.3,4,0.8,0.5,,,,
ChangeDistiller,205,121,55,34,42,74,0,0,116,4,0,,,,0.3,6,0.8,0.5,,,,
ChangeDistiller,239,129,65,47,42,85,0,0,116,4,0,,,,0.3,2,1.0,0.5,,,,
ChangeDistiller,223,123,60,42,42,79,0,0,117,4,0,,,,0.3,4,1.0,0.5,,,,
ChangeDistiller,205,121,55,34,42,74,0,0,118,4,0,,,,0.3,6,1.0,0.5,,,,
ChangeDistiller,186,145,51,33,43,59,0,0,117,4,0,,,,0.3,2,0.2,0.7,,,,
ChangeDistiller,194,135,59,41,39,55,0,0,116,4,0,,,,0.3,4,0.2,0.7,,,,
ChangeDistiller,205,137,62,44,39,60,0,0,119,4,0,,,,0.3,6,0.2,0.7,,,,
ChangeDistiller,185,128,56,38,39,52,0,0,116,4,0,,,,0.3,2,0.4,0.7,,,,
ChangeDistiller,204,129,62,44,39,59,0,0,117,4,0,,,,0.3,4,0.4,0.7,,,,
ChangeDistiller,212,130,64,46,39,63,0,0,119,4,0,,,,0.3,6,0.4,0.7,,,,
ChangeDistiller,216,128,64,46,39,67,0,0,118,4,0,,,,0.3,2,0.6,0.7,,,,
ChangeDistiller,216,128,64,46,39,67,0,0,117,4,0,,,,0.3,4,0.6,0.7,,,,
ChangeDistiller,220,130,65,47,39,69,0,0,117,4,0,,,,0.3,6,0.6,0.7,,,,
ChangeDistiller,253,125,74,56,39,84,0,0,117,4,0,,,,0.3,2,0.8,0.7,,,,
ChangeDistiller,239,119,70,52,39,78,0,0,119,4,0,,,,0.3,4,0.8,0.7,,,,
ChangeDistiller,239,119,70,52,39,78,0,0,116,4,0,,,,0.3,6,0.8,0.7,,,,
ChangeDistiller,256,126,75,57,39,85,0,0,120,4,0,,,,0.3,2,1.0,0.7,,,,
ChangeDistiller,245,121,72,54,39,80,0,0,118,4,0,,,,0.3,4,1.0,0.7,,,,
ChangeDistiller,239,119,70,52,39,78,0,0,117,4,0,,,,0.3,6,1.0,0.7,,,,
ChangeDistiller,186,145,51,33,43,59,0,0,116,4,0,,,,0.3,2,0.2,0.899,,,,
ChangeDistiller,208,149,62,44,39,63,0,0,116,4,0,,,,0.3,4,0.2,0.899,,,,
ChangeDistiller,226,156,67,49,39,71,0,0,116,4,0,,,,0.3,6,0.2,0.899,,,,
ChangeDistiller,185,128,56,38,39,52,0,0,118,4,0,,,,0.3,2,0.4,0.899,,,,
ChangeDistiller,218,143,65,47,39,67,0,0,115,4,0,,,,0.3,4,0.4,0.899,,,,
ChangeDistiller,233,149,69,51,39,74,0,0,118,4,0,,,,0.3,6,0.4,0.899,,,,
ChangeDistiller,216,128,64,46,39,67,0,0,116,4,0,,,,0.3,2,0.6,0.899,,,,
ChangeDistiller,229,139,67,49,39,74,0,0,119,4,0,,,,0.3,4,0.6,0.899,,,,
ChangeDistiller,248,138,72,54,39,83,0,0,116,4,0,,,,0.3,6,0.6,0.899,,,,
ChangeDistiller,253,125,74,56,39,84,0,0,117,4,0,,,,0.3,2,0.8,0.899,,,,
ChangeDistiller,253,125,74,56,39,84,0,0,117,4,0,,,,0.3,4,0.8,0.899,,,,
ChangeDistiller,256,126,75,57,39,85,0,0,117,4,0,,,,0.3,6,0.8,0.899,,,,
ChangeDistiller,256,126,75,57,39,85,0,0,120,4,0,,,,0.3,2,1.0,0.899,,,,
ChangeDistiller,256,126,75,57,39,85,0,0,121,4,0,,,,0.3,4,1.0,0.899,,,,
ChangeDistiller,256,126,75,57,39,85,0,0,122,4,0,,,,0.3,6,1.0,0.899,,,,
ChangeDistiller,124,112,26,8,44,46,0,0,87,4,0,,,,0.5,2,0.2,0.1,,,,
ChangeDistiller,124,112,26,8,44,46,0,0,87,4,0,,,,0.5,4,0.2,0.1,,,,
ChangeDistiller,124,112,26,8,44,46,0,0,87,4,0,,,,0.5,6,0.2,0.1,,,,
ChangeDistiller,120,106,27,9,41,43,0,0,87,4,0,,,,0.5,2,0.4,0.1,,,,
ChangeDistiller,124,112,26,8,44,46,0,0,87,4,0,,,,0.5,4,0.4,0.1,,,,
ChangeDistiller,124,112,26,8,44,46,0,0,87,4,0,,,,0.5,6,0.4,0.1,,,,
ChangeDistiller,142,123,33,15,41,53,0,0,86,4,0,,,,0.5,2,0.6,0.1,,,,
ChangeDistiller,135,123,28,10,44,53,0,0,84,4,0,,,,0.5,4,0.6,0.1,,,,
ChangeDistiller,132,120,27,9,44,52,0,0,84,4,0,,,,0.5,6,0.6,0.1,,,,
ChangeDistiller,203,136,48,26,43,86,0,0,84,4,0,,,,0.5,2,0.8,0.1,,,,
ChangeDistiller,167,142,34,16,44,73,0,0,85,4,0,,,,0.5,4,0.8,0.1,,,,
ChangeDistiller,154,133,31,13,44,66,0,0,85,4,0,,,,0.5,6,0.8,0.1,,,,
ChangeDistiller,216,141,52,30,43,91,0,0,85,4,0,,,,0.5,2,1.0,0.1,,,,
ChangeDistiller,184,135,40,16,44,84,0,0,84,4,0,,,,0.5,4,1.0,0.1,,,,
ChangeDistiller,167,129,35,11,44,77,0,0,83,4,0,,,,0.5,6,1.0,0.1,,,,
ChangeDistiller,139,117,31,13,44,51,0,0,85,4,0,,,,0.5,2,0.2,0.3,,,,
ChangeDistiller,137,112,32,14,42,49,0,0,85,4,0,,,,0.5,4,0.2,0.3,,,,
ChangeDistiller,137,112,32,14,42,49,0,0,83,4,0,,,,0.5,6,0.2,0.3,,,,
ChangeDistiller,132,108,32,14,41,45,0,0,85,4,0,,,,0.5,2,0.4,0.3,,,,
ChangeDistiller,132,108,32,14,41,45,0,0,86,4,0,,,,0.5,4,0.4,0.3,,,,
ChangeDistiller,137,112,32,14,42,49,0,0,86,4,0,,,,0.5,6,0.4,0.3,,,,
ChangeDistiller,155,124,39,21,41,54,0,0,84,4,0,,,,0.5,2,0.6,0.3,,,,
ChangeDistiller,145,120,35,17,41,52,0,0,83,4,0,,,,0.5,4,0.6,0.3,,,,
ChangeDistiller,146,120,34,16,42,54,0,0,86,4,0,,,,0.5,6,0.6,0.3,,,,
ChangeDistiller,212,132,54,32,41,85,0,0,86,4,0,,,,0.5,2,0.8,0.3,,,,
ChangeDistiller,171,134,40,22,41,68,0,0,84,4,0,,,,0.5,4,0.8,0.3,,,,
ChangeDistiller,162,127,37,19,42,64,0,0,84,4,0,,,,0.5,6,0.8,0.3,,,,
ChangeDistiller,225,137,58,36,41,90,0,0,85,4,0,,,,0.5,2,1.0,0.3,,,,
ChangeDistiller,190,128,46,23,41,80,0,0,84,4,0,,,,0.5,4,1.0,0.3,,,,
ChangeDistiller,177,125,41,18,42,76,0,0,85,4,0,,,,0.5,6,1.0,0.3,,,,
ChangeDistiller,155,123,37,19,45,54,0,0,85,4,0,,,,0.5,2,0.2,0.5,,,,
ChangeDistiller,162,115,43,25,42,52,0,0,83,4,0,,,,0.5,4,0.2,0.5,,,,
ChangeDistiller,157,111,43,25,41,48,0,0,85,4,0,,,,0.5,6,0.2,0.5,,,,
ChangeDistiller,148,108,40,22,41,45,0,0,84,4,0,,,,0.5,2,0.4,0.5,,,,
ChangeDistiller,157,111,43,25,41,48,0,0,86,4,0,,,,0.5,4,0.4,0.5,,,,
ChangeDistiller,157,111,43,25,41,48,0,0,84,4,0,,,,0.5,6,0.4,0.5,,,,
ChangeDistiller,172,119,47,29,41,55,0,0,86,4,0,,,,0.5,2,0.6,0.5,,,,
ChangeDistiller,169,116,46,28,41,54,0,0,85,4,0,,,,0.5,4,0.6,0.5,,,,
ChangeDistiller,166,113,45,27,41,53,0,0,84,4,0,,,,0.5,6,0.6,0.5,,,,
ChangeDistiller,226,126,60,42,41,83,0,0,86,4,0,,,,0.5,2,0.8,0.5,,,,
ChangeDistiller,207,119,54,36,41,76,0,0,86,4,0,,,,0.5,4,0.8,0.5,,,,
ChangeDistiller,195,117,51,31,41,72,0,0,85,4,0,,,,0.5,6,0.8,0.5,,,,
ChangeDistiller,239,131,64,46,41,88,0,0,86,4,0,,,,0.5,2,1.0,0.5,,,,
ChangeDistiller,217,123,57,39,41,80,0,0,87,4,0,,,,0.5,4,1.0,0.5,,,,
ChangeDistiller,199,119,52,32,41,74,0,0,85,4,0,,,,0.5,6,1.0,0.5,,,,
ChangeDistiller,183,141,50,32,42,59,0,0,84,4,0,,,,0.5,2,0.2,0.7,,,,
ChangeDistiller,198,135,59,41,39,59,0,0,86,4,0,,,,0.5,4,0.2,0.7,,,,
ChangeDistiller,206,137,62,44,38,62,0,0,85,4,0,,,,0.5,6,0.2,0.7,,,,
ChangeDistiller,181,126,55,37,38,51,0,0,86,4,0,,,,0.5,2,0.4,0.7,,,,
ChangeDistiller,197,126,61,43,38,55,0,0,85,4,0,,,,0.5,4,0.4,0.7,,,,
ChangeDistiller,212,129,64,46,38,64,0,0,85,4,0,,,,0.5,6,0.4,0.7,,,,
ChangeDistiller,208,126,62,44,38,64,0,0,84,4,0,,,,0.5,2,0.6,0.7,,,,
ChangeDistiller,215,127,64,46,38,67,0,0,85,4,0,,,,0.5,4,0.6,0.7,,,,
ChangeDistiller,224,129,66,48,38,72,0,0,87,4,0,,,,0.5,6,0.6,0.7,,,,
ChangeDistiller,252,127,74,54,38,86,0,0,85,4,0,,,,0.5,2,0.8,0.7,,,,
ChangeDistiller,238,121,70,50,38,80,0,0,87,4,0,,,,0.5,4,0.8,0.7,,,,
ChangeDistiller,238,121,70,50,38,80,0,0,84,4,0,,,,0.5,6,0.8,0.7,,,,
ChangeDistiller,260,128,76,58,38,88,0,0,86,4,0,,,,0.5,2,1.0,0.7,,,,
ChangeDistiller,249,123,73,55,38,83,0,0,85,4,0,,,,0.5,4,1.0,0.7,,,,
ChangeDistiller,243,121,71,53,38,81,0,0,86,4,0,,,,0.5,6,1.0,0.7,,,,
ChangeDistiller,183,141,50,32,42,59,0,0,86,4,0,,,,0.5,2,0.2,0.899,,,,
ChangeDistiller,212,149,62,44,39,67,0,0,85,4,0,,,,0.5,4,0.2,0.899,,,,
ChangeDistiller,226,154,67,49,38,72,0,0,97,4,0,,,,0.5,6,0.2,0.899,,,,
ChangeDistiller,181,126,55,37,38,51,0,0,98,4,0,,,,0.5,2,0.4,0.899,,,,
ChangeDistiller,211,140,64,46,38,63,0,0,96,4,0,,,,0.5,4,0.4,0.899,,,,
ChangeDistiller,233,148,69,51,38,75,0,0,96,4,0,,,,0.5,6,0.4,0.899,,,,
ChangeDistiller,208,126,62,44,38,64,0,0,98,4,0,,,,0.5,2,0.6,0.899,,,,
ChangeDistiller,228,138,67,49,38,74,0,0,96,4,0,,,,0.5,4,0.6,0.899,,,,
ChangeDistiller,253,140,73,55,38,87,0,0,95,4,0,,,,0.5,6,0.6,0.899,,,,
ChangeDistiller,252,127,74,54,38,86,0,0,97,4,0,,,,0.5,2,0.8,0.899,,,,
ChangeDistiller,252,127,74,54,38,86,0,0,96,4,0,,,,0.5,4,0.8,0.899,,,,
ChangeDistiller,255,128,75,55,38,87,0,0,96,4,0,,,,0.5,6,0.8,0.899,,,,
ChangeDistiller,260,128,76,58,38,88,0,0,86,4,0,,,,0.5,2,1.0,0.899,,,,
ChangeDistiller,260,128,76,58,38,88,0,0,84,4,0,,,,0.5,4,1.0,0.899,,,,
ChangeDistiller,260,128,76,58,38,88,0,0,84,4,0,,,,0.5,6,1.0,0.899,,,,
ChangeDistiller,44,31,18,0,17,9,0,0,50,4,0,,,,0.7,2,0.2,0.1,,,,
ChangeDistiller,44,31,18,0,17,9,0,0,49,4,0,,,,0.7,4,0.2,0.1,,,,
ChangeDistiller,51,37,18,0,18,15,0,0,49,4,0,,,,0.7,6,0.2,0.1,,,,
ChangeDistiller,44,31,18,0,17,9,0,0,49,4,0,,,,0.7,2,0.4,0.1,,,,
ChangeDistiller,44,31,18,0,17,9,0,0,49,4,0,,,,0.7,4,0.4,0.1,,,,
ChangeDistiller,51,37,18,0,18,15,0,0,50,4,0,,,,0.7,6,0.4,0.1,,,,
ChangeDistiller,44,31,18,0,17,9,0,0,49,4,0,,,,0.7,2,0.6,0.1,,,,
ChangeDistiller,44,31,18,0,17,9,0,0,50,4,0,,,,0.7,4,0.6,0.1,,,,
ChangeDistiller,51,37,18,0,18,15,0,0,49,4,0,,,,0.7,6,0.6,0.1,,,,
ChangeDistiller,44,31,18,0,17,9,0,0,50,4,0,,,,0.7,2,0.8,0.1,,,,
ChangeDistiller,44,31,18,0,17,9,0,0,50,4,0,,,,0.7,4,0.8,0.1,,,,
ChangeDistiller,51,37,18,0,18,15,0,0,50,4,0,,,,0.7,6,0.8,0.1,,,,
ChangeDistiller,105,69,28,10,17,50,0,0,51,4,0,,,,0.7,2,1.0,0.1,,,,
ChangeDistiller,88,60,24,6,18,40,0,0,50,4,0,,,,0.7,6,1.0,0.1,,,,
ChangeDistiller,44,31,18,0,17,9,0,0,50,4,0,,,,0.7,2,0.2,0.3,,,,
ChangeDistiller,44,31,18,0,17,9,0,0,50,4,0,,,,0.7,4,0.2,0.3,,,,
ChangeDistiller,44,31,18,0,17,9,0,0,49,4,0,,,,0.7,6,0.2,0.3,,,,
ChangeDistiller,44,31,18,0,17,9,0,0,50,4,0,,,,0.7,2,0.4,0.3,,,,
ChangeDistiller,44,31,18,0,17,9,0,0,50,4,0,,,,0.7,4,0.4,0.3,,,,
ChangeDistiller,44,31,18,0,17,9,0,0,51,4,0,,,,0.7,6,0.4,0.3,,,,
ChangeDistiller,44,31,18,0,17,9,0,0,51,4,0,,,,0.7,2,0.6,0.3,,,,
ChangeDistiller,44,31,18,0,17,9,0,0,50,4,0,,,,0.7,4,0.6,0.3,,,,
ChangeDistiller,44,31,18,0,17,9,0,0,49,4,0,,,,0.7,6,0.6,0.3,,,,
ChangeDistiller,44,31,18,0,17,9,0,0,50,4,0,,,,0.7,2,0.8,0.3,,,,
ChangeDistiller,44,31,18,0,17,9,0,0,50,4,0,,,,0.7,4,0.8,0.3,,,,
ChangeDistiller,44,31,18,0,17,9,0,0,49,4,0,,,,0.7,6,0.8,0.3,,,,
ChangeDistiller,105,69,28,10,17,50,0,0,50,4,0,,,,0.7,2,1.0,0.3,,,,
ChangeDistiller,102,68,27,9,17,49,0,0,49,4,0,,,,0.7,4,1.0,0.3,,,,
ChangeDistiller,82,55,24,6,17,35,0,0,50,4,0,,,,0.7,6,1.0,0.3,,,,
ChangeDistiller,44,31,18,0,17,9,0,0,49,4,0,,,,0.7,2,0.2,0.5,,,,
ChangeDistiller,44,31,18,0,17,9,0,0,50,4,0,,,,0.7,4,0.2,0.5,,,,
ChangeDistiller,44,31,18,0,17,9,0,0,50,4,0,,,,0.7,6,0.2,0.5,,,,
ChangeDistiller,44,31,18,0,17,9,0,0,49,4,0,,,,0.7,2,0.4,0.5,,,,
ChangeDistiller,44,31,18,0,17,9,0,0,50,4,0,,,,0.7,4,0.4,0.5,,,,
ChangeDistiller,44,31,18,0,17,9,0,0,49,4,0,,,,0.7,6,0.4,0.5,,,,
ChangeDistiller,44,31,18,0,17,9,0,0,50,4,0,,,,0.7,2,0.6,0.5,,,,
ChangeDistiller,44,31,18,0,17,9,0,0,50,4,0,,,,0.7,4,0.6,0.5,,,,
ChangeDistiller,44,31,18,0,17,9,0,0,50,4,0,,,,0.7,6,0.6,0.5,,,,
ChangeDistiller,44,31,18,0,17,9,0,0,49,4,0,,,,0.7,2,0.8,0.5,,,,
ChangeDistiller,44,31,18,0,17,9,0,0,51,4,0,,,,0.7,4,0.8,0.5,,,,
ChangeDistiller,44,31,18,0,17,9,0,0,50,4,0,,,,0.7,6,0.8,0.5,,,,
ChangeDistiller,105,69,28,10,17,50,0,0,50,4,0,,,,0.7,2,1.0,0.5,,,,
ChangeDistiller,102,68,27,9,17,49,0,0,50,4,0,,,,0.7,4,1.0,0.5,,,,
ChangeDistiller,82,55,24,6,17,35,0,0,51,4,0,,,,0.7,6,1.0,0.5,,,,
ChangeDistiller,51,37,21,3,16,11,0,0,51,4,0,,,,0.7,2,0.2,0.7,,,,
ChangeDistiller,51,37,21,3,16,11,0,0,50,4,0,,,,0.7,4,0.2,0.7,,,,
ChangeDistiller,51,37,21,3,16,11,0,0,50,4,0,,,,0.7,6,0.2,0.7,,,,
ChangeDistiller,51,37,21,3,16,11,0,0,50,4,0,,,,0.7,2,0.4,0.7,,,,
ChangeDistiller,51,37,21,3,16,11,0,0,50,4,0,,,,0.7,4,0.4,0.7,,,,
ChangeDistiller,51,37,21,3,16,11,0,0,50,4,0,,,,0.7,6,0.4,0.7,,,,
ChangeDistiller,51,37,21,3,16,11,0,0,50,4,0,,,,0.7,2,0.6,0.7,,,,
ChangeDistiller,51,37,21,3,16,11,0,0,50,4,0,,,,0.7,4,0.6,0.7,,,,
ChangeDistiller,51,37,21,3,16,11,0,0,49,4,0,,,,0.7,6,0.6,0.7,,,,
ChangeDistiller,57,39,23,5,16,13,0,0,50,4,0,,,,0.7,2,0.8,0.7,,,,
ChangeDistiller,54,38,22,4,16,12,0,0,50,4,0,,,,0.7,4,0.8,0.7,,,,
ChangeDistiller,51,37,21,3,16,11,0,0,50,4,0,,,,0.7,6,0.8,0.7,,,,
ChangeDistiller,110,68,31,13,16,50,0,0,50,4,0,,,,0.7,2,1.0,0.7,,,,
ChangeDistiller,107,69,30,11,16,50,0,0,50,4,0,,,,0.7,4,1.0,0.7,,,,
ChangeDistiller,98,67,28,8,16,46,0,0,50,4,0,,,,0.7,6,1.0,0.7,,,,
ChangeDistiller,51,37,21,3,16,11,0,0,50,4,0,,,,0.7,2,0.2,0.899,,,,
ChangeDistiller,54,38,22,4,16,12,0,0,50,4,0,,,,0.7,4,0.2,0.899,,,,
ChangeDistiller,64,45,24,6,16,18,0,0,50,4,0,,,,0.7,6,0.2,0.899,,,,
ChangeDistiller,51,37,21,3,16,11,0,0,50,4,0,,,,0.7,2,0.4,0.899,,,,
ChangeDistiller,54,38,22,4,16,12,0,0,51,4,0,,,,0.7,4,0.4,0.899,,,,
ChangeDistiller,64,45,24,6,16,18,0,0,50,4,0,,,,0.7,6,0.4,0.899,,,,
ChangeDistiller,51,37,21,3,16,11,0,0,51,4,0,,,,0.7,2,0.6,0.899,,,,
ChangeDistiller,54,38,22,4,16,12,0,0,49,4,0,,,,0.7,4,0.6,0.899,,,,
ChangeDistiller,64,45,24,6,16,18,0,0,49,4,0,,,,0.7,6,0.6,0.899,,,,
ChangeDistiller,57,39,23,5,16,13,0,0,50,4,0,,,,0.7,2,0.8,0.899,,,,
ChangeDistiller,57,39,23,5,16,13,0,0,49,4,0,,,,0.7,4,0.8,0.899,,,,
ChangeDistiller,64,45,24,6,16,18,0,0,49,4,0,,,,0.7,6,0.8,0.899,,,,
ChangeDistiller,110,68,31,13,16,50,0,0,50,4,0,,,,0.7,2,1.0,0.899,,,,
ChangeDistiller,110,68,31,13,16,50,0,0,50,4,0,,,,0.7,4,1.0,0.899,,,,
ChangeDistiller,110,68,31,13,16,50,0,0,51,4,0,,,,0.7,6,1.0,0.899,,,,
ChangeDistiller,29,16,18,0,3,8,0,0,35,4,0,,,,0.899,2,0.2,0.1,,,,
ChangeDistiller,29,16,18,0,3,8,0,0,35,4,0,,,,0.899,4,0.2,0.1,,,,
ChangeDistiller,36,22,18,0,4,14,0,0,36,4,0,,,,0.899,6,0.2,0.1,,,,
ChangeDistiller,29,16,18,0,3,8,0,0,35,4,0,,,,0.899,2,0.4,0.1,,,,
ChangeDistiller,29,16,18,0,3,8,0,0,35,4,0,,,,0.899,4,0.4,0.1,,,,
ChangeDistiller,36,22,18,0,4,14,0,0,35,4,0,,,,0.899,6,0.4,0.1,,,,
ChangeDistiller,29,16,18,0,3,8,0,0,35,4,0,,,,0.899,2,0.6,0.1,,,,
ChangeDistiller,29,16,18,0,3,8,0,0,35,4,0,,,,0.899,4,0.6,0.1,,,,
ChangeDistiller,36,22,18,0,4,14,0,0,35,4,0,,,,0.899,6,0.6,0.1,,,,
ChangeDistiller,29,16,18,0,3,8,0,0,35,4,0,,,,0.899,2,0.8,0.1,,,,
ChangeDistiller,29,16,18,0,3,8,0,0,35,4,0,,,,0.899,4,0.8,0.1,,,,
ChangeDistiller,36,22,18,0,4,14,0,0,35,4,0,,,,0.899,6,0.8,0.1,,,,
ChangeDistiller,91,55,28,10,3,50,0,0,35,4,0,,,,0.899,2,1.0,0.1,,,,
ChangeDistiller,90,56,27,9,3,51,0,0,36,4,0,,,,0.899,4,1.0,0.1,,,,
ChangeDistiller,74,46,24,6,4,40,0,0,35,4,0,,,,0.899,6,1.0,0.1,,,,
ChangeDistiller,29,16,18,0,3,8,0,0,36,4,0,,,,0.899,2,0.2,0.3,,,,
ChangeDistiller,29,16,18,0,3,8,0,0,35,4,0,,,,0.899,4,0.2,0.3,,,,
ChangeDistiller,29,16,18,0,3,8,0,0,36,4,0,,,,0.899,6,0.2,0.3,,,,
ChangeDistiller,29,16,18,0,3,8,0,0,35,4,0,,,,0.899,2,0.4,0.3,,,,
ChangeDistiller,29,16,18,0,3,8,0,0,34,4,0,,,,0.899,4,0.4,0.3,,,,
ChangeDistiller,29,16,18,0,3,8,0,0,35,4,0,,,,0.899,6,0.4,0.3,,,,
ChangeDistiller,29,16,18,0,3,8,0,0,35,4,0,,,,0.899,2,0.6,0.3,,,,
ChangeDistiller,29,16,18,0,3,8,0,0,35,4,0,,,,0.899,4,0.6,0.3,,,,
ChangeDistiller,29,16,18,0,3,8,0,0,35,4,0,,,,0.899,6,0.6,0.3,,,,
ChangeDistiller,29,16,18,0,3,8,0,0,35,4,0,,,,0.899,2,0.8,0.3,,,,
ChangeDistiller,29,16,18,0,3,8,0,0,35,4,0,,,,0.899,4,0.8,0.3,,,,
ChangeDistiller,29,16,18,0,3,8,0,0,36,4,0,,,,0.899,6,0.8,0.3,,,,
ChangeDistiller,91,55,28,10,3,50,0,0,35,4,0,,,,0.899,2,1.0,0.3,,,,
ChangeDistiller,88,54,27,9,3,49,0,0,35,4,0,,,,0.899,4,1.0,0.3,,,,
ChangeDistiller,68,41,24,6,3,35,0,0,35,4,0,,,,0.899,6,1.0,0.3,,,,
ChangeDistiller,29,16,18,0,3,8,0,0,35,4,0,,,,0.899,2,0.2,0.5,,,,
ChangeDistiller,29,16,18,0,3,8,0,0,36,4,0,,,,0.899,4,0.2,0.5,,,,
ChangeDistiller,29,16,18,0,3,8,0,0,36,4,0,,,,0.899,6,0.2,0.5,,,,
ChangeDistiller,29,16,18,0,3,8,0,0,35,4,0,,,,0.899,2,0.4,0.5,,,,
ChangeDistiller,29,16,18,0,3,8,0,0,36,4,0,,,,0.899,4,0.4,0.5,,,,
ChangeDistiller,29,16,18,0,3,8,0,0,35,4,0,,,,0.899,6,0.4,0.5,,,,
ChangeDistiller,29,16,18,0,3,8,0,0,35,4,0,,,,0.899,2,0.6,0.5,,,,
ChangeDistiller,29,16,18,0,3,8,0,0,35,4,0,,,,0.899,4,0.6,0.5,,,,
ChangeDistiller,29,16,18,0,3,8,0,0,36,4,0,,,,0.899,6,0.6,0.5,,,,
ChangeDistiller,29,16,18,0,3,8,0,0,35,4,0,,,,0.899,2,0.8,0.5,,,,
ChangeDistiller,29,16,18,0,3,8,0,0,36,4,0,,,,0.899,4,0.8,0.5,,,,
ChangeDistiller,29,16,18,0,3,8,0,0,34,4,0,,,,0.899,6,0.8,0.5,,,,
ChangeDistiller,91,55,28,10,3,50,0,0,35,4,0,,,,0.899,2,1.0,0.5,,,,
ChangeDistiller,88,54,27,9,3,49,0,0,36,4,0,,,,0.899,4,1.0,0.5,,,,
ChangeDistiller,68,41,24,6,3,35,0,0,35,4,0,,,,0.899,6,1.0,0.5,,,,
ChangeDistiller,36,22,21,3,2,10,0,0,36,4,0,,,,0.899,2,0.2,0.7,,,,
ChangeDistiller,36,22,21,3,2,10,0,0,35,4,0,,,,0.899,4,0.2,0.7,,,,
ChangeDistiller,36,22,21,3,2,10,0,0,36,4,0,,,,0.899,6,0.2,0.7,,,,
ChangeDistiller,36,22,21,3,2,10,0,0,36,4,0,,,,0.899,2,0.4,0.7,,,,
ChangeDistiller,36,22,21,3,2,10,0,0,36,4,0,,,,0.899,4,0.4,0.7,,,,
ChangeDistiller,36,22,21,3,2,10,0,0,35,4,0,,,,0.899,6,0.4,0.7,,,,
ChangeDistiller,36,22,21,3,2,10,0,0,36,4,0,,,,0.899,2,0.6,0.7,,,,
ChangeDistiller,36,22,21,3,2,10,0,0,36,4,0,,,,0.899,4,0.6,0.7,,,,
ChangeDistiller,36,22,21,3,2,10,0,0,40,4,0,,,,0.899,6,0.6,0.7,,,,
ChangeDistiller,42,24,23,5,2,12,0,0,40,4,0,,,,0.899,2,0.8,0.7,,,,
ChangeDistiller,39,23,22,4,2,11,0,0,41,4,0,,,,0.899,4,0.8,0.7,,,,
ChangeDistiller,36,22,21,3,2,10,0,0,40,4,0,,,,0.899,6,0.8,0.7,,,,
ChangeDistiller,96,54,31,13,2,50,0,0,40,4,0,,,,0.899,2,1.0,0.7,,,,
ChangeDistiller,93,55,30,11,2,50,0,0,40,4,0,,,,0.899,4,1.0,0.7,,,,
ChangeDistiller,84,53,28,8,2,46,0,0,40,4,0,,,,0.899,6,1.0,0.7,,,,
ChangeDistiller,36,22,21,3,2,10,0,0,40,4,0,,,,0.899,2,0.2,0.899,,,,
ChangeDistiller,39,23,22,4,2,11,0,0,40,4,0,,,,0.899,4,0.2,0.899,,,,
ChangeDistiller,49,30,24,6,2,17,0,0,40,4,0,,,,0.899,6,0.2,0.899,,,,
ChangeDistiller,36,22,21,3,2,10,0,0,36,4,0,,,,0.899,2,0.4,0.899,,,,
ChangeDistiller,39,23,22,4,2,11,0,0,36,4,0,,,,0.899,4,0.4,0.899,,,,
ChangeDistiller,49,30,24,6,2,17,0,0,36,4,0,,,,0.899,6,0.4,0.899,,,,
ChangeDistiller,36,22,21,3,2,10,0,0,35,4,0,,,,0.899,2,0.6,0.899,,,,
ChangeDistiller,39,23,22,4,2,11,0,0,34,4,0,,,,0.899,4,0.6,0.899,,,,
ChangeDistiller,49,30,24,6,2,17,0,0,35,4,0,,,,0.899,6,0.6,0.899,,,,
ChangeDistiller,42,24,23,5,2,12,0,0,35,4,0,,,,0.899,2,0.8,0.899,,,,
ChangeDistiller,42,24,23,5,2,12,0,0,35,4,0,,,,0.899,4,0.8,0.899,,,,
ChangeDistiller,49,30,24,6,2,17,0,0,36,4,0,,,,0.899,6,0.8,0.899,,,,
ChangeDistiller,96,54,31,13,2,50,0,0,35,4,0,,,,0.899,2,1.0,0.899,,,,
ChangeDistiller,96,54,31,13,2,50,0,0,35,4,0,,,,0.899,4,1.0,0.899,,,,
ChangeDistiller,96,54,31,13,2,50,0,0,34,4,0,,,,0.899,6,1.0,0.899,,,,
