MATCHER,NRACTIONS,NRROOTS,NR_INSERT,NR_DELETE,NR_UPDATE,NR_MOVE,NR_TREEINSERT,NR_TREEDELETE,TIME,NROPTIONS,TIMEOUT,GT_BUM_SMT,GT_BUM_SMT_SBUP,GT_BUM_SZT,GT_CD_LSIM,GT_CD_ML,GT_CD_SSIM1,GT_CD_SSIM2,GT_STM_MH,GT_XYM_SIM,GUMTREE_MATCH_GT_MINH,
SimpleGumtree,38,11,28,2,6,2,0,0,3,2,0,,0.1,,,,,,1,,,
SimpleGumtree,70,7,48,22,0,0,0,0,3,2,0,,0.1,,,,,,2,,,
SimpleGumtree,70,7,48,22,0,0,0,0,3,2,0,,0.1,,,,,,3,,,
SimpleGumtree,70,7,48,22,0,0,0,0,3,2,0,,0.1,,,,,,4,,,
SimpleGumtree,110,7,68,42,0,0,0,0,3,2,0,,0.1,,,,,,5,,,
SimpleGumtree,38,11,28,2,6,2,0,0,5,2,0,,0.3,,,,,,1,,,
SimpleGumtree,70,7,48,22,0,0,0,0,3,2,0,,0.3,,,,,,2,,,
SimpleGumtree,70,7,48,22,0,0,0,0,3,2,0,,0.3,,,,,,3,,,
SimpleGumtree,70,7,48,22,0,0,0,0,4,2,0,,0.3,,,,,,4,,,
SimpleGumtree,110,7,68,42,0,0,0,0,3,2,0,,0.3,,,,,,5,,,
SimpleGumtree,38,11,28,2,6,2,0,0,2,2,0,,0.5,,,,,,1,,,
SimpleGumtree,70,7,48,22,0,0,0,0,2,2,0,,0.5,,,,,,2,,,
SimpleGumtree,70,7,48,22,0,0,0,0,2,2,0,,0.5,,,,,,3,,,
SimpleGumtree,70,7,48,22,0,0,0,0,2,2,0,,0.5,,,,,,4,,,
SimpleGumtree,110,7,68,42,0,0,0,0,2,2,0,,0.5,,,,,,5,,,
SimpleGumtree,38,11,28,2,6,2,0,0,3,2,0,,0.7,,,,,,1,,,
SimpleGumtree,70,7,48,22,0,0,0,0,2,2,0,,0.7,,,,,,2,,,
SimpleGumtree,70,7,48,22,0,0,0,0,3,2,0,,0.7,,,,,,3,,,
SimpleGumtree,70,7,48,22,0,0,0,0,4,2,0,,0.7,,,,,,4,,,
SimpleGumtree,110,7,68,42,0,0,0,0,3,2,0,,0.7,,,,,,5,,,
SimpleGumtree,38,11,28,2,6,2,0,0,3,2,0,,0.899,,,,,,1,,,
SimpleGumtree,70,7,48,22,0,0,0,0,3,2,0,,0.899,,,,,,2,,,
SimpleGumtree,70,7,48,22,0,0,0,0,3,2,0,,0.899,,,,,,3,,,
SimpleGumtree,70,7,48,22,0,0,0,0,3,2,0,,0.899,,,,,,4,,,
SimpleGumtree,110,7,68,42,0,0,0,0,3,2,0,,0.899,,,,,,5,,,
ClassicGumtree,44,17,31,5,6,2,0,0,19,3,0,0.1,,100,,,,,1,,,
ClassicGumtree,44,17,31,5,6,2,0,0,65,3,0,0.1,,200,,,,,1,,,
ClassicGumtree,42,15,30,4,6,2,0,0,328,3,0,0.1,,300,,,,,1,,,
ClassicGumtree,42,15,30,4,6,2,0,0,395,3,0,0.1,,400,,,,,1,,,
ClassicGumtree,42,15,30,4,6,2,0,0,526,3,0,0.1,,500,,,,,1,,,
ClassicGumtree,38,11,28,2,6,2,0,0,2354,3,0,0.1,,600,,,,,1,,,
ClassicGumtree,38,11,28,2,6,2,0,0,2348,3,0,0.1,,700,,,,,1,,,
ClassicGumtree,38,11,28,2,6,2,0,0,2322,3,0,0.1,,800,,,,,1,,,
ClassicGumtree,38,11,28,2,6,2,0,0,2295,3,0,0.1,,900,,,,,1,,,
ClassicGumtree,38,11,28,2,6,2,0,0,2436,3,0,0.1,,1000,,,,,1,,,
ClassicGumtree,38,11,28,2,6,2,0,0,2168,3,0,0.1,,1100,,,,,1,,,
ClassicGumtree,38,11,28,2,6,2,0,0,2305,3,0,0.1,,1200,,,,,1,,,
ClassicGumtree,38,11,28,2,6,2,0,0,2292,3,0,0.1,,1300,,,,,1,,,
ClassicGumtree,38,11,28,2,6,2,0,0,2296,3,0,0.1,,1400,,,,,1,,,
ClassicGumtree,38,11,28,2,6,2,0,0,2286,3,0,0.1,,1500,,,,,1,,,
ClassicGumtree,38,11,28,2,6,2,0,0,2256,3,0,0.1,,1600,,,,,1,,,
ClassicGumtree,38,11,28,2,6,2,0,0,2253,3,0,0.1,,1700,,,,,1,,,
ClassicGumtree,38,11,28,2,6,2,0,0,2252,3,0,0.1,,1800,,,,,1,,,
ClassicGumtree,38,11,28,2,6,2,0,0,2251,3,0,0.1,,1900,,,,,1,,,
ClassicGumtree,38,11,28,2,6,2,0,0,2245,3,0,0.1,,2000,,,,,1,,,
ClassicGumtree,126,49,72,46,6,2,0,0,16,3,0,0.1,,100,,,,,2,,,
ClassicGumtree,94,37,56,30,6,2,0,0,59,3,0,0.1,,200,,,,,2,,,
ClassicGumtree,78,29,48,22,6,2,0,0,212,3,0,0.1,,300,,,,,2,,,
ClassicGumtree,78,29,48,22,6,2,0,0,213,3,0,0.1,,400,,,,,2,,,
ClassicGumtree,78,29,48,22,6,2,0,0,484,3,0,0.1,,500,,,,,2,,,
ClassicGumtree,38,11,28,2,6,2,0,0,2276,3,0,0.1,,600,,,,,2,,,
ClassicGumtree,38,11,28,2,6,2,0,0,2268,3,0,0.1,,700,,,,,2,,,
ClassicGumtree,38,11,28,2,6,2,0,0,2261,3,0,0.1,,800,,,,,2,,,
ClassicGumtree,38,11,28,2,6,2,0,0,2264,3,0,0.1,,900,,,,,2,,,
ClassicGumtree,38,11,28,2,6,2,0,0,2263,3,0,0.1,,1000,,,,,2,,,
ClassicGumtree,38,11,28,2,6,2,0,0,2260,3,0,0.1,,1100,,,,,2,,,
ClassicGumtree,38,11,28,2,6,2,0,0,2262,3,0,0.1,,1200,,,,,2,,,
ClassicGumtree,38,11,28,2,6,2,0,0,2260,3,0,0.1,,1300,,,,,2,,,
ClassicGumtree,38,11,28,2,6,2,0,0,2263,3,0,0.1,,1400,,,,,2,,,
ClassicGumtree,38,11,28,2,6,2,0,0,2269,3,0,0.1,,1500,,,,,2,,,
ClassicGumtree,38,11,28,2,6,2,0,0,2246,3,0,0.1,,1600,,,,,2,,,
ClassicGumtree,38,11,28,2,6,2,0,0,2246,3,0,0.1,,1700,,,,,2,,,
ClassicGumtree,38,11,28,2,6,2,0,0,2246,3,0,0.1,,1800,,,,,2,,,
ClassicGumtree,38,11,28,2,6,2,0,0,2249,3,0,0.1,,1900,,,,,2,,,
ClassicGumtree,38,11,28,2,6,2,0,0,2246,3,0,0.1,,2000,,,,,2,,,
ClassicGumtree,246,70,132,106,6,2,0,0,16,3,0,0.1,,100,,,,,3,,,
ClassicGumtree,178,52,98,72,6,2,0,0,58,3,0,0.1,,200,,,,,3,,,
ClassicGumtree,128,39,73,47,6,2,0,0,212,3,0,0.1,,300,,,,,3,,,
ClassicGumtree,128,39,73,47,6,2,0,0,212,3,0,0.1,,400,,,,,3,,,
ClassicGumtree,128,39,73,47,6,2,0,0,484,3,0,0.1,,500,,,,,3,,,
ClassicGumtree,38,11,28,2,6,2,0,0,2245,3,0,0.1,,600,,,,,3,,,
ClassicGumtree,38,11,28,2,6,2,0,0,2248,3,0,0.1,,700,,,,,3,,,
ClassicGumtree,38,11,28,2,6,2,0,0,2246,3,0,0.1,,800,,,,,3,,,
ClassicGumtree,38,11,28,2,6,2,0,0,2251,3,0,0.1,,900,,,,,3,,,
ClassicGumtree,38,11,28,2,6,2,0,0,2246,3,0,0.1,,1000,,,,,3,,,
ClassicGumtree,38,11,28,2,6,2,0,0,2249,3,0,0.1,,1100,,,,,3,,,
ClassicGumtree,38,11,28,2,6,2,0,0,2244,3,0,0.1,,1200,,,,,3,,,
ClassicGumtree,38,11,28,2,6,2,0,0,2248,3,0,0.1,,1300,,,,,3,,,
ClassicGumtree,38,11,28,2,6,2,0,0,2245,3,0,0.1,,1400,,,,,3,,,
ClassicGumtree,38,11,28,2,6,2,0,0,2246,3,0,0.1,,1500,,,,,3,,,
ClassicGumtree,38,11,28,2,6,2,0,0,2270,3,0,0.1,,1600,,,,,3,,,
ClassicGumtree,38,11,28,2,6,2,0,0,2262,3,0,0.1,,1700,,,,,3,,,
ClassicGumtree,38,11,28,2,6,2,0,0,2256,3,0,0.1,,1800,,,,,3,,,
ClassicGumtree,38,11,28,2,6,2,0,0,2259,3,0,0.1,,1900,,,,,3,,,
ClassicGumtree,38,11,28,2,6,2,0,0,2257,3,0,0.1,,2000,,,,,3,,,
ClassicGumtree,284,76,151,125,6,2,0,0,16,3,0,0.1,,100,,,,,4,,,
ClassicGumtree,190,54,104,78,6,2,0,0,59,3,0,0.1,,200,,,,,4,,,
ClassicGumtree,128,39,73,47,6,2,0,0,212,3,0,0.1,,300,,,,,4,,,
ClassicGumtree,128,39,73,47,6,2,0,0,212,3,0,0.1,,400,,,,,4,,,
ClassicGumtree,128,39,73,47,6,2,0,0,485,3,0,0.1,,500,,,,,4,,,
ClassicGumtree,38,11,28,2,6,2,0,0,2264,3,0,0.1,,600,,,,,4,,,
ClassicGumtree,38,11,28,2,6,2,0,0,2265,3,0,0.1,,700,,,,,4,,,
ClassicGumtree,38,11,28,2,6,2,0,0,2257,3,0,0.1,,800,,,,,4,,,
ClassicGumtree,38,11,28,2,6,2,0,0,2260,3,0,0.1,,900,,,,,4,,,
ClassicGumtree,38,11,28,2,6,2,0,0,2260,3,0,0.1,,1000,,,,,4,,,
ClassicGumtree,38,11,28,2,6,2,0,0,2249,3,0,0.1,,1100,,,,,4,,,
ClassicGumtree,38,11,28,2,6,2,0,0,2246,3,0,0.1,,1200,,,,,4,,,
ClassicGumtree,38,11,28,2,6,2,0,0,2247,3,0,0.1,,1300,,,,,4,,,
ClassicGumtree,38,11,28,2,6,2,0,0,2244,3,0,0.1,,1400,,,,,4,,,
ClassicGumtree,38,11,28,2,6,2,0,0,2239,3,0,0.1,,1500,,,,,4,,,
ClassicGumtree,38,11,28,2,6,2,0,0,2246,3,0,0.1,,1600,,,,,4,,,
ClassicGumtree,38,11,28,2,6,2,0,0,2249,3,0,0.1,,1700,,,,,4,,,
ClassicGumtree,38,11,28,2,6,2,0,0,2248,3,0,0.1,,1800,,,,,4,,,
ClassicGumtree,38,11,28,2,6,2,0,0,2240,3,0,0.1,,1900,,,,,4,,,
ClassicGumtree,38,11,28,2,6,2,0,0,2246,3,0,0.1,,2000,,,,,4,,,
ClassicGumtree,616,92,319,293,3,1,0,0,12,3,0,0.1,,100,,,,,5,,,
ClassicGumtree,454,64,238,212,3,1,0,0,54,3,0,0.1,,200,,,,,5,,,
ClassicGumtree,278,45,148,122,6,2,0,0,207,3,0,0.1,,300,,,,,5,,,
ClassicGumtree,278,45,148,122,6,2,0,0,208,3,0,0.1,,400,,,,,5,,,
ClassicGumtree,264,43,141,115,6,2,0,0,480,3,0,0.1,,500,,,,,5,,,
ClassicGumtree,38,11,28,2,6,2,0,0,2243,3,0,0.1,,600,,,,,5,,,
ClassicGumtree,38,11,28,2,6,2,0,0,2244,3,0,0.1,,700,,,,,5,,,
ClassicGumtree,38,11,28,2,6,2,0,0,2258,3,0,0.1,,800,,,,,5,,,
ClassicGumtree,38,11,28,2,6,2,0,0,2251,3,0,0.1,,900,,,,,5,,,
ClassicGumtree,38,11,28,2,6,2,0,0,2257,3,0,0.1,,1000,,,,,5,,,
ClassicGumtree,38,11,28,2,6,2,0,0,2255,3,0,0.1,,1100,,,,,5,,,
ClassicGumtree,38,11,28,2,6,2,0,0,2254,3,0,0.1,,1200,,,,,5,,,
ClassicGumtree,38,11,28,2,6,2,0,0,2252,3,0,0.1,,1300,,,,,5,,,
ClassicGumtree,38,11,28,2,6,2,0,0,2260,3,0,0.1,,1400,,,,,5,,,
ClassicGumtree,38,11,28,2,6,2,0,0,2254,3,0,0.1,,1500,,,,,5,,,
ClassicGumtree,38,11,28,2,6,2,0,0,2248,3,0,0.1,,1600,,,,,5,,,
ClassicGumtree,38,11,28,2,6,2,0,0,2263,3,0,0.1,,1700,,,,,5,,,
ClassicGumtree,38,11,28,2,6,2,0,0,2243,3,0,0.1,,1800,,,,,5,,,
ClassicGumtree,38,11,28,2,6,2,0,0,2237,3,0,0.1,,1900,,,,,5,,,
ClassicGumtree,38,11,28,2,6,2,0,0,2241,3,0,0.1,,2000,,,,,5,,,
ClassicGumtree,44,17,31,5,6,2,0,0,17,3,0,0.2,,100,,,,,1,,,
ClassicGumtree,44,17,31,5,6,2,0,0,59,3,0,0.2,,200,,,,,1,,,
ClassicGumtree,42,15,30,4,6,2,0,0,213,3,0,0.2,,300,,,,,1,,,
ClassicGumtree,42,15,30,4,6,2,0,0,213,3,0,0.2,,400,,,,,1,,,
ClassicGumtree,42,15,30,4,6,2,0,0,484,3,0,0.2,,500,,,,,1,,,
ClassicGumtree,38,11,28,2,6,2,0,0,2250,3,0,0.2,,600,,,,,1,,,
ClassicGumtree,38,11,28,2,6,2,0,0,2252,3,0,0.2,,700,,,,,1,,,
ClassicGumtree,38,11,28,2,6,2,0,0,2252,3,0,0.2,,800,,,,,1,,,
ClassicGumtree,38,11,28,2,6,2,0,0,2253,3,0,0.2,,900,,,,,1,,,
ClassicGumtree,38,11,28,2,6,2,0,0,2246,3,0,0.2,,1000,,,,,1,,,
ClassicGumtree,38,11,28,2,6,2,0,0,2251,3,0,0.2,,1100,,,,,1,,,
ClassicGumtree,38,11,28,2,6,2,0,0,2253,3,0,0.2,,1200,,,,,1,,,
ClassicGumtree,38,11,28,2,6,2,0,0,2279,3,0,0.2,,1300,,,,,1,,,
ClassicGumtree,38,11,28,2,6,2,0,0,2258,3,0,0.2,,1400,,,,,1,,,
ClassicGumtree,38,11,28,2,6,2,0,0,2254,3,0,0.2,,1500,,,,,1,,,
ClassicGumtree,38,11,28,2,6,2,0,0,2251,3,0,0.2,,1600,,,,,1,,,
ClassicGumtree,38,11,28,2,6,2,0,0,2255,3,0,0.2,,1700,,,,,1,,,
ClassicGumtree,38,11,28,2,6,2,0,0,2244,3,0,0.2,,1800,,,,,1,,,
ClassicGumtree,38,11,28,2,6,2,0,0,2249,3,0,0.2,,1900,,,,,1,,,
ClassicGumtree,38,11,28,2,6,2,0,0,2249,3,0,0.2,,2000,,,,,1,,,
ClassicGumtree,126,49,72,46,6,2,0,0,16,3,0,0.2,,100,,,,,2,,,
ClassicGumtree,94,37,56,30,6,2,0,0,58,3,0,0.2,,200,,,,,2,,,
ClassicGumtree,78,29,48,22,6,2,0,0,213,3,0,0.2,,300,,,,,2,,,
ClassicGumtree,78,29,48,22,6,2,0,0,212,3,0,0.2,,400,,,,,2,,,
ClassicGumtree,78,29,48,22,6,2,0,0,483,3,0,0.2,,500,,,,,2,,,
ClassicGumtree,38,11,28,2,6,2,0,0,2261,3,0,0.2,,600,,,,,2,,,
ClassicGumtree,38,11,28,2,6,2,0,0,2262,3,0,0.2,,700,,,,,2,,,
ClassicGumtree,38,11,28,2,6,2,0,0,2257,3,0,0.2,,800,,,,,2,,,
ClassicGumtree,38,11,28,2,6,2,0,0,2259,3,0,0.2,,900,,,,,2,,,
ClassicGumtree,38,11,28,2,6,2,0,0,2259,3,0,0.2,,1000,,,,,2,,,
ClassicGumtree,38,11,28,2,6,2,0,0,2258,3,0,0.2,,1100,,,,,2,,,
ClassicGumtree,38,11,28,2,6,2,0,0,2261,3,0,0.2,,1200,,,,,2,,,
ClassicGumtree,38,11,28,2,6,2,0,0,2265,3,0,0.2,,1300,,,,,2,,,
ClassicGumtree,38,11,28,2,6,2,0,0,2261,3,0,0.2,,1400,,,,,2,,,
ClassicGumtree,38,11,28,2,6,2,0,0,2260,3,0,0.2,,1500,,,,,2,,,
ClassicGumtree,38,11,28,2,6,2,0,0,2246,3,0,0.2,,1600,,,,,2,,,
ClassicGumtree,38,11,28,2,6,2,0,0,2249,3,0,0.2,,1700,,,,,2,,,
ClassicGumtree,38,11,28,2,6,2,0,0,2242,3,0,0.2,,1800,,,,,2,,,
ClassicGumtree,38,11,28,2,6,2,0,0,2250,3,0,0.2,,1900,,,,,2,,,
ClassicGumtree,38,11,28,2,6,2,0,0,2244,3,0,0.2,,2000,,,,,2,,,
ClassicGumtree,246,70,132,106,6,2,0,0,16,3,0,0.2,,100,,,,,3,,,
ClassicGumtree,178,52,98,72,6,2,0,0,59,3,0,0.2,,200,,,,,3,,,
ClassicGumtree,128,39,73,47,6,2,0,0,214,3,0,0.2,,300,,,,,3,,,
ClassicGumtree,128,39,73,47,6,2,0,0,212,3,0,0.2,,400,,,,,3,,,
ClassicGumtree,128,39,73,47,6,2,0,0,486,3,0,0.2,,500,,,,,3,,,
ClassicGumtree,38,11,28,2,6,2,0,0,2252,3,0,0.2,,600,,,,,3,,,
ClassicGumtree,38,11,28,2,6,2,0,0,2249,3,0,0.2,,700,,,,,3,,,
ClassicGumtree,38,11,28,2,6,2,0,0,2256,3,0,0.2,,800,,,,,3,,,
ClassicGumtree,38,11,28,2,6,2,0,0,2247,3,0,0.2,,900,,,,,3,,,
ClassicGumtree,38,11,28,2,6,2,0,0,2251,3,0,0.2,,1000,,,,,3,,,
ClassicGumtree,38,11,28,2,6,2,0,0,2263,3,0,0.2,,1100,,,,,3,,,
ClassicGumtree,38,11,28,2,6,2,0,0,2264,3,0,0.2,,1200,,,,,3,,,
ClassicGumtree,38,11,28,2,6,2,0,0,2258,3,0,0.2,,1300,,,,,3,,,
ClassicGumtree,38,11,28,2,6,2,0,0,2266,3,0,0.2,,1400,,,,,3,,,
ClassicGumtree,38,11,28,2,6,2,0,0,2256,3,0,0.2,,1500,,,,,3,,,
ClassicGumtree,38,11,28,2,6,2,0,0,2263,3,0,0.2,,1600,,,,,3,,,
ClassicGumtree,38,11,28,2,6,2,0,0,2263,3,0,0.2,,1700,,,,,3,,,
ClassicGumtree,38,11,28,2,6,2,0,0,2269,3,0,0.2,,1800,,,,,3,,,
ClassicGumtree,38,11,28,2,6,2,0,0,2263,3,0,0.2,,1900,,,,,3,,,
ClassicGumtree,38,11,28,2,6,2,0,0,2262,3,0,0.2,,2000,,,,,3,,,
ClassicGumtree,284,76,151,125,6,2,0,0,16,3,0,0.2,,100,,,,,4,,,
ClassicGumtree,190,54,104,78,6,2,0,0,59,3,0,0.2,,200,,,,,4,,,
ClassicGumtree,128,39,73,47,6,2,0,0,212,3,0,0.2,,300,,,,,4,,,
ClassicGumtree,128,39,73,47,6,2,0,0,213,3,0,0.2,,400,,,,,4,,,
ClassicGumtree,128,39,73,47,6,2,0,0,480,3,0,0.2,,500,,,,,4,,,
ClassicGumtree,38,11,28,2,6,2,0,0,2247,3,0,0.2,,600,,,,,4,,,
ClassicGumtree,38,11,28,2,6,2,0,0,2244,3,0,0.2,,700,,,,,4,,,
ClassicGumtree,38,11,28,2,6,2,0,0,2246,3,0,0.2,,800,,,,,4,,,
ClassicGumtree,38,11,28,2,6,2,0,0,2251,3,0,0.2,,900,,,,,4,,,
ClassicGumtree,38,11,28,2,6,2,0,0,2248,3,0,0.2,,1000,,,,,4,,,
ClassicGumtree,38,11,28,2,6,2,0,0,2246,3,0,0.2,,1100,,,,,4,,,
ClassicGumtree,38,11,28,2,6,2,0,0,2242,3,0,0.2,,1200,,,,,4,,,
ClassicGumtree,38,11,28,2,6,2,0,0,2241,3,0,0.2,,1300,,,,,4,,,
ClassicGumtree,38,11,28,2,6,2,0,0,2245,3,0,0.2,,1400,,,,,4,,,
ClassicGumtree,38,11,28,2,6,2,0,0,2239,3,0,0.2,,1500,,,,,4,,,
ClassicGumtree,38,11,28,2,6,2,0,0,2247,3,0,0.2,,1600,,,,,4,,,
ClassicGumtree,38,11,28,2,6,2,0,0,2249,3,0,0.2,,1700,,,,,4,,,
ClassicGumtree,38,11,28,2,6,2,0,0,2242,3,0,0.2,,1800,,,,,4,,,
ClassicGumtree,38,11,28,2,6,2,0,0,2245,3,0,0.2,,1900,,,,,4,,,
ClassicGumtree,38,11,28,2,6,2,0,0,2242,3,0,0.2,,2000,,,,,4,,,
ClassicGumtree,616,92,319,293,3,1,0,0,12,3,0,0.2,,100,,,,,5,,,
ClassicGumtree,454,64,238,212,3,1,0,0,54,3,0,0.2,,200,,,,,5,,,
ClassicGumtree,278,45,148,122,6,2,0,0,210,3,0,0.2,,300,,,,,5,,,
ClassicGumtree,278,45,148,122,6,2,0,0,208,3,0,0.2,,400,,,,,5,,,
ClassicGumtree,264,43,141,115,6,2,0,0,482,3,0,0.2,,500,,,,,5,,,
ClassicGumtree,38,11,28,2,6,2,0,0,2236,3,0,0.2,,600,,,,,5,,,
ClassicGumtree,38,11,28,2,6,2,0,0,2242,3,0,0.2,,700,,,,,5,,,
ClassicGumtree,38,11,28,2,6,2,0,0,2243,3,0,0.2,,800,,,,,5,,,
ClassicGumtree,38,11,28,2,6,2,0,0,2246,3,0,0.2,,900,,,,,5,,,
ClassicGumtree,38,11,28,2,6,2,0,0,2262,3,0,0.2,,1000,,,,,5,,,
ClassicGumtree,38,11,28,2,6,2,0,0,2263,3,0,0.2,,1100,,,,,5,,,
ClassicGumtree,38,11,28,2,6,2,0,0,2248,3,0,0.2,,1200,,,,,5,,,
ClassicGumtree,38,11,28,2,6,2,0,0,2253,3,0,0.2,,1300,,,,,5,,,
ClassicGumtree,38,11,28,2,6,2,0,0,2261,3,0,0.2,,1400,,,,,5,,,
ClassicGumtree,38,11,28,2,6,2,0,0,2256,3,0,0.2,,1500,,,,,5,,,
ClassicGumtree,38,11,28,2,6,2,0,0,2258,3,0,0.2,,1600,,,,,5,,,
ClassicGumtree,38,11,28,2,6,2,0,0,2256,3,0,0.2,,1700,,,,,5,,,
ClassicGumtree,38,11,28,2,6,2,0,0,2256,3,0,0.2,,1800,,,,,5,,,
ClassicGumtree,38,11,28,2,6,2,0,0,2253,3,0,0.2,,1900,,,,,5,,,
ClassicGumtree,38,11,28,2,6,2,0,0,2239,3,0,0.2,,2000,,,,,5,,,
ClassicGumtree,44,17,31,5,6,2,0,0,17,3,0,0.3,,100,,,,,1,,,
ClassicGumtree,44,17,31,5,6,2,0,0,60,3,0,0.3,,200,,,,,1,,,
ClassicGumtree,42,15,30,4,6,2,0,0,212,3,0,0.3,,300,,,,,1,,,
ClassicGumtree,42,15,30,4,6,2,0,0,214,3,0,0.3,,400,,,,,1,,,
ClassicGumtree,42,15,30,4,6,2,0,0,485,3,0,0.3,,500,,,,,1,,,
ClassicGumtree,38,11,28,2,6,2,0,0,2257,3,0,0.3,,600,,,,,1,,,
ClassicGumtree,38,11,28,2,6,2,0,0,2253,3,0,0.3,,700,,,,,1,,,
ClassicGumtree,38,11,28,2,6,2,0,0,2250,3,0,0.3,,800,,,,,1,,,
ClassicGumtree,38,11,28,2,6,2,0,0,2251,3,0,0.3,,900,,,,,1,,,
ClassicGumtree,38,11,28,2,6,2,0,0,2253,3,0,0.3,,1000,,,,,1,,,
ClassicGumtree,38,11,28,2,6,2,0,0,2247,3,0,0.3,,1100,,,,,1,,,
ClassicGumtree,38,11,28,2,6,2,0,0,2254,3,0,0.3,,1200,,,,,1,,,
ClassicGumtree,38,11,28,2,6,2,0,0,2253,3,0,0.3,,1300,,,,,1,,,
ClassicGumtree,38,11,28,2,6,2,0,0,2248,3,0,0.3,,1400,,,,,1,,,
ClassicGumtree,38,11,28,2,6,2,0,0,2251,3,0,0.3,,1500,,,,,1,,,
ClassicGumtree,38,11,28,2,6,2,0,0,2278,3,0,0.3,,1600,,,,,1,,,
ClassicGumtree,38,11,28,2,6,2,0,0,2267,3,0,0.3,,1700,,,,,1,,,
ClassicGumtree,38,11,28,2,6,2,0,0,2259,3,0,0.3,,1800,,,,,1,,,
ClassicGumtree,38,11,28,2,6,2,0,0,2249,3,0,0.3,,1900,,,,,1,,,
ClassicGumtree,38,11,28,2,6,2,0,0,2284,3,0,0.3,,2000,,,,,1,,,
ClassicGumtree,126,49,72,46,6,2,0,0,16,3,0,0.3,,100,,,,,2,,,
ClassicGumtree,94,37,56,30,6,2,0,0,58,3,0,0.3,,200,,,,,2,,,
ClassicGumtree,78,29,48,22,6,2,0,0,214,3,0,0.3,,300,,,,,2,,,
ClassicGumtree,78,29,48,22,6,2,0,0,215,3,0,0.3,,400,,,,,2,,,
ClassicGumtree,78,29,48,22,6,2,0,0,489,3,0,0.3,,500,,,,,2,,,
ClassicGumtree,38,11,28,2,6,2,0,0,2286,3,0,0.3,,600,,,,,2,,,
ClassicGumtree,38,11,28,2,6,2,0,0,2284,3,0,0.3,,700,,,,,2,,,
ClassicGumtree,38,11,28,2,6,2,0,0,2281,3,0,0.3,,800,,,,,2,,,
ClassicGumtree,38,11,28,2,6,2,0,0,2284,3,0,0.3,,900,,,,,2,,,
ClassicGumtree,38,11,28,2,6,2,0,0,2288,3,0,0.3,,1000,,,,,2,,,
ClassicGumtree,38,11,28,2,6,2,0,0,2275,3,0,0.3,,1100,,,,,2,,,
ClassicGumtree,38,11,28,2,6,2,0,0,2245,3,0,0.3,,1200,,,,,2,,,
ClassicGumtree,38,11,28,2,6,2,0,0,2240,3,0,0.3,,1300,,,,,2,,,
ClassicGumtree,38,11,28,2,6,2,0,0,2246,3,0,0.3,,1400,,,,,2,,,
ClassicGumtree,38,11,28,2,6,2,0,0,2258,3,0,0.3,,1500,,,,,2,,,
ClassicGumtree,38,11,28,2,6,2,0,0,2260,3,0,0.3,,1600,,,,,2,,,
ClassicGumtree,38,11,28,2,6,2,0,0,2249,3,0,0.3,,1700,,,,,2,,,
ClassicGumtree,38,11,28,2,6,2,0,0,2253,3,0,0.3,,1800,,,,,2,,,
ClassicGumtree,38,11,28,2,6,2,0,0,2242,3,0,0.3,,1900,,,,,2,,,
ClassicGumtree,38,11,28,2,6,2,0,0,2259,3,0,0.3,,2000,,,,,2,,,
ClassicGumtree,246,70,132,106,6,2,0,0,16,3,0,0.3,,100,,,,,3,,,
ClassicGumtree,178,52,98,72,6,2,0,0,59,3,0,0.3,,200,,,,,3,,,
ClassicGumtree,128,39,73,47,6,2,0,0,212,3,0,0.3,,300,,,,,3,,,
ClassicGumtree,128,39,73,47,6,2,0,0,211,3,0,0.3,,400,,,,,3,,,
ClassicGumtree,128,39,73,47,6,2,0,0,485,3,0,0.3,,500,,,,,3,,,
ClassicGumtree,38,11,28,2,6,2,0,0,2245,3,0,0.3,,600,,,,,3,,,
ClassicGumtree,38,11,28,2,6,2,0,0,2245,3,0,0.3,,700,,,,,3,,,
ClassicGumtree,38,11,28,2,6,2,0,0,2252,3,0,0.3,,800,,,,,3,,,
ClassicGumtree,38,11,28,2,6,2,0,0,2252,3,0,0.3,,900,,,,,3,,,
ClassicGumtree,38,11,28,2,6,2,0,0,2257,3,0,0.3,,1000,,,,,3,,,
ClassicGumtree,38,11,28,2,6,2,0,0,2256,3,0,0.3,,1100,,,,,3,,,
ClassicGumtree,38,11,28,2,6,2,0,0,2259,3,0,0.3,,1200,,,,,3,,,
ClassicGumtree,38,11,28,2,6,2,0,0,2267,3,0,0.3,,1300,,,,,3,,,
ClassicGumtree,38,11,28,2,6,2,0,0,2271,3,0,0.3,,1400,,,,,3,,,
ClassicGumtree,38,11,28,2,6,2,0,0,2269,3,0,0.3,,1500,,,,,3,,,
ClassicGumtree,38,11,28,2,6,2,0,0,2262,3,0,0.3,,1600,,,,,3,,,
ClassicGumtree,38,11,28,2,6,2,0,0,2253,3,0,0.3,,1700,,,,,3,,,
ClassicGumtree,38,11,28,2,6,2,0,0,2262,3,0,0.3,,1800,,,,,3,,,
ClassicGumtree,38,11,28,2,6,2,0,0,2261,3,0,0.3,,1900,,,,,3,,,
ClassicGumtree,38,11,28,2,6,2,0,0,2263,3,0,0.3,,2000,,,,,3,,,
ClassicGumtree,284,76,151,125,6,2,0,0,16,3,0,0.3,,100,,,,,4,,,
ClassicGumtree,190,54,104,78,6,2,0,0,59,3,0,0.3,,200,,,,,4,,,
ClassicGumtree,128,39,73,47,6,2,0,0,227,3,0,0.3,,300,,,,,4,,,
ClassicGumtree,128,39,73,47,6,2,0,0,228,3,0,0.3,,400,,,,,4,,,
ClassicGumtree,128,39,73,47,6,2,0,0,483,3,0,0.3,,500,,,,,4,,,
ClassicGumtree,38,11,28,2,6,2,0,0,2243,3,0,0.3,,600,,,,,4,,,
ClassicGumtree,38,11,28,2,6,2,0,0,2245,3,0,0.3,,700,,,,,4,,,
ClassicGumtree,38,11,28,2,6,2,0,0,2261,3,0,0.3,,800,,,,,4,,,
ClassicGumtree,38,11,28,2,6,2,0,0,2252,3,0,0.3,,900,,,,,4,,,
ClassicGumtree,38,11,28,2,6,2,0,0,2251,3,0,0.3,,1000,,,,,4,,,
ClassicGumtree,38,11,28,2,6,2,0,0,2247,3,0,0.3,,1100,,,,,4,,,
ClassicGumtree,38,11,28,2,6,2,0,0,2242,3,0,0.3,,1200,,,,,4,,,
ClassicGumtree,38,11,28,2,6,2,0,0,2248,3,0,0.3,,1300,,,,,4,,,
ClassicGumtree,38,11,28,2,6,2,0,0,2251,3,0,0.3,,1400,,,,,4,,,
ClassicGumtree,38,11,28,2,6,2,0,0,2248,3,0,0.3,,1500,,,,,4,,,
ClassicGumtree,38,11,28,2,6,2,0,0,2249,3,0,0.3,,1600,,,,,4,,,
ClassicGumtree,38,11,28,2,6,2,0,0,2244,3,0,0.3,,1700,,,,,4,,,
ClassicGumtree,38,11,28,2,6,2,0,0,2244,3,0,0.3,,1800,,,,,4,,,
ClassicGumtree,38,11,28,2,6,2,0,0,2251,3,0,0.3,,1900,,,,,4,,,
ClassicGumtree,38,11,28,2,6,2,0,0,2248,3,0,0.3,,2000,,,,,4,,,
ClassicGumtree,616,92,319,293,3,1,0,0,12,3,0,0.3,,100,,,,,5,,,
ClassicGumtree,454,64,238,212,3,1,0,0,55,3,0,0.3,,200,,,,,5,,,
ClassicGumtree,278,45,148,122,6,2,0,0,208,3,0,0.3,,300,,,,,5,,,
ClassicGumtree,278,45,148,122,6,2,0,0,208,3,0,0.3,,400,,,,,5,,,
ClassicGumtree,264,43,141,115,6,2,0,0,478,3,0,0.3,,500,,,,,5,,,
ClassicGumtree,38,11,28,2,6,2,0,0,2261,3,0,0.3,,600,,,,,5,,,
ClassicGumtree,38,11,28,2,6,2,0,0,2256,3,0,0.3,,700,,,,,5,,,
ClassicGumtree,38,11,28,2,6,2,0,0,2255,3,0,0.3,,800,,,,,5,,,
ClassicGumtree,38,11,28,2,6,2,0,0,2264,3,0,0.3,,900,,,,,5,,,
ClassicGumtree,38,11,28,2,6,2,0,0,2263,3,0,0.3,,1000,,,,,5,,,
ClassicGumtree,38,11,28,2,6,2,0,0,2261,3,0,0.3,,1100,,,,,5,,,
ClassicGumtree,38,11,28,2,6,2,0,0,2259,3,0,0.3,,1200,,,,,5,,,
ClassicGumtree,38,11,28,2,6,2,0,0,2249,3,0,0.3,,1300,,,,,5,,,
ClassicGumtree,38,11,28,2,6,2,0,0,2271,3,0,0.3,,1400,,,,,5,,,
ClassicGumtree,38,11,28,2,6,2,0,0,2262,3,0,0.3,,1500,,,,,5,,,
ClassicGumtree,38,11,28,2,6,2,0,0,2245,3,0,0.3,,1600,,,,,5,,,
ClassicGumtree,38,11,28,2,6,2,0,0,2246,3,0,0.3,,1700,,,,,5,,,
ClassicGumtree,38,11,28,2,6,2,0,0,2246,3,0,0.3,,1800,,,,,5,,,
ClassicGumtree,38,11,28,2,6,2,0,0,2246,3,0,0.3,,1900,,,,,5,,,
ClassicGumtree,38,11,28,2,6,2,0,0,2252,3,0,0.3,,2000,,,,,5,,,
ClassicGumtree,44,17,31,5,6,2,0,0,17,3,0,0.4,,100,,,,,1,,,
ClassicGumtree,44,17,31,5,6,2,0,0,59,3,0,0.4,,200,,,,,1,,,
ClassicGumtree,42,15,30,4,6,2,0,0,214,3,0,0.4,,300,,,,,1,,,
ClassicGumtree,42,15,30,4,6,2,0,0,214,3,0,0.4,,400,,,,,1,,,
ClassicGumtree,42,15,30,4,6,2,0,0,485,3,0,0.4,,500,,,,,1,,,
ClassicGumtree,38,11,28,2,6,2,0,0,2251,3,0,0.4,,600,,,,,1,,,
ClassicGumtree,38,11,28,2,6,2,0,0,2249,3,0,0.4,,700,,,,,1,,,
ClassicGumtree,38,11,28,2,6,2,0,0,2249,3,0,0.4,,800,,,,,1,,,
ClassicGumtree,38,11,28,2,6,2,0,0,2254,3,0,0.4,,900,,,,,1,,,
ClassicGumtree,38,11,28,2,6,2,0,0,2243,3,0,0.4,,1000,,,,,1,,,
ClassicGumtree,38,11,28,2,6,2,0,0,2247,3,0,0.4,,1100,,,,,1,,,
ClassicGumtree,38,11,28,2,6,2,0,0,2249,3,0,0.4,,1200,,,,,1,,,
ClassicGumtree,38,11,28,2,6,2,0,0,2256,3,0,0.4,,1300,,,,,1,,,
ClassicGumtree,38,11,28,2,6,2,0,0,2251,3,0,0.4,,1400,,,,,1,,,
ClassicGumtree,38,11,28,2,6,2,0,0,2262,3,0,0.4,,1500,,,,,1,,,
ClassicGumtree,38,11,28,2,6,2,0,0,2275,3,0,0.4,,1600,,,,,1,,,
ClassicGumtree,38,11,28,2,6,2,0,0,2267,3,0,0.4,,1700,,,,,1,,,
ClassicGumtree,38,11,28,2,6,2,0,0,2271,3,0,0.4,,1800,,,,,1,,,
ClassicGumtree,38,11,28,2,6,2,0,0,2266,3,0,0.4,,1900,,,,,1,,,
ClassicGumtree,38,11,28,2,6,2,0,0,2266,3,0,0.4,,2000,,,,,1,,,
ClassicGumtree,178,50,99,73,3,3,0,0,12,3,0,0.4,,100,,,,,2,,,
ClassicGumtree,146,38,83,57,3,3,0,0,55,3,0,0.4,,200,,,,,2,,,
ClassicGumtree,78,29,48,22,6,2,0,0,208,3,0,0.4,,300,,,,,2,,,
ClassicGumtree,78,29,48,22,6,2,0,0,209,3,0,0.4,,400,,,,,2,,,
ClassicGumtree,78,29,48,22,6,2,0,0,496,3,0,0.4,,500,,,,,2,,,
ClassicGumtree,38,11,28,2,6,2,0,0,2256,3,0,0.4,,600,,,,,2,,,
ClassicGumtree,38,11,28,2,6,2,0,0,2269,3,0,0.4,,700,,,,,2,,,
ClassicGumtree,38,11,28,2,6,2,0,0,2263,3,0,0.4,,800,,,,,2,,,
ClassicGumtree,38,11,28,2,6,2,0,0,2247,3,0,0.4,,900,,,,,2,,,
ClassicGumtree,38,11,28,2,6,2,0,0,2250,3,0,0.4,,1000,,,,,2,,,
ClassicGumtree,38,11,28,2,6,2,0,0,2244,3,0,0.4,,1100,,,,,2,,,
ClassicGumtree,38,11,28,2,6,2,0,0,2247,3,0,0.4,,1200,,,,,2,,,
ClassicGumtree,38,11,28,2,6,2,0,0,2242,3,0,0.4,,1300,,,,,2,,,
ClassicGumtree,38,11,28,2,6,2,0,0,2239,3,0,0.4,,1400,,,,,2,,,
ClassicGumtree,38,11,28,2,6,2,0,0,2251,3,0,0.4,,1500,,,,,2,,,
ClassicGumtree,38,11,28,2,6,2,0,0,2254,3,0,0.4,,1600,,,,,2,,,
ClassicGumtree,38,11,28,2,6,2,0,0,2254,3,0,0.4,,1700,,,,,2,,,
ClassicGumtree,38,11,28,2,6,2,0,0,2247,3,0,0.4,,1800,,,,,2,,,
ClassicGumtree,38,11,28,2,6,2,0,0,2240,3,0,0.4,,1900,,,,,2,,,
ClassicGumtree,38,11,28,2,6,2,0,0,2238,3,0,0.4,,2000,,,,,2,,,
ClassicGumtree,287,69,154,128,3,2,0,0,12,3,0,0.4,,100,,,,,3,,,
ClassicGumtree,219,51,120,94,3,2,0,0,54,3,0,0.4,,200,,,,,3,,,
ClassicGumtree,128,39,73,47,6,2,0,0,208,3,0,0.4,,300,,,,,3,,,
ClassicGumtree,128,39,73,47,6,2,0,0,208,3,0,0.4,,400,,,,,3,,,
ClassicGumtree,128,39,73,47,6,2,0,0,481,3,0,0.4,,500,,,,,3,,,
ClassicGumtree,38,11,28,2,6,2,0,0,2242,3,0,0.4,,600,,,,,3,,,
ClassicGumtree,38,11,28,2,6,2,0,0,2240,3,0,0.4,,700,,,,,3,,,
ClassicGumtree,38,11,28,2,6,2,0,0,2244,3,0,0.4,,800,,,,,3,,,
ClassicGumtree,38,11,28,2,6,2,0,0,2242,3,0,0.4,,900,,,,,3,,,
ClassicGumtree,38,11,28,2,6,2,0,0,2251,3,0,0.4,,1000,,,,,3,,,
ClassicGumtree,38,11,28,2,6,2,0,0,2254,3,0,0.4,,1100,,,,,3,,,
ClassicGumtree,38,11,28,2,6,2,0,0,2259,3,0,0.4,,1200,,,,,3,,,
ClassicGumtree,38,11,28,2,6,2,0,0,2261,3,0,0.4,,1300,,,,,3,,,
ClassicGumtree,38,11,28,2,6,2,0,0,2261,3,0,0.4,,1400,,,,,3,,,
ClassicGumtree,38,11,28,2,6,2,0,0,2252,3,0,0.4,,1500,,,,,3,,,
ClassicGumtree,38,11,28,2,6,2,0,0,2255,3,0,0.4,,1600,,,,,3,,,
ClassicGumtree,38,11,28,2,6,2,0,0,2256,3,0,0.4,,1700,,,,,3,,,
ClassicGumtree,38,11,28,2,6,2,0,0,2254,3,0,0.4,,1800,,,,,3,,,
ClassicGumtree,38,11,28,2,6,2,0,0,2254,3,0,0.4,,1900,,,,,3,,,
ClassicGumtree,38,11,28,2,6,2,0,0,2256,3,0,0.4,,2000,,,,,3,,,
ClassicGumtree,325,75,173,147,3,2,0,0,12,3,0,0.4,,100,,,,,4,,,
ClassicGumtree,231,53,126,100,3,2,0,0,55,3,0,0.4,,200,,,,,4,,,
ClassicGumtree,128,39,73,47,6,2,0,0,209,3,0,0.4,,300,,,,,4,,,
ClassicGumtree,128,39,73,47,6,2,0,0,209,3,0,0.4,,400,,,,,4,,,
ClassicGumtree,128,39,73,47,6,2,0,0,482,3,0,0.4,,500,,,,,4,,,
ClassicGumtree,38,11,28,2,6,2,0,0,2239,3,0,0.4,,600,,,,,4,,,
ClassicGumtree,38,11,28,2,6,2,0,0,2242,3,0,0.4,,700,,,,,4,,,
ClassicGumtree,38,11,28,2,6,2,0,0,2244,3,0,0.4,,800,,,,,4,,,
ClassicGumtree,38,11,28,2,6,2,0,0,2245,3,0,0.4,,900,,,,,4,,,
ClassicGumtree,38,11,28,2,6,2,0,0,2236,3,0,0.4,,1000,,,,,4,,,
ClassicGumtree,38,11,28,2,6,2,0,0,2241,3,0,0.4,,1100,,,,,4,,,
ClassicGumtree,38,11,28,2,6,2,0,0,2242,3,0,0.4,,1200,,,,,4,,,
ClassicGumtree,38,11,28,2,6,2,0,0,2248,3,0,0.4,,1300,,,,,4,,,
ClassicGumtree,38,11,28,2,6,2,0,0,2243,3,0,0.4,,1400,,,,,4,,,
ClassicGumtree,38,11,28,2,6,2,0,0,2240,3,0,0.4,,1500,,,,,4,,,
ClassicGumtree,38,11,28,2,6,2,0,0,2251,3,0,0.4,,1600,,,,,4,,,
ClassicGumtree,38,11,28,2,6,2,0,0,2255,3,0,0.4,,1700,,,,,4,,,
ClassicGumtree,38,11,28,2,6,2,0,0,2258,3,0,0.4,,1800,,,,,4,,,
ClassicGumtree,38,11,28,2,6,2,0,0,2266,3,0,0.4,,1900,,,,,4,,,
ClassicGumtree,38,11,28,2,6,2,0,0,2255,3,0,0.4,,2000,,,,,4,,,
ClassicGumtree,616,92,319,293,3,1,0,0,12,3,0,0.4,,100,,,,,5,,,
ClassicGumtree,454,64,238,212,3,1,0,0,54,3,0,0.4,,200,,,,,5,,,
ClassicGumtree,278,45,148,122,6,2,0,0,207,3,0,0.4,,300,,,,,5,,,
ClassicGumtree,278,45,148,122,6,2,0,0,207,3,0,0.4,,400,,,,,5,,,
ClassicGumtree,264,43,141,115,6,2,0,0,483,3,0,0.4,,500,,,,,5,,,
ClassicGumtree,38,11,28,2,6,2,0,0,2273,3,0,0.4,,600,,,,,5,,,
ClassicGumtree,38,11,28,2,6,2,0,0,2263,3,0,0.4,,700,,,,,5,,,
ClassicGumtree,38,11,28,2,6,2,0,0,2262,3,0,0.4,,800,,,,,5,,,
ClassicGumtree,38,11,28,2,6,2,0,0,2251,3,0,0.4,,900,,,,,5,,,
ClassicGumtree,38,11,28,2,6,2,0,0,2257,3,0,0.4,,1000,,,,,5,,,
ClassicGumtree,38,11,28,2,6,2,0,0,2244,3,0,0.4,,1100,,,,,5,,,
ClassicGumtree,38,11,28,2,6,2,0,0,2245,3,0,0.4,,1200,,,,,5,,,
ClassicGumtree,38,11,28,2,6,2,0,0,2244,3,0,0.4,,1300,,,,,5,,,
ClassicGumtree,38,11,28,2,6,2,0,0,2241,3,0,0.4,,1400,,,,,5,,,
ClassicGumtree,38,11,28,2,6,2,0,0,2236,3,0,0.4,,1500,,,,,5,,,
ClassicGumtree,38,11,28,2,6,2,0,0,2250,3,0,0.4,,1600,,,,,5,,,
ClassicGumtree,38,11,28,2,6,2,0,0,2251,3,0,0.4,,1700,,,,,5,,,
ClassicGumtree,38,11,28,2,6,2,0,0,2251,3,0,0.4,,1800,,,,,5,,,
ClassicGumtree,38,11,28,2,6,2,0,0,2241,3,0,0.4,,1900,,,,,5,,,
ClassicGumtree,38,11,28,2,6,2,0,0,2243,3,0,0.4,,2000,,,,,5,,,
ClassicGumtree,44,17,31,5,6,2,0,0,17,3,0,0.5,,100,,,,,1,,,
ClassicGumtree,44,17,31,5,6,2,0,0,60,3,0,0.5,,200,,,,,1,,,
ClassicGumtree,42,15,30,4,6,2,0,0,213,3,0,0.5,,300,,,,,1,,,
ClassicGumtree,42,15,30,4,6,2,0,0,213,3,0,0.5,,400,,,,,1,,,
ClassicGumtree,42,15,30,4,6,2,0,0,486,3,0,0.5,,500,,,,,1,,,
ClassicGumtree,38,11,28,2,6,2,0,0,2255,3,0,0.5,,600,,,,,1,,,
ClassicGumtree,38,11,28,2,6,2,0,0,2251,3,0,0.5,,700,,,,,1,,,
ClassicGumtree,38,11,28,2,6,2,0,0,2258,3,0,0.5,,800,,,,,1,,,
ClassicGumtree,38,11,28,2,6,2,0,0,2259,3,0,0.5,,900,,,,,1,,,
ClassicGumtree,38,11,28,2,6,2,0,0,2243,3,0,0.5,,1000,,,,,1,,,
ClassicGumtree,38,11,28,2,6,2,0,0,2252,3,0,0.5,,1100,,,,,1,,,
ClassicGumtree,38,11,28,2,6,2,0,0,2247,3,0,0.5,,1200,,,,,1,,,
ClassicGumtree,38,11,28,2,6,2,0,0,2250,3,0,0.5,,1300,,,,,1,,,
ClassicGumtree,38,11,28,2,6,2,0,0,2246,3,0,0.5,,1400,,,,,1,,,
ClassicGumtree,38,11,28,2,6,2,0,0,2251,3,0,0.5,,1500,,,,,1,,,
ClassicGumtree,38,11,28,2,6,2,0,0,2260,3,0,0.5,,1600,,,,,1,,,
ClassicGumtree,38,11,28,2,6,2,0,0,2266,3,0,0.5,,1700,,,,,1,,,
ClassicGumtree,38,11,28,2,6,2,0,0,2258,3,0,0.5,,1800,,,,,1,,,
ClassicGumtree,38,11,28,2,6,2,0,0,2261,3,0,0.5,,1900,,,,,1,,,
ClassicGumtree,38,11,28,2,6,2,0,0,2261,3,0,0.5,,2000,,,,,1,,,
ClassicGumtree,178,50,99,73,3,3,0,0,12,3,0,0.5,,100,,,,,2,,,
ClassicGumtree,146,38,83,57,3,3,0,0,55,3,0,0.5,,200,,,,,2,,,
ClassicGumtree,78,29,48,22,6,2,0,0,207,3,0,0.5,,300,,,,,2,,,
ClassicGumtree,78,29,48,22,6,2,0,0,207,3,0,0.5,,400,,,,,2,,,
ClassicGumtree,78,29,48,22,6,2,0,0,494,3,0,0.5,,500,,,,,2,,,
ClassicGumtree,38,11,28,2,6,2,0,0,2256,3,0,0.5,,600,,,,,2,,,
ClassicGumtree,38,11,28,2,6,2,0,0,2264,3,0,0.5,,700,,,,,2,,,
ClassicGumtree,38,11,28,2,6,2,0,0,2252,3,0,0.5,,800,,,,,2,,,
ClassicGumtree,38,11,28,2,6,2,0,0,2250,3,0,0.5,,900,,,,,2,,,
ClassicGumtree,38,11,28,2,6,2,0,0,2244,3,0,0.5,,1000,,,,,2,,,
ClassicGumtree,38,11,28,2,6,2,0,0,2244,3,0,0.5,,1100,,,,,2,,,
ClassicGumtree,38,11,28,2,6,2,0,0,2245,3,0,0.5,,1200,,,,,2,,,
ClassicGumtree,38,11,28,2,6,2,0,0,2246,3,0,0.5,,1300,,,,,2,,,
ClassicGumtree,38,11,28,2,6,2,0,0,2242,3,0,0.5,,1400,,,,,2,,,
ClassicGumtree,38,11,28,2,6,2,0,0,2247,3,0,0.5,,1500,,,,,2,,,
ClassicGumtree,38,11,28,2,6,2,0,0,2245,3,0,0.5,,1600,,,,,2,,,
ClassicGumtree,38,11,28,2,6,2,0,0,2244,3,0,0.5,,1700,,,,,2,,,
ClassicGumtree,38,11,28,2,6,2,0,0,2245,3,0,0.5,,1800,,,,,2,,,
ClassicGumtree,38,11,28,2,6,2,0,0,2244,3,0,0.5,,1900,,,,,2,,,
ClassicGumtree,38,11,28,2,6,2,0,0,2242,3,0,0.5,,2000,,,,,2,,,
ClassicGumtree,287,69,154,128,3,2,0,0,12,3,0,0.5,,100,,,,,3,,,
ClassicGumtree,219,51,120,94,3,2,0,0,54,3,0,0.5,,200,,,,,3,,,
ClassicGumtree,128,39,73,47,6,2,0,0,207,3,0,0.5,,300,,,,,3,,,
ClassicGumtree,128,39,73,47,6,2,0,0,207,3,0,0.5,,400,,,,,3,,,
ClassicGumtree,128,39,73,47,6,2,0,0,485,3,0,0.5,,500,,,,,3,,,
ClassicGumtree,38,11,28,2,6,2,0,0,2254,3,0,0.5,,600,,,,,3,,,
ClassicGumtree,38,11,28,2,6,2,0,0,2265,3,0,0.5,,700,,,,,3,,,
ClassicGumtree,38,11,28,2,6,2,0,0,2262,3,0,0.5,,800,,,,,3,,,
ClassicGumtree,38,11,28,2,6,2,0,0,2260,3,0,0.5,,900,,,,,3,,,
ClassicGumtree,38,11,28,2,6,2,0,0,2264,3,0,0.5,,1000,,,,,3,,,
ClassicGumtree,38,11,28,2,6,2,0,0,2263,3,0,0.5,,1100,,,,,3,,,
ClassicGumtree,38,11,28,2,6,2,0,0,2264,3,0,0.5,,1200,,,,,3,,,
ClassicGumtree,38,11,28,2,6,2,0,0,2259,3,0,0.5,,1300,,,,,3,,,
ClassicGumtree,38,11,28,2,6,2,0,0,2255,3,0,0.5,,1400,,,,,3,,,
ClassicGumtree,38,11,28,2,6,2,0,0,2250,3,0,0.5,,1500,,,,,3,,,
ClassicGumtree,38,11,28,2,6,2,0,0,2241,3,0,0.5,,1600,,,,,3,,,
ClassicGumtree,38,11,28,2,6,2,0,0,2248,3,0,0.5,,1700,,,,,3,,,
ClassicGumtree,38,11,28,2,6,2,0,0,2254,3,0,0.5,,1800,,,,,3,,,
ClassicGumtree,38,11,28,2,6,2,0,0,2246,3,0,0.5,,1900,,,,,3,,,
ClassicGumtree,38,11,28,2,6,2,0,0,2252,3,0,0.5,,2000,,,,,3,,,
ClassicGumtree,325,75,173,147,3,2,0,0,12,3,0,0.5,,100,,,,,4,,,
ClassicGumtree,231,53,126,100,3,2,0,0,54,3,0,0.5,,200,,,,,4,,,
ClassicGumtree,128,39,73,47,6,2,0,0,209,3,0,0.5,,300,,,,,4,,,
ClassicGumtree,128,39,73,47,6,2,0,0,208,3,0,0.5,,400,,,,,4,,,
ClassicGumtree,128,39,73,47,6,2,0,0,480,3,0,0.5,,500,,,,,4,,,
ClassicGumtree,38,11,28,2,6,2,0,0,2241,3,0,0.5,,600,,,,,4,,,
ClassicGumtree,38,11,28,2,6,2,0,0,2241,3,0,0.5,,700,,,,,4,,,
ClassicGumtree,38,11,28,2,6,2,0,0,2251,3,0,0.5,,800,,,,,4,,,
ClassicGumtree,38,11,28,2,6,2,0,0,2241,3,0,0.5,,900,,,,,4,,,
ClassicGumtree,38,11,28,2,6,2,0,0,2242,3,0,0.5,,1000,,,,,4,,,
ClassicGumtree,38,11,28,2,6,2,0,0,2250,3,0,0.5,,1100,,,,,4,,,
ClassicGumtree,38,11,28,2,6,2,0,0,2251,3,0,0.5,,1200,,,,,4,,,
ClassicGumtree,38,11,28,2,6,2,0,0,2251,3,0,0.5,,1300,,,,,4,,,
ClassicGumtree,38,11,28,2,6,2,0,0,2251,3,0,0.5,,1400,,,,,4,,,
ClassicGumtree,38,11,28,2,6,2,0,0,2241,3,0,0.5,,1500,,,,,4,,,
ClassicGumtree,38,11,28,2,6,2,0,0,2274,3,0,0.5,,1600,,,,,4,,,
ClassicGumtree,38,11,28,2,6,2,0,0,2264,3,0,0.5,,1700,,,,,4,,,
ClassicGumtree,38,11,28,2,6,2,0,0,2247,3,0,0.5,,1800,,,,,4,,,
ClassicGumtree,38,11,28,2,6,2,0,0,2259,3,0,0.5,,1900,,,,,4,,,
ClassicGumtree,38,11,28,2,6,2,0,0,2265,3,0,0.5,,2000,,,,,4,,,
ClassicGumtree,688,61,356,330,0,2,0,0,2,3,0,0.5,,100,,,,,5,,,
ClassicGumtree,519,63,272,246,0,1,0,0,45,3,0,0.5,,200,,,,,5,,,
ClassicGumtree,278,45,148,122,6,2,0,0,200,3,0,0.5,,300,,,,,5,,,
ClassicGumtree,278,45,148,122,6,2,0,0,199,3,0,0.5,,400,,,,,5,,,
ClassicGumtree,264,43,141,115,6,2,0,0,478,3,0,0.5,,500,,,,,5,,,
ClassicGumtree,38,11,28,2,6,2,0,0,2253,3,0,0.5,,600,,,,,5,,,
ClassicGumtree,38,11,28,2,6,2,0,0,2253,3,0,0.5,,700,,,,,5,,,
ClassicGumtree,38,11,28,2,6,2,0,0,2260,3,0,0.5,,800,,,,,5,,,
ClassicGumtree,38,11,28,2,6,2,0,0,2246,3,0,0.5,,900,,,,,5,,,
ClassicGumtree,38,11,28,2,6,2,0,0,2253,3,0,0.5,,1000,,,,,5,,,
ClassicGumtree,38,11,28,2,6,2,0,0,2249,3,0,0.5,,1100,,,,,5,,,
ClassicGumtree,38,11,28,2,6,2,0,0,2262,3,0,0.5,,1200,,,,,5,,,
ClassicGumtree,38,11,28,2,6,2,0,0,2252,3,0,0.5,,1300,,,,,5,,,
ClassicGumtree,38,11,28,2,6,2,0,0,2241,3,0,0.5,,1400,,,,,5,,,
ClassicGumtree,38,11,28,2,6,2,0,0,2242,3,0,0.5,,1500,,,,,5,,,
ClassicGumtree,38,11,28,2,6,2,0,0,2236,3,0,0.5,,1600,,,,,5,,,
ClassicGumtree,38,11,28,2,6,2,0,0,2240,3,0,0.5,,1700,,,,,5,,,
ClassicGumtree,38,11,28,2,6,2,0,0,2250,3,0,0.5,,1800,,,,,5,,,
ClassicGumtree,38,11,28,2,6,2,0,0,2232,3,0,0.5,,1900,,,,,5,,,
ClassicGumtree,38,11,28,2,6,2,0,0,2230,3,0,0.5,,2000,,,,,5,,,
ClassicGumtree,44,17,31,5,6,2,0,0,17,3,0,0.6,,100,,,,,1,,,
ClassicGumtree,44,17,31,5,6,2,0,0,60,3,0,0.6,,200,,,,,1,,,
ClassicGumtree,42,15,30,4,6,2,0,0,214,3,0,0.6,,300,,,,,1,,,
ClassicGumtree,42,15,30,4,6,2,0,0,214,3,0,0.6,,400,,,,,1,,,
ClassicGumtree,42,15,30,4,6,2,0,0,487,3,0,0.6,,500,,,,,1,,,
ClassicGumtree,38,11,28,2,6,2,0,0,2262,3,0,0.6,,600,,,,,1,,,
ClassicGumtree,38,11,28,2,6,2,0,0,2256,3,0,0.6,,700,,,,,1,,,
ClassicGumtree,38,11,28,2,6,2,0,0,2261,3,0,0.6,,800,,,,,1,,,
ClassicGumtree,38,11,28,2,6,2,0,0,2249,3,0,0.6,,900,,,,,1,,,
ClassicGumtree,38,11,28,2,6,2,0,0,2243,3,0,0.6,,1000,,,,,1,,,
ClassicGumtree,38,11,28,2,6,2,0,0,2274,3,0,0.6,,1100,,,,,1,,,
ClassicGumtree,38,11,28,2,6,2,0,0,2269,3,0,0.6,,1200,,,,,1,,,
ClassicGumtree,38,11,28,2,6,2,0,0,2267,3,0,0.6,,1300,,,,,1,,,
ClassicGumtree,38,11,28,2,6,2,0,0,2264,3,0,0.6,,1400,,,,,1,,,
ClassicGumtree,38,11,28,2,6,2,0,0,2267,3,0,0.6,,1500,,,,,1,,,
ClassicGumtree,38,11,28,2,6,2,0,0,2275,3,0,0.6,,1600,,,,,1,,,
ClassicGumtree,38,11,28,2,6,2,0,0,2273,3,0,0.6,,1700,,,,,1,,,
ClassicGumtree,38,11,28,2,6,2,0,0,2280,3,0,0.6,,1800,,,,,1,,,
ClassicGumtree,38,11,28,2,6,2,0,0,2266,3,0,0.6,,1900,,,,,1,,,
ClassicGumtree,38,11,28,2,6,2,0,0,2285,3,0,0.6,,2000,,,,,1,,,
ClassicGumtree,178,50,99,73,3,3,0,0,12,3,0,0.6,,100,,,,,2,,,
ClassicGumtree,146,38,83,57,3,3,0,0,54,3,0,0.6,,200,,,,,2,,,
ClassicGumtree,78,29,48,22,6,2,0,0,213,3,0,0.6,,300,,,,,2,,,
ClassicGumtree,78,29,48,22,6,2,0,0,208,3,0,0.6,,400,,,,,2,,,
ClassicGumtree,78,29,48,22,6,2,0,0,485,3,0,0.6,,500,,,,,2,,,
ClassicGumtree,38,11,28,2,6,2,0,0,2246,3,0,0.6,,600,,,,,2,,,
ClassicGumtree,38,11,28,2,6,2,0,0,2252,3,0,0.6,,700,,,,,2,,,
ClassicGumtree,38,11,28,2,6,2,0,0,2250,3,0,0.6,,800,,,,,2,,,
ClassicGumtree,38,11,28,2,6,2,0,0,2242,3,0,0.6,,900,,,,,2,,,
ClassicGumtree,38,11,28,2,6,2,0,0,2246,3,0,0.6,,1000,,,,,2,,,
ClassicGumtree,38,11,28,2,6,2,0,0,2247,3,0,0.6,,1100,,,,,2,,,
ClassicGumtree,38,11,28,2,6,2,0,0,2247,3,0,0.6,,1200,,,,,2,,,
ClassicGumtree,38,11,28,2,6,2,0,0,2258,3,0,0.6,,1300,,,,,2,,,
ClassicGumtree,38,11,28,2,6,2,0,0,2239,3,0,0.6,,1400,,,,,2,,,
ClassicGumtree,38,11,28,2,6,2,0,0,2244,3,0,0.6,,1500,,,,,2,,,
ClassicGumtree,38,11,28,2,6,2,0,0,2243,3,0,0.6,,1600,,,,,2,,,
ClassicGumtree,38,11,28,2,6,2,0,0,2243,3,0,0.6,,1700,,,,,2,,,
ClassicGumtree,38,11,28,2,6,2,0,0,2247,3,0,0.6,,1800,,,,,2,,,
ClassicGumtree,38,11,28,2,6,2,0,0,2254,3,0,0.6,,1900,,,,,2,,,
ClassicGumtree,38,11,28,2,6,2,0,0,2243,3,0,0.6,,2000,,,,,2,,,
ClassicGumtree,337,69,180,154,0,3,0,0,2,3,0,0.6,,100,,,,,3,,,
ClassicGumtree,269,51,146,120,0,3,0,0,45,3,0,0.6,,200,,,,,3,,,
ClassicGumtree,128,39,73,47,6,2,0,0,199,3,0,0.6,,300,,,,,3,,,
ClassicGumtree,128,39,73,47,6,2,0,0,198,3,0,0.6,,400,,,,,3,,,
ClassicGumtree,128,39,73,47,6,2,0,0,474,3,0,0.6,,500,,,,,3,,,
ClassicGumtree,38,11,28,2,6,2,0,0,2252,3,0,0.6,,600,,,,,3,,,
ClassicGumtree,38,11,28,2,6,2,0,0,2250,3,0,0.6,,700,,,,,3,,,
ClassicGumtree,38,11,28,2,6,2,0,0,2249,3,0,0.6,,800,,,,,3,,,
ClassicGumtree,38,11,28,2,6,2,0,0,2251,3,0,0.6,,900,,,,,3,,,
ClassicGumtree,38,11,28,2,6,2,0,0,2251,3,0,0.6,,1000,,,,,3,,,
ClassicGumtree,38,11,28,2,6,2,0,0,2244,3,0,0.6,,1100,,,,,3,,,
ClassicGumtree,38,11,28,2,6,2,0,0,2241,3,0,0.6,,1200,,,,,3,,,
ClassicGumtree,38,11,28,2,6,2,0,0,2256,3,0,0.6,,1300,,,,,3,,,
ClassicGumtree,38,11,28,2,6,2,0,0,2249,3,0,0.6,,1400,,,,,3,,,
ClassicGumtree,38,11,28,2,6,2,0,0,2245,3,0,0.6,,1500,,,,,3,,,
ClassicGumtree,38,11,28,2,6,2,0,0,2235,3,0,0.6,,1600,,,,,3,,,
ClassicGumtree,38,11,28,2,6,2,0,0,2239,3,0,0.6,,1700,,,,,3,,,
ClassicGumtree,38,11,28,2,6,2,0,0,2238,3,0,0.6,,1800,,,,,3,,,
ClassicGumtree,38,11,28,2,6,2,0,0,2229,3,0,0.6,,1900,,,,,3,,,
ClassicGumtree,38,11,28,2,6,2,0,0,2229,3,0,0.6,,2000,,,,,3,,,
ClassicGumtree,375,75,199,173,0,3,0,0,3,3,0,0.6,,100,,,,,4,,,
ClassicGumtree,281,53,152,126,0,3,0,0,45,3,0,0.6,,200,,,,,4,,,
ClassicGumtree,128,39,73,47,6,2,0,0,199,3,0,0.6,,300,,,,,4,,,
ClassicGumtree,128,39,73,47,6,2,0,0,199,3,0,0.6,,400,,,,,4,,,
ClassicGumtree,128,39,73,47,6,2,0,0,469,3,0,0.6,,500,,,,,4,,,
ClassicGumtree,38,11,28,2,6,2,0,0,2236,3,0,0.6,,600,,,,,4,,,
ClassicGumtree,38,11,28,2,6,2,0,0,2237,3,0,0.6,,700,,,,,4,,,
ClassicGumtree,38,11,28,2,6,2,0,0,2238,3,0,0.6,,800,,,,,4,,,
ClassicGumtree,38,11,28,2,6,2,0,0,2230,3,0,0.6,,900,,,,,4,,,
ClassicGumtree,38,11,28,2,6,2,0,0,2231,3,0,0.6,,1000,,,,,4,,,
ClassicGumtree,38,11,28,2,6,2,0,0,2236,3,0,0.6,,1100,,,,,4,,,
ClassicGumtree,38,11,28,2,6,2,0,0,2229,3,0,0.6,,1200,,,,,4,,,
ClassicGumtree,38,11,28,2,6,2,0,0,2236,3,0,0.6,,1300,,,,,4,,,
ClassicGumtree,38,11,28,2,6,2,0,0,2240,3,0,0.6,,1400,,,,,4,,,
ClassicGumtree,38,11,28,2,6,2,0,0,2235,3,0,0.6,,1500,,,,,4,,,
ClassicGumtree,38,11,28,2,6,2,0,0,2248,3,0,0.6,,1600,,,,,4,,,
ClassicGumtree,38,11,28,2,6,2,0,0,2253,3,0,0.6,,1700,,,,,4,,,
ClassicGumtree,38,11,28,2,6,2,0,0,2248,3,0,0.6,,1800,,,,,4,,,
ClassicGumtree,38,11,28,2,6,2,0,0,2247,3,0,0.6,,1900,,,,,4,,,
ClassicGumtree,38,11,28,2,6,2,0,0,2255,3,0,0.6,,2000,,,,,4,,,
ClassicGumtree,711,17,361,335,0,15,0,0,3,3,0,0.6,,100,,,,,5,,,
ClassicGumtree,711,17,361,335,0,15,0,0,2,3,0,0.6,,200,,,,,5,,,
ClassicGumtree,711,17,361,335,0,15,0,0,3,3,0,0.6,,300,,,,,5,,,
ClassicGumtree,711,17,361,335,0,15,0,0,2,3,0,0.6,,400,,,,,5,,,
ClassicGumtree,711,17,361,335,0,15,0,0,2,3,0,0.6,,500,,,,,5,,,
ClassicGumtree,38,11,28,2,6,2,0,0,521,3,0,0.6,,600,,,,,5,,,
ClassicGumtree,38,11,28,2,6,2,0,0,523,3,0,0.6,,700,,,,,5,,,
ClassicGumtree,38,11,28,2,6,2,0,0,525,3,0,0.6,,800,,,,,5,,,
ClassicGumtree,38,11,28,2,6,2,0,0,523,3,0,0.6,,900,,,,,5,,,
ClassicGumtree,38,11,28,2,6,2,0,0,525,3,0,0.6,,1000,,,,,5,,,
ClassicGumtree,38,11,28,2,6,2,0,0,525,3,0,0.6,,1100,,,,,5,,,
ClassicGumtree,38,11,28,2,6,2,0,0,523,3,0,0.6,,1200,,,,,5,,,
ClassicGumtree,38,11,28,2,6,2,0,0,537,3,0,0.6,,1300,,,,,5,,,
ClassicGumtree,38,11,28,2,6,2,0,0,537,3,0,0.6,,1400,,,,,5,,,
ClassicGumtree,38,11,28,2,6,2,0,0,535,3,0,0.6,,1500,,,,,5,,,
ClassicGumtree,38,11,28,2,6,2,0,0,539,3,0,0.6,,1600,,,,,5,,,
ClassicGumtree,38,11,28,2,6,2,0,0,541,3,0,0.6,,1700,,,,,5,,,
ClassicGumtree,38,11,28,2,6,2,0,0,523,3,0,0.6,,1800,,,,,5,,,
ClassicGumtree,38,11,28,2,6,2,0,0,527,3,0,0.6,,1900,,,,,5,,,
ClassicGumtree,38,11,28,2,6,2,0,0,523,3,0,0.6,,2000,,,,,5,,,
ClassicGumtree,48,20,32,6,6,4,0,0,17,3,0,0.7,,100,,,,,1,,,
ClassicGumtree,48,20,32,6,6,4,0,0,60,3,0,0.7,,200,,,,,1,,,
ClassicGumtree,42,15,30,4,6,2,0,0,213,3,0,0.7,,300,,,,,1,,,
ClassicGumtree,42,15,30,4,6,2,0,0,213,3,0,0.7,,400,,,,,1,,,
ClassicGumtree,42,15,30,4,6,2,0,0,486,3,0,0.7,,500,,,,,1,,,
ClassicGumtree,38,11,28,2,6,2,0,0,2244,3,0,0.7,,600,,,,,1,,,
ClassicGumtree,38,11,28,2,6,2,0,0,2243,3,0,0.7,,700,,,,,1,,,
ClassicGumtree,38,11,28,2,6,2,0,0,2249,3,0,0.7,,800,,,,,1,,,
ClassicGumtree,38,11,28,2,6,2,0,0,2252,3,0,0.7,,900,,,,,1,,,
ClassicGumtree,38,11,28,2,6,2,0,0,2250,3,0,0.7,,1000,,,,,1,,,
ClassicGumtree,38,11,28,2,6,2,0,0,2253,3,0,0.7,,1100,,,,,1,,,
ClassicGumtree,38,11,28,2,6,2,0,0,2253,3,0,0.7,,1200,,,,,1,,,
ClassicGumtree,38,11,28,2,6,2,0,0,2248,3,0,0.7,,1300,,,,,1,,,
ClassicGumtree,38,11,28,2,6,2,0,0,2251,3,0,0.7,,1400,,,,,1,,,
ClassicGumtree,38,11,28,2,6,2,0,0,2241,3,0,0.7,,1500,,,,,1,,,
ClassicGumtree,38,11,28,2,6,2,0,0,2244,3,0,0.7,,1600,,,,,1,,,
ClassicGumtree,38,11,28,2,6,2,0,0,2245,3,0,0.7,,1700,,,,,1,,,
ClassicGumtree,38,11,28,2,6,2,0,0,2253,3,0,0.7,,1800,,,,,1,,,
ClassicGumtree,38,11,28,2,6,2,0,0,2257,3,0,0.7,,1900,,,,,1,,,
ClassicGumtree,38,11,28,2,6,2,0,0,2247,3,0,0.7,,2000,,,,,1,,,
ClassicGumtree,221,51,121,95,0,5,0,0,3,3,0,0.7,,100,,,,,2,,,
ClassicGumtree,189,39,105,79,0,5,0,0,45,3,0,0.7,,200,,,,,2,,,
ClassicGumtree,78,29,48,22,6,2,0,0,198,3,0,0.7,,300,,,,,2,,,
ClassicGumtree,78,29,48,22,6,2,0,0,198,3,0,0.7,,400,,,,,2,,,
ClassicGumtree,78,29,48,22,6,2,0,0,473,3,0,0.7,,500,,,,,2,,,
ClassicGumtree,38,11,28,2,6,2,0,0,2249,3,0,0.7,,600,,,,,2,,,
ClassicGumtree,38,11,28,2,6,2,0,0,2239,3,0,0.7,,700,,,,,2,,,
ClassicGumtree,38,11,28,2,6,2,0,0,2235,3,0,0.7,,800,,,,,2,,,
ClassicGumtree,38,11,28,2,6,2,0,0,2225,3,0,0.7,,900,,,,,2,,,
ClassicGumtree,38,11,28,2,6,2,0,0,2253,3,0,0.7,,1000,,,,,2,,,
ClassicGumtree,38,11,28,2,6,2,0,0,2250,3,0,0.7,,1100,,,,,2,,,
ClassicGumtree,38,11,28,2,6,2,0,0,2258,3,0,0.7,,1200,,,,,2,,,
ClassicGumtree,38,11,28,2,6,2,0,0,2251,3,0,0.7,,1300,,,,,2,,,
ClassicGumtree,38,11,28,2,6,2,0,0,2258,3,0,0.7,,1400,,,,,2,,,
ClassicGumtree,38,11,28,2,6,2,0,0,2249,3,0,0.7,,1500,,,,,2,,,
ClassicGumtree,38,11,28,2,6,2,0,0,2254,3,0,0.7,,1600,,,,,2,,,
ClassicGumtree,38,11,28,2,6,2,0,0,2252,3,0,0.7,,1700,,,,,2,,,
ClassicGumtree,38,11,28,2,6,2,0,0,2259,3,0,0.7,,1800,,,,,2,,,
ClassicGumtree,38,11,28,2,6,2,0,0,2261,3,0,0.7,,1900,,,,,2,,,
ClassicGumtree,38,11,28,2,6,2,0,0,2243,3,0,0.7,,2000,,,,,2,,,
ClassicGumtree,345,63,181,155,0,9,0,0,3,3,0,0.7,,100,,,,,3,,,
ClassicGumtree,277,45,147,121,0,9,0,0,45,3,0,0.7,,200,,,,,3,,,
ClassicGumtree,128,39,73,47,6,2,0,0,145,3,0,0.7,,300,,,,,3,,,
ClassicGumtree,128,39,73,47,6,2,0,0,144,3,0,0.7,,400,,,,,3,,,
ClassicGumtree,128,39,73,47,6,2,0,0,416,3,0,0.7,,500,,,,,3,,,
ClassicGumtree,38,11,28,2,6,2,0,0,2181,3,0,0.7,,600,,,,,3,,,
ClassicGumtree,38,11,28,2,6,2,0,0,2184,3,0,0.7,,700,,,,,3,,,
ClassicGumtree,38,11,28,2,6,2,0,0,2182,3,0,0.7,,800,,,,,3,,,
ClassicGumtree,38,11,28,2,6,2,0,0,2173,3,0,0.7,,900,,,,,3,,,
ClassicGumtree,38,11,28,2,6,2,0,0,2178,3,0,0.7,,1000,,,,,3,,,
ClassicGumtree,38,11,28,2,6,2,0,0,2177,3,0,0.7,,1100,,,,,3,,,
ClassicGumtree,38,11,28,2,6,2,0,0,2187,3,0,0.7,,1200,,,,,3,,,
ClassicGumtree,38,11,28,2,6,2,0,0,2184,3,0,0.7,,1300,,,,,3,,,
ClassicGumtree,38,11,28,2,6,2,0,0,2180,3,0,0.7,,1400,,,,,3,,,
ClassicGumtree,38,11,28,2,6,2,0,0,2182,3,0,0.7,,1500,,,,,3,,,
ClassicGumtree,38,11,28,2,6,2,0,0,2185,3,0,0.7,,1600,,,,,3,,,
ClassicGumtree,38,11,28,2,6,2,0,0,2196,3,0,0.7,,1700,,,,,3,,,
ClassicGumtree,38,11,28,2,6,2,0,0,2201,3,0,0.7,,1800,,,,,3,,,
ClassicGumtree,38,11,28,2,6,2,0,0,2200,3,0,0.7,,1900,,,,,3,,,
ClassicGumtree,38,11,28,2,6,2,0,0,2200,3,0,0.7,,2000,,,,,3,,,
ClassicGumtree,389,48,202,176,0,11,0,0,3,3,0,0.7,,100,,,,,4,,,
ClassicGumtree,289,47,153,127,0,9,0,0,45,3,0,0.7,,200,,,,,4,,,
ClassicGumtree,128,39,73,47,6,2,0,0,143,3,0,0.7,,300,,,,,4,,,
ClassicGumtree,128,39,73,47,6,2,0,0,143,3,0,0.7,,400,,,,,4,,,
ClassicGumtree,128,39,73,47,6,2,0,0,418,3,0,0.7,,500,,,,,4,,,
ClassicGumtree,38,11,28,2,6,2,0,0,2190,3,0,0.7,,600,,,,,4,,,
ClassicGumtree,38,11,28,2,6,2,0,0,2208,3,0,0.7,,700,,,,,4,,,
ClassicGumtree,38,11,28,2,6,2,0,0,2198,3,0,0.7,,800,,,,,4,,,
ClassicGumtree,38,11,28,2,6,2,0,0,2195,3,0,0.7,,900,,,,,4,,,
ClassicGumtree,38,11,28,2,6,2,0,0,2194,3,0,0.7,,1000,,,,,4,,,
ClassicGumtree,38,11,28,2,6,2,0,0,2176,3,0,0.7,,1100,,,,,4,,,
ClassicGumtree,38,11,28,2,6,2,0,0,2186,3,0,0.7,,1200,,,,,4,,,
ClassicGumtree,38,11,28,2,6,2,0,0,2186,3,0,0.7,,1300,,,,,4,,,
ClassicGumtree,38,11,28,2,6,2,0,0,2183,3,0,0.7,,1400,,,,,4,,,
ClassicGumtree,38,11,28,2,6,2,0,0,2190,3,0,0.7,,1500,,,,,4,,,
ClassicGumtree,38,11,28,2,6,2,0,0,2176,3,0,0.7,,1600,,,,,4,,,
ClassicGumtree,38,11,28,2,6,2,0,0,2182,3,0,0.7,,1700,,,,,4,,,
ClassicGumtree,38,11,28,2,6,2,0,0,2183,3,0,0.7,,1800,,,,,4,,,
ClassicGumtree,38,11,28,2,6,2,0,0,2180,3,0,0.7,,1900,,,,,4,,,
ClassicGumtree,38,11,28,2,6,2,0,0,2178,3,0,0.7,,2000,,,,,4,,,
ClassicGumtree,711,17,361,335,0,15,0,0,3,3,0,0.7,,100,,,,,5,,,
ClassicGumtree,711,17,361,335,0,15,0,0,2,3,0,0.7,,200,,,,,5,,,
ClassicGumtree,711,17,361,335,0,15,0,0,3,3,0,0.7,,300,,,,,5,,,
ClassicGumtree,711,17,361,335,0,15,0,0,2,3,0,0.7,,400,,,,,5,,,
ClassicGumtree,711,17,361,335,0,15,0,0,2,3,0,0.7,,500,,,,,5,,,
ClassicGumtree,38,11,28,2,6,2,0,0,520,3,0,0.7,,600,,,,,5,,,
ClassicGumtree,38,11,28,2,6,2,0,0,527,3,0,0.7,,700,,,,,5,,,
ClassicGumtree,38,11,28,2,6,2,0,0,522,3,0,0.7,,800,,,,,5,,,
ClassicGumtree,38,11,28,2,6,2,0,0,525,3,0,0.7,,900,,,,,5,,,
ClassicGumtree,38,11,28,2,6,2,0,0,525,3,0,0.7,,1000,,,,,5,,,
ClassicGumtree,38,11,28,2,6,2,0,0,521,3,0,0.7,,1100,,,,,5,,,
ClassicGumtree,38,11,28,2,6,2,0,0,521,3,0,0.7,,1200,,,,,5,,,
ClassicGumtree,38,11,28,2,6,2,0,0,523,3,0,0.7,,1300,,,,,5,,,
ClassicGumtree,38,11,28,2,6,2,0,0,522,3,0,0.7,,1400,,,,,5,,,
ClassicGumtree,38,11,28,2,6,2,0,0,525,3,0,0.7,,1500,,,,,5,,,
ClassicGumtree,38,11,28,2,6,2,0,0,527,3,0,0.7,,1600,,,,,5,,,
ClassicGumtree,38,11,28,2,6,2,0,0,523,3,0,0.7,,1700,,,,,5,,,
ClassicGumtree,38,11,28,2,6,2,0,0,528,3,0,0.7,,1800,,,,,5,,,
ClassicGumtree,38,11,28,2,6,2,0,0,527,3,0,0.7,,1900,,,,,5,,,
ClassicGumtree,38,11,28,2,6,2,0,0,527,3,0,0.7,,2000,,,,,5,,,
ClassicGumtree,68,24,41,15,3,9,0,0,12,3,0,0.799,,100,,,,,1,,,
ClassicGumtree,68,24,41,15,3,9,0,0,55,3,0,0.799,,200,,,,,1,,,
ClassicGumtree,42,15,30,4,6,2,0,0,208,3,0,0.799,,300,,,,,1,,,
ClassicGumtree,42,15,30,4,6,2,0,0,208,3,0,0.799,,400,,,,,1,,,
ClassicGumtree,42,15,30,4,6,2,0,0,481,3,0,0.799,,500,,,,,1,,,
ClassicGumtree,38,11,28,2,6,2,0,0,2271,3,0,0.799,,600,,,,,1,,,
ClassicGumtree,38,11,28,2,6,2,0,0,2268,3,0,0.799,,700,,,,,1,,,
ClassicGumtree,38,11,28,2,6,2,0,0,2267,3,0,0.799,,800,,,,,1,,,
ClassicGumtree,38,11,28,2,6,2,0,0,2267,3,0,0.799,,900,,,,,1,,,
ClassicGumtree,38,11,28,2,6,2,0,0,2263,3,0,0.799,,1000,,,,,1,,,
ClassicGumtree,38,11,28,2,6,2,0,0,2270,3,0,0.799,,1100,,,,,1,,,
ClassicGumtree,38,11,28,2,6,2,0,0,2268,3,0,0.799,,1200,,,,,1,,,
ClassicGumtree,38,11,28,2,6,2,0,0,2267,3,0,0.799,,1300,,,,,1,,,
ClassicGumtree,38,11,28,2,6,2,0,0,2268,3,0,0.799,,1400,,,,,1,,,
ClassicGumtree,38,11,28,2,6,2,0,0,2271,3,0,0.799,,1500,,,,,1,,,
ClassicGumtree,38,11,28,2,6,2,0,0,2243,3,0,0.799,,1600,,,,,1,,,
ClassicGumtree,38,11,28,2,6,2,0,0,2246,3,0,0.799,,1700,,,,,1,,,
ClassicGumtree,38,11,28,2,6,2,0,0,2251,3,0,0.799,,1800,,,,,1,,,
ClassicGumtree,38,11,28,2,6,2,0,0,2246,3,0,0.799,,1900,,,,,1,,,
ClassicGumtree,38,11,28,2,6,2,0,0,2253,3,0,0.799,,2000,,,,,1,,,
ClassicGumtree,240,54,123,97,0,20,0,0,2,3,0,0.799,,100,,,,,2,,,
ClassicGumtree,208,42,107,81,0,20,0,0,45,3,0,0.799,,200,,,,,2,,,
ClassicGumtree,208,42,107,81,0,20,0,0,45,3,0,0.799,,300,,,,,2,,,
ClassicGumtree,208,42,107,81,0,20,0,0,46,3,0,0.799,,400,,,,,2,,,
ClassicGumtree,78,29,48,22,6,2,0,0,319,3,0,0.799,,500,,,,,2,,,
ClassicGumtree,38,11,28,2,6,2,0,0,2083,3,0,0.799,,600,,,,,2,,,
ClassicGumtree,38,11,28,2,6,2,0,0,2085,3,0,0.799,,700,,,,,2,,,
ClassicGumtree,38,11,28,2,6,2,0,0,2083,3,0,0.799,,800,,,,,2,,,
ClassicGumtree,38,11,28,2,6,2,0,0,2084,3,0,0.799,,900,,,,,2,,,
ClassicGumtree,38,11,28,2,6,2,0,0,2090,3,0,0.799,,1000,,,,,2,,,
ClassicGumtree,38,11,28,2,6,2,0,0,2086,3,0,0.799,,1100,,,,,2,,,
ClassicGumtree,38,11,28,2,6,2,0,0,2080,3,0,0.799,,1200,,,,,2,,,
ClassicGumtree,38,11,28,2,6,2,0,0,2094,3,0,0.799,,1300,,,,,2,,,
ClassicGumtree,38,11,28,2,6,2,0,0,2091,3,0,0.799,,1400,,,,,2,,,
ClassicGumtree,38,11,28,2,6,2,0,0,2092,3,0,0.799,,1500,,,,,2,,,
ClassicGumtree,38,11,28,2,6,2,0,0,2088,3,0,0.799,,1600,,,,,2,,,
ClassicGumtree,38,11,28,2,6,2,0,0,2085,3,0,0.799,,1700,,,,,2,,,
ClassicGumtree,38,11,28,2,6,2,0,0,2089,3,0,0.799,,1800,,,,,2,,,
ClassicGumtree,38,11,28,2,6,2,0,0,2079,3,0,0.799,,1900,,,,,2,,,
ClassicGumtree,38,11,28,2,6,2,0,0,2076,3,0,0.799,,2000,,,,,2,,,
ClassicGumtree,373,36,187,161,0,25,0,0,2,3,0,0.799,,100,,,,,3,,,
ClassicGumtree,292,27,150,124,0,18,0,0,45,3,0,0.799,,200,,,,,3,,,
ClassicGumtree,292,27,150,124,0,18,0,0,46,3,0,0.799,,300,,,,,3,,,
ClassicGumtree,292,27,150,124,0,18,0,0,45,3,0,0.799,,400,,,,,3,,,
ClassicGumtree,128,39,73,47,6,2,0,0,316,3,0,0.799,,500,,,,,3,,,
ClassicGumtree,38,11,28,2,6,2,0,0,2101,3,0,0.799,,600,,,,,3,,,
ClassicGumtree,38,11,28,2,6,2,0,0,2099,3,0,0.799,,700,,,,,3,,,
ClassicGumtree,38,11,28,2,6,2,0,0,2102,3,0,0.799,,800,,,,,3,,,
ClassicGumtree,38,11,28,2,6,2,0,0,2099,3,0,0.799,,900,,,,,3,,,
ClassicGumtree,38,11,28,2,6,2,0,0,2093,3,0,0.799,,1000,,,,,3,,,
ClassicGumtree,38,11,28,2,6,2,0,0,2093,3,0,0.799,,1100,,,,,3,,,
ClassicGumtree,38,11,28,2,6,2,0,0,2108,3,0,0.799,,1200,,,,,3,,,
ClassicGumtree,38,11,28,2,6,2,0,0,2099,3,0,0.799,,1300,,,,,3,,,
ClassicGumtree,38,11,28,2,6,2,0,0,2097,3,0,0.799,,1400,,,,,3,,,
ClassicGumtree,38,11,28,2,6,2,0,0,2091,3,0,0.799,,1500,,,,,3,,,
ClassicGumtree,38,11,28,2,6,2,0,0,2086,3,0,0.799,,1600,,,,,3,,,
ClassicGumtree,38,11,28,2,6,2,0,0,2078,3,0,0.799,,1700,,,,,3,,,
ClassicGumtree,38,11,28,2,6,2,0,0,2079,3,0,0.799,,1800,,,,,3,,,
ClassicGumtree,38,11,28,2,6,2,0,0,2079,3,0,0.799,,1900,,,,,3,,,
ClassicGumtree,38,11,28,2,6,2,0,0,2078,3,0,0.799,,2000,,,,,3,,,
ClassicGumtree,408,33,206,180,0,22,0,0,3,3,0,0.799,,100,,,,,4,,,
ClassicGumtree,376,25,190,164,0,22,0,0,15,3,0,0.799,,200,,,,,4,,,
ClassicGumtree,376,25,190,164,0,22,0,0,16,3,0,0.799,,300,,,,,4,,,
ClassicGumtree,376,25,190,164,0,22,0,0,15,3,0,0.799,,400,,,,,4,,,
ClassicGumtree,376,25,190,164,0,22,0,0,16,3,0,0.799,,500,,,,,4,,,
ClassicGumtree,38,11,28,2,6,2,0,0,533,3,0,0.799,,600,,,,,4,,,
ClassicGumtree,38,11,28,2,6,2,0,0,539,3,0,0.799,,700,,,,,4,,,
ClassicGumtree,38,11,28,2,6,2,0,0,535,3,0,0.799,,800,,,,,4,,,
ClassicGumtree,38,11,28,2,6,2,0,0,537,3,0,0.799,,900,,,,,4,,,
ClassicGumtree,38,11,28,2,6,2,0,0,535,3,0,0.799,,1000,,,,,4,,,
ClassicGumtree,38,11,28,2,6,2,0,0,541,3,0,0.799,,1100,,,,,4,,,
ClassicGumtree,38,11,28,2,6,2,0,0,536,3,0,0.799,,1200,,,,,4,,,
ClassicGumtree,38,11,28,2,6,2,0,0,538,3,0,0.799,,1300,,,,,4,,,
ClassicGumtree,38,11,28,2,6,2,0,0,538,3,0,0.799,,1400,,,,,4,,,
ClassicGumtree,38,11,28,2,6,2,0,0,540,3,0,0.799,,1500,,,,,4,,,
ClassicGumtree,38,11,28,2,6,2,0,0,534,3,0,0.799,,1600,,,,,4,,,
ClassicGumtree,38,11,28,2,6,2,0,0,535,3,0,0.799,,1700,,,,,4,,,
ClassicGumtree,38,11,28,2,6,2,0,0,536,3,0,0.799,,1800,,,,,4,,,
ClassicGumtree,38,11,28,2,6,2,0,0,536,3,0,0.799,,1900,,,,,4,,,
ClassicGumtree,38,11,28,2,6,2,0,0,537,3,0,0.799,,2000,,,,,4,,,
ClassicGumtree,711,17,361,335,0,15,0,0,2,3,0,0.799,,100,,,,,5,,,
ClassicGumtree,711,17,361,335,0,15,0,0,3,3,0,0.799,,200,,,,,5,,,
ClassicGumtree,711,17,361,335,0,15,0,0,2,3,0,0.799,,300,,,,,5,,,
ClassicGumtree,711,17,361,335,0,15,0,0,2,3,0,0.799,,400,,,,,5,,,
ClassicGumtree,711,17,361,335,0,15,0,0,3,3,0,0.799,,500,,,,,5,,,
ClassicGumtree,38,11,28,2,6,2,0,0,524,3,0,0.799,,600,,,,,5,,,
ClassicGumtree,38,11,28,2,6,2,0,0,522,3,0,0.799,,700,,,,,5,,,
ClassicGumtree,38,11,28,2,6,2,0,0,527,3,0,0.799,,800,,,,,5,,,
ClassicGumtree,38,11,28,2,6,2,0,0,525,3,0,0.799,,900,,,,,5,,,
ClassicGumtree,38,11,28,2,6,2,0,0,525,3,0,0.799,,1000,,,,,5,,,
ClassicGumtree,38,11,28,2,6,2,0,0,527,3,0,0.799,,1100,,,,,5,,,
ClassicGumtree,38,11,28,2,6,2,0,0,522,3,0,0.799,,1200,,,,,5,,,
ClassicGumtree,38,11,28,2,6,2,0,0,526,3,0,0.799,,1300,,,,,5,,,
ClassicGumtree,38,11,28,2,6,2,0,0,522,3,0,0.799,,1400,,,,,5,,,
ClassicGumtree,38,11,28,2,6,2,0,0,522,3,0,0.799,,1500,,,,,5,,,
ClassicGumtree,38,11,28,2,6,2,0,0,521,3,0,0.799,,1600,,,,,5,,,
ClassicGumtree,38,11,28,2,6,2,0,0,528,3,0,0.799,,1700,,,,,5,,,
ClassicGumtree,38,11,28,2,6,2,0,0,524,3,0,0.799,,1800,,,,,5,,,
ClassicGumtree,38,11,28,2,6,2,0,0,527,3,0,0.799,,1900,,,,,5,,,
ClassicGumtree,38,11,28,2,6,2,0,0,522,3,0,0.799,,2000,,,,,5,,,
ClassicGumtree,101,33,51,25,0,25,0,0,2,3,0,0.899,,100,,,,,1,,,
ClassicGumtree,101,33,51,25,0,25,0,0,46,3,0,0.899,,200,,,,,1,,,
ClassicGumtree,42,15,30,4,6,2,0,0,145,3,0,0.899,,300,,,,,1,,,
ClassicGumtree,42,15,30,4,6,2,0,0,144,3,0,0.899,,400,,,,,1,,,
ClassicGumtree,42,15,30,4,6,2,0,0,418,3,0,0.899,,500,,,,,1,,,
ClassicGumtree,38,11,28,2,6,2,0,0,2196,3,0,0.899,,600,,,,,1,,,
ClassicGumtree,38,11,28,2,6,2,0,0,2195,3,0,0.899,,700,,,,,1,,,
ClassicGumtree,38,11,28,2,6,2,0,0,2186,3,0,0.899,,800,,,,,1,,,
ClassicGumtree,38,11,28,2,6,2,0,0,2181,3,0,0.899,,900,,,,,1,,,
ClassicGumtree,38,11,28,2,6,2,0,0,2188,3,0,0.899,,1000,,,,,1,,,
ClassicGumtree,38,11,28,2,6,2,0,0,2203,3,0,0.899,,1100,,,,,1,,,
ClassicGumtree,38,11,28,2,6,2,0,0,2179,3,0,0.899,,1200,,,,,1,,,
ClassicGumtree,38,11,28,2,6,2,0,0,2192,3,0,0.899,,1300,,,,,1,,,
ClassicGumtree,38,11,28,2,6,2,0,0,2189,3,0,0.899,,1400,,,,,1,,,
ClassicGumtree,38,11,28,2,6,2,0,0,2198,3,0,0.899,,1500,,,,,1,,,
ClassicGumtree,38,11,28,2,6,2,0,0,2201,3,0,0.899,,1600,,,,,1,,,
ClassicGumtree,38,11,28,2,6,2,0,0,2210,3,0,0.899,,1700,,,,,1,,,
ClassicGumtree,38,11,28,2,6,2,0,0,2200,3,0,0.899,,1800,,,,,1,,,
ClassicGumtree,38,11,28,2,6,2,0,0,2189,3,0,0.899,,1900,,,,,1,,,
ClassicGumtree,38,11,28,2,6,2,0,0,2198,3,0,0.899,,2000,,,,,1,,,
ClassicGumtree,265,42,128,102,0,35,0,0,2,3,0,0.899,,100,,,,,2,,,
ClassicGumtree,225,32,111,85,0,29,0,0,48,3,0,0.899,,200,,,,,2,,,
ClassicGumtree,225,32,111,85,0,29,0,0,47,3,0,0.899,,300,,,,,2,,,
ClassicGumtree,225,32,111,85,0,29,0,0,45,3,0,0.899,,400,,,,,2,,,
ClassicGumtree,225,32,111,85,0,29,0,0,45,3,0,0.899,,500,,,,,2,,,
ClassicGumtree,38,11,28,2,6,2,0,0,584,3,0,0.899,,600,,,,,2,,,
ClassicGumtree,38,11,28,2,6,2,0,0,586,3,0,0.899,,700,,,,,2,,,
ClassicGumtree,38,11,28,2,6,2,0,0,586,3,0,0.899,,800,,,,,2,,,
ClassicGumtree,38,11,28,2,6,2,0,0,584,3,0,0.899,,900,,,,,2,,,
ClassicGumtree,38,11,28,2,6,2,0,0,578,3,0,0.899,,1000,,,,,2,,,
ClassicGumtree,38,11,28,2,6,2,0,0,570,3,0,0.899,,1100,,,,,2,,,
ClassicGumtree,38,11,28,2,6,2,0,0,563,3,0,0.899,,1200,,,,,2,,,
ClassicGumtree,38,11,28,2,6,2,0,0,565,3,0,0.899,,1300,,,,,2,,,
ClassicGumtree,38,11,28,2,6,2,0,0,569,3,0,0.899,,1400,,,,,2,,,
ClassicGumtree,38,11,28,2,6,2,0,0,567,3,0,0.899,,1500,,,,,2,,,
ClassicGumtree,38,11,28,2,6,2,0,0,569,3,0,0.899,,1600,,,,,2,,,
ClassicGumtree,38,11,28,2,6,2,0,0,567,3,0,0.899,,1700,,,,,2,,,
ClassicGumtree,38,11,28,2,6,2,0,0,572,3,0,0.899,,1800,,,,,2,,,
ClassicGumtree,38,11,28,2,6,2,0,0,565,3,0,0.899,,1900,,,,,2,,,
ClassicGumtree,38,11,28,2,6,2,0,0,564,3,0,0.899,,2000,,,,,2,,,
ClassicGumtree,379,31,188,162,0,29,0,0,3,3,0,0.899,,100,,,,,3,,,
ClassicGumtree,379,31,188,162,0,29,0,0,2,3,0,0.899,,200,,,,,3,,,
ClassicGumtree,379,31,188,162,0,29,0,0,3,3,0,0.899,,300,,,,,3,,,
ClassicGumtree,379,31,188,162,0,29,0,0,2,3,0,0.899,,400,,,,,3,,,
ClassicGumtree,379,31,188,162,0,29,0,0,3,3,0,0.899,,500,,,,,3,,,
ClassicGumtree,38,11,28,2,6,2,0,0,521,3,0,0.899,,600,,,,,3,,,
ClassicGumtree,38,11,28,2,6,2,0,0,523,3,0,0.899,,700,,,,,3,,,
ClassicGumtree,38,11,28,2,6,2,0,0,522,3,0,0.899,,800,,,,,3,,,
ClassicGumtree,38,11,28,2,6,2,0,0,528,3,0,0.899,,900,,,,,3,,,
ClassicGumtree,38,11,28,2,6,2,0,0,525,3,0,0.899,,1000,,,,,3,,,
ClassicGumtree,38,11,28,2,6,2,0,0,525,3,0,0.899,,1100,,,,,3,,,
ClassicGumtree,38,11,28,2,6,2,0,0,524,3,0,0.899,,1200,,,,,3,,,
ClassicGumtree,38,11,28,2,6,2,0,0,523,3,0,0.899,,1300,,,,,3,,,
ClassicGumtree,38,11,28,2,6,2,0,0,528,3,0,0.899,,1400,,,,,3,,,
ClassicGumtree,38,11,28,2,6,2,0,0,523,3,0,0.899,,1500,,,,,3,,,
ClassicGumtree,38,11,28,2,6,2,0,0,521,3,0,0.899,,1600,,,,,3,,,
ClassicGumtree,38,11,28,2,6,2,0,0,518,3,0,0.899,,1700,,,,,3,,,
ClassicGumtree,38,11,28,2,6,2,0,0,528,3,0,0.899,,1800,,,,,3,,,
ClassicGumtree,38,11,28,2,6,2,0,0,524,3,0,0.899,,1900,,,,,3,,,
ClassicGumtree,38,11,28,2,6,2,0,0,524,3,0,0.899,,2000,,,,,3,,,
ClassicGumtree,414,28,207,181,0,26,0,0,3,3,0,0.899,,100,,,,,4,,,
ClassicGumtree,414,28,207,181,0,26,0,0,2,3,0,0.899,,200,,,,,4,,,
ClassicGumtree,414,28,207,181,0,26,0,0,3,3,0,0.899,,300,,,,,4,,,
ClassicGumtree,414,28,207,181,0,26,0,0,2,3,0,0.899,,400,,,,,4,,,
ClassicGumtree,414,28,207,181,0,26,0,0,3,3,0,0.899,,500,,,,,4,,,
ClassicGumtree,38,11,28,2,6,2,0,0,529,3,0,0.899,,600,,,,,4,,,
ClassicGumtree,38,11,28,2,6,2,0,0,521,3,0,0.899,,700,,,,,4,,,
ClassicGumtree,38,11,28,2,6,2,0,0,527,3,0,0.899,,800,,,,,4,,,
ClassicGumtree,38,11,28,2,6,2,0,0,527,3,0,0.899,,900,,,,,4,,,
ClassicGumtree,38,11,28,2,6,2,0,0,522,3,0,0.899,,1000,,,,,4,,,
ClassicGumtree,38,11,28,2,6,2,0,0,521,3,0,0.899,,1100,,,,,4,,,
ClassicGumtree,38,11,28,2,6,2,0,0,519,3,0,0.899,,1200,,,,,4,,,
ClassicGumtree,38,11,28,2,6,2,0,0,526,3,0,0.899,,1300,,,,,4,,,
ClassicGumtree,38,11,28,2,6,2,0,0,523,3,0,0.899,,1400,,,,,4,,,
ClassicGumtree,38,11,28,2,6,2,0,0,523,3,0,0.899,,1500,,,,,4,,,
ClassicGumtree,38,11,28,2,6,2,0,0,521,3,0,0.899,,1600,,,,,4,,,
ClassicGumtree,38,11,28,2,6,2,0,0,523,3,0,0.899,,1700,,,,,4,,,
ClassicGumtree,38,11,28,2,6,2,0,0,524,3,0,0.899,,1800,,,,,4,,,
ClassicGumtree,38,11,28,2,6,2,0,0,527,3,0,0.899,,1900,,,,,4,,,
ClassicGumtree,38,11,28,2,6,2,0,0,524,3,0,0.899,,2000,,,,,4,,,
ClassicGumtree,711,17,361,335,0,15,0,0,2,3,0,0.899,,100,,,,,5,,,
ClassicGumtree,711,17,361,335,0,15,0,0,3,3,0,0.899,,200,,,,,5,,,
ClassicGumtree,711,17,361,335,0,15,0,0,2,3,0,0.899,,300,,,,,5,,,
ClassicGumtree,711,17,361,335,0,15,0,0,2,3,0,0.899,,400,,,,,5,,,
ClassicGumtree,711,17,361,335,0,15,0,0,2,3,0,0.899,,500,,,,,5,,,
ClassicGumtree,38,11,28,2,6,2,0,0,521,3,0,0.899,,600,,,,,5,,,
ClassicGumtree,38,11,28,2,6,2,0,0,523,3,0,0.899,,700,,,,,5,,,
ClassicGumtree,38,11,28,2,6,2,0,0,524,3,0,0.899,,800,,,,,5,,,
ClassicGumtree,38,11,28,2,6,2,0,0,523,3,0,0.899,,900,,,,,5,,,
ClassicGumtree,38,11,28,2,6,2,0,0,531,3,0,0.899,,1000,,,,,5,,,
ClassicGumtree,38,11,28,2,6,2,0,0,534,3,0,0.899,,1100,,,,,5,,,
ClassicGumtree,38,11,28,2,6,2,0,0,535,3,0,0.899,,1200,,,,,5,,,
ClassicGumtree,38,11,28,2,6,2,0,0,523,3,0,0.899,,1300,,,,,5,,,
ClassicGumtree,38,11,28,2,6,2,0,0,527,3,0,0.899,,1400,,,,,5,,,
ClassicGumtree,38,11,28,2,6,2,0,0,528,3,0,0.899,,1500,,,,,5,,,
ClassicGumtree,38,11,28,2,6,2,0,0,523,3,0,0.899,,1600,,,,,5,,,
ClassicGumtree,38,11,28,2,6,2,0,0,528,3,0,0.899,,1700,,,,,5,,,
ClassicGumtree,38,11,28,2,6,2,0,0,529,3,0,0.899,,1800,,,,,5,,,
ClassicGumtree,38,11,28,2,6,2,0,0,527,3,0,0.899,,1900,,,,,5,,,
ClassicGumtree,38,11,28,2,6,2,0,0,527,3,0,0.899,,2000,,,,,5,,,
ClassicGumtree,158,70,58,32,0,68,0,0,3,3,0,0.999,,100,,,,,1,,,
ClassicGumtree,158,70,58,32,0,68,0,0,3,3,0,0.999,,200,,,,,1,,,
ClassicGumtree,158,70,58,32,0,68,0,0,3,3,0,0.999,,300,,,,,1,,,
ClassicGumtree,158,70,58,32,0,68,0,0,3,3,0,0.999,,400,,,,,1,,,
ClassicGumtree,158,70,58,32,0,68,0,0,2,3,0,0.999,,500,,,,,1,,,
ClassicGumtree,38,11,28,2,6,2,0,0,527,3,0,0.999,,600,,,,,1,,,
ClassicGumtree,38,11,28,2,6,2,0,0,525,3,0,0.999,,700,,,,,1,,,
ClassicGumtree,38,11,28,2,6,2,0,0,523,3,0,0.999,,800,,,,,1,,,
ClassicGumtree,38,11,28,2,6,2,0,0,526,3,0,0.999,,900,,,,,1,,,
ClassicGumtree,38,11,28,2,6,2,0,0,525,3,0,0.999,,1000,,,,,1,,,
ClassicGumtree,38,11,28,2,6,2,0,0,524,3,0,0.999,,1100,,,,,1,,,
ClassicGumtree,38,11,28,2,6,2,0,0,525,3,0,0.999,,1200,,,,,1,,,
ClassicGumtree,38,11,28,2,6,2,0,0,525,3,0,0.999,,1300,,,,,1,,,
ClassicGumtree,38,11,28,2,6,2,0,0,524,3,0,0.999,,1400,,,,,1,,,
ClassicGumtree,38,11,28,2,6,2,0,0,528,3,0,0.999,,1500,,,,,1,,,
ClassicGumtree,38,11,28,2,6,2,0,0,525,3,0,0.999,,1600,,,,,1,,,
ClassicGumtree,38,11,28,2,6,2,0,0,534,3,0,0.999,,1700,,,,,1,,,
ClassicGumtree,38,11,28,2,6,2,0,0,525,3,0,0.999,,1800,,,,,1,,,
ClassicGumtree,38,11,28,2,6,2,0,0,526,3,0,0.999,,1900,,,,,1,,,
ClassicGumtree,38,11,28,2,6,2,0,0,522,3,0,0.999,,2000,,,,,1,,,
ClassicGumtree,273,43,129,103,0,41,0,0,3,3,0,0.999,,100,,,,,2,,,
ClassicGumtree,273,43,129,103,0,41,0,0,2,3,0,0.999,,200,,,,,2,,,
ClassicGumtree,273,43,129,103,0,41,0,0,3,3,0,0.999,,300,,,,,2,,,
ClassicGumtree,273,43,129,103,0,41,0,0,3,3,0,0.999,,400,,,,,2,,,
ClassicGumtree,273,43,129,103,0,41,0,0,3,3,0,0.999,,500,,,,,2,,,
ClassicGumtree,38,11,28,2,6,2,0,0,522,3,0,0.999,,600,,,,,2,,,
ClassicGumtree,38,11,28,2,6,2,0,0,523,3,0,0.999,,700,,,,,2,,,
ClassicGumtree,38,11,28,2,6,2,0,0,524,3,0,0.999,,800,,,,,2,,,
ClassicGumtree,38,11,28,2,6,2,0,0,528,3,0,0.999,,900,,,,,2,,,
ClassicGumtree,38,11,28,2,6,2,0,0,523,3,0,0.999,,1000,,,,,2,,,
ClassicGumtree,38,11,28,2,6,2,0,0,524,3,0,0.999,,1100,,,,,2,,,
ClassicGumtree,38,11,28,2,6,2,0,0,525,3,0,0.999,,1200,,,,,2,,,
ClassicGumtree,38,11,28,2,6,2,0,0,524,3,0,0.999,,1300,,,,,2,,,
ClassicGumtree,38,11,28,2,6,2,0,0,527,3,0,0.999,,1400,,,,,2,,,
ClassicGumtree,38,11,28,2,6,2,0,0,525,3,0,0.999,,1500,,,,,2,,,
ClassicGumtree,38,11,28,2,6,2,0,0,527,3,0,0.999,,1600,,,,,2,,,
ClassicGumtree,38,11,28,2,6,2,0,0,521,3,0,0.999,,1700,,,,,2,,,
ClassicGumtree,38,11,28,2,6,2,0,0,527,3,0,0.999,,1800,,,,,2,,,
ClassicGumtree,38,11,28,2,6,2,0,0,530,3,0,0.999,,1900,,,,,2,,,
ClassicGumtree,38,11,28,2,6,2,0,0,521,3,0,0.999,,2000,,,,,2,,,
ClassicGumtree,379,31,188,162,0,29,0,0,2,3,0,0.999,,100,,,,,3,,,
ClassicGumtree,379,31,188,162,0,29,0,0,3,3,0,0.999,,200,,,,,3,,,
ClassicGumtree,379,31,188,162,0,29,0,0,2,3,0,0.999,,300,,,,,3,,,
ClassicGumtree,379,31,188,162,0,29,0,0,3,3,0,0.999,,400,,,,,3,,,
ClassicGumtree,379,31,188,162,0,29,0,0,2,3,0,0.999,,500,,,,,3,,,
ClassicGumtree,38,11,28,2,6,2,0,0,526,3,0,0.999,,600,,,,,3,,,
ClassicGumtree,38,11,28,2,6,2,0,0,526,3,0,0.999,,700,,,,,3,,,
ClassicGumtree,38,11,28,2,6,2,0,0,528,3,0,0.999,,800,,,,,3,,,
ClassicGumtree,38,11,28,2,6,2,0,0,522,3,0,0.999,,900,,,,,3,,,
ClassicGumtree,38,11,28,2,6,2,0,0,538,3,0,0.999,,1000,,,,,3,,,
ClassicGumtree,38,11,28,2,6,2,0,0,519,3,0,0.999,,1100,,,,,3,,,
ClassicGumtree,38,11,28,2,6,2,0,0,526,3,0,0.999,,1200,,,,,3,,,
ClassicGumtree,38,11,28,2,6,2,0,0,531,3,0,0.999,,1300,,,,,3,,,
ClassicGumtree,38,11,28,2,6,2,0,0,532,3,0,0.999,,1400,,,,,3,,,
ClassicGumtree,38,11,28,2,6,2,0,0,525,3,0,0.999,,1500,,,,,3,,,
ClassicGumtree,38,11,28,2,6,2,0,0,525,3,0,0.999,,1600,,,,,3,,,
ClassicGumtree,38,11,28,2,6,2,0,0,526,3,0,0.999,,1700,,,,,3,,,
ClassicGumtree,38,11,28,2,6,2,0,0,537,3,0,0.999,,1800,,,,,3,,,
ClassicGumtree,38,11,28,2,6,2,0,0,534,3,0,0.999,,1900,,,,,3,,,
ClassicGumtree,38,11,28,2,6,2,0,0,539,3,0,0.999,,2000,,,,,3,,,
ClassicGumtree,414,28,207,181,0,26,0,0,3,3,0,0.999,,100,,,,,4,,,
ClassicGumtree,414,28,207,181,0,26,0,0,2,3,0,0.999,,200,,,,,4,,,
ClassicGumtree,414,28,207,181,0,26,0,0,2,3,0,0.999,,300,,,,,4,,,
ClassicGumtree,414,28,207,181,0,26,0,0,3,3,0,0.999,,400,,,,,4,,,
ClassicGumtree,414,28,207,181,0,26,0,0,2,3,0,0.999,,500,,,,,4,,,
ClassicGumtree,38,11,28,2,6,2,0,0,537,3,0,0.999,,600,,,,,4,,,
ClassicGumtree,38,11,28,2,6,2,0,0,530,3,0,0.999,,700,,,,,4,,,
ClassicGumtree,38,11,28,2,6,2,0,0,538,3,0,0.999,,800,,,,,4,,,
ClassicGumtree,38,11,28,2,6,2,0,0,541,3,0,0.999,,900,,,,,4,,,
ClassicGumtree,38,11,28,2,6,2,0,0,530,3,0,0.999,,1000,,,,,4,,,
ClassicGumtree,38,11,28,2,6,2,0,0,532,3,0,0.999,,1100,,,,,4,,,
ClassicGumtree,38,11,28,2,6,2,0,0,532,3,0,0.999,,1200,,,,,4,,,
ClassicGumtree,38,11,28,2,6,2,0,0,523,3,0,0.999,,1300,,,,,4,,,
ClassicGumtree,38,11,28,2,6,2,0,0,523,3,0,0.999,,1400,,,,,4,,,
ClassicGumtree,38,11,28,2,6,2,0,0,523,3,0,0.999,,1500,,,,,4,,,
ClassicGumtree,38,11,28,2,6,2,0,0,519,3,0,0.999,,1600,,,,,4,,,
ClassicGumtree,38,11,28,2,6,2,0,0,526,3,0,0.999,,1700,,,,,4,,,
ClassicGumtree,38,11,28,2,6,2,0,0,522,3,0,0.999,,1800,,,,,4,,,
ClassicGumtree,38,11,28,2,6,2,0,0,527,3,0,0.999,,1900,,,,,4,,,
ClassicGumtree,38,11,28,2,6,2,0,0,521,3,0,0.999,,2000,,,,,4,,,
ClassicGumtree,711,17,361,335,0,15,0,0,2,3,0,0.999,,100,,,,,5,,,
ClassicGumtree,711,17,361,335,0,15,0,0,2,3,0,0.999,,200,,,,,5,,,
ClassicGumtree,711,17,361,335,0,15,0,0,2,3,0,0.999,,300,,,,,5,,,
ClassicGumtree,711,17,361,335,0,15,0,0,2,3,0,0.999,,400,,,,,5,,,
ClassicGumtree,711,17,361,335,0,15,0,0,2,3,0,0.999,,500,,,,,5,,,
ClassicGumtree,38,11,28,2,6,2,0,0,524,3,0,0.999,,600,,,,,5,,,
ClassicGumtree,38,11,28,2,6,2,0,0,525,3,0,0.999,,700,,,,,5,,,
ClassicGumtree,38,11,28,2,6,2,0,0,520,3,0,0.999,,800,,,,,5,,,
ClassicGumtree,38,11,28,2,6,2,0,0,521,3,0,0.999,,900,,,,,5,,,
ClassicGumtree,38,11,28,2,6,2,0,0,520,3,0,0.999,,1000,,,,,5,,,
ClassicGumtree,38,11,28,2,6,2,0,0,523,3,0,0.999,,1100,,,,,5,,,
ClassicGumtree,38,11,28,2,6,2,0,0,520,3,0,0.999,,1200,,,,,5,,,
ClassicGumtree,38,11,28,2,6,2,0,0,528,3,0,0.999,,1300,,,,,5,,,
ClassicGumtree,38,11,28,2,6,2,0,0,519,3,0,0.999,,1400,,,,,5,,,
ClassicGumtree,38,11,28,2,6,2,0,0,517,3,0,0.999,,1500,,,,,5,,,
ClassicGumtree,38,11,28,2,6,2,0,0,506,3,0,0.999,,1600,,,,,5,,,
ClassicGumtree,38,11,28,2,6,2,0,0,505,3,0,0.999,,1700,,,,,5,,,
ClassicGumtree,38,11,28,2,6,2,0,0,491,3,0,0.999,,1800,,,,,5,,,
ClassicGumtree,38,11,28,2,6,2,0,0,502,3,0,0.999,,1900,,,,,5,,,
ClassicGumtree,38,11,28,2,6,2,0,0,486,3,0,0.999,,2000,,,,,5,,,
CompleteGumtreeMatcher,250,58,172,24,0,54,0,0,4,3,0,0.1,,100,,,,,1,,,
CompleteGumtreeMatcher,250,58,172,24,0,54,0,0,4,3,0,0.1,,200,,,,,1,,,
CompleteGumtreeMatcher,250,58,172,24,0,54,0,0,4,3,0,0.1,,300,,,,,1,,,
CompleteGumtreeMatcher,174,35,149,6,5,14,0,0,294,3,0,0.1,,500,,,,,1,,,
CompleteGumtreeMatcher,154,22,145,2,5,2,0,0,906,3,0,0.1,,600,,,,,1,,,
CompleteGumtreeMatcher,154,22,145,2,5,2,0,0,1066,3,0,0.1,,700,,,,,1,,,
CompleteGumtreeMatcher,154,22,145,2,5,2,0,0,862,3,0,0.1,,800,,,,,1,,,
CompleteGumtreeMatcher,154,22,145,2,5,2,0,0,973,3,0,0.1,,900,,,,,1,,,
CompleteGumtreeMatcher,154,22,145,2,5,2,0,0,1028,3,0,0.1,,1000,,,,,1,,,
CompleteGumtreeMatcher,154,22,145,2,5,2,0,0,891,3,0,0.1,,1100,,,,,1,,,
CompleteGumtreeMatcher,154,22,145,2,5,2,0,0,913,3,0,0.1,,1200,,,,,1,,,
CompleteGumtreeMatcher,154,22,145,2,5,2,0,0,838,3,0,0.1,,1300,,,,,1,,,
CompleteGumtreeMatcher,154,22,145,2,5,2,0,0,910,3,0,0.1,,1400,,,,,1,,,
CompleteGumtreeMatcher,154,22,145,2,5,2,0,0,887,3,0,0.1,,1500,,,,,1,,,
CompleteGumtreeMatcher,154,22,145,2,5,2,0,0,861,3,0,0.1,,1600,,,,,1,,,
CompleteGumtreeMatcher,154,22,145,2,5,2,0,0,855,3,0,0.1,,1700,,,,,1,,,
CompleteGumtreeMatcher,154,22,145,2,5,2,0,0,860,3,0,0.1,,1800,,,,,1,,,
CompleteGumtreeMatcher,154,22,145,2,5,2,0,0,857,3,0,0.1,,1900,,,,,1,,,
CompleteGumtreeMatcher,154,22,145,2,5,2,0,0,854,3,0,0.1,,2000,,,,,1,,,
CompleteGumtreeMatcher,361,39,228,101,0,32,0,0,3,3,0,0.1,,100,,,,,2,,,
CompleteGumtreeMatcher,361,39,228,101,0,32,0,0,2,3,0,0.1,,200,,,,,2,,,
CompleteGumtreeMatcher,361,39,228,101,0,32,0,0,3,3,0,0.1,,300,,,,,2,,,
CompleteGumtreeMatcher,361,39,228,101,0,32,0,0,2,3,0,0.1,,400,,,,,2,,,
CompleteGumtreeMatcher,188,28,150,24,6,8,0,0,274,3,0,0.1,,500,,,,,2,,,
CompleteGumtreeMatcher,138,19,128,2,6,2,0,0,853,3,0,0.1,,600,,,,,2,,,
CompleteGumtreeMatcher,138,19,128,2,6,2,0,0,855,3,0,0.1,,700,,,,,2,,,
CompleteGumtreeMatcher,138,19,128,2,6,2,0,0,856,3,0,0.1,,800,,,,,2,,,
CompleteGumtreeMatcher,138,19,128,2,6,2,0,0,852,3,0,0.1,,900,,,,,2,,,
CompleteGumtreeMatcher,138,19,128,2,6,2,0,0,850,3,0,0.1,,1000,,,,,2,,,
CompleteGumtreeMatcher,138,19,128,2,6,2,0,0,855,3,0,0.1,,1100,,,,,2,,,
CompleteGumtreeMatcher,138,19,128,2,6,2,0,0,859,3,0,0.1,,1200,,,,,2,,,
CompleteGumtreeMatcher,138,19,128,2,6,2,0,0,857,3,0,0.1,,1300,,,,,2,,,
CompleteGumtreeMatcher,138,19,128,2,6,2,0,0,856,3,0,0.1,,1400,,,,,2,,,
CompleteGumtreeMatcher,138,19,128,2,6,2,0,0,860,3,0,0.1,,1500,,,,,2,,,
CompleteGumtreeMatcher,138,19,128,2,6,2,0,0,856,3,0,0.1,,1600,,,,,2,,,
CompleteGumtreeMatcher,138,19,128,2,6,2,0,0,856,3,0,0.1,,1700,,,,,2,,,
CompleteGumtreeMatcher,138,19,128,2,6,2,0,0,867,3,0,0.1,,1800,,,,,2,,,
CompleteGumtreeMatcher,138,19,128,2,6,2,0,0,855,3,0,0.1,,1900,,,,,2,,,
CompleteGumtreeMatcher,138,19,128,2,6,2,0,0,857,3,0,0.1,,2000,,,,,2,,,
CompleteGumtreeMatcher,462,32,279,160,0,23,0,0,2,3,0,0.1,,100,,,,,3,,,
CompleteGumtreeMatcher,462,32,279,160,0,23,0,0,2,3,0,0.1,,200,,,,,3,,,
CompleteGumtreeMatcher,462,32,279,160,0,23,0,0,2,3,0,0.1,,300,,,,,3,,,
CompleteGumtreeMatcher,462,32,279,160,0,23,0,0,2,3,0,0.1,,400,,,,,3,,,
CompleteGumtreeMatcher,226,24,167,49,6,4,0,0,275,3,0,0.1,,500,,,,,3,,,
CompleteGumtreeMatcher,130,17,120,2,6,2,0,0,855,3,0,0.1,,600,,,,,3,,,
CompleteGumtreeMatcher,130,17,120,2,6,2,0,0,858,3,0,0.1,,700,,,,,3,,,
CompleteGumtreeMatcher,130,17,120,2,6,2,0,0,855,3,0,0.1,,800,,,,,3,,,
CompleteGumtreeMatcher,130,17,120,2,6,2,0,0,861,3,0,0.1,,900,,,,,3,,,
CompleteGumtreeMatcher,130,17,120,2,6,2,0,0,857,3,0,0.1,,1000,,,,,3,,,
CompleteGumtreeMatcher,130,17,120,2,6,2,0,0,859,3,0,0.1,,1100,,,,,3,,,
CompleteGumtreeMatcher,130,17,120,2,6,2,0,0,855,3,0,0.1,,1200,,,,,3,,,
CompleteGumtreeMatcher,130,17,120,2,6,2,0,0,851,3,0,0.1,,1300,,,,,3,,,
CompleteGumtreeMatcher,130,17,120,2,6,2,0,0,858,3,0,0.1,,1400,,,,,3,,,
CompleteGumtreeMatcher,130,17,120,2,6,2,0,0,853,3,0,0.1,,1500,,,,,3,,,
CompleteGumtreeMatcher,130,17,120,2,6,2,0,0,852,3,0,0.1,,1600,,,,,3,,,
CompleteGumtreeMatcher,130,17,120,2,6,2,0,0,857,3,0,0.1,,1700,,,,,3,,,
CompleteGumtreeMatcher,130,17,120,2,6,2,0,0,857,3,0,0.1,,1800,,,,,3,,,
CompleteGumtreeMatcher,130,17,120,2,6,2,0,0,857,3,0,0.1,,1900,,,,,3,,,
CompleteGumtreeMatcher,130,17,120,2,6,2,0,0,854,3,0,0.1,,2000,,,,,3,,,
CompleteGumtreeMatcher,497,29,298,179,0,20,0,0,3,3,0,0.1,,100,,,,,4,,,
CompleteGumtreeMatcher,497,29,298,179,0,20,0,0,2,3,0,0.1,,200,,,,,4,,,
CompleteGumtreeMatcher,497,29,298,179,0,20,0,0,2,3,0,0.1,,300,,,,,4,,,
CompleteGumtreeMatcher,497,29,298,179,0,20,0,0,3,3,0,0.1,,400,,,,,4,,,
CompleteGumtreeMatcher,226,24,167,49,6,4,0,0,274,3,0,0.1,,500,,,,,4,,,
CompleteGumtreeMatcher,130,17,120,2,6,2,0,0,857,3,0,0.1,,600,,,,,4,,,
CompleteGumtreeMatcher,130,17,120,2,6,2,0,0,857,3,0,0.1,,700,,,,,4,,,
CompleteGumtreeMatcher,130,17,120,2,6,2,0,0,856,3,0,0.1,,800,,,,,4,,,
CompleteGumtreeMatcher,130,17,120,2,6,2,0,0,857,3,0,0.1,,900,,,,,4,,,
CompleteGumtreeMatcher,130,17,120,2,6,2,0,0,874,3,0,0.1,,1000,,,,,4,,,
CompleteGumtreeMatcher,130,17,120,2,6,2,0,0,880,3,0,0.1,,1100,,,,,4,,,
CompleteGumtreeMatcher,130,17,120,2,6,2,0,0,873,3,0,0.1,,1200,,,,,4,,,
CompleteGumtreeMatcher,130,17,120,2,6,2,0,0,885,3,0,0.1,,1300,,,,,4,,,
CompleteGumtreeMatcher,130,17,120,2,6,2,0,0,883,3,0,0.1,,1400,,,,,4,,,
CompleteGumtreeMatcher,130,17,120,2,6,2,0,0,875,3,0,0.1,,1500,,,,,4,,,
CompleteGumtreeMatcher,130,17,120,2,6,2,0,0,874,3,0,0.1,,1600,,,,,4,,,
CompleteGumtreeMatcher,130,17,120,2,6,2,0,0,887,3,0,0.1,,1700,,,,,4,,,
CompleteGumtreeMatcher,130,17,120,2,6,2,0,0,886,3,0,0.1,,1800,,,,,4,,,
CompleteGumtreeMatcher,130,17,120,2,6,2,0,0,879,3,0,0.1,,1900,,,,,4,,,
CompleteGumtreeMatcher,130,17,120,2,6,2,0,0,862,3,0,0.1,,2000,,,,,4,,,
CompleteGumtreeMatcher,796,14,453,334,0,9,0,0,3,3,0,0.1,,100,,,,,5,,,
CompleteGumtreeMatcher,796,14,453,334,0,9,0,0,2,3,0,0.1,,200,,,,,5,,,
CompleteGumtreeMatcher,796,14,453,334,0,9,0,0,2,3,0,0.1,,300,,,,,5,,,
CompleteGumtreeMatcher,796,14,453,334,0,9,0,0,3,3,0,0.1,,400,,,,,5,,,
CompleteGumtreeMatcher,578,11,453,116,0,9,0,0,276,3,0,0.1,,500,,,,,5,,,
CompleteGumtreeMatcher,346,11,337,0,0,9,0,0,791,3,0,0.1,,600,,,,,5,,,
CompleteGumtreeMatcher,346,11,337,0,0,9,0,0,798,3,0,0.1,,700,,,,,5,,,
CompleteGumtreeMatcher,346,11,337,0,0,9,0,0,798,3,0,0.1,,800,,,,,5,,,
CompleteGumtreeMatcher,346,11,337,0,0,9,0,0,791,3,0,0.1,,900,,,,,5,,,
CompleteGumtreeMatcher,346,11,337,0,0,9,0,0,796,3,0,0.1,,1000,,,,,5,,,
CompleteGumtreeMatcher,346,11,337,0,0,9,0,0,796,3,0,0.1,,1100,,,,,5,,,
CompleteGumtreeMatcher,346,11,337,0,0,9,0,0,797,3,0,0.1,,1200,,,,,5,,,
CompleteGumtreeMatcher,346,11,337,0,0,9,0,0,792,3,0,0.1,,1300,,,,,5,,,
CompleteGumtreeMatcher,346,11,337,0,0,9,0,0,789,3,0,0.1,,1400,,,,,5,,,
CompleteGumtreeMatcher,346,11,337,0,0,9,0,0,791,3,0,0.1,,1500,,,,,5,,,
CompleteGumtreeMatcher,346,11,337,0,0,9,0,0,791,3,0,0.1,,1600,,,,,5,,,
CompleteGumtreeMatcher,346,11,337,0,0,9,0,0,788,3,0,0.1,,1700,,,,,5,,,
CompleteGumtreeMatcher,346,11,337,0,0,9,0,0,793,3,0,0.1,,1800,,,,,5,,,
CompleteGumtreeMatcher,346,11,337,0,0,9,0,0,794,3,0,0.1,,1900,,,,,5,,,
CompleteGumtreeMatcher,346,11,337,0,0,9,0,0,794,3,0,0.1,,2000,,,,,5,,,
CompleteGumtreeMatcher,245,57,170,24,0,51,0,0,4,3,0,0.2,,100,,,,,1,,,
CompleteGumtreeMatcher,245,57,170,24,0,51,0,0,4,3,0,0.2,,200,,,,,1,,,
CompleteGumtreeMatcher,245,57,170,24,0,51,0,0,3,3,0,0.2,,300,,,,,1,,,
CompleteGumtreeMatcher,245,57,170,24,0,51,0,0,4,3,0,0.2,,400,,,,,1,,,
CompleteGumtreeMatcher,174,35,149,6,5,14,0,0,273,3,0,0.2,,500,,,,,1,,,
CompleteGumtreeMatcher,154,22,145,2,5,2,0,0,862,3,0,0.2,,600,,,,,1,,,
CompleteGumtreeMatcher,154,22,145,2,5,2,0,0,853,3,0,0.2,,700,,,,,1,,,
CompleteGumtreeMatcher,154,22,145,2,5,2,0,0,854,3,0,0.2,,800,,,,,1,,,
CompleteGumtreeMatcher,154,22,145,2,5,2,0,0,861,3,0,0.2,,900,,,,,1,,,
CompleteGumtreeMatcher,154,22,145,2,5,2,0,0,852,3,0,0.2,,1000,,,,,1,,,
CompleteGumtreeMatcher,154,22,145,2,5,2,0,0,857,3,0,0.2,,1100,,,,,1,,,
CompleteGumtreeMatcher,154,22,145,2,5,2,0,0,856,3,0,0.2,,1200,,,,,1,,,
CompleteGumtreeMatcher,154,22,145,2,5,2,0,0,857,3,0,0.2,,1300,,,,,1,,,
CompleteGumtreeMatcher,154,22,145,2,5,2,0,0,859,3,0,0.2,,1400,,,,,1,,,
CompleteGumtreeMatcher,154,22,145,2,5,2,0,0,861,3,0,0.2,,1500,,,,,1,,,
CompleteGumtreeMatcher,154,22,145,2,5,2,0,0,856,3,0,0.2,,1600,,,,,1,,,
CompleteGumtreeMatcher,154,22,145,2,5,2,0,0,858,3,0,0.2,,1700,,,,,1,,,
CompleteGumtreeMatcher,154,22,145,2,5,2,0,0,852,3,0,0.2,,1800,,,,,1,,,
CompleteGumtreeMatcher,154,22,145,2,5,2,0,0,855,3,0,0.2,,1900,,,,,1,,,
CompleteGumtreeMatcher,154,22,145,2,5,2,0,0,852,3,0,0.2,,2000,,,,,1,,,
CompleteGumtreeMatcher,359,39,227,101,0,31,0,0,3,3,0,0.2,,100,,,,,2,,,
CompleteGumtreeMatcher,359,39,227,101,0,31,0,0,2,3,0,0.2,,200,,,,,2,,,
CompleteGumtreeMatcher,359,39,227,101,0,31,0,0,2,3,0,0.2,,300,,,,,2,,,
CompleteGumtreeMatcher,359,39,227,101,0,31,0,0,3,3,0,0.2,,400,,,,,2,,,
CompleteGumtreeMatcher,188,28,150,24,6,8,0,0,272,3,0,0.2,,500,,,,,2,,,
CompleteGumtreeMatcher,138,19,128,2,6,2,0,0,850,3,0,0.2,,600,,,,,2,,,
CompleteGumtreeMatcher,138,19,128,2,6,2,0,0,858,3,0,0.2,,700,,,,,2,,,
CompleteGumtreeMatcher,138,19,128,2,6,2,0,0,858,3,0,0.2,,800,,,,,2,,,
CompleteGumtreeMatcher,138,19,128,2,6,2,0,0,862,3,0,0.2,,900,,,,,2,,,
CompleteGumtreeMatcher,138,19,128,2,6,2,0,0,851,3,0,0.2,,1000,,,,,2,,,
CompleteGumtreeMatcher,138,19,128,2,6,2,0,0,857,3,0,0.2,,1100,,,,,2,,,
CompleteGumtreeMatcher,138,19,128,2,6,2,0,0,852,3,0,0.2,,1200,,,,,2,,,
CompleteGumtreeMatcher,138,19,128,2,6,2,0,0,852,3,0,0.2,,1300,,,,,2,,,
CompleteGumtreeMatcher,138,19,128,2,6,2,0,0,857,3,0,0.2,,1400,,,,,2,,,
CompleteGumtreeMatcher,138,19,128,2,6,2,0,0,856,3,0,0.2,,1500,,,,,2,,,
CompleteGumtreeMatcher,138,19,128,2,6,2,0,0,855,3,0,0.2,,1600,,,,,2,,,
CompleteGumtreeMatcher,138,19,128,2,6,2,0,0,857,3,0,0.2,,1700,,,,,2,,,
CompleteGumtreeMatcher,138,19,128,2,6,2,0,0,856,3,0,0.2,,1800,,,,,2,,,
CompleteGumtreeMatcher,138,19,128,2,6,2,0,0,857,3,0,0.2,,1900,,,,,2,,,
CompleteGumtreeMatcher,138,19,128,2,6,2,0,0,859,3,0,0.2,,2000,,,,,2,,,
CompleteGumtreeMatcher,460,32,278,160,0,22,0,0,2,3,0,0.2,,100,,,,,3,,,
CompleteGumtreeMatcher,460,32,278,160,0,22,0,0,3,3,0,0.2,,200,,,,,3,,,
CompleteGumtreeMatcher,460,32,278,160,0,22,0,0,2,3,0,0.2,,300,,,,,3,,,
CompleteGumtreeMatcher,460,32,278,160,0,22,0,0,3,3,0,0.2,,400,,,,,3,,,
CompleteGumtreeMatcher,226,24,167,49,6,4,0,0,275,3,0,0.2,,500,,,,,3,,,
CompleteGumtreeMatcher,130,17,120,2,6,2,0,0,854,3,0,0.2,,600,,,,,3,,,
CompleteGumtreeMatcher,130,17,120,2,6,2,0,0,858,3,0,0.2,,700,,,,,3,,,
CompleteGumtreeMatcher,130,17,120,2,6,2,0,0,859,3,0,0.2,,800,,,,,3,,,
CompleteGumtreeMatcher,130,17,120,2,6,2,0,0,857,3,0,0.2,,900,,,,,3,,,
CompleteGumtreeMatcher,130,17,120,2,6,2,0,0,857,3,0,0.2,,1000,,,,,3,,,
CompleteGumtreeMatcher,130,17,120,2,6,2,0,0,853,3,0,0.2,,1100,,,,,3,,,
CompleteGumtreeMatcher,130,17,120,2,6,2,0,0,860,3,0,0.2,,1200,,,,,3,,,
CompleteGumtreeMatcher,130,17,120,2,6,2,0,0,860,3,0,0.2,,1300,,,,,3,,,
CompleteGumtreeMatcher,130,17,120,2,6,2,0,0,857,3,0,0.2,,1400,,,,,3,,,
CompleteGumtreeMatcher,130,17,120,2,6,2,0,0,854,3,0,0.2,,1500,,,,,3,,,
CompleteGumtreeMatcher,130,17,120,2,6,2,0,0,853,3,0,0.2,,1600,,,,,3,,,
CompleteGumtreeMatcher,130,17,120,2,6,2,0,0,857,3,0,0.2,,1700,,,,,3,,,
CompleteGumtreeMatcher,130,17,120,2,6,2,0,0,893,3,0,0.2,,1800,,,,,3,,,
CompleteGumtreeMatcher,130,17,120,2,6,2,0,0,892,3,0,0.2,,1900,,,,,3,,,
CompleteGumtreeMatcher,130,17,120,2,6,2,0,0,897,3,0,0.2,,2000,,,,,3,,,
CompleteGumtreeMatcher,495,29,297,179,0,19,0,0,3,3,0,0.2,,100,,,,,4,,,
CompleteGumtreeMatcher,495,29,297,179,0,19,0,0,2,3,0,0.2,,200,,,,,4,,,
CompleteGumtreeMatcher,495,29,297,179,0,19,0,0,2,3,0,0.2,,300,,,,,4,,,
CompleteGumtreeMatcher,495,29,297,179,0,19,0,0,3,3,0,0.2,,400,,,,,4,,,
CompleteGumtreeMatcher,226,24,167,49,6,4,0,0,273,3,0,0.2,,500,,,,,4,,,
CompleteGumtreeMatcher,130,17,120,2,6,2,0,0,888,3,0,0.2,,600,,,,,4,,,
CompleteGumtreeMatcher,130,17,120,2,6,2,0,0,898,3,0,0.2,,700,,,,,4,,,
CompleteGumtreeMatcher,130,17,120,2,6,2,0,0,895,3,0,0.2,,800,,,,,4,,,
CompleteGumtreeMatcher,130,17,120,2,6,2,0,0,888,3,0,0.2,,900,,,,,4,,,
CompleteGumtreeMatcher,130,17,120,2,6,2,0,0,892,3,0,0.2,,1000,,,,,4,,,
CompleteGumtreeMatcher,130,17,120,2,6,2,0,0,895,3,0,0.2,,1100,,,,,4,,,
CompleteGumtreeMatcher,130,17,120,2,6,2,0,0,894,3,0,0.2,,1200,,,,,4,,,
CompleteGumtreeMatcher,130,17,120,2,6,2,0,0,855,3,0,0.2,,1300,,,,,4,,,
CompleteGumtreeMatcher,130,17,120,2,6,2,0,0,852,3,0,0.2,,1400,,,,,4,,,
CompleteGumtreeMatcher,130,17,120,2,6,2,0,0,857,3,0,0.2,,1500,,,,,4,,,
CompleteGumtreeMatcher,130,17,120,2,6,2,0,0,853,3,0,0.2,,1600,,,,,4,,,
CompleteGumtreeMatcher,130,17,120,2,6,2,0,0,854,3,0,0.2,,1700,,,,,4,,,
CompleteGumtreeMatcher,130,17,120,2,6,2,0,0,859,3,0,0.2,,1800,,,,,4,,,
CompleteGumtreeMatcher,130,17,120,2,6,2,0,0,848,3,0,0.2,,1900,,,,,4,,,
CompleteGumtreeMatcher,130,17,120,2,6,2,0,0,853,3,0,0.2,,2000,,,,,4,,,
CompleteGumtreeMatcher,797,11,453,335,0,9,0,0,2,3,0,0.2,,100,,,,,5,,,
CompleteGumtreeMatcher,797,11,453,335,0,9,0,0,2,3,0,0.2,,200,,,,,5,,,
CompleteGumtreeMatcher,797,11,453,335,0,9,0,0,3,3,0,0.2,,300,,,,,5,,,
CompleteGumtreeMatcher,797,11,453,335,0,9,0,0,2,3,0,0.2,,400,,,,,5,,,
CompleteGumtreeMatcher,797,11,453,335,0,9,0,0,2,3,0,0.2,,500,,,,,5,,,
CompleteGumtreeMatcher,130,17,120,2,6,2,0,0,523,3,0,0.2,,600,,,,,5,,,
CompleteGumtreeMatcher,130,17,120,2,6,2,0,0,521,3,0,0.2,,700,,,,,5,,,
CompleteGumtreeMatcher,130,17,120,2,6,2,0,0,529,3,0,0.2,,800,,,,,5,,,
CompleteGumtreeMatcher,130,17,120,2,6,2,0,0,525,3,0,0.2,,900,,,,,5,,,
CompleteGumtreeMatcher,130,17,120,2,6,2,0,0,527,3,0,0.2,,1000,,,,,5,,,
CompleteGumtreeMatcher,130,17,120,2,6,2,0,0,521,3,0,0.2,,1100,,,,,5,,,
CompleteGumtreeMatcher,130,17,120,2,6,2,0,0,524,3,0,0.2,,1200,,,,,5,,,
CompleteGumtreeMatcher,130,17,120,2,6,2,0,0,529,3,0,0.2,,1300,,,,,5,,,
CompleteGumtreeMatcher,130,17,120,2,6,2,0,0,525,3,0,0.2,,1400,,,,,5,,,
CompleteGumtreeMatcher,130,17,120,2,6,2,0,0,529,3,0,0.2,,1500,,,,,5,,,
CompleteGumtreeMatcher,130,17,120,2,6,2,0,0,524,3,0,0.2,,1600,,,,,5,,,
CompleteGumtreeMatcher,130,17,120,2,6,2,0,0,525,3,0,0.2,,1700,,,,,5,,,
CompleteGumtreeMatcher,130,17,120,2,6,2,0,0,523,3,0,0.2,,1800,,,,,5,,,
CompleteGumtreeMatcher,130,17,120,2,6,2,0,0,525,3,0,0.2,,1900,,,,,5,,,
CompleteGumtreeMatcher,130,17,120,2,6,2,0,0,529,3,0,0.2,,2000,,,,,5,,,
CompleteGumtreeMatcher,245,57,170,24,0,51,0,0,4,3,0,0.3,,100,,,,,1,,,
CompleteGumtreeMatcher,245,57,170,24,0,51,0,0,4,3,0,0.3,,200,,,,,1,,,
CompleteGumtreeMatcher,245,57,170,24,0,51,0,0,3,3,0,0.3,,300,,,,,1,,,
CompleteGumtreeMatcher,245,57,170,24,0,51,0,0,4,3,0,0.3,,400,,,,,1,,,
CompleteGumtreeMatcher,174,35,149,6,5,14,0,0,276,3,0,0.3,,500,,,,,1,,,
CompleteGumtreeMatcher,154,22,145,2,5,2,0,0,858,3,0,0.3,,600,,,,,1,,,
CompleteGumtreeMatcher,154,22,145,2,5,2,0,0,856,3,0,0.3,,700,,,,,1,,,
CompleteGumtreeMatcher,154,22,145,2,5,2,0,0,858,3,0,0.3,,800,,,,,1,,,
CompleteGumtreeMatcher,154,22,145,2,5,2,0,0,861,3,0,0.3,,900,,,,,1,,,
CompleteGumtreeMatcher,154,22,145,2,5,2,0,0,862,3,0,0.3,,1000,,,,,1,,,
CompleteGumtreeMatcher,154,22,145,2,5,2,0,0,852,3,0,0.3,,1100,,,,,1,,,
CompleteGumtreeMatcher,154,22,145,2,5,2,0,0,858,3,0,0.3,,1200,,,,,1,,,
CompleteGumtreeMatcher,154,22,145,2,5,2,0,0,855,3,0,0.3,,1300,,,,,1,,,
CompleteGumtreeMatcher,154,22,145,2,5,2,0,0,862,3,0,0.3,,1400,,,,,1,,,
CompleteGumtreeMatcher,154,22,145,2,5,2,0,0,856,3,0,0.3,,1500,,,,,1,,,
CompleteGumtreeMatcher,154,22,145,2,5,2,0,0,853,3,0,0.3,,1600,,,,,1,,,
CompleteGumtreeMatcher,154,22,145,2,5,2,0,0,852,3,0,0.3,,1700,,,,,1,,,
CompleteGumtreeMatcher,154,22,145,2,5,2,0,0,856,3,0,0.3,,1800,,,,,1,,,
CompleteGumtreeMatcher,154,22,145,2,5,2,0,0,859,3,0,0.3,,1900,,,,,1,,,
CompleteGumtreeMatcher,154,22,145,2,5,2,0,0,859,3,0,0.3,,2000,,,,,1,,,
CompleteGumtreeMatcher,359,39,227,101,0,31,0,0,2,3,0,0.3,,100,,,,,2,,,
CompleteGumtreeMatcher,359,39,227,101,0,31,0,0,3,3,0,0.3,,200,,,,,2,,,
CompleteGumtreeMatcher,359,39,227,101,0,31,0,0,2,3,0,0.3,,300,,,,,2,,,
CompleteGumtreeMatcher,359,39,227,101,0,31,0,0,2,3,0,0.3,,400,,,,,2,,,
CompleteGumtreeMatcher,188,28,150,24,6,8,0,0,274,3,0,0.3,,500,,,,,2,,,
CompleteGumtreeMatcher,138,19,128,2,6,2,0,0,856,3,0,0.3,,600,,,,,2,,,
CompleteGumtreeMatcher,138,19,128,2,6,2,0,0,852,3,0,0.3,,700,,,,,2,,,
CompleteGumtreeMatcher,138,19,128,2,6,2,0,0,853,3,0,0.3,,800,,,,,2,,,
CompleteGumtreeMatcher,138,19,128,2,6,2,0,0,857,3,0,0.3,,900,,,,,2,,,
CompleteGumtreeMatcher,138,19,128,2,6,2,0,0,852,3,0,0.3,,1000,,,,,2,,,
CompleteGumtreeMatcher,138,19,128,2,6,2,0,0,859,3,0,0.3,,1100,,,,,2,,,
CompleteGumtreeMatcher,138,19,128,2,6,2,0,0,853,3,0,0.3,,1200,,,,,2,,,
CompleteGumtreeMatcher,138,19,128,2,6,2,0,0,854,3,0,0.3,,1300,,,,,2,,,
CompleteGumtreeMatcher,138,19,128,2,6,2,0,0,856,3,0,0.3,,1400,,,,,2,,,
CompleteGumtreeMatcher,138,19,128,2,6,2,0,0,857,3,0,0.3,,1500,,,,,2,,,
CompleteGumtreeMatcher,138,19,128,2,6,2,0,0,857,3,0,0.3,,1600,,,,,2,,,
CompleteGumtreeMatcher,138,19,128,2,6,2,0,0,853,3,0,0.3,,1700,,,,,2,,,
CompleteGumtreeMatcher,138,19,128,2,6,2,0,0,857,3,0,0.3,,1800,,,,,2,,,
CompleteGumtreeMatcher,138,19,128,2,6,2,0,0,858,3,0,0.3,,1900,,,,,2,,,
CompleteGumtreeMatcher,138,19,128,2,6,2,0,0,855,3,0,0.3,,2000,,,,,2,,,
CompleteGumtreeMatcher,460,32,278,160,0,22,0,0,2,3,0,0.3,,100,,,,,3,,,
CompleteGumtreeMatcher,460,32,278,160,0,22,0,0,3,3,0,0.3,,200,,,,,3,,,
CompleteGumtreeMatcher,460,32,278,160,0,22,0,0,2,3,0,0.3,,300,,,,,3,,,
CompleteGumtreeMatcher,460,32,278,160,0,22,0,0,2,3,0,0.3,,400,,,,,3,,,
CompleteGumtreeMatcher,226,24,167,49,6,4,0,0,276,3,0,0.3,,500,,,,,3,,,
CompleteGumtreeMatcher,130,17,120,2,6,2,0,0,848,3,0,0.3,,600,,,,,3,,,
CompleteGumtreeMatcher,130,17,120,2,6,2,0,0,853,3,0,0.3,,700,,,,,3,,,
CompleteGumtreeMatcher,130,17,120,2,6,2,0,0,859,3,0,0.3,,800,,,,,3,,,
CompleteGumtreeMatcher,130,17,120,2,6,2,0,0,864,3,0,0.3,,900,,,,,3,,,
CompleteGumtreeMatcher,130,17,120,2,6,2,0,0,858,3,0,0.3,,1000,,,,,3,,,
CompleteGumtreeMatcher,130,17,120,2,6,2,0,0,854,3,0,0.3,,1100,,,,,3,,,
CompleteGumtreeMatcher,130,17,120,2,6,2,0,0,857,3,0,0.3,,1200,,,,,3,,,
CompleteGumtreeMatcher,130,17,120,2,6,2,0,0,860,3,0,0.3,,1300,,,,,3,,,
CompleteGumtreeMatcher,130,17,120,2,6,2,0,0,860,3,0,0.3,,1400,,,,,3,,,
CompleteGumtreeMatcher,130,17,120,2,6,2,0,0,850,3,0,0.3,,1500,,,,,3,,,
CompleteGumtreeMatcher,130,17,120,2,6,2,0,0,864,3,0,0.3,,1600,,,,,3,,,
CompleteGumtreeMatcher,130,17,120,2,6,2,0,0,874,3,0,0.3,,1700,,,,,3,,,
CompleteGumtreeMatcher,130,17,120,2,6,2,0,0,870,3,0,0.3,,1800,,,,,3,,,
CompleteGumtreeMatcher,130,17,120,2,6,2,0,0,873,3,0,0.3,,1900,,,,,3,,,
CompleteGumtreeMatcher,130,17,120,2,6,2,0,0,869,3,0,0.3,,2000,,,,,3,,,
CompleteGumtreeMatcher,495,29,297,179,0,19,0,0,2,3,0,0.3,,100,,,,,4,,,
CompleteGumtreeMatcher,495,29,297,179,0,19,0,0,2,3,0,0.3,,200,,,,,4,,,
CompleteGumtreeMatcher,495,29,297,179,0,19,0,0,3,3,0,0.3,,300,,,,,4,,,
CompleteGumtreeMatcher,495,29,297,179,0,19,0,0,2,3,0,0.3,,400,,,,,4,,,
CompleteGumtreeMatcher,226,24,167,49,6,4,0,0,276,3,0,0.3,,500,,,,,4,,,
CompleteGumtreeMatcher,130,17,120,2,6,2,0,0,871,3,0,0.3,,600,,,,,4,,,
CompleteGumtreeMatcher,130,17,120,2,6,2,0,0,875,3,0,0.3,,700,,,,,4,,,
CompleteGumtreeMatcher,130,17,120,2,6,2,0,0,868,3,0,0.3,,800,,,,,4,,,
CompleteGumtreeMatcher,130,17,120,2,6,2,0,0,866,3,0,0.3,,900,,,,,4,,,
CompleteGumtreeMatcher,130,17,120,2,6,2,0,0,865,3,0,0.3,,1000,,,,,4,,,
CompleteGumtreeMatcher,130,17,120,2,6,2,0,0,854,3,0,0.3,,1100,,,,,4,,,
CompleteGumtreeMatcher,130,17,120,2,6,2,0,0,859,3,0,0.3,,1200,,,,,4,,,
CompleteGumtreeMatcher,130,17,120,2,6,2,0,0,861,3,0,0.3,,1300,,,,,4,,,
CompleteGumtreeMatcher,130,17,120,2,6,2,0,0,860,3,0,0.3,,1400,,,,,4,,,
CompleteGumtreeMatcher,130,17,120,2,6,2,0,0,856,3,0,0.3,,1500,,,,,4,,,
CompleteGumtreeMatcher,130,17,120,2,6,2,0,0,850,3,0,0.3,,1600,,,,,4,,,
CompleteGumtreeMatcher,130,17,120,2,6,2,0,0,858,3,0,0.3,,1700,,,,,4,,,
CompleteGumtreeMatcher,130,17,120,2,6,2,0,0,856,3,0,0.3,,1800,,,,,4,,,
CompleteGumtreeMatcher,130,17,120,2,6,2,0,0,852,3,0,0.3,,1900,,,,,4,,,
CompleteGumtreeMatcher,130,17,120,2,6,2,0,0,849,3,0,0.3,,2000,,,,,4,,,
CompleteGumtreeMatcher,797,11,453,335,0,9,0,0,3,3,0,0.3,,100,,,,,5,,,
CompleteGumtreeMatcher,797,11,453,335,0,9,0,0,2,3,0,0.3,,200,,,,,5,,,
CompleteGumtreeMatcher,797,11,453,335,0,9,0,0,2,3,0,0.3,,300,,,,,5,,,
CompleteGumtreeMatcher,797,11,453,335,0,9,0,0,3,3,0,0.3,,400,,,,,5,,,
CompleteGumtreeMatcher,797,11,453,335,0,9,0,0,2,3,0,0.3,,500,,,,,5,,,
CompleteGumtreeMatcher,130,17,120,2,6,2,0,0,519,3,0,0.3,,600,,,,,5,,,
CompleteGumtreeMatcher,130,17,120,2,6,2,0,0,522,3,0,0.3,,700,,,,,5,,,
CompleteGumtreeMatcher,130,17,120,2,6,2,0,0,527,3,0,0.3,,800,,,,,5,,,
CompleteGumtreeMatcher,130,17,120,2,6,2,0,0,524,3,0,0.3,,900,,,,,5,,,
CompleteGumtreeMatcher,130,17,120,2,6,2,0,0,521,3,0,0.3,,1000,,,,,5,,,
CompleteGumtreeMatcher,130,17,120,2,6,2,0,0,522,3,0,0.3,,1100,,,,,5,,,
CompleteGumtreeMatcher,130,17,120,2,6,2,0,0,525,3,0,0.3,,1200,,,,,5,,,
CompleteGumtreeMatcher,130,17,120,2,6,2,0,0,523,3,0,0.3,,1300,,,,,5,,,
CompleteGumtreeMatcher,130,17,120,2,6,2,0,0,522,3,0,0.3,,1400,,,,,5,,,
CompleteGumtreeMatcher,130,17,120,2,6,2,0,0,524,3,0,0.3,,1500,,,,,5,,,
CompleteGumtreeMatcher,130,17,120,2,6,2,0,0,525,3,0,0.3,,1600,,,,,5,,,
CompleteGumtreeMatcher,130,17,120,2,6,2,0,0,524,3,0,0.3,,1700,,,,,5,,,
CompleteGumtreeMatcher,130,17,120,2,6,2,0,0,524,3,0,0.3,,1800,,,,,5,,,
CompleteGumtreeMatcher,130,17,120,2,6,2,0,0,528,3,0,0.3,,1900,,,,,5,,,
CompleteGumtreeMatcher,130,17,120,2,6,2,0,0,522,3,0,0.3,,2000,,,,,5,,,
CompleteGumtreeMatcher,251,57,170,30,0,51,0,0,4,3,0,0.4,,100,,,,,1,,,
CompleteGumtreeMatcher,251,57,170,30,0,51,0,0,3,3,0,0.4,,200,,,,,1,,,
CompleteGumtreeMatcher,251,57,170,30,0,51,0,0,3,3,0,0.4,,300,,,,,1,,,
CompleteGumtreeMatcher,251,57,170,30,0,51,0,0,3,3,0,0.4,,400,,,,,1,,,
CompleteGumtreeMatcher,172,36,146,6,6,14,0,0,276,3,0,0.4,,500,,,,,1,,,
CompleteGumtreeMatcher,152,23,142,2,6,2,0,0,856,3,0,0.4,,600,,,,,1,,,
CompleteGumtreeMatcher,152,23,142,2,6,2,0,0,856,3,0,0.4,,700,,,,,1,,,
CompleteGumtreeMatcher,152,23,142,2,6,2,0,0,851,3,0,0.4,,800,,,,,1,,,
CompleteGumtreeMatcher,152,23,142,2,6,2,0,0,854,3,0,0.4,,900,,,,,1,,,
CompleteGumtreeMatcher,152,23,142,2,6,2,0,0,852,3,0,0.4,,1000,,,,,1,,,
CompleteGumtreeMatcher,152,23,142,2,6,2,0,0,855,3,0,0.4,,1100,,,,,1,,,
CompleteGumtreeMatcher,152,23,142,2,6,2,0,0,858,3,0,0.4,,1200,,,,,1,,,
CompleteGumtreeMatcher,152,23,142,2,6,2,0,0,856,3,0,0.4,,1300,,,,,1,,,
CompleteGumtreeMatcher,152,23,142,2,6,2,0,0,860,3,0,0.4,,1400,,,,,1,,,
CompleteGumtreeMatcher,152,23,142,2,6,2,0,0,856,3,0,0.4,,1500,,,,,1,,,
CompleteGumtreeMatcher,152,23,142,2,6,2,0,0,861,3,0,0.4,,1600,,,,,1,,,
CompleteGumtreeMatcher,152,23,142,2,6,2,0,0,855,3,0,0.4,,1700,,,,,1,,,
CompleteGumtreeMatcher,152,23,142,2,6,2,0,0,855,3,0,0.4,,1800,,,,,1,,,
CompleteGumtreeMatcher,152,23,142,2,6,2,0,0,856,3,0,0.4,,1900,,,,,1,,,
CompleteGumtreeMatcher,152,23,142,2,6,2,0,0,860,3,0,0.4,,2000,,,,,1,,,
CompleteGumtreeMatcher,359,39,227,101,0,31,0,0,2,3,0,0.4,,100,,,,,2,,,
CompleteGumtreeMatcher,359,39,227,101,0,31,0,0,2,3,0,0.4,,200,,,,,2,,,
CompleteGumtreeMatcher,359,39,227,101,0,31,0,0,2,3,0,0.4,,300,,,,,2,,,
CompleteGumtreeMatcher,359,39,227,101,0,31,0,0,2,3,0,0.4,,400,,,,,2,,,
CompleteGumtreeMatcher,188,28,150,24,6,8,0,0,274,3,0,0.4,,500,,,,,2,,,
CompleteGumtreeMatcher,138,19,128,2,6,2,0,0,853,3,0,0.4,,600,,,,,2,,,
CompleteGumtreeMatcher,138,19,128,2,6,2,0,0,858,3,0,0.4,,700,,,,,2,,,
CompleteGumtreeMatcher,138,19,128,2,6,2,0,0,862,3,0,0.4,,800,,,,,2,,,
CompleteGumtreeMatcher,138,19,128,2,6,2,0,0,853,3,0,0.4,,900,,,,,2,,,
CompleteGumtreeMatcher,138,19,128,2,6,2,0,0,853,3,0,0.4,,1000,,,,,2,,,
CompleteGumtreeMatcher,138,19,128,2,6,2,0,0,856,3,0,0.4,,1100,,,,,2,,,
CompleteGumtreeMatcher,138,19,128,2,6,2,0,0,863,3,0,0.4,,1200,,,,,2,,,
CompleteGumtreeMatcher,138,19,128,2,6,2,0,0,861,3,0,0.4,,1300,,,,,2,,,
CompleteGumtreeMatcher,138,19,128,2,6,2,0,0,858,3,0,0.4,,1400,,,,,2,,,
CompleteGumtreeMatcher,138,19,128,2,6,2,0,0,855,3,0,0.4,,1500,,,,,2,,,
CompleteGumtreeMatcher,138,19,128,2,6,2,0,0,865,3,0,0.4,,1600,,,,,2,,,
CompleteGumtreeMatcher,138,19,128,2,6,2,0,0,867,3,0,0.4,,1700,,,,,2,,,
CompleteGumtreeMatcher,138,19,128,2,6,2,0,0,866,3,0,0.4,,1800,,,,,2,,,
CompleteGumtreeMatcher,138,19,128,2,6,2,0,0,854,3,0,0.4,,1900,,,,,2,,,
CompleteGumtreeMatcher,138,19,128,2,6,2,0,0,857,3,0,0.4,,2000,,,,,2,,,
CompleteGumtreeMatcher,465,25,280,162,0,23,0,0,2,3,0,0.4,,100,,,,,3,,,
CompleteGumtreeMatcher,465,25,280,162,0,23,0,0,3,3,0,0.4,,200,,,,,3,,,
CompleteGumtreeMatcher,465,25,280,162,0,23,0,0,2,3,0,0.4,,300,,,,,3,,,
CompleteGumtreeMatcher,465,25,280,162,0,23,0,0,3,3,0,0.4,,400,,,,,3,,,
CompleteGumtreeMatcher,465,25,280,162,0,23,0,0,3,3,0,0.4,,500,,,,,3,,,
CompleteGumtreeMatcher,130,17,120,2,6,2,0,0,530,3,0,0.4,,600,,,,,3,,,
CompleteGumtreeMatcher,130,17,120,2,6,2,0,0,526,3,0,0.4,,700,,,,,3,,,
CompleteGumtreeMatcher,130,17,120,2,6,2,0,0,523,3,0,0.4,,800,,,,,3,,,
CompleteGumtreeMatcher,130,17,120,2,6,2,0,0,523,3,0,0.4,,900,,,,,3,,,
CompleteGumtreeMatcher,130,17,120,2,6,2,0,0,524,3,0,0.4,,1000,,,,,3,,,
CompleteGumtreeMatcher,130,17,120,2,6,2,0,0,527,3,0,0.4,,1100,,,,,3,,,
CompleteGumtreeMatcher,130,17,120,2,6,2,0,0,525,3,0,0.4,,1200,,,,,3,,,
CompleteGumtreeMatcher,130,17,120,2,6,2,0,0,528,3,0,0.4,,1300,,,,,3,,,
CompleteGumtreeMatcher,130,17,120,2,6,2,0,0,522,3,0,0.4,,1400,,,,,3,,,
CompleteGumtreeMatcher,130,17,120,2,6,2,0,0,523,3,0,0.4,,1500,,,,,3,,,
CompleteGumtreeMatcher,130,17,120,2,6,2,0,0,521,3,0,0.4,,1600,,,,,3,,,
CompleteGumtreeMatcher,130,17,120,2,6,2,0,0,524,3,0,0.4,,1700,,,,,3,,,
CompleteGumtreeMatcher,130,17,120,2,6,2,0,0,522,3,0,0.4,,1800,,,,,3,,,
CompleteGumtreeMatcher,130,17,120,2,6,2,0,0,522,3,0,0.4,,1900,,,,,3,,,
CompleteGumtreeMatcher,130,17,120,2,6,2,0,0,523,3,0,0.4,,2000,,,,,3,,,
CompleteGumtreeMatcher,500,22,299,181,0,20,0,0,3,3,0,0.4,,100,,,,,4,,,
CompleteGumtreeMatcher,500,22,299,181,0,20,0,0,2,3,0,0.4,,200,,,,,4,,,
CompleteGumtreeMatcher,500,22,299,181,0,20,0,0,3,3,0,0.4,,300,,,,,4,,,
CompleteGumtreeMatcher,500,22,299,181,0,20,0,0,2,3,0,0.4,,400,,,,,4,,,
CompleteGumtreeMatcher,500,22,299,181,0,20,0,0,3,3,0,0.4,,500,,,,,4,,,
CompleteGumtreeMatcher,130,17,120,2,6,2,0,0,522,3,0,0.4,,600,,,,,4,,,
CompleteGumtreeMatcher,130,17,120,2,6,2,0,0,527,3,0,0.4,,700,,,,,4,,,
CompleteGumtreeMatcher,130,17,120,2,6,2,0,0,528,3,0,0.4,,800,,,,,4,,,
CompleteGumtreeMatcher,130,17,120,2,6,2,0,0,522,3,0,0.4,,900,,,,,4,,,
CompleteGumtreeMatcher,130,17,120,2,6,2,0,0,525,3,0,0.4,,1000,,,,,4,,,
CompleteGumtreeMatcher,130,17,120,2,6,2,0,0,527,3,0,0.4,,1100,,,,,4,,,
CompleteGumtreeMatcher,130,17,120,2,6,2,0,0,527,3,0,0.4,,1200,,,,,4,,,
CompleteGumtreeMatcher,130,17,120,2,6,2,0,0,523,3,0,0.4,,1300,,,,,4,,,
CompleteGumtreeMatcher,130,17,120,2,6,2,0,0,521,3,0,0.4,,1400,,,,,4,,,
CompleteGumtreeMatcher,130,17,120,2,6,2,0,0,524,3,0,0.4,,1500,,,,,4,,,
CompleteGumtreeMatcher,130,17,120,2,6,2,0,0,523,3,0,0.4,,1600,,,,,4,,,
CompleteGumtreeMatcher,130,17,120,2,6,2,0,0,528,3,0,0.4,,1700,,,,,4,,,
CompleteGumtreeMatcher,130,17,120,2,6,2,0,0,524,3,0,0.4,,1800,,,,,4,,,
CompleteGumtreeMatcher,130,17,120,2,6,2,0,0,539,3,0,0.4,,1900,,,,,4,,,
CompleteGumtreeMatcher,130,17,120,2,6,2,0,0,534,3,0,0.4,,2000,,,,,4,,,
CompleteGumtreeMatcher,797,11,453,335,0,9,0,0,2,3,0,0.4,,100,,,,,5,,,
CompleteGumtreeMatcher,797,11,453,335,0,9,0,0,3,3,0,0.4,,200,,,,,5,,,
CompleteGumtreeMatcher,797,11,453,335,0,9,0,0,2,3,0,0.4,,300,,,,,5,,,
CompleteGumtreeMatcher,797,11,453,335,0,9,0,0,3,3,0,0.4,,400,,,,,5,,,
CompleteGumtreeMatcher,797,11,453,335,0,9,0,0,2,3,0,0.4,,500,,,,,5,,,
CompleteGumtreeMatcher,130,17,120,2,6,2,0,0,538,3,0,0.4,,600,,,,,5,,,
CompleteGumtreeMatcher,130,17,120,2,6,2,0,0,534,3,0,0.4,,700,,,,,5,,,
CompleteGumtreeMatcher,130,17,120,2,6,2,0,0,536,3,0,0.4,,800,,,,,5,,,
CompleteGumtreeMatcher,130,17,120,2,6,2,0,0,530,3,0,0.4,,900,,,,,5,,,
CompleteGumtreeMatcher,130,17,120,2,6,2,0,0,529,3,0,0.4,,1000,,,,,5,,,
CompleteGumtreeMatcher,130,17,120,2,6,2,0,0,538,3,0,0.4,,1100,,,,,5,,,
CompleteGumtreeMatcher,130,17,120,2,6,2,0,0,538,3,0,0.4,,1200,,,,,5,,,
CompleteGumtreeMatcher,130,17,120,2,6,2,0,0,532,3,0,0.4,,1300,,,,,5,,,
CompleteGumtreeMatcher,130,17,120,2,6,2,0,0,524,3,0,0.4,,1400,,,,,5,,,
CompleteGumtreeMatcher,130,17,120,2,6,2,0,0,524,3,0,0.4,,1500,,,,,5,,,
CompleteGumtreeMatcher,130,17,120,2,6,2,0,0,526,3,0,0.4,,1600,,,,,5,,,
CompleteGumtreeMatcher,130,17,120,2,6,2,0,0,522,3,0,0.4,,1700,,,,,5,,,
CompleteGumtreeMatcher,130,17,120,2,6,2,0,0,524,3,0,0.4,,1800,,,,,5,,,
CompleteGumtreeMatcher,130,17,120,2,6,2,0,0,520,3,0,0.4,,1900,,,,,5,,,
CompleteGumtreeMatcher,130,17,120,2,6,2,0,0,522,3,0,0.4,,2000,,,,,5,,,
CompleteGumtreeMatcher,251,57,170,30,0,51,0,0,3,3,0,0.5,,100,,,,,1,,,
CompleteGumtreeMatcher,251,57,170,30,0,51,0,0,4,3,0,0.5,,200,,,,,1,,,
CompleteGumtreeMatcher,251,57,170,30,0,51,0,0,3,3,0,0.5,,300,,,,,1,,,
CompleteGumtreeMatcher,251,57,170,30,0,51,0,0,4,3,0,0.5,,400,,,,,1,,,
CompleteGumtreeMatcher,172,36,146,6,6,14,0,0,277,3,0,0.5,,500,,,,,1,,,
CompleteGumtreeMatcher,152,23,142,2,6,2,0,0,857,3,0,0.5,,600,,,,,1,,,
CompleteGumtreeMatcher,152,23,142,2,6,2,0,0,865,3,0,0.5,,700,,,,,1,,,
CompleteGumtreeMatcher,152,23,142,2,6,2,0,0,862,3,0,0.5,,800,,,,,1,,,
CompleteGumtreeMatcher,152,23,142,2,6,2,0,0,851,3,0,0.5,,900,,,,,1,,,
CompleteGumtreeMatcher,152,23,142,2,6,2,0,0,862,3,0,0.5,,1000,,,,,1,,,
CompleteGumtreeMatcher,152,23,142,2,6,2,0,0,857,3,0,0.5,,1100,,,,,1,,,
CompleteGumtreeMatcher,152,23,142,2,6,2,0,0,868,3,0,0.5,,1200,,,,,1,,,
CompleteGumtreeMatcher,152,23,142,2,6,2,0,0,854,3,0,0.5,,1300,,,,,1,,,
CompleteGumtreeMatcher,152,23,142,2,6,2,0,0,859,3,0,0.5,,1400,,,,,1,,,
CompleteGumtreeMatcher,152,23,142,2,6,2,0,0,853,3,0,0.5,,1500,,,,,1,,,
CompleteGumtreeMatcher,152,23,142,2,6,2,0,0,858,3,0,0.5,,1600,,,,,1,,,
CompleteGumtreeMatcher,152,23,142,2,6,2,0,0,861,3,0,0.5,,1700,,,,,1,,,
CompleteGumtreeMatcher,152,23,142,2,6,2,0,0,857,3,0,0.5,,1800,,,,,1,,,
CompleteGumtreeMatcher,152,23,142,2,6,2,0,0,862,3,0,0.5,,1900,,,,,1,,,
CompleteGumtreeMatcher,152,23,142,2,6,2,0,0,856,3,0,0.5,,2000,,,,,1,,,
CompleteGumtreeMatcher,365,35,229,103,0,33,0,0,3,3,0,0.5,,100,,,,,2,,,
CompleteGumtreeMatcher,365,35,229,103,0,33,0,0,3,3,0,0.5,,200,,,,,2,,,
CompleteGumtreeMatcher,365,35,229,103,0,33,0,0,3,3,0,0.5,,300,,,,,2,,,
CompleteGumtreeMatcher,365,35,229,103,0,33,0,0,3,3,0,0.5,,400,,,,,2,,,
CompleteGumtreeMatcher,365,35,229,103,0,33,0,0,3,3,0,0.5,,500,,,,,2,,,
CompleteGumtreeMatcher,138,19,128,2,6,2,0,0,524,3,0,0.5,,600,,,,,2,,,
CompleteGumtreeMatcher,138,19,128,2,6,2,0,0,523,3,0,0.5,,700,,,,,2,,,
CompleteGumtreeMatcher,138,19,128,2,6,2,0,0,521,3,0,0.5,,800,,,,,2,,,
CompleteGumtreeMatcher,138,19,128,2,6,2,0,0,525,3,0,0.5,,900,,,,,2,,,
CompleteGumtreeMatcher,138,19,128,2,6,2,0,0,526,3,0,0.5,,1000,,,,,2,,,
CompleteGumtreeMatcher,138,19,128,2,6,2,0,0,522,3,0,0.5,,1100,,,,,2,,,
CompleteGumtreeMatcher,138,19,128,2,6,2,0,0,522,3,0,0.5,,1200,,,,,2,,,
CompleteGumtreeMatcher,138,19,128,2,6,2,0,0,522,3,0,0.5,,1300,,,,,2,,,
CompleteGumtreeMatcher,138,19,128,2,6,2,0,0,531,3,0,0.5,,1400,,,,,2,,,
CompleteGumtreeMatcher,138,19,128,2,6,2,0,0,524,3,0,0.5,,1500,,,,,2,,,
CompleteGumtreeMatcher,138,19,128,2,6,2,0,0,526,3,0,0.5,,1600,,,,,2,,,
CompleteGumtreeMatcher,138,19,128,2,6,2,0,0,523,3,0,0.5,,1700,,,,,2,,,
CompleteGumtreeMatcher,138,19,128,2,6,2,0,0,522,3,0,0.5,,1800,,,,,2,,,
CompleteGumtreeMatcher,138,19,128,2,6,2,0,0,523,3,0,0.5,,1900,,,,,2,,,
CompleteGumtreeMatcher,138,19,128,2,6,2,0,0,523,3,0,0.5,,2000,,,,,2,,,
CompleteGumtreeMatcher,465,25,280,162,0,23,0,0,2,3,0,0.5,,100,,,,,3,,,
CompleteGumtreeMatcher,465,25,280,162,0,23,0,0,2,3,0,0.5,,200,,,,,3,,,
CompleteGumtreeMatcher,465,25,280,162,0,23,0,0,3,3,0,0.5,,300,,,,,3,,,
CompleteGumtreeMatcher,465,25,280,162,0,23,0,0,2,3,0,0.5,,400,,,,,3,,,
CompleteGumtreeMatcher,465,25,280,162,0,23,0,0,3,3,0,0.5,,500,,,,,3,,,
CompleteGumtreeMatcher,130,17,120,2,6,2,0,0,524,3,0,0.5,,600,,,,,3,,,
CompleteGumtreeMatcher,130,17,120,2,6,2,0,0,523,3,0,0.5,,700,,,,,3,,,
CompleteGumtreeMatcher,130,17,120,2,6,2,0,0,520,3,0,0.5,,800,,,,,3,,,
CompleteGumtreeMatcher,130,17,120,2,6,2,0,0,526,3,0,0.5,,900,,,,,3,,,
CompleteGumtreeMatcher,130,17,120,2,6,2,0,0,529,3,0,0.5,,1000,,,,,3,,,
CompleteGumtreeMatcher,130,17,120,2,6,2,0,0,524,3,0,0.5,,1100,,,,,3,,,
CompleteGumtreeMatcher,130,17,120,2,6,2,0,0,523,3,0,0.5,,1200,,,,,3,,,
CompleteGumtreeMatcher,130,17,120,2,6,2,0,0,520,3,0,0.5,,1300,,,,,3,,,
CompleteGumtreeMatcher,130,17,120,2,6,2,0,0,523,3,0,0.5,,1400,,,,,3,,,
CompleteGumtreeMatcher,130,17,120,2,6,2,0,0,528,3,0,0.5,,1500,,,,,3,,,
CompleteGumtreeMatcher,130,17,120,2,6,2,0,0,523,3,0,0.5,,1600,,,,,3,,,
CompleteGumtreeMatcher,130,17,120,2,6,2,0,0,522,3,0,0.5,,1700,,,,,3,,,
CompleteGumtreeMatcher,130,17,120,2,6,2,0,0,524,3,0,0.5,,1800,,,,,3,,,
CompleteGumtreeMatcher,130,17,120,2,6,2,0,0,521,3,0,0.5,,1900,,,,,3,,,
CompleteGumtreeMatcher,130,17,120,2,6,2,0,0,525,3,0,0.5,,2000,,,,,3,,,
CompleteGumtreeMatcher,500,22,299,181,0,20,0,0,3,3,0,0.5,,100,,,,,4,,,
CompleteGumtreeMatcher,500,22,299,181,0,20,0,0,3,3,0,0.5,,200,,,,,4,,,
CompleteGumtreeMatcher,500,22,299,181,0,20,0,0,2,3,0,0.5,,300,,,,,4,,,
CompleteGumtreeMatcher,500,22,299,181,0,20,0,0,3,3,0,0.5,,400,,,,,4,,,
CompleteGumtreeMatcher,500,22,299,181,0,20,0,0,3,3,0,0.5,,500,,,,,4,,,
CompleteGumtreeMatcher,130,17,120,2,6,2,0,0,526,3,0,0.5,,600,,,,,4,,,
CompleteGumtreeMatcher,130,17,120,2,6,2,0,0,527,3,0,0.5,,700,,,,,4,,,
CompleteGumtreeMatcher,130,17,120,2,6,2,0,0,535,3,0,0.5,,800,,,,,4,,,
CompleteGumtreeMatcher,130,17,120,2,6,2,0,0,528,3,0,0.5,,900,,,,,4,,,
CompleteGumtreeMatcher,130,17,120,2,6,2,0,0,524,3,0,0.5,,1000,,,,,4,,,
CompleteGumtreeMatcher,130,17,120,2,6,2,0,0,523,3,0,0.5,,1100,,,,,4,,,
CompleteGumtreeMatcher,130,17,120,2,6,2,0,0,524,3,0,0.5,,1200,,,,,4,,,
CompleteGumtreeMatcher,130,17,120,2,6,2,0,0,528,3,0,0.5,,1300,,,,,4,,,
CompleteGumtreeMatcher,130,17,120,2,6,2,0,0,527,3,0,0.5,,1400,,,,,4,,,
CompleteGumtreeMatcher,130,17,120,2,6,2,0,0,524,3,0,0.5,,1500,,,,,4,,,
CompleteGumtreeMatcher,130,17,120,2,6,2,0,0,526,3,0,0.5,,1600,,,,,4,,,
CompleteGumtreeMatcher,130,17,120,2,6,2,0,0,528,3,0,0.5,,1700,,,,,4,,,
CompleteGumtreeMatcher,130,17,120,2,6,2,0,0,525,3,0,0.5,,1800,,,,,4,,,
CompleteGumtreeMatcher,130,17,120,2,6,2,0,0,523,3,0,0.5,,1900,,,,,4,,,
CompleteGumtreeMatcher,130,17,120,2,6,2,0,0,525,3,0,0.5,,2000,,,,,4,,,
CompleteGumtreeMatcher,797,11,453,335,0,9,0,0,2,3,0,0.5,,100,,,,,5,,,
CompleteGumtreeMatcher,797,11,453,335,0,9,0,0,3,3,0,0.5,,200,,,,,5,,,
CompleteGumtreeMatcher,797,11,453,335,0,9,0,0,2,3,0,0.5,,300,,,,,5,,,
CompleteGumtreeMatcher,797,11,453,335,0,9,0,0,2,3,0,0.5,,400,,,,,5,,,
CompleteGumtreeMatcher,797,11,453,335,0,9,0,0,2,3,0,0.5,,500,,,,,5,,,
CompleteGumtreeMatcher,130,17,120,2,6,2,0,0,520,3,0,0.5,,600,,,,,5,,,
CompleteGumtreeMatcher,130,17,120,2,6,2,0,0,523,3,0,0.5,,700,,,,,5,,,
CompleteGumtreeMatcher,130,17,120,2,6,2,0,0,526,3,0,0.5,,800,,,,,5,,,
CompleteGumtreeMatcher,130,17,120,2,6,2,0,0,522,3,0,0.5,,900,,,,,5,,,
CompleteGumtreeMatcher,130,17,120,2,6,2,0,0,520,3,0,0.5,,1000,,,,,5,,,
CompleteGumtreeMatcher,130,17,120,2,6,2,0,0,527,3,0,0.5,,1100,,,,,5,,,
CompleteGumtreeMatcher,130,17,120,2,6,2,0,0,522,3,0,0.5,,1200,,,,,5,,,
CompleteGumtreeMatcher,130,17,120,2,6,2,0,0,524,3,0,0.5,,1300,,,,,5,,,
CompleteGumtreeMatcher,130,17,120,2,6,2,0,0,524,3,0,0.5,,1400,,,,,5,,,
CompleteGumtreeMatcher,130,17,120,2,6,2,0,0,522,3,0,0.5,,1500,,,,,5,,,
CompleteGumtreeMatcher,130,17,120,2,6,2,0,0,522,3,0,0.5,,1600,,,,,5,,,
CompleteGumtreeMatcher,130,17,120,2,6,2,0,0,525,3,0,0.5,,1700,,,,,5,,,
CompleteGumtreeMatcher,130,17,120,2,6,2,0,0,521,3,0,0.5,,1800,,,,,5,,,
CompleteGumtreeMatcher,130,17,120,2,6,2,0,0,521,3,0,0.5,,1900,,,,,5,,,
CompleteGumtreeMatcher,130,17,120,2,6,2,0,0,527,3,0,0.5,,2000,,,,,5,,,
CompleteGumtreeMatcher,258,56,172,32,0,54,0,0,4,3,0,0.6,,100,,,,,1,,,
CompleteGumtreeMatcher,258,56,172,32,0,54,0,0,4,3,0,0.6,,200,,,,,1,,,
CompleteGumtreeMatcher,258,56,172,32,0,54,0,0,4,3,0,0.6,,300,,,,,1,,,
CompleteGumtreeMatcher,258,56,172,32,0,54,0,0,4,3,0,0.6,,400,,,,,1,,,
CompleteGumtreeMatcher,258,56,172,32,0,54,0,0,4,3,0,0.6,,500,,,,,1,,,
CompleteGumtreeMatcher,152,23,142,2,6,2,0,0,523,3,0,0.6,,600,,,,,1,,,
CompleteGumtreeMatcher,152,23,142,2,6,2,0,0,526,3,0,0.6,,700,,,,,1,,,
CompleteGumtreeMatcher,152,23,142,2,6,2,0,0,531,3,0,0.6,,800,,,,,1,,,
CompleteGumtreeMatcher,152,23,142,2,6,2,0,0,524,3,0,0.6,,900,,,,,1,,,
CompleteGumtreeMatcher,152,23,142,2,6,2,0,0,530,3,0,0.6,,1000,,,,,1,,,
CompleteGumtreeMatcher,152,23,142,2,6,2,0,0,527,3,0,0.6,,1100,,,,,1,,,
CompleteGumtreeMatcher,152,23,142,2,6,2,0,0,528,3,0,0.6,,1200,,,,,1,,,
CompleteGumtreeMatcher,152,23,142,2,6,2,0,0,524,3,0,0.6,,1300,,,,,1,,,
CompleteGumtreeMatcher,152,23,142,2,6,2,0,0,527,3,0,0.6,,1400,,,,,1,,,
CompleteGumtreeMatcher,152,23,142,2,6,2,0,0,526,3,0,0.6,,1500,,,,,1,,,
CompleteGumtreeMatcher,152,23,142,2,6,2,0,0,525,3,0,0.6,,1600,,,,,1,,,
CompleteGumtreeMatcher,152,23,142,2,6,2,0,0,523,3,0,0.6,,1700,,,,,1,,,
CompleteGumtreeMatcher,152,23,142,2,6,2,0,0,530,3,0,0.6,,1800,,,,,1,,,
CompleteGumtreeMatcher,152,23,142,2,6,2,0,0,528,3,0,0.6,,1900,,,,,1,,,
CompleteGumtreeMatcher,152,23,142,2,6,2,0,0,525,3,0,0.6,,2000,,,,,1,,,
CompleteGumtreeMatcher,365,35,229,103,0,33,0,0,3,3,0,0.6,,100,,,,,2,,,
CompleteGumtreeMatcher,365,35,229,103,0,33,0,0,3,3,0,0.6,,200,,,,,2,,,
CompleteGumtreeMatcher,365,35,229,103,0,33,0,0,3,3,0,0.6,,300,,,,,2,,,
CompleteGumtreeMatcher,365,35,229,103,0,33,0,0,3,3,0,0.6,,400,,,,,2,,,
CompleteGumtreeMatcher,365,35,229,103,0,33,0,0,3,3,0,0.6,,500,,,,,2,,,
CompleteGumtreeMatcher,138,19,128,2,6,2,0,0,528,3,0,0.6,,600,,,,,2,,,
CompleteGumtreeMatcher,138,19,128,2,6,2,0,0,524,3,0,0.6,,700,,,,,2,,,
CompleteGumtreeMatcher,138,19,128,2,6,2,0,0,526,3,0,0.6,,800,,,,,2,,,
CompleteGumtreeMatcher,138,19,128,2,6,2,0,0,525,3,0,0.6,,900,,,,,2,,,
CompleteGumtreeMatcher,138,19,128,2,6,2,0,0,524,3,0,0.6,,1000,,,,,2,,,
CompleteGumtreeMatcher,138,19,128,2,6,2,0,0,523,3,0,0.6,,1100,,,,,2,,,
CompleteGumtreeMatcher,138,19,128,2,6,2,0,0,525,3,0,0.6,,1200,,,,,2,,,
CompleteGumtreeMatcher,138,19,128,2,6,2,0,0,530,3,0,0.6,,1300,,,,,2,,,
CompleteGumtreeMatcher,138,19,128,2,6,2,0,0,529,3,0,0.6,,1400,,,,,2,,,
CompleteGumtreeMatcher,138,19,128,2,6,2,0,0,539,3,0,0.6,,1500,,,,,2,,,
CompleteGumtreeMatcher,138,19,128,2,6,2,0,0,545,3,0,0.6,,1600,,,,,2,,,
CompleteGumtreeMatcher,138,19,128,2,6,2,0,0,543,3,0,0.6,,1700,,,,,2,,,
CompleteGumtreeMatcher,138,19,128,2,6,2,0,0,543,3,0,0.6,,1800,,,,,2,,,
CompleteGumtreeMatcher,138,19,128,2,6,2,0,0,540,3,0,0.6,,1900,,,,,2,,,
CompleteGumtreeMatcher,138,19,128,2,6,2,0,0,541,3,0,0.6,,2000,,,,,2,,,
CompleteGumtreeMatcher,465,25,280,162,0,23,0,0,3,3,0,0.6,,100,,,,,3,,,
CompleteGumtreeMatcher,465,25,280,162,0,23,0,0,2,3,0,0.6,,200,,,,,3,,,
CompleteGumtreeMatcher,465,25,280,162,0,23,0,0,3,3,0,0.6,,300,,,,,3,,,
CompleteGumtreeMatcher,465,25,280,162,0,23,0,0,3,3,0,0.6,,400,,,,,3,,,
CompleteGumtreeMatcher,465,25,280,162,0,23,0,0,3,3,0,0.6,,500,,,,,3,,,
CompleteGumtreeMatcher,130,17,120,2,6,2,0,0,542,3,0,0.6,,600,,,,,3,,,
CompleteGumtreeMatcher,130,17,120,2,6,2,0,0,543,3,0,0.6,,700,,,,,3,,,
CompleteGumtreeMatcher,130,17,120,2,6,2,0,0,544,3,0,0.6,,800,,,,,3,,,
CompleteGumtreeMatcher,130,17,120,2,6,2,0,0,539,3,0,0.6,,900,,,,,3,,,
CompleteGumtreeMatcher,130,17,120,2,6,2,0,0,528,3,0,0.6,,1000,,,,,3,,,
CompleteGumtreeMatcher,130,17,120,2,6,2,0,0,529,3,0,0.6,,1100,,,,,3,,,
CompleteGumtreeMatcher,130,17,120,2,6,2,0,0,526,3,0,0.6,,1200,,,,,3,,,
CompleteGumtreeMatcher,130,17,120,2,6,2,0,0,525,3,0,0.6,,1300,,,,,3,,,
CompleteGumtreeMatcher,130,17,120,2,6,2,0,0,521,3,0,0.6,,1400,,,,,3,,,
CompleteGumtreeMatcher,130,17,120,2,6,2,0,0,520,3,0,0.6,,1500,,,,,3,,,
CompleteGumtreeMatcher,130,17,120,2,6,2,0,0,527,3,0,0.6,,1600,,,,,3,,,
CompleteGumtreeMatcher,130,17,120,2,6,2,0,0,527,3,0,0.6,,1700,,,,,3,,,
CompleteGumtreeMatcher,130,17,120,2,6,2,0,0,524,3,0,0.6,,1800,,,,,3,,,
CompleteGumtreeMatcher,130,17,120,2,6,2,0,0,527,3,0,0.6,,1900,,,,,3,,,
CompleteGumtreeMatcher,130,17,120,2,6,2,0,0,528,3,0,0.6,,2000,,,,,3,,,
CompleteGumtreeMatcher,500,22,299,181,0,20,0,0,3,3,0,0.6,,100,,,,,4,,,
CompleteGumtreeMatcher,500,22,299,181,0,20,0,0,2,3,0,0.6,,200,,,,,4,,,
CompleteGumtreeMatcher,500,22,299,181,0,20,0,0,3,3,0,0.6,,300,,,,,4,,,
CompleteGumtreeMatcher,500,22,299,181,0,20,0,0,3,3,0,0.6,,400,,,,,4,,,
CompleteGumtreeMatcher,500,22,299,181,0,20,0,0,3,3,0,0.6,,500,,,,,4,,,
CompleteGumtreeMatcher,130,17,120,2,6,2,0,0,527,3,0,0.6,,600,,,,,4,,,
CompleteGumtreeMatcher,130,17,120,2,6,2,0,0,530,3,0,0.6,,700,,,,,4,,,
CompleteGumtreeMatcher,130,17,120,2,6,2,0,0,526,3,0,0.6,,800,,,,,4,,,
CompleteGumtreeMatcher,130,17,120,2,6,2,0,0,519,3,0,0.6,,900,,,,,4,,,
CompleteGumtreeMatcher,130,17,120,2,6,2,0,0,524,3,0,0.6,,1000,,,,,4,,,
CompleteGumtreeMatcher,130,17,120,2,6,2,0,0,529,3,0,0.6,,1100,,,,,4,,,
CompleteGumtreeMatcher,130,17,120,2,6,2,0,0,530,3,0,0.6,,1200,,,,,4,,,
CompleteGumtreeMatcher,130,17,120,2,6,2,0,0,522,3,0,0.6,,1300,,,,,4,,,
CompleteGumtreeMatcher,130,17,120,2,6,2,0,0,527,3,0,0.6,,1400,,,,,4,,,
CompleteGumtreeMatcher,130,17,120,2,6,2,0,0,525,3,0,0.6,,1500,,,,,4,,,
CompleteGumtreeMatcher,130,17,120,2,6,2,0,0,526,3,0,0.6,,1600,,,,,4,,,
CompleteGumtreeMatcher,130,17,120,2,6,2,0,0,527,3,0,0.6,,1700,,,,,4,,,
CompleteGumtreeMatcher,130,17,120,2,6,2,0,0,529,3,0,0.6,,1800,,,,,4,,,
CompleteGumtreeMatcher,130,17,120,2,6,2,0,0,524,3,0,0.6,,1900,,,,,4,,,
CompleteGumtreeMatcher,130,17,120,2,6,2,0,0,520,3,0,0.6,,2000,,,,,4,,,
CompleteGumtreeMatcher,797,11,453,335,0,9,0,0,3,3,0,0.6,,100,,,,,5,,,
CompleteGumtreeMatcher,797,11,453,335,0,9,0,0,2,3,0,0.6,,200,,,,,5,,,
CompleteGumtreeMatcher,797,11,453,335,0,9,0,0,3,3,0,0.6,,300,,,,,5,,,
CompleteGumtreeMatcher,797,11,453,335,0,9,0,0,2,3,0,0.6,,400,,,,,5,,,
CompleteGumtreeMatcher,797,11,453,335,0,9,0,0,2,3,0,0.6,,500,,,,,5,,,
CompleteGumtreeMatcher,130,17,120,2,6,2,0,0,529,3,0,0.6,,600,,,,,5,,,
CompleteGumtreeMatcher,130,17,120,2,6,2,0,0,532,3,0,0.6,,700,,,,,5,,,
CompleteGumtreeMatcher,130,17,120,2,6,2,0,0,522,3,0,0.6,,800,,,,,5,,,
CompleteGumtreeMatcher,130,17,120,2,6,2,0,0,525,3,0,0.6,,900,,,,,5,,,
CompleteGumtreeMatcher,130,17,120,2,6,2,0,0,527,3,0,0.6,,1000,,,,,5,,,
CompleteGumtreeMatcher,130,17,120,2,6,2,0,0,528,3,0,0.6,,1100,,,,,5,,,
CompleteGumtreeMatcher,130,17,120,2,6,2,0,0,528,3,0,0.6,,1200,,,,,5,,,
CompleteGumtreeMatcher,130,17,120,2,6,2,0,0,524,3,0,0.6,,1300,,,,,5,,,
CompleteGumtreeMatcher,130,17,120,2,6,2,0,0,520,3,0,0.6,,1400,,,,,5,,,
CompleteGumtreeMatcher,130,17,120,2,6,2,0,0,520,3,0,0.6,,1500,,,,,5,,,
CompleteGumtreeMatcher,130,17,120,2,6,2,0,0,526,3,0,0.6,,1600,,,,,5,,,
CompleteGumtreeMatcher,130,17,120,2,6,2,0,0,525,3,0,0.6,,1700,,,,,5,,,
CompleteGumtreeMatcher,130,17,120,2,6,2,0,0,522,3,0,0.6,,1800,,,,,5,,,
CompleteGumtreeMatcher,130,17,120,2,6,2,0,0,526,3,0,0.6,,1900,,,,,5,,,
CompleteGumtreeMatcher,130,17,120,2,6,2,0,0,528,3,0,0.6,,2000,,,,,5,,,
CompleteGumtreeMatcher,258,56,172,32,0,54,0,0,4,3,0,0.7,,100,,,,,1,,,
CompleteGumtreeMatcher,258,56,172,32,0,54,0,0,4,3,0,0.7,,200,,,,,1,,,
CompleteGumtreeMatcher,258,56,172,32,0,54,0,0,4,3,0,0.7,,300,,,,,1,,,
CompleteGumtreeMatcher,258,56,172,32,0,54,0,0,4,3,0,0.7,,400,,,,,1,,,
CompleteGumtreeMatcher,258,56,172,32,0,54,0,0,4,3,0,0.7,,500,,,,,1,,,
CompleteGumtreeMatcher,152,23,142,2,6,2,0,0,527,3,0,0.7,,600,,,,,1,,,
CompleteGumtreeMatcher,152,23,142,2,6,2,0,0,527,3,0,0.7,,700,,,,,1,,,
CompleteGumtreeMatcher,152,23,142,2,6,2,0,0,527,3,0,0.7,,800,,,,,1,,,
CompleteGumtreeMatcher,152,23,142,2,6,2,0,0,525,3,0,0.7,,900,,,,,1,,,
CompleteGumtreeMatcher,152,23,142,2,6,2,0,0,525,3,0,0.7,,1000,,,,,1,,,
CompleteGumtreeMatcher,152,23,142,2,6,2,0,0,523,3,0,0.7,,1100,,,,,1,,,
CompleteGumtreeMatcher,152,23,142,2,6,2,0,0,527,3,0,0.7,,1200,,,,,1,,,
CompleteGumtreeMatcher,152,23,142,2,6,2,0,0,527,3,0,0.7,,1300,,,,,1,,,
CompleteGumtreeMatcher,152,23,142,2,6,2,0,0,527,3,0,0.7,,1400,,,,,1,,,
CompleteGumtreeMatcher,152,23,142,2,6,2,0,0,524,3,0,0.7,,1500,,,,,1,,,
CompleteGumtreeMatcher,152,23,142,2,6,2,0,0,529,3,0,0.7,,1600,,,,,1,,,
CompleteGumtreeMatcher,152,23,142,2,6,2,0,0,525,3,0,0.7,,1700,,,,,1,,,
CompleteGumtreeMatcher,152,23,142,2,6,2,0,0,523,3,0,0.7,,1800,,,,,1,,,
CompleteGumtreeMatcher,152,23,142,2,6,2,0,0,525,3,0,0.7,,1900,,,,,1,,,
CompleteGumtreeMatcher,152,23,142,2,6,2,0,0,528,3,0,0.7,,2000,,,,,1,,,
CompleteGumtreeMatcher,365,35,229,103,0,33,0,0,3,3,0,0.7,,100,,,,,2,,,
CompleteGumtreeMatcher,365,35,229,103,0,33,0,0,3,3,0,0.7,,200,,,,,2,,,
CompleteGumtreeMatcher,365,35,229,103,0,33,0,0,3,3,0,0.7,,300,,,,,2,,,
CompleteGumtreeMatcher,365,35,229,103,0,33,0,0,2,3,0,0.7,,400,,,,,2,,,
CompleteGumtreeMatcher,365,35,229,103,0,33,0,0,3,3,0,0.7,,500,,,,,2,,,
CompleteGumtreeMatcher,138,19,128,2,6,2,0,0,523,3,0,0.7,,600,,,,,2,,,
CompleteGumtreeMatcher,138,19,128,2,6,2,0,0,527,3,0,0.7,,700,,,,,2,,,
CompleteGumtreeMatcher,138,19,128,2,6,2,0,0,529,3,0,0.7,,800,,,,,2,,,
CompleteGumtreeMatcher,138,19,128,2,6,2,0,0,528,3,0,0.7,,900,,,,,2,,,
CompleteGumtreeMatcher,138,19,128,2,6,2,0,0,525,3,0,0.7,,1000,,,,,2,,,
CompleteGumtreeMatcher,138,19,128,2,6,2,0,0,523,3,0,0.7,,1100,,,,,2,,,
CompleteGumtreeMatcher,138,19,128,2,6,2,0,0,526,3,0,0.7,,1200,,,,,2,,,
CompleteGumtreeMatcher,138,19,128,2,6,2,0,0,524,3,0,0.7,,1300,,,,,2,,,
CompleteGumtreeMatcher,138,19,128,2,6,2,0,0,522,3,0,0.7,,1400,,,,,2,,,
CompleteGumtreeMatcher,138,19,128,2,6,2,0,0,526,3,0,0.7,,1500,,,,,2,,,
CompleteGumtreeMatcher,138,19,128,2,6,2,0,0,523,3,0,0.7,,1600,,,,,2,,,
CompleteGumtreeMatcher,138,19,128,2,6,2,0,0,526,3,0,0.7,,1700,,,,,2,,,
CompleteGumtreeMatcher,138,19,128,2,6,2,0,0,522,3,0,0.7,,1800,,,,,2,,,
CompleteGumtreeMatcher,138,19,128,2,6,2,0,0,526,3,0,0.7,,1900,,,,,2,,,
CompleteGumtreeMatcher,138,19,128,2,6,2,0,0,527,3,0,0.7,,2000,,,,,2,,,
CompleteGumtreeMatcher,465,25,280,162,0,23,0,0,3,3,0,0.7,,100,,,,,3,,,
CompleteGumtreeMatcher,465,25,280,162,0,23,0,0,2,3,0,0.7,,200,,,,,3,,,
CompleteGumtreeMatcher,465,25,280,162,0,23,0,0,2,3,0,0.7,,300,,,,,3,,,
CompleteGumtreeMatcher,465,25,280,162,0,23,0,0,3,3,0,0.7,,400,,,,,3,,,
CompleteGumtreeMatcher,465,25,280,162,0,23,0,0,3,3,0,0.7,,500,,,,,3,,,
CompleteGumtreeMatcher,130,17,120,2,6,2,0,0,522,3,0,0.7,,600,,,,,3,,,
CompleteGumtreeMatcher,130,17,120,2,6,2,0,0,523,3,0,0.7,,700,,,,,3,,,
CompleteGumtreeMatcher,130,17,120,2,6,2,0,0,528,3,0,0.7,,800,,,,,3,,,
CompleteGumtreeMatcher,130,17,120,2,6,2,0,0,525,3,0,0.7,,900,,,,,3,,,
CompleteGumtreeMatcher,130,17,120,2,6,2,0,0,528,3,0,0.7,,1000,,,,,3,,,
CompleteGumtreeMatcher,130,17,120,2,6,2,0,0,525,3,0,0.7,,1100,,,,,3,,,
CompleteGumtreeMatcher,130,17,120,2,6,2,0,0,524,3,0,0.7,,1200,,,,,3,,,
CompleteGumtreeMatcher,130,17,120,2,6,2,0,0,524,3,0,0.7,,1300,,,,,3,,,
CompleteGumtreeMatcher,130,17,120,2,6,2,0,0,523,3,0,0.7,,1400,,,,,3,,,
CompleteGumtreeMatcher,130,17,120,2,6,2,0,0,521,3,0,0.7,,1500,,,,,3,,,
CompleteGumtreeMatcher,130,17,120,2,6,2,0,0,526,3,0,0.7,,1600,,,,,3,,,
CompleteGumtreeMatcher,130,17,120,2,6,2,0,0,527,3,0,0.7,,1700,,,,,3,,,
CompleteGumtreeMatcher,130,17,120,2,6,2,0,0,526,3,0,0.7,,1800,,,,,3,,,
CompleteGumtreeMatcher,130,17,120,2,6,2,0,0,523,3,0,0.7,,1900,,,,,3,,,
CompleteGumtreeMatcher,130,17,120,2,6,2,0,0,520,3,0,0.7,,2000,,,,,3,,,
CompleteGumtreeMatcher,500,22,299,181,0,20,0,0,3,3,0,0.7,,100,,,,,4,,,
CompleteGumtreeMatcher,500,22,299,181,0,20,0,0,2,3,0,0.7,,200,,,,,4,,,
CompleteGumtreeMatcher,500,22,299,181,0,20,0,0,2,3,0,0.7,,300,,,,,4,,,
CompleteGumtreeMatcher,500,22,299,181,0,20,0,0,2,3,0,0.7,,400,,,,,4,,,
CompleteGumtreeMatcher,500,22,299,181,0,20,0,0,2,3,0,0.7,,500,,,,,4,,,
CompleteGumtreeMatcher,130,17,120,2,6,2,0,0,523,3,0,0.7,,600,,,,,4,,,
CompleteGumtreeMatcher,130,17,120,2,6,2,0,0,524,3,0,0.7,,700,,,,,4,,,
CompleteGumtreeMatcher,130,17,120,2,6,2,0,0,523,3,0,0.7,,800,,,,,4,,,
CompleteGumtreeMatcher,130,17,120,2,6,2,0,0,530,3,0,0.7,,900,,,,,4,,,
CompleteGumtreeMatcher,130,17,120,2,6,2,0,0,525,3,0,0.7,,1000,,,,,4,,,
CompleteGumtreeMatcher,130,17,120,2,6,2,0,0,524,3,0,0.7,,1100,,,,,4,,,
CompleteGumtreeMatcher,130,17,120,2,6,2,0,0,527,3,0,0.7,,1200,,,,,4,,,
CompleteGumtreeMatcher,130,17,120,2,6,2,0,0,521,3,0,0.7,,1300,,,,,4,,,
CompleteGumtreeMatcher,130,17,120,2,6,2,0,0,525,3,0,0.7,,1400,,,,,4,,,
CompleteGumtreeMatcher,130,17,120,2,6,2,0,0,525,3,0,0.7,,1500,,,,,4,,,
CompleteGumtreeMatcher,130,17,120,2,6,2,0,0,523,3,0,0.7,,1600,,,,,4,,,
CompleteGumtreeMatcher,130,17,120,2,6,2,0,0,526,3,0,0.7,,1700,,,,,4,,,
CompleteGumtreeMatcher,130,17,120,2,6,2,0,0,523,3,0,0.7,,1800,,,,,4,,,
CompleteGumtreeMatcher,130,17,120,2,6,2,0,0,529,3,0,0.7,,1900,,,,,4,,,
CompleteGumtreeMatcher,130,17,120,2,6,2,0,0,526,3,0,0.7,,2000,,,,,4,,,
CompleteGumtreeMatcher,797,11,453,335,0,9,0,0,3,3,0,0.7,,100,,,,,5,,,
CompleteGumtreeMatcher,797,11,453,335,0,9,0,0,2,3,0,0.7,,200,,,,,5,,,
CompleteGumtreeMatcher,797,11,453,335,0,9,0,0,3,3,0,0.7,,300,,,,,5,,,
CompleteGumtreeMatcher,797,11,453,335,0,9,0,0,2,3,0,0.7,,400,,,,,5,,,
CompleteGumtreeMatcher,797,11,453,335,0,9,0,0,2,3,0,0.7,,500,,,,,5,,,
CompleteGumtreeMatcher,130,17,120,2,6,2,0,0,524,3,0,0.7,,600,,,,,5,,,
CompleteGumtreeMatcher,130,17,120,2,6,2,0,0,524,3,0,0.7,,700,,,,,5,,,
CompleteGumtreeMatcher,130,17,120,2,6,2,0,0,519,3,0,0.7,,800,,,,,5,,,
CompleteGumtreeMatcher,130,17,120,2,6,2,0,0,518,3,0,0.7,,900,,,,,5,,,
CompleteGumtreeMatcher,130,17,120,2,6,2,0,0,526,3,0,0.7,,1000,,,,,5,,,
CompleteGumtreeMatcher,130,17,120,2,6,2,0,0,522,3,0,0.7,,1100,,,,,5,,,
CompleteGumtreeMatcher,130,17,120,2,6,2,0,0,525,3,0,0.7,,1200,,,,,5,,,
CompleteGumtreeMatcher,130,17,120,2,6,2,0,0,524,3,0,0.7,,1300,,,,,5,,,
CompleteGumtreeMatcher,130,17,120,2,6,2,0,0,528,3,0,0.7,,1400,,,,,5,,,
CompleteGumtreeMatcher,130,17,120,2,6,2,0,0,523,3,0,0.7,,1500,,,,,5,,,
CompleteGumtreeMatcher,130,17,120,2,6,2,0,0,526,3,0,0.7,,1600,,,,,5,,,
CompleteGumtreeMatcher,130,17,120,2,6,2,0,0,524,3,0,0.7,,1700,,,,,5,,,
CompleteGumtreeMatcher,130,17,120,2,6,2,0,0,524,3,0,0.7,,1800,,,,,5,,,
CompleteGumtreeMatcher,130,17,120,2,6,2,0,0,540,3,0,0.7,,1900,,,,,5,,,
CompleteGumtreeMatcher,130,17,120,2,6,2,0,0,536,3,0,0.7,,2000,,,,,5,,,
CompleteGumtreeMatcher,258,56,172,32,0,54,0,0,4,3,0,0.799,,100,,,,,1,,,
CompleteGumtreeMatcher,258,56,172,32,0,54,0,0,4,3,0,0.799,,200,,,,,1,,,
CompleteGumtreeMatcher,258,56,172,32,0,54,0,0,4,3,0,0.799,,300,,,,,1,,,
CompleteGumtreeMatcher,258,56,172,32,0,54,0,0,4,3,0,0.799,,400,,,,,1,,,
CompleteGumtreeMatcher,258,56,172,32,0,54,0,0,3,3,0,0.799,,500,,,,,1,,,
CompleteGumtreeMatcher,152,23,142,2,6,2,0,0,544,3,0,0.799,,600,,,,,1,,,
CompleteGumtreeMatcher,152,23,142,2,6,2,0,0,540,3,0,0.799,,700,,,,,1,,,
CompleteGumtreeMatcher,152,23,142,2,6,2,0,0,540,3,0,0.799,,800,,,,,1,,,
CompleteGumtreeMatcher,152,23,142,2,6,2,0,0,542,3,0,0.799,,900,,,,,1,,,
CompleteGumtreeMatcher,152,23,142,2,6,2,0,0,540,3,0,0.799,,1000,,,,,1,,,
CompleteGumtreeMatcher,152,23,142,2,6,2,0,0,545,3,0,0.799,,1100,,,,,1,,,
CompleteGumtreeMatcher,152,23,142,2,6,2,0,0,545,3,0,0.799,,1200,,,,,1,,,
CompleteGumtreeMatcher,152,23,142,2,6,2,0,0,544,3,0,0.799,,1300,,,,,1,,,
CompleteGumtreeMatcher,152,23,142,2,6,2,0,0,523,3,0,0.799,,1400,,,,,1,,,
CompleteGumtreeMatcher,152,23,142,2,6,2,0,0,528,3,0,0.799,,1500,,,,,1,,,
CompleteGumtreeMatcher,152,23,142,2,6,2,0,0,534,3,0,0.799,,1600,,,,,1,,,
CompleteGumtreeMatcher,152,23,142,2,6,2,0,0,528,3,0,0.799,,1700,,,,,1,,,
CompleteGumtreeMatcher,152,23,142,2,6,2,0,0,529,3,0,0.799,,1800,,,,,1,,,
CompleteGumtreeMatcher,152,23,142,2,6,2,0,0,527,3,0,0.799,,1900,,,,,1,,,
CompleteGumtreeMatcher,152,23,142,2,6,2,0,0,530,3,0,0.799,,2000,,,,,1,,,
CompleteGumtreeMatcher,365,35,229,103,0,33,0,0,3,3,0,0.799,,100,,,,,2,,,
CompleteGumtreeMatcher,365,35,229,103,0,33,0,0,3,3,0,0.799,,200,,,,,2,,,
CompleteGumtreeMatcher,365,35,229,103,0,33,0,0,3,3,0,0.799,,300,,,,,2,,,
CompleteGumtreeMatcher,365,35,229,103,0,33,0,0,3,3,0,0.799,,400,,,,,2,,,
CompleteGumtreeMatcher,365,35,229,103,0,33,0,0,3,3,0,0.799,,500,,,,,2,,,
CompleteGumtreeMatcher,138,19,128,2,6,2,0,0,525,3,0,0.799,,600,,,,,2,,,
CompleteGumtreeMatcher,138,19,128,2,6,2,0,0,528,3,0,0.799,,700,,,,,2,,,
CompleteGumtreeMatcher,138,19,128,2,6,2,0,0,522,3,0,0.799,,800,,,,,2,,,
CompleteGumtreeMatcher,138,19,128,2,6,2,0,0,523,3,0,0.799,,900,,,,,2,,,
CompleteGumtreeMatcher,138,19,128,2,6,2,0,0,526,3,0,0.799,,1000,,,,,2,,,
CompleteGumtreeMatcher,138,19,128,2,6,2,0,0,528,3,0,0.799,,1100,,,,,2,,,
CompleteGumtreeMatcher,138,19,128,2,6,2,0,0,524,3,0,0.799,,1200,,,,,2,,,
CompleteGumtreeMatcher,138,19,128,2,6,2,0,0,526,3,0,0.799,,1300,,,,,2,,,
CompleteGumtreeMatcher,138,19,128,2,6,2,0,0,528,3,0,0.799,,1400,,,,,2,,,
CompleteGumtreeMatcher,138,19,128,2,6,2,0,0,525,3,0,0.799,,1500,,,,,2,,,
CompleteGumtreeMatcher,138,19,128,2,6,2,0,0,528,3,0,0.799,,1600,,,,,2,,,
CompleteGumtreeMatcher,138,19,128,2,6,2,0,0,525,3,0,0.799,,1700,,,,,2,,,
CompleteGumtreeMatcher,138,19,128,2,6,2,0,0,524,3,0,0.799,,1800,,,,,2,,,
CompleteGumtreeMatcher,138,19,128,2,6,2,0,0,522,3,0,0.799,,1900,,,,,2,,,
CompleteGumtreeMatcher,138,19,128,2,6,2,0,0,520,3,0,0.799,,2000,,,,,2,,,
CompleteGumtreeMatcher,465,25,280,162,0,23,0,0,3,3,0,0.799,,100,,,,,3,,,
CompleteGumtreeMatcher,465,25,280,162,0,23,0,0,2,3,0,0.799,,200,,,,,3,,,
CompleteGumtreeMatcher,465,25,280,162,0,23,0,0,3,3,0,0.799,,300,,,,,3,,,
CompleteGumtreeMatcher,465,25,280,162,0,23,0,0,2,3,0,0.799,,400,,,,,3,,,
CompleteGumtreeMatcher,465,25,280,162,0,23,0,0,3,3,0,0.799,,500,,,,,3,,,
CompleteGumtreeMatcher,130,17,120,2,6,2,0,0,524,3,0,0.799,,600,,,,,3,,,
CompleteGumtreeMatcher,130,17,120,2,6,2,0,0,526,3,0,0.799,,700,,,,,3,,,
CompleteGumtreeMatcher,130,17,120,2,6,2,0,0,527,3,0,0.799,,800,,,,,3,,,
CompleteGumtreeMatcher,130,17,120,2,6,2,0,0,524,3,0,0.799,,900,,,,,3,,,
CompleteGumtreeMatcher,130,17,120,2,6,2,0,0,524,3,0,0.799,,1000,,,,,3,,,
CompleteGumtreeMatcher,130,17,120,2,6,2,0,0,525,3,0,0.799,,1100,,,,,3,,,
CompleteGumtreeMatcher,130,17,120,2,6,2,0,0,525,3,0,0.799,,1200,,,,,3,,,
CompleteGumtreeMatcher,130,17,120,2,6,2,0,0,525,3,0,0.799,,1300,,,,,3,,,
CompleteGumtreeMatcher,130,17,120,2,6,2,0,0,524,3,0,0.799,,1400,,,,,3,,,
CompleteGumtreeMatcher,130,17,120,2,6,2,0,0,525,3,0,0.799,,1500,,,,,3,,,
CompleteGumtreeMatcher,130,17,120,2,6,2,0,0,524,3,0,0.799,,1600,,,,,3,,,
CompleteGumtreeMatcher,130,17,120,2,6,2,0,0,521,3,0,0.799,,1700,,,,,3,,,
CompleteGumtreeMatcher,130,17,120,2,6,2,0,0,531,3,0,0.799,,1800,,,,,3,,,
CompleteGumtreeMatcher,130,17,120,2,6,2,0,0,531,3,0,0.799,,1900,,,,,3,,,
CompleteGumtreeMatcher,130,17,120,2,6,2,0,0,529,3,0,0.799,,2000,,,,,3,,,
CompleteGumtreeMatcher,500,22,299,181,0,20,0,0,2,3,0,0.799,,100,,,,,4,,,
CompleteGumtreeMatcher,500,22,299,181,0,20,0,0,3,3,0,0.799,,200,,,,,4,,,
CompleteGumtreeMatcher,500,22,299,181,0,20,0,0,3,3,0,0.799,,300,,,,,4,,,
CompleteGumtreeMatcher,500,22,299,181,0,20,0,0,2,3,0,0.799,,400,,,,,4,,,
CompleteGumtreeMatcher,500,22,299,181,0,20,0,0,3,3,0,0.799,,500,,,,,4,,,
CompleteGumtreeMatcher,130,17,120,2,6,2,0,0,525,3,0,0.799,,600,,,,,4,,,
CompleteGumtreeMatcher,130,17,120,2,6,2,0,0,527,3,0,0.799,,700,,,,,4,,,
CompleteGumtreeMatcher,130,17,120,2,6,2,0,0,521,3,0,0.799,,800,,,,,4,,,
CompleteGumtreeMatcher,130,17,120,2,6,2,0,0,525,3,0,0.799,,900,,,,,4,,,
CompleteGumtreeMatcher,130,17,120,2,6,2,0,0,526,3,0,0.799,,1000,,,,,4,,,
CompleteGumtreeMatcher,130,17,120,2,6,2,0,0,523,3,0,0.799,,1100,,,,,4,,,
CompleteGumtreeMatcher,130,17,120,2,6,2,0,0,531,3,0,0.799,,1200,,,,,4,,,
CompleteGumtreeMatcher,130,17,120,2,6,2,0,0,524,3,0,0.799,,1300,,,,,4,,,
CompleteGumtreeMatcher,130,17,120,2,6,2,0,0,523,3,0,0.799,,1400,,,,,4,,,
CompleteGumtreeMatcher,130,17,120,2,6,2,0,0,526,3,0,0.799,,1500,,,,,4,,,
CompleteGumtreeMatcher,130,17,120,2,6,2,0,0,525,3,0,0.799,,1600,,,,,4,,,
CompleteGumtreeMatcher,130,17,120,2,6,2,0,0,529,3,0,0.799,,1700,,,,,4,,,
CompleteGumtreeMatcher,130,17,120,2,6,2,0,0,527,3,0,0.799,,1800,,,,,4,,,
CompleteGumtreeMatcher,130,17,120,2,6,2,0,0,524,3,0,0.799,,1900,,,,,4,,,
CompleteGumtreeMatcher,130,17,120,2,6,2,0,0,522,3,0,0.799,,2000,,,,,4,,,
CompleteGumtreeMatcher,797,11,453,335,0,9,0,0,2,3,0,0.799,,100,,,,,5,,,
CompleteGumtreeMatcher,797,11,453,335,0,9,0,0,3,3,0,0.799,,200,,,,,5,,,
CompleteGumtreeMatcher,797,11,453,335,0,9,0,0,2,3,0,0.799,,300,,,,,5,,,
CompleteGumtreeMatcher,797,11,453,335,0,9,0,0,2,3,0,0.799,,400,,,,,5,,,
CompleteGumtreeMatcher,797,11,453,335,0,9,0,0,3,3,0,0.799,,500,,,,,5,,,
CompleteGumtreeMatcher,130,17,120,2,6,2,0,0,528,3,0,0.799,,600,,,,,5,,,
CompleteGumtreeMatcher,130,17,120,2,6,2,0,0,524,3,0,0.799,,700,,,,,5,,,
CompleteGumtreeMatcher,130,17,120,2,6,2,0,0,523,3,0,0.799,,800,,,,,5,,,
CompleteGumtreeMatcher,130,17,120,2,6,2,0,0,526,3,0,0.799,,900,,,,,5,,,
CompleteGumtreeMatcher,130,17,120,2,6,2,0,0,522,3,0,0.799,,1000,,,,,5,,,
CompleteGumtreeMatcher,130,17,120,2,6,2,0,0,527,3,0,0.799,,1100,,,,,5,,,
CompleteGumtreeMatcher,130,17,120,2,6,2,0,0,525,3,0,0.799,,1200,,,,,5,,,
CompleteGumtreeMatcher,130,17,120,2,6,2,0,0,523,3,0,0.799,,1300,,,,,5,,,
CompleteGumtreeMatcher,130,17,120,2,6,2,0,0,523,3,0,0.799,,1400,,,,,5,,,
CompleteGumtreeMatcher,130,17,120,2,6,2,0,0,523,3,0,0.799,,1500,,,,,5,,,
CompleteGumtreeMatcher,130,17,120,2,6,2,0,0,528,3,0,0.799,,1600,,,,,5,,,
CompleteGumtreeMatcher,130,17,120,2,6,2,0,0,526,3,0,0.799,,1700,,,,,5,,,
CompleteGumtreeMatcher,130,17,120,2,6,2,0,0,525,3,0,0.799,,1800,,,,,5,,,
CompleteGumtreeMatcher,130,17,120,2,6,2,0,0,527,3,0,0.799,,1900,,,,,5,,,
CompleteGumtreeMatcher,130,17,120,2,6,2,0,0,529,3,0,0.799,,2000,,,,,5,,,
CompleteGumtreeMatcher,258,56,172,32,0,54,0,0,3,3,0,0.899,,100,,,,,1,,,
CompleteGumtreeMatcher,258,56,172,32,0,54,0,0,4,3,0,0.899,,200,,,,,1,,,
CompleteGumtreeMatcher,258,56,172,32,0,54,0,0,4,3,0,0.899,,300,,,,,1,,,
CompleteGumtreeMatcher,258,56,172,32,0,54,0,0,3,3,0,0.899,,400,,,,,1,,,
CompleteGumtreeMatcher,258,56,172,32,0,54,0,0,4,3,0,0.899,,500,,,,,1,,,
CompleteGumtreeMatcher,152,23,142,2,6,2,0,0,531,3,0,0.899,,600,,,,,1,,,
CompleteGumtreeMatcher,152,23,142,2,6,2,0,0,527,3,0,0.899,,700,,,,,1,,,
CompleteGumtreeMatcher,152,23,142,2,6,2,0,0,531,3,0,0.899,,800,,,,,1,,,
CompleteGumtreeMatcher,152,23,142,2,6,2,0,0,530,3,0,0.899,,900,,,,,1,,,
CompleteGumtreeMatcher,152,23,142,2,6,2,0,0,529,3,0,0.899,,1000,,,,,1,,,
CompleteGumtreeMatcher,152,23,142,2,6,2,0,0,528,3,0,0.899,,1100,,,,,1,,,
CompleteGumtreeMatcher,152,23,142,2,6,2,0,0,527,3,0,0.899,,1200,,,,,1,,,
CompleteGumtreeMatcher,152,23,142,2,6,2,0,0,531,3,0,0.899,,1300,,,,,1,,,
CompleteGumtreeMatcher,152,23,142,2,6,2,0,0,534,3,0,0.899,,1400,,,,,1,,,
CompleteGumtreeMatcher,152,23,142,2,6,2,0,0,525,3,0,0.899,,1500,,,,,1,,,
CompleteGumtreeMatcher,152,23,142,2,6,2,0,0,528,3,0,0.899,,1600,,,,,1,,,
CompleteGumtreeMatcher,152,23,142,2,6,2,0,0,531,3,0,0.899,,1700,,,,,1,,,
CompleteGumtreeMatcher,152,23,142,2,6,2,0,0,529,3,0,0.899,,1800,,,,,1,,,
CompleteGumtreeMatcher,152,23,142,2,6,2,0,0,531,3,0,0.899,,1900,,,,,1,,,
CompleteGumtreeMatcher,152,23,142,2,6,2,0,0,530,3,0,0.899,,2000,,,,,1,,,
CompleteGumtreeMatcher,365,35,229,103,0,33,0,0,2,3,0,0.899,,100,,,,,2,,,
CompleteGumtreeMatcher,365,35,229,103,0,33,0,0,3,3,0,0.899,,200,,,,,2,,,
CompleteGumtreeMatcher,365,35,229,103,0,33,0,0,3,3,0,0.899,,300,,,,,2,,,
CompleteGumtreeMatcher,365,35,229,103,0,33,0,0,2,3,0,0.899,,400,,,,,2,,,
CompleteGumtreeMatcher,365,35,229,103,0,33,0,0,3,3,0,0.899,,500,,,,,2,,,
CompleteGumtreeMatcher,138,19,128,2,6,2,0,0,529,3,0,0.899,,600,,,,,2,,,
CompleteGumtreeMatcher,138,19,128,2,6,2,0,0,527,3,0,0.899,,700,,,,,2,,,
CompleteGumtreeMatcher,138,19,128,2,6,2,0,0,526,3,0,0.899,,800,,,,,2,,,
CompleteGumtreeMatcher,138,19,128,2,6,2,0,0,522,3,0,0.899,,900,,,,,2,,,
CompleteGumtreeMatcher,138,19,128,2,6,2,0,0,538,3,0,0.899,,1000,,,,,2,,,
CompleteGumtreeMatcher,138,19,128,2,6,2,0,0,528,3,0,0.899,,1100,,,,,2,,,
CompleteGumtreeMatcher,138,19,128,2,6,2,0,0,528,3,0,0.899,,1200,,,,,2,,,
CompleteGumtreeMatcher,138,19,128,2,6,2,0,0,523,3,0,0.899,,1300,,,,,2,,,
CompleteGumtreeMatcher,138,19,128,2,6,2,0,0,527,3,0,0.899,,1400,,,,,2,,,
CompleteGumtreeMatcher,138,19,128,2,6,2,0,0,525,3,0,0.899,,1500,,,,,2,,,
CompleteGumtreeMatcher,138,19,128,2,6,2,0,0,523,3,0,0.899,,1600,,,,,2,,,
CompleteGumtreeMatcher,138,19,128,2,6,2,0,0,529,3,0,0.899,,1700,,,,,2,,,
CompleteGumtreeMatcher,138,19,128,2,6,2,0,0,525,3,0,0.899,,1800,,,,,2,,,
CompleteGumtreeMatcher,138,19,128,2,6,2,0,0,527,3,0,0.899,,1900,,,,,2,,,
CompleteGumtreeMatcher,138,19,128,2,6,2,0,0,529,3,0,0.899,,2000,,,,,2,,,
CompleteGumtreeMatcher,465,25,280,162,0,23,0,0,3,3,0,0.899,,100,,,,,3,,,
CompleteGumtreeMatcher,465,25,280,162,0,23,0,0,3,3,0,0.899,,200,,,,,3,,,
CompleteGumtreeMatcher,465,25,280,162,0,23,0,0,2,3,0,0.899,,300,,,,,3,,,
CompleteGumtreeMatcher,465,25,280,162,0,23,0,0,3,3,0,0.899,,400,,,,,3,,,
CompleteGumtreeMatcher,465,25,280,162,0,23,0,0,2,3,0,0.899,,500,,,,,3,,,
CompleteGumtreeMatcher,130,17,120,2,6,2,0,0,527,3,0,0.899,,600,,,,,3,,,
CompleteGumtreeMatcher,130,17,120,2,6,2,0,0,522,3,0,0.899,,700,,,,,3,,,
CompleteGumtreeMatcher,130,17,120,2,6,2,0,0,522,3,0,0.899,,800,,,,,3,,,
CompleteGumtreeMatcher,130,17,120,2,6,2,0,0,525,3,0,0.899,,900,,,,,3,,,
CompleteGumtreeMatcher,130,17,120,2,6,2,0,0,529,3,0,0.899,,1000,,,,,3,,,
CompleteGumtreeMatcher,130,17,120,2,6,2,0,0,526,3,0,0.899,,1100,,,,,3,,,
CompleteGumtreeMatcher,130,17,120,2,6,2,0,0,526,3,0,0.899,,1200,,,,,3,,,
CompleteGumtreeMatcher,130,17,120,2,6,2,0,0,530,3,0,0.899,,1300,,,,,3,,,
CompleteGumtreeMatcher,130,17,120,2,6,2,0,0,521,3,0,0.899,,1400,,,,,3,,,
CompleteGumtreeMatcher,130,17,120,2,6,2,0,0,530,3,0,0.899,,1500,,,,,3,,,
CompleteGumtreeMatcher,130,17,120,2,6,2,0,0,524,3,0,0.899,,1600,,,,,3,,,
CompleteGumtreeMatcher,130,17,120,2,6,2,0,0,524,3,0,0.899,,1700,,,,,3,,,
CompleteGumtreeMatcher,130,17,120,2,6,2,0,0,524,3,0,0.899,,1800,,,,,3,,,
CompleteGumtreeMatcher,130,17,120,2,6,2,0,0,528,3,0,0.899,,1900,,,,,3,,,
CompleteGumtreeMatcher,130,17,120,2,6,2,0,0,532,3,0,0.899,,2000,,,,,3,,,
CompleteGumtreeMatcher,500,22,299,181,0,20,0,0,3,3,0,0.899,,100,,,,,4,,,
CompleteGumtreeMatcher,500,22,299,181,0,20,0,0,3,3,0,0.899,,200,,,,,4,,,
CompleteGumtreeMatcher,500,22,299,181,0,20,0,0,3,3,0,0.899,,300,,,,,4,,,
CompleteGumtreeMatcher,500,22,299,181,0,20,0,0,2,3,0,0.899,,400,,,,,4,,,
CompleteGumtreeMatcher,500,22,299,181,0,20,0,0,2,3,0,0.899,,500,,,,,4,,,
CompleteGumtreeMatcher,130,17,120,2,6,2,0,0,530,3,0,0.899,,600,,,,,4,,,
CompleteGumtreeMatcher,130,17,120,2,6,2,0,0,525,3,0,0.899,,700,,,,,4,,,
CompleteGumtreeMatcher,130,17,120,2,6,2,0,0,524,3,0,0.899,,800,,,,,4,,,
CompleteGumtreeMatcher,130,17,120,2,6,2,0,0,526,3,0,0.899,,900,,,,,4,,,
CompleteGumtreeMatcher,130,17,120,2,6,2,0,0,527,3,0,0.899,,1000,,,,,4,,,
CompleteGumtreeMatcher,130,17,120,2,6,2,0,0,544,3,0,0.899,,1100,,,,,4,,,
CompleteGumtreeMatcher,130,17,120,2,6,2,0,0,541,3,0,0.899,,1200,,,,,4,,,
CompleteGumtreeMatcher,130,17,120,2,6,2,0,0,546,3,0,0.899,,1300,,,,,4,,,
CompleteGumtreeMatcher,130,17,120,2,6,2,0,0,546,3,0,0.899,,1400,,,,,4,,,
CompleteGumtreeMatcher,130,17,120,2,6,2,0,0,542,3,0,0.899,,1500,,,,,4,,,
CompleteGumtreeMatcher,130,17,120,2,6,2,0,0,543,3,0,0.899,,1600,,,,,4,,,
CompleteGumtreeMatcher,130,17,120,2,6,2,0,0,546,3,0,0.899,,1700,,,,,4,,,
CompleteGumtreeMatcher,130,17,120,2,6,2,0,0,544,3,0,0.899,,1800,,,,,4,,,
CompleteGumtreeMatcher,130,17,120,2,6,2,0,0,548,3,0,0.899,,1900,,,,,4,,,
CompleteGumtreeMatcher,130,17,120,2,6,2,0,0,545,3,0,0.899,,2000,,,,,4,,,
CompleteGumtreeMatcher,797,11,453,335,0,9,0,0,2,3,0,0.899,,100,,,,,5,,,
CompleteGumtreeMatcher,797,11,453,335,0,9,0,0,2,3,0,0.899,,200,,,,,5,,,
CompleteGumtreeMatcher,797,11,453,335,0,9,0,0,3,3,0,0.899,,300,,,,,5,,,
CompleteGumtreeMatcher,797,11,453,335,0,9,0,0,2,3,0,0.899,,400,,,,,5,,,
CompleteGumtreeMatcher,797,11,453,335,0,9,0,0,2,3,0,0.899,,500,,,,,5,,,
CompleteGumtreeMatcher,130,17,120,2,6,2,0,0,532,3,0,0.899,,600,,,,,5,,,
CompleteGumtreeMatcher,130,17,120,2,6,2,0,0,521,3,0,0.899,,700,,,,,5,,,
CompleteGumtreeMatcher,130,17,120,2,6,2,0,0,527,3,0,0.899,,800,,,,,5,,,
CompleteGumtreeMatcher,130,17,120,2,6,2,0,0,527,3,0,0.899,,900,,,,,5,,,
CompleteGumtreeMatcher,130,17,120,2,6,2,0,0,527,3,0,0.899,,1000,,,,,5,,,
CompleteGumtreeMatcher,130,17,120,2,6,2,0,0,527,3,0,0.899,,1100,,,,,5,,,
CompleteGumtreeMatcher,130,17,120,2,6,2,0,0,522,3,0,0.899,,1200,,,,,5,,,
CompleteGumtreeMatcher,130,17,120,2,6,2,0,0,526,3,0,0.899,,1300,,,,,5,,,
CompleteGumtreeMatcher,130,17,120,2,6,2,0,0,525,3,0,0.899,,1400,,,,,5,,,
CompleteGumtreeMatcher,130,17,120,2,6,2,0,0,525,3,0,0.899,,1500,,,,,5,,,
CompleteGumtreeMatcher,130,17,120,2,6,2,0,0,520,3,0,0.899,,1600,,,,,5,,,
CompleteGumtreeMatcher,130,17,120,2,6,2,0,0,522,3,0,0.899,,1700,,,,,5,,,
CompleteGumtreeMatcher,130,17,120,2,6,2,0,0,525,3,0,0.899,,1800,,,,,5,,,
CompleteGumtreeMatcher,130,17,120,2,6,2,0,0,520,3,0,0.899,,1900,,,,,5,,,
CompleteGumtreeMatcher,130,17,120,2,6,2,0,0,523,3,0,0.899,,2000,,,,,5,,,
CompleteGumtreeMatcher,258,56,172,32,0,54,0,0,4,3,0,0.999,,100,,,,,1,,,
CompleteGumtreeMatcher,258,56,172,32,0,54,0,0,3,3,0,0.999,,200,,,,,1,,,
CompleteGumtreeMatcher,258,56,172,32,0,54,0,0,4,3,0,0.999,,300,,,,,1,,,
CompleteGumtreeMatcher,258,56,172,32,0,54,0,0,4,3,0,0.999,,400,,,,,1,,,
CompleteGumtreeMatcher,258,56,172,32,0,54,0,0,4,3,0,0.999,,500,,,,,1,,,
CompleteGumtreeMatcher,152,23,142,2,6,2,0,0,526,3,0,0.999,,600,,,,,1,,,
CompleteGumtreeMatcher,152,23,142,2,6,2,0,0,527,3,0,0.999,,700,,,,,1,,,
CompleteGumtreeMatcher,152,23,142,2,6,2,0,0,521,3,0,0.999,,800,,,,,1,,,
CompleteGumtreeMatcher,152,23,142,2,6,2,0,0,525,3,0,0.999,,900,,,,,1,,,
CompleteGumtreeMatcher,152,23,142,2,6,2,0,0,525,3,0,0.999,,1000,,,,,1,,,
CompleteGumtreeMatcher,152,23,142,2,6,2,0,0,527,3,0,0.999,,1100,,,,,1,,,
CompleteGumtreeMatcher,152,23,142,2,6,2,0,0,530,3,0,0.999,,1200,,,,,1,,,
CompleteGumtreeMatcher,152,23,142,2,6,2,0,0,535,3,0,0.999,,1300,,,,,1,,,
CompleteGumtreeMatcher,152,23,142,2,6,2,0,0,527,3,0,0.999,,1400,,,,,1,,,
CompleteGumtreeMatcher,152,23,142,2,6,2,0,0,525,3,0,0.999,,1500,,,,,1,,,
CompleteGumtreeMatcher,152,23,142,2,6,2,0,0,535,3,0,0.999,,1600,,,,,1,,,
CompleteGumtreeMatcher,152,23,142,2,6,2,0,0,532,3,0,0.999,,1700,,,,,1,,,
CompleteGumtreeMatcher,152,23,142,2,6,2,0,0,529,3,0,0.999,,1800,,,,,1,,,
CompleteGumtreeMatcher,152,23,142,2,6,2,0,0,525,3,0,0.999,,1900,,,,,1,,,
CompleteGumtreeMatcher,152,23,142,2,6,2,0,0,525,3,0,0.999,,2000,,,,,1,,,
CompleteGumtreeMatcher,365,35,229,103,0,33,0,0,3,3,0,0.999,,100,,,,,2,,,
CompleteGumtreeMatcher,365,35,229,103,0,33,0,0,3,3,0,0.999,,200,,,,,2,,,
CompleteGumtreeMatcher,365,35,229,103,0,33,0,0,3,3,0,0.999,,300,,,,,2,,,
CompleteGumtreeMatcher,365,35,229,103,0,33,0,0,3,3,0,0.999,,400,,,,,2,,,
CompleteGumtreeMatcher,365,35,229,103,0,33,0,0,3,3,0,0.999,,500,,,,,2,,,
CompleteGumtreeMatcher,138,19,128,2,6,2,0,0,529,3,0,0.999,,600,,,,,2,,,
CompleteGumtreeMatcher,138,19,128,2,6,2,0,0,530,3,0,0.999,,700,,,,,2,,,
CompleteGumtreeMatcher,138,19,128,2,6,2,0,0,525,3,0,0.999,,800,,,,,2,,,
CompleteGumtreeMatcher,138,19,128,2,6,2,0,0,528,3,0,0.999,,900,,,,,2,,,
CompleteGumtreeMatcher,138,19,128,2,6,2,0,0,529,3,0,0.999,,1000,,,,,2,,,
CompleteGumtreeMatcher,138,19,128,2,6,2,0,0,533,3,0,0.999,,1100,,,,,2,,,
CompleteGumtreeMatcher,138,19,128,2,6,2,0,0,526,3,0,0.999,,1200,,,,,2,,,
CompleteGumtreeMatcher,138,19,128,2,6,2,0,0,525,3,0,0.999,,1300,,,,,2,,,
CompleteGumtreeMatcher,138,19,128,2,6,2,0,0,525,3,0,0.999,,1400,,,,,2,,,
CompleteGumtreeMatcher,138,19,128,2,6,2,0,0,528,3,0,0.999,,1500,,,,,2,,,
CompleteGumtreeMatcher,138,19,128,2,6,2,0,0,528,3,0,0.999,,1600,,,,,2,,,
CompleteGumtreeMatcher,138,19,128,2,6,2,0,0,521,3,0,0.999,,1700,,,,,2,,,
CompleteGumtreeMatcher,138,19,128,2,6,2,0,0,524,3,0,0.999,,1800,,,,,2,,,
CompleteGumtreeMatcher,138,19,128,2,6,2,0,0,521,3,0,0.999,,1900,,,,,2,,,
CompleteGumtreeMatcher,138,19,128,2,6,2,0,0,529,3,0,0.999,,2000,,,,,2,,,
CompleteGumtreeMatcher,465,25,280,162,0,23,0,0,3,3,0,0.999,,100,,,,,3,,,
CompleteGumtreeMatcher,465,25,280,162,0,23,0,0,3,3,0,0.999,,200,,,,,3,,,
CompleteGumtreeMatcher,465,25,280,162,0,23,0,0,2,3,0,0.999,,300,,,,,3,,,
CompleteGumtreeMatcher,465,25,280,162,0,23,0,0,3,3,0,0.999,,400,,,,,3,,,
CompleteGumtreeMatcher,465,25,280,162,0,23,0,0,3,3,0,0.999,,500,,,,,3,,,
CompleteGumtreeMatcher,130,17,120,2,6,2,0,0,521,3,0,0.999,,600,,,,,3,,,
CompleteGumtreeMatcher,130,17,120,2,6,2,0,0,523,3,0,0.999,,700,,,,,3,,,
CompleteGumtreeMatcher,130,17,120,2,6,2,0,0,525,3,0,0.999,,800,,,,,3,,,
CompleteGumtreeMatcher,130,17,120,2,6,2,0,0,526,3,0,0.999,,900,,,,,3,,,
CompleteGumtreeMatcher,130,17,120,2,6,2,0,0,521,3,0,0.999,,1000,,,,,3,,,
CompleteGumtreeMatcher,130,17,120,2,6,2,0,0,526,3,0,0.999,,1100,,,,,3,,,
CompleteGumtreeMatcher,130,17,120,2,6,2,0,0,525,3,0,0.999,,1200,,,,,3,,,
CompleteGumtreeMatcher,130,17,120,2,6,2,0,0,523,3,0,0.999,,1300,,,,,3,,,
CompleteGumtreeMatcher,130,17,120,2,6,2,0,0,523,3,0,0.999,,1400,,,,,3,,,
CompleteGumtreeMatcher,130,17,120,2,6,2,0,0,524,3,0,0.999,,1500,,,,,3,,,
CompleteGumtreeMatcher,130,17,120,2,6,2,0,0,525,3,0,0.999,,1600,,,,,3,,,
CompleteGumtreeMatcher,130,17,120,2,6,2,0,0,520,3,0,0.999,,1700,,,,,3,,,
CompleteGumtreeMatcher,130,17,120,2,6,2,0,0,527,3,0,0.999,,1800,,,,,3,,,
CompleteGumtreeMatcher,130,17,120,2,6,2,0,0,522,3,0,0.999,,1900,,,,,3,,,
CompleteGumtreeMatcher,130,17,120,2,6,2,0,0,526,3,0,0.999,,2000,,,,,3,,,
CompleteGumtreeMatcher,500,22,299,181,0,20,0,0,3,3,0,0.999,,100,,,,,4,,,
CompleteGumtreeMatcher,500,22,299,181,0,20,0,0,2,3,0,0.999,,200,,,,,4,,,
CompleteGumtreeMatcher,500,22,299,181,0,20,0,0,3,3,0,0.999,,300,,,,,4,,,
CompleteGumtreeMatcher,500,22,299,181,0,20,0,0,3,3,0,0.999,,400,,,,,4,,,
CompleteGumtreeMatcher,500,22,299,181,0,20,0,0,3,3,0,0.999,,500,,,,,4,,,
CompleteGumtreeMatcher,130,17,120,2,6,2,0,0,525,3,0,0.999,,600,,,,,4,,,
CompleteGumtreeMatcher,130,17,120,2,6,2,0,0,520,3,0,0.999,,700,,,,,4,,,
CompleteGumtreeMatcher,130,17,120,2,6,2,0,0,520,3,0,0.999,,800,,,,,4,,,
CompleteGumtreeMatcher,130,17,120,2,6,2,0,0,521,3,0,0.999,,900,,,,,4,,,
CompleteGumtreeMatcher,130,17,120,2,6,2,0,0,519,3,0,0.999,,1000,,,,,4,,,
CompleteGumtreeMatcher,130,17,120,2,6,2,0,0,523,3,0,0.999,,1100,,,,,4,,,
CompleteGumtreeMatcher,130,17,120,2,6,2,0,0,523,3,0,0.999,,1200,,,,,4,,,
CompleteGumtreeMatcher,130,17,120,2,6,2,0,0,525,3,0,0.999,,1300,,,,,4,,,
CompleteGumtreeMatcher,130,17,120,2,6,2,0,0,526,3,0,0.999,,1400,,,,,4,,,
CompleteGumtreeMatcher,130,17,120,2,6,2,0,0,526,3,0,0.999,,1500,,,,,4,,,
CompleteGumtreeMatcher,130,17,120,2,6,2,0,0,524,3,0,0.999,,1600,,,,,4,,,
CompleteGumtreeMatcher,130,17,120,2,6,2,0,0,525,3,0,0.999,,1700,,,,,4,,,
CompleteGumtreeMatcher,130,17,120,2,6,2,0,0,524,3,0,0.999,,1800,,,,,4,,,
CompleteGumtreeMatcher,130,17,120,2,6,2,0,0,521,3,0,0.999,,1900,,,,,4,,,
CompleteGumtreeMatcher,130,17,120,2,6,2,0,0,525,3,0,0.999,,2000,,,,,4,,,
CompleteGumtreeMatcher,797,11,453,335,0,9,0,0,3,3,0,0.999,,100,,,,,5,,,
CompleteGumtreeMatcher,797,11,453,335,0,9,0,0,2,3,0,0.999,,200,,,,,5,,,
CompleteGumtreeMatcher,797,11,453,335,0,9,0,0,2,3,0,0.999,,300,,,,,5,,,
CompleteGumtreeMatcher,797,11,453,335,0,9,0,0,2,3,0,0.999,,400,,,,,5,,,
CompleteGumtreeMatcher,797,11,453,335,0,9,0,0,2,3,0,0.999,,500,,,,,5,,,
CompleteGumtreeMatcher,130,17,120,2,6,2,0,0,521,3,0,0.999,,600,,,,,5,,,
CompleteGumtreeMatcher,130,17,120,2,6,2,0,0,525,3,0,0.999,,700,,,,,5,,,
CompleteGumtreeMatcher,130,17,120,2,6,2,0,0,521,3,0,0.999,,800,,,,,5,,,
CompleteGumtreeMatcher,130,17,120,2,6,2,0,0,524,3,0,0.999,,900,,,,,5,,,
CompleteGumtreeMatcher,130,17,120,2,6,2,0,0,523,3,0,0.999,,1000,,,,,5,,,
CompleteGumtreeMatcher,130,17,120,2,6,2,0,0,525,3,0,0.999,,1100,,,,,5,,,
CompleteGumtreeMatcher,130,17,120,2,6,2,0,0,522,3,0,0.999,,1200,,,,,5,,,
CompleteGumtreeMatcher,130,17,120,2,6,2,0,0,525,3,0,0.999,,1300,,,,,5,,,
CompleteGumtreeMatcher,130,17,120,2,6,2,0,0,523,3,0,0.999,,1400,,,,,5,,,
CompleteGumtreeMatcher,130,17,120,2,6,2,0,0,520,3,0,0.999,,1500,,,,,5,,,
CompleteGumtreeMatcher,130,17,120,2,6,2,0,0,500,3,0,0.999,,1600,,,,,5,,,
CompleteGumtreeMatcher,130,17,120,2,6,2,0,0,508,3,0,0.999,,1700,,,,,5,,,
CompleteGumtreeMatcher,130,17,120,2,6,2,0,0,499,3,0,0.999,,1800,,,,,5,,,
CompleteGumtreeMatcher,130,17,120,2,6,2,0,0,509,3,0,0.999,,1900,,,,,5,,,
CompleteGumtreeMatcher,130,17,120,2,6,2,0,0,504,3,0,0.999,,2000,,,,,5,,,
ChangeDistiller,720,540,150,124,221,225,0,0,1537,4,0,,,,0.1,2,0.2,0.1,,,,
ChangeDistiller,496,381,100,74,147,175,0,0,1322,4,0,,,,0.3,2,0.2,0.1,,,,
ChangeDistiller,394,317,76,50,117,151,0,0,934,4,0,,,,0.5,2,0.2,0.1,,,,
ChangeDistiller,291,238,55,29,83,124,0,0,398,4,0,,,,0.7,2,0.2,0.1,,,,
ChangeDistiller,249,197,54,28,59,108,0,0,374,4,0,,,,0.899,2,0.2,0.1,,,,
ChangeDistiller,732,533,160,134,215,223,0,0,1513,4,0,,,,0.1,2,0.2,0.3,,,,
ChangeDistiller,527,382,118,92,141,176,0,0,1324,4,0,,,,0.3,2,0.2,0.3,,,,
ChangeDistiller,406,315,84,58,114,150,0,0,989,4,0,,,,0.5,2,0.2,0.3,,,,
ChangeDistiller,292,238,56,30,82,124,0,0,338,4,0,,,,0.7,2,0.2,0.3,,,,
ChangeDistiller,250,197,55,29,58,108,0,0,385,4,0,,,,0.899,2,0.2,0.3,,,,
ChangeDistiller,747,520,173,147,208,219,0,0,1490,4,0,,,,0.1,2,0.2,0.5,,,,
ChangeDistiller,528,369,125,99,134,170,0,0,1301,4,0,,,,0.3,2,0.2,0.5,,,,
ChangeDistiller,413,316,88,62,112,151,0,0,915,4,0,,,,0.5,2,0.2,0.5,,,,
ChangeDistiller,297,240,59,33,81,124,0,0,368,4,0,,,,0.7,2,0.2,0.5,,,,
ChangeDistiller,260,203,59,33,59,109,0,0,384,4,0,,,,0.899,2,0.2,0.5,,,,
ChangeDistiller,823,517,218,192,187,226,0,0,1490,4,0,,,,0.1,2,0.2,0.7,,,,
ChangeDistiller,613,407,164,138,124,187,0,0,1292,4,0,,,,0.3,2,0.2,0.7,,,,
ChangeDistiller,492,349,125,99,104,164,0,0,892,4,0,,,,0.5,2,0.2,0.7,,,,
ChangeDistiller,346,266,83,57,73,133,0,0,383,4,0,,,,0.7,2,0.2,0.7,,,,
ChangeDistiller,290,214,74,48,52,116,0,0,348,4,0,,,,0.899,2,0.2,0.7,,,,
ChangeDistiller,825,517,219,193,186,227,0,0,1452,4,0,,,,0.1,2,0.2,0.899,,,,
ChangeDistiller,615,406,165,139,123,188,0,0,1240,4,0,,,,0.3,2,0.2,0.899,,,,
ChangeDistiller,495,349,127,101,102,165,0,0,895,4,0,,,,0.5,2,0.2,0.899,,,,
ChangeDistiller,366,281,90,64,71,141,0,0,385,4,0,,,,0.7,2,0.2,0.899,,,,
ChangeDistiller,310,229,81,55,50,124,0,0,354,4,0,,,,0.899,2,0.2,0.899,,,,
ChangeDistiller,809,523,191,165,212,241,0,0,1445,4,0,,,,0.1,2,0.4,0.1,,,,
ChangeDistiller,548,413,120,94,147,187,0,0,1246,4,0,,,,0.3,2,0.4,0.1,,,,
ChangeDistiller,450,340,99,73,116,162,0,0,903,4,0,,,,0.5,2,0.4,0.1,,,,
ChangeDistiller,348,276,73,47,83,145,0,0,385,4,0,,,,0.7,2,0.4,0.1,,,,
ChangeDistiller,292,226,67,41,61,123,0,0,349,4,0,,,,0.899,2,0.4,0.1,,,,
ChangeDistiller,828,499,205,179,203,241,0,0,1458,4,0,,,,0.1,2,0.4,0.3,,,,
ChangeDistiller,574,407,137,111,140,186,0,0,1248,4,0,,,,0.3,2,0.4,0.3,,,,
ChangeDistiller,467,338,110,84,111,162,0,0,903,4,0,,,,0.5,2,0.4,0.3,,,,
ChangeDistiller,349,276,74,48,82,145,0,0,384,4,0,,,,0.7,2,0.4,0.3,,,,
ChangeDistiller,293,226,68,42,60,123,0,0,348,4,0,,,,0.899,2,0.4,0.3,,,,
ChangeDistiller,838,479,217,191,196,234,0,0,1438,4,0,,,,0.1,2,0.4,0.5,,,,
ChangeDistiller,577,397,144,118,133,182,0,0,1249,4,0,,,,0.3,2,0.4,0.5,,,,
ChangeDistiller,473,338,114,88,109,162,0,0,893,4,0,,,,0.5,2,0.4,0.5,,,,
ChangeDistiller,355,279,78,52,80,145,0,0,384,4,0,,,,0.7,2,0.4,0.5,,,,
ChangeDistiller,303,231,72,46,61,124,0,0,351,4,0,,,,0.899,2,0.4,0.5,,,,
ChangeDistiller,894,471,255,229,176,234,0,0,1451,4,0,,,,0.1,2,0.4,0.7,,,,
ChangeDistiller,663,407,187,161,120,195,0,0,1247,4,0,,,,0.3,2,0.4,0.7,,,,
ChangeDistiller,538,351,149,123,98,168,0,0,895,4,0,,,,0.5,2,0.4,0.7,,,,
ChangeDistiller,411,299,109,83,69,150,0,0,389,4,0,,,,0.7,2,0.4,0.7,,,,
ChangeDistiller,333,235,92,66,49,126,0,0,355,4,0,,,,0.899,2,0.4,0.7,,,,
ChangeDistiller,896,469,257,231,174,234,0,0,1444,4,0,,,,0.1,2,0.4,0.899,,,,
ChangeDistiller,665,405,189,163,118,195,0,0,1255,4,0,,,,0.3,2,0.4,0.899,,,,
ChangeDistiller,542,350,152,126,95,169,0,0,896,4,0,,,,0.5,2,0.4,0.899,,,,
ChangeDistiller,424,307,115,89,66,154,0,0,387,4,0,,,,0.7,2,0.4,0.899,,,,
ChangeDistiller,346,243,98,72,46,130,0,0,352,4,0,,,,0.899,2,0.4,0.899,,,,
ChangeDistiller,834,489,202,176,208,248,0,0,1454,4,0,,,,0.1,2,0.6,0.1,,,,
ChangeDistiller,627,417,147,121,144,215,0,0,1257,4,0,,,,0.3,2,0.6,0.1,,,,
ChangeDistiller,507,353,120,94,112,181,0,0,893,4,0,,,,0.5,2,0.6,0.1,,,,
ChangeDistiller,437,295,110,84,79,164,0,0,389,4,0,,,,0.7,2,0.6,0.1,,,,
ChangeDistiller,379,256,100,74,57,148,0,0,348,4,0,,,,0.899,2,0.6,0.1,,,,
ChangeDistiller,863,464,220,194,199,250,0,0,1453,4,0,,,,0.1,2,0.6,0.3,,,,
ChangeDistiller,647,392,164,138,137,208,0,0,1263,4,0,,,,0.3,2,0.6,0.3,,,,
ChangeDistiller,520,337,131,105,107,177,0,0,900,4,0,,,,0.5,2,0.6,0.3,,,,
ChangeDistiller,439,295,112,86,77,164,0,0,381,4,0,,,,0.7,2,0.6,0.3,,,,
ChangeDistiller,381,256,102,76,55,148,0,0,349,4,0,,,,0.899,2,0.6,0.3,,,,
ChangeDistiller,874,445,232,206,192,244,0,0,1454,4,0,,,,0.1,2,0.6,0.5,,,,
ChangeDistiller,648,377,171,145,130,202,0,0,1246,4,0,,,,0.3,2,0.6,0.5,,,,
ChangeDistiller,527,335,136,110,104,177,0,0,908,4,0,,,,0.5,2,0.6,0.5,,,,
ChangeDistiller,445,295,116,90,75,164,0,0,391,4,0,,,,0.7,2,0.6,0.5,,,,
ChangeDistiller,392,260,107,81,55,149,0,0,357,4,0,,,,0.899,2,0.6,0.5,,,,
ChangeDistiller,934,419,272,245,173,244,0,0,1463,4,0,,,,0.1,2,0.6,0.7,,,,
ChangeDistiller,728,342,214,188,117,209,0,0,1250,4,0,,,,0.3,2,0.6,0.7,,,,
ChangeDistiller,602,316,174,148,94,186,0,0,897,4,0,,,,0.5,2,0.6,0.7,,,,
ChangeDistiller,485,292,141,115,65,164,0,0,384,4,0,,,,0.7,2,0.6,0.7,,,,
ChangeDistiller,428,251,131,105,43,149,0,0,353,4,0,,,,0.899,2,0.6,0.7,,,,
ChangeDistiller,936,417,274,247,171,244,0,0,1458,4,0,,,,0.1,2,0.6,0.899,,,,
ChangeDistiller,730,340,216,190,115,209,0,0,1249,4,0,,,,0.3,2,0.6,0.899,,,,
ChangeDistiller,606,314,178,152,90,186,0,0,898,4,0,,,,0.5,2,0.6,0.899,,,,
ChangeDistiller,498,299,148,122,61,167,0,0,389,4,0,,,,0.7,2,0.6,0.899,,,,
ChangeDistiller,441,258,138,112,39,152,0,0,353,4,0,,,,0.899,2,0.6,0.899,,,,
ChangeDistiller,844,474,212,169,204,259,0,0,1437,4,0,,,,0.1,2,0.8,0.1,,,,
ChangeDistiller,660,391,166,115,139,240,0,0,1251,4,0,,,,0.3,2,0.8,0.1,,,,
ChangeDistiller,582,340,145,105,108,224,0,0,904,4,0,,,,0.5,2,0.8,0.1,,,,
ChangeDistiller,508,286,132,96,74,206,0,0,385,4,0,,,,0.7,2,0.8,0.1,,,,
ChangeDistiller,475,254,131,96,50,198,0,0,355,4,0,,,,0.899,2,0.8,0.1,,,,
ChangeDistiller,868,458,227,190,195,256,0,0,1448,4,0,,,,0.1,2,0.8,0.3,,,,
ChangeDistiller,697,371,184,147,132,234,0,0,1246,4,0,,,,0.3,2,0.8,0.3,,,,
ChangeDistiller,605,327,157,125,102,221,0,0,895,4,0,,,,0.5,2,0.8,0.3,,,,
ChangeDistiller,525,289,136,104,72,213,0,0,388,4,0,,,,0.7,2,0.8,0.3,,,,
ChangeDistiller,479,253,134,98,48,199,0,0,359,4,0,,,,0.899,2,0.8,0.3,,,,
ChangeDistiller,887,441,239,210,188,250,0,0,1445,4,0,,,,0.1,2,0.8,0.5,,,,
ChangeDistiller,706,357,191,162,125,228,0,0,1255,4,0,,,,0.3,2,0.8,0.5,,,,
ChangeDistiller,613,322,162,133,99,219,0,0,898,4,0,,,,0.5,2,0.8,0.5,,,,
ChangeDistiller,533,286,140,111,70,212,0,0,388,4,0,,,,0.7,2,0.8,0.5,,,,
ChangeDistiller,490,254,139,104,48,199,0,0,356,4,0,,,,0.899,2,0.8,0.5,,,,
ChangeDistiller,942,416,277,251,169,245,0,0,1447,4,0,,,,0.1,2,0.8,0.7,,,,
ChangeDistiller,767,339,228,202,113,224,0,0,1258,4,0,,,,0.3,2,0.8,0.7,,,,
ChangeDistiller,669,307,195,169,90,215,0,0,899,4,0,,,,0.5,2,0.8,0.7,,,,
ChangeDistiller,571,269,165,139,60,207,0,0,384,4,0,,,,0.7,2,0.8,0.7,,,,
ChangeDistiller,528,240,158,132,38,200,0,0,352,4,0,,,,0.899,2,0.8,0.7,,,,
ChangeDistiller,944,414,279,253,167,245,0,0,1462,4,0,,,,0.1,2,0.8,0.899,,,,
ChangeDistiller,769,337,230,204,111,224,0,0,1264,4,0,,,,0.3,2,0.8,0.899,,,,
ChangeDistiller,673,303,199,173,86,215,0,0,891,4,0,,,,0.5,2,0.8,0.899,,,,
ChangeDistiller,581,265,172,146,56,207,0,0,389,4,0,,,,0.7,2,0.8,0.899,,,,
ChangeDistiller,538,236,165,139,34,200,0,0,354,4,0,,,,0.899,2,0.8,0.899,,,,
ChangeDistiller,847,475,213,170,204,260,0,0,1465,4,0,,,,0.1,2,1.0,0.1,,,,
ChangeDistiller,669,394,169,118,139,243,0,0,1269,4,0,,,,0.3,2,1.0,0.1,,,,
ChangeDistiller,588,342,147,107,108,226,0,0,911,4,0,,,,0.5,2,1.0,0.1,,,,
ChangeDistiller,519,292,133,99,74,213,0,0,389,4,0,,,,0.7,2,1.0,0.1,,,,
ChangeDistiller,486,262,132,98,50,206,0,0,354,4,0,,,,0.899,2,1.0,0.1,,,,
ChangeDistiller,871,459,228,191,195,257,0,0,1469,4,0,,,,0.1,2,1.0,0.3,,,,
ChangeDistiller,706,374,187,150,132,237,0,0,1272,4,0,,,,0.3,2,1.0,0.3,,,,
ChangeDistiller,614,330,160,128,102,224,0,0,910,4,0,,,,0.5,2,1.0,0.3,,,,
ChangeDistiller,525,289,136,104,72,213,0,0,396,4,0,,,,0.7,2,1.0,0.3,,,,
ChangeDistiller,492,259,135,103,48,206,0,0,369,4,0,,,,0.899,2,1.0,0.3,,,,
ChangeDistiller,890,442,240,211,188,251,0,0,1448,4,0,,,,0.1,2,1.0,0.5,,,,
ChangeDistiller,715,360,194,165,125,231,0,0,1250,4,0,,,,0.3,2,1.0,0.5,,,,
ChangeDistiller,622,325,165,136,99,222,0,0,890,4,0,,,,0.5,2,1.0,0.5,,,,
ChangeDistiller,533,286,140,111,70,212,0,0,386,4,0,,,,0.7,2,1.0,0.5,,,,
ChangeDistiller,504,257,140,111,48,205,0,0,353,4,0,,,,0.899,2,1.0,0.5,,,,
ChangeDistiller,942,416,277,251,169,245,0,0,1453,4,0,,,,0.1,2,1.0,0.7,,,,
ChangeDistiller,773,341,230,204,113,226,0,0,1252,4,0,,,,0.3,2,1.0,0.7,,,,
ChangeDistiller,675,309,197,171,90,217,0,0,895,4,0,,,,0.5,2,1.0,0.7,,,,
ChangeDistiller,571,269,165,139,60,207,0,0,388,4,0,,,,0.7,2,1.0,0.7,,,,
ChangeDistiller,528,240,158,132,38,200,0,0,352,4,0,,,,0.899,2,1.0,0.7,,,,
ChangeDistiller,944,414,279,253,167,245,0,0,1452,4,0,,,,0.1,2,1.0,0.899,,,,
ChangeDistiller,775,339,232,206,111,226,0,0,1243,4,0,,,,0.3,2,1.0,0.899,,,,
ChangeDistiller,679,305,201,175,86,217,0,0,895,4,0,,,,0.5,2,1.0,0.899,,,,
ChangeDistiller,581,265,172,146,56,207,0,0,389,4,0,,,,0.7,2,1.0,0.899,,,,
ChangeDistiller,538,236,165,139,34,200,0,0,357,4,0,,,,0.899,2,1.0,0.899,,,,
ChangeDistiller,705,542,136,110,230,229,0,0,1445,4,0,,,,0.1,4,0.2,0.1,,,,
ChangeDistiller,488,384,91,65,154,178,0,0,1247,4,0,,,,0.3,4,0.2,0.1,,,,
ChangeDistiller,381,312,65,39,124,153,0,0,893,4,0,,,,0.5,4,0.2,0.1,,,,
ChangeDistiller,291,243,52,26,85,128,0,0,380,4,0,,,,0.7,4,0.2,0.1,,,,
ChangeDistiller,237,193,50,24,59,104,0,0,349,4,0,,,,0.899,4,0.2,0.1,,,,
ChangeDistiller,745,538,170,144,207,224,0,0,1444,4,0,,,,0.1,4,0.2,0.3,,,,
ChangeDistiller,549,394,126,100,143,180,0,0,1246,4,0,,,,0.3,4,0.2,0.3,,,,
ChangeDistiller,418,323,87,61,114,156,0,0,894,4,0,,,,0.5,4,0.2,0.3,,,,
ChangeDistiller,307,250,59,33,85,130,0,0,382,4,0,,,,0.7,4,0.2,0.3,,,,
ChangeDistiller,271,211,61,35,61,114,0,0,350,4,0,,,,0.899,4,0.2,0.3,,,,
ChangeDistiller,798,528,202,176,195,225,0,0,1439,4,0,,,,0.1,4,0.2,0.5,,,,
ChangeDistiller,563,388,139,113,135,176,0,0,1249,4,0,,,,0.3,4,0.2,0.5,,,,
ChangeDistiller,447,331,104,78,108,157,0,0,893,4,0,,,,0.5,4,0.2,0.5,,,,
ChangeDistiller,357,276,80,54,81,142,0,0,385,4,0,,,,0.7,4,0.2,0.5,,,,
ChangeDistiller,314,237,78,52,59,125,0,0,352,4,0,,,,0.899,4,0.2,0.5,,,,
ChangeDistiller,867,523,244,218,174,231,0,0,1462,4,0,,,,0.1,4,0.2,0.7,,,,
ChangeDistiller,678,435,192,166,119,201,0,0,1254,4,0,,,,0.3,4,0.2,0.7,,,,
ChangeDistiller,560,381,154,128,96,182,0,0,899,4,0,,,,0.5,4,0.2,0.7,,,,
ChangeDistiller,446,316,121,95,67,163,0,0,383,4,0,,,,0.7,4,0.2,0.7,,,,
ChangeDistiller,385,255,113,87,45,140,0,0,349,4,0,,,,0.899,4,0.2,0.7,,,,
ChangeDistiller,878,531,250,224,169,235,0,0,1454,4,0,,,,0.1,4,0.2,0.899,,,,
ChangeDistiller,684,438,197,171,114,202,0,0,1260,4,0,,,,0.3,4,0.2,0.899,,,,
ChangeDistiller,570,386,161,135,90,184,0,0,893,4,0,,,,0.5,4,0.2,0.899,,,,
ChangeDistiller,463,328,131,105,60,167,0,0,386,4,0,,,,0.7,4,0.2,0.899,,,,
ChangeDistiller,406,271,124,98,38,146,0,0,350,4,0,,,,0.899,4,0.2,0.899,,,,
ChangeDistiller,753,545,152,126,229,246,0,0,1459,4,0,,,,0.1,4,0.4,0.1,,,,
ChangeDistiller,503,397,97,71,152,183,0,0,1259,4,0,,,,0.3,4,0.4,0.1,,,,
ChangeDistiller,407,326,75,49,124,159,0,0,903,4,0,,,,0.5,4,0.4,0.1,,,,
ChangeDistiller,317,256,59,33,87,138,0,0,383,4,0,,,,0.7,4,0.4,0.1,,,,
ChangeDistiller,249,200,51,25,63,110,0,0,344,4,0,,,,0.899,4,0.4,0.1,,,,
ChangeDistiller,796,533,188,162,205,241,0,0,1470,4,0,,,,0.1,4,0.4,0.3,,,,
ChangeDistiller,569,403,135,109,141,184,0,0,1254,4,0,,,,0.3,4,0.4,0.3,,,,
ChangeDistiller,450,334,101,75,114,160,0,0,907,4,0,,,,0.5,4,0.4,0.3,,,,
ChangeDistiller,325,261,66,40,83,136,0,0,394,4,0,,,,0.7,4,0.4,0.3,,,,
ChangeDistiller,271,211,61,35,61,114,0,0,351,4,0,,,,0.899,4,0.4,0.3,,,,
ChangeDistiller,843,478,221,195,193,234,0,0,1455,4,0,,,,0.1,4,0.4,0.5,,,,
ChangeDistiller,595,393,154,128,132,181,0,0,1253,4,0,,,,0.3,4,0.4,0.5,,,,
ChangeDistiller,485,333,121,95,107,162,0,0,894,4,0,,,,0.5,4,0.4,0.5,,,,
ChangeDistiller,385,277,93,67,79,146,0,0,385,4,0,,,,0.7,4,0.4,0.5,,,,
ChangeDistiller,315,236,79,53,59,124,0,0,350,4,0,,,,0.899,4,0.4,0.5,,,,
ChangeDistiller,905,468,262,236,172,235,0,0,1449,4,0,,,,0.1,4,0.4,0.7,,,,
ChangeDistiller,716,411,210,184,116,206,0,0,1251,4,0,,,,0.3,4,0.4,0.7,,,,
ChangeDistiller,589,363,170,144,94,181,0,0,892,4,0,,,,0.5,4,0.4,0.7,,,,
ChangeDistiller,474,304,136,110,65,163,0,0,384,4,0,,,,0.7,4,0.4,0.7,,,,
ChangeDistiller,398,250,120,94,43,141,0,0,350,4,0,,,,0.899,4,0.4,0.7,,,,
ChangeDistiller,916,475,268,242,167,239,0,0,1438,4,0,,,,0.1,4,0.4,0.899,,,,
ChangeDistiller,724,415,215,189,111,209,0,0,1257,4,0,,,,0.3,4,0.4,0.899,,,,
ChangeDistiller,601,369,177,151,88,185,0,0,894,4,0,,,,0.5,4,0.4,0.899,,,,
ChangeDistiller,493,317,146,120,58,169,0,0,386,4,0,,,,0.7,4,0.4,0.899,,,,
ChangeDistiller,421,267,131,105,36,149,0,0,353,4,0,,,,0.899,4,0.4,0.899,,,,
ChangeDistiller,789,533,163,137,229,260,0,0,1442,4,0,,,,0.1,4,0.6,0.1,,,,
ChangeDistiller,564,423,114,88,153,209,0,0,1250,4,0,,,,0.3,4,0.6,0.1,,,,
ChangeDistiller,460,358,90,64,124,182,0,0,898,4,0,,,,0.5,4,0.6,0.1,,,,
ChangeDistiller,366,287,73,47,89,157,0,0,384,4,0,,,,0.7,4,0.6,0.1,,,,
ChangeDistiller,293,238,61,35,65,132,0,0,349,4,0,,,,0.899,4,0.6,0.1,,,,
ChangeDistiller,825,496,198,172,205,250,0,0,1446,4,0,,,,0.1,4,0.6,0.3,,,,
ChangeDistiller,625,397,151,125,141,208,0,0,1248,4,0,,,,0.3,4,0.6,0.3,,,,
ChangeDistiller,484,340,112,86,113,173,0,0,891,4,0,,,,0.5,4,0.6,0.3,,,,
ChangeDistiller,369,286,80,54,83,152,0,0,384,4,0,,,,0.7,4,0.6,0.3,,,,
ChangeDistiller,327,248,77,51,61,138,0,0,352,4,0,,,,0.899,4,0.6,0.3,,,,
ChangeDistiller,872,449,230,204,193,245,0,0,1454,4,0,,,,0.1,4,0.6,0.5,,,,
ChangeDistiller,635,376,165,139,132,199,0,0,1250,4,0,,,,0.3,4,0.6,0.5,,,,
ChangeDistiller,516,333,131,105,106,174,0,0,895,4,0,,,,0.5,4,0.6,0.5,,,,
ChangeDistiller,426,292,107,81,78,160,0,0,387,4,0,,,,0.7,4,0.6,0.5,,,,
ChangeDistiller,380,260,101,75,58,146,0,0,346,4,0,,,,0.899,4,0.6,0.5,,,,
ChangeDistiller,937,419,273,247,172,245,0,0,1461,4,0,,,,0.1,4,0.6,0.7,,,,
ChangeDistiller,745,342,221,195,116,213,0,0,1253,4,0,,,,0.3,4,0.6,0.7,,,,
ChangeDistiller,627,326,183,157,92,195,0,0,901,4,0,,,,0.5,4,0.6,0.7,,,,
ChangeDistiller,509,307,149,123,63,174,0,0,385,4,0,,,,0.7,4,0.6,0.7,,,,
ChangeDistiller,460,268,141,115,41,163,0,0,352,4,0,,,,0.899,4,0.6,0.7,,,,
ChangeDistiller,944,414,279,253,167,245,0,0,1457,4,0,,,,0.1,4,0.6,0.899,,,,
ChangeDistiller,753,346,226,200,111,216,0,0,1261,4,0,,,,0.3,4,0.6,0.899,,,,
ChangeDistiller,639,332,190,164,86,199,0,0,906,4,0,,,,0.5,4,0.6,0.899,,,,
ChangeDistiller,528,320,159,133,56,180,0,0,387,4,0,,,,0.7,4,0.6,0.899,,,,
ChangeDistiller,483,285,152,126,34,171,0,0,353,4,0,,,,0.899,4,0.6,0.899,,,,
ChangeDistiller,757,516,168,89,229,271,0,0,1449,4,0,,,,0.1,4,0.8,0.1,,,,
ChangeDistiller,577,412,126,58,152,241,0,0,1254,4,0,,,,0.3,4,0.8,0.1,,,,
ChangeDistiller,503,359,99,73,123,208,0,0,896,4,0,,,,0.5,4,0.8,0.1,,,,
ChangeDistiller,399,302,83,57,89,170,0,0,391,4,0,,,,0.7,4,0.8,0.1,,,,
ChangeDistiller,354,263,81,55,63,155,0,0,357,4,0,,,,0.899,4,0.8,0.1,,,,
ChangeDistiller,816,477,203,148,205,260,0,0,1452,4,0,,,,0.1,4,0.8,0.3,,,,
ChangeDistiller,644,376,161,113,140,230,0,0,1252,4,0,,,,0.3,4,0.8,0.3,,,,
ChangeDistiller,531,336,127,78,111,215,0,0,894,4,0,,,,0.5,4,0.8,0.3,,,,
ChangeDistiller,421,298,93,67,82,179,0,0,384,4,0,,,,0.7,4,0.8,0.3,,,,
ChangeDistiller,378,254,93,67,58,160,0,0,351,4,0,,,,0.899,4,0.8,0.3,,,,
ChangeDistiller,874,447,232,199,193,250,0,0,1456,4,0,,,,0.1,4,0.8,0.5,,,,
ChangeDistiller,665,357,175,139,131,220,0,0,1257,4,0,,,,0.3,4,0.8,0.5,,,,
ChangeDistiller,567,320,144,110,104,209,0,0,901,4,0,,,,0.5,4,0.8,0.5,,,,
ChangeDistiller,482,288,118,92,77,195,0,0,382,4,0,,,,0.7,4,0.8,0.5,,,,
ChangeDistiller,430,248,114,88,55,173,0,0,351,4,0,,,,0.899,4,0.8,0.5,,,,
ChangeDistiller,937,419,273,247,172,245,0,0,1451,4,0,,,,0.1,4,0.8,0.7,,,,
ChangeDistiller,764,342,225,199,116,224,0,0,1242,4,0,,,,0.3,4,0.8,0.7,,,,
ChangeDistiller,664,308,192,166,92,214,0,0,896,4,0,,,,0.5,4,0.8,0.7,,,,
ChangeDistiller,568,272,162,136,63,207,0,0,385,4,0,,,,0.7,4,0.8,0.7,,,,
ChangeDistiller,522,242,154,128,41,199,0,0,355,4,0,,,,0.899,4,0.8,0.7,,,,
ChangeDistiller,944,414,279,253,167,245,0,0,1455,4,0,,,,0.1,4,0.8,0.899,,,,
ChangeDistiller,769,337,230,204,111,224,0,0,1259,4,0,,,,0.3,4,0.8,0.899,,,,
ChangeDistiller,673,303,199,173,86,215,0,0,898,4,0,,,,0.5,4,0.8,0.899,,,,
ChangeDistiller,581,265,172,146,56,207,0,0,388,4,0,,,,0.7,4,0.8,0.899,,,,
ChangeDistiller,538,236,165,139,34,200,0,0,358,4,0,,,,0.899,4,0.8,0.899,,,,
ChangeDistiller,757,516,168,89,229,271,0,0,1449,4,0,,,,0.1,4,1.0,0.1,,,,
ChangeDistiller,583,414,128,60,152,243,0,0,1247,4,0,,,,0.3,4,1.0,0.1,,,,
ChangeDistiller,510,363,106,55,123,226,0,0,897,4,0,,,,0.5,4,1.0,0.1,,,,
ChangeDistiller,445,311,92,52,89,212,0,0,386,4,0,,,,0.7,4,1.0,0.1,,,,
ChangeDistiller,400,274,90,49,63,198,0,0,353,4,0,,,,0.899,4,1.0,0.1,,,,
ChangeDistiller,816,477,203,148,205,260,0,0,1438,4,0,,,,0.1,4,1.0,0.3,,,,
ChangeDistiller,650,378,163,115,140,232,0,0,1260,4,0,,,,0.3,4,1.0,0.3,,,,
ChangeDistiller,537,338,129,80,111,217,0,0,895,4,0,,,,0.5,4,1.0,0.3,,,,
ChangeDistiller,447,300,100,58,82,207,0,0,389,4,0,,,,0.7,4,1.0,0.3,,,,
ChangeDistiller,414,263,101,59,58,196,0,0,354,4,0,,,,0.899,4,1.0,0.3,,,,
ChangeDistiller,874,447,232,199,193,250,0,0,1471,4,0,,,,0.1,4,1.0,0.5,,,,
ChangeDistiller,671,359,177,141,131,222,0,0,1274,4,0,,,,0.3,4,1.0,0.5,,,,
ChangeDistiller,573,322,146,112,104,211,0,0,898,4,0,,,,0.5,4,1.0,0.5,,,,
ChangeDistiller,491,290,121,87,77,206,0,0,386,4,0,,,,0.7,4,1.0,0.5,,,,
ChangeDistiller,453,256,119,85,55,194,0,0,354,4,0,,,,0.899,4,1.0,0.5,,,,
ChangeDistiller,937,419,273,247,172,245,0,0,1472,4,0,,,,0.1,4,1.0,0.7,,,,
ChangeDistiller,770,344,227,201,116,226,0,0,1272,4,0,,,,0.3,4,1.0,0.7,,,,
ChangeDistiller,670,310,194,168,92,216,0,0,919,4,0,,,,0.5,4,1.0,0.7,,,,
ChangeDistiller,568,272,162,136,63,207,0,0,389,4,0,,,,0.7,4,1.0,0.7,,,,
ChangeDistiller,522,242,154,128,41,199,0,0,356,4,0,,,,0.899,4,1.0,0.7,,,,
ChangeDistiller,944,414,279,253,167,245,0,0,1477,4,0,,,,0.1,4,1.0,0.899,,,,
ChangeDistiller,775,339,232,206,111,226,0,0,1274,4,0,,,,0.3,4,1.0,0.899,,,,
ChangeDistiller,679,305,201,175,86,217,0,0,918,4,0,,,,0.5,4,1.0,0.899,,,,
ChangeDistiller,581,265,172,146,56,207,0,0,407,4,0,,,,0.7,4,1.0,0.899,,,,
ChangeDistiller,538,236,165,139,34,200,0,0,370,4,0,,,,0.899,4,1.0,0.899,,,,
ChangeDistiller,708,545,133,107,234,234,0,0,1450,4,0,,,,0.1,6,0.2,0.1,,,,
ChangeDistiller,490,387,90,64,156,180,0,0,1244,4,0,,,,0.3,6,0.2,0.1,,,,
ChangeDistiller,389,317,65,39,127,158,0,0,898,4,0,,,,0.5,6,0.2,0.1,,,,
ChangeDistiller,295,249,51,25,85,134,0,0,385,4,0,,,,0.7,6,0.2,0.1,,,,
ChangeDistiller,239,196,50,24,57,108,0,0,348,4,0,,,,0.899,6,0.2,0.1,,,,
ChangeDistiller,753,542,174,148,205,226,0,0,1453,4,0,,,,0.1,6,0.2,0.3,,,,
ChangeDistiller,552,397,128,102,141,181,0,0,1254,4,0,,,,0.3,6,0.2,0.3,,,,
ChangeDistiller,423,323,88,62,115,158,0,0,891,4,0,,,,0.5,6,0.2,0.3,,,,
ChangeDistiller,308,251,60,34,84,130,0,0,385,4,0,,,,0.7,6,0.2,0.3,,,,
ChangeDistiller,271,211,61,35,61,114,0,0,351,4,0,,,,0.899,6,0.2,0.3,,,,
ChangeDistiller,805,530,206,180,193,226,0,0,1453,4,0,,,,0.1,6,0.2,0.5,,,,
ChangeDistiller,580,395,147,121,132,180,0,0,1253,4,0,,,,0.3,6,0.2,0.5,,,,
ChangeDistiller,466,336,113,87,106,160,0,0,896,4,0,,,,0.5,6,0.2,0.5,,,,
ChangeDistiller,364,279,85,59,78,142,0,0,384,4,0,,,,0.7,6,0.2,0.5,,,,
ChangeDistiller,317,236,80,54,58,125,0,0,350,4,0,,,,0.899,6,0.2,0.5,,,,
ChangeDistiller,884,529,252,226,172,234,0,0,1439,4,0,,,,0.1,6,0.2,0.7,,,,
ChangeDistiller,698,437,202,176,116,204,0,0,1252,4,0,,,,0.3,6,0.2,0.7,,,,
ChangeDistiller,588,380,168,142,92,186,0,0,896,4,0,,,,0.5,6,0.2,0.7,,,,
ChangeDistiller,479,330,135,109,63,172,0,0,387,4,0,,,,0.7,6,0.2,0.7,,,,
ChangeDistiller,420,271,127,101,41,151,0,0,352,4,0,,,,0.899,6,0.2,0.7,,,,
ChangeDistiller,894,534,258,232,167,237,0,0,1444,4,0,,,,0.1,6,0.2,0.899,,,,
ChangeDistiller,712,445,209,183,111,209,0,0,1245,4,0,,,,0.3,6,0.2,0.899,,,,
ChangeDistiller,606,391,177,151,86,192,0,0,893,4,0,,,,0.5,6,0.2,0.899,,,,
ChangeDistiller,497,343,145,119,56,177,0,0,383,4,0,,,,0.7,6,0.2,0.899,,,,
ChangeDistiller,441,287,138,112,34,157,0,0,350,4,0,,,,0.899,6,0.2,0.899,,,,
ChangeDistiller,740,542,143,117,234,246,0,0,1438,4,0,,,,0.1,6,0.4,0.1,,,,
ChangeDistiller,499,392,93,67,156,183,0,0,1242,4,0,,,,0.3,6,0.4,0.1,,,,
ChangeDistiller,404,323,71,45,127,161,0,0,890,4,0,,,,0.5,6,0.4,0.1,,,,
ChangeDistiller,308,256,55,29,85,139,0,0,381,4,0,,,,0.7,6,0.4,0.1,,,,
ChangeDistiller,239,196,50,24,57,108,0,0,347,4,0,,,,0.899,6,0.4,0.1,,,,
ChangeDistiller,790,527,186,160,205,239,0,0,1447,4,0,,,,0.1,6,0.4,0.3,,,,
ChangeDistiller,565,401,134,108,141,182,0,0,1245,4,0,,,,0.3,6,0.4,0.3,,,,
ChangeDistiller,441,329,97,71,115,158,0,0,889,4,0,,,,0.5,6,0.4,0.3,,,,
ChangeDistiller,318,259,63,37,84,134,0,0,380,4,0,,,,0.7,6,0.4,0.3,,,,
ChangeDistiller,271,211,61,35,61,114,0,0,346,4,0,,,,0.899,6,0.4,0.3,,,,
ChangeDistiller,843,478,221,195,193,234,0,0,1449,4,0,,,,0.1,6,0.4,0.5,,,,
ChangeDistiller,603,396,157,131,132,183,0,0,1249,4,0,,,,0.3,6,0.4,0.5,,,,
ChangeDistiller,486,334,122,96,106,162,0,0,897,4,0,,,,0.5,6,0.4,0.5,,,,
ChangeDistiller,388,279,95,69,78,146,0,0,381,4,0,,,,0.7,6,0.4,0.5,,,,
ChangeDistiller,315,235,80,54,58,123,0,0,347,4,0,,,,0.899,6,0.4,0.5,,,,
ChangeDistiller,914,469,266,240,172,236,0,0,1454,4,0,,,,0.1,6,0.4,0.7,,,,
ChangeDistiller,722,410,213,187,116,206,0,0,1257,4,0,,,,0.3,6,0.4,0.7,,,,
ChangeDistiller,600,368,175,149,92,184,0,0,904,4,0,,,,0.5,6,0.4,0.7,,,,
ChangeDistiller,501,317,146,120,63,172,0,0,392,4,0,,,,0.7,6,0.4,0.7,,,,
ChangeDistiller,428,264,131,105,41,151,0,0,358,4,0,,,,0.899,6,0.4,0.7,,,,
ChangeDistiller,924,473,272,246,167,239,0,0,1463,4,0,,,,0.1,6,0.4,0.899,,,,
ChangeDistiller,737,419,220,194,111,212,0,0,1251,4,0,,,,0.3,6,0.4,0.899,,,,
ChangeDistiller,619,379,184,158,86,191,0,0,894,4,0,,,,0.5,6,0.4,0.899,,,,
ChangeDistiller,520,330,156,130,56,178,0,0,385,4,0,,,,0.7,6,0.4,0.899,,,,
ChangeDistiller,451,281,142,116,34,159,0,0,352,4,0,,,,0.899,6,0.4,0.899,,,,
ChangeDistiller,768,541,150,124,234,260,0,0,1441,4,0,,,,0.1,6,0.6,0.1,,,,
ChangeDistiller,549,415,107,81,156,205,0,0,1244,4,0,,,,0.3,6,0.6,0.1,,,,
ChangeDistiller,441,343,81,55,127,178,0,0,891,4,0,,,,0.5,6,0.6,0.1,,,,
ChangeDistiller,336,268,65,39,85,147,0,0,383,4,0,,,,0.7,6,0.6,0.1,,,,
ChangeDistiller,257,208,55,29,57,116,0,0,350,4,0,,,,0.899,6,0.6,0.1,,,,
ChangeDistiller,812,495,192,166,205,249,0,0,1462,4,0,,,,0.1,6,0.6,0.3,,,,
ChangeDistiller,610,392,146,120,141,203,0,0,1271,4,0,,,,0.3,6,0.6,0.3,,,,
ChangeDistiller,466,330,104,78,115,169,0,0,909,4,0,,,,0.5,6,0.6,0.3,,,,
ChangeDistiller,350,272,74,48,84,144,0,0,391,4,0,,,,0.7,6,0.6,0.3,,,,
ChangeDistiller,310,231,73,47,61,129,0,0,352,4,0,,,,0.899,6,0.6,0.3,,,,
ChangeDistiller,863,448,226,200,193,244,0,0,1456,4,0,,,,0.1,6,0.6,0.5,,,,
ChangeDistiller,635,376,165,139,132,199,0,0,1254,4,0,,,,0.3,6,0.6,0.5,,,,
ChangeDistiller,512,329,130,104,106,172,0,0,900,4,0,,,,0.5,6,0.6,0.5,,,,
ChangeDistiller,405,277,101,75,78,151,0,0,386,4,0,,,,0.7,6,0.6,0.5,,,,
ChangeDistiller,355,241,94,68,58,135,0,0,357,4,0,,,,0.899,6,0.6,0.5,,,,
ChangeDistiller,937,419,273,247,172,245,0,0,1446,4,0,,,,0.1,6,0.6,0.7,,,,
ChangeDistiller,745,342,221,195,116,213,0,0,1253,4,0,,,,0.3,6,0.6,0.7,,,,
ChangeDistiller,632,327,185,159,92,196,0,0,910,4,0,,,,0.5,6,0.6,0.7,,,,
ChangeDistiller,516,308,152,126,63,175,0,0,390,4,0,,,,0.7,6,0.6,0.7,,,,
ChangeDistiller,467,269,144,118,41,164,0,0,354,4,0,,,,0.899,6,0.6,0.7,,,,
ChangeDistiller,944,414,279,253,167,245,0,0,1452,4,0,,,,0.1,6,0.6,0.899,,,,
ChangeDistiller,769,348,230,204,111,224,0,0,1253,4,0,,,,0.3,6,0.6,0.899,,,,
ChangeDistiller,650,335,194,168,86,202,0,0,913,4,0,,,,0.5,6,0.6,0.899,,,,
ChangeDistiller,535,321,162,136,56,181,0,0,387,4,0,,,,0.7,6,0.6,0.899,,,,
ChangeDistiller,490,286,155,129,34,172,0,0,351,4,0,,,,0.899,6,0.6,0.899,,,,
ChangeDistiller,732,525,156,66,234,276,0,0,1446,4,0,,,,0.1,6,0.8,0.1,,,,
ChangeDistiller,592,428,113,87,156,236,0,0,1251,4,0,,,,0.3,6,0.8,0.1,,,,
ChangeDistiller,475,359,86,60,127,202,0,0,890,4,0,,,,0.5,6,0.8,0.1,,,,
ChangeDistiller,347,277,68,42,85,152,0,0,387,4,0,,,,0.7,6,0.8,0.1,,,,
ChangeDistiller,300,235,67,41,57,135,0,0,350,4,0,,,,0.899,6,0.8,0.1,,,,
ChangeDistiller,803,476,197,142,205,259,0,0,1478,4,0,,,,0.1,6,0.8,0.3,,,,
ChangeDistiller,621,379,153,98,141,229,0,0,1276,4,0,,,,0.3,6,0.8,0.3,,,,
ChangeDistiller,507,339,110,84,115,198,0,0,894,4,0,,,,0.5,6,0.8,0.3,,,,
ChangeDistiller,378,287,79,53,84,162,0,0,382,4,0,,,,0.7,6,0.8,0.3,,,,
ChangeDistiller,337,244,79,53,61,144,0,0,352,4,0,,,,0.899,6,0.8,0.3,,,,
ChangeDistiller,865,446,228,195,193,249,0,0,1479,4,0,,,,0.1,6,0.8,0.5,,,,
ChangeDistiller,659,359,172,134,132,221,0,0,1280,4,0,,,,0.3,6,0.8,0.5,,,,
ChangeDistiller,555,319,139,103,106,207,0,0,929,4,0,,,,0.5,6,0.8,0.5,,,,
ChangeDistiller,452,285,107,81,78,186,0,0,380,4,0,,,,0.7,6,0.8,0.5,,,,
ChangeDistiller,383,242,99,73,58,153,0,0,355,4,0,,,,0.899,6,0.8,0.5,,,,
ChangeDistiller,937,419,273,247,172,245,0,0,1474,4,0,,,,0.1,6,0.8,0.7,,,,
ChangeDistiller,764,342,225,199,116,224,0,0,1271,4,0,,,,0.3,6,0.8,0.7,,,,
ChangeDistiller,664,308,192,166,92,214,0,0,930,4,0,,,,0.5,6,0.8,0.7,,,,
ChangeDistiller,568,272,162,136,63,207,0,0,417,4,0,,,,0.7,6,0.8,0.7,,,,
ChangeDistiller,522,242,154,128,41,199,0,0,385,4,0,,,,0.899,6,0.8,0.7,,,,
ChangeDistiller,944,414,279,253,167,245,0,0,1451,4,0,,,,0.1,6,0.8,0.899,,,,
ChangeDistiller,775,339,232,206,111,226,0,0,1258,4,0,,,,0.3,6,0.8,0.899,,,,
ChangeDistiller,679,305,201,175,86,217,0,0,899,4,0,,,,0.5,6,0.8,0.899,,,,
ChangeDistiller,581,265,172,146,56,207,0,0,390,4,0,,,,0.7,6,0.8,0.899,,,,
ChangeDistiller,538,236,165,139,34,200,0,0,359,4,0,,,,0.899,6,0.8,0.899,,,,
ChangeDistiller,732,525,156,66,234,276,0,0,1443,4,0,,,,0.1,6,1.0,0.1,,,,
ChangeDistiller,551,418,115,38,156,242,0,0,1255,4,0,,,,0.3,6,1.0,0.1,,,,
ChangeDistiller,478,366,92,34,127,225,0,0,901,4,0,,,,0.5,6,1.0,0.1,,,,
ChangeDistiller,404,309,78,32,85,209,0,0,385,4,0,,,,0.7,6,1.0,0.1,,,,
ChangeDistiller,356,268,77,29,57,193,0,0,352,4,0,,,,0.899,6,1.0,0.1,,,,
ChangeDistiller,803,476,197,142,205,259,0,0,1438,4,0,,,,0.1,6,1.0,0.3,,,,
ChangeDistiller,621,379,153,98,141,229,0,0,1254,4,0,,,,0.3,6,1.0,0.3,,,,
ChangeDistiller,500,339,115,56,115,214,0,0,894,4,0,,,,0.5,6,1.0,0.3,,,,
ChangeDistiller,414,296,87,43,84,200,0,0,382,4,0,,,,0.7,6,1.0,0.3,,,,
ChangeDistiller,382,261,88,43,61,190,0,0,351,4,0,,,,0.899,6,1.0,0.3,,,,
ChangeDistiller,865,446,228,195,193,249,0,0,1451,4,0,,,,0.1,6,1.0,0.5,,,,
ChangeDistiller,659,359,172,134,132,221,0,0,1246,4,0,,,,0.3,6,1.0,0.5,,,,
ChangeDistiller,555,319,139,103,106,207,0,0,894,4,0,,,,0.5,6,1.0,0.5,,,,
ChangeDistiller,468,286,112,78,78,200,0,0,386,4,0,,,,0.7,6,1.0,0.5,,,,
ChangeDistiller,423,255,107,69,58,189,0,0,353,4,0,,,,0.899,6,1.0,0.5,,,,
ChangeDistiller,937,419,273,247,172,245,0,0,1411,4,0,,,,0.1,6,1.0,0.7,,,,
ChangeDistiller,764,342,225,199,116,224,0,0,1228,4,0,,,,0.3,6,1.0,0.7,,,,
ChangeDistiller,664,308,192,166,92,214,0,0,888,4,0,,,,0.5,6,1.0,0.7,,,,
ChangeDistiller,568,272,162,136,63,207,0,0,386,4,0,,,,0.7,6,1.0,0.7,,,,
ChangeDistiller,522,242,154,128,41,199,0,0,353,4,0,,,,0.899,6,1.0,0.7,,,,
ChangeDistiller,944,414,279,253,167,245,0,0,1360,4,0,,,,0.1,6,1.0,0.899,,,,
ChangeDistiller,775,339,232,206,111,226,0,0,1165,4,0,,,,0.3,6,1.0,0.899,,,,
ChangeDistiller,679,305,201,175,86,217,0,0,843,4,0,,,,0.5,6,1.0,0.899,,,,
ChangeDistiller,581,265,172,146,56,207,0,0,388,4,0,,,,0.7,6,1.0,0.899,,,,
ChangeDistiller,538,236,165,139,34,200,0,0,351,4,0,,,,0.899,6,1.0,0.899,,,,
