MATCHER,NRACTIONS,NRROOTS,NR_INSERT,NR_DELETE,NR_UPDATE,NR_MOVE,NR_TREEINSERT,NR_TREEDELETE,TIME,NROPTIONS,TIMEOUT,GT_BUM_SMT,GT_BUM_SMT_SBUP,GT_BUM_SZT,GT_CD_LSIM,GT_CD_ML,GT_CD_SSIM1,GT_CD_SSIM2,GT_STM_MH,GT_XYM_SIM,GUMTREE_MATCH_GT_MINH,
SimpleGumtree,48,13,28,14,3,3,0,0,1,2,0,,0.1,,,,,,1,,,
SimpleGumtree,48,13,28,14,3,3,0,0,1,2,0,,0.3,,,,,,1,,,
SimpleGumtree,48,13,28,14,3,3,0,0,1,2,0,,0.5,,,,,,1,,,
SimpleGumtree,48,13,28,14,3,3,0,0,1,2,0,,0.7,,,,,,1,,,
SimpleGumtree,48,13,28,14,3,3,0,0,1,2,0,,0.899,,,,,,1,,,
SimpleGumtree,59,10,35,21,3,0,0,0,1,2,0,,0.1,,,,,,2,,,
SimpleGumtree,59,10,35,21,3,0,0,0,0,2,0,,0.3,,,,,,2,,,
SimpleGumtree,59,10,35,21,3,0,0,0,1,2,0,,0.5,,,,,,2,,,
SimpleGumtree,59,10,35,21,3,0,0,0,1,2,0,,0.7,,,,,,2,,,
SimpleGumtree,59,10,35,21,3,0,0,0,1,2,0,,0.899,,,,,,2,,,
SimpleGumtree,59,10,35,21,3,0,0,0,1,2,0,,0.1,,,,,,3,,,
SimpleGumtree,59,10,35,21,3,0,0,0,1,2,0,,0.3,,,,,,3,,,
SimpleGumtree,59,10,35,21,3,0,0,0,1,2,0,,0.5,,,,,,3,,,
SimpleGumtree,59,10,35,21,3,0,0,0,1,2,0,,0.7,,,,,,3,,,
SimpleGumtree,59,10,35,21,3,0,0,0,1,2,0,,0.899,,,,,,3,,,
SimpleGumtree,240,11,126,112,2,0,0,0,1,2,0,,0.1,,,,,,4,,,
SimpleGumtree,240,11,126,112,2,0,0,0,1,2,0,,0.3,,,,,,4,,,
SimpleGumtree,240,11,126,112,2,0,0,0,0,2,0,,0.5,,,,,,4,,,
SimpleGumtree,240,11,126,112,2,0,0,0,0,2,0,,0.7,,,,,,4,,,
SimpleGumtree,240,11,126,112,2,0,0,0,0,2,0,,0.899,,,,,,4,,,
SimpleGumtree,240,11,126,112,2,0,0,0,1,2,0,,0.1,,,,,,5,,,
SimpleGumtree,240,11,126,112,2,0,0,0,1,2,0,,0.3,,,,,,5,,,
SimpleGumtree,240,11,126,112,2,0,0,0,1,2,0,,0.5,,,,,,5,,,
SimpleGumtree,240,11,126,112,2,0,0,0,1,2,0,,0.7,,,,,,5,,,
SimpleGumtree,240,11,126,112,2,0,0,0,1,2,0,,0.899,,,,,,5,,,
ClassicGumtree,51,18,28,14,3,6,0,0,17,3,0,0.1,,100,,,,,1,,,
ClassicGumtree,45,16,25,11,3,6,0,0,36,3,0,0.1,,200,,,,,1,,,
ClassicGumtree,45,16,25,11,3,6,0,0,36,3,0,0.1,,300,,,,,1,,,
ClassicGumtree,37,14,21,7,3,6,0,0,180,3,0,0.1,,400,,,,,1,,,
ClassicGumtree,37,14,21,7,3,6,0,0,180,3,0,0.1,,500,,,,,1,,,
ClassicGumtree,37,14,21,7,3,6,0,0,180,3,0,0.1,,600,,,,,1,,,
ClassicGumtree,37,14,21,7,3,6,0,0,180,3,0,0.1,,700,,,,,1,,,
ClassicGumtree,37,14,21,7,3,6,0,0,180,3,0,0.1,,800,,,,,1,,,
ClassicGumtree,37,14,21,7,3,6,0,0,180,3,0,0.1,,900,,,,,1,,,
ClassicGumtree,37,14,21,7,3,6,0,0,180,3,0,0.1,,1000,,,,,1,,,
ClassicGumtree,37,14,21,7,3,6,0,0,179,3,0,0.1,,1100,,,,,1,,,
ClassicGumtree,37,14,21,7,3,6,0,0,178,3,0,0.1,,1200,,,,,1,,,
ClassicGumtree,37,14,21,7,3,6,0,0,178,3,0,0.1,,1300,,,,,1,,,
ClassicGumtree,37,14,21,7,3,6,0,0,178,3,0,0.1,,1400,,,,,1,,,
ClassicGumtree,37,14,21,7,3,6,0,0,178,3,0,0.1,,1500,,,,,1,,,
ClassicGumtree,37,14,21,7,3,6,0,0,178,3,0,0.1,,1600,,,,,1,,,
ClassicGumtree,37,14,21,7,3,6,0,0,178,3,0,0.1,,1700,,,,,1,,,
ClassicGumtree,37,14,21,7,3,6,0,0,178,3,0,0.1,,1800,,,,,1,,,
ClassicGumtree,37,14,21,7,3,6,0,0,178,3,0,0.1,,1900,,,,,1,,,
ClassicGumtree,37,14,21,7,3,6,0,0,178,3,0,0.1,,2000,,,,,1,,,
ClassicGumtree,95,26,51,37,1,6,0,0,14,3,0,0.1,,100,,,,,2,,,
ClassicGumtree,73,20,40,26,1,6,0,0,35,3,0,0.1,,200,,,,,2,,,
ClassicGumtree,73,20,40,26,1,6,0,0,35,3,0,0.1,,300,,,,,2,,,
ClassicGumtree,41,14,23,9,3,6,0,0,178,3,0,0.1,,400,,,,,2,,,
ClassicGumtree,41,14,23,9,3,6,0,0,177,3,0,0.1,,500,,,,,2,,,
ClassicGumtree,41,14,23,9,3,6,0,0,177,3,0,0.1,,600,,,,,2,,,
ClassicGumtree,41,14,23,9,3,6,0,0,176,3,0,0.1,,700,,,,,2,,,
ClassicGumtree,41,14,23,9,3,6,0,0,176,3,0,0.1,,800,,,,,2,,,
ClassicGumtree,41,14,23,9,3,6,0,0,176,3,0,0.1,,900,,,,,2,,,
ClassicGumtree,41,14,23,9,3,6,0,0,176,3,0,0.1,,1000,,,,,2,,,
ClassicGumtree,41,14,23,9,3,6,0,0,176,3,0,0.1,,1100,,,,,2,,,
ClassicGumtree,41,14,23,9,3,6,0,0,181,3,0,0.1,,1200,,,,,2,,,
ClassicGumtree,41,14,23,9,3,6,0,0,176,3,0,0.1,,1300,,,,,2,,,
ClassicGumtree,41,14,23,9,3,6,0,0,176,3,0,0.1,,1400,,,,,2,,,
ClassicGumtree,41,14,23,9,3,6,0,0,176,3,0,0.1,,1500,,,,,2,,,
ClassicGumtree,41,14,23,9,3,6,0,0,176,3,0,0.1,,1600,,,,,2,,,
ClassicGumtree,41,14,23,9,3,6,0,0,176,3,0,0.1,,1700,,,,,2,,,
ClassicGumtree,41,14,23,9,3,6,0,0,176,3,0,0.1,,1800,,,,,2,,,
ClassicGumtree,41,14,23,9,3,6,0,0,176,3,0,0.1,,1900,,,,,2,,,
ClassicGumtree,41,14,23,9,3,6,0,0,176,3,0,0.1,,2000,,,,,2,,,
ClassicGumtree,171,40,89,75,1,6,0,0,14,3,0,0.1,,100,,,,,3,,,
ClassicGumtree,133,30,70,56,1,6,0,0,33,3,0,0.1,,200,,,,,3,,,
ClassicGumtree,133,30,70,56,1,6,0,0,35,3,0,0.1,,300,,,,,3,,,
ClassicGumtree,41,14,23,9,3,6,0,0,175,3,0,0.1,,400,,,,,3,,,
ClassicGumtree,41,14,23,9,3,6,0,0,176,3,0,0.1,,500,,,,,3,,,
ClassicGumtree,41,14,23,9,3,6,0,0,175,3,0,0.1,,600,,,,,3,,,
ClassicGumtree,41,14,23,9,3,6,0,0,176,3,0,0.1,,700,,,,,3,,,
ClassicGumtree,41,14,23,9,3,6,0,0,176,3,0,0.1,,800,,,,,3,,,
ClassicGumtree,41,14,23,9,3,6,0,0,175,3,0,0.1,,900,,,,,3,,,
ClassicGumtree,41,14,23,9,3,6,0,0,175,3,0,0.1,,1000,,,,,3,,,
ClassicGumtree,41,14,23,9,3,6,0,0,182,3,0,0.1,,1100,,,,,3,,,
ClassicGumtree,41,14,23,9,3,6,0,0,175,3,0,0.1,,1200,,,,,3,,,
ClassicGumtree,41,14,23,9,3,6,0,0,175,3,0,0.1,,1300,,,,,3,,,
ClassicGumtree,41,14,23,9,3,6,0,0,175,3,0,0.1,,1400,,,,,3,,,
ClassicGumtree,41,14,23,9,3,6,0,0,175,3,0,0.1,,1500,,,,,3,,,
ClassicGumtree,41,14,23,9,3,6,0,0,175,3,0,0.1,,1600,,,,,3,,,
ClassicGumtree,41,14,23,9,3,6,0,0,177,3,0,0.1,,1700,,,,,3,,,
ClassicGumtree,41,14,23,9,3,6,0,0,175,3,0,0.1,,1800,,,,,3,,,
ClassicGumtree,41,14,23,9,3,6,0,0,175,3,0,0.1,,1900,,,,,3,,,
ClassicGumtree,41,14,23,9,3,6,0,0,176,3,0,0.1,,2000,,,,,3,,,
ClassicGumtree,428,41,221,207,0,0,0,0,4,3,0,0.1,,100,,,,,4,,,
ClassicGumtree,324,25,169,155,0,0,0,0,12,3,0,0.1,,200,,,,,4,,,
ClassicGumtree,324,25,169,155,0,0,0,0,13,3,0,0.1,,300,,,,,4,,,
ClassicGumtree,41,14,23,9,3,6,0,0,158,3,0,0.1,,400,,,,,4,,,
ClassicGumtree,41,14,23,9,3,6,0,0,155,3,0,0.1,,500,,,,,4,,,
ClassicGumtree,41,14,23,9,3,6,0,0,155,3,0,0.1,,600,,,,,4,,,
ClassicGumtree,41,14,23,9,3,6,0,0,154,3,0,0.1,,700,,,,,4,,,
ClassicGumtree,41,14,23,9,3,6,0,0,155,3,0,0.1,,800,,,,,4,,,
ClassicGumtree,41,14,23,9,3,6,0,0,154,3,0,0.1,,900,,,,,4,,,
ClassicGumtree,41,14,23,9,3,6,0,0,155,3,0,0.1,,1000,,,,,4,,,
ClassicGumtree,41,14,23,9,3,6,0,0,155,3,0,0.1,,1100,,,,,4,,,
ClassicGumtree,41,14,23,9,3,6,0,0,155,3,0,0.1,,1200,,,,,4,,,
ClassicGumtree,41,14,23,9,3,6,0,0,154,3,0,0.1,,1300,,,,,4,,,
ClassicGumtree,41,14,23,9,3,6,0,0,154,3,0,0.1,,1400,,,,,4,,,
ClassicGumtree,41,14,23,9,3,6,0,0,154,3,0,0.1,,1500,,,,,4,,,
ClassicGumtree,41,14,23,9,3,6,0,0,154,3,0,0.1,,1600,,,,,4,,,
ClassicGumtree,41,14,23,9,3,6,0,0,153,3,0,0.1,,1700,,,,,4,,,
ClassicGumtree,41,14,23,9,3,6,0,0,154,3,0,0.1,,1800,,,,,4,,,
ClassicGumtree,41,14,23,9,3,6,0,0,153,3,0,0.1,,1900,,,,,4,,,
ClassicGumtree,41,14,23,9,3,6,0,0,154,3,0,0.1,,2000,,,,,4,,,
ClassicGumtree,428,41,221,207,0,0,0,0,4,3,0,0.1,,100,,,,,5,,,
ClassicGumtree,324,25,169,155,0,0,0,0,12,3,0,0.1,,200,,,,,5,,,
ClassicGumtree,324,25,169,155,0,0,0,0,12,3,0,0.1,,300,,,,,5,,,
ClassicGumtree,41,14,23,9,3,6,0,0,154,3,0,0.1,,400,,,,,5,,,
ClassicGumtree,41,14,23,9,3,6,0,0,154,3,0,0.1,,500,,,,,5,,,
ClassicGumtree,41,14,23,9,3,6,0,0,154,3,0,0.1,,600,,,,,5,,,
ClassicGumtree,41,14,23,9,3,6,0,0,154,3,0,0.1,,700,,,,,5,,,
ClassicGumtree,41,14,23,9,3,6,0,0,154,3,0,0.1,,800,,,,,5,,,
ClassicGumtree,41,14,23,9,3,6,0,0,154,3,0,0.1,,900,,,,,5,,,
ClassicGumtree,41,14,23,9,3,6,0,0,155,3,0,0.1,,1000,,,,,5,,,
ClassicGumtree,41,14,23,9,3,6,0,0,154,3,0,0.1,,1100,,,,,5,,,
ClassicGumtree,41,14,23,9,3,6,0,0,154,3,0,0.1,,1200,,,,,5,,,
ClassicGumtree,41,14,23,9,3,6,0,0,154,3,0,0.1,,1300,,,,,5,,,
ClassicGumtree,41,14,23,9,3,6,0,0,155,3,0,0.1,,1400,,,,,5,,,
ClassicGumtree,41,14,23,9,3,6,0,0,155,3,0,0.1,,1500,,,,,5,,,
ClassicGumtree,41,14,23,9,3,6,0,0,154,3,0,0.1,,1600,,,,,5,,,
ClassicGumtree,41,14,23,9,3,6,0,0,154,3,0,0.1,,1700,,,,,5,,,
ClassicGumtree,41,14,23,9,3,6,0,0,154,3,0,0.1,,1800,,,,,5,,,
ClassicGumtree,41,14,23,9,3,6,0,0,154,3,0,0.1,,1900,,,,,5,,,
ClassicGumtree,41,14,23,9,3,6,0,0,154,3,0,0.1,,2000,,,,,5,,,
ClassicGumtree,51,18,28,14,3,6,0,0,15,3,0,0.2,,100,,,,,1,,,
ClassicGumtree,45,16,25,11,3,6,0,0,35,3,0,0.2,,200,,,,,1,,,
ClassicGumtree,45,16,25,11,3,6,0,0,34,3,0,0.2,,300,,,,,1,,,
ClassicGumtree,37,14,21,7,3,6,0,0,177,3,0,0.2,,400,,,,,1,,,
ClassicGumtree,37,14,21,7,3,6,0,0,177,3,0,0.2,,500,,,,,1,,,
ClassicGumtree,37,14,21,7,3,6,0,0,179,3,0,0.2,,600,,,,,1,,,
ClassicGumtree,37,14,21,7,3,6,0,0,177,3,0,0.2,,700,,,,,1,,,
ClassicGumtree,37,14,21,7,3,6,0,0,179,3,0,0.2,,800,,,,,1,,,
ClassicGumtree,37,14,21,7,3,6,0,0,177,3,0,0.2,,900,,,,,1,,,
ClassicGumtree,37,14,21,7,3,6,0,0,176,3,0,0.2,,1000,,,,,1,,,
ClassicGumtree,37,14,21,7,3,6,0,0,176,3,0,0.2,,1100,,,,,1,,,
ClassicGumtree,37,14,21,7,3,6,0,0,176,3,0,0.2,,1200,,,,,1,,,
ClassicGumtree,37,14,21,7,3,6,0,0,177,3,0,0.2,,1300,,,,,1,,,
ClassicGumtree,37,14,21,7,3,6,0,0,177,3,0,0.2,,1400,,,,,1,,,
ClassicGumtree,37,14,21,7,3,6,0,0,176,3,0,0.2,,1500,,,,,1,,,
ClassicGumtree,37,14,21,7,3,6,0,0,177,3,0,0.2,,1600,,,,,1,,,
ClassicGumtree,37,14,21,7,3,6,0,0,177,3,0,0.2,,1700,,,,,1,,,
ClassicGumtree,37,14,21,7,3,6,0,0,176,3,0,0.2,,1800,,,,,1,,,
ClassicGumtree,37,14,21,7,3,6,0,0,177,3,0,0.2,,1900,,,,,1,,,
ClassicGumtree,37,14,21,7,3,6,0,0,177,3,0,0.2,,2000,,,,,1,,,
ClassicGumtree,95,26,51,37,1,6,0,0,15,3,0,0.2,,100,,,,,2,,,
ClassicGumtree,73,20,40,26,1,6,0,0,34,3,0,0.2,,200,,,,,2,,,
ClassicGumtree,73,20,40,26,1,6,0,0,34,3,0,0.2,,300,,,,,2,,,
ClassicGumtree,41,14,23,9,3,6,0,0,176,3,0,0.2,,400,,,,,2,,,
ClassicGumtree,41,14,23,9,3,6,0,0,176,3,0,0.2,,500,,,,,2,,,
ClassicGumtree,41,14,23,9,3,6,0,0,176,3,0,0.2,,600,,,,,2,,,
ClassicGumtree,41,14,23,9,3,6,0,0,176,3,0,0.2,,700,,,,,2,,,
ClassicGumtree,41,14,23,9,3,6,0,0,176,3,0,0.2,,800,,,,,2,,,
ClassicGumtree,41,14,23,9,3,6,0,0,177,3,0,0.2,,900,,,,,2,,,
ClassicGumtree,41,14,23,9,3,6,0,0,175,3,0,0.2,,1000,,,,,2,,,
ClassicGumtree,41,14,23,9,3,6,0,0,176,3,0,0.2,,1100,,,,,2,,,
ClassicGumtree,41,14,23,9,3,6,0,0,175,3,0,0.2,,1200,,,,,2,,,
ClassicGumtree,41,14,23,9,3,6,0,0,176,3,0,0.2,,1300,,,,,2,,,
ClassicGumtree,41,14,23,9,3,6,0,0,177,3,0,0.2,,1400,,,,,2,,,
ClassicGumtree,41,14,23,9,3,6,0,0,176,3,0,0.2,,1500,,,,,2,,,
ClassicGumtree,41,14,23,9,3,6,0,0,176,3,0,0.2,,1600,,,,,2,,,
ClassicGumtree,41,14,23,9,3,6,0,0,176,3,0,0.2,,1700,,,,,2,,,
ClassicGumtree,41,14,23,9,3,6,0,0,176,3,0,0.2,,1800,,,,,2,,,
ClassicGumtree,41,14,23,9,3,6,0,0,176,3,0,0.2,,1900,,,,,2,,,
ClassicGumtree,41,14,23,9,3,6,0,0,176,3,0,0.2,,2000,,,,,2,,,
ClassicGumtree,171,40,89,75,1,6,0,0,14,3,0,0.2,,100,,,,,3,,,
ClassicGumtree,133,30,70,56,1,6,0,0,33,3,0,0.2,,200,,,,,3,,,
ClassicGumtree,133,30,70,56,1,6,0,0,33,3,0,0.2,,300,,,,,3,,,
ClassicGumtree,41,14,23,9,3,6,0,0,174,3,0,0.2,,400,,,,,3,,,
ClassicGumtree,41,14,23,9,3,6,0,0,175,3,0,0.2,,500,,,,,3,,,
ClassicGumtree,41,14,23,9,3,6,0,0,175,3,0,0.2,,600,,,,,3,,,
ClassicGumtree,41,14,23,9,3,6,0,0,174,3,0,0.2,,700,,,,,3,,,
ClassicGumtree,41,14,23,9,3,6,0,0,175,3,0,0.2,,800,,,,,3,,,
ClassicGumtree,41,14,23,9,3,6,0,0,175,3,0,0.2,,900,,,,,3,,,
ClassicGumtree,41,14,23,9,3,6,0,0,174,3,0,0.2,,1000,,,,,3,,,
ClassicGumtree,41,14,23,9,3,6,0,0,175,3,0,0.2,,1100,,,,,3,,,
ClassicGumtree,41,14,23,9,3,6,0,0,181,3,0,0.2,,1200,,,,,3,,,
ClassicGumtree,41,14,23,9,3,6,0,0,175,3,0,0.2,,1300,,,,,3,,,
ClassicGumtree,41,14,23,9,3,6,0,0,176,3,0,0.2,,1400,,,,,3,,,
ClassicGumtree,41,14,23,9,3,6,0,0,175,3,0,0.2,,1500,,,,,3,,,
ClassicGumtree,41,14,23,9,3,6,0,0,175,3,0,0.2,,1600,,,,,3,,,
ClassicGumtree,41,14,23,9,3,6,0,0,175,3,0,0.2,,1700,,,,,3,,,
ClassicGumtree,41,14,23,9,3,6,0,0,176,3,0,0.2,,1800,,,,,3,,,
ClassicGumtree,41,14,23,9,3,6,0,0,174,3,0,0.2,,1900,,,,,3,,,
ClassicGumtree,41,14,23,9,3,6,0,0,175,3,0,0.2,,2000,,,,,3,,,
ClassicGumtree,428,41,221,207,0,0,0,0,4,3,0,0.2,,100,,,,,4,,,
ClassicGumtree,324,25,169,155,0,0,0,0,12,3,0,0.2,,200,,,,,4,,,
ClassicGumtree,324,25,169,155,0,0,0,0,12,3,0,0.2,,300,,,,,4,,,
ClassicGumtree,41,14,23,9,3,6,0,0,154,3,0,0.2,,400,,,,,4,,,
ClassicGumtree,41,14,23,9,3,6,0,0,154,3,0,0.2,,500,,,,,4,,,
ClassicGumtree,41,14,23,9,3,6,0,0,154,3,0,0.2,,600,,,,,4,,,
ClassicGumtree,41,14,23,9,3,6,0,0,154,3,0,0.2,,700,,,,,4,,,
ClassicGumtree,41,14,23,9,3,6,0,0,153,3,0,0.2,,800,,,,,4,,,
ClassicGumtree,41,14,23,9,3,6,0,0,154,3,0,0.2,,900,,,,,4,,,
ClassicGumtree,41,14,23,9,3,6,0,0,154,3,0,0.2,,1000,,,,,4,,,
ClassicGumtree,41,14,23,9,3,6,0,0,161,3,0,0.2,,1100,,,,,4,,,
ClassicGumtree,41,14,23,9,3,6,0,0,154,3,0,0.2,,1200,,,,,4,,,
ClassicGumtree,41,14,23,9,3,6,0,0,154,3,0,0.2,,1300,,,,,4,,,
ClassicGumtree,41,14,23,9,3,6,0,0,153,3,0,0.2,,1400,,,,,4,,,
ClassicGumtree,41,14,23,9,3,6,0,0,154,3,0,0.2,,1500,,,,,4,,,
ClassicGumtree,41,14,23,9,3,6,0,0,154,3,0,0.2,,1600,,,,,4,,,
ClassicGumtree,41,14,23,9,3,6,0,0,160,3,0,0.2,,1700,,,,,4,,,
ClassicGumtree,41,14,23,9,3,6,0,0,160,3,0,0.2,,1800,,,,,4,,,
ClassicGumtree,41,14,23,9,3,6,0,0,160,3,0,0.2,,1900,,,,,4,,,
ClassicGumtree,41,14,23,9,3,6,0,0,160,3,0,0.2,,2000,,,,,4,,,
ClassicGumtree,428,41,221,207,0,0,0,0,4,3,0,0.2,,100,,,,,5,,,
ClassicGumtree,324,25,169,155,0,0,0,0,13,3,0,0.2,,200,,,,,5,,,
ClassicGumtree,324,25,169,155,0,0,0,0,12,3,0,0.2,,300,,,,,5,,,
ClassicGumtree,41,14,23,9,3,6,0,0,161,3,0,0.2,,400,,,,,5,,,
ClassicGumtree,41,14,23,9,3,6,0,0,163,3,0,0.2,,500,,,,,5,,,
ClassicGumtree,41,14,23,9,3,6,0,0,160,3,0,0.2,,600,,,,,5,,,
ClassicGumtree,41,14,23,9,3,6,0,0,160,3,0,0.2,,700,,,,,5,,,
ClassicGumtree,41,14,23,9,3,6,0,0,160,3,0,0.2,,800,,,,,5,,,
ClassicGumtree,41,14,23,9,3,6,0,0,160,3,0,0.2,,900,,,,,5,,,
ClassicGumtree,41,14,23,9,3,6,0,0,154,3,0,0.2,,1000,,,,,5,,,
ClassicGumtree,41,14,23,9,3,6,0,0,154,3,0,0.2,,1100,,,,,5,,,
ClassicGumtree,41,14,23,9,3,6,0,0,153,3,0,0.2,,1200,,,,,5,,,
ClassicGumtree,41,14,23,9,3,6,0,0,154,3,0,0.2,,1300,,,,,5,,,
ClassicGumtree,41,14,23,9,3,6,0,0,153,3,0,0.2,,1400,,,,,5,,,
ClassicGumtree,41,14,23,9,3,6,0,0,154,3,0,0.2,,1500,,,,,5,,,
ClassicGumtree,41,14,23,9,3,6,0,0,154,3,0,0.2,,1600,,,,,5,,,
ClassicGumtree,41,14,23,9,3,6,0,0,154,3,0,0.2,,1700,,,,,5,,,
ClassicGumtree,41,14,23,9,3,6,0,0,154,3,0,0.2,,1800,,,,,5,,,
ClassicGumtree,41,14,23,9,3,6,0,0,153,3,0,0.2,,1900,,,,,5,,,
ClassicGumtree,41,14,23,9,3,6,0,0,153,3,0,0.2,,2000,,,,,5,,,
ClassicGumtree,51,18,28,14,3,6,0,0,14,3,0,0.3,,100,,,,,1,,,
ClassicGumtree,45,16,25,11,3,6,0,0,35,3,0,0.3,,200,,,,,1,,,
ClassicGumtree,45,16,25,11,3,6,0,0,35,3,0,0.3,,300,,,,,1,,,
ClassicGumtree,37,14,21,7,3,6,0,0,176,3,0,0.3,,400,,,,,1,,,
ClassicGumtree,37,14,21,7,3,6,0,0,176,3,0,0.3,,500,,,,,1,,,
ClassicGumtree,37,14,21,7,3,6,0,0,178,3,0,0.3,,600,,,,,1,,,
ClassicGumtree,37,14,21,7,3,6,0,0,176,3,0,0.3,,700,,,,,1,,,
ClassicGumtree,37,14,21,7,3,6,0,0,176,3,0,0.3,,800,,,,,1,,,
ClassicGumtree,37,14,21,7,3,6,0,0,175,3,0,0.3,,900,,,,,1,,,
ClassicGumtree,37,14,21,7,3,6,0,0,183,3,0,0.3,,1000,,,,,1,,,
ClassicGumtree,37,14,21,7,3,6,0,0,177,3,0,0.3,,1100,,,,,1,,,
ClassicGumtree,37,14,21,7,3,6,0,0,176,3,0,0.3,,1200,,,,,1,,,
ClassicGumtree,37,14,21,7,3,6,0,0,176,3,0,0.3,,1300,,,,,1,,,
ClassicGumtree,37,14,21,7,3,6,0,0,176,3,0,0.3,,1400,,,,,1,,,
ClassicGumtree,37,14,21,7,3,6,0,0,176,3,0,0.3,,1500,,,,,1,,,
ClassicGumtree,37,14,21,7,3,6,0,0,186,3,0,0.3,,1600,,,,,1,,,
ClassicGumtree,37,14,21,7,3,6,0,0,176,3,0,0.3,,1700,,,,,1,,,
ClassicGumtree,37,14,21,7,3,6,0,0,176,3,0,0.3,,1800,,,,,1,,,
ClassicGumtree,37,14,21,7,3,6,0,0,176,3,0,0.3,,1900,,,,,1,,,
ClassicGumtree,37,14,21,7,3,6,0,0,177,3,0,0.3,,2000,,,,,1,,,
ClassicGumtree,95,26,51,37,1,6,0,0,15,3,0,0.3,,100,,,,,2,,,
ClassicGumtree,73,20,40,26,1,6,0,0,34,3,0,0.3,,200,,,,,2,,,
ClassicGumtree,73,20,40,26,1,6,0,0,36,3,0,0.3,,300,,,,,2,,,
ClassicGumtree,41,14,23,9,3,6,0,0,177,3,0,0.3,,400,,,,,2,,,
ClassicGumtree,41,14,23,9,3,6,0,0,183,3,0,0.3,,500,,,,,2,,,
ClassicGumtree,41,14,23,9,3,6,0,0,176,3,0,0.3,,600,,,,,2,,,
ClassicGumtree,41,14,23,9,3,6,0,0,176,3,0,0.3,,700,,,,,2,,,
ClassicGumtree,41,14,23,9,3,6,0,0,176,3,0,0.3,,800,,,,,2,,,
ClassicGumtree,41,14,23,9,3,6,0,0,176,3,0,0.3,,900,,,,,2,,,
ClassicGumtree,41,14,23,9,3,6,0,0,176,3,0,0.3,,1000,,,,,2,,,
ClassicGumtree,41,14,23,9,3,6,0,0,177,3,0,0.3,,1100,,,,,2,,,
ClassicGumtree,41,14,23,9,3,6,0,0,176,3,0,0.3,,1200,,,,,2,,,
ClassicGumtree,41,14,23,9,3,6,0,0,176,3,0,0.3,,1300,,,,,2,,,
ClassicGumtree,41,14,23,9,3,6,0,0,176,3,0,0.3,,1400,,,,,2,,,
ClassicGumtree,41,14,23,9,3,6,0,0,176,3,0,0.3,,1500,,,,,2,,,
ClassicGumtree,41,14,23,9,3,6,0,0,176,3,0,0.3,,1600,,,,,2,,,
ClassicGumtree,41,14,23,9,3,6,0,0,177,3,0,0.3,,1700,,,,,2,,,
ClassicGumtree,41,14,23,9,3,6,0,0,176,3,0,0.3,,1800,,,,,2,,,
ClassicGumtree,41,14,23,9,3,6,0,0,176,3,0,0.3,,1900,,,,,2,,,
ClassicGumtree,41,14,23,9,3,6,0,0,176,3,0,0.3,,2000,,,,,2,,,
ClassicGumtree,287,36,149,135,1,2,0,0,4,3,0,0.3,,100,,,,,3,,,
ClassicGumtree,133,30,70,56,1,6,0,0,24,3,0,0.3,,200,,,,,3,,,
ClassicGumtree,133,30,70,56,1,6,0,0,24,3,0,0.3,,300,,,,,3,,,
ClassicGumtree,41,14,23,9,3,6,0,0,166,3,0,0.3,,400,,,,,3,,,
ClassicGumtree,41,14,23,9,3,6,0,0,166,3,0,0.3,,500,,,,,3,,,
ClassicGumtree,41,14,23,9,3,6,0,0,166,3,0,0.3,,600,,,,,3,,,
ClassicGumtree,41,14,23,9,3,6,0,0,166,3,0,0.3,,700,,,,,3,,,
ClassicGumtree,41,14,23,9,3,6,0,0,165,3,0,0.3,,800,,,,,3,,,
ClassicGumtree,41,14,23,9,3,6,0,0,165,3,0,0.3,,900,,,,,3,,,
ClassicGumtree,41,14,23,9,3,6,0,0,165,3,0,0.3,,1000,,,,,3,,,
ClassicGumtree,41,14,23,9,3,6,0,0,165,3,0,0.3,,1100,,,,,3,,,
ClassicGumtree,41,14,23,9,3,6,0,0,166,3,0,0.3,,1200,,,,,3,,,
ClassicGumtree,41,14,23,9,3,6,0,0,165,3,0,0.3,,1300,,,,,3,,,
ClassicGumtree,41,14,23,9,3,6,0,0,166,3,0,0.3,,1400,,,,,3,,,
ClassicGumtree,41,14,23,9,3,6,0,0,165,3,0,0.3,,1500,,,,,3,,,
ClassicGumtree,41,14,23,9,3,6,0,0,166,3,0,0.3,,1600,,,,,3,,,
ClassicGumtree,41,14,23,9,3,6,0,0,165,3,0,0.3,,1700,,,,,3,,,
ClassicGumtree,41,14,23,9,3,6,0,0,167,3,0,0.3,,1800,,,,,3,,,
ClassicGumtree,41,14,23,9,3,6,0,0,166,3,0,0.3,,1900,,,,,3,,,
ClassicGumtree,41,14,23,9,3,6,0,0,166,3,0,0.3,,2000,,,,,3,,,
ClassicGumtree,428,41,221,207,0,0,0,0,4,3,0,0.3,,100,,,,,4,,,
ClassicGumtree,324,25,169,155,0,0,0,0,12,3,0,0.3,,200,,,,,4,,,
ClassicGumtree,324,25,169,155,0,0,0,0,12,3,0,0.3,,300,,,,,4,,,
ClassicGumtree,41,14,23,9,3,6,0,0,154,3,0,0.3,,400,,,,,4,,,
ClassicGumtree,41,14,23,9,3,6,0,0,154,3,0,0.3,,500,,,,,4,,,
ClassicGumtree,41,14,23,9,3,6,0,0,154,3,0,0.3,,600,,,,,4,,,
ClassicGumtree,41,14,23,9,3,6,0,0,154,3,0,0.3,,700,,,,,4,,,
ClassicGumtree,41,14,23,9,3,6,0,0,153,3,0,0.3,,800,,,,,4,,,
ClassicGumtree,41,14,23,9,3,6,0,0,158,3,0,0.3,,900,,,,,4,,,
ClassicGumtree,41,14,23,9,3,6,0,0,154,3,0,0.3,,1000,,,,,4,,,
ClassicGumtree,41,14,23,9,3,6,0,0,153,3,0,0.3,,1100,,,,,4,,,
ClassicGumtree,41,14,23,9,3,6,0,0,153,3,0,0.3,,1200,,,,,4,,,
ClassicGumtree,41,14,23,9,3,6,0,0,154,3,0,0.3,,1300,,,,,4,,,
ClassicGumtree,41,14,23,9,3,6,0,0,153,3,0,0.3,,1400,,,,,4,,,
ClassicGumtree,41,14,23,9,3,6,0,0,154,3,0,0.3,,1500,,,,,4,,,
ClassicGumtree,41,14,23,9,3,6,0,0,154,3,0,0.3,,1600,,,,,4,,,
ClassicGumtree,41,14,23,9,3,6,0,0,154,3,0,0.3,,1700,,,,,4,,,
ClassicGumtree,41,14,23,9,3,6,0,0,154,3,0,0.3,,1800,,,,,4,,,
ClassicGumtree,41,14,23,9,3,6,0,0,160,3,0,0.3,,1900,,,,,4,,,
ClassicGumtree,41,14,23,9,3,6,0,0,154,3,0,0.3,,2000,,,,,4,,,
ClassicGumtree,428,41,221,207,0,0,0,0,4,3,0,0.3,,100,,,,,5,,,
ClassicGumtree,324,25,169,155,0,0,0,0,13,3,0,0.3,,200,,,,,5,,,
ClassicGumtree,324,25,169,155,0,0,0,0,12,3,0,0.3,,300,,,,,5,,,
ClassicGumtree,41,14,23,9,3,6,0,0,154,3,0,0.3,,400,,,,,5,,,
ClassicGumtree,41,14,23,9,3,6,0,0,154,3,0,0.3,,500,,,,,5,,,
ClassicGumtree,41,14,23,9,3,6,0,0,154,3,0,0.3,,600,,,,,5,,,
ClassicGumtree,41,14,23,9,3,6,0,0,154,3,0,0.3,,700,,,,,5,,,
ClassicGumtree,41,14,23,9,3,6,0,0,153,3,0,0.3,,800,,,,,5,,,
ClassicGumtree,41,14,23,9,3,6,0,0,154,3,0,0.3,,900,,,,,5,,,
ClassicGumtree,41,14,23,9,3,6,0,0,155,3,0,0.3,,1000,,,,,5,,,
ClassicGumtree,41,14,23,9,3,6,0,0,154,3,0,0.3,,1100,,,,,5,,,
ClassicGumtree,41,14,23,9,3,6,0,0,154,3,0,0.3,,1200,,,,,5,,,
ClassicGumtree,41,14,23,9,3,6,0,0,154,3,0,0.3,,1300,,,,,5,,,
ClassicGumtree,41,14,23,9,3,6,0,0,154,3,0,0.3,,1400,,,,,5,,,
ClassicGumtree,41,14,23,9,3,6,0,0,154,3,0,0.3,,1500,,,,,5,,,
ClassicGumtree,41,14,23,9,3,6,0,0,154,3,0,0.3,,1600,,,,,5,,,
ClassicGumtree,41,14,23,9,3,6,0,0,154,3,0,0.3,,1700,,,,,5,,,
ClassicGumtree,41,14,23,9,3,6,0,0,154,3,0,0.3,,1800,,,,,5,,,
ClassicGumtree,41,14,23,9,3,6,0,0,153,3,0,0.3,,1900,,,,,5,,,
ClassicGumtree,41,14,23,9,3,6,0,0,154,3,0,0.3,,2000,,,,,5,,,
ClassicGumtree,51,18,28,14,3,6,0,0,14,3,0,0.4,,100,,,,,1,,,
ClassicGumtree,45,16,25,11,3,6,0,0,35,3,0,0.4,,200,,,,,1,,,
ClassicGumtree,45,16,25,11,3,6,0,0,35,3,0,0.4,,300,,,,,1,,,
ClassicGumtree,37,14,21,7,3,6,0,0,177,3,0,0.4,,400,,,,,1,,,
ClassicGumtree,37,14,21,7,3,6,0,0,176,3,0,0.4,,500,,,,,1,,,
ClassicGumtree,37,14,21,7,3,6,0,0,176,3,0,0.4,,600,,,,,1,,,
ClassicGumtree,37,14,21,7,3,6,0,0,175,3,0,0.4,,700,,,,,1,,,
ClassicGumtree,37,14,21,7,3,6,0,0,176,3,0,0.4,,800,,,,,1,,,
ClassicGumtree,37,14,21,7,3,6,0,0,176,3,0,0.4,,900,,,,,1,,,
ClassicGumtree,37,14,21,7,3,6,0,0,176,3,0,0.4,,1000,,,,,1,,,
ClassicGumtree,37,14,21,7,3,6,0,0,177,3,0,0.4,,1100,,,,,1,,,
ClassicGumtree,37,14,21,7,3,6,0,0,176,3,0,0.4,,1200,,,,,1,,,
ClassicGumtree,37,14,21,7,3,6,0,0,176,3,0,0.4,,1300,,,,,1,,,
ClassicGumtree,37,14,21,7,3,6,0,0,176,3,0,0.4,,1400,,,,,1,,,
ClassicGumtree,37,14,21,7,3,6,0,0,176,3,0,0.4,,1500,,,,,1,,,
ClassicGumtree,37,14,21,7,3,6,0,0,176,3,0,0.4,,1600,,,,,1,,,
ClassicGumtree,37,14,21,7,3,6,0,0,176,3,0,0.4,,1700,,,,,1,,,
ClassicGumtree,37,14,21,7,3,6,0,0,176,3,0,0.4,,1800,,,,,1,,,
ClassicGumtree,37,14,21,7,3,6,0,0,177,3,0,0.4,,1900,,,,,1,,,
ClassicGumtree,37,14,21,7,3,6,0,0,177,3,0,0.4,,2000,,,,,1,,,
ClassicGumtree,95,26,51,37,1,6,0,0,15,3,0,0.4,,100,,,,,2,,,
ClassicGumtree,73,20,40,26,1,6,0,0,34,3,0,0.4,,200,,,,,2,,,
ClassicGumtree,73,20,40,26,1,6,0,0,34,3,0,0.4,,300,,,,,2,,,
ClassicGumtree,41,14,23,9,3,6,0,0,176,3,0,0.4,,400,,,,,2,,,
ClassicGumtree,41,14,23,9,3,6,0,0,176,3,0,0.4,,500,,,,,2,,,
ClassicGumtree,41,14,23,9,3,6,0,0,177,3,0,0.4,,600,,,,,2,,,
ClassicGumtree,41,14,23,9,3,6,0,0,176,3,0,0.4,,700,,,,,2,,,
ClassicGumtree,41,14,23,9,3,6,0,0,176,3,0,0.4,,800,,,,,2,,,
ClassicGumtree,41,14,23,9,3,6,0,0,176,3,0,0.4,,900,,,,,2,,,
ClassicGumtree,41,14,23,9,3,6,0,0,176,3,0,0.4,,1000,,,,,2,,,
ClassicGumtree,41,14,23,9,3,6,0,0,176,3,0,0.4,,1100,,,,,2,,,
ClassicGumtree,41,14,23,9,3,6,0,0,176,3,0,0.4,,1200,,,,,2,,,
ClassicGumtree,41,14,23,9,3,6,0,0,176,3,0,0.4,,1300,,,,,2,,,
ClassicGumtree,41,14,23,9,3,6,0,0,175,3,0,0.4,,1400,,,,,2,,,
ClassicGumtree,41,14,23,9,3,6,0,0,176,3,0,0.4,,1500,,,,,2,,,
ClassicGumtree,41,14,23,9,3,6,0,0,175,3,0,0.4,,1600,,,,,2,,,
ClassicGumtree,41,14,23,9,3,6,0,0,176,3,0,0.4,,1700,,,,,2,,,
ClassicGumtree,41,14,23,9,3,6,0,0,176,3,0,0.4,,1800,,,,,2,,,
ClassicGumtree,41,14,23,9,3,6,0,0,180,3,0,0.4,,1900,,,,,2,,,
ClassicGumtree,41,14,23,9,3,6,0,0,176,3,0,0.4,,2000,,,,,2,,,
ClassicGumtree,290,39,150,136,0,4,0,0,4,3,0,0.4,,100,,,,,3,,,
ClassicGumtree,264,29,137,123,0,4,0,0,12,3,0,0.4,,200,,,,,3,,,
ClassicGumtree,264,29,137,123,0,4,0,0,12,3,0,0.4,,300,,,,,3,,,
ClassicGumtree,41,14,23,9,3,6,0,0,154,3,0,0.4,,400,,,,,3,,,
ClassicGumtree,41,14,23,9,3,6,0,0,154,3,0,0.4,,500,,,,,3,,,
ClassicGumtree,41,14,23,9,3,6,0,0,154,3,0,0.4,,600,,,,,3,,,
ClassicGumtree,41,14,23,9,3,6,0,0,154,3,0,0.4,,700,,,,,3,,,
ClassicGumtree,41,14,23,9,3,6,0,0,154,3,0,0.4,,800,,,,,3,,,
ClassicGumtree,41,14,23,9,3,6,0,0,154,3,0,0.4,,900,,,,,3,,,
ClassicGumtree,41,14,23,9,3,6,0,0,154,3,0,0.4,,1000,,,,,3,,,
ClassicGumtree,41,14,23,9,3,6,0,0,154,3,0,0.4,,1100,,,,,3,,,
ClassicGumtree,41,14,23,9,3,6,0,0,154,3,0,0.4,,1200,,,,,3,,,
ClassicGumtree,41,14,23,9,3,6,0,0,154,3,0,0.4,,1300,,,,,3,,,
ClassicGumtree,41,14,23,9,3,6,0,0,154,3,0,0.4,,1400,,,,,3,,,
ClassicGumtree,41,14,23,9,3,6,0,0,159,3,0,0.4,,1500,,,,,3,,,
ClassicGumtree,41,14,23,9,3,6,0,0,154,3,0,0.4,,1600,,,,,3,,,
ClassicGumtree,41,14,23,9,3,6,0,0,154,3,0,0.4,,1700,,,,,3,,,
ClassicGumtree,41,14,23,9,3,6,0,0,155,3,0,0.4,,1800,,,,,3,,,
ClassicGumtree,41,14,23,9,3,6,0,0,154,3,0,0.4,,1900,,,,,3,,,
ClassicGumtree,41,14,23,9,3,6,0,0,154,3,0,0.4,,2000,,,,,3,,,
ClassicGumtree,432,23,222,208,0,2,0,0,4,3,0,0.4,,100,,,,,4,,,
ClassicGumtree,324,25,169,155,0,0,0,0,12,3,0,0.4,,200,,,,,4,,,
ClassicGumtree,324,25,169,155,0,0,0,0,12,3,0,0.4,,300,,,,,4,,,
ClassicGumtree,41,14,23,9,3,6,0,0,154,3,0,0.4,,400,,,,,4,,,
ClassicGumtree,41,14,23,9,3,6,0,0,154,3,0,0.4,,500,,,,,4,,,
ClassicGumtree,41,14,23,9,3,6,0,0,154,3,0,0.4,,600,,,,,4,,,
ClassicGumtree,41,14,23,9,3,6,0,0,154,3,0,0.4,,700,,,,,4,,,
ClassicGumtree,41,14,23,9,3,6,0,0,154,3,0,0.4,,800,,,,,4,,,
ClassicGumtree,41,14,23,9,3,6,0,0,154,3,0,0.4,,900,,,,,4,,,
ClassicGumtree,41,14,23,9,3,6,0,0,154,3,0,0.4,,1000,,,,,4,,,
ClassicGumtree,41,14,23,9,3,6,0,0,155,3,0,0.4,,1100,,,,,4,,,
ClassicGumtree,41,14,23,9,3,6,0,0,154,3,0,0.4,,1200,,,,,4,,,
ClassicGumtree,41,14,23,9,3,6,0,0,154,3,0,0.4,,1300,,,,,4,,,
ClassicGumtree,41,14,23,9,3,6,0,0,154,3,0,0.4,,1400,,,,,4,,,
ClassicGumtree,41,14,23,9,3,6,0,0,155,3,0,0.4,,1500,,,,,4,,,
ClassicGumtree,41,14,23,9,3,6,0,0,154,3,0,0.4,,1600,,,,,4,,,
ClassicGumtree,41,14,23,9,3,6,0,0,154,3,0,0.4,,1700,,,,,4,,,
ClassicGumtree,41,14,23,9,3,6,0,0,154,3,0,0.4,,1800,,,,,4,,,
ClassicGumtree,41,14,23,9,3,6,0,0,154,3,0,0.4,,1900,,,,,4,,,
ClassicGumtree,41,14,23,9,3,6,0,0,155,3,0,0.4,,2000,,,,,4,,,
ClassicGumtree,432,23,222,208,0,2,0,0,4,3,0,0.4,,100,,,,,5,,,
ClassicGumtree,324,25,169,155,0,0,0,0,12,3,0,0.4,,200,,,,,5,,,
ClassicGumtree,324,25,169,155,0,0,0,0,12,3,0,0.4,,300,,,,,5,,,
ClassicGumtree,41,14,23,9,3,6,0,0,154,3,0,0.4,,400,,,,,5,,,
ClassicGumtree,41,14,23,9,3,6,0,0,155,3,0,0.4,,500,,,,,5,,,
ClassicGumtree,41,14,23,9,3,6,0,0,154,3,0,0.4,,600,,,,,5,,,
ClassicGumtree,41,14,23,9,3,6,0,0,154,3,0,0.4,,700,,,,,5,,,
ClassicGumtree,41,14,23,9,3,6,0,0,154,3,0,0.4,,800,,,,,5,,,
ClassicGumtree,41,14,23,9,3,6,0,0,154,3,0,0.4,,900,,,,,5,,,
ClassicGumtree,41,14,23,9,3,6,0,0,154,3,0,0.4,,1000,,,,,5,,,
ClassicGumtree,41,14,23,9,3,6,0,0,154,3,0,0.4,,1100,,,,,5,,,
ClassicGumtree,41,14,23,9,3,6,0,0,154,3,0,0.4,,1200,,,,,5,,,
ClassicGumtree,41,14,23,9,3,6,0,0,154,3,0,0.4,,1300,,,,,5,,,
ClassicGumtree,41,14,23,9,3,6,0,0,155,3,0,0.4,,1400,,,,,5,,,
ClassicGumtree,41,14,23,9,3,6,0,0,154,3,0,0.4,,1500,,,,,5,,,
ClassicGumtree,41,14,23,9,3,6,0,0,155,3,0,0.4,,1600,,,,,5,,,
ClassicGumtree,41,14,23,9,3,6,0,0,155,3,0,0.4,,1700,,,,,5,,,
ClassicGumtree,41,14,23,9,3,6,0,0,154,3,0,0.4,,1800,,,,,5,,,
ClassicGumtree,41,14,23,9,3,6,0,0,154,3,0,0.4,,1900,,,,,5,,,
ClassicGumtree,41,14,23,9,3,6,0,0,154,3,0,0.4,,2000,,,,,5,,,
ClassicGumtree,51,18,28,14,3,6,0,0,15,3,0,0.5,,100,,,,,1,,,
ClassicGumtree,45,16,25,11,3,6,0,0,34,3,0,0.5,,200,,,,,1,,,
ClassicGumtree,45,16,25,11,3,6,0,0,34,3,0,0.5,,300,,,,,1,,,
ClassicGumtree,37,14,21,7,3,6,0,0,178,3,0,0.5,,400,,,,,1,,,
ClassicGumtree,37,14,21,7,3,6,0,0,178,3,0,0.5,,500,,,,,1,,,
ClassicGumtree,37,14,21,7,3,6,0,0,178,3,0,0.5,,600,,,,,1,,,
ClassicGumtree,37,14,21,7,3,6,0,0,178,3,0,0.5,,700,,,,,1,,,
ClassicGumtree,37,14,21,7,3,6,0,0,178,3,0,0.5,,800,,,,,1,,,
ClassicGumtree,37,14,21,7,3,6,0,0,178,3,0,0.5,,900,,,,,1,,,
ClassicGumtree,37,14,21,7,3,6,0,0,178,3,0,0.5,,1000,,,,,1,,,
ClassicGumtree,37,14,21,7,3,6,0,0,179,3,0,0.5,,1100,,,,,1,,,
ClassicGumtree,37,14,21,7,3,6,0,0,178,3,0,0.5,,1200,,,,,1,,,
ClassicGumtree,37,14,21,7,3,6,0,0,178,3,0,0.5,,1300,,,,,1,,,
ClassicGumtree,37,14,21,7,3,6,0,0,176,3,0,0.5,,1400,,,,,1,,,
ClassicGumtree,37,14,21,7,3,6,0,0,176,3,0,0.5,,1500,,,,,1,,,
ClassicGumtree,37,14,21,7,3,6,0,0,176,3,0,0.5,,1600,,,,,1,,,
ClassicGumtree,37,14,21,7,3,6,0,0,176,3,0,0.5,,1700,,,,,1,,,
ClassicGumtree,37,14,21,7,3,6,0,0,177,3,0,0.5,,1800,,,,,1,,,
ClassicGumtree,37,14,21,7,3,6,0,0,176,3,0,0.5,,1900,,,,,1,,,
ClassicGumtree,37,14,21,7,3,6,0,0,176,3,0,0.5,,2000,,,,,1,,,
ClassicGumtree,95,26,51,37,1,6,0,0,14,3,0,0.5,,100,,,,,2,,,
ClassicGumtree,73,20,40,26,1,6,0,0,34,3,0,0.5,,200,,,,,2,,,
ClassicGumtree,73,20,40,26,1,6,0,0,33,3,0,0.5,,300,,,,,2,,,
ClassicGumtree,41,14,23,9,3,6,0,0,175,3,0,0.5,,400,,,,,2,,,
ClassicGumtree,41,14,23,9,3,6,0,0,175,3,0,0.5,,500,,,,,2,,,
ClassicGumtree,41,14,23,9,3,6,0,0,176,3,0,0.5,,600,,,,,2,,,
ClassicGumtree,41,14,23,9,3,6,0,0,175,3,0,0.5,,700,,,,,2,,,
ClassicGumtree,41,14,23,9,3,6,0,0,175,3,0,0.5,,800,,,,,2,,,
ClassicGumtree,41,14,23,9,3,6,0,0,175,3,0,0.5,,900,,,,,2,,,
ClassicGumtree,41,14,23,9,3,6,0,0,176,3,0,0.5,,1000,,,,,2,,,
ClassicGumtree,41,14,23,9,3,6,0,0,175,3,0,0.5,,1100,,,,,2,,,
ClassicGumtree,41,14,23,9,3,6,0,0,176,3,0,0.5,,1200,,,,,2,,,
ClassicGumtree,41,14,23,9,3,6,0,0,175,3,0,0.5,,1300,,,,,2,,,
ClassicGumtree,41,14,23,9,3,6,0,0,176,3,0,0.5,,1400,,,,,2,,,
ClassicGumtree,41,14,23,9,3,6,0,0,175,3,0,0.5,,1500,,,,,2,,,
ClassicGumtree,41,14,23,9,3,6,0,0,176,3,0,0.5,,1600,,,,,2,,,
ClassicGumtree,41,14,23,9,3,6,0,0,176,3,0,0.5,,1700,,,,,2,,,
ClassicGumtree,41,14,23,9,3,6,0,0,176,3,0,0.5,,1800,,,,,2,,,
ClassicGumtree,41,14,23,9,3,6,0,0,176,3,0,0.5,,1900,,,,,2,,,
ClassicGumtree,41,14,23,9,3,6,0,0,179,3,0,0.5,,2000,,,,,2,,,
ClassicGumtree,290,39,150,136,0,4,0,0,5,3,0,0.5,,100,,,,,3,,,
ClassicGumtree,264,29,137,123,0,4,0,0,12,3,0,0.5,,200,,,,,3,,,
ClassicGumtree,264,29,137,123,0,4,0,0,12,3,0,0.5,,300,,,,,3,,,
ClassicGumtree,41,14,23,9,3,6,0,0,154,3,0,0.5,,400,,,,,3,,,
ClassicGumtree,41,14,23,9,3,6,0,0,154,3,0,0.5,,500,,,,,3,,,
ClassicGumtree,41,14,23,9,3,6,0,0,154,3,0,0.5,,600,,,,,3,,,
ClassicGumtree,41,14,23,9,3,6,0,0,154,3,0,0.5,,700,,,,,3,,,
ClassicGumtree,41,14,23,9,3,6,0,0,154,3,0,0.5,,800,,,,,3,,,
ClassicGumtree,41,14,23,9,3,6,0,0,157,3,0,0.5,,900,,,,,3,,,
ClassicGumtree,41,14,23,9,3,6,0,0,154,3,0,0.5,,1000,,,,,3,,,
ClassicGumtree,41,14,23,9,3,6,0,0,154,3,0,0.5,,1100,,,,,3,,,
ClassicGumtree,41,14,23,9,3,6,0,0,153,3,0,0.5,,1200,,,,,3,,,
ClassicGumtree,41,14,23,9,3,6,0,0,154,3,0,0.5,,1300,,,,,3,,,
ClassicGumtree,41,14,23,9,3,6,0,0,154,3,0,0.5,,1400,,,,,3,,,
ClassicGumtree,41,14,23,9,3,6,0,0,154,3,0,0.5,,1500,,,,,3,,,
ClassicGumtree,41,14,23,9,3,6,0,0,153,3,0,0.5,,1600,,,,,3,,,
ClassicGumtree,41,14,23,9,3,6,0,0,154,3,0,0.5,,1700,,,,,3,,,
ClassicGumtree,41,14,23,9,3,6,0,0,154,3,0,0.5,,1800,,,,,3,,,
ClassicGumtree,41,14,23,9,3,6,0,0,153,3,0,0.5,,1900,,,,,3,,,
ClassicGumtree,41,14,23,9,3,6,0,0,156,3,0,0.5,,2000,,,,,3,,,
ClassicGumtree,434,5,223,209,0,2,0,0,4,3,0,0.5,,100,,,,,4,,,
ClassicGumtree,434,5,223,209,0,2,0,0,4,3,0,0.5,,200,,,,,4,,,
ClassicGumtree,434,5,223,209,0,2,0,0,4,3,0,0.5,,300,,,,,4,,,
ClassicGumtree,41,14,23,9,3,6,0,0,75,3,0,0.5,,400,,,,,4,,,
ClassicGumtree,41,14,23,9,3,6,0,0,75,3,0,0.5,,500,,,,,4,,,
ClassicGumtree,41,14,23,9,3,6,0,0,75,3,0,0.5,,600,,,,,4,,,
ClassicGumtree,41,14,23,9,3,6,0,0,75,3,0,0.5,,700,,,,,4,,,
ClassicGumtree,41,14,23,9,3,6,0,0,75,3,0,0.5,,800,,,,,4,,,
ClassicGumtree,41,14,23,9,3,6,0,0,74,3,0,0.5,,900,,,,,4,,,
ClassicGumtree,41,14,23,9,3,6,0,0,75,3,0,0.5,,1000,,,,,4,,,
ClassicGumtree,41,14,23,9,3,6,0,0,75,3,0,0.5,,1100,,,,,4,,,
ClassicGumtree,41,14,23,9,3,6,0,0,75,3,0,0.5,,1200,,,,,4,,,
ClassicGumtree,41,14,23,9,3,6,0,0,75,3,0,0.5,,1300,,,,,4,,,
ClassicGumtree,41,14,23,9,3,6,0,0,75,3,0,0.5,,1400,,,,,4,,,
ClassicGumtree,41,14,23,9,3,6,0,0,75,3,0,0.5,,1500,,,,,4,,,
ClassicGumtree,41,14,23,9,3,6,0,0,74,3,0,0.5,,1600,,,,,4,,,
ClassicGumtree,41,14,23,9,3,6,0,0,75,3,0,0.5,,1700,,,,,4,,,
ClassicGumtree,41,14,23,9,3,6,0,0,75,3,0,0.5,,1800,,,,,4,,,
ClassicGumtree,41,14,23,9,3,6,0,0,75,3,0,0.5,,1900,,,,,4,,,
ClassicGumtree,41,14,23,9,3,6,0,0,75,3,0,0.5,,2000,,,,,4,,,
ClassicGumtree,434,5,223,209,0,2,0,0,4,3,0,0.5,,100,,,,,5,,,
ClassicGumtree,434,5,223,209,0,2,0,0,4,3,0,0.5,,200,,,,,5,,,
ClassicGumtree,434,5,223,209,0,2,0,0,4,3,0,0.5,,300,,,,,5,,,
ClassicGumtree,41,14,23,9,3,6,0,0,75,3,0,0.5,,400,,,,,5,,,
ClassicGumtree,41,14,23,9,3,6,0,0,75,3,0,0.5,,500,,,,,5,,,
ClassicGumtree,41,14,23,9,3,6,0,0,75,3,0,0.5,,600,,,,,5,,,
ClassicGumtree,41,14,23,9,3,6,0,0,76,3,0,0.5,,700,,,,,5,,,
ClassicGumtree,41,14,23,9,3,6,0,0,75,3,0,0.5,,800,,,,,5,,,
ClassicGumtree,41,14,23,9,3,6,0,0,75,3,0,0.5,,900,,,,,5,,,
ClassicGumtree,41,14,23,9,3,6,0,0,75,3,0,0.5,,1000,,,,,5,,,
ClassicGumtree,41,14,23,9,3,6,0,0,75,3,0,0.5,,1100,,,,,5,,,
ClassicGumtree,41,14,23,9,3,6,0,0,75,3,0,0.5,,1200,,,,,5,,,
ClassicGumtree,41,14,23,9,3,6,0,0,75,3,0,0.5,,1300,,,,,5,,,
ClassicGumtree,41,14,23,9,3,6,0,0,75,3,0,0.5,,1400,,,,,5,,,
ClassicGumtree,41,14,23,9,3,6,0,0,75,3,0,0.5,,1500,,,,,5,,,
ClassicGumtree,41,14,23,9,3,6,0,0,75,3,0,0.5,,1600,,,,,5,,,
ClassicGumtree,41,14,23,9,3,6,0,0,75,3,0,0.5,,1700,,,,,5,,,
ClassicGumtree,41,14,23,9,3,6,0,0,75,3,0,0.5,,1800,,,,,5,,,
ClassicGumtree,41,14,23,9,3,6,0,0,75,3,0,0.5,,1900,,,,,5,,,
ClassicGumtree,41,14,23,9,3,6,0,0,74,3,0,0.5,,2000,,,,,5,,,
ClassicGumtree,51,18,28,14,3,6,0,0,15,3,0,0.6,,100,,,,,1,,,
ClassicGumtree,45,16,25,11,3,6,0,0,34,3,0,0.6,,200,,,,,1,,,
ClassicGumtree,45,16,25,11,3,6,0,0,34,3,0,0.6,,300,,,,,1,,,
ClassicGumtree,37,14,21,7,3,6,0,0,177,3,0,0.6,,400,,,,,1,,,
ClassicGumtree,37,14,21,7,3,6,0,0,181,3,0,0.6,,500,,,,,1,,,
ClassicGumtree,37,14,21,7,3,6,0,0,182,3,0,0.6,,600,,,,,1,,,
ClassicGumtree,37,14,21,7,3,6,0,0,182,3,0,0.6,,700,,,,,1,,,
ClassicGumtree,37,14,21,7,3,6,0,0,181,3,0,0.6,,800,,,,,1,,,
ClassicGumtree,37,14,21,7,3,6,0,0,182,3,0,0.6,,900,,,,,1,,,
ClassicGumtree,37,14,21,7,3,6,0,0,182,3,0,0.6,,1000,,,,,1,,,
ClassicGumtree,37,14,21,7,3,6,0,0,181,3,0,0.6,,1100,,,,,1,,,
ClassicGumtree,37,14,21,7,3,6,0,0,182,3,0,0.6,,1200,,,,,1,,,
ClassicGumtree,37,14,21,7,3,6,0,0,182,3,0,0.6,,1300,,,,,1,,,
ClassicGumtree,37,14,21,7,3,6,0,0,180,3,0,0.6,,1400,,,,,1,,,
ClassicGumtree,37,14,21,7,3,6,0,0,176,3,0,0.6,,1500,,,,,1,,,
ClassicGumtree,37,14,21,7,3,6,0,0,176,3,0,0.6,,1600,,,,,1,,,
ClassicGumtree,37,14,21,7,3,6,0,0,176,3,0,0.6,,1700,,,,,1,,,
ClassicGumtree,37,14,21,7,3,6,0,0,178,3,0,0.6,,1800,,,,,1,,,
ClassicGumtree,37,14,21,7,3,6,0,0,176,3,0,0.6,,1900,,,,,1,,,
ClassicGumtree,37,14,21,7,3,6,0,0,176,3,0,0.6,,2000,,,,,1,,,
ClassicGumtree,95,26,51,37,1,6,0,0,13,3,0,0.6,,100,,,,,2,,,
ClassicGumtree,73,20,40,26,1,6,0,0,33,3,0,0.6,,200,,,,,2,,,
ClassicGumtree,73,20,40,26,1,6,0,0,33,3,0,0.6,,300,,,,,2,,,
ClassicGumtree,41,14,23,9,3,6,0,0,180,3,0,0.6,,400,,,,,2,,,
ClassicGumtree,41,14,23,9,3,6,0,0,176,3,0,0.6,,500,,,,,2,,,
ClassicGumtree,41,14,23,9,3,6,0,0,176,3,0,0.6,,600,,,,,2,,,
ClassicGumtree,41,14,23,9,3,6,0,0,177,3,0,0.6,,700,,,,,2,,,
ClassicGumtree,41,14,23,9,3,6,0,0,177,3,0,0.6,,800,,,,,2,,,
ClassicGumtree,41,14,23,9,3,6,0,0,176,3,0,0.6,,900,,,,,2,,,
ClassicGumtree,41,14,23,9,3,6,0,0,177,3,0,0.6,,1000,,,,,2,,,
ClassicGumtree,41,14,23,9,3,6,0,0,176,3,0,0.6,,1100,,,,,2,,,
ClassicGumtree,41,14,23,9,3,6,0,0,177,3,0,0.6,,1200,,,,,2,,,
ClassicGumtree,41,14,23,9,3,6,0,0,176,3,0,0.6,,1300,,,,,2,,,
ClassicGumtree,41,14,23,9,3,6,0,0,176,3,0,0.6,,1400,,,,,2,,,
ClassicGumtree,41,14,23,9,3,6,0,0,176,3,0,0.6,,1500,,,,,2,,,
ClassicGumtree,41,14,23,9,3,6,0,0,175,3,0,0.6,,1600,,,,,2,,,
ClassicGumtree,41,14,23,9,3,6,0,0,175,3,0,0.6,,1700,,,,,2,,,
ClassicGumtree,41,14,23,9,3,6,0,0,175,3,0,0.6,,1800,,,,,2,,,
ClassicGumtree,41,14,23,9,3,6,0,0,176,3,0,0.6,,1900,,,,,2,,,
ClassicGumtree,41,14,23,9,3,6,0,0,175,3,0,0.6,,2000,,,,,2,,,
ClassicGumtree,294,21,151,137,0,6,0,0,4,3,0,0.6,,100,,,,,3,,,
ClassicGumtree,268,11,138,124,0,6,0,0,12,3,0,0.6,,200,,,,,3,,,
ClassicGumtree,268,11,138,124,0,6,0,0,13,3,0,0.6,,300,,,,,3,,,
ClassicGumtree,41,14,23,9,3,6,0,0,83,3,0,0.6,,400,,,,,3,,,
ClassicGumtree,41,14,23,9,3,6,0,0,83,3,0,0.6,,500,,,,,3,,,
ClassicGumtree,41,14,23,9,3,6,0,0,83,3,0,0.6,,600,,,,,3,,,
ClassicGumtree,41,14,23,9,3,6,0,0,83,3,0,0.6,,700,,,,,3,,,
ClassicGumtree,41,14,23,9,3,6,0,0,83,3,0,0.6,,800,,,,,3,,,
ClassicGumtree,41,14,23,9,3,6,0,0,83,3,0,0.6,,900,,,,,3,,,
ClassicGumtree,41,14,23,9,3,6,0,0,83,3,0,0.6,,1000,,,,,3,,,
ClassicGumtree,41,14,23,9,3,6,0,0,83,3,0,0.6,,1100,,,,,3,,,
ClassicGumtree,41,14,23,9,3,6,0,0,83,3,0,0.6,,1200,,,,,3,,,
ClassicGumtree,41,14,23,9,3,6,0,0,83,3,0,0.6,,1300,,,,,3,,,
ClassicGumtree,41,14,23,9,3,6,0,0,83,3,0,0.6,,1400,,,,,3,,,
ClassicGumtree,41,14,23,9,3,6,0,0,83,3,0,0.6,,1500,,,,,3,,,
ClassicGumtree,41,14,23,9,3,6,0,0,83,3,0,0.6,,1600,,,,,3,,,
ClassicGumtree,41,14,23,9,3,6,0,0,84,3,0,0.6,,1700,,,,,3,,,
ClassicGumtree,41,14,23,9,3,6,0,0,83,3,0,0.6,,1800,,,,,3,,,
ClassicGumtree,41,14,23,9,3,6,0,0,83,3,0,0.6,,1900,,,,,3,,,
ClassicGumtree,41,14,23,9,3,6,0,0,83,3,0,0.6,,2000,,,,,3,,,
ClassicGumtree,468,5,240,226,0,2,0,0,3,3,0,0.6,,100,,,,,4,,,
ClassicGumtree,468,5,240,226,0,2,0,0,2,3,0,0.6,,200,,,,,4,,,
ClassicGumtree,468,5,240,226,0,2,0,0,2,3,0,0.6,,300,,,,,4,,,
ClassicGumtree,41,14,23,9,3,6,0,0,74,3,0,0.6,,400,,,,,4,,,
ClassicGumtree,41,14,23,9,3,6,0,0,73,3,0,0.6,,500,,,,,4,,,
ClassicGumtree,41,14,23,9,3,6,0,0,73,3,0,0.6,,600,,,,,4,,,
ClassicGumtree,41,14,23,9,3,6,0,0,73,3,0,0.6,,700,,,,,4,,,
ClassicGumtree,41,14,23,9,3,6,0,0,73,3,0,0.6,,800,,,,,4,,,
ClassicGumtree,41,14,23,9,3,6,0,0,73,3,0,0.6,,900,,,,,4,,,
ClassicGumtree,41,14,23,9,3,6,0,0,73,3,0,0.6,,1000,,,,,4,,,
ClassicGumtree,41,14,23,9,3,6,0,0,73,3,0,0.6,,1100,,,,,4,,,
ClassicGumtree,41,14,23,9,3,6,0,0,73,3,0,0.6,,1200,,,,,4,,,
ClassicGumtree,41,14,23,9,3,6,0,0,74,3,0,0.6,,1300,,,,,4,,,
ClassicGumtree,41,14,23,9,3,6,0,0,75,3,0,0.6,,1400,,,,,4,,,
ClassicGumtree,41,14,23,9,3,6,0,0,74,3,0,0.6,,1500,,,,,4,,,
ClassicGumtree,41,14,23,9,3,6,0,0,74,3,0,0.6,,1600,,,,,4,,,
ClassicGumtree,41,14,23,9,3,6,0,0,74,3,0,0.6,,1700,,,,,4,,,
ClassicGumtree,41,14,23,9,3,6,0,0,73,3,0,0.6,,1800,,,,,4,,,
ClassicGumtree,41,14,23,9,3,6,0,0,73,3,0,0.6,,1900,,,,,4,,,
ClassicGumtree,41,14,23,9,3,6,0,0,73,3,0,0.6,,2000,,,,,4,,,
ClassicGumtree,468,5,240,226,0,2,0,0,3,3,0,0.6,,100,,,,,5,,,
ClassicGumtree,468,5,240,226,0,2,0,0,3,3,0,0.6,,200,,,,,5,,,
ClassicGumtree,468,5,240,226,0,2,0,0,2,3,0,0.6,,300,,,,,5,,,
ClassicGumtree,41,14,23,9,3,6,0,0,73,3,0,0.6,,400,,,,,5,,,
ClassicGumtree,41,14,23,9,3,6,0,0,73,3,0,0.6,,500,,,,,5,,,
ClassicGumtree,41,14,23,9,3,6,0,0,73,3,0,0.6,,600,,,,,5,,,
ClassicGumtree,41,14,23,9,3,6,0,0,73,3,0,0.6,,700,,,,,5,,,
ClassicGumtree,41,14,23,9,3,6,0,0,74,3,0,0.6,,800,,,,,5,,,
ClassicGumtree,41,14,23,9,3,6,0,0,73,3,0,0.6,,900,,,,,5,,,
ClassicGumtree,41,14,23,9,3,6,0,0,73,3,0,0.6,,1000,,,,,5,,,
ClassicGumtree,41,14,23,9,3,6,0,0,74,3,0,0.6,,1100,,,,,5,,,
ClassicGumtree,41,14,23,9,3,6,0,0,74,3,0,0.6,,1200,,,,,5,,,
ClassicGumtree,41,14,23,9,3,6,0,0,74,3,0,0.6,,1300,,,,,5,,,
ClassicGumtree,41,14,23,9,3,6,0,0,74,3,0,0.6,,1400,,,,,5,,,
ClassicGumtree,41,14,23,9,3,6,0,0,74,3,0,0.6,,1500,,,,,5,,,
ClassicGumtree,41,14,23,9,3,6,0,0,73,3,0,0.6,,1600,,,,,5,,,
ClassicGumtree,41,14,23,9,3,6,0,0,73,3,0,0.6,,1700,,,,,5,,,
ClassicGumtree,41,14,23,9,3,6,0,0,73,3,0,0.6,,1800,,,,,5,,,
ClassicGumtree,41,14,23,9,3,6,0,0,73,3,0,0.6,,1900,,,,,5,,,
ClassicGumtree,41,14,23,9,3,6,0,0,73,3,0,0.6,,2000,,,,,5,,,
ClassicGumtree,64,23,34,20,1,9,0,0,12,3,0,0.7,,100,,,,,1,,,
ClassicGumtree,58,21,31,17,1,9,0,0,32,3,0,0.7,,200,,,,,1,,,
ClassicGumtree,58,21,31,17,1,9,0,0,32,3,0,0.7,,300,,,,,1,,,
ClassicGumtree,39,14,22,8,3,6,0,0,174,3,0,0.7,,400,,,,,1,,,
ClassicGumtree,39,14,22,8,3,6,0,0,174,3,0,0.7,,500,,,,,1,,,
ClassicGumtree,39,14,22,8,3,6,0,0,174,3,0,0.7,,600,,,,,1,,,
ClassicGumtree,39,14,22,8,3,6,0,0,174,3,0,0.7,,700,,,,,1,,,
ClassicGumtree,39,14,22,8,3,6,0,0,177,3,0,0.7,,800,,,,,1,,,
ClassicGumtree,39,14,22,8,3,6,0,0,174,3,0,0.7,,900,,,,,1,,,
ClassicGumtree,39,14,22,8,3,6,0,0,176,3,0,0.7,,1000,,,,,1,,,
ClassicGumtree,39,14,22,8,3,6,0,0,173,3,0,0.7,,1100,,,,,1,,,
ClassicGumtree,39,14,22,8,3,6,0,0,174,3,0,0.7,,1200,,,,,1,,,
ClassicGumtree,39,14,22,8,3,6,0,0,174,3,0,0.7,,1300,,,,,1,,,
ClassicGumtree,39,14,22,8,3,6,0,0,174,3,0,0.7,,1400,,,,,1,,,
ClassicGumtree,39,14,22,8,3,6,0,0,174,3,0,0.7,,1500,,,,,1,,,
ClassicGumtree,39,14,22,8,3,6,0,0,174,3,0,0.7,,1600,,,,,1,,,
ClassicGumtree,39,14,22,8,3,6,0,0,174,3,0,0.7,,1700,,,,,1,,,
ClassicGumtree,39,14,22,8,3,6,0,0,174,3,0,0.7,,1800,,,,,1,,,
ClassicGumtree,39,14,22,8,3,6,0,0,173,3,0,0.7,,1900,,,,,1,,,
ClassicGumtree,39,14,22,8,3,6,0,0,174,3,0,0.7,,2000,,,,,1,,,
ClassicGumtree,124,27,65,51,1,7,0,0,8,3,0,0.7,,100,,,,,2,,,
ClassicGumtree,73,20,40,26,1,6,0,0,27,3,0,0.7,,200,,,,,2,,,
ClassicGumtree,73,20,40,26,1,6,0,0,27,3,0,0.7,,300,,,,,2,,,
ClassicGumtree,41,14,23,9,3,6,0,0,169,3,0,0.7,,400,,,,,2,,,
ClassicGumtree,41,14,23,9,3,6,0,0,169,3,0,0.7,,500,,,,,2,,,
ClassicGumtree,41,14,23,9,3,6,0,0,170,3,0,0.7,,600,,,,,2,,,
ClassicGumtree,41,14,23,9,3,6,0,0,169,3,0,0.7,,700,,,,,2,,,
ClassicGumtree,41,14,23,9,3,6,0,0,169,3,0,0.7,,800,,,,,2,,,
ClassicGumtree,41,14,23,9,3,6,0,0,169,3,0,0.7,,900,,,,,2,,,
ClassicGumtree,41,14,23,9,3,6,0,0,169,3,0,0.7,,1000,,,,,2,,,
ClassicGumtree,41,14,23,9,3,6,0,0,169,3,0,0.7,,1100,,,,,2,,,
ClassicGumtree,41,14,23,9,3,6,0,0,170,3,0,0.7,,1200,,,,,2,,,
ClassicGumtree,41,14,23,9,3,6,0,0,169,3,0,0.7,,1300,,,,,2,,,
ClassicGumtree,41,14,23,9,3,6,0,0,169,3,0,0.7,,1400,,,,,2,,,
ClassicGumtree,41,14,23,9,3,6,0,0,170,3,0,0.7,,1500,,,,,2,,,
ClassicGumtree,41,14,23,9,3,6,0,0,169,3,0,0.7,,1600,,,,,2,,,
ClassicGumtree,41,14,23,9,3,6,0,0,169,3,0,0.7,,1700,,,,,2,,,
ClassicGumtree,41,14,23,9,3,6,0,0,169,3,0,0.7,,1800,,,,,2,,,
ClassicGumtree,41,14,23,9,3,6,0,0,169,3,0,0.7,,1900,,,,,2,,,
ClassicGumtree,41,14,23,9,3,6,0,0,169,3,0,0.7,,2000,,,,,2,,,
ClassicGumtree,294,21,151,137,0,6,0,0,4,3,0,0.7,,100,,,,,3,,,
ClassicGumtree,268,11,138,124,0,6,0,0,12,3,0,0.7,,200,,,,,3,,,
ClassicGumtree,268,11,138,124,0,6,0,0,12,3,0,0.7,,300,,,,,3,,,
ClassicGumtree,41,14,23,9,3,6,0,0,83,3,0,0.7,,400,,,,,3,,,
ClassicGumtree,41,14,23,9,3,6,0,0,83,3,0,0.7,,500,,,,,3,,,
ClassicGumtree,41,14,23,9,3,6,0,0,83,3,0,0.7,,600,,,,,3,,,
ClassicGumtree,41,14,23,9,3,6,0,0,83,3,0,0.7,,700,,,,,3,,,
ClassicGumtree,41,14,23,9,3,6,0,0,84,3,0,0.7,,800,,,,,3,,,
ClassicGumtree,41,14,23,9,3,6,0,0,83,3,0,0.7,,900,,,,,3,,,
ClassicGumtree,41,14,23,9,3,6,0,0,87,3,0,0.7,,1000,,,,,3,,,
ClassicGumtree,41,14,23,9,3,6,0,0,82,3,0,0.7,,1100,,,,,3,,,
ClassicGumtree,41,14,23,9,3,6,0,0,83,3,0,0.7,,1200,,,,,3,,,
ClassicGumtree,41,14,23,9,3,6,0,0,83,3,0,0.7,,1300,,,,,3,,,
ClassicGumtree,41,14,23,9,3,6,0,0,82,3,0,0.7,,1400,,,,,3,,,
ClassicGumtree,41,14,23,9,3,6,0,0,82,3,0,0.7,,1500,,,,,3,,,
ClassicGumtree,41,14,23,9,3,6,0,0,83,3,0,0.7,,1600,,,,,3,,,
ClassicGumtree,41,14,23,9,3,6,0,0,83,3,0,0.7,,1700,,,,,3,,,
ClassicGumtree,41,14,23,9,3,6,0,0,82,3,0,0.7,,1800,,,,,3,,,
ClassicGumtree,41,14,23,9,3,6,0,0,83,3,0,0.7,,1900,,,,,3,,,
ClassicGumtree,41,14,23,9,3,6,0,0,86,3,0,0.7,,2000,,,,,3,,,
ClassicGumtree,468,5,240,226,0,2,0,0,3,3,0,0.7,,100,,,,,4,,,
ClassicGumtree,468,5,240,226,0,2,0,0,2,3,0,0.7,,200,,,,,4,,,
ClassicGumtree,468,5,240,226,0,2,0,0,2,3,0,0.7,,300,,,,,4,,,
ClassicGumtree,41,14,23,9,3,6,0,0,73,3,0,0.7,,400,,,,,4,,,
ClassicGumtree,41,14,23,9,3,6,0,0,73,3,0,0.7,,500,,,,,4,,,
ClassicGumtree,41,14,23,9,3,6,0,0,73,3,0,0.7,,600,,,,,4,,,
ClassicGumtree,41,14,23,9,3,6,0,0,74,3,0,0.7,,700,,,,,4,,,
ClassicGumtree,41,14,23,9,3,6,0,0,74,3,0,0.7,,800,,,,,4,,,
ClassicGumtree,41,14,23,9,3,6,0,0,74,3,0,0.7,,900,,,,,4,,,
ClassicGumtree,41,14,23,9,3,6,0,0,74,3,0,0.7,,1000,,,,,4,,,
ClassicGumtree,41,14,23,9,3,6,0,0,74,3,0,0.7,,1100,,,,,4,,,
ClassicGumtree,41,14,23,9,3,6,0,0,74,3,0,0.7,,1200,,,,,4,,,
ClassicGumtree,41,14,23,9,3,6,0,0,73,3,0,0.7,,1300,,,,,4,,,
ClassicGumtree,41,14,23,9,3,6,0,0,74,3,0,0.7,,1400,,,,,4,,,
ClassicGumtree,41,14,23,9,3,6,0,0,74,3,0,0.7,,1500,,,,,4,,,
ClassicGumtree,41,14,23,9,3,6,0,0,75,3,0,0.7,,1600,,,,,4,,,
ClassicGumtree,41,14,23,9,3,6,0,0,73,3,0,0.7,,1700,,,,,4,,,
ClassicGumtree,41,14,23,9,3,6,0,0,73,3,0,0.7,,1800,,,,,4,,,
ClassicGumtree,41,14,23,9,3,6,0,0,73,3,0,0.7,,1900,,,,,4,,,
ClassicGumtree,41,14,23,9,3,6,0,0,73,3,0,0.7,,2000,,,,,4,,,
ClassicGumtree,468,5,240,226,0,2,0,0,2,3,0,0.7,,100,,,,,5,,,
ClassicGumtree,468,5,240,226,0,2,0,0,2,3,0,0.7,,200,,,,,5,,,
ClassicGumtree,468,5,240,226,0,2,0,0,3,3,0,0.7,,300,,,,,5,,,
ClassicGumtree,41,14,23,9,3,6,0,0,74,3,0,0.7,,400,,,,,5,,,
ClassicGumtree,41,14,23,9,3,6,0,0,73,3,0,0.7,,500,,,,,5,,,
ClassicGumtree,41,14,23,9,3,6,0,0,74,3,0,0.7,,600,,,,,5,,,
ClassicGumtree,41,14,23,9,3,6,0,0,73,3,0,0.7,,700,,,,,5,,,
ClassicGumtree,41,14,23,9,3,6,0,0,73,3,0,0.7,,800,,,,,5,,,
ClassicGumtree,41,14,23,9,3,6,0,0,73,3,0,0.7,,900,,,,,5,,,
ClassicGumtree,41,14,23,9,3,6,0,0,73,3,0,0.7,,1000,,,,,5,,,
ClassicGumtree,41,14,23,9,3,6,0,0,74,3,0,0.7,,1100,,,,,5,,,
ClassicGumtree,41,14,23,9,3,6,0,0,73,3,0,0.7,,1200,,,,,5,,,
ClassicGumtree,41,14,23,9,3,6,0,0,73,3,0,0.7,,1300,,,,,5,,,
ClassicGumtree,41,14,23,9,3,6,0,0,73,3,0,0.7,,1400,,,,,5,,,
ClassicGumtree,41,14,23,9,3,6,0,0,74,3,0,0.7,,1500,,,,,5,,,
ClassicGumtree,41,14,23,9,3,6,0,0,73,3,0,0.7,,1600,,,,,5,,,
ClassicGumtree,41,14,23,9,3,6,0,0,73,3,0,0.7,,1700,,,,,5,,,
ClassicGumtree,41,14,23,9,3,6,0,0,73,3,0,0.7,,1800,,,,,5,,,
ClassicGumtree,41,14,23,9,3,6,0,0,73,3,0,0.7,,1900,,,,,5,,,
ClassicGumtree,41,14,23,9,3,6,0,0,74,3,0,0.7,,2000,,,,,5,,,
ClassicGumtree,109,36,51,37,0,21,0,0,5,3,0,0.799,,100,,,,,1,,,
ClassicGumtree,107,34,50,36,0,21,0,0,12,3,0,0.799,,200,,,,,1,,,
ClassicGumtree,107,34,50,36,0,21,0,0,12,3,0,0.799,,300,,,,,1,,,
ClassicGumtree,39,14,22,8,3,6,0,0,154,3,0,0.799,,400,,,,,1,,,
ClassicGumtree,39,14,22,8,3,6,0,0,155,3,0,0.799,,500,,,,,1,,,
ClassicGumtree,39,14,22,8,3,6,0,0,154,3,0,0.799,,600,,,,,1,,,
ClassicGumtree,39,14,22,8,3,6,0,0,155,3,0,0.799,,700,,,,,1,,,
ClassicGumtree,39,14,22,8,3,6,0,0,154,3,0,0.799,,800,,,,,1,,,
ClassicGumtree,39,14,22,8,3,6,0,0,154,3,0,0.799,,900,,,,,1,,,
ClassicGumtree,39,14,22,8,3,6,0,0,154,3,0,0.799,,1000,,,,,1,,,
ClassicGumtree,39,14,22,8,3,6,0,0,154,3,0,0.799,,1100,,,,,1,,,
ClassicGumtree,39,14,22,8,3,6,0,0,154,3,0,0.799,,1200,,,,,1,,,
ClassicGumtree,39,14,22,8,3,6,0,0,155,3,0,0.799,,1300,,,,,1,,,
ClassicGumtree,39,14,22,8,3,6,0,0,154,3,0,0.799,,1400,,,,,1,,,
ClassicGumtree,39,14,22,8,3,6,0,0,154,3,0,0.799,,1500,,,,,1,,,
ClassicGumtree,39,14,22,8,3,6,0,0,154,3,0,0.799,,1600,,,,,1,,,
ClassicGumtree,39,14,22,8,3,6,0,0,154,3,0,0.799,,1700,,,,,1,,,
ClassicGumtree,39,14,22,8,3,6,0,0,154,3,0,0.799,,1800,,,,,1,,,
ClassicGumtree,39,14,22,8,3,6,0,0,154,3,0,0.799,,1900,,,,,1,,,
ClassicGumtree,39,14,22,8,3,6,0,0,154,3,0,0.799,,2000,,,,,1,,,
ClassicGumtree,164,29,80,66,0,18,0,0,4,3,0,0.799,,100,,,,,2,,,
ClassicGumtree,154,23,75,61,0,18,0,0,12,3,0,0.799,,200,,,,,2,,,
ClassicGumtree,154,23,75,61,0,18,0,0,12,3,0,0.799,,300,,,,,2,,,
ClassicGumtree,41,14,23,9,3,6,0,0,87,3,0,0.799,,400,,,,,2,,,
ClassicGumtree,41,14,23,9,3,6,0,0,83,3,0,0.799,,500,,,,,2,,,
ClassicGumtree,41,14,23,9,3,6,0,0,83,3,0,0.799,,600,,,,,2,,,
ClassicGumtree,41,14,23,9,3,6,0,0,84,3,0,0.799,,700,,,,,2,,,
ClassicGumtree,41,14,23,9,3,6,0,0,83,3,0,0.799,,800,,,,,2,,,
ClassicGumtree,41,14,23,9,3,6,0,0,83,3,0,0.799,,900,,,,,2,,,
ClassicGumtree,41,14,23,9,3,6,0,0,86,3,0,0.799,,1000,,,,,2,,,
ClassicGumtree,41,14,23,9,3,6,0,0,82,3,0,0.799,,1100,,,,,2,,,
ClassicGumtree,41,14,23,9,3,6,0,0,84,3,0,0.799,,1200,,,,,2,,,
ClassicGumtree,41,14,23,9,3,6,0,0,83,3,0,0.799,,1300,,,,,2,,,
ClassicGumtree,41,14,23,9,3,6,0,0,83,3,0,0.799,,1400,,,,,2,,,
ClassicGumtree,41,14,23,9,3,6,0,0,85,3,0,0.799,,1500,,,,,2,,,
ClassicGumtree,41,14,23,9,3,6,0,0,83,3,0,0.799,,1600,,,,,2,,,
ClassicGumtree,41,14,23,9,3,6,0,0,84,3,0,0.799,,1700,,,,,2,,,
ClassicGumtree,41,14,23,9,3,6,0,0,83,3,0,0.799,,1800,,,,,2,,,
ClassicGumtree,41,14,23,9,3,6,0,0,83,3,0,0.799,,1900,,,,,2,,,
ClassicGumtree,41,14,23,9,3,6,0,0,84,3,0,0.799,,2000,,,,,2,,,
ClassicGumtree,294,21,151,137,0,6,0,0,5,3,0,0.799,,100,,,,,3,,,
ClassicGumtree,268,11,138,124,0,6,0,0,12,3,0,0.799,,200,,,,,3,,,
ClassicGumtree,268,11,138,124,0,6,0,0,12,3,0,0.799,,300,,,,,3,,,
ClassicGumtree,41,14,23,9,3,6,0,0,83,3,0,0.799,,400,,,,,3,,,
ClassicGumtree,41,14,23,9,3,6,0,0,83,3,0,0.799,,500,,,,,3,,,
ClassicGumtree,41,14,23,9,3,6,0,0,83,3,0,0.799,,600,,,,,3,,,
ClassicGumtree,41,14,23,9,3,6,0,0,83,3,0,0.799,,700,,,,,3,,,
ClassicGumtree,41,14,23,9,3,6,0,0,83,3,0,0.799,,800,,,,,3,,,
ClassicGumtree,41,14,23,9,3,6,0,0,83,3,0,0.799,,900,,,,,3,,,
ClassicGumtree,41,14,23,9,3,6,0,0,83,3,0,0.799,,1000,,,,,3,,,
ClassicGumtree,41,14,23,9,3,6,0,0,83,3,0,0.799,,1100,,,,,3,,,
ClassicGumtree,41,14,23,9,3,6,0,0,83,3,0,0.799,,1200,,,,,3,,,
ClassicGumtree,41,14,23,9,3,6,0,0,83,3,0,0.799,,1300,,,,,3,,,
ClassicGumtree,41,14,23,9,3,6,0,0,83,3,0,0.799,,1400,,,,,3,,,
ClassicGumtree,41,14,23,9,3,6,0,0,83,3,0,0.799,,1500,,,,,3,,,
ClassicGumtree,41,14,23,9,3,6,0,0,83,3,0,0.799,,1600,,,,,3,,,
ClassicGumtree,41,14,23,9,3,6,0,0,83,3,0,0.799,,1700,,,,,3,,,
ClassicGumtree,41,14,23,9,3,6,0,0,83,3,0,0.799,,1800,,,,,3,,,
ClassicGumtree,41,14,23,9,3,6,0,0,83,3,0,0.799,,1900,,,,,3,,,
ClassicGumtree,41,14,23,9,3,6,0,0,83,3,0,0.799,,2000,,,,,3,,,
ClassicGumtree,468,5,240,226,0,2,0,0,3,3,0,0.799,,100,,,,,4,,,
ClassicGumtree,468,5,240,226,0,2,0,0,3,3,0,0.799,,200,,,,,4,,,
ClassicGumtree,468,5,240,226,0,2,0,0,2,3,0,0.799,,300,,,,,4,,,
ClassicGumtree,41,14,23,9,3,6,0,0,73,3,0,0.799,,400,,,,,4,,,
ClassicGumtree,41,14,23,9,3,6,0,0,74,3,0,0.799,,500,,,,,4,,,
ClassicGumtree,41,14,23,9,3,6,0,0,74,3,0,0.799,,600,,,,,4,,,
ClassicGumtree,41,14,23,9,3,6,0,0,74,3,0,0.799,,700,,,,,4,,,
ClassicGumtree,41,14,23,9,3,6,0,0,74,3,0,0.799,,800,,,,,4,,,
ClassicGumtree,41,14,23,9,3,6,0,0,74,3,0,0.799,,900,,,,,4,,,
ClassicGumtree,41,14,23,9,3,6,0,0,73,3,0,0.799,,1000,,,,,4,,,
ClassicGumtree,41,14,23,9,3,6,0,0,73,3,0,0.799,,1100,,,,,4,,,
ClassicGumtree,41,14,23,9,3,6,0,0,74,3,0,0.799,,1200,,,,,4,,,
ClassicGumtree,41,14,23,9,3,6,0,0,74,3,0,0.799,,1300,,,,,4,,,
ClassicGumtree,41,14,23,9,3,6,0,0,73,3,0,0.799,,1400,,,,,4,,,
ClassicGumtree,41,14,23,9,3,6,0,0,73,3,0,0.799,,1500,,,,,4,,,
ClassicGumtree,41,14,23,9,3,6,0,0,73,3,0,0.799,,1600,,,,,4,,,
ClassicGumtree,41,14,23,9,3,6,0,0,73,3,0,0.799,,1700,,,,,4,,,
ClassicGumtree,41,14,23,9,3,6,0,0,73,3,0,0.799,,1800,,,,,4,,,
ClassicGumtree,41,14,23,9,3,6,0,0,73,3,0,0.799,,1900,,,,,4,,,
ClassicGumtree,41,14,23,9,3,6,0,0,74,3,0,0.799,,2000,,,,,4,,,
ClassicGumtree,468,5,240,226,0,2,0,0,3,3,0,0.799,,100,,,,,5,,,
ClassicGumtree,468,5,240,226,0,2,0,0,2,3,0,0.799,,200,,,,,5,,,
ClassicGumtree,468,5,240,226,0,2,0,0,2,3,0,0.799,,300,,,,,5,,,
ClassicGumtree,41,14,23,9,3,6,0,0,73,3,0,0.799,,400,,,,,5,,,
ClassicGumtree,41,14,23,9,3,6,0,0,74,3,0,0.799,,500,,,,,5,,,
ClassicGumtree,41,14,23,9,3,6,0,0,73,3,0,0.799,,600,,,,,5,,,
ClassicGumtree,41,14,23,9,3,6,0,0,74,3,0,0.799,,700,,,,,5,,,
ClassicGumtree,41,14,23,9,3,6,0,0,73,3,0,0.799,,800,,,,,5,,,
ClassicGumtree,41,14,23,9,3,6,0,0,73,3,0,0.799,,900,,,,,5,,,
ClassicGumtree,41,14,23,9,3,6,0,0,73,3,0,0.799,,1000,,,,,5,,,
ClassicGumtree,41,14,23,9,3,6,0,0,73,3,0,0.799,,1100,,,,,5,,,
ClassicGumtree,41,14,23,9,3,6,0,0,74,3,0,0.799,,1200,,,,,5,,,
ClassicGumtree,41,14,23,9,3,6,0,0,73,3,0,0.799,,1300,,,,,5,,,
ClassicGumtree,41,14,23,9,3,6,0,0,73,3,0,0.799,,1400,,,,,5,,,
ClassicGumtree,41,14,23,9,3,6,0,0,73,3,0,0.799,,1500,,,,,5,,,
ClassicGumtree,41,14,23,9,3,6,0,0,73,3,0,0.799,,1600,,,,,5,,,
ClassicGumtree,41,14,23,9,3,6,0,0,73,3,0,0.799,,1700,,,,,5,,,
ClassicGumtree,41,14,23,9,3,6,0,0,74,3,0,0.799,,1800,,,,,5,,,
ClassicGumtree,41,14,23,9,3,6,0,0,74,3,0,0.799,,1900,,,,,5,,,
ClassicGumtree,41,14,23,9,3,6,0,0,74,3,0,0.799,,2000,,,,,5,,,
ClassicGumtree,139,43,56,42,0,41,0,0,1,3,0,0.899,,100,,,,,1,,,
ClassicGumtree,139,43,56,42,0,41,0,0,1,3,0,0.899,,200,,,,,1,,,
ClassicGumtree,139,43,56,42,0,41,0,0,1,3,0,0.899,,300,,,,,1,,,
ClassicGumtree,39,14,22,8,3,6,0,0,72,3,0,0.899,,400,,,,,1,,,
ClassicGumtree,39,14,22,8,3,6,0,0,72,3,0,0.899,,500,,,,,1,,,
ClassicGumtree,39,14,22,8,3,6,0,0,72,3,0,0.899,,600,,,,,1,,,
ClassicGumtree,39,14,22,8,3,6,0,0,72,3,0,0.899,,700,,,,,1,,,
ClassicGumtree,39,14,22,8,3,6,0,0,72,3,0,0.899,,800,,,,,1,,,
ClassicGumtree,39,14,22,8,3,6,0,0,73,3,0,0.899,,900,,,,,1,,,
ClassicGumtree,39,14,22,8,3,6,0,0,72,3,0,0.899,,1000,,,,,1,,,
ClassicGumtree,39,14,22,8,3,6,0,0,72,3,0,0.899,,1100,,,,,1,,,
ClassicGumtree,39,14,22,8,3,6,0,0,72,3,0,0.899,,1200,,,,,1,,,
ClassicGumtree,39,14,22,8,3,6,0,0,71,3,0,0.899,,1300,,,,,1,,,
ClassicGumtree,39,14,22,8,3,6,0,0,72,3,0,0.899,,1400,,,,,1,,,
ClassicGumtree,39,14,22,8,3,6,0,0,72,3,0,0.899,,1500,,,,,1,,,
ClassicGumtree,39,14,22,8,3,6,0,0,72,3,0,0.899,,1600,,,,,1,,,
ClassicGumtree,39,14,22,8,3,6,0,0,72,3,0,0.899,,1700,,,,,1,,,
ClassicGumtree,39,14,22,8,3,6,0,0,71,3,0,0.899,,1800,,,,,1,,,
ClassicGumtree,39,14,22,8,3,6,0,0,71,3,0,0.899,,1900,,,,,1,,,
ClassicGumtree,39,14,22,8,3,6,0,0,72,3,0,0.899,,2000,,,,,1,,,
ClassicGumtree,195,27,92,78,0,25,0,0,1,3,0,0.899,,100,,,,,2,,,
ClassicGumtree,195,27,92,78,0,25,0,0,0,3,0,0.899,,200,,,,,2,,,
ClassicGumtree,195,27,92,78,0,25,0,0,1,3,0,0.899,,300,,,,,2,,,
ClassicGumtree,41,14,23,9,3,6,0,0,72,3,0,0.899,,400,,,,,2,,,
ClassicGumtree,41,14,23,9,3,6,0,0,72,3,0,0.899,,500,,,,,2,,,
ClassicGumtree,41,14,23,9,3,6,0,0,72,3,0,0.899,,600,,,,,2,,,
ClassicGumtree,41,14,23,9,3,6,0,0,71,3,0,0.899,,700,,,,,2,,,
ClassicGumtree,41,14,23,9,3,6,0,0,71,3,0,0.899,,800,,,,,2,,,
ClassicGumtree,41,14,23,9,3,6,0,0,71,3,0,0.899,,900,,,,,2,,,
ClassicGumtree,41,14,23,9,3,6,0,0,72,3,0,0.899,,1000,,,,,2,,,
ClassicGumtree,41,14,23,9,3,6,0,0,72,3,0,0.899,,1100,,,,,2,,,
ClassicGumtree,41,14,23,9,3,6,0,0,72,3,0,0.899,,1200,,,,,2,,,
ClassicGumtree,41,14,23,9,3,6,0,0,72,3,0,0.899,,1300,,,,,2,,,
ClassicGumtree,41,14,23,9,3,6,0,0,71,3,0,0.899,,1400,,,,,2,,,
ClassicGumtree,41,14,23,9,3,6,0,0,72,3,0,0.899,,1500,,,,,2,,,
ClassicGumtree,41,14,23,9,3,6,0,0,72,3,0,0.899,,1600,,,,,2,,,
ClassicGumtree,41,14,23,9,3,6,0,0,72,3,0,0.899,,1700,,,,,2,,,
ClassicGumtree,41,14,23,9,3,6,0,0,72,3,0,0.899,,1800,,,,,2,,,
ClassicGumtree,41,14,23,9,3,6,0,0,72,3,0,0.899,,1900,,,,,2,,,
ClassicGumtree,41,14,23,9,3,6,0,0,72,3,0,0.899,,2000,,,,,2,,,
ClassicGumtree,323,13,163,149,0,11,0,0,1,3,0,0.899,,100,,,,,3,,,
ClassicGumtree,323,13,163,149,0,11,0,0,1,3,0,0.899,,200,,,,,3,,,
ClassicGumtree,323,13,163,149,0,11,0,0,1,3,0,0.899,,300,,,,,3,,,
ClassicGumtree,41,14,23,9,3,6,0,0,71,3,0,0.899,,400,,,,,3,,,
ClassicGumtree,41,14,23,9,3,6,0,0,72,3,0,0.899,,500,,,,,3,,,
ClassicGumtree,41,14,23,9,3,6,0,0,72,3,0,0.899,,600,,,,,3,,,
ClassicGumtree,41,14,23,9,3,6,0,0,71,3,0,0.899,,700,,,,,3,,,
ClassicGumtree,41,14,23,9,3,6,0,0,72,3,0,0.899,,800,,,,,3,,,
ClassicGumtree,41,14,23,9,3,6,0,0,72,3,0,0.899,,900,,,,,3,,,
ClassicGumtree,41,14,23,9,3,6,0,0,72,3,0,0.899,,1000,,,,,3,,,
ClassicGumtree,41,14,23,9,3,6,0,0,72,3,0,0.899,,1100,,,,,3,,,
ClassicGumtree,41,14,23,9,3,6,0,0,72,3,0,0.899,,1200,,,,,3,,,
ClassicGumtree,41,14,23,9,3,6,0,0,72,3,0,0.899,,1300,,,,,3,,,
ClassicGumtree,41,14,23,9,3,6,0,0,72,3,0,0.899,,1400,,,,,3,,,
ClassicGumtree,41,14,23,9,3,6,0,0,72,3,0,0.899,,1500,,,,,3,,,
ClassicGumtree,41,14,23,9,3,6,0,0,72,3,0,0.899,,1600,,,,,3,,,
ClassicGumtree,41,14,23,9,3,6,0,0,72,3,0,0.899,,1700,,,,,3,,,
ClassicGumtree,41,14,23,9,3,6,0,0,71,3,0,0.899,,1800,,,,,3,,,
ClassicGumtree,41,14,23,9,3,6,0,0,71,3,0,0.899,,1900,,,,,3,,,
ClassicGumtree,41,14,23,9,3,6,0,0,72,3,0,0.899,,2000,,,,,3,,,
ClassicGumtree,478,4,245,231,0,2,0,0,1,3,0,0.899,,100,,,,,4,,,
ClassicGumtree,478,4,245,231,0,2,0,0,1,3,0,0.899,,200,,,,,4,,,
ClassicGumtree,478,4,245,231,0,2,0,0,1,3,0,0.899,,300,,,,,4,,,
ClassicGumtree,41,14,23,9,3,6,0,0,74,3,0,0.899,,400,,,,,4,,,
ClassicGumtree,41,14,23,9,3,6,0,0,71,3,0,0.899,,500,,,,,4,,,
ClassicGumtree,41,14,23,9,3,6,0,0,71,3,0,0.899,,600,,,,,4,,,
ClassicGumtree,41,14,23,9,3,6,0,0,72,3,0,0.899,,700,,,,,4,,,
ClassicGumtree,41,14,23,9,3,6,0,0,71,3,0,0.899,,800,,,,,4,,,
ClassicGumtree,41,14,23,9,3,6,0,0,75,3,0,0.899,,900,,,,,4,,,
ClassicGumtree,41,14,23,9,3,6,0,0,72,3,0,0.899,,1000,,,,,4,,,
ClassicGumtree,41,14,23,9,3,6,0,0,72,3,0,0.899,,1100,,,,,4,,,
ClassicGumtree,41,14,23,9,3,6,0,0,72,3,0,0.899,,1200,,,,,4,,,
ClassicGumtree,41,14,23,9,3,6,0,0,71,3,0,0.899,,1300,,,,,4,,,
ClassicGumtree,41,14,23,9,3,6,0,0,72,3,0,0.899,,1400,,,,,4,,,
ClassicGumtree,41,14,23,9,3,6,0,0,72,3,0,0.899,,1500,,,,,4,,,
ClassicGumtree,41,14,23,9,3,6,0,0,72,3,0,0.899,,1600,,,,,4,,,
ClassicGumtree,41,14,23,9,3,6,0,0,71,3,0,0.899,,1700,,,,,4,,,
ClassicGumtree,41,14,23,9,3,6,0,0,72,3,0,0.899,,1800,,,,,4,,,
ClassicGumtree,41,14,23,9,3,6,0,0,74,3,0,0.899,,1900,,,,,4,,,
ClassicGumtree,41,14,23,9,3,6,0,0,71,3,0,0.899,,2000,,,,,4,,,
ClassicGumtree,478,4,245,231,0,2,0,0,1,3,0,0.899,,100,,,,,5,,,
ClassicGumtree,478,4,245,231,0,2,0,0,1,3,0,0.899,,200,,,,,5,,,
ClassicGumtree,478,4,245,231,0,2,0,0,1,3,0,0.899,,300,,,,,5,,,
ClassicGumtree,41,14,23,9,3,6,0,0,73,3,0,0.899,,400,,,,,5,,,
ClassicGumtree,41,14,23,9,3,6,0,0,72,3,0,0.899,,500,,,,,5,,,
ClassicGumtree,41,14,23,9,3,6,0,0,72,3,0,0.899,,600,,,,,5,,,
ClassicGumtree,41,14,23,9,3,6,0,0,71,3,0,0.899,,700,,,,,5,,,
ClassicGumtree,41,14,23,9,3,6,0,0,72,3,0,0.899,,800,,,,,5,,,
ClassicGumtree,41,14,23,9,3,6,0,0,71,3,0,0.899,,900,,,,,5,,,
ClassicGumtree,41,14,23,9,3,6,0,0,72,3,0,0.899,,1000,,,,,5,,,
ClassicGumtree,41,14,23,9,3,6,0,0,72,3,0,0.899,,1100,,,,,5,,,
ClassicGumtree,41,14,23,9,3,6,0,0,72,3,0,0.899,,1200,,,,,5,,,
ClassicGumtree,41,14,23,9,3,6,0,0,71,3,0,0.899,,1300,,,,,5,,,
ClassicGumtree,41,14,23,9,3,6,0,0,72,3,0,0.899,,1400,,,,,5,,,
ClassicGumtree,41,14,23,9,3,6,0,0,71,3,0,0.899,,1500,,,,,5,,,
ClassicGumtree,41,14,23,9,3,6,0,0,72,3,0,0.899,,1600,,,,,5,,,
ClassicGumtree,41,14,23,9,3,6,0,0,72,3,0,0.899,,1700,,,,,5,,,
ClassicGumtree,41,14,23,9,3,6,0,0,71,3,0,0.899,,1800,,,,,5,,,
ClassicGumtree,41,14,23,9,3,6,0,0,72,3,0,0.899,,1900,,,,,5,,,
ClassicGumtree,41,14,23,9,3,6,0,0,72,3,0,0.899,,2000,,,,,5,,,
ClassicGumtree,139,43,56,42,0,41,0,0,0,3,0,0.999,,100,,,,,1,,,
ClassicGumtree,139,43,56,42,0,41,0,0,1,3,0,0.999,,200,,,,,1,,,
ClassicGumtree,139,43,56,42,0,41,0,0,1,3,0,0.999,,300,,,,,1,,,
ClassicGumtree,39,14,22,8,3,6,0,0,72,3,0,0.999,,400,,,,,1,,,
ClassicGumtree,39,14,22,8,3,6,0,0,71,3,0,0.999,,500,,,,,1,,,
ClassicGumtree,39,14,22,8,3,6,0,0,72,3,0,0.999,,600,,,,,1,,,
ClassicGumtree,39,14,22,8,3,6,0,0,72,3,0,0.999,,700,,,,,1,,,
ClassicGumtree,39,14,22,8,3,6,0,0,72,3,0,0.999,,800,,,,,1,,,
ClassicGumtree,39,14,22,8,3,6,0,0,72,3,0,0.999,,900,,,,,1,,,
ClassicGumtree,39,14,22,8,3,6,0,0,72,3,0,0.999,,1000,,,,,1,,,
ClassicGumtree,39,14,22,8,3,6,0,0,72,3,0,0.999,,1100,,,,,1,,,
ClassicGumtree,39,14,22,8,3,6,0,0,71,3,0,0.999,,1200,,,,,1,,,
ClassicGumtree,39,14,22,8,3,6,0,0,71,3,0,0.999,,1300,,,,,1,,,
ClassicGumtree,39,14,22,8,3,6,0,0,72,3,0,0.999,,1400,,,,,1,,,
ClassicGumtree,39,14,22,8,3,6,0,0,72,3,0,0.999,,1500,,,,,1,,,
ClassicGumtree,39,14,22,8,3,6,0,0,72,3,0,0.999,,1600,,,,,1,,,
ClassicGumtree,39,14,22,8,3,6,0,0,71,3,0,0.999,,1700,,,,,1,,,
ClassicGumtree,39,14,22,8,3,6,0,0,72,3,0,0.999,,1800,,,,,1,,,
ClassicGumtree,39,14,22,8,3,6,0,0,71,3,0,0.999,,1900,,,,,1,,,
ClassicGumtree,39,14,22,8,3,6,0,0,72,3,0,0.999,,2000,,,,,1,,,
ClassicGumtree,195,27,92,78,0,25,0,0,1,3,0,0.999,,100,,,,,2,,,
ClassicGumtree,195,27,92,78,0,25,0,0,1,3,0,0.999,,200,,,,,2,,,
ClassicGumtree,195,27,92,78,0,25,0,0,1,3,0,0.999,,300,,,,,2,,,
ClassicGumtree,41,14,23,9,3,6,0,0,72,3,0,0.999,,400,,,,,2,,,
ClassicGumtree,41,14,23,9,3,6,0,0,72,3,0,0.999,,500,,,,,2,,,
ClassicGumtree,41,14,23,9,3,6,0,0,72,3,0,0.999,,600,,,,,2,,,
ClassicGumtree,41,14,23,9,3,6,0,0,71,3,0,0.999,,700,,,,,2,,,
ClassicGumtree,41,14,23,9,3,6,0,0,72,3,0,0.999,,800,,,,,2,,,
ClassicGumtree,41,14,23,9,3,6,0,0,72,3,0,0.999,,900,,,,,2,,,
ClassicGumtree,41,14,23,9,3,6,0,0,72,3,0,0.999,,1000,,,,,2,,,
ClassicGumtree,41,14,23,9,3,6,0,0,72,3,0,0.999,,1100,,,,,2,,,
ClassicGumtree,41,14,23,9,3,6,0,0,72,3,0,0.999,,1200,,,,,2,,,
ClassicGumtree,41,14,23,9,3,6,0,0,72,3,0,0.999,,1300,,,,,2,,,
ClassicGumtree,41,14,23,9,3,6,0,0,71,3,0,0.999,,1400,,,,,2,,,
ClassicGumtree,41,14,23,9,3,6,0,0,71,3,0,0.999,,1500,,,,,2,,,
ClassicGumtree,41,14,23,9,3,6,0,0,72,3,0,0.999,,1600,,,,,2,,,
ClassicGumtree,41,14,23,9,3,6,0,0,72,3,0,0.999,,1700,,,,,2,,,
ClassicGumtree,41,14,23,9,3,6,0,0,71,3,0,0.999,,1800,,,,,2,,,
ClassicGumtree,41,14,23,9,3,6,0,0,72,3,0,0.999,,1900,,,,,2,,,
ClassicGumtree,41,14,23,9,3,6,0,0,72,3,0,0.999,,2000,,,,,2,,,
ClassicGumtree,323,13,163,149,0,11,0,0,1,3,0,0.999,,100,,,,,3,,,
ClassicGumtree,323,13,163,149,0,11,0,0,1,3,0,0.999,,200,,,,,3,,,
ClassicGumtree,323,13,163,149,0,11,0,0,0,3,0,0.999,,300,,,,,3,,,
ClassicGumtree,41,14,23,9,3,6,0,0,72,3,0,0.999,,400,,,,,3,,,
ClassicGumtree,41,14,23,9,3,6,0,0,71,3,0,0.999,,500,,,,,3,,,
ClassicGumtree,41,14,23,9,3,6,0,0,71,3,0,0.999,,600,,,,,3,,,
ClassicGumtree,41,14,23,9,3,6,0,0,72,3,0,0.999,,700,,,,,3,,,
ClassicGumtree,41,14,23,9,3,6,0,0,72,3,0,0.999,,800,,,,,3,,,
ClassicGumtree,41,14,23,9,3,6,0,0,71,3,0,0.999,,900,,,,,3,,,
ClassicGumtree,41,14,23,9,3,6,0,0,72,3,0,0.999,,1000,,,,,3,,,
ClassicGumtree,41,14,23,9,3,6,0,0,72,3,0,0.999,,1100,,,,,3,,,
ClassicGumtree,41,14,23,9,3,6,0,0,72,3,0,0.999,,1200,,,,,3,,,
ClassicGumtree,41,14,23,9,3,6,0,0,71,3,0,0.999,,1300,,,,,3,,,
ClassicGumtree,41,14,23,9,3,6,0,0,71,3,0,0.999,,1400,,,,,3,,,
ClassicGumtree,41,14,23,9,3,6,0,0,72,3,0,0.999,,1500,,,,,3,,,
ClassicGumtree,41,14,23,9,3,6,0,0,72,3,0,0.999,,1600,,,,,3,,,
ClassicGumtree,41,14,23,9,3,6,0,0,72,3,0,0.999,,1700,,,,,3,,,
ClassicGumtree,41,14,23,9,3,6,0,0,72,3,0,0.999,,1800,,,,,3,,,
ClassicGumtree,41,14,23,9,3,6,0,0,72,3,0,0.999,,1900,,,,,3,,,
ClassicGumtree,41,14,23,9,3,6,0,0,71,3,0,0.999,,2000,,,,,3,,,
ClassicGumtree,478,4,245,231,0,2,0,0,1,3,0,0.999,,100,,,,,4,,,
ClassicGumtree,478,4,245,231,0,2,0,0,0,3,0,0.999,,200,,,,,4,,,
ClassicGumtree,478,4,245,231,0,2,0,0,1,3,0,0.999,,300,,,,,4,,,
ClassicGumtree,41,14,23,9,3,6,0,0,71,3,0,0.999,,400,,,,,4,,,
ClassicGumtree,41,14,23,9,3,6,0,0,72,3,0,0.999,,500,,,,,4,,,
ClassicGumtree,41,14,23,9,3,6,0,0,72,3,0,0.999,,600,,,,,4,,,
ClassicGumtree,41,14,23,9,3,6,0,0,72,3,0,0.999,,700,,,,,4,,,
ClassicGumtree,41,14,23,9,3,6,0,0,71,3,0,0.999,,800,,,,,4,,,
ClassicGumtree,41,14,23,9,3,6,0,0,72,3,0,0.999,,900,,,,,4,,,
ClassicGumtree,41,14,23,9,3,6,0,0,71,3,0,0.999,,1000,,,,,4,,,
ClassicGumtree,41,14,23,9,3,6,0,0,71,3,0,0.999,,1100,,,,,4,,,
ClassicGumtree,41,14,23,9,3,6,0,0,71,3,0,0.999,,1200,,,,,4,,,
ClassicGumtree,41,14,23,9,3,6,0,0,72,3,0,0.999,,1300,,,,,4,,,
ClassicGumtree,41,14,23,9,3,6,0,0,72,3,0,0.999,,1400,,,,,4,,,
ClassicGumtree,41,14,23,9,3,6,0,0,71,3,0,0.999,,1500,,,,,4,,,
ClassicGumtree,41,14,23,9,3,6,0,0,71,3,0,0.999,,1600,,,,,4,,,
ClassicGumtree,41,14,23,9,3,6,0,0,72,3,0,0.999,,1700,,,,,4,,,
ClassicGumtree,41,14,23,9,3,6,0,0,73,3,0,0.999,,1800,,,,,4,,,
ClassicGumtree,41,14,23,9,3,6,0,0,72,3,0,0.999,,1900,,,,,4,,,
ClassicGumtree,41,14,23,9,3,6,0,0,72,3,0,0.999,,2000,,,,,4,,,
ClassicGumtree,478,4,245,231,0,2,0,0,1,3,0,0.999,,100,,,,,5,,,
ClassicGumtree,478,4,245,231,0,2,0,0,1,3,0,0.999,,200,,,,,5,,,
ClassicGumtree,478,4,245,231,0,2,0,0,1,3,0,0.999,,300,,,,,5,,,
ClassicGumtree,41,14,23,9,3,6,0,0,72,3,0,0.999,,400,,,,,5,,,
ClassicGumtree,41,14,23,9,3,6,0,0,72,3,0,0.999,,500,,,,,5,,,
ClassicGumtree,41,14,23,9,3,6,0,0,72,3,0,0.999,,600,,,,,5,,,
ClassicGumtree,41,14,23,9,3,6,0,0,73,3,0,0.999,,700,,,,,5,,,
ClassicGumtree,41,14,23,9,3,6,0,0,73,3,0,0.999,,800,,,,,5,,,
ClassicGumtree,41,14,23,9,3,6,0,0,72,3,0,0.999,,900,,,,,5,,,
ClassicGumtree,41,14,23,9,3,6,0,0,72,3,0,0.999,,1000,,,,,5,,,
ClassicGumtree,41,14,23,9,3,6,0,0,72,3,0,0.999,,1100,,,,,5,,,
ClassicGumtree,41,14,23,9,3,6,0,0,72,3,0,0.999,,1200,,,,,5,,,
ClassicGumtree,41,14,23,9,3,6,0,0,72,3,0,0.999,,1300,,,,,5,,,
ClassicGumtree,41,14,23,9,3,6,0,0,72,3,0,0.999,,1400,,,,,5,,,
ClassicGumtree,41,14,23,9,3,6,0,0,72,3,0,0.999,,1500,,,,,5,,,
ClassicGumtree,41,14,23,9,3,6,0,0,69,3,0,0.999,,1600,,,,,5,,,
ClassicGumtree,41,14,23,9,3,6,0,0,67,3,0,0.999,,1700,,,,,5,,,
ClassicGumtree,41,14,23,9,3,6,0,0,68,3,0,0.999,,1800,,,,,5,,,
ClassicGumtree,41,14,23,9,3,6,0,0,63,3,0,0.999,,1900,,,,,5,,,
ClassicGumtree,41,14,23,9,3,6,0,0,61,3,0,0.999,,2000,,,,,5,,,
CompleteGumtreeMatcher,150,28,101,23,0,26,0,0,7,3,0,0.1,,100,,,,,1,,,
CompleteGumtreeMatcher,150,28,101,23,0,26,0,0,7,3,0,0.1,,200,,,,,1,,,
CompleteGumtreeMatcher,150,28,101,23,0,26,0,0,6,3,0,0.1,,300,,,,,1,,,
CompleteGumtreeMatcher,96,15,83,5,3,5,0,0,77,3,0,0.1,,400,,,,,1,,,
CompleteGumtreeMatcher,96,15,83,5,3,5,0,0,77,3,0,0.1,,500,,,,,1,,,
CompleteGumtreeMatcher,96,15,83,5,3,5,0,0,77,3,0,0.1,,600,,,,,1,,,
CompleteGumtreeMatcher,96,15,83,5,3,5,0,0,77,3,0,0.1,,700,,,,,1,,,
CompleteGumtreeMatcher,96,15,83,5,3,5,0,0,77,3,0,0.1,,800,,,,,1,,,
CompleteGumtreeMatcher,96,15,83,5,3,5,0,0,77,3,0,0.1,,900,,,,,1,,,
CompleteGumtreeMatcher,96,15,83,5,3,5,0,0,77,3,0,0.1,,1000,,,,,1,,,
CompleteGumtreeMatcher,96,15,83,5,3,5,0,0,76,3,0,0.1,,1100,,,,,1,,,
CompleteGumtreeMatcher,96,15,83,5,3,5,0,0,76,3,0,0.1,,1200,,,,,1,,,
CompleteGumtreeMatcher,96,15,83,5,3,5,0,0,76,3,0,0.1,,1300,,,,,1,,,
CompleteGumtreeMatcher,96,15,83,5,3,5,0,0,77,3,0,0.1,,1400,,,,,1,,,
CompleteGumtreeMatcher,96,15,83,5,3,5,0,0,77,3,0,0.1,,1500,,,,,1,,,
CompleteGumtreeMatcher,96,15,83,5,3,5,0,0,77,3,0,0.1,,1600,,,,,1,,,
CompleteGumtreeMatcher,96,15,83,5,3,5,0,0,77,3,0,0.1,,1700,,,,,1,,,
CompleteGumtreeMatcher,96,15,83,5,3,5,0,0,77,3,0,0.1,,1800,,,,,1,,,
CompleteGumtreeMatcher,96,15,83,5,3,5,0,0,77,3,0,0.1,,1900,,,,,1,,,
CompleteGumtreeMatcher,96,15,83,5,3,5,0,0,77,3,0,0.1,,2000,,,,,1,,,
CompleteGumtreeMatcher,173,30,99,52,0,22,0,0,5,3,0,0.1,,100,,,,,2,,,
CompleteGumtreeMatcher,173,30,99,52,0,22,0,0,5,3,0,0.1,,200,,,,,2,,,
CompleteGumtreeMatcher,173,30,99,52,0,22,0,0,5,3,0,0.1,,300,,,,,2,,,
CompleteGumtreeMatcher,70,14,54,7,3,6,0,0,76,3,0,0.1,,400,,,,,2,,,
CompleteGumtreeMatcher,70,14,54,7,3,6,0,0,76,3,0,0.1,,500,,,,,2,,,
CompleteGumtreeMatcher,70,14,54,7,3,6,0,0,76,3,0,0.1,,600,,,,,2,,,
CompleteGumtreeMatcher,70,14,54,7,3,6,0,0,75,3,0,0.1,,700,,,,,2,,,
CompleteGumtreeMatcher,70,14,54,7,3,6,0,0,75,3,0,0.1,,800,,,,,2,,,
CompleteGumtreeMatcher,70,14,54,7,3,6,0,0,75,3,0,0.1,,900,,,,,2,,,
CompleteGumtreeMatcher,70,14,54,7,3,6,0,0,76,3,0,0.1,,1000,,,,,2,,,
CompleteGumtreeMatcher,70,14,54,7,3,6,0,0,76,3,0,0.1,,1100,,,,,2,,,
CompleteGumtreeMatcher,70,14,54,7,3,6,0,0,75,3,0,0.1,,1200,,,,,2,,,
CompleteGumtreeMatcher,70,14,54,7,3,6,0,0,75,3,0,0.1,,1300,,,,,2,,,
CompleteGumtreeMatcher,70,14,54,7,3,6,0,0,75,3,0,0.1,,1400,,,,,2,,,
CompleteGumtreeMatcher,70,14,54,7,3,6,0,0,75,3,0,0.1,,1500,,,,,2,,,
CompleteGumtreeMatcher,70,14,54,7,3,6,0,0,75,3,0,0.1,,1600,,,,,2,,,
CompleteGumtreeMatcher,70,14,54,7,3,6,0,0,76,3,0,0.1,,1700,,,,,2,,,
CompleteGumtreeMatcher,70,14,54,7,3,6,0,0,76,3,0,0.1,,1800,,,,,2,,,
CompleteGumtreeMatcher,70,14,54,7,3,6,0,0,76,3,0,0.1,,1900,,,,,2,,,
CompleteGumtreeMatcher,70,14,54,7,3,6,0,0,76,3,0,0.1,,2000,,,,,2,,,
CompleteGumtreeMatcher,249,31,123,107,0,19,0,0,4,3,0,0.1,,100,,,,,3,,,
CompleteGumtreeMatcher,249,31,123,107,0,19,0,0,3,3,0,0.1,,200,,,,,3,,,
CompleteGumtreeMatcher,249,31,123,107,0,19,0,0,3,3,0,0.1,,300,,,,,3,,,
CompleteGumtreeMatcher,50,21,25,9,3,13,0,0,75,3,0,0.1,,400,,,,,3,,,
CompleteGumtreeMatcher,50,21,25,9,3,13,0,0,75,3,0,0.1,,500,,,,,3,,,
CompleteGumtreeMatcher,50,21,25,9,3,13,0,0,75,3,0,0.1,,600,,,,,3,,,
CompleteGumtreeMatcher,50,21,25,9,3,13,0,0,75,3,0,0.1,,700,,,,,3,,,
CompleteGumtreeMatcher,50,21,25,9,3,13,0,0,75,3,0,0.1,,800,,,,,3,,,
CompleteGumtreeMatcher,50,21,25,9,3,13,0,0,75,3,0,0.1,,900,,,,,3,,,
CompleteGumtreeMatcher,50,21,25,9,3,13,0,0,75,3,0,0.1,,1000,,,,,3,,,
CompleteGumtreeMatcher,50,21,25,9,3,13,0,0,75,3,0,0.1,,1100,,,,,3,,,
CompleteGumtreeMatcher,50,21,25,9,3,13,0,0,75,3,0,0.1,,1200,,,,,3,,,
CompleteGumtreeMatcher,50,21,25,9,3,13,0,0,75,3,0,0.1,,1300,,,,,3,,,
CompleteGumtreeMatcher,50,21,25,9,3,13,0,0,75,3,0,0.1,,1400,,,,,3,,,
CompleteGumtreeMatcher,50,21,25,9,3,13,0,0,75,3,0,0.1,,1500,,,,,3,,,
CompleteGumtreeMatcher,50,21,25,9,3,13,0,0,75,3,0,0.1,,1600,,,,,3,,,
CompleteGumtreeMatcher,50,21,25,9,3,13,0,0,74,3,0,0.1,,1700,,,,,3,,,
CompleteGumtreeMatcher,50,21,25,9,3,13,0,0,75,3,0,0.1,,1800,,,,,3,,,
CompleteGumtreeMatcher,50,21,25,9,3,13,0,0,74,3,0,0.1,,1900,,,,,3,,,
CompleteGumtreeMatcher,50,21,25,9,3,13,0,0,75,3,0,0.1,,2000,,,,,3,,,
CompleteGumtreeMatcher,478,4,245,231,0,2,0,0,1,3,0,0.1,,100,,,,,4,,,
CompleteGumtreeMatcher,478,4,245,231,0,2,0,0,1,3,0,0.1,,200,,,,,4,,,
CompleteGumtreeMatcher,478,4,245,231,0,2,0,0,1,3,0,0.1,,300,,,,,4,,,
CompleteGumtreeMatcher,41,14,23,9,3,6,0,0,72,3,0,0.1,,400,,,,,4,,,
CompleteGumtreeMatcher,41,14,23,9,3,6,0,0,72,3,0,0.1,,500,,,,,4,,,
CompleteGumtreeMatcher,41,14,23,9,3,6,0,0,72,3,0,0.1,,600,,,,,4,,,
CompleteGumtreeMatcher,41,14,23,9,3,6,0,0,71,3,0,0.1,,700,,,,,4,,,
CompleteGumtreeMatcher,41,14,23,9,3,6,0,0,71,3,0,0.1,,800,,,,,4,,,
CompleteGumtreeMatcher,41,14,23,9,3,6,0,0,71,3,0,0.1,,900,,,,,4,,,
CompleteGumtreeMatcher,41,14,23,9,3,6,0,0,72,3,0,0.1,,1000,,,,,4,,,
CompleteGumtreeMatcher,41,14,23,9,3,6,0,0,72,3,0,0.1,,1100,,,,,4,,,
CompleteGumtreeMatcher,41,14,23,9,3,6,0,0,71,3,0,0.1,,1200,,,,,4,,,
CompleteGumtreeMatcher,41,14,23,9,3,6,0,0,71,3,0,0.1,,1300,,,,,4,,,
CompleteGumtreeMatcher,41,14,23,9,3,6,0,0,71,3,0,0.1,,1400,,,,,4,,,
CompleteGumtreeMatcher,41,14,23,9,3,6,0,0,71,3,0,0.1,,1500,,,,,4,,,
CompleteGumtreeMatcher,41,14,23,9,3,6,0,0,72,3,0,0.1,,1600,,,,,4,,,
CompleteGumtreeMatcher,41,14,23,9,3,6,0,0,72,3,0,0.1,,1700,,,,,4,,,
CompleteGumtreeMatcher,41,14,23,9,3,6,0,0,72,3,0,0.1,,1800,,,,,4,,,
CompleteGumtreeMatcher,41,14,23,9,3,6,0,0,71,3,0,0.1,,1900,,,,,4,,,
CompleteGumtreeMatcher,41,14,23,9,3,6,0,0,71,3,0,0.1,,2000,,,,,4,,,
CompleteGumtreeMatcher,478,4,245,231,0,2,0,0,1,3,0,0.1,,100,,,,,5,,,
CompleteGumtreeMatcher,478,4,245,231,0,2,0,0,1,3,0,0.1,,200,,,,,5,,,
CompleteGumtreeMatcher,478,4,245,231,0,2,0,0,0,3,0,0.1,,300,,,,,5,,,
CompleteGumtreeMatcher,41,14,23,9,3,6,0,0,71,3,0,0.1,,400,,,,,5,,,
CompleteGumtreeMatcher,41,14,23,9,3,6,0,0,71,3,0,0.1,,500,,,,,5,,,
CompleteGumtreeMatcher,41,14,23,9,3,6,0,0,77,3,0,0.1,,600,,,,,5,,,
CompleteGumtreeMatcher,41,14,23,9,3,6,0,0,77,3,0,0.1,,700,,,,,5,,,
CompleteGumtreeMatcher,41,14,23,9,3,6,0,0,77,3,0,0.1,,800,,,,,5,,,
CompleteGumtreeMatcher,41,14,23,9,3,6,0,0,76,3,0,0.1,,900,,,,,5,,,
CompleteGumtreeMatcher,41,14,23,9,3,6,0,0,76,3,0,0.1,,1000,,,,,5,,,
CompleteGumtreeMatcher,41,14,23,9,3,6,0,0,77,3,0,0.1,,1100,,,,,5,,,
CompleteGumtreeMatcher,41,14,23,9,3,6,0,0,77,3,0,0.1,,1200,,,,,5,,,
CompleteGumtreeMatcher,41,14,23,9,3,6,0,0,77,3,0,0.1,,1300,,,,,5,,,
CompleteGumtreeMatcher,41,14,23,9,3,6,0,0,77,3,0,0.1,,1400,,,,,5,,,
CompleteGumtreeMatcher,41,14,23,9,3,6,0,0,77,3,0,0.1,,1500,,,,,5,,,
CompleteGumtreeMatcher,41,14,23,9,3,6,0,0,71,3,0,0.1,,1600,,,,,5,,,
CompleteGumtreeMatcher,41,14,23,9,3,6,0,0,72,3,0,0.1,,1700,,,,,5,,,
CompleteGumtreeMatcher,41,14,23,9,3,6,0,0,72,3,0,0.1,,1800,,,,,5,,,
CompleteGumtreeMatcher,41,14,23,9,3,6,0,0,72,3,0,0.1,,1900,,,,,5,,,
CompleteGumtreeMatcher,41,14,23,9,3,6,0,0,72,3,0,0.1,,2000,,,,,5,,,
CompleteGumtreeMatcher,150,28,101,23,0,26,0,0,5,3,0,0.2,,100,,,,,1,,,
CompleteGumtreeMatcher,150,28,101,23,0,26,0,0,5,3,0,0.2,,200,,,,,1,,,
CompleteGumtreeMatcher,150,28,101,23,0,26,0,0,5,3,0,0.2,,300,,,,,1,,,
CompleteGumtreeMatcher,96,15,83,5,3,5,0,0,77,3,0,0.2,,400,,,,,1,,,
CompleteGumtreeMatcher,96,15,83,5,3,5,0,0,76,3,0,0.2,,500,,,,,1,,,
CompleteGumtreeMatcher,96,15,83,5,3,5,0,0,76,3,0,0.2,,600,,,,,1,,,
CompleteGumtreeMatcher,96,15,83,5,3,5,0,0,76,3,0,0.2,,700,,,,,1,,,
CompleteGumtreeMatcher,96,15,83,5,3,5,0,0,77,3,0,0.2,,800,,,,,1,,,
CompleteGumtreeMatcher,96,15,83,5,3,5,0,0,77,3,0,0.2,,900,,,,,1,,,
CompleteGumtreeMatcher,96,15,83,5,3,5,0,0,76,3,0,0.2,,1000,,,,,1,,,
CompleteGumtreeMatcher,96,15,83,5,3,5,0,0,76,3,0,0.2,,1100,,,,,1,,,
CompleteGumtreeMatcher,96,15,83,5,3,5,0,0,76,3,0,0.2,,1200,,,,,1,,,
CompleteGumtreeMatcher,96,15,83,5,3,5,0,0,77,3,0,0.2,,1300,,,,,1,,,
CompleteGumtreeMatcher,96,15,83,5,3,5,0,0,77,3,0,0.2,,1400,,,,,1,,,
CompleteGumtreeMatcher,96,15,83,5,3,5,0,0,77,3,0,0.2,,1500,,,,,1,,,
CompleteGumtreeMatcher,96,15,83,5,3,5,0,0,76,3,0,0.2,,1600,,,,,1,,,
CompleteGumtreeMatcher,96,15,83,5,3,5,0,0,76,3,0,0.2,,1700,,,,,1,,,
CompleteGumtreeMatcher,96,15,83,5,3,5,0,0,76,3,0,0.2,,1800,,,,,1,,,
CompleteGumtreeMatcher,96,15,83,5,3,5,0,0,76,3,0,0.2,,1900,,,,,1,,,
CompleteGumtreeMatcher,96,15,83,5,3,5,0,0,76,3,0,0.2,,2000,,,,,1,,,
CompleteGumtreeMatcher,173,30,99,52,0,22,0,0,5,3,0,0.2,,100,,,,,2,,,
CompleteGumtreeMatcher,173,30,99,52,0,22,0,0,5,3,0,0.2,,200,,,,,2,,,
CompleteGumtreeMatcher,173,30,99,52,0,22,0,0,5,3,0,0.2,,300,,,,,2,,,
CompleteGumtreeMatcher,70,14,54,7,3,6,0,0,76,3,0,0.2,,400,,,,,2,,,
CompleteGumtreeMatcher,70,14,54,7,3,6,0,0,76,3,0,0.2,,500,,,,,2,,,
CompleteGumtreeMatcher,70,14,54,7,3,6,0,0,75,3,0,0.2,,600,,,,,2,,,
CompleteGumtreeMatcher,70,14,54,7,3,6,0,0,75,3,0,0.2,,700,,,,,2,,,
CompleteGumtreeMatcher,70,14,54,7,3,6,0,0,75,3,0,0.2,,800,,,,,2,,,
CompleteGumtreeMatcher,70,14,54,7,3,6,0,0,76,3,0,0.2,,900,,,,,2,,,
CompleteGumtreeMatcher,70,14,54,7,3,6,0,0,76,3,0,0.2,,1000,,,,,2,,,
CompleteGumtreeMatcher,70,14,54,7,3,6,0,0,76,3,0,0.2,,1100,,,,,2,,,
CompleteGumtreeMatcher,70,14,54,7,3,6,0,0,76,3,0,0.2,,1200,,,,,2,,,
CompleteGumtreeMatcher,70,14,54,7,3,6,0,0,76,3,0,0.2,,1300,,,,,2,,,
CompleteGumtreeMatcher,70,14,54,7,3,6,0,0,76,3,0,0.2,,1400,,,,,2,,,
CompleteGumtreeMatcher,70,14,54,7,3,6,0,0,76,3,0,0.2,,1500,,,,,2,,,
CompleteGumtreeMatcher,70,14,54,7,3,6,0,0,76,3,0,0.2,,1600,,,,,2,,,
CompleteGumtreeMatcher,70,14,54,7,3,6,0,0,76,3,0,0.2,,1700,,,,,2,,,
CompleteGumtreeMatcher,70,14,54,7,3,6,0,0,78,3,0,0.2,,1800,,,,,2,,,
CompleteGumtreeMatcher,70,14,54,7,3,6,0,0,75,3,0,0.2,,1900,,,,,2,,,
CompleteGumtreeMatcher,70,14,54,7,3,6,0,0,75,3,0,0.2,,2000,,,,,2,,,
CompleteGumtreeMatcher,323,13,163,149,0,11,0,0,1,3,0,0.2,,100,,,,,3,,,
CompleteGumtreeMatcher,323,13,163,149,0,11,0,0,1,3,0,0.2,,200,,,,,3,,,
CompleteGumtreeMatcher,323,13,163,149,0,11,0,0,0,3,0,0.2,,300,,,,,3,,,
CompleteGumtreeMatcher,41,14,23,9,3,6,0,0,72,3,0,0.2,,400,,,,,3,,,
CompleteGumtreeMatcher,41,14,23,9,3,6,0,0,72,3,0,0.2,,500,,,,,3,,,
CompleteGumtreeMatcher,41,14,23,9,3,6,0,0,72,3,0,0.2,,600,,,,,3,,,
CompleteGumtreeMatcher,41,14,23,9,3,6,0,0,71,3,0,0.2,,700,,,,,3,,,
CompleteGumtreeMatcher,41,14,23,9,3,6,0,0,71,3,0,0.2,,800,,,,,3,,,
CompleteGumtreeMatcher,41,14,23,9,3,6,0,0,72,3,0,0.2,,900,,,,,3,,,
CompleteGumtreeMatcher,41,14,23,9,3,6,0,0,72,3,0,0.2,,1000,,,,,3,,,
CompleteGumtreeMatcher,41,14,23,9,3,6,0,0,72,3,0,0.2,,1100,,,,,3,,,
CompleteGumtreeMatcher,41,14,23,9,3,6,0,0,72,3,0,0.2,,1200,,,,,3,,,
CompleteGumtreeMatcher,41,14,23,9,3,6,0,0,76,3,0,0.2,,1300,,,,,3,,,
CompleteGumtreeMatcher,41,14,23,9,3,6,0,0,71,3,0,0.2,,1400,,,,,3,,,
CompleteGumtreeMatcher,41,14,23,9,3,6,0,0,71,3,0,0.2,,1500,,,,,3,,,
CompleteGumtreeMatcher,41,14,23,9,3,6,0,0,72,3,0,0.2,,1600,,,,,3,,,
CompleteGumtreeMatcher,41,14,23,9,3,6,0,0,72,3,0,0.2,,1700,,,,,3,,,
CompleteGumtreeMatcher,41,14,23,9,3,6,0,0,72,3,0,0.2,,1800,,,,,3,,,
CompleteGumtreeMatcher,41,14,23,9,3,6,0,0,71,3,0,0.2,,1900,,,,,3,,,
CompleteGumtreeMatcher,41,14,23,9,3,6,0,0,71,3,0,0.2,,2000,,,,,3,,,
CompleteGumtreeMatcher,478,4,245,231,0,2,0,0,1,3,0,0.2,,100,,,,,4,,,
CompleteGumtreeMatcher,478,4,245,231,0,2,0,0,1,3,0,0.2,,200,,,,,4,,,
CompleteGumtreeMatcher,478,4,245,231,0,2,0,0,1,3,0,0.2,,300,,,,,4,,,
CompleteGumtreeMatcher,41,14,23,9,3,6,0,0,71,3,0,0.2,,400,,,,,4,,,
CompleteGumtreeMatcher,41,14,23,9,3,6,0,0,71,3,0,0.2,,500,,,,,4,,,
CompleteGumtreeMatcher,41,14,23,9,3,6,0,0,72,3,0,0.2,,600,,,,,4,,,
CompleteGumtreeMatcher,41,14,23,9,3,6,0,0,74,3,0,0.2,,700,,,,,4,,,
CompleteGumtreeMatcher,41,14,23,9,3,6,0,0,72,3,0,0.2,,800,,,,,4,,,
CompleteGumtreeMatcher,41,14,23,9,3,6,0,0,71,3,0,0.2,,900,,,,,4,,,
CompleteGumtreeMatcher,41,14,23,9,3,6,0,0,71,3,0,0.2,,1000,,,,,4,,,
CompleteGumtreeMatcher,41,14,23,9,3,6,0,0,72,3,0,0.2,,1100,,,,,4,,,
CompleteGumtreeMatcher,41,14,23,9,3,6,0,0,72,3,0,0.2,,1200,,,,,4,,,
CompleteGumtreeMatcher,41,14,23,9,3,6,0,0,72,3,0,0.2,,1300,,,,,4,,,
CompleteGumtreeMatcher,41,14,23,9,3,6,0,0,72,3,0,0.2,,1400,,,,,4,,,
CompleteGumtreeMatcher,41,14,23,9,3,6,0,0,72,3,0,0.2,,1500,,,,,4,,,
CompleteGumtreeMatcher,41,14,23,9,3,6,0,0,72,3,0,0.2,,1600,,,,,4,,,
CompleteGumtreeMatcher,41,14,23,9,3,6,0,0,72,3,0,0.2,,1700,,,,,4,,,
CompleteGumtreeMatcher,41,14,23,9,3,6,0,0,72,3,0,0.2,,1800,,,,,4,,,
CompleteGumtreeMatcher,41,14,23,9,3,6,0,0,72,3,0,0.2,,1900,,,,,4,,,
CompleteGumtreeMatcher,41,14,23,9,3,6,0,0,72,3,0,0.2,,2000,,,,,4,,,
CompleteGumtreeMatcher,478,4,245,231,0,2,0,0,0,3,0,0.2,,100,,,,,5,,,
CompleteGumtreeMatcher,478,4,245,231,0,2,0,0,1,3,0,0.2,,200,,,,,5,,,
CompleteGumtreeMatcher,478,4,245,231,0,2,0,0,0,3,0,0.2,,300,,,,,5,,,
CompleteGumtreeMatcher,41,14,23,9,3,6,0,0,71,3,0,0.2,,400,,,,,5,,,
CompleteGumtreeMatcher,41,14,23,9,3,6,0,0,72,3,0,0.2,,500,,,,,5,,,
CompleteGumtreeMatcher,41,14,23,9,3,6,0,0,71,3,0,0.2,,600,,,,,5,,,
CompleteGumtreeMatcher,41,14,23,9,3,6,0,0,71,3,0,0.2,,700,,,,,5,,,
CompleteGumtreeMatcher,41,14,23,9,3,6,0,0,71,3,0,0.2,,800,,,,,5,,,
CompleteGumtreeMatcher,41,14,23,9,3,6,0,0,71,3,0,0.2,,900,,,,,5,,,
CompleteGumtreeMatcher,41,14,23,9,3,6,0,0,71,3,0,0.2,,1000,,,,,5,,,
CompleteGumtreeMatcher,41,14,23,9,3,6,0,0,71,3,0,0.2,,1100,,,,,5,,,
CompleteGumtreeMatcher,41,14,23,9,3,6,0,0,72,3,0,0.2,,1200,,,,,5,,,
CompleteGumtreeMatcher,41,14,23,9,3,6,0,0,71,3,0,0.2,,1300,,,,,5,,,
CompleteGumtreeMatcher,41,14,23,9,3,6,0,0,72,3,0,0.2,,1400,,,,,5,,,
CompleteGumtreeMatcher,41,14,23,9,3,6,0,0,72,3,0,0.2,,1500,,,,,5,,,
CompleteGumtreeMatcher,41,14,23,9,3,6,0,0,72,3,0,0.2,,1600,,,,,5,,,
CompleteGumtreeMatcher,41,14,23,9,3,6,0,0,72,3,0,0.2,,1700,,,,,5,,,
CompleteGumtreeMatcher,41,14,23,9,3,6,0,0,72,3,0,0.2,,1800,,,,,5,,,
CompleteGumtreeMatcher,41,14,23,9,3,6,0,0,72,3,0,0.2,,1900,,,,,5,,,
CompleteGumtreeMatcher,41,14,23,9,3,6,0,0,72,3,0,0.2,,2000,,,,,5,,,
CompleteGumtreeMatcher,150,28,101,23,0,26,0,0,6,3,0,0.3,,100,,,,,1,,,
CompleteGumtreeMatcher,150,28,101,23,0,26,0,0,5,3,0,0.3,,200,,,,,1,,,
CompleteGumtreeMatcher,150,28,101,23,0,26,0,0,6,3,0,0.3,,300,,,,,1,,,
CompleteGumtreeMatcher,96,15,83,5,3,5,0,0,76,3,0,0.3,,400,,,,,1,,,
CompleteGumtreeMatcher,96,15,83,5,3,5,0,0,76,3,0,0.3,,500,,,,,1,,,
CompleteGumtreeMatcher,96,15,83,5,3,5,0,0,76,3,0,0.3,,600,,,,,1,,,
CompleteGumtreeMatcher,96,15,83,5,3,5,0,0,76,3,0,0.3,,700,,,,,1,,,
CompleteGumtreeMatcher,96,15,83,5,3,5,0,0,76,3,0,0.3,,800,,,,,1,,,
CompleteGumtreeMatcher,96,15,83,5,3,5,0,0,76,3,0,0.3,,900,,,,,1,,,
CompleteGumtreeMatcher,96,15,83,5,3,5,0,0,76,3,0,0.3,,1000,,,,,1,,,
CompleteGumtreeMatcher,96,15,83,5,3,5,0,0,77,3,0,0.3,,1100,,,,,1,,,
CompleteGumtreeMatcher,96,15,83,5,3,5,0,0,76,3,0,0.3,,1200,,,,,1,,,
CompleteGumtreeMatcher,96,15,83,5,3,5,0,0,76,3,0,0.3,,1300,,,,,1,,,
CompleteGumtreeMatcher,96,15,83,5,3,5,0,0,77,3,0,0.3,,1400,,,,,1,,,
CompleteGumtreeMatcher,96,15,83,5,3,5,0,0,77,3,0,0.3,,1500,,,,,1,,,
CompleteGumtreeMatcher,96,15,83,5,3,5,0,0,77,3,0,0.3,,1600,,,,,1,,,
CompleteGumtreeMatcher,96,15,83,5,3,5,0,0,77,3,0,0.3,,1700,,,,,1,,,
CompleteGumtreeMatcher,96,15,83,5,3,5,0,0,76,3,0,0.3,,1800,,,,,1,,,
CompleteGumtreeMatcher,96,15,83,5,3,5,0,0,76,3,0,0.3,,1900,,,,,1,,,
CompleteGumtreeMatcher,96,15,83,5,3,5,0,0,76,3,0,0.3,,2000,,,,,1,,,
CompleteGumtreeMatcher,211,23,112,78,0,21,0,0,0,3,0,0.3,,100,,,,,2,,,
CompleteGumtreeMatcher,211,23,112,78,0,21,0,0,1,3,0,0.3,,200,,,,,2,,,
CompleteGumtreeMatcher,211,23,112,78,0,21,0,0,1,3,0,0.3,,300,,,,,2,,,
CompleteGumtreeMatcher,61,14,43,9,3,6,0,0,71,3,0,0.3,,400,,,,,2,,,
CompleteGumtreeMatcher,61,14,43,9,3,6,0,0,72,3,0,0.3,,500,,,,,2,,,
CompleteGumtreeMatcher,61,14,43,9,3,6,0,0,72,3,0,0.3,,600,,,,,2,,,
CompleteGumtreeMatcher,61,14,43,9,3,6,0,0,71,3,0,0.3,,700,,,,,2,,,
CompleteGumtreeMatcher,61,14,43,9,3,6,0,0,71,3,0,0.3,,800,,,,,2,,,
CompleteGumtreeMatcher,61,14,43,9,3,6,0,0,72,3,0,0.3,,900,,,,,2,,,
CompleteGumtreeMatcher,61,14,43,9,3,6,0,0,71,3,0,0.3,,1000,,,,,2,,,
CompleteGumtreeMatcher,61,14,43,9,3,6,0,0,72,3,0,0.3,,1100,,,,,2,,,
CompleteGumtreeMatcher,61,14,43,9,3,6,0,0,71,3,0,0.3,,1200,,,,,2,,,
CompleteGumtreeMatcher,61,14,43,9,3,6,0,0,72,3,0,0.3,,1300,,,,,2,,,
CompleteGumtreeMatcher,61,14,43,9,3,6,0,0,72,3,0,0.3,,1400,,,,,2,,,
CompleteGumtreeMatcher,61,14,43,9,3,6,0,0,72,3,0,0.3,,1500,,,,,2,,,
CompleteGumtreeMatcher,61,14,43,9,3,6,0,0,71,3,0,0.3,,1600,,,,,2,,,
CompleteGumtreeMatcher,61,14,43,9,3,6,0,0,72,3,0,0.3,,1700,,,,,2,,,
CompleteGumtreeMatcher,61,14,43,9,3,6,0,0,72,3,0,0.3,,1800,,,,,2,,,
CompleteGumtreeMatcher,61,14,43,9,3,6,0,0,71,3,0,0.3,,1900,,,,,2,,,
CompleteGumtreeMatcher,61,14,43,9,3,6,0,0,72,3,0,0.3,,2000,,,,,2,,,
CompleteGumtreeMatcher,323,13,163,149,0,11,0,0,1,3,0,0.3,,100,,,,,3,,,
CompleteGumtreeMatcher,323,13,163,149,0,11,0,0,1,3,0,0.3,,200,,,,,3,,,
CompleteGumtreeMatcher,323,13,163,149,0,11,0,0,0,3,0,0.3,,300,,,,,3,,,
CompleteGumtreeMatcher,41,14,23,9,3,6,0,0,72,3,0,0.3,,400,,,,,3,,,
CompleteGumtreeMatcher,41,14,23,9,3,6,0,0,72,3,0,0.3,,500,,,,,3,,,
CompleteGumtreeMatcher,41,14,23,9,3,6,0,0,72,3,0,0.3,,600,,,,,3,,,
CompleteGumtreeMatcher,41,14,23,9,3,6,0,0,72,3,0,0.3,,700,,,,,3,,,
CompleteGumtreeMatcher,41,14,23,9,3,6,0,0,72,3,0,0.3,,800,,,,,3,,,
CompleteGumtreeMatcher,41,14,23,9,3,6,0,0,72,3,0,0.3,,900,,,,,3,,,
CompleteGumtreeMatcher,41,14,23,9,3,6,0,0,72,3,0,0.3,,1000,,,,,3,,,
CompleteGumtreeMatcher,41,14,23,9,3,6,0,0,72,3,0,0.3,,1100,,,,,3,,,
CompleteGumtreeMatcher,41,14,23,9,3,6,0,0,72,3,0,0.3,,1200,,,,,3,,,
CompleteGumtreeMatcher,41,14,23,9,3,6,0,0,72,3,0,0.3,,1300,,,,,3,,,
CompleteGumtreeMatcher,41,14,23,9,3,6,0,0,72,3,0,0.3,,1400,,,,,3,,,
CompleteGumtreeMatcher,41,14,23,9,3,6,0,0,71,3,0,0.3,,1500,,,,,3,,,
CompleteGumtreeMatcher,41,14,23,9,3,6,0,0,71,3,0,0.3,,1600,,,,,3,,,
CompleteGumtreeMatcher,41,14,23,9,3,6,0,0,74,3,0,0.3,,1700,,,,,3,,,
CompleteGumtreeMatcher,41,14,23,9,3,6,0,0,72,3,0,0.3,,1800,,,,,3,,,
CompleteGumtreeMatcher,41,14,23,9,3,6,0,0,71,3,0,0.3,,1900,,,,,3,,,
CompleteGumtreeMatcher,41,14,23,9,3,6,0,0,72,3,0,0.3,,2000,,,,,3,,,
CompleteGumtreeMatcher,478,4,245,231,0,2,0,0,1,3,0,0.3,,100,,,,,4,,,
CompleteGumtreeMatcher,478,4,245,231,0,2,0,0,1,3,0,0.3,,200,,,,,4,,,
CompleteGumtreeMatcher,478,4,245,231,0,2,0,0,1,3,0,0.3,,300,,,,,4,,,
CompleteGumtreeMatcher,41,14,23,9,3,6,0,0,71,3,0,0.3,,400,,,,,4,,,
CompleteGumtreeMatcher,41,14,23,9,3,6,0,0,72,3,0,0.3,,500,,,,,4,,,
CompleteGumtreeMatcher,41,14,23,9,3,6,0,0,72,3,0,0.3,,600,,,,,4,,,
CompleteGumtreeMatcher,41,14,23,9,3,6,0,0,72,3,0,0.3,,700,,,,,4,,,
CompleteGumtreeMatcher,41,14,23,9,3,6,0,0,72,3,0,0.3,,800,,,,,4,,,
CompleteGumtreeMatcher,41,14,23,9,3,6,0,0,71,3,0,0.3,,900,,,,,4,,,
CompleteGumtreeMatcher,41,14,23,9,3,6,0,0,71,3,0,0.3,,1000,,,,,4,,,
CompleteGumtreeMatcher,41,14,23,9,3,6,0,0,71,3,0,0.3,,1100,,,,,4,,,
CompleteGumtreeMatcher,41,14,23,9,3,6,0,0,72,3,0,0.3,,1200,,,,,4,,,
CompleteGumtreeMatcher,41,14,23,9,3,6,0,0,71,3,0,0.3,,1300,,,,,4,,,
CompleteGumtreeMatcher,41,14,23,9,3,6,0,0,72,3,0,0.3,,1400,,,,,4,,,
CompleteGumtreeMatcher,41,14,23,9,3,6,0,0,71,3,0,0.3,,1500,,,,,4,,,
CompleteGumtreeMatcher,41,14,23,9,3,6,0,0,72,3,0,0.3,,1600,,,,,4,,,
CompleteGumtreeMatcher,41,14,23,9,3,6,0,0,71,3,0,0.3,,1700,,,,,4,,,
CompleteGumtreeMatcher,41,14,23,9,3,6,0,0,71,3,0,0.3,,1800,,,,,4,,,
CompleteGumtreeMatcher,41,14,23,9,3,6,0,0,72,3,0,0.3,,1900,,,,,4,,,
CompleteGumtreeMatcher,41,14,23,9,3,6,0,0,72,3,0,0.3,,2000,,,,,4,,,
CompleteGumtreeMatcher,478,4,245,231,0,2,0,0,1,3,0,0.3,,100,,,,,5,,,
CompleteGumtreeMatcher,478,4,245,231,0,2,0,0,1,3,0,0.3,,200,,,,,5,,,
CompleteGumtreeMatcher,478,4,245,231,0,2,0,0,0,3,0,0.3,,300,,,,,5,,,
CompleteGumtreeMatcher,41,14,23,9,3,6,0,0,71,3,0,0.3,,400,,,,,5,,,
CompleteGumtreeMatcher,41,14,23,9,3,6,0,0,72,3,0,0.3,,500,,,,,5,,,
CompleteGumtreeMatcher,41,14,23,9,3,6,0,0,72,3,0,0.3,,600,,,,,5,,,
CompleteGumtreeMatcher,41,14,23,9,3,6,0,0,71,3,0,0.3,,700,,,,,5,,,
CompleteGumtreeMatcher,41,14,23,9,3,6,0,0,72,3,0,0.3,,800,,,,,5,,,
CompleteGumtreeMatcher,41,14,23,9,3,6,0,0,71,3,0,0.3,,900,,,,,5,,,
CompleteGumtreeMatcher,41,14,23,9,3,6,0,0,72,3,0,0.3,,1000,,,,,5,,,
CompleteGumtreeMatcher,41,14,23,9,3,6,0,0,72,3,0,0.3,,1100,,,,,5,,,
CompleteGumtreeMatcher,41,14,23,9,3,6,0,0,71,3,0,0.3,,1200,,,,,5,,,
CompleteGumtreeMatcher,41,14,23,9,3,6,0,0,71,3,0,0.3,,1300,,,,,5,,,
CompleteGumtreeMatcher,41,14,23,9,3,6,0,0,71,3,0,0.3,,1400,,,,,5,,,
CompleteGumtreeMatcher,41,14,23,9,3,6,0,0,71,3,0,0.3,,1500,,,,,5,,,
CompleteGumtreeMatcher,41,14,23,9,3,6,0,0,71,3,0,0.3,,1600,,,,,5,,,
CompleteGumtreeMatcher,41,14,23,9,3,6,0,0,72,3,0,0.3,,1700,,,,,5,,,
CompleteGumtreeMatcher,41,14,23,9,3,6,0,0,71,3,0,0.3,,1800,,,,,5,,,
CompleteGumtreeMatcher,41,14,23,9,3,6,0,0,72,3,0,0.3,,1900,,,,,5,,,
CompleteGumtreeMatcher,41,14,23,9,3,6,0,0,71,3,0,0.3,,2000,,,,,5,,,
CompleteGumtreeMatcher,153,28,101,26,0,26,0,0,4,3,0,0.4,,100,,,,,1,,,
CompleteGumtreeMatcher,153,28,101,26,0,26,0,0,4,3,0,0.4,,200,,,,,1,,,
CompleteGumtreeMatcher,153,28,101,26,0,26,0,0,4,3,0,0.4,,300,,,,,1,,,
CompleteGumtreeMatcher,91,13,80,5,3,3,0,0,74,3,0,0.4,,400,,,,,1,,,
CompleteGumtreeMatcher,91,13,80,5,3,3,0,0,74,3,0,0.4,,500,,,,,1,,,
CompleteGumtreeMatcher,91,13,80,5,3,3,0,0,75,3,0,0.4,,600,,,,,1,,,
CompleteGumtreeMatcher,91,13,80,5,3,3,0,0,75,3,0,0.4,,700,,,,,1,,,
CompleteGumtreeMatcher,91,13,80,5,3,3,0,0,75,3,0,0.4,,800,,,,,1,,,
CompleteGumtreeMatcher,91,13,80,5,3,3,0,0,75,3,0,0.4,,900,,,,,1,,,
CompleteGumtreeMatcher,91,13,80,5,3,3,0,0,75,3,0,0.4,,1000,,,,,1,,,
CompleteGumtreeMatcher,91,13,80,5,3,3,0,0,75,3,0,0.4,,1100,,,,,1,,,
CompleteGumtreeMatcher,91,13,80,5,3,3,0,0,75,3,0,0.4,,1200,,,,,1,,,
CompleteGumtreeMatcher,91,13,80,5,3,3,0,0,75,3,0,0.4,,1300,,,,,1,,,
CompleteGumtreeMatcher,91,13,80,5,3,3,0,0,75,3,0,0.4,,1400,,,,,1,,,
CompleteGumtreeMatcher,91,13,80,5,3,3,0,0,74,3,0,0.4,,1500,,,,,1,,,
CompleteGumtreeMatcher,91,13,80,5,3,3,0,0,75,3,0,0.4,,1600,,,,,1,,,
CompleteGumtreeMatcher,91,13,80,5,3,3,0,0,74,3,0,0.4,,1700,,,,,1,,,
CompleteGumtreeMatcher,91,13,80,5,3,3,0,0,74,3,0,0.4,,1800,,,,,1,,,
CompleteGumtreeMatcher,91,13,80,5,3,3,0,0,74,3,0,0.4,,1900,,,,,1,,,
CompleteGumtreeMatcher,91,13,80,5,3,3,0,0,74,3,0,0.4,,2000,,,,,1,,,
CompleteGumtreeMatcher,211,23,112,78,0,21,0,0,1,3,0,0.4,,100,,,,,2,,,
CompleteGumtreeMatcher,211,23,112,78,0,21,0,0,0,3,0,0.4,,200,,,,,2,,,
CompleteGumtreeMatcher,211,23,112,78,0,21,0,0,1,3,0,0.4,,300,,,,,2,,,
CompleteGumtreeMatcher,61,14,43,9,3,6,0,0,72,3,0,0.4,,400,,,,,2,,,
CompleteGumtreeMatcher,61,14,43,9,3,6,0,0,71,3,0,0.4,,500,,,,,2,,,
CompleteGumtreeMatcher,61,14,43,9,3,6,0,0,71,3,0,0.4,,600,,,,,2,,,
CompleteGumtreeMatcher,61,14,43,9,3,6,0,0,71,3,0,0.4,,700,,,,,2,,,
CompleteGumtreeMatcher,61,14,43,9,3,6,0,0,71,3,0,0.4,,800,,,,,2,,,
CompleteGumtreeMatcher,61,14,43,9,3,6,0,0,72,3,0,0.4,,900,,,,,2,,,
CompleteGumtreeMatcher,61,14,43,9,3,6,0,0,71,3,0,0.4,,1000,,,,,2,,,
CompleteGumtreeMatcher,61,14,43,9,3,6,0,0,72,3,0,0.4,,1100,,,,,2,,,
CompleteGumtreeMatcher,61,14,43,9,3,6,0,0,72,3,0,0.4,,1200,,,,,2,,,
CompleteGumtreeMatcher,61,14,43,9,3,6,0,0,72,3,0,0.4,,1300,,,,,2,,,
CompleteGumtreeMatcher,61,14,43,9,3,6,0,0,72,3,0,0.4,,1400,,,,,2,,,
CompleteGumtreeMatcher,61,14,43,9,3,6,0,0,72,3,0,0.4,,1500,,,,,2,,,
CompleteGumtreeMatcher,61,14,43,9,3,6,0,0,72,3,0,0.4,,1600,,,,,2,,,
CompleteGumtreeMatcher,61,14,43,9,3,6,0,0,72,3,0,0.4,,1700,,,,,2,,,
CompleteGumtreeMatcher,61,14,43,9,3,6,0,0,72,3,0,0.4,,1800,,,,,2,,,
CompleteGumtreeMatcher,61,14,43,9,3,6,0,0,72,3,0,0.4,,1900,,,,,2,,,
CompleteGumtreeMatcher,61,14,43,9,3,6,0,0,72,3,0,0.4,,2000,,,,,2,,,
CompleteGumtreeMatcher,323,13,163,149,0,11,0,0,0,3,0,0.4,,100,,,,,3,,,
CompleteGumtreeMatcher,323,13,163,149,0,11,0,0,1,3,0,0.4,,200,,,,,3,,,
CompleteGumtreeMatcher,323,13,163,149,0,11,0,0,1,3,0,0.4,,300,,,,,3,,,
CompleteGumtreeMatcher,41,14,23,9,3,6,0,0,71,3,0,0.4,,400,,,,,3,,,
CompleteGumtreeMatcher,41,14,23,9,3,6,0,0,71,3,0,0.4,,500,,,,,3,,,
CompleteGumtreeMatcher,41,14,23,9,3,6,0,0,72,3,0,0.4,,600,,,,,3,,,
CompleteGumtreeMatcher,41,14,23,9,3,6,0,0,72,3,0,0.4,,700,,,,,3,,,
CompleteGumtreeMatcher,41,14,23,9,3,6,0,0,72,3,0,0.4,,800,,,,,3,,,
CompleteGumtreeMatcher,41,14,23,9,3,6,0,0,72,3,0,0.4,,900,,,,,3,,,
CompleteGumtreeMatcher,41,14,23,9,3,6,0,0,71,3,0,0.4,,1000,,,,,3,,,
CompleteGumtreeMatcher,41,14,23,9,3,6,0,0,71,3,0,0.4,,1100,,,,,3,,,
CompleteGumtreeMatcher,41,14,23,9,3,6,0,0,71,3,0,0.4,,1200,,,,,3,,,
CompleteGumtreeMatcher,41,14,23,9,3,6,0,0,71,3,0,0.4,,1300,,,,,3,,,
CompleteGumtreeMatcher,41,14,23,9,3,6,0,0,72,3,0,0.4,,1400,,,,,3,,,
CompleteGumtreeMatcher,41,14,23,9,3,6,0,0,71,3,0,0.4,,1500,,,,,3,,,
CompleteGumtreeMatcher,41,14,23,9,3,6,0,0,71,3,0,0.4,,1600,,,,,3,,,
CompleteGumtreeMatcher,41,14,23,9,3,6,0,0,71,3,0,0.4,,1700,,,,,3,,,
CompleteGumtreeMatcher,41,14,23,9,3,6,0,0,72,3,0,0.4,,1800,,,,,3,,,
CompleteGumtreeMatcher,41,14,23,9,3,6,0,0,71,3,0,0.4,,1900,,,,,3,,,
CompleteGumtreeMatcher,41,14,23,9,3,6,0,0,72,3,0,0.4,,2000,,,,,3,,,
CompleteGumtreeMatcher,478,4,245,231,0,2,0,0,1,3,0,0.4,,100,,,,,4,,,
CompleteGumtreeMatcher,478,4,245,231,0,2,0,0,1,3,0,0.4,,200,,,,,4,,,
CompleteGumtreeMatcher,478,4,245,231,0,2,0,0,1,3,0,0.4,,300,,,,,4,,,
CompleteGumtreeMatcher,41,14,23,9,3,6,0,0,71,3,0,0.4,,400,,,,,4,,,
CompleteGumtreeMatcher,41,14,23,9,3,6,0,0,71,3,0,0.4,,500,,,,,4,,,
CompleteGumtreeMatcher,41,14,23,9,3,6,0,0,72,3,0,0.4,,600,,,,,4,,,
CompleteGumtreeMatcher,41,14,23,9,3,6,0,0,71,3,0,0.4,,700,,,,,4,,,
CompleteGumtreeMatcher,41,14,23,9,3,6,0,0,72,3,0,0.4,,800,,,,,4,,,
CompleteGumtreeMatcher,41,14,23,9,3,6,0,0,72,3,0,0.4,,900,,,,,4,,,
CompleteGumtreeMatcher,41,14,23,9,3,6,0,0,72,3,0,0.4,,1000,,,,,4,,,
CompleteGumtreeMatcher,41,14,23,9,3,6,0,0,71,3,0,0.4,,1100,,,,,4,,,
CompleteGumtreeMatcher,41,14,23,9,3,6,0,0,72,3,0,0.4,,1200,,,,,4,,,
CompleteGumtreeMatcher,41,14,23,9,3,6,0,0,72,3,0,0.4,,1300,,,,,4,,,
CompleteGumtreeMatcher,41,14,23,9,3,6,0,0,72,3,0,0.4,,1400,,,,,4,,,
CompleteGumtreeMatcher,41,14,23,9,3,6,0,0,72,3,0,0.4,,1500,,,,,4,,,
CompleteGumtreeMatcher,41,14,23,9,3,6,0,0,71,3,0,0.4,,1600,,,,,4,,,
CompleteGumtreeMatcher,41,14,23,9,3,6,0,0,72,3,0,0.4,,1700,,,,,4,,,
CompleteGumtreeMatcher,41,14,23,9,3,6,0,0,71,3,0,0.4,,1800,,,,,4,,,
CompleteGumtreeMatcher,41,14,23,9,3,6,0,0,71,3,0,0.4,,1900,,,,,4,,,
CompleteGumtreeMatcher,41,14,23,9,3,6,0,0,71,3,0,0.4,,2000,,,,,4,,,
CompleteGumtreeMatcher,478,4,245,231,0,2,0,0,1,3,0,0.4,,100,,,,,5,,,
CompleteGumtreeMatcher,478,4,245,231,0,2,0,0,1,3,0,0.4,,200,,,,,5,,,
CompleteGumtreeMatcher,478,4,245,231,0,2,0,0,1,3,0,0.4,,300,,,,,5,,,
CompleteGumtreeMatcher,41,14,23,9,3,6,0,0,71,3,0,0.4,,400,,,,,5,,,
CompleteGumtreeMatcher,41,14,23,9,3,6,0,0,71,3,0,0.4,,500,,,,,5,,,
CompleteGumtreeMatcher,41,14,23,9,3,6,0,0,71,3,0,0.4,,600,,,,,5,,,
CompleteGumtreeMatcher,41,14,23,9,3,6,0,0,71,3,0,0.4,,700,,,,,5,,,
CompleteGumtreeMatcher,41,14,23,9,3,6,0,0,71,3,0,0.4,,800,,,,,5,,,
CompleteGumtreeMatcher,41,14,23,9,3,6,0,0,72,3,0,0.4,,900,,,,,5,,,
CompleteGumtreeMatcher,41,14,23,9,3,6,0,0,71,3,0,0.4,,1000,,,,,5,,,
CompleteGumtreeMatcher,41,14,23,9,3,6,0,0,72,3,0,0.4,,1100,,,,,5,,,
CompleteGumtreeMatcher,41,14,23,9,3,6,0,0,72,3,0,0.4,,1200,,,,,5,,,
CompleteGumtreeMatcher,41,14,23,9,3,6,0,0,72,3,0,0.4,,1300,,,,,5,,,
CompleteGumtreeMatcher,41,14,23,9,3,6,0,0,72,3,0,0.4,,1400,,,,,5,,,
CompleteGumtreeMatcher,41,14,23,9,3,6,0,0,71,3,0,0.4,,1500,,,,,5,,,
CompleteGumtreeMatcher,41,14,23,9,3,6,0,0,72,3,0,0.4,,1600,,,,,5,,,
CompleteGumtreeMatcher,41,14,23,9,3,6,0,0,72,3,0,0.4,,1700,,,,,5,,,
CompleteGumtreeMatcher,41,14,23,9,3,6,0,0,72,3,0,0.4,,1800,,,,,5,,,
CompleteGumtreeMatcher,41,14,23,9,3,6,0,0,71,3,0,0.4,,1900,,,,,5,,,
CompleteGumtreeMatcher,41,14,23,9,3,6,0,0,72,3,0,0.4,,2000,,,,,5,,,
CompleteGumtreeMatcher,156,28,101,29,0,26,0,0,2,3,0,0.5,,100,,,,,1,,,
CompleteGumtreeMatcher,156,28,101,29,0,26,0,0,2,3,0,0.5,,200,,,,,1,,,
CompleteGumtreeMatcher,156,28,101,29,0,26,0,0,2,3,0,0.5,,300,,,,,1,,,
CompleteGumtreeMatcher,86,11,77,5,3,1,0,0,74,3,0,0.5,,400,,,,,1,,,
CompleteGumtreeMatcher,86,11,77,5,3,1,0,0,73,3,0,0.5,,500,,,,,1,,,
CompleteGumtreeMatcher,86,11,77,5,3,1,0,0,73,3,0,0.5,,600,,,,,1,,,
CompleteGumtreeMatcher,86,11,77,5,3,1,0,0,73,3,0,0.5,,700,,,,,1,,,
CompleteGumtreeMatcher,86,11,77,5,3,1,0,0,73,3,0,0.5,,800,,,,,1,,,
CompleteGumtreeMatcher,86,11,77,5,3,1,0,0,73,3,0,0.5,,900,,,,,1,,,
CompleteGumtreeMatcher,86,11,77,5,3,1,0,0,73,3,0,0.5,,1000,,,,,1,,,
CompleteGumtreeMatcher,86,11,77,5,3,1,0,0,73,3,0,0.5,,1100,,,,,1,,,
CompleteGumtreeMatcher,86,11,77,5,3,1,0,0,73,3,0,0.5,,1200,,,,,1,,,
CompleteGumtreeMatcher,86,11,77,5,3,1,0,0,73,3,0,0.5,,1300,,,,,1,,,
CompleteGumtreeMatcher,86,11,77,5,3,1,0,0,73,3,0,0.5,,1400,,,,,1,,,
CompleteGumtreeMatcher,86,11,77,5,3,1,0,0,73,3,0,0.5,,1500,,,,,1,,,
CompleteGumtreeMatcher,86,11,77,5,3,1,0,0,73,3,0,0.5,,1600,,,,,1,,,
CompleteGumtreeMatcher,86,11,77,5,3,1,0,0,73,3,0,0.5,,1700,,,,,1,,,
CompleteGumtreeMatcher,86,11,77,5,3,1,0,0,73,3,0,0.5,,1800,,,,,1,,,
CompleteGumtreeMatcher,86,11,77,5,3,1,0,0,73,3,0,0.5,,1900,,,,,1,,,
CompleteGumtreeMatcher,86,11,77,5,3,1,0,0,73,3,0,0.5,,2000,,,,,1,,,
CompleteGumtreeMatcher,211,23,112,78,0,21,0,0,1,3,0,0.5,,100,,,,,2,,,
CompleteGumtreeMatcher,211,23,112,78,0,21,0,0,1,3,0,0.5,,200,,,,,2,,,
CompleteGumtreeMatcher,211,23,112,78,0,21,0,0,1,3,0,0.5,,300,,,,,2,,,
CompleteGumtreeMatcher,61,14,43,9,3,6,0,0,72,3,0,0.5,,400,,,,,2,,,
CompleteGumtreeMatcher,61,14,43,9,3,6,0,0,71,3,0,0.5,,500,,,,,2,,,
CompleteGumtreeMatcher,61,14,43,9,3,6,0,0,71,3,0,0.5,,600,,,,,2,,,
CompleteGumtreeMatcher,61,14,43,9,3,6,0,0,72,3,0,0.5,,700,,,,,2,,,
CompleteGumtreeMatcher,61,14,43,9,3,6,0,0,72,3,0,0.5,,800,,,,,2,,,
CompleteGumtreeMatcher,61,14,43,9,3,6,0,0,72,3,0,0.5,,900,,,,,2,,,
CompleteGumtreeMatcher,61,14,43,9,3,6,0,0,72,3,0,0.5,,1000,,,,,2,,,
CompleteGumtreeMatcher,61,14,43,9,3,6,0,0,72,3,0,0.5,,1100,,,,,2,,,
CompleteGumtreeMatcher,61,14,43,9,3,6,0,0,72,3,0,0.5,,1200,,,,,2,,,
CompleteGumtreeMatcher,61,14,43,9,3,6,0,0,71,3,0,0.5,,1300,,,,,2,,,
CompleteGumtreeMatcher,61,14,43,9,3,6,0,0,72,3,0,0.5,,1400,,,,,2,,,
CompleteGumtreeMatcher,61,14,43,9,3,6,0,0,72,3,0,0.5,,1500,,,,,2,,,
CompleteGumtreeMatcher,61,14,43,9,3,6,0,0,72,3,0,0.5,,1600,,,,,2,,,
CompleteGumtreeMatcher,61,14,43,9,3,6,0,0,72,3,0,0.5,,1700,,,,,2,,,
CompleteGumtreeMatcher,61,14,43,9,3,6,0,0,72,3,0,0.5,,1800,,,,,2,,,
CompleteGumtreeMatcher,61,14,43,9,3,6,0,0,72,3,0,0.5,,1900,,,,,2,,,
CompleteGumtreeMatcher,61,14,43,9,3,6,0,0,72,3,0,0.5,,2000,,,,,2,,,
CompleteGumtreeMatcher,323,13,163,149,0,11,0,0,1,3,0,0.5,,100,,,,,3,,,
CompleteGumtreeMatcher,323,13,163,149,0,11,0,0,1,3,0,0.5,,200,,,,,3,,,
CompleteGumtreeMatcher,323,13,163,149,0,11,0,0,0,3,0,0.5,,300,,,,,3,,,
CompleteGumtreeMatcher,41,14,23,9,3,6,0,0,72,3,0,0.5,,400,,,,,3,,,
CompleteGumtreeMatcher,41,14,23,9,3,6,0,0,74,3,0,0.5,,500,,,,,3,,,
CompleteGumtreeMatcher,41,14,23,9,3,6,0,0,72,3,0,0.5,,600,,,,,3,,,
CompleteGumtreeMatcher,41,14,23,9,3,6,0,0,71,3,0,0.5,,700,,,,,3,,,
CompleteGumtreeMatcher,41,14,23,9,3,6,0,0,71,3,0,0.5,,800,,,,,3,,,
CompleteGumtreeMatcher,41,14,23,9,3,6,0,0,72,3,0,0.5,,900,,,,,3,,,
CompleteGumtreeMatcher,41,14,23,9,3,6,0,0,71,3,0,0.5,,1000,,,,,3,,,
CompleteGumtreeMatcher,41,14,23,9,3,6,0,0,71,3,0,0.5,,1100,,,,,3,,,
CompleteGumtreeMatcher,41,14,23,9,3,6,0,0,71,3,0,0.5,,1200,,,,,3,,,
CompleteGumtreeMatcher,41,14,23,9,3,6,0,0,71,3,0,0.5,,1300,,,,,3,,,
CompleteGumtreeMatcher,41,14,23,9,3,6,0,0,72,3,0,0.5,,1400,,,,,3,,,
CompleteGumtreeMatcher,41,14,23,9,3,6,0,0,71,3,0,0.5,,1500,,,,,3,,,
CompleteGumtreeMatcher,41,14,23,9,3,6,0,0,72,3,0,0.5,,1600,,,,,3,,,
CompleteGumtreeMatcher,41,14,23,9,3,6,0,0,72,3,0,0.5,,1700,,,,,3,,,
CompleteGumtreeMatcher,41,14,23,9,3,6,0,0,71,3,0,0.5,,1800,,,,,3,,,
CompleteGumtreeMatcher,41,14,23,9,3,6,0,0,75,3,0,0.5,,1900,,,,,3,,,
CompleteGumtreeMatcher,41,14,23,9,3,6,0,0,72,3,0,0.5,,2000,,,,,3,,,
CompleteGumtreeMatcher,478,4,245,231,0,2,0,0,1,3,0,0.5,,100,,,,,4,,,
CompleteGumtreeMatcher,478,4,245,231,0,2,0,0,1,3,0,0.5,,200,,,,,4,,,
CompleteGumtreeMatcher,478,4,245,231,0,2,0,0,1,3,0,0.5,,300,,,,,4,,,
CompleteGumtreeMatcher,41,14,23,9,3,6,0,0,72,3,0,0.5,,400,,,,,4,,,
CompleteGumtreeMatcher,41,14,23,9,3,6,0,0,72,3,0,0.5,,500,,,,,4,,,
CompleteGumtreeMatcher,41,14,23,9,3,6,0,0,73,3,0,0.5,,600,,,,,4,,,
CompleteGumtreeMatcher,41,14,23,9,3,6,0,0,71,3,0,0.5,,700,,,,,4,,,
CompleteGumtreeMatcher,41,14,23,9,3,6,0,0,72,3,0,0.5,,800,,,,,4,,,
CompleteGumtreeMatcher,41,14,23,9,3,6,0,0,71,3,0,0.5,,900,,,,,4,,,
CompleteGumtreeMatcher,41,14,23,9,3,6,0,0,71,3,0,0.5,,1000,,,,,4,,,
CompleteGumtreeMatcher,41,14,23,9,3,6,0,0,71,3,0,0.5,,1100,,,,,4,,,
CompleteGumtreeMatcher,41,14,23,9,3,6,0,0,75,3,0,0.5,,1200,,,,,4,,,
CompleteGumtreeMatcher,41,14,23,9,3,6,0,0,71,3,0,0.5,,1300,,,,,4,,,
CompleteGumtreeMatcher,41,14,23,9,3,6,0,0,71,3,0,0.5,,1400,,,,,4,,,
CompleteGumtreeMatcher,41,14,23,9,3,6,0,0,71,3,0,0.5,,1500,,,,,4,,,
CompleteGumtreeMatcher,41,14,23,9,3,6,0,0,75,3,0,0.5,,1600,,,,,4,,,
CompleteGumtreeMatcher,41,14,23,9,3,6,0,0,72,3,0,0.5,,1700,,,,,4,,,
CompleteGumtreeMatcher,41,14,23,9,3,6,0,0,71,3,0,0.5,,1800,,,,,4,,,
CompleteGumtreeMatcher,41,14,23,9,3,6,0,0,72,3,0,0.5,,1900,,,,,4,,,
CompleteGumtreeMatcher,41,14,23,9,3,6,0,0,72,3,0,0.5,,2000,,,,,4,,,
CompleteGumtreeMatcher,478,4,245,231,0,2,0,0,0,3,0,0.5,,100,,,,,5,,,
CompleteGumtreeMatcher,478,4,245,231,0,2,0,0,1,3,0,0.5,,200,,,,,5,,,
CompleteGumtreeMatcher,478,4,245,231,0,2,0,0,1,3,0,0.5,,300,,,,,5,,,
CompleteGumtreeMatcher,41,14,23,9,3,6,0,0,71,3,0,0.5,,400,,,,,5,,,
CompleteGumtreeMatcher,41,14,23,9,3,6,0,0,71,3,0,0.5,,500,,,,,5,,,
CompleteGumtreeMatcher,41,14,23,9,3,6,0,0,72,3,0,0.5,,600,,,,,5,,,
CompleteGumtreeMatcher,41,14,23,9,3,6,0,0,72,3,0,0.5,,700,,,,,5,,,
CompleteGumtreeMatcher,41,14,23,9,3,6,0,0,72,3,0,0.5,,800,,,,,5,,,
CompleteGumtreeMatcher,41,14,23,9,3,6,0,0,71,3,0,0.5,,900,,,,,5,,,
CompleteGumtreeMatcher,41,14,23,9,3,6,0,0,72,3,0,0.5,,1000,,,,,5,,,
CompleteGumtreeMatcher,41,14,23,9,3,6,0,0,75,3,0,0.5,,1100,,,,,5,,,
CompleteGumtreeMatcher,41,14,23,9,3,6,0,0,72,3,0,0.5,,1200,,,,,5,,,
CompleteGumtreeMatcher,41,14,23,9,3,6,0,0,72,3,0,0.5,,1300,,,,,5,,,
CompleteGumtreeMatcher,41,14,23,9,3,6,0,0,72,3,0,0.5,,1400,,,,,5,,,
CompleteGumtreeMatcher,41,14,23,9,3,6,0,0,72,3,0,0.5,,1500,,,,,5,,,
CompleteGumtreeMatcher,41,14,23,9,3,6,0,0,71,3,0,0.5,,1600,,,,,5,,,
CompleteGumtreeMatcher,41,14,23,9,3,6,0,0,71,3,0,0.5,,1700,,,,,5,,,
CompleteGumtreeMatcher,41,14,23,9,3,6,0,0,72,3,0,0.5,,1800,,,,,5,,,
CompleteGumtreeMatcher,41,14,23,9,3,6,0,0,72,3,0,0.5,,1900,,,,,5,,,
CompleteGumtreeMatcher,41,14,23,9,3,6,0,0,71,3,0,0.5,,2000,,,,,5,,,
CompleteGumtreeMatcher,167,28,101,40,0,26,0,0,1,3,0,0.6,,100,,,,,1,,,
CompleteGumtreeMatcher,167,28,101,40,0,26,0,0,1,3,0,0.6,,200,,,,,1,,,
CompleteGumtreeMatcher,167,28,101,40,0,26,0,0,1,3,0,0.6,,300,,,,,1,,,
CompleteGumtreeMatcher,80,12,68,7,3,2,0,0,72,3,0,0.6,,400,,,,,1,,,
CompleteGumtreeMatcher,80,12,68,7,3,2,0,0,72,3,0,0.6,,500,,,,,1,,,
CompleteGumtreeMatcher,80,12,68,7,3,2,0,0,72,3,0,0.6,,600,,,,,1,,,
CompleteGumtreeMatcher,80,12,68,7,3,2,0,0,76,3,0,0.6,,700,,,,,1,,,
CompleteGumtreeMatcher,80,12,68,7,3,2,0,0,72,3,0,0.6,,800,,,,,1,,,
CompleteGumtreeMatcher,80,12,68,7,3,2,0,0,76,3,0,0.6,,900,,,,,1,,,
CompleteGumtreeMatcher,80,12,68,7,3,2,0,0,72,3,0,0.6,,1000,,,,,1,,,
CompleteGumtreeMatcher,80,12,68,7,3,2,0,0,72,3,0,0.6,,1100,,,,,1,,,
CompleteGumtreeMatcher,80,12,68,7,3,2,0,0,72,3,0,0.6,,1200,,,,,1,,,
CompleteGumtreeMatcher,80,12,68,7,3,2,0,0,72,3,0,0.6,,1300,,,,,1,,,
CompleteGumtreeMatcher,80,12,68,7,3,2,0,0,72,3,0,0.6,,1400,,,,,1,,,
CompleteGumtreeMatcher,80,12,68,7,3,2,0,0,72,3,0,0.6,,1500,,,,,1,,,
CompleteGumtreeMatcher,80,12,68,7,3,2,0,0,72,3,0,0.6,,1600,,,,,1,,,
CompleteGumtreeMatcher,80,12,68,7,3,2,0,0,75,3,0,0.6,,1700,,,,,1,,,
CompleteGumtreeMatcher,80,12,68,7,3,2,0,0,71,3,0,0.6,,1800,,,,,1,,,
CompleteGumtreeMatcher,80,12,68,7,3,2,0,0,72,3,0,0.6,,1900,,,,,1,,,
CompleteGumtreeMatcher,80,12,68,7,3,2,0,0,72,3,0,0.6,,2000,,,,,1,,,
CompleteGumtreeMatcher,211,23,112,78,0,21,0,0,0,3,0,0.6,,100,,,,,2,,,
CompleteGumtreeMatcher,211,23,112,78,0,21,0,0,1,3,0,0.6,,200,,,,,2,,,
CompleteGumtreeMatcher,211,23,112,78,0,21,0,0,1,3,0,0.6,,300,,,,,2,,,
CompleteGumtreeMatcher,61,14,43,9,3,6,0,0,72,3,0,0.6,,400,,,,,2,,,
CompleteGumtreeMatcher,61,14,43,9,3,6,0,0,72,3,0,0.6,,500,,,,,2,,,
CompleteGumtreeMatcher,61,14,43,9,3,6,0,0,72,3,0,0.6,,600,,,,,2,,,
CompleteGumtreeMatcher,61,14,43,9,3,6,0,0,72,3,0,0.6,,700,,,,,2,,,
CompleteGumtreeMatcher,61,14,43,9,3,6,0,0,71,3,0,0.6,,800,,,,,2,,,
CompleteGumtreeMatcher,61,14,43,9,3,6,0,0,72,3,0,0.6,,900,,,,,2,,,
CompleteGumtreeMatcher,61,14,43,9,3,6,0,0,72,3,0,0.6,,1000,,,,,2,,,
CompleteGumtreeMatcher,61,14,43,9,3,6,0,0,76,3,0,0.6,,1100,,,,,2,,,
CompleteGumtreeMatcher,61,14,43,9,3,6,0,0,72,3,0,0.6,,1200,,,,,2,,,
CompleteGumtreeMatcher,61,14,43,9,3,6,0,0,71,3,0,0.6,,1300,,,,,2,,,
CompleteGumtreeMatcher,61,14,43,9,3,6,0,0,72,3,0,0.6,,1400,,,,,2,,,
CompleteGumtreeMatcher,61,14,43,9,3,6,0,0,71,3,0,0.6,,1500,,,,,2,,,
CompleteGumtreeMatcher,61,14,43,9,3,6,0,0,72,3,0,0.6,,1600,,,,,2,,,
CompleteGumtreeMatcher,61,14,43,9,3,6,0,0,71,3,0,0.6,,1700,,,,,2,,,
CompleteGumtreeMatcher,61,14,43,9,3,6,0,0,72,3,0,0.6,,1800,,,,,2,,,
CompleteGumtreeMatcher,61,14,43,9,3,6,0,0,72,3,0,0.6,,1900,,,,,2,,,
CompleteGumtreeMatcher,61,14,43,9,3,6,0,0,72,3,0,0.6,,2000,,,,,2,,,
CompleteGumtreeMatcher,323,13,163,149,0,11,0,0,0,3,0,0.6,,100,,,,,3,,,
CompleteGumtreeMatcher,323,13,163,149,0,11,0,0,1,3,0,0.6,,200,,,,,3,,,
CompleteGumtreeMatcher,323,13,163,149,0,11,0,0,1,3,0,0.6,,300,,,,,3,,,
CompleteGumtreeMatcher,41,14,23,9,3,6,0,0,75,3,0,0.6,,400,,,,,3,,,
CompleteGumtreeMatcher,41,14,23,9,3,6,0,0,72,3,0,0.6,,500,,,,,3,,,
CompleteGumtreeMatcher,41,14,23,9,3,6,0,0,73,3,0,0.6,,600,,,,,3,,,
CompleteGumtreeMatcher,41,14,23,9,3,6,0,0,73,3,0,0.6,,700,,,,,3,,,
CompleteGumtreeMatcher,41,14,23,9,3,6,0,0,73,3,0,0.6,,800,,,,,3,,,
CompleteGumtreeMatcher,41,14,23,9,3,6,0,0,72,3,0,0.6,,900,,,,,3,,,
CompleteGumtreeMatcher,41,14,23,9,3,6,0,0,73,3,0,0.6,,1000,,,,,3,,,
CompleteGumtreeMatcher,41,14,23,9,3,6,0,0,72,3,0,0.6,,1100,,,,,3,,,
CompleteGumtreeMatcher,41,14,23,9,3,6,0,0,72,3,0,0.6,,1200,,,,,3,,,
CompleteGumtreeMatcher,41,14,23,9,3,6,0,0,72,3,0,0.6,,1300,,,,,3,,,
CompleteGumtreeMatcher,41,14,23,9,3,6,0,0,74,3,0,0.6,,1400,,,,,3,,,
CompleteGumtreeMatcher,41,14,23,9,3,6,0,0,74,3,0,0.6,,1500,,,,,3,,,
CompleteGumtreeMatcher,41,14,23,9,3,6,0,0,74,3,0,0.6,,1600,,,,,3,,,
CompleteGumtreeMatcher,41,14,23,9,3,6,0,0,78,3,0,0.6,,1700,,,,,3,,,
CompleteGumtreeMatcher,41,14,23,9,3,6,0,0,74,3,0,0.6,,1800,,,,,3,,,
CompleteGumtreeMatcher,41,14,23,9,3,6,0,0,74,3,0,0.6,,1900,,,,,3,,,
CompleteGumtreeMatcher,41,14,23,9,3,6,0,0,74,3,0,0.6,,2000,,,,,3,,,
CompleteGumtreeMatcher,478,4,245,231,0,2,0,0,1,3,0,0.6,,100,,,,,4,,,
CompleteGumtreeMatcher,478,4,245,231,0,2,0,0,1,3,0,0.6,,200,,,,,4,,,
CompleteGumtreeMatcher,478,4,245,231,0,2,0,0,1,3,0,0.6,,300,,,,,4,,,
CompleteGumtreeMatcher,41,14,23,9,3,6,0,0,74,3,0,0.6,,400,,,,,4,,,
CompleteGumtreeMatcher,41,14,23,9,3,6,0,0,75,3,0,0.6,,500,,,,,4,,,
CompleteGumtreeMatcher,41,14,23,9,3,6,0,0,75,3,0,0.6,,600,,,,,4,,,
CompleteGumtreeMatcher,41,14,23,9,3,6,0,0,75,3,0,0.6,,700,,,,,4,,,
CompleteGumtreeMatcher,41,14,23,9,3,6,0,0,76,3,0,0.6,,800,,,,,4,,,
CompleteGumtreeMatcher,41,14,23,9,3,6,0,0,76,3,0,0.6,,900,,,,,4,,,
CompleteGumtreeMatcher,41,14,23,9,3,6,0,0,75,3,0,0.6,,1000,,,,,4,,,
CompleteGumtreeMatcher,41,14,23,9,3,6,0,0,75,3,0,0.6,,1100,,,,,4,,,
CompleteGumtreeMatcher,41,14,23,9,3,6,0,0,75,3,0,0.6,,1200,,,,,4,,,
CompleteGumtreeMatcher,41,14,23,9,3,6,0,0,75,3,0,0.6,,1300,,,,,4,,,
CompleteGumtreeMatcher,41,14,23,9,3,6,0,0,75,3,0,0.6,,1400,,,,,4,,,
CompleteGumtreeMatcher,41,14,23,9,3,6,0,0,74,3,0,0.6,,1500,,,,,4,,,
CompleteGumtreeMatcher,41,14,23,9,3,6,0,0,75,3,0,0.6,,1600,,,,,4,,,
CompleteGumtreeMatcher,41,14,23,9,3,6,0,0,74,3,0,0.6,,1700,,,,,4,,,
CompleteGumtreeMatcher,41,14,23,9,3,6,0,0,74,3,0,0.6,,1800,,,,,4,,,
CompleteGumtreeMatcher,41,14,23,9,3,6,0,0,74,3,0,0.6,,1900,,,,,4,,,
CompleteGumtreeMatcher,41,14,23,9,3,6,0,0,74,3,0,0.6,,2000,,,,,4,,,
CompleteGumtreeMatcher,478,4,245,231,0,2,0,0,1,3,0,0.6,,100,,,,,5,,,
CompleteGumtreeMatcher,478,4,245,231,0,2,0,0,1,3,0,0.6,,200,,,,,5,,,
CompleteGumtreeMatcher,478,4,245,231,0,2,0,0,1,3,0,0.6,,300,,,,,5,,,
CompleteGumtreeMatcher,41,14,23,9,3,6,0,0,74,3,0,0.6,,400,,,,,5,,,
CompleteGumtreeMatcher,41,14,23,9,3,6,0,0,75,3,0,0.6,,500,,,,,5,,,
CompleteGumtreeMatcher,41,14,23,9,3,6,0,0,75,3,0,0.6,,600,,,,,5,,,
CompleteGumtreeMatcher,41,14,23,9,3,6,0,0,75,3,0,0.6,,700,,,,,5,,,
CompleteGumtreeMatcher,41,14,23,9,3,6,0,0,75,3,0,0.6,,800,,,,,5,,,
CompleteGumtreeMatcher,41,14,23,9,3,6,0,0,74,3,0,0.6,,900,,,,,5,,,
CompleteGumtreeMatcher,41,14,23,9,3,6,0,0,75,3,0,0.6,,1000,,,,,5,,,
CompleteGumtreeMatcher,41,14,23,9,3,6,0,0,73,3,0,0.6,,1100,,,,,5,,,
CompleteGumtreeMatcher,41,14,23,9,3,6,0,0,73,3,0,0.6,,1200,,,,,5,,,
CompleteGumtreeMatcher,41,14,23,9,3,6,0,0,73,3,0,0.6,,1300,,,,,5,,,
CompleteGumtreeMatcher,41,14,23,9,3,6,0,0,73,3,0,0.6,,1400,,,,,5,,,
CompleteGumtreeMatcher,41,14,23,9,3,6,0,0,73,3,0,0.6,,1500,,,,,5,,,
CompleteGumtreeMatcher,41,14,23,9,3,6,0,0,72,3,0,0.6,,1600,,,,,5,,,
CompleteGumtreeMatcher,41,14,23,9,3,6,0,0,72,3,0,0.6,,1700,,,,,5,,,
CompleteGumtreeMatcher,41,14,23,9,3,6,0,0,73,3,0,0.6,,1800,,,,,5,,,
CompleteGumtreeMatcher,41,14,23,9,3,6,0,0,73,3,0,0.6,,1900,,,,,5,,,
CompleteGumtreeMatcher,41,14,23,9,3,6,0,0,72,3,0,0.6,,2000,,,,,5,,,
CompleteGumtreeMatcher,167,28,101,40,0,26,0,0,1,3,0,0.7,,100,,,,,1,,,
CompleteGumtreeMatcher,167,28,101,40,0,26,0,0,1,3,0,0.7,,200,,,,,1,,,
CompleteGumtreeMatcher,167,28,101,40,0,26,0,0,1,3,0,0.7,,300,,,,,1,,,
CompleteGumtreeMatcher,80,12,68,7,3,2,0,0,73,3,0,0.7,,400,,,,,1,,,
CompleteGumtreeMatcher,80,12,68,7,3,2,0,0,73,3,0,0.7,,500,,,,,1,,,
CompleteGumtreeMatcher,80,12,68,7,3,2,0,0,73,3,0,0.7,,600,,,,,1,,,
CompleteGumtreeMatcher,80,12,68,7,3,2,0,0,73,3,0,0.7,,700,,,,,1,,,
CompleteGumtreeMatcher,80,12,68,7,3,2,0,0,72,3,0,0.7,,800,,,,,1,,,
CompleteGumtreeMatcher,80,12,68,7,3,2,0,0,73,3,0,0.7,,900,,,,,1,,,
CompleteGumtreeMatcher,80,12,68,7,3,2,0,0,73,3,0,0.7,,1000,,,,,1,,,
CompleteGumtreeMatcher,80,12,68,7,3,2,0,0,72,3,0,0.7,,1100,,,,,1,,,
CompleteGumtreeMatcher,80,12,68,7,3,2,0,0,72,3,0,0.7,,1200,,,,,1,,,
CompleteGumtreeMatcher,80,12,68,7,3,2,0,0,73,3,0,0.7,,1300,,,,,1,,,
CompleteGumtreeMatcher,80,12,68,7,3,2,0,0,72,3,0,0.7,,1400,,,,,1,,,
CompleteGumtreeMatcher,80,12,68,7,3,2,0,0,72,3,0,0.7,,1500,,,,,1,,,
CompleteGumtreeMatcher,80,12,68,7,3,2,0,0,72,3,0,0.7,,1600,,,,,1,,,
CompleteGumtreeMatcher,80,12,68,7,3,2,0,0,72,3,0,0.7,,1700,,,,,1,,,
CompleteGumtreeMatcher,80,12,68,7,3,2,0,0,72,3,0,0.7,,1800,,,,,1,,,
CompleteGumtreeMatcher,80,12,68,7,3,2,0,0,72,3,0,0.7,,1900,,,,,1,,,
CompleteGumtreeMatcher,80,12,68,7,3,2,0,0,72,3,0,0.7,,2000,,,,,1,,,
CompleteGumtreeMatcher,211,23,112,78,0,21,0,0,1,3,0,0.7,,100,,,,,2,,,
CompleteGumtreeMatcher,211,23,112,78,0,21,0,0,1,3,0,0.7,,200,,,,,2,,,
CompleteGumtreeMatcher,211,23,112,78,0,21,0,0,1,3,0,0.7,,300,,,,,2,,,
CompleteGumtreeMatcher,61,14,43,9,3,6,0,0,72,3,0,0.7,,400,,,,,2,,,
CompleteGumtreeMatcher,61,14,43,9,3,6,0,0,72,3,0,0.7,,500,,,,,2,,,
CompleteGumtreeMatcher,61,14,43,9,3,6,0,0,71,3,0,0.7,,600,,,,,2,,,
CompleteGumtreeMatcher,61,14,43,9,3,6,0,0,72,3,0,0.7,,700,,,,,2,,,
CompleteGumtreeMatcher,61,14,43,9,3,6,0,0,72,3,0,0.7,,800,,,,,2,,,
CompleteGumtreeMatcher,61,14,43,9,3,6,0,0,72,3,0,0.7,,900,,,,,2,,,
CompleteGumtreeMatcher,61,14,43,9,3,6,0,0,72,3,0,0.7,,1000,,,,,2,,,
CompleteGumtreeMatcher,61,14,43,9,3,6,0,0,72,3,0,0.7,,1100,,,,,2,,,
CompleteGumtreeMatcher,61,14,43,9,3,6,0,0,72,3,0,0.7,,1200,,,,,2,,,
CompleteGumtreeMatcher,61,14,43,9,3,6,0,0,71,3,0,0.7,,1300,,,,,2,,,
CompleteGumtreeMatcher,61,14,43,9,3,6,0,0,71,3,0,0.7,,1400,,,,,2,,,
CompleteGumtreeMatcher,61,14,43,9,3,6,0,0,72,3,0,0.7,,1500,,,,,2,,,
CompleteGumtreeMatcher,61,14,43,9,3,6,0,0,72,3,0,0.7,,1600,,,,,2,,,
CompleteGumtreeMatcher,61,14,43,9,3,6,0,0,72,3,0,0.7,,1700,,,,,2,,,
CompleteGumtreeMatcher,61,14,43,9,3,6,0,0,73,3,0,0.7,,1800,,,,,2,,,
CompleteGumtreeMatcher,61,14,43,9,3,6,0,0,72,3,0,0.7,,1900,,,,,2,,,
CompleteGumtreeMatcher,61,14,43,9,3,6,0,0,71,3,0,0.7,,2000,,,,,2,,,
CompleteGumtreeMatcher,323,13,163,149,0,11,0,0,1,3,0,0.7,,100,,,,,3,,,
CompleteGumtreeMatcher,323,13,163,149,0,11,0,0,0,3,0,0.7,,200,,,,,3,,,
CompleteGumtreeMatcher,323,13,163,149,0,11,0,0,1,3,0,0.7,,300,,,,,3,,,
CompleteGumtreeMatcher,41,14,23,9,3,6,0,0,72,3,0,0.7,,400,,,,,3,,,
CompleteGumtreeMatcher,41,14,23,9,3,6,0,0,72,3,0,0.7,,500,,,,,3,,,
CompleteGumtreeMatcher,41,14,23,9,3,6,0,0,71,3,0,0.7,,600,,,,,3,,,
CompleteGumtreeMatcher,41,14,23,9,3,6,0,0,71,3,0,0.7,,700,,,,,3,,,
CompleteGumtreeMatcher,41,14,23,9,3,6,0,0,71,3,0,0.7,,800,,,,,3,,,
CompleteGumtreeMatcher,41,14,23,9,3,6,0,0,72,3,0,0.7,,900,,,,,3,,,
CompleteGumtreeMatcher,41,14,23,9,3,6,0,0,71,3,0,0.7,,1000,,,,,3,,,
CompleteGumtreeMatcher,41,14,23,9,3,6,0,0,71,3,0,0.7,,1100,,,,,3,,,
CompleteGumtreeMatcher,41,14,23,9,3,6,0,0,72,3,0,0.7,,1200,,,,,3,,,
CompleteGumtreeMatcher,41,14,23,9,3,6,0,0,72,3,0,0.7,,1300,,,,,3,,,
CompleteGumtreeMatcher,41,14,23,9,3,6,0,0,72,3,0,0.7,,1400,,,,,3,,,
CompleteGumtreeMatcher,41,14,23,9,3,6,0,0,72,3,0,0.7,,1500,,,,,3,,,
CompleteGumtreeMatcher,41,14,23,9,3,6,0,0,72,3,0,0.7,,1600,,,,,3,,,
CompleteGumtreeMatcher,41,14,23,9,3,6,0,0,72,3,0,0.7,,1700,,,,,3,,,
CompleteGumtreeMatcher,41,14,23,9,3,6,0,0,72,3,0,0.7,,1800,,,,,3,,,
CompleteGumtreeMatcher,41,14,23,9,3,6,0,0,71,3,0,0.7,,1900,,,,,3,,,
CompleteGumtreeMatcher,41,14,23,9,3,6,0,0,72,3,0,0.7,,2000,,,,,3,,,
CompleteGumtreeMatcher,478,4,245,231,0,2,0,0,1,3,0,0.7,,100,,,,,4,,,
CompleteGumtreeMatcher,478,4,245,231,0,2,0,0,0,3,0,0.7,,200,,,,,4,,,
CompleteGumtreeMatcher,478,4,245,231,0,2,0,0,1,3,0,0.7,,300,,,,,4,,,
CompleteGumtreeMatcher,41,14,23,9,3,6,0,0,71,3,0,0.7,,400,,,,,4,,,
CompleteGumtreeMatcher,41,14,23,9,3,6,0,0,72,3,0,0.7,,500,,,,,4,,,
CompleteGumtreeMatcher,41,14,23,9,3,6,0,0,72,3,0,0.7,,600,,,,,4,,,
CompleteGumtreeMatcher,41,14,23,9,3,6,0,0,71,3,0,0.7,,700,,,,,4,,,
CompleteGumtreeMatcher,41,14,23,9,3,6,0,0,71,3,0,0.7,,800,,,,,4,,,
CompleteGumtreeMatcher,41,14,23,9,3,6,0,0,72,3,0,0.7,,900,,,,,4,,,
CompleteGumtreeMatcher,41,14,23,9,3,6,0,0,71,3,0,0.7,,1000,,,,,4,,,
CompleteGumtreeMatcher,41,14,23,9,3,6,0,0,72,3,0,0.7,,1100,,,,,4,,,
CompleteGumtreeMatcher,41,14,23,9,3,6,0,0,72,3,0,0.7,,1200,,,,,4,,,
CompleteGumtreeMatcher,41,14,23,9,3,6,0,0,72,3,0,0.7,,1300,,,,,4,,,
CompleteGumtreeMatcher,41,14,23,9,3,6,0,0,72,3,0,0.7,,1400,,,,,4,,,
CompleteGumtreeMatcher,41,14,23,9,3,6,0,0,71,3,0,0.7,,1500,,,,,4,,,
CompleteGumtreeMatcher,41,14,23,9,3,6,0,0,71,3,0,0.7,,1600,,,,,4,,,
CompleteGumtreeMatcher,41,14,23,9,3,6,0,0,72,3,0,0.7,,1700,,,,,4,,,
CompleteGumtreeMatcher,41,14,23,9,3,6,0,0,72,3,0,0.7,,1800,,,,,4,,,
CompleteGumtreeMatcher,41,14,23,9,3,6,0,0,71,3,0,0.7,,1900,,,,,4,,,
CompleteGumtreeMatcher,41,14,23,9,3,6,0,0,72,3,0,0.7,,2000,,,,,4,,,
CompleteGumtreeMatcher,478,4,245,231,0,2,0,0,0,3,0,0.7,,100,,,,,5,,,
CompleteGumtreeMatcher,478,4,245,231,0,2,0,0,1,3,0,0.7,,200,,,,,5,,,
CompleteGumtreeMatcher,478,4,245,231,0,2,0,0,1,3,0,0.7,,300,,,,,5,,,
CompleteGumtreeMatcher,41,14,23,9,3,6,0,0,71,3,0,0.7,,400,,,,,5,,,
CompleteGumtreeMatcher,41,14,23,9,3,6,0,0,71,3,0,0.7,,500,,,,,5,,,
CompleteGumtreeMatcher,41,14,23,9,3,6,0,0,71,3,0,0.7,,600,,,,,5,,,
CompleteGumtreeMatcher,41,14,23,9,3,6,0,0,72,3,0,0.7,,700,,,,,5,,,
CompleteGumtreeMatcher,41,14,23,9,3,6,0,0,72,3,0,0.7,,800,,,,,5,,,
CompleteGumtreeMatcher,41,14,23,9,3,6,0,0,72,3,0,0.7,,900,,,,,5,,,
CompleteGumtreeMatcher,41,14,23,9,3,6,0,0,71,3,0,0.7,,1000,,,,,5,,,
CompleteGumtreeMatcher,41,14,23,9,3,6,0,0,72,3,0,0.7,,1100,,,,,5,,,
CompleteGumtreeMatcher,41,14,23,9,3,6,0,0,72,3,0,0.7,,1200,,,,,5,,,
CompleteGumtreeMatcher,41,14,23,9,3,6,0,0,71,3,0,0.7,,1300,,,,,5,,,
CompleteGumtreeMatcher,41,14,23,9,3,6,0,0,72,3,0,0.7,,1400,,,,,5,,,
CompleteGumtreeMatcher,41,14,23,9,3,6,0,0,72,3,0,0.7,,1500,,,,,5,,,
CompleteGumtreeMatcher,41,14,23,9,3,6,0,0,72,3,0,0.7,,1600,,,,,5,,,
CompleteGumtreeMatcher,41,14,23,9,3,6,0,0,71,3,0,0.7,,1700,,,,,5,,,
CompleteGumtreeMatcher,41,14,23,9,3,6,0,0,72,3,0,0.7,,1800,,,,,5,,,
CompleteGumtreeMatcher,41,14,23,9,3,6,0,0,72,3,0,0.7,,1900,,,,,5,,,
CompleteGumtreeMatcher,41,14,23,9,3,6,0,0,72,3,0,0.7,,2000,,,,,5,,,
CompleteGumtreeMatcher,167,28,101,40,0,26,0,0,1,3,0,0.799,,100,,,,,1,,,
CompleteGumtreeMatcher,167,28,101,40,0,26,0,0,1,3,0,0.799,,200,,,,,1,,,
CompleteGumtreeMatcher,167,28,101,40,0,26,0,0,1,3,0,0.799,,300,,,,,1,,,
CompleteGumtreeMatcher,80,12,68,7,3,2,0,0,72,3,0,0.799,,400,,,,,1,,,
CompleteGumtreeMatcher,80,12,68,7,3,2,0,0,72,3,0,0.799,,500,,,,,1,,,
CompleteGumtreeMatcher,80,12,68,7,3,2,0,0,72,3,0,0.799,,600,,,,,1,,,
CompleteGumtreeMatcher,80,12,68,7,3,2,0,0,72,3,0,0.799,,700,,,,,1,,,
CompleteGumtreeMatcher,80,12,68,7,3,2,0,0,72,3,0,0.799,,800,,,,,1,,,
CompleteGumtreeMatcher,80,12,68,7,3,2,0,0,72,3,0,0.799,,900,,,,,1,,,
CompleteGumtreeMatcher,80,12,68,7,3,2,0,0,72,3,0,0.799,,1000,,,,,1,,,
CompleteGumtreeMatcher,80,12,68,7,3,2,0,0,72,3,0,0.799,,1100,,,,,1,,,
CompleteGumtreeMatcher,80,12,68,7,3,2,0,0,72,3,0,0.799,,1200,,,,,1,,,
CompleteGumtreeMatcher,80,12,68,7,3,2,0,0,72,3,0,0.799,,1300,,,,,1,,,
CompleteGumtreeMatcher,80,12,68,7,3,2,0,0,72,3,0,0.799,,1400,,,,,1,,,
CompleteGumtreeMatcher,80,12,68,7,3,2,0,0,72,3,0,0.799,,1500,,,,,1,,,
CompleteGumtreeMatcher,80,12,68,7,3,2,0,0,72,3,0,0.799,,1600,,,,,1,,,
CompleteGumtreeMatcher,80,12,68,7,3,2,0,0,72,3,0,0.799,,1700,,,,,1,,,
CompleteGumtreeMatcher,80,12,68,7,3,2,0,0,72,3,0,0.799,,1800,,,,,1,,,
CompleteGumtreeMatcher,80,12,68,7,3,2,0,0,72,3,0,0.799,,1900,,,,,1,,,
CompleteGumtreeMatcher,80,12,68,7,3,2,0,0,72,3,0,0.799,,2000,,,,,1,,,
CompleteGumtreeMatcher,211,23,112,78,0,21,0,0,1,3,0,0.799,,100,,,,,2,,,
CompleteGumtreeMatcher,211,23,112,78,0,21,0,0,0,3,0,0.799,,200,,,,,2,,,
CompleteGumtreeMatcher,211,23,112,78,0,21,0,0,1,3,0,0.799,,300,,,,,2,,,
CompleteGumtreeMatcher,61,14,43,9,3,6,0,0,72,3,0,0.799,,400,,,,,2,,,
CompleteGumtreeMatcher,61,14,43,9,3,6,0,0,71,3,0,0.799,,500,,,,,2,,,
CompleteGumtreeMatcher,61,14,43,9,3,6,0,0,71,3,0,0.799,,600,,,,,2,,,
CompleteGumtreeMatcher,61,14,43,9,3,6,0,0,71,3,0,0.799,,700,,,,,2,,,
CompleteGumtreeMatcher,61,14,43,9,3,6,0,0,71,3,0,0.799,,800,,,,,2,,,
CompleteGumtreeMatcher,61,14,43,9,3,6,0,0,72,3,0,0.799,,900,,,,,2,,,
CompleteGumtreeMatcher,61,14,43,9,3,6,0,0,71,3,0,0.799,,1000,,,,,2,,,
CompleteGumtreeMatcher,61,14,43,9,3,6,0,0,72,3,0,0.799,,1100,,,,,2,,,
CompleteGumtreeMatcher,61,14,43,9,3,6,0,0,72,3,0,0.799,,1200,,,,,2,,,
CompleteGumtreeMatcher,61,14,43,9,3,6,0,0,72,3,0,0.799,,1300,,,,,2,,,
CompleteGumtreeMatcher,61,14,43,9,3,6,0,0,72,3,0,0.799,,1400,,,,,2,,,
CompleteGumtreeMatcher,61,14,43,9,3,6,0,0,72,3,0,0.799,,1500,,,,,2,,,
CompleteGumtreeMatcher,61,14,43,9,3,6,0,0,72,3,0,0.799,,1600,,,,,2,,,
CompleteGumtreeMatcher,61,14,43,9,3,6,0,0,72,3,0,0.799,,1700,,,,,2,,,
CompleteGumtreeMatcher,61,14,43,9,3,6,0,0,72,3,0,0.799,,1800,,,,,2,,,
CompleteGumtreeMatcher,61,14,43,9,3,6,0,0,72,3,0,0.799,,1900,,,,,2,,,
CompleteGumtreeMatcher,61,14,43,9,3,6,0,0,72,3,0,0.799,,2000,,,,,2,,,
CompleteGumtreeMatcher,323,13,163,149,0,11,0,0,1,3,0,0.799,,100,,,,,3,,,
CompleteGumtreeMatcher,323,13,163,149,0,11,0,0,1,3,0,0.799,,200,,,,,3,,,
CompleteGumtreeMatcher,323,13,163,149,0,11,0,0,0,3,0,0.799,,300,,,,,3,,,
CompleteGumtreeMatcher,41,14,23,9,3,6,0,0,72,3,0,0.799,,400,,,,,3,,,
CompleteGumtreeMatcher,41,14,23,9,3,6,0,0,72,3,0,0.799,,500,,,,,3,,,
CompleteGumtreeMatcher,41,14,23,9,3,6,0,0,72,3,0,0.799,,600,,,,,3,,,
CompleteGumtreeMatcher,41,14,23,9,3,6,0,0,72,3,0,0.799,,700,,,,,3,,,
CompleteGumtreeMatcher,41,14,23,9,3,6,0,0,72,3,0,0.799,,800,,,,,3,,,
CompleteGumtreeMatcher,41,14,23,9,3,6,0,0,72,3,0,0.799,,900,,,,,3,,,
CompleteGumtreeMatcher,41,14,23,9,3,6,0,0,73,3,0,0.799,,1000,,,,,3,,,
CompleteGumtreeMatcher,41,14,23,9,3,6,0,0,71,3,0,0.799,,1100,,,,,3,,,
CompleteGumtreeMatcher,41,14,23,9,3,6,0,0,71,3,0,0.799,,1200,,,,,3,,,
CompleteGumtreeMatcher,41,14,23,9,3,6,0,0,72,3,0,0.799,,1300,,,,,3,,,
CompleteGumtreeMatcher,41,14,23,9,3,6,0,0,71,3,0,0.799,,1400,,,,,3,,,
CompleteGumtreeMatcher,41,14,23,9,3,6,0,0,71,3,0,0.799,,1500,,,,,3,,,
CompleteGumtreeMatcher,41,14,23,9,3,6,0,0,71,3,0,0.799,,1600,,,,,3,,,
CompleteGumtreeMatcher,41,14,23,9,3,6,0,0,71,3,0,0.799,,1700,,,,,3,,,
CompleteGumtreeMatcher,41,14,23,9,3,6,0,0,71,3,0,0.799,,1800,,,,,3,,,
CompleteGumtreeMatcher,41,14,23,9,3,6,0,0,71,3,0,0.799,,1900,,,,,3,,,
CompleteGumtreeMatcher,41,14,23,9,3,6,0,0,72,3,0,0.799,,2000,,,,,3,,,
CompleteGumtreeMatcher,478,4,245,231,0,2,0,0,1,3,0,0.799,,100,,,,,4,,,
CompleteGumtreeMatcher,478,4,245,231,0,2,0,0,1,3,0,0.799,,200,,,,,4,,,
CompleteGumtreeMatcher,478,4,245,231,0,2,0,0,0,3,0,0.799,,300,,,,,4,,,
CompleteGumtreeMatcher,41,14,23,9,3,6,0,0,72,3,0,0.799,,400,,,,,4,,,
CompleteGumtreeMatcher,41,14,23,9,3,6,0,0,72,3,0,0.799,,500,,,,,4,,,
CompleteGumtreeMatcher,41,14,23,9,3,6,0,0,71,3,0,0.799,,600,,,,,4,,,
CompleteGumtreeMatcher,41,14,23,9,3,6,0,0,72,3,0,0.799,,700,,,,,4,,,
CompleteGumtreeMatcher,41,14,23,9,3,6,0,0,72,3,0,0.799,,800,,,,,4,,,
CompleteGumtreeMatcher,41,14,23,9,3,6,0,0,72,3,0,0.799,,900,,,,,4,,,
CompleteGumtreeMatcher,41,14,23,9,3,6,0,0,72,3,0,0.799,,1000,,,,,4,,,
CompleteGumtreeMatcher,41,14,23,9,3,6,0,0,72,3,0,0.799,,1100,,,,,4,,,
CompleteGumtreeMatcher,41,14,23,9,3,6,0,0,72,3,0,0.799,,1200,,,,,4,,,
CompleteGumtreeMatcher,41,14,23,9,3,6,0,0,72,3,0,0.799,,1300,,,,,4,,,
CompleteGumtreeMatcher,41,14,23,9,3,6,0,0,71,3,0,0.799,,1400,,,,,4,,,
CompleteGumtreeMatcher,41,14,23,9,3,6,0,0,71,3,0,0.799,,1500,,,,,4,,,
CompleteGumtreeMatcher,41,14,23,9,3,6,0,0,72,3,0,0.799,,1600,,,,,4,,,
CompleteGumtreeMatcher,41,14,23,9,3,6,0,0,72,3,0,0.799,,1700,,,,,4,,,
CompleteGumtreeMatcher,41,14,23,9,3,6,0,0,71,3,0,0.799,,1800,,,,,4,,,
CompleteGumtreeMatcher,41,14,23,9,3,6,0,0,71,3,0,0.799,,1900,,,,,4,,,
CompleteGumtreeMatcher,41,14,23,9,3,6,0,0,71,3,0,0.799,,2000,,,,,4,,,
CompleteGumtreeMatcher,478,4,245,231,0,2,0,0,1,3,0,0.799,,100,,,,,5,,,
CompleteGumtreeMatcher,478,4,245,231,0,2,0,0,1,3,0,0.799,,200,,,,,5,,,
CompleteGumtreeMatcher,478,4,245,231,0,2,0,0,1,3,0,0.799,,300,,,,,5,,,
CompleteGumtreeMatcher,41,14,23,9,3,6,0,0,72,3,0,0.799,,400,,,,,5,,,
CompleteGumtreeMatcher,41,14,23,9,3,6,0,0,71,3,0,0.799,,500,,,,,5,,,
CompleteGumtreeMatcher,41,14,23,9,3,6,0,0,71,3,0,0.799,,600,,,,,5,,,
CompleteGumtreeMatcher,41,14,23,9,3,6,0,0,72,3,0,0.799,,700,,,,,5,,,
CompleteGumtreeMatcher,41,14,23,9,3,6,0,0,72,3,0,0.799,,800,,,,,5,,,
CompleteGumtreeMatcher,41,14,23,9,3,6,0,0,71,3,0,0.799,,900,,,,,5,,,
CompleteGumtreeMatcher,41,14,23,9,3,6,0,0,71,3,0,0.799,,1000,,,,,5,,,
CompleteGumtreeMatcher,41,14,23,9,3,6,0,0,72,3,0,0.799,,1100,,,,,5,,,
CompleteGumtreeMatcher,41,14,23,9,3,6,0,0,72,3,0,0.799,,1200,,,,,5,,,
CompleteGumtreeMatcher,41,14,23,9,3,6,0,0,71,3,0,0.799,,1300,,,,,5,,,
CompleteGumtreeMatcher,41,14,23,9,3,6,0,0,71,3,0,0.799,,1400,,,,,5,,,
CompleteGumtreeMatcher,41,14,23,9,3,6,0,0,72,3,0,0.799,,1500,,,,,5,,,
CompleteGumtreeMatcher,41,14,23,9,3,6,0,0,72,3,0,0.799,,1600,,,,,5,,,
CompleteGumtreeMatcher,41,14,23,9,3,6,0,0,71,3,0,0.799,,1700,,,,,5,,,
CompleteGumtreeMatcher,41,14,23,9,3,6,0,0,71,3,0,0.799,,1800,,,,,5,,,
CompleteGumtreeMatcher,41,14,23,9,3,6,0,0,72,3,0,0.799,,1900,,,,,5,,,
CompleteGumtreeMatcher,41,14,23,9,3,6,0,0,72,3,0,0.799,,2000,,,,,5,,,
CompleteGumtreeMatcher,167,28,101,40,0,26,0,0,1,3,0,0.899,,100,,,,,1,,,
CompleteGumtreeMatcher,167,28,101,40,0,26,0,0,1,3,0,0.899,,200,,,,,1,,,
CompleteGumtreeMatcher,167,28,101,40,0,26,0,0,1,3,0,0.899,,300,,,,,1,,,
CompleteGumtreeMatcher,80,12,68,7,3,2,0,0,72,3,0,0.899,,400,,,,,1,,,
CompleteGumtreeMatcher,80,12,68,7,3,2,0,0,72,3,0,0.899,,500,,,,,1,,,
CompleteGumtreeMatcher,80,12,68,7,3,2,0,0,72,3,0,0.899,,600,,,,,1,,,
CompleteGumtreeMatcher,80,12,68,7,3,2,0,0,72,3,0,0.899,,700,,,,,1,,,
CompleteGumtreeMatcher,80,12,68,7,3,2,0,0,72,3,0,0.899,,800,,,,,1,,,
CompleteGumtreeMatcher,80,12,68,7,3,2,0,0,72,3,0,0.899,,900,,,,,1,,,
CompleteGumtreeMatcher,80,12,68,7,3,2,0,0,72,3,0,0.899,,1000,,,,,1,,,
CompleteGumtreeMatcher,80,12,68,7,3,2,0,0,72,3,0,0.899,,1100,,,,,1,,,
CompleteGumtreeMatcher,80,12,68,7,3,2,0,0,72,3,0,0.899,,1200,,,,,1,,,
CompleteGumtreeMatcher,80,12,68,7,3,2,0,0,72,3,0,0.899,,1300,,,,,1,,,
CompleteGumtreeMatcher,80,12,68,7,3,2,0,0,73,3,0,0.899,,1400,,,,,1,,,
CompleteGumtreeMatcher,80,12,68,7,3,2,0,0,72,3,0,0.899,,1500,,,,,1,,,
CompleteGumtreeMatcher,80,12,68,7,3,2,0,0,72,3,0,0.899,,1600,,,,,1,,,
CompleteGumtreeMatcher,80,12,68,7,3,2,0,0,73,3,0,0.899,,1700,,,,,1,,,
CompleteGumtreeMatcher,80,12,68,7,3,2,0,0,72,3,0,0.899,,1800,,,,,1,,,
CompleteGumtreeMatcher,80,12,68,7,3,2,0,0,72,3,0,0.899,,1900,,,,,1,,,
CompleteGumtreeMatcher,80,12,68,7,3,2,0,0,72,3,0,0.899,,2000,,,,,1,,,
CompleteGumtreeMatcher,211,23,112,78,0,21,0,0,1,3,0,0.899,,100,,,,,2,,,
CompleteGumtreeMatcher,211,23,112,78,0,21,0,0,1,3,0,0.899,,200,,,,,2,,,
CompleteGumtreeMatcher,211,23,112,78,0,21,0,0,1,3,0,0.899,,300,,,,,2,,,
CompleteGumtreeMatcher,61,14,43,9,3,6,0,0,72,3,0,0.899,,400,,,,,2,,,
CompleteGumtreeMatcher,61,14,43,9,3,6,0,0,72,3,0,0.899,,500,,,,,2,,,
CompleteGumtreeMatcher,61,14,43,9,3,6,0,0,77,3,0,0.899,,600,,,,,2,,,
CompleteGumtreeMatcher,61,14,43,9,3,6,0,0,77,3,0,0.899,,700,,,,,2,,,
CompleteGumtreeMatcher,61,14,43,9,3,6,0,0,77,3,0,0.899,,800,,,,,2,,,
CompleteGumtreeMatcher,61,14,43,9,3,6,0,0,78,3,0,0.899,,900,,,,,2,,,
CompleteGumtreeMatcher,61,14,43,9,3,6,0,0,77,3,0,0.899,,1000,,,,,2,,,
CompleteGumtreeMatcher,61,14,43,9,3,6,0,0,77,3,0,0.899,,1100,,,,,2,,,
CompleteGumtreeMatcher,61,14,43,9,3,6,0,0,77,3,0,0.899,,1200,,,,,2,,,
CompleteGumtreeMatcher,61,14,43,9,3,6,0,0,78,3,0,0.899,,1300,,,,,2,,,
CompleteGumtreeMatcher,61,14,43,9,3,6,0,0,77,3,0,0.899,,1400,,,,,2,,,
CompleteGumtreeMatcher,61,14,43,9,3,6,0,0,77,3,0,0.899,,1500,,,,,2,,,
CompleteGumtreeMatcher,61,14,43,9,3,6,0,0,72,3,0,0.899,,1600,,,,,2,,,
CompleteGumtreeMatcher,61,14,43,9,3,6,0,0,72,3,0,0.899,,1700,,,,,2,,,
CompleteGumtreeMatcher,61,14,43,9,3,6,0,0,72,3,0,0.899,,1800,,,,,2,,,
CompleteGumtreeMatcher,61,14,43,9,3,6,0,0,71,3,0,0.899,,1900,,,,,2,,,
CompleteGumtreeMatcher,61,14,43,9,3,6,0,0,71,3,0,0.899,,2000,,,,,2,,,
CompleteGumtreeMatcher,323,13,163,149,0,11,0,0,1,3,0,0.899,,100,,,,,3,,,
CompleteGumtreeMatcher,323,13,163,149,0,11,0,0,1,3,0,0.899,,200,,,,,3,,,
CompleteGumtreeMatcher,323,13,163,149,0,11,0,0,1,3,0,0.899,,300,,,,,3,,,
CompleteGumtreeMatcher,41,14,23,9,3,6,0,0,71,3,0,0.899,,400,,,,,3,,,
CompleteGumtreeMatcher,41,14,23,9,3,6,0,0,72,3,0,0.899,,500,,,,,3,,,
CompleteGumtreeMatcher,41,14,23,9,3,6,0,0,71,3,0,0.899,,600,,,,,3,,,
CompleteGumtreeMatcher,41,14,23,9,3,6,0,0,71,3,0,0.899,,700,,,,,3,,,
CompleteGumtreeMatcher,41,14,23,9,3,6,0,0,72,3,0,0.899,,800,,,,,3,,,
CompleteGumtreeMatcher,41,14,23,9,3,6,0,0,71,3,0,0.899,,900,,,,,3,,,
CompleteGumtreeMatcher,41,14,23,9,3,6,0,0,71,3,0,0.899,,1000,,,,,3,,,
CompleteGumtreeMatcher,41,14,23,9,3,6,0,0,72,3,0,0.899,,1100,,,,,3,,,
CompleteGumtreeMatcher,41,14,23,9,3,6,0,0,72,3,0,0.899,,1200,,,,,3,,,
CompleteGumtreeMatcher,41,14,23,9,3,6,0,0,72,3,0,0.899,,1300,,,,,3,,,
CompleteGumtreeMatcher,41,14,23,9,3,6,0,0,72,3,0,0.899,,1400,,,,,3,,,
CompleteGumtreeMatcher,41,14,23,9,3,6,0,0,71,3,0,0.899,,1500,,,,,3,,,
CompleteGumtreeMatcher,41,14,23,9,3,6,0,0,72,3,0,0.899,,1600,,,,,3,,,
CompleteGumtreeMatcher,41,14,23,9,3,6,0,0,71,3,0,0.899,,1700,,,,,3,,,
CompleteGumtreeMatcher,41,14,23,9,3,6,0,0,71,3,0,0.899,,1800,,,,,3,,,
CompleteGumtreeMatcher,41,14,23,9,3,6,0,0,72,3,0,0.899,,1900,,,,,3,,,
CompleteGumtreeMatcher,41,14,23,9,3,6,0,0,72,3,0,0.899,,2000,,,,,3,,,
CompleteGumtreeMatcher,478,4,245,231,0,2,0,0,1,3,0,0.899,,100,,,,,4,,,
CompleteGumtreeMatcher,478,4,245,231,0,2,0,0,0,3,0,0.899,,200,,,,,4,,,
CompleteGumtreeMatcher,478,4,245,231,0,2,0,0,1,3,0,0.899,,300,,,,,4,,,
CompleteGumtreeMatcher,41,14,23,9,3,6,0,0,72,3,0,0.899,,400,,,,,4,,,
CompleteGumtreeMatcher,41,14,23,9,3,6,0,0,71,3,0,0.899,,500,,,,,4,,,
CompleteGumtreeMatcher,41,14,23,9,3,6,0,0,71,3,0,0.899,,600,,,,,4,,,
CompleteGumtreeMatcher,41,14,23,9,3,6,0,0,71,3,0,0.899,,700,,,,,4,,,
CompleteGumtreeMatcher,41,14,23,9,3,6,0,0,72,3,0,0.899,,800,,,,,4,,,
CompleteGumtreeMatcher,41,14,23,9,3,6,0,0,71,3,0,0.899,,900,,,,,4,,,
CompleteGumtreeMatcher,41,14,23,9,3,6,0,0,72,3,0,0.899,,1000,,,,,4,,,
CompleteGumtreeMatcher,41,14,23,9,3,6,0,0,72,3,0,0.899,,1100,,,,,4,,,
CompleteGumtreeMatcher,41,14,23,9,3,6,0,0,72,3,0,0.899,,1200,,,,,4,,,
CompleteGumtreeMatcher,41,14,23,9,3,6,0,0,71,3,0,0.899,,1300,,,,,4,,,
CompleteGumtreeMatcher,41,14,23,9,3,6,0,0,71,3,0,0.899,,1400,,,,,4,,,
CompleteGumtreeMatcher,41,14,23,9,3,6,0,0,72,3,0,0.899,,1500,,,,,4,,,
CompleteGumtreeMatcher,41,14,23,9,3,6,0,0,72,3,0,0.899,,1600,,,,,4,,,
CompleteGumtreeMatcher,41,14,23,9,3,6,0,0,71,3,0,0.899,,1700,,,,,4,,,
CompleteGumtreeMatcher,41,14,23,9,3,6,0,0,71,3,0,0.899,,1800,,,,,4,,,
CompleteGumtreeMatcher,41,14,23,9,3,6,0,0,72,3,0,0.899,,1900,,,,,4,,,
CompleteGumtreeMatcher,41,14,23,9,3,6,0,0,71,3,0,0.899,,2000,,,,,4,,,
CompleteGumtreeMatcher,478,4,245,231,0,2,0,0,1,3,0,0.899,,100,,,,,5,,,
CompleteGumtreeMatcher,478,4,245,231,0,2,0,0,0,3,0,0.899,,200,,,,,5,,,
CompleteGumtreeMatcher,478,4,245,231,0,2,0,0,1,3,0,0.899,,300,,,,,5,,,
CompleteGumtreeMatcher,41,14,23,9,3,6,0,0,72,3,0,0.899,,400,,,,,5,,,
CompleteGumtreeMatcher,41,14,23,9,3,6,0,0,71,3,0,0.899,,500,,,,,5,,,
CompleteGumtreeMatcher,41,14,23,9,3,6,0,0,72,3,0,0.899,,600,,,,,5,,,
CompleteGumtreeMatcher,41,14,23,9,3,6,0,0,72,3,0,0.899,,700,,,,,5,,,
CompleteGumtreeMatcher,41,14,23,9,3,6,0,0,71,3,0,0.899,,800,,,,,5,,,
CompleteGumtreeMatcher,41,14,23,9,3,6,0,0,71,3,0,0.899,,900,,,,,5,,,
CompleteGumtreeMatcher,41,14,23,9,3,6,0,0,72,3,0,0.899,,1000,,,,,5,,,
CompleteGumtreeMatcher,41,14,23,9,3,6,0,0,71,3,0,0.899,,1100,,,,,5,,,
CompleteGumtreeMatcher,41,14,23,9,3,6,0,0,71,3,0,0.899,,1200,,,,,5,,,
CompleteGumtreeMatcher,41,14,23,9,3,6,0,0,72,3,0,0.899,,1300,,,,,5,,,
CompleteGumtreeMatcher,41,14,23,9,3,6,0,0,72,3,0,0.899,,1400,,,,,5,,,
CompleteGumtreeMatcher,41,14,23,9,3,6,0,0,72,3,0,0.899,,1500,,,,,5,,,
CompleteGumtreeMatcher,41,14,23,9,3,6,0,0,71,3,0,0.899,,1600,,,,,5,,,
CompleteGumtreeMatcher,41,14,23,9,3,6,0,0,71,3,0,0.899,,1700,,,,,5,,,
CompleteGumtreeMatcher,41,14,23,9,3,6,0,0,72,3,0,0.899,,1800,,,,,5,,,
CompleteGumtreeMatcher,41,14,23,9,3,6,0,0,72,3,0,0.899,,1900,,,,,5,,,
CompleteGumtreeMatcher,41,14,23,9,3,6,0,0,71,3,0,0.899,,2000,,,,,5,,,
CompleteGumtreeMatcher,167,28,101,40,0,26,0,0,1,3,0,0.999,,100,,,,,1,,,
CompleteGumtreeMatcher,167,28,101,40,0,26,0,0,1,3,0,0.999,,200,,,,,1,,,
CompleteGumtreeMatcher,167,28,101,40,0,26,0,0,2,3,0,0.999,,300,,,,,1,,,
CompleteGumtreeMatcher,80,12,68,7,3,2,0,0,72,3,0,0.999,,400,,,,,1,,,
CompleteGumtreeMatcher,80,12,68,7,3,2,0,0,71,3,0,0.999,,500,,,,,1,,,
CompleteGumtreeMatcher,80,12,68,7,3,2,0,0,71,3,0,0.999,,600,,,,,1,,,
CompleteGumtreeMatcher,80,12,68,7,3,2,0,0,72,3,0,0.999,,700,,,,,1,,,
CompleteGumtreeMatcher,80,12,68,7,3,2,0,0,71,3,0,0.999,,800,,,,,1,,,
CompleteGumtreeMatcher,80,12,68,7,3,2,0,0,72,3,0,0.999,,900,,,,,1,,,
CompleteGumtreeMatcher,80,12,68,7,3,2,0,0,74,3,0,0.999,,1000,,,,,1,,,
CompleteGumtreeMatcher,80,12,68,7,3,2,0,0,72,3,0,0.999,,1100,,,,,1,,,
CompleteGumtreeMatcher,80,12,68,7,3,2,0,0,72,3,0,0.999,,1200,,,,,1,,,
CompleteGumtreeMatcher,80,12,68,7,3,2,0,0,72,3,0,0.999,,1300,,,,,1,,,
CompleteGumtreeMatcher,80,12,68,7,3,2,0,0,72,3,0,0.999,,1400,,,,,1,,,
CompleteGumtreeMatcher,80,12,68,7,3,2,0,0,72,3,0,0.999,,1500,,,,,1,,,
CompleteGumtreeMatcher,80,12,68,7,3,2,0,0,72,3,0,0.999,,1600,,,,,1,,,
CompleteGumtreeMatcher,80,12,68,7,3,2,0,0,72,3,0,0.999,,1700,,,,,1,,,
CompleteGumtreeMatcher,80,12,68,7,3,2,0,0,72,3,0,0.999,,1800,,,,,1,,,
CompleteGumtreeMatcher,80,12,68,7,3,2,0,0,72,3,0,0.999,,1900,,,,,1,,,
CompleteGumtreeMatcher,80,12,68,7,3,2,0,0,72,3,0,0.999,,2000,,,,,1,,,
CompleteGumtreeMatcher,211,23,112,78,0,21,0,0,1,3,0,0.999,,100,,,,,2,,,
CompleteGumtreeMatcher,211,23,112,78,0,21,0,0,1,3,0,0.999,,200,,,,,2,,,
CompleteGumtreeMatcher,211,23,112,78,0,21,0,0,1,3,0,0.999,,300,,,,,2,,,
CompleteGumtreeMatcher,61,14,43,9,3,6,0,0,72,3,0,0.999,,400,,,,,2,,,
CompleteGumtreeMatcher,61,14,43,9,3,6,0,0,71,3,0,0.999,,500,,,,,2,,,
CompleteGumtreeMatcher,61,14,43,9,3,6,0,0,75,3,0,0.999,,600,,,,,2,,,
CompleteGumtreeMatcher,61,14,43,9,3,6,0,0,71,3,0,0.999,,700,,,,,2,,,
CompleteGumtreeMatcher,61,14,43,9,3,6,0,0,72,3,0,0.999,,800,,,,,2,,,
CompleteGumtreeMatcher,61,14,43,9,3,6,0,0,72,3,0,0.999,,900,,,,,2,,,
CompleteGumtreeMatcher,61,14,43,9,3,6,0,0,71,3,0,0.999,,1000,,,,,2,,,
CompleteGumtreeMatcher,61,14,43,9,3,6,0,0,72,3,0,0.999,,1100,,,,,2,,,
CompleteGumtreeMatcher,61,14,43,9,3,6,0,0,72,3,0,0.999,,1200,,,,,2,,,
CompleteGumtreeMatcher,61,14,43,9,3,6,0,0,71,3,0,0.999,,1300,,,,,2,,,
CompleteGumtreeMatcher,61,14,43,9,3,6,0,0,72,3,0,0.999,,1400,,,,,2,,,
CompleteGumtreeMatcher,61,14,43,9,3,6,0,0,72,3,0,0.999,,1500,,,,,2,,,
CompleteGumtreeMatcher,61,14,43,9,3,6,0,0,72,3,0,0.999,,1600,,,,,2,,,
CompleteGumtreeMatcher,61,14,43,9,3,6,0,0,71,3,0,0.999,,1700,,,,,2,,,
CompleteGumtreeMatcher,61,14,43,9,3,6,0,0,72,3,0,0.999,,1800,,,,,2,,,
CompleteGumtreeMatcher,61,14,43,9,3,6,0,0,75,3,0,0.999,,1900,,,,,2,,,
CompleteGumtreeMatcher,61,14,43,9,3,6,0,0,72,3,0,0.999,,2000,,,,,2,,,
CompleteGumtreeMatcher,323,13,163,149,0,11,0,0,1,3,0,0.999,,100,,,,,3,,,
CompleteGumtreeMatcher,323,13,163,149,0,11,0,0,1,3,0,0.999,,200,,,,,3,,,
CompleteGumtreeMatcher,323,13,163,149,0,11,0,0,0,3,0,0.999,,300,,,,,3,,,
CompleteGumtreeMatcher,41,14,23,9,3,6,0,0,72,3,0,0.999,,400,,,,,3,,,
CompleteGumtreeMatcher,41,14,23,9,3,6,0,0,72,3,0,0.999,,500,,,,,3,,,
CompleteGumtreeMatcher,41,14,23,9,3,6,0,0,72,3,0,0.999,,600,,,,,3,,,
CompleteGumtreeMatcher,41,14,23,9,3,6,0,0,71,3,0,0.999,,700,,,,,3,,,
CompleteGumtreeMatcher,41,14,23,9,3,6,0,0,71,3,0,0.999,,800,,,,,3,,,
CompleteGumtreeMatcher,41,14,23,9,3,6,0,0,71,3,0,0.999,,900,,,,,3,,,
CompleteGumtreeMatcher,41,14,23,9,3,6,0,0,72,3,0,0.999,,1000,,,,,3,,,
CompleteGumtreeMatcher,41,14,23,9,3,6,0,0,71,3,0,0.999,,1100,,,,,3,,,
CompleteGumtreeMatcher,41,14,23,9,3,6,0,0,72,3,0,0.999,,1200,,,,,3,,,
CompleteGumtreeMatcher,41,14,23,9,3,6,0,0,75,3,0,0.999,,1300,,,,,3,,,
CompleteGumtreeMatcher,41,14,23,9,3,6,0,0,72,3,0,0.999,,1400,,,,,3,,,
CompleteGumtreeMatcher,41,14,23,9,3,6,0,0,71,3,0,0.999,,1500,,,,,3,,,
CompleteGumtreeMatcher,41,14,23,9,3,6,0,0,72,3,0,0.999,,1600,,,,,3,,,
CompleteGumtreeMatcher,41,14,23,9,3,6,0,0,72,3,0,0.999,,1700,,,,,3,,,
CompleteGumtreeMatcher,41,14,23,9,3,6,0,0,72,3,0,0.999,,1800,,,,,3,,,
CompleteGumtreeMatcher,41,14,23,9,3,6,0,0,72,3,0,0.999,,1900,,,,,3,,,
CompleteGumtreeMatcher,41,14,23,9,3,6,0,0,71,3,0,0.999,,2000,,,,,3,,,
CompleteGumtreeMatcher,478,4,245,231,0,2,0,0,1,3,0,0.999,,100,,,,,4,,,
CompleteGumtreeMatcher,478,4,245,231,0,2,0,0,1,3,0,0.999,,200,,,,,4,,,
CompleteGumtreeMatcher,478,4,245,231,0,2,0,0,0,3,0,0.999,,300,,,,,4,,,
CompleteGumtreeMatcher,41,14,23,9,3,6,0,0,71,3,0,0.999,,400,,,,,4,,,
CompleteGumtreeMatcher,41,14,23,9,3,6,0,0,71,3,0,0.999,,500,,,,,4,,,
CompleteGumtreeMatcher,41,14,23,9,3,6,0,0,72,3,0,0.999,,600,,,,,4,,,
CompleteGumtreeMatcher,41,14,23,9,3,6,0,0,71,3,0,0.999,,700,,,,,4,,,
CompleteGumtreeMatcher,41,14,23,9,3,6,0,0,72,3,0,0.999,,800,,,,,4,,,
CompleteGumtreeMatcher,41,14,23,9,3,6,0,0,71,3,0,0.999,,900,,,,,4,,,
CompleteGumtreeMatcher,41,14,23,9,3,6,0,0,71,3,0,0.999,,1000,,,,,4,,,
CompleteGumtreeMatcher,41,14,23,9,3,6,0,0,72,3,0,0.999,,1100,,,,,4,,,
CompleteGumtreeMatcher,41,14,23,9,3,6,0,0,72,3,0,0.999,,1200,,,,,4,,,
CompleteGumtreeMatcher,41,14,23,9,3,6,0,0,72,3,0,0.999,,1300,,,,,4,,,
CompleteGumtreeMatcher,41,14,23,9,3,6,0,0,71,3,0,0.999,,1400,,,,,4,,,
CompleteGumtreeMatcher,41,14,23,9,3,6,0,0,72,3,0,0.999,,1500,,,,,4,,,
CompleteGumtreeMatcher,41,14,23,9,3,6,0,0,71,3,0,0.999,,1600,,,,,4,,,
CompleteGumtreeMatcher,41,14,23,9,3,6,0,0,72,3,0,0.999,,1700,,,,,4,,,
CompleteGumtreeMatcher,41,14,23,9,3,6,0,0,72,3,0,0.999,,1800,,,,,4,,,
CompleteGumtreeMatcher,41,14,23,9,3,6,0,0,72,3,0,0.999,,1900,,,,,4,,,
CompleteGumtreeMatcher,41,14,23,9,3,6,0,0,72,3,0,0.999,,2000,,,,,4,,,
CompleteGumtreeMatcher,478,4,245,231,0,2,0,0,1,3,0,0.999,,100,,,,,5,,,
CompleteGumtreeMatcher,478,4,245,231,0,2,0,0,0,3,0,0.999,,200,,,,,5,,,
CompleteGumtreeMatcher,478,4,245,231,0,2,0,0,1,3,0,0.999,,300,,,,,5,,,
CompleteGumtreeMatcher,41,14,23,9,3,6,0,0,71,3,0,0.999,,400,,,,,5,,,
CompleteGumtreeMatcher,41,14,23,9,3,6,0,0,71,3,0,0.999,,500,,,,,5,,,
CompleteGumtreeMatcher,41,14,23,9,3,6,0,0,72,3,0,0.999,,600,,,,,5,,,
CompleteGumtreeMatcher,41,14,23,9,3,6,0,0,72,3,0,0.999,,700,,,,,5,,,
CompleteGumtreeMatcher,41,14,23,9,3,6,0,0,72,3,0,0.999,,800,,,,,5,,,
CompleteGumtreeMatcher,41,14,23,9,3,6,0,0,71,3,0,0.999,,900,,,,,5,,,
CompleteGumtreeMatcher,41,14,23,9,3,6,0,0,71,3,0,0.999,,1000,,,,,5,,,
CompleteGumtreeMatcher,41,14,23,9,3,6,0,0,71,3,0,0.999,,1100,,,,,5,,,
CompleteGumtreeMatcher,41,14,23,9,3,6,0,0,71,3,0,0.999,,1200,,,,,5,,,
CompleteGumtreeMatcher,41,14,23,9,3,6,0,0,72,3,0,0.999,,1300,,,,,5,,,
CompleteGumtreeMatcher,41,14,23,9,3,6,0,0,71,3,0,0.999,,1400,,,,,5,,,
CompleteGumtreeMatcher,41,14,23,9,3,6,0,0,72,3,0,0.999,,1500,,,,,5,,,
CompleteGumtreeMatcher,41,14,23,9,3,6,0,0,71,3,0,0.999,,1600,,,,,5,,,
CompleteGumtreeMatcher,41,14,23,9,3,6,0,0,71,3,0,0.999,,1700,,,,,5,,,
CompleteGumtreeMatcher,41,14,23,9,3,6,0,0,70,3,0,0.999,,1800,,,,,5,,,
CompleteGumtreeMatcher,41,14,23,9,3,6,0,0,70,3,0,0.999,,1900,,,,,5,,,
CompleteGumtreeMatcher,41,14,23,9,3,6,0,0,69,3,0,0.999,,2000,,,,,5,,,
ChangeDistiller,332,256,64,50,113,105,0,0,147,4,0,,,,0.1,2,0.2,0.1,,,,
ChangeDistiller,358,251,76,62,109,111,0,0,147,4,0,,,,0.1,2,0.4,0.1,,,,
ChangeDistiller,417,272,97,83,107,130,0,0,148,4,0,,,,0.1,2,0.6,0.1,,,,
ChangeDistiller,423,249,101,78,107,137,0,0,148,4,0,,,,0.1,2,0.8,0.1,,,,
ChangeDistiller,433,255,103,80,107,143,0,0,147,4,0,,,,0.1,2,1.0,0.1,,,,
ChangeDistiller,192,151,36,22,62,72,0,0,107,4,0,,,,0.3,2,0.2,0.1,,,,
ChangeDistiller,192,144,40,26,57,69,0,0,107,4,0,,,,0.3,2,0.4,0.1,,,,
ChangeDistiller,241,150,60,46,57,78,0,0,107,4,0,,,,0.3,2,0.6,0.1,,,,
ChangeDistiller,273,179,70,35,55,113,0,0,108,4,0,,,,0.3,2,0.8,0.1,,,,
ChangeDistiller,321,194,77,56,55,133,0,0,108,4,0,,,,0.3,2,1.0,0.1,,,,
ChangeDistiller,170,130,34,20,52,64,0,0,96,4,0,,,,0.5,2,0.2,0.1,,,,
ChangeDistiller,170,123,38,24,47,61,0,0,96,4,0,,,,0.5,2,0.4,0.1,,,,
ChangeDistiller,216,134,56,42,47,71,0,0,97,4,0,,,,0.5,2,0.6,0.1,,,,
ChangeDistiller,245,153,66,35,45,99,0,0,96,4,0,,,,0.5,2,0.8,0.1,,,,
ChangeDistiller,296,179,72,50,46,128,0,0,97,4,0,,,,0.5,2,1.0,0.1,,,,
ChangeDistiller,161,122,33,19,46,63,0,0,94,4,0,,,,0.7,2,0.2,0.1,,,,
ChangeDistiller,161,115,37,23,41,60,0,0,94,4,0,,,,0.7,2,0.4,0.1,,,,
ChangeDistiller,207,126,55,41,41,70,0,0,94,4,0,,,,0.7,2,0.6,0.1,,,,
ChangeDistiller,241,154,63,49,39,90,0,0,95,4,0,,,,0.7,2,0.8,0.1,,,,
ChangeDistiller,288,174,71,49,40,128,0,0,95,4,0,,,,0.7,2,1.0,0.1,,,,
ChangeDistiller,135,100,30,16,34,55,0,0,59,4,0,,,,0.899,2,0.2,0.1,,,,
ChangeDistiller,135,93,34,20,29,52,0,0,60,4,0,,,,0.899,2,0.4,0.1,,,,
ChangeDistiller,181,104,52,38,29,62,0,0,59,4,0,,,,0.899,2,0.6,0.1,,,,
ChangeDistiller,200,117,57,43,28,72,0,0,60,4,0,,,,0.899,2,0.8,0.1,,,,
ChangeDistiller,245,145,64,42,28,111,0,0,59,4,0,,,,0.899,2,1.0,0.1,,,,
ChangeDistiller,335,255,67,53,112,103,0,0,143,4,0,,,,0.1,2,0.2,0.3,,,,
ChangeDistiller,362,248,80,66,107,109,0,0,144,4,0,,,,0.1,2,0.4,0.3,,,,
ChangeDistiller,425,265,103,89,104,129,0,0,144,4,0,,,,0.1,2,0.6,0.3,,,,
ChangeDistiller,436,241,107,90,104,135,0,0,144,4,0,,,,0.1,2,0.8,0.3,,,,
ChangeDistiller,446,247,109,92,104,141,0,0,144,4,0,,,,0.1,2,1.0,0.3,,,,
ChangeDistiller,206,158,40,26,62,78,0,0,104,4,0,,,,0.3,2,0.2,0.3,,,,
ChangeDistiller,195,142,43,29,56,67,0,0,104,4,0,,,,0.3,2,0.4,0.3,,,,
ChangeDistiller,248,151,64,50,55,79,0,0,105,4,0,,,,0.3,2,0.6,0.3,,,,
ChangeDistiller,282,176,74,42,54,112,0,0,105,4,0,,,,0.3,2,0.8,0.3,,,,
ChangeDistiller,330,188,81,64,54,131,0,0,105,4,0,,,,0.3,2,1.0,0.3,,,,
ChangeDistiller,187,139,39,25,52,71,0,0,96,4,0,,,,0.5,2,0.2,0.3,,,,
ChangeDistiller,176,123,42,28,46,60,0,0,96,4,0,,,,0.5,2,0.4,0.3,,,,
ChangeDistiller,222,134,60,46,46,70,0,0,97,4,0,,,,0.5,2,0.6,0.3,,,,
ChangeDistiller,253,148,70,42,44,97,0,0,96,4,0,,,,0.5,2,0.8,0.3,,,,
ChangeDistiller,310,172,78,62,44,126,0,0,97,4,0,,,,0.5,2,1.0,0.3,,,,
ChangeDistiller,181,133,39,25,46,71,0,0,96,4,0,,,,0.7,2,0.2,0.3,,,,
ChangeDistiller,170,117,42,28,40,60,0,0,94,4,0,,,,0.7,2,0.4,0.3,,,,
ChangeDistiller,216,128,60,46,40,70,0,0,94,4,0,,,,0.7,2,0.6,0.3,,,,
ChangeDistiller,247,142,70,42,38,97,0,0,95,4,0,,,,0.7,2,0.8,0.3,,,,
ChangeDistiller,304,166,78,62,38,126,0,0,95,4,0,,,,0.7,2,1.0,0.3,,,,
ChangeDistiller,155,111,36,22,34,63,0,0,62,4,0,,,,0.899,2,0.2,0.3,,,,
ChangeDistiller,144,95,39,25,28,52,0,0,59,4,0,,,,0.899,2,0.4,0.3,,,,
ChangeDistiller,190,106,57,43,28,62,0,0,60,4,0,,,,0.899,2,0.6,0.3,,,,
ChangeDistiller,208,111,62,48,27,71,0,0,60,4,0,,,,0.899,2,0.8,0.3,,,,
ChangeDistiller,260,138,70,54,27,109,0,0,60,4,0,,,,0.899,2,1.0,0.3,,,,
ChangeDistiller,343,253,72,58,109,104,0,0,143,4,0,,,,0.1,2,0.2,0.5,,,,
ChangeDistiller,366,248,83,69,104,110,0,0,144,4,0,,,,0.1,2,0.4,0.5,,,,
ChangeDistiller,429,265,106,92,101,130,0,0,144,4,0,,,,0.1,2,0.6,0.5,,,,
ChangeDistiller,441,238,110,95,101,135,0,0,144,4,0,,,,0.1,2,0.8,0.5,,,,
ChangeDistiller,451,244,112,97,101,141,0,0,144,4,0,,,,0.1,2,1.0,0.5,,,,
ChangeDistiller,208,160,41,27,61,79,0,0,104,4,0,,,,0.3,2,0.2,0.5,,,,
ChangeDistiller,197,144,44,30,55,68,0,0,103,4,0,,,,0.3,2,0.4,0.5,,,,
ChangeDistiller,250,153,65,51,54,80,0,0,105,4,0,,,,0.3,2,0.6,0.5,,,,
ChangeDistiller,283,175,75,43,53,112,0,0,105,4,0,,,,0.3,2,0.8,0.5,,,,
ChangeDistiller,331,187,82,65,53,131,0,0,105,4,0,,,,0.3,2,1.0,0.5,,,,
ChangeDistiller,189,141,40,26,51,72,0,0,96,4,0,,,,0.5,2,0.2,0.5,,,,
ChangeDistiller,178,125,43,29,45,61,0,0,96,4,0,,,,0.5,2,0.4,0.5,,,,
ChangeDistiller,224,136,61,47,45,71,0,0,97,4,0,,,,0.5,2,0.6,0.5,,,,
ChangeDistiller,254,147,71,43,43,97,0,0,96,4,0,,,,0.5,2,0.8,0.5,,,,
ChangeDistiller,311,171,79,63,43,126,0,0,97,4,0,,,,0.5,2,1.0,0.5,,,,
ChangeDistiller,183,135,40,26,45,72,0,0,95,4,0,,,,0.7,2,0.2,0.5,,,,
ChangeDistiller,172,119,43,29,39,61,0,0,94,4,0,,,,0.7,2,0.4,0.5,,,,
ChangeDistiller,218,130,61,47,39,71,0,0,94,4,0,,,,0.7,2,0.6,0.5,,,,
ChangeDistiller,248,141,71,43,37,97,0,0,96,4,0,,,,0.7,2,0.8,0.5,,,,
ChangeDistiller,305,165,79,63,37,126,0,0,95,4,0,,,,0.7,2,1.0,0.5,,,,
ChangeDistiller,157,113,37,23,33,64,0,0,59,4,0,,,,0.899,2,0.2,0.5,,,,
ChangeDistiller,146,97,40,26,27,53,0,0,59,4,0,,,,0.899,2,0.4,0.5,,,,
ChangeDistiller,192,108,58,44,27,63,0,0,59,4,0,,,,0.899,2,0.6,0.5,,,,
ChangeDistiller,210,113,63,49,26,72,0,0,59,4,0,,,,0.899,2,0.8,0.5,,,,
ChangeDistiller,261,137,71,55,26,109,0,0,60,4,0,,,,0.899,2,1.0,0.5,,,,
ChangeDistiller,372,267,86,72,102,112,0,0,144,4,0,,,,0.1,2,0.2,0.7,,,,
ChangeDistiller,395,259,98,84,97,116,0,0,143,4,0,,,,0.1,2,0.4,0.7,,,,
ChangeDistiller,452,266,120,106,94,132,0,0,144,4,0,,,,0.1,2,0.6,0.7,,,,
ChangeDistiller,470,236,125,111,94,140,0,0,143,4,0,,,,0.1,2,0.8,0.7,,,,
ChangeDistiller,472,236,126,112,94,140,0,0,144,4,0,,,,0.1,2,1.0,0.7,,,,
ChangeDistiller,243,179,56,42,57,88,0,0,106,4,0,,,,0.3,2,0.2,0.7,,,,
ChangeDistiller,231,162,59,45,50,77,0,0,104,4,0,,,,0.3,2,0.4,0.7,,,,
ChangeDistiller,285,169,81,67,49,88,0,0,105,4,0,,,,0.3,2,0.6,0.7,,,,
ChangeDistiller,340,173,94,76,48,122,0,0,104,4,0,,,,0.3,2,0.8,0.7,,,,
ChangeDistiller,358,180,97,83,48,130,0,0,107,4,0,,,,0.3,2,1.0,0.7,,,,
ChangeDistiller,215,153,52,38,47,78,0,0,96,4,0,,,,0.5,2,0.2,0.7,,,,
ChangeDistiller,203,136,55,41,40,67,0,0,97,4,0,,,,0.5,2,0.4,0.7,,,,
ChangeDistiller,251,149,74,60,39,78,0,0,96,4,0,,,,0.5,2,0.6,0.7,,,,
ChangeDistiller,270,145,83,51,38,98,0,0,96,4,0,,,,0.5,2,0.8,0.7,,,,
ChangeDistiller,331,165,91,77,38,125,0,0,98,4,0,,,,0.5,2,1.0,0.7,,,,
ChangeDistiller,209,147,52,38,41,78,0,0,95,4,0,,,,0.7,2,0.2,0.7,,,,
ChangeDistiller,197,130,55,41,34,67,0,0,98,4,0,,,,0.7,2,0.4,0.7,,,,
ChangeDistiller,245,143,74,60,33,78,0,0,94,4,0,,,,0.7,2,0.6,0.7,,,,
ChangeDistiller,264,139,83,51,32,98,0,0,94,4,0,,,,0.7,2,0.8,0.7,,,,
ChangeDistiller,325,159,91,77,32,125,0,0,95,4,0,,,,0.7,2,1.0,0.7,,,,
ChangeDistiller,177,119,47,33,29,68,0,0,59,4,0,,,,0.899,2,0.2,0.7,,,,
ChangeDistiller,165,102,50,36,22,57,0,0,59,4,0,,,,0.899,2,0.4,0.7,,,,
ChangeDistiller,214,116,69,55,21,69,0,0,60,4,0,,,,0.899,2,0.6,0.7,,,,
ChangeDistiller,223,112,75,44,21,83,0,0,60,4,0,,,,0.899,2,0.8,0.7,,,,
ChangeDistiller,277,131,81,67,21,108,0,0,60,4,0,,,,0.899,2,1.0,0.7,,,,
ChangeDistiller,376,269,88,74,100,114,0,0,144,4,0,,,,0.1,2,0.2,0.899,,,,
ChangeDistiller,400,262,100,86,96,118,0,0,144,4,0,,,,0.1,2,0.4,0.899,,,,
ChangeDistiller,457,269,122,108,93,134,0,0,157,4,0,,,,0.1,2,0.6,0.899,,,,
ChangeDistiller,474,236,127,113,93,141,0,0,145,4,0,,,,0.1,2,0.8,0.899,,,,
ChangeDistiller,476,236,128,114,93,141,0,0,144,4,0,,,,0.1,2,1.0,0.899,,,,
ChangeDistiller,245,179,57,43,56,89,0,0,104,4,0,,,,0.3,2,0.2,0.899,,,,
ChangeDistiller,233,162,60,46,49,78,0,0,104,4,0,,,,0.3,2,0.4,0.899,,,,
ChangeDistiller,287,169,82,68,48,89,0,0,105,4,0,,,,0.3,2,0.6,0.899,,,,
ChangeDistiller,342,173,95,77,47,123,0,0,105,4,0,,,,0.3,2,0.8,0.899,,,,
ChangeDistiller,360,180,98,84,47,131,0,0,104,4,0,,,,0.3,2,1.0,0.899,,,,
ChangeDistiller,217,153,53,39,46,79,0,0,96,4,0,,,,0.5,2,0.2,0.899,,,,
ChangeDistiller,205,136,56,42,39,68,0,0,96,4,0,,,,0.5,2,0.4,0.899,,,,
ChangeDistiller,253,149,75,61,38,79,0,0,97,4,0,,,,0.5,2,0.6,0.899,,,,
ChangeDistiller,272,145,84,52,37,99,0,0,96,4,0,,,,0.5,2,0.8,0.899,,,,
ChangeDistiller,333,165,92,78,37,126,0,0,97,4,0,,,,0.5,2,1.0,0.899,,,,
ChangeDistiller,211,147,53,39,40,79,0,0,94,4,0,,,,0.7,2,0.2,0.899,,,,
ChangeDistiller,199,130,56,42,33,68,0,0,94,4,0,,,,0.7,2,0.4,0.899,,,,
ChangeDistiller,247,143,75,61,32,79,0,0,94,4,0,,,,0.7,2,0.6,0.899,,,,
ChangeDistiller,266,139,84,52,31,99,0,0,95,4,0,,,,0.7,2,0.8,0.899,,,,
ChangeDistiller,327,159,92,78,31,126,0,0,96,4,0,,,,0.7,2,1.0,0.899,,,,
ChangeDistiller,179,119,48,34,28,69,0,0,59,4,0,,,,0.899,2,0.2,0.899,,,,
ChangeDistiller,167,102,51,37,21,58,0,0,59,4,0,,,,0.899,2,0.4,0.899,,,,
ChangeDistiller,216,116,70,56,20,70,0,0,60,4,0,,,,0.899,2,0.6,0.899,,,,
ChangeDistiller,225,112,76,45,20,84,0,0,60,4,0,,,,0.899,2,0.8,0.899,,,,
ChangeDistiller,279,131,82,68,20,109,0,0,60,4,0,,,,0.899,2,1.0,0.899,,,,
ChangeDistiller,326,256,61,47,113,105,0,0,144,4,0,,,,0.1,4,0.2,0.1,,,,
ChangeDistiller,344,257,67,53,113,111,0,0,143,4,0,,,,0.1,4,0.4,0.1,,,,
ChangeDistiller,388,274,80,66,113,129,0,0,144,4,0,,,,0.1,4,0.6,0.1,,,,
ChangeDistiller,388,265,85,50,112,141,0,0,144,4,0,,,,0.1,4,0.8,0.1,,,,
ChangeDistiller,396,271,86,51,112,147,0,0,144,4,0,,,,0.1,4,1.0,0.1,,,,
ChangeDistiller,192,151,36,22,62,72,0,0,103,4,0,,,,0.3,4,0.2,0.1,,,,
ChangeDistiller,192,151,36,22,62,72,0,0,103,4,0,,,,0.3,4,0.4,0.1,,,,
ChangeDistiller,201,154,39,25,62,75,0,0,104,4,0,,,,0.3,4,0.6,0.1,,,,
ChangeDistiller,258,199,53,39,61,105,0,0,104,4,0,,,,0.3,4,0.8,0.1,,,,
ChangeDistiller,287,204,60,33,61,133,0,0,104,4,0,,,,0.3,4,1.0,0.1,,,,
ChangeDistiller,170,130,34,20,52,64,0,0,96,4,0,,,,0.5,4,0.2,0.1,,,,
ChangeDistiller,170,130,34,20,52,64,0,0,96,4,0,,,,0.5,4,0.4,0.1,,,,
ChangeDistiller,179,133,37,23,52,67,0,0,96,4,0,,,,0.5,4,0.6,0.1,,,,
ChangeDistiller,225,171,49,35,51,90,0,0,96,4,0,,,,0.5,4,0.8,0.1,,,,
ChangeDistiller,265,188,57,29,51,128,0,0,97,4,0,,,,0.5,4,1.0,0.1,,,,
ChangeDistiller,161,122,33,19,46,63,0,0,95,4,0,,,,0.7,4,0.2,0.1,,,,
ChangeDistiller,161,122,33,19,46,63,0,0,93,4,0,,,,0.7,4,0.4,0.1,,,,
ChangeDistiller,170,125,36,22,46,66,0,0,93,4,0,,,,0.7,4,0.6,0.1,,,,
ChangeDistiller,216,163,48,34,45,89,0,0,94,4,0,,,,0.7,4,0.8,0.1,,,,
ChangeDistiller,257,183,56,28,45,128,0,0,94,4,0,,,,0.7,4,1.0,0.1,,,,
ChangeDistiller,135,100,30,16,34,55,0,0,59,4,0,,,,0.899,4,0.2,0.1,,,,
ChangeDistiller,135,100,30,16,34,55,0,0,59,4,0,,,,0.899,4,0.4,0.1,,,,
ChangeDistiller,144,103,33,19,34,58,0,0,60,4,0,,,,0.899,4,0.6,0.1,,,,
ChangeDistiller,179,130,43,29,33,74,0,0,59,4,0,,,,0.899,4,0.8,0.1,,,,
ChangeDistiller,219,156,50,23,33,113,0,0,60,4,0,,,,0.899,4,1.0,0.1,,,,
ChangeDistiller,335,246,71,57,108,99,0,0,143,4,0,,,,0.1,4,0.2,0.3,,,,
ChangeDistiller,353,243,77,63,108,105,0,0,143,4,0,,,,0.1,4,0.4,0.3,,,,
ChangeDistiller,400,261,91,77,108,124,0,0,144,4,0,,,,0.1,4,0.6,0.3,,,,
ChangeDistiller,412,248,96,75,107,134,0,0,144,4,0,,,,0.1,4,0.8,0.3,,,,
ChangeDistiller,420,254,97,76,107,140,0,0,144,4,0,,,,0.1,4,1.0,0.3,,,,
ChangeDistiller,195,144,42,28,56,69,0,0,104,4,0,,,,0.3,4,0.2,0.3,,,,
ChangeDistiller,192,141,42,28,56,66,0,0,104,4,0,,,,0.3,4,0.4,0.3,,,,
ChangeDistiller,209,146,48,34,56,71,0,0,104,4,0,,,,0.3,4,0.6,0.3,,,,
ChangeDistiller,261,187,60,46,55,100,0,0,105,4,0,,,,0.3,4,0.8,0.3,,,,
ChangeDistiller,296,190,67,47,55,127,0,0,104,4,0,,,,0.3,4,1.0,0.3,,,,
ChangeDistiller,176,125,41,27,46,62,0,0,96,4,0,,,,0.5,4,0.2,0.3,,,,
ChangeDistiller,173,122,41,27,46,59,0,0,96,4,0,,,,0.5,4,0.4,0.3,,,,
ChangeDistiller,190,127,47,33,46,64,0,0,96,4,0,,,,0.5,4,0.6,0.3,,,,
ChangeDistiller,227,155,56,42,45,84,0,0,96,4,0,,,,0.5,4,0.8,0.3,,,,
ChangeDistiller,278,174,65,46,45,122,0,0,97,4,0,,,,0.5,4,1.0,0.3,,,,
ChangeDistiller,170,119,41,27,40,62,0,0,94,4,0,,,,0.7,4,0.2,0.3,,,,
ChangeDistiller,167,116,41,27,40,59,0,0,94,4,0,,,,0.7,4,0.4,0.3,,,,
ChangeDistiller,184,121,47,33,40,64,0,0,94,4,0,,,,0.7,4,0.6,0.3,,,,
ChangeDistiller,221,149,56,42,39,84,0,0,94,4,0,,,,0.7,4,0.8,0.3,,,,
ChangeDistiller,272,168,65,46,39,122,0,0,95,4,0,,,,0.7,4,1.0,0.3,,,,
ChangeDistiller,144,97,38,24,28,54,0,0,59,4,0,,,,0.899,4,0.2,0.3,,,,
ChangeDistiller,141,94,38,24,28,51,0,0,59,4,0,,,,0.899,4,0.4,0.3,,,,
ChangeDistiller,158,99,44,30,28,56,0,0,59,4,0,,,,0.899,4,0.6,0.3,,,,
ChangeDistiller,184,116,51,37,27,69,0,0,59,4,0,,,,0.899,4,0.8,0.3,,,,
ChangeDistiller,234,141,59,41,27,107,0,0,60,4,0,,,,0.899,4,1.0,0.3,,,,
ChangeDistiller,351,253,78,64,104,105,0,0,144,4,0,,,,0.1,4,0.2,0.5,,,,
ChangeDistiller,369,250,84,70,104,111,0,0,143,4,0,,,,0.1,4,0.4,0.5,,,,
ChangeDistiller,414,264,98,84,104,128,0,0,144,4,0,,,,0.1,4,0.6,0.5,,,,
ChangeDistiller,429,243,103,88,103,135,0,0,144,4,0,,,,0.1,4,0.8,0.5,,,,
ChangeDistiller,437,249,104,89,103,141,0,0,149,4,0,,,,0.1,4,1.0,0.5,,,,
ChangeDistiller,200,147,44,30,55,71,0,0,104,4,0,,,,0.3,4,0.2,0.5,,,,
ChangeDistiller,197,144,44,30,55,68,0,0,109,4,0,,,,0.3,4,0.4,0.5,,,,
ChangeDistiller,213,148,50,36,55,72,0,0,104,4,0,,,,0.3,4,0.6,0.5,,,,
ChangeDistiller,265,188,62,48,54,101,0,0,105,4,0,,,,0.3,4,0.8,0.5,,,,
ChangeDistiller,299,188,69,49,54,127,0,0,104,4,0,,,,0.3,4,1.0,0.5,,,,
ChangeDistiller,181,128,43,29,45,64,0,0,96,4,0,,,,0.5,4,0.2,0.5,,,,
ChangeDistiller,178,125,43,29,45,61,0,0,96,4,0,,,,0.5,4,0.4,0.5,,,,
ChangeDistiller,194,129,49,35,45,65,0,0,96,4,0,,,,0.5,4,0.6,0.5,,,,
ChangeDistiller,231,156,58,44,44,85,0,0,96,4,0,,,,0.5,4,0.8,0.5,,,,
ChangeDistiller,281,172,67,48,44,122,0,0,97,4,0,,,,0.5,4,1.0,0.5,,,,
ChangeDistiller,175,122,43,29,39,64,0,0,99,4,0,,,,0.7,4,0.2,0.5,,,,
ChangeDistiller,172,119,43,29,39,61,0,0,94,4,0,,,,0.7,4,0.4,0.5,,,,
ChangeDistiller,188,123,49,35,39,65,0,0,96,4,0,,,,0.7,4,0.6,0.5,,,,
ChangeDistiller,225,150,58,44,38,85,0,0,94,4,0,,,,0.7,4,0.8,0.5,,,,
ChangeDistiller,275,166,67,48,38,122,0,0,95,4,0,,,,0.7,4,1.0,0.5,,,,
ChangeDistiller,149,100,40,26,27,56,0,0,59,4,0,,,,0.899,4,0.2,0.5,,,,
ChangeDistiller,146,97,40,26,27,53,0,0,59,4,0,,,,0.899,4,0.4,0.5,,,,
ChangeDistiller,162,101,46,32,27,57,0,0,59,4,0,,,,0.899,4,0.6,0.5,,,,
ChangeDistiller,188,117,53,39,26,70,0,0,60,4,0,,,,0.899,4,0.8,0.5,,,,
ChangeDistiller,237,139,61,43,26,107,0,0,59,4,0,,,,0.899,4,1.0,0.5,,,,
ChangeDistiller,392,265,99,85,95,113,0,0,144,4,0,,,,0.1,4,0.2,0.7,,,,
ChangeDistiller,410,258,106,92,95,117,0,0,143,4,0,,,,0.1,4,0.4,0.7,,,,
ChangeDistiller,452,266,120,106,94,132,0,0,145,4,0,,,,0.1,4,0.6,0.7,,,,
ChangeDistiller,470,236,125,111,94,140,0,0,145,4,0,,,,0.1,4,0.8,0.7,,,,
ChangeDistiller,470,236,125,111,94,140,0,0,150,4,0,,,,0.1,4,1.0,0.7,,,,
ChangeDistiller,262,174,70,56,49,87,0,0,105,4,0,,,,0.3,4,0.2,0.7,,,,
ChangeDistiller,264,174,71,57,49,87,0,0,104,4,0,,,,0.3,4,0.4,0.7,,,,
ChangeDistiller,289,173,82,68,48,91,0,0,105,4,0,,,,0.3,4,0.6,0.7,,,,
ChangeDistiller,327,169,91,72,48,116,0,0,104,4,0,,,,0.3,4,0.8,0.7,,,,
ChangeDistiller,352,181,95,79,48,130,0,0,105,4,0,,,,0.3,4,1.0,0.7,,,,
ChangeDistiller,235,149,66,52,39,78,0,0,96,4,0,,,,0.5,4,0.2,0.7,,,,
ChangeDistiller,237,149,67,53,39,78,0,0,97,4,0,,,,0.5,4,0.4,0.7,,,,
ChangeDistiller,255,153,75,61,38,81,0,0,96,4,0,,,,0.5,4,0.6,0.7,,,,
ChangeDistiller,270,145,83,51,38,98,0,0,97,4,0,,,,0.5,4,0.8,0.7,,,,
ChangeDistiller,329,165,90,76,38,125,0,0,97,4,0,,,,0.5,4,1.0,0.7,,,,
ChangeDistiller,229,143,66,52,33,78,0,0,94,4,0,,,,0.7,4,0.2,0.7,,,,
ChangeDistiller,231,143,67,53,33,78,0,0,94,4,0,,,,0.7,4,0.4,0.7,,,,
ChangeDistiller,249,147,75,61,32,81,0,0,95,4,0,,,,0.7,4,0.6,0.7,,,,
ChangeDistiller,264,139,83,51,32,98,0,0,95,4,0,,,,0.7,4,0.8,0.7,,,,
ChangeDistiller,323,159,90,76,32,125,0,0,95,4,0,,,,0.7,4,1.0,0.7,,,,
ChangeDistiller,193,111,60,46,22,65,0,0,60,4,0,,,,0.899,4,0.2,0.7,,,,
ChangeDistiller,195,111,61,47,22,65,0,0,59,4,0,,,,0.899,4,0.4,0.7,,,,
ChangeDistiller,214,116,69,55,21,69,0,0,60,4,0,,,,0.899,4,0.6,0.7,,,,
ChangeDistiller,223,112,75,44,21,83,0,0,60,4,0,,,,0.899,4,0.8,0.7,,,,
ChangeDistiller,277,131,81,67,21,108,0,0,60,4,0,,,,0.899,4,1.0,0.7,,,,
ChangeDistiller,400,271,102,88,94,116,0,0,144,4,0,,,,0.1,4,0.2,0.899,,,,
ChangeDistiller,418,264,109,95,94,120,0,0,143,4,0,,,,0.1,4,0.4,0.899,,,,
ChangeDistiller,459,269,123,109,93,134,0,0,144,4,0,,,,0.1,4,0.6,0.899,,,,
ChangeDistiller,476,236,128,114,93,141,0,0,144,4,0,,,,0.1,4,0.8,0.899,,,,
ChangeDistiller,476,236,128,114,93,141,0,0,144,4,0,,,,0.1,4,1.0,0.899,,,,
ChangeDistiller,270,178,73,59,48,90,0,0,104,4,0,,,,0.3,4,0.2,0.899,,,,
ChangeDistiller,272,178,74,60,48,90,0,0,104,4,0,,,,0.3,4,0.4,0.899,,,,
ChangeDistiller,297,177,85,71,47,94,0,0,104,4,0,,,,0.3,4,0.6,0.899,,,,
ChangeDistiller,344,173,96,78,47,123,0,0,105,4,0,,,,0.3,4,0.8,0.899,,,,
ChangeDistiller,360,180,98,84,47,131,0,0,105,4,0,,,,0.3,4,1.0,0.899,,,,
ChangeDistiller,240,152,68,54,38,80,0,0,97,4,0,,,,0.5,4,0.2,0.899,,,,
ChangeDistiller,242,152,69,55,38,80,0,0,96,4,0,,,,0.5,4,0.4,0.899,,,,
ChangeDistiller,260,156,77,63,37,83,0,0,97,4,0,,,,0.5,4,0.6,0.899,,,,
ChangeDistiller,273,145,85,52,37,99,0,0,97,4,0,,,,0.5,4,0.8,0.899,,,,
ChangeDistiller,333,165,92,78,37,126,0,0,97,4,0,,,,0.5,4,1.0,0.899,,,,
ChangeDistiller,234,146,68,54,32,80,0,0,94,4,0,,,,0.7,4,0.2,0.899,,,,
ChangeDistiller,236,146,69,55,32,80,0,0,95,4,0,,,,0.7,4,0.4,0.899,,,,
ChangeDistiller,254,150,77,63,31,83,0,0,95,4,0,,,,0.7,4,0.6,0.899,,,,
ChangeDistiller,267,139,85,52,31,99,0,0,95,4,0,,,,0.7,4,0.8,0.899,,,,
ChangeDistiller,327,159,92,78,31,126,0,0,95,4,0,,,,0.7,4,1.0,0.899,,,,
ChangeDistiller,195,111,61,47,21,66,0,0,59,4,0,,,,0.899,4,0.2,0.899,,,,
ChangeDistiller,197,111,62,48,21,66,0,0,60,4,0,,,,0.899,4,0.4,0.899,,,,
ChangeDistiller,216,116,70,56,20,70,0,0,59,4,0,,,,0.899,4,0.6,0.899,,,,
ChangeDistiller,225,112,76,45,20,84,0,0,60,4,0,,,,0.899,4,0.8,0.899,,,,
ChangeDistiller,279,131,82,68,20,109,0,0,60,4,0,,,,0.899,4,1.0,0.899,,,,
ChangeDistiller,326,256,61,47,113,105,0,0,142,4,0,,,,0.1,6,0.2,0.1,,,,
ChangeDistiller,340,261,65,51,113,111,0,0,143,4,0,,,,0.1,6,0.4,0.1,,,,
ChangeDistiller,374,271,76,62,113,123,0,0,143,4,0,,,,0.1,6,0.6,0.1,,,,
ChangeDistiller,370,264,81,40,112,137,0,0,143,4,0,,,,0.1,6,0.8,0.1,,,,
ChangeDistiller,378,270,82,41,112,143,0,0,144,4,0,,,,0.1,6,1.0,0.1,,,,
ChangeDistiller,192,151,36,22,62,72,0,0,104,4,0,,,,0.3,6,0.2,0.1,,,,
ChangeDistiller,192,151,36,22,62,72,0,0,103,4,0,,,,0.3,6,0.4,0.1,,,,
ChangeDistiller,201,154,39,25,62,75,0,0,104,4,0,,,,0.3,6,0.6,0.1,,,,
ChangeDistiller,246,187,51,37,61,97,0,0,105,4,0,,,,0.3,6,0.8,0.1,,,,
ChangeDistiller,274,197,57,30,61,126,0,0,104,4,0,,,,0.3,6,1.0,0.1,,,,
ChangeDistiller,170,130,34,20,52,64,0,0,96,4,0,,,,0.5,6,0.2,0.1,,,,
ChangeDistiller,170,130,34,20,52,64,0,0,96,4,0,,,,0.5,6,0.4,0.1,,,,
ChangeDistiller,179,133,37,23,52,67,0,0,96,4,0,,,,0.5,6,0.6,0.1,,,,
ChangeDistiller,213,159,47,33,51,82,0,0,98,4,0,,,,0.5,6,0.8,0.1,,,,
ChangeDistiller,255,182,55,27,51,122,0,0,97,4,0,,,,0.5,6,1.0,0.1,,,,
ChangeDistiller,161,122,33,19,46,63,0,0,94,4,0,,,,0.7,6,0.2,0.1,,,,
ChangeDistiller,161,122,33,19,46,63,0,0,94,4,0,,,,0.7,6,0.4,0.1,,,,
ChangeDistiller,170,125,36,22,46,66,0,0,94,4,0,,,,0.7,6,0.6,0.1,,,,
ChangeDistiller,204,151,46,32,45,81,0,0,95,4,0,,,,0.7,6,0.8,0.1,,,,
ChangeDistiller,247,177,54,26,45,122,0,0,94,4,0,,,,0.7,6,1.0,0.1,,,,
ChangeDistiller,135,100,30,16,34,55,0,0,63,4,0,,,,0.899,6,0.2,0.1,,,,
ChangeDistiller,135,100,30,16,34,55,0,0,63,4,0,,,,0.899,6,0.4,0.1,,,,
ChangeDistiller,144,103,33,19,34,58,0,0,63,4,0,,,,0.899,6,0.6,0.1,,,,
ChangeDistiller,179,130,43,29,33,74,0,0,64,4,0,,,,0.899,6,0.8,0.1,,,,
ChangeDistiller,219,156,50,23,33,113,0,0,64,4,0,,,,0.899,6,1.0,0.1,,,,
ChangeDistiller,339,242,73,59,108,99,0,0,147,4,0,,,,0.1,6,0.2,0.3,,,,
ChangeDistiller,353,243,77,63,108,105,0,0,148,4,0,,,,0.1,6,0.4,0.3,,,,
ChangeDistiller,390,254,89,75,108,118,0,0,147,4,0,,,,0.1,6,0.6,0.3,,,,
ChangeDistiller,402,245,94,71,107,130,0,0,147,4,0,,,,0.1,6,0.8,0.3,,,,
ChangeDistiller,410,251,95,72,107,136,0,0,148,4,0,,,,0.1,6,1.0,0.3,,,,
ChangeDistiller,195,144,42,28,56,69,0,0,104,4,0,,,,0.3,6,0.2,0.3,,,,
ChangeDistiller,192,141,42,28,56,66,0,0,103,4,0,,,,0.3,6,0.4,0.3,,,,
ChangeDistiller,209,146,48,34,56,71,0,0,104,4,0,,,,0.3,6,0.6,0.3,,,,
ChangeDistiller,249,175,58,44,55,92,0,0,104,4,0,,,,0.3,6,0.8,0.3,,,,
ChangeDistiller,283,183,64,44,55,120,0,0,104,4,0,,,,0.3,6,1.0,0.3,,,,
ChangeDistiller,176,125,41,27,46,62,0,0,98,4,0,,,,0.5,6,0.2,0.3,,,,
ChangeDistiller,173,122,41,27,46,59,0,0,96,4,0,,,,0.5,6,0.4,0.3,,,,
ChangeDistiller,190,127,47,33,46,64,0,0,97,4,0,,,,0.5,6,0.6,0.3,,,,
ChangeDistiller,215,143,54,40,45,76,0,0,97,4,0,,,,0.5,6,0.8,0.3,,,,
ChangeDistiller,268,168,63,44,45,116,0,0,97,4,0,,,,0.5,6,1.0,0.3,,,,
ChangeDistiller,170,119,41,27,40,62,0,0,94,4,0,,,,0.7,6,0.2,0.3,,,,
ChangeDistiller,167,116,41,27,40,59,0,0,94,4,0,,,,0.7,6,0.4,0.3,,,,
ChangeDistiller,184,121,47,33,40,64,0,0,94,4,0,,,,0.7,6,0.6,0.3,,,,
ChangeDistiller,209,137,54,40,39,76,0,0,94,4,0,,,,0.7,6,0.8,0.3,,,,
ChangeDistiller,262,162,63,44,39,116,0,0,95,4,0,,,,0.7,6,1.0,0.3,,,,
ChangeDistiller,144,97,38,24,28,54,0,0,59,4,0,,,,0.899,6,0.2,0.3,,,,
ChangeDistiller,141,94,38,24,28,51,0,0,59,4,0,,,,0.899,6,0.4,0.3,,,,
ChangeDistiller,158,99,44,30,28,56,0,0,64,4,0,,,,0.899,6,0.6,0.3,,,,
ChangeDistiller,184,116,51,37,27,69,0,0,59,4,0,,,,0.899,6,0.8,0.3,,,,
ChangeDistiller,234,141,59,41,27,107,0,0,60,4,0,,,,0.899,6,1.0,0.3,,,,
ChangeDistiller,357,247,81,67,104,105,0,0,143,4,0,,,,0.1,6,0.2,0.5,,,,
ChangeDistiller,369,250,84,70,104,111,0,0,143,4,0,,,,0.1,6,0.4,0.5,,,,
ChangeDistiller,404,257,96,82,104,122,0,0,143,4,0,,,,0.1,6,0.6,0.5,,,,
ChangeDistiller,419,240,101,84,103,131,0,0,144,4,0,,,,0.1,6,0.8,0.5,,,,
ChangeDistiller,427,246,102,85,103,137,0,0,144,4,0,,,,0.1,6,1.0,0.5,,,,
ChangeDistiller,200,147,44,30,55,71,0,0,104,4,0,,,,0.3,6,0.2,0.5,,,,
ChangeDistiller,197,144,44,30,55,68,0,0,104,4,0,,,,0.3,6,0.4,0.5,,,,
ChangeDistiller,213,148,50,36,55,72,0,0,106,4,0,,,,0.3,6,0.6,0.5,,,,
ChangeDistiller,253,176,60,46,54,93,0,0,105,4,0,,,,0.3,6,0.8,0.5,,,,
ChangeDistiller,286,181,66,46,54,120,0,0,104,4,0,,,,0.3,6,1.0,0.5,,,,
ChangeDistiller,181,128,43,29,45,64,0,0,96,4,0,,,,0.5,6,0.2,0.5,,,,
ChangeDistiller,178,125,43,29,45,61,0,0,96,4,0,,,,0.5,6,0.4,0.5,,,,
ChangeDistiller,194,129,49,35,45,65,0,0,96,4,0,,,,0.5,6,0.6,0.5,,,,
ChangeDistiller,219,144,56,42,44,77,0,0,96,4,0,,,,0.5,6,0.8,0.5,,,,
ChangeDistiller,271,166,65,46,44,116,0,0,97,4,0,,,,0.5,6,1.0,0.5,,,,
ChangeDistiller,175,122,43,29,39,64,0,0,94,4,0,,,,0.7,6,0.2,0.5,,,,
ChangeDistiller,172,119,43,29,39,61,0,0,94,4,0,,,,0.7,6,0.4,0.5,,,,
ChangeDistiller,188,123,49,35,39,65,0,0,94,4,0,,,,0.7,6,0.6,0.5,,,,
ChangeDistiller,213,138,56,42,38,77,0,0,95,4,0,,,,0.7,6,0.8,0.5,,,,
ChangeDistiller,265,160,65,46,38,116,0,0,95,4,0,,,,0.7,6,1.0,0.5,,,,
ChangeDistiller,149,100,40,26,27,56,0,0,59,4,0,,,,0.899,6,0.2,0.5,,,,
ChangeDistiller,146,97,40,26,27,53,0,0,59,4,0,,,,0.899,6,0.4,0.5,,,,
ChangeDistiller,162,101,46,32,27,57,0,0,60,4,0,,,,0.899,6,0.6,0.5,,,,
ChangeDistiller,188,117,53,39,26,70,0,0,60,4,0,,,,0.899,6,0.8,0.5,,,,
ChangeDistiller,237,139,61,43,26,107,0,0,59,4,0,,,,0.899,6,1.0,0.5,,,,
ChangeDistiller,408,264,104,90,95,119,0,0,143,4,0,,,,0.1,6,0.2,0.7,,,,
ChangeDistiller,420,265,108,94,95,123,0,0,144,4,0,,,,0.1,6,0.4,0.7,,,,
ChangeDistiller,452,266,120,106,94,132,0,0,144,4,0,,,,0.1,6,0.6,0.7,,,,
ChangeDistiller,470,236,125,111,94,140,0,0,144,4,0,,,,0.1,6,0.8,0.7,,,,
ChangeDistiller,470,236,125,111,94,140,0,0,144,4,0,,,,0.1,6,1.0,0.7,,,,
ChangeDistiller,262,174,70,56,49,87,0,0,104,4,0,,,,0.3,6,0.2,0.7,,,,
ChangeDistiller,264,174,71,57,49,87,0,0,104,4,0,,,,0.3,6,0.4,0.7,,,,
ChangeDistiller,289,173,82,68,48,91,0,0,104,4,0,,,,0.3,6,0.6,0.7,,,,
ChangeDistiller,317,163,89,70,48,110,0,0,104,4,0,,,,0.3,6,0.8,0.7,,,,
ChangeDistiller,339,174,92,76,48,123,0,0,105,4,0,,,,0.3,6,1.0,0.7,,,,
ChangeDistiller,235,149,66,52,39,78,0,0,97,4,0,,,,0.5,6,0.2,0.7,,,,
ChangeDistiller,237,149,67,53,39,78,0,0,97,4,0,,,,0.5,6,0.4,0.7,,,,
ChangeDistiller,255,153,75,61,38,81,0,0,97,4,0,,,,0.5,6,0.6,0.7,,,,
ChangeDistiller,260,139,81,49,38,92,0,0,97,4,0,,,,0.5,6,0.8,0.7,,,,
ChangeDistiller,319,159,88,74,38,119,0,0,97,4,0,,,,0.5,6,1.0,0.7,,,,
ChangeDistiller,229,143,66,52,33,78,0,0,95,4,0,,,,0.7,6,0.2,0.7,,,,
ChangeDistiller,231,143,67,53,33,78,0,0,94,4,0,,,,0.7,6,0.4,0.7,,,,
ChangeDistiller,249,147,75,61,32,81,0,0,96,4,0,,,,0.7,6,0.6,0.7,,,,
ChangeDistiller,254,133,81,49,32,92,0,0,95,4,0,,,,0.7,6,0.8,0.7,,,,
ChangeDistiller,313,153,88,74,32,119,0,0,95,4,0,,,,0.7,6,1.0,0.7,,,,
ChangeDistiller,193,111,60,46,22,65,0,0,60,4,0,,,,0.899,6,0.2,0.7,,,,
ChangeDistiller,195,111,61,47,22,65,0,0,60,4,0,,,,0.899,6,0.4,0.7,,,,
ChangeDistiller,214,116,69,55,21,69,0,0,60,4,0,,,,0.899,6,0.6,0.7,,,,
ChangeDistiller,223,112,75,44,21,83,0,0,60,4,0,,,,0.899,6,0.8,0.7,,,,
ChangeDistiller,277,131,81,67,21,108,0,0,60,4,0,,,,0.899,6,1.0,0.7,,,,
ChangeDistiller,416,270,107,93,94,122,0,0,144,4,0,,,,0.1,6,0.2,0.899,,,,
ChangeDistiller,428,271,111,97,94,126,0,0,144,4,0,,,,0.1,6,0.4,0.899,,,,
ChangeDistiller,459,269,123,109,93,134,0,0,145,4,0,,,,0.1,6,0.6,0.899,,,,
ChangeDistiller,476,236,128,114,93,141,0,0,144,4,0,,,,0.1,6,0.8,0.899,,,,
ChangeDistiller,476,236,128,114,93,141,0,0,144,4,0,,,,0.1,6,1.0,0.899,,,,
ChangeDistiller,285,191,76,62,48,99,0,0,104,4,0,,,,0.3,6,0.2,0.899,,,,
ChangeDistiller,287,191,77,63,48,99,0,0,104,4,0,,,,0.3,6,0.4,0.899,,,,
ChangeDistiller,312,190,88,74,47,103,0,0,105,4,0,,,,0.3,6,0.6,0.899,,,,
ChangeDistiller,344,173,96,78,47,123,0,0,105,4,0,,,,0.3,6,0.8,0.899,,,,
ChangeDistiller,360,180,98,84,47,131,0,0,105,4,0,,,,0.3,6,1.0,0.899,,,,
ChangeDistiller,252,164,70,56,38,88,0,0,96,4,0,,,,0.5,6,0.2,0.899,,,,
ChangeDistiller,254,164,71,57,38,88,0,0,97,4,0,,,,0.5,6,0.4,0.899,,,,
ChangeDistiller,272,168,79,65,37,91,0,0,97,4,0,,,,0.5,6,0.6,0.899,,,,
ChangeDistiller,273,145,85,52,37,99,0,0,97,4,0,,,,0.5,6,0.8,0.899,,,,
ChangeDistiller,333,165,92,78,37,126,0,0,97,4,0,,,,0.5,6,1.0,0.899,,,,
ChangeDistiller,246,158,70,56,32,88,0,0,94,4,0,,,,0.7,6,0.2,0.899,,,,
ChangeDistiller,248,158,71,57,32,88,0,0,95,4,0,,,,0.7,6,0.4,0.899,,,,
ChangeDistiller,266,162,79,65,31,91,0,0,94,4,0,,,,0.7,6,0.6,0.899,,,,
ChangeDistiller,267,139,85,52,31,99,0,0,95,4,0,,,,0.7,6,0.8,0.899,,,,
ChangeDistiller,327,159,92,78,31,126,0,0,94,4,0,,,,0.7,6,1.0,0.899,,,,
ChangeDistiller,195,111,61,47,21,66,0,0,53,4,0,,,,0.899,6,0.2,0.899,,,,
ChangeDistiller,197,111,62,48,21,66,0,0,53,4,0,,,,0.899,6,0.4,0.899,,,,
ChangeDistiller,216,116,70,56,20,70,0,0,53,4,0,,,,0.899,6,0.6,0.899,,,,
ChangeDistiller,225,112,76,45,20,84,0,0,52,4,0,,,,0.899,6,0.8,0.899,,,,
ChangeDistiller,279,131,82,68,20,109,0,0,53,4,0,,,,0.899,6,1.0,0.899,,,,
