MATCHER,NRACTIONS,NRROOTS,NR_INSERT,NR_DELETE,NR_UPDATE,NR_MOVE,NR_TREEINSERT,NR_TREEDELETE,TIME,NROPTIONS,TIMEOUT,GT_BUM_SMT,GT_BUM_SMT_SBUP,GT_BUM_SZT,GT_CD_LSIM,GT_CD_ML,GT_CD_SSIM1,GT_CD_SSIM2,GT_STM_MH,GT_XYM_SIM,GUMTREE_MATCH_GT_MINH,
SimpleGumtree,4,4,2,0,0,2,0,0,1,2,0,,0.1,,,,,,1,,,
SimpleGumtree,4,4,2,0,0,2,0,0,1,2,0,,0.3,,,,,,1,,,
SimpleGumtree,4,4,2,0,0,2,0,0,1,2,0,,0.5,,,,,,1,,,
SimpleGumtree,4,4,2,0,0,2,0,0,1,2,0,,0.7,,,,,,1,,,
SimpleGumtree,4,4,2,0,0,2,0,0,1,2,0,,0.899,,,,,,1,,,
SimpleGumtree,4,4,2,0,0,2,0,0,1,2,0,,0.1,,,,,,2,,,
SimpleGumtree,4,4,2,0,0,2,0,0,1,2,0,,0.3,,,,,,2,,,
SimpleGumtree,4,4,2,0,0,2,0,0,1,2,0,,0.5,,,,,,2,,,
SimpleGumtree,4,4,2,0,0,2,0,0,2,2,0,,0.7,,,,,,2,,,
SimpleGumtree,4,4,2,0,0,2,0,0,5,2,0,,0.899,,,,,,2,,,
SimpleGumtree,4,4,2,0,0,2,0,0,1,2,0,,0.1,,,,,,3,,,
SimpleGumtree,4,4,2,0,0,2,0,0,1,2,0,,0.3,,,,,,3,,,
SimpleGumtree,4,4,2,0,0,2,0,0,1,2,0,,0.5,,,,,,3,,,
SimpleGumtree,4,4,2,0,0,2,0,0,1,2,0,,0.7,,,,,,3,,,
SimpleGumtree,4,4,2,0,0,2,0,0,1,2,0,,0.899,,,,,,3,,,
SimpleGumtree,246,4,124,122,0,0,0,0,5,2,0,,0.1,,,,,,4,,,
SimpleGumtree,246,4,124,122,0,0,0,0,1,2,0,,0.3,,,,,,4,,,
SimpleGumtree,246,4,124,122,0,0,0,0,1,2,0,,0.5,,,,,,4,,,
SimpleGumtree,246,4,124,122,0,0,0,0,1,2,0,,0.7,,,,,,4,,,
SimpleGumtree,246,4,124,122,0,0,0,0,1,2,0,,0.899,,,,,,4,,,
SimpleGumtree,246,4,124,122,0,0,0,0,1,2,0,,0.1,,,,,,5,,,
SimpleGumtree,246,4,124,122,0,0,0,0,1,2,0,,0.3,,,,,,5,,,
SimpleGumtree,246,4,124,122,0,0,0,0,1,2,0,,0.5,,,,,,5,,,
SimpleGumtree,246,4,124,122,0,0,0,0,1,2,0,,0.7,,,,,,5,,,
SimpleGumtree,246,4,124,122,0,0,0,0,1,2,0,,0.899,,,,,,5,,,
ClassicGumtree,4,4,2,0,0,2,0,0,19,3,0,0.1,,100,,,,,1,,,
ClassicGumtree,4,4,2,0,0,2,0,0,19,3,0,0.2,,100,,,,,1,,,
ClassicGumtree,4,4,2,0,0,2,0,0,19,3,0,0.3,,100,,,,,1,,,
ClassicGumtree,4,4,2,0,0,2,0,0,19,3,0,0.4,,100,,,,,1,,,
ClassicGumtree,4,4,2,0,0,2,0,0,19,3,0,0.5,,100,,,,,1,,,
ClassicGumtree,4,4,2,0,0,2,0,0,22,3,0,0.6,,100,,,,,1,,,
ClassicGumtree,4,4,2,0,0,2,0,0,19,3,0,0.7,,100,,,,,1,,,
ClassicGumtree,4,4,2,0,0,2,0,0,19,3,0,0.799,,100,,,,,1,,,
ClassicGumtree,4,4,2,0,0,2,0,0,19,3,0,0.899,,100,,,,,1,,,
ClassicGumtree,51,35,10,8,0,33,0,0,1,3,0,0.999,,100,,,,,1,,,
ClassicGumtree,22,12,11,9,0,2,0,0,67,3,0,0.1,,100,,,,,2,,,
ClassicGumtree,22,12,11,9,0,2,0,0,70,3,0,0.2,,100,,,,,2,,,
ClassicGumtree,22,12,11,9,0,2,0,0,19,3,0,0.3,,100,,,,,2,,,
ClassicGumtree,22,12,11,9,0,2,0,0,51,3,0,0.4,,100,,,,,2,,,
ClassicGumtree,22,12,11,9,0,2,0,0,19,3,0,0.5,,100,,,,,2,,,
ClassicGumtree,22,12,11,9,0,2,0,0,67,3,0,0.6,,100,,,,,2,,,
ClassicGumtree,22,12,11,9,0,2,0,0,51,3,0,0.7,,100,,,,,2,,,
ClassicGumtree,22,12,11,9,0,2,0,0,19,3,0,0.799,,100,,,,,2,,,
ClassicGumtree,35,19,15,13,0,7,0,0,45,3,0,0.899,,100,,,,,2,,,
ClassicGumtree,82,26,30,28,0,24,0,0,1,3,0,0.999,,100,,,,,2,,,
ClassicGumtree,22,12,11,9,0,2,0,0,19,3,0,0.1,,100,,,,,3,,,
ClassicGumtree,22,12,11,9,0,2,0,0,51,3,0,0.2,,100,,,,,3,,,
ClassicGumtree,22,12,11,9,0,2,0,0,35,3,0,0.3,,100,,,,,3,,,
ClassicGumtree,22,12,11,9,0,2,0,0,19,3,0,0.4,,100,,,,,3,,,
ClassicGumtree,22,12,11,9,0,2,0,0,19,3,0,0.5,,100,,,,,3,,,
ClassicGumtree,155,25,73,71,0,11,0,0,1,3,0,0.6,,100,,,,,3,,,
ClassicGumtree,155,25,73,71,0,11,0,0,2,3,0,0.7,,100,,,,,3,,,
ClassicGumtree,163,21,74,72,0,17,0,0,2,3,0,0.799,,100,,,,,3,,,
ClassicGumtree,163,21,74,72,0,17,0,0,1,3,0,0.899,,100,,,,,3,,,
ClassicGumtree,165,17,76,74,0,15,0,0,1,3,0,0.999,,100,,,,,3,,,
ClassicGumtree,302,14,152,150,0,0,0,0,25,3,0,0.1,,100,,,,,4,,,
ClassicGumtree,302,14,152,150,0,0,0,0,1,3,0,0.2,,100,,,,,4,,,
ClassicGumtree,302,14,152,150,0,0,0,0,1,3,0,0.3,,100,,,,,4,,,
ClassicGumtree,302,14,152,150,0,0,0,0,1,3,0,0.4,,100,,,,,4,,,
ClassicGumtree,309,7,153,151,0,5,0,0,1,3,0,0.5,,100,,,,,4,,,
ClassicGumtree,309,7,153,151,0,5,0,0,17,3,0,0.6,,100,,,,,4,,,
ClassicGumtree,309,7,153,151,0,5,0,0,1,3,0,0.7,,100,,,,,4,,,
ClassicGumtree,309,7,153,151,0,5,0,0,1,3,0,0.799,,100,,,,,4,,,
ClassicGumtree,309,7,153,151,0,5,0,0,1,3,0,0.899,,100,,,,,4,,,
ClassicGumtree,309,7,153,151,0,5,0,0,1,3,0,0.999,,100,,,,,4,,,
ClassicGumtree,302,14,152,150,0,0,0,0,1,3,0,0.1,,100,,,,,5,,,
ClassicGumtree,302,14,152,150,0,0,0,0,1,3,0,0.2,,100,,,,,5,,,
ClassicGumtree,302,14,152,150,0,0,0,0,1,3,0,0.3,,100,,,,,5,,,
ClassicGumtree,302,14,152,150,0,0,0,0,1,3,0,0.4,,100,,,,,5,,,
ClassicGumtree,309,7,153,151,0,5,0,0,1,3,0,0.5,,100,,,,,5,,,
ClassicGumtree,309,7,153,151,0,5,0,0,1,3,0,0.6,,100,,,,,5,,,
ClassicGumtree,309,7,153,151,0,5,0,0,1,3,0,0.7,,100,,,,,5,,,
ClassicGumtree,309,7,153,151,0,5,0,0,1,3,0,0.799,,100,,,,,5,,,
ClassicGumtree,309,7,153,151,0,5,0,0,1,3,0,0.899,,100,,,,,5,,,
ClassicGumtree,309,7,153,151,0,5,0,0,25,3,0,0.999,,100,,,,,5,,,
ClassicGumtree,4,4,2,0,0,2,0,0,35,3,0,0.1,,200,,,,,1,,,
ClassicGumtree,4,4,2,0,0,2,0,0,19,3,0,0.2,,200,,,,,1,,,
ClassicGumtree,4,4,2,0,0,2,0,0,35,3,0,0.3,,200,,,,,1,,,
ClassicGumtree,4,4,2,0,0,2,0,0,19,3,0,0.4,,200,,,,,1,,,
ClassicGumtree,4,4,2,0,0,2,0,0,63,3,0,0.5,,200,,,,,1,,,
ClassicGumtree,4,4,2,0,0,2,0,0,63,3,0,0.6,,200,,,,,1,,,
ClassicGumtree,4,4,2,0,0,2,0,0,32,3,0,0.7,,200,,,,,1,,,
ClassicGumtree,4,4,2,0,0,2,0,0,47,3,0,0.799,,200,,,,,1,,,
ClassicGumtree,4,4,2,0,0,2,0,0,43,3,0,0.899,,200,,,,,1,,,
ClassicGumtree,51,35,10,8,0,33,0,0,1,3,0,0.999,,200,,,,,1,,,
ClassicGumtree,22,12,11,9,0,2,0,0,19,3,0,0.1,,200,,,,,2,,,
ClassicGumtree,22,12,11,9,0,2,0,0,19,3,0,0.2,,200,,,,,2,,,
ClassicGumtree,22,12,11,9,0,2,0,0,44,3,0,0.3,,200,,,,,2,,,
ClassicGumtree,22,12,11,9,0,2,0,0,35,3,0,0.4,,200,,,,,2,,,
ClassicGumtree,22,12,11,9,0,2,0,0,20,3,0,0.5,,200,,,,,2,,,
ClassicGumtree,22,12,11,9,0,2,0,0,20,3,0,0.6,,200,,,,,2,,,
ClassicGumtree,22,12,11,9,0,2,0,0,72,3,0,0.7,,200,,,,,2,,,
ClassicGumtree,22,12,11,9,0,2,0,0,41,3,0,0.799,,200,,,,,2,,,
ClassicGumtree,35,19,15,13,0,7,0,0,17,3,0,0.899,,200,,,,,2,,,
ClassicGumtree,82,26,30,28,0,24,0,0,1,3,0,0.999,,200,,,,,2,,,
ClassicGumtree,22,12,11,9,0,2,0,0,67,3,0,0.1,,200,,,,,3,,,
ClassicGumtree,22,12,11,9,0,2,0,0,19,3,0,0.2,,200,,,,,3,,,
ClassicGumtree,22,12,11,9,0,2,0,0,73,3,0,0.3,,200,,,,,3,,,
ClassicGumtree,22,12,11,9,0,2,0,0,46,3,0,0.4,,200,,,,,3,,,
ClassicGumtree,22,12,11,9,0,2,0,0,67,3,0,0.5,,200,,,,,3,,,
ClassicGumtree,155,25,73,71,0,11,0,0,2,3,0,0.6,,200,,,,,3,,,
ClassicGumtree,155,25,73,71,0,11,0,0,1,3,0,0.7,,200,,,,,3,,,
ClassicGumtree,163,21,74,72,0,17,0,0,1,3,0,0.799,,200,,,,,3,,,
ClassicGumtree,163,21,74,72,0,17,0,0,1,3,0,0.899,,200,,,,,3,,,
ClassicGumtree,165,17,76,74,0,15,0,0,1,3,0,0.999,,200,,,,,3,,,
ClassicGumtree,302,14,152,150,0,0,0,0,1,3,0,0.1,,200,,,,,4,,,
ClassicGumtree,302,14,152,150,0,0,0,0,2,3,0,0.2,,200,,,,,4,,,
ClassicGumtree,302,14,152,150,0,0,0,0,2,3,0,0.3,,200,,,,,4,,,
ClassicGumtree,302,14,152,150,0,0,0,0,1,3,0,0.4,,200,,,,,4,,,
ClassicGumtree,309,7,153,151,0,5,0,0,1,3,0,0.5,,200,,,,,4,,,
ClassicGumtree,309,7,153,151,0,5,0,0,1,3,0,0.6,,200,,,,,4,,,
ClassicGumtree,309,7,153,151,0,5,0,0,2,3,0,0.7,,200,,,,,4,,,
ClassicGumtree,309,7,153,151,0,5,0,0,1,3,0,0.799,,200,,,,,4,,,
ClassicGumtree,309,7,153,151,0,5,0,0,1,3,0,0.899,,200,,,,,4,,,
ClassicGumtree,309,7,153,151,0,5,0,0,1,3,0,0.999,,200,,,,,4,,,
ClassicGumtree,302,14,152,150,0,0,0,0,1,3,0,0.1,,200,,,,,5,,,
ClassicGumtree,302,14,152,150,0,0,0,0,1,3,0,0.2,,200,,,,,5,,,
ClassicGumtree,302,14,152,150,0,0,0,0,1,3,0,0.3,,200,,,,,5,,,
ClassicGumtree,302,14,152,150,0,0,0,0,1,3,0,0.4,,200,,,,,5,,,
ClassicGumtree,309,7,153,151,0,5,0,0,1,3,0,0.5,,200,,,,,5,,,
ClassicGumtree,309,7,153,151,0,5,0,0,1,3,0,0.6,,200,,,,,5,,,
ClassicGumtree,309,7,153,151,0,5,0,0,1,3,0,0.7,,200,,,,,5,,,
ClassicGumtree,309,7,153,151,0,5,0,0,1,3,0,0.799,,200,,,,,5,,,
ClassicGumtree,309,7,153,151,0,5,0,0,1,3,0,0.899,,200,,,,,5,,,
ClassicGumtree,309,7,153,151,0,5,0,0,1,3,0,0.999,,200,,,,,5,,,
ClassicGumtree,4,4,2,0,0,2,0,0,189,3,0,0.1,,300,,,,,1,,,
ClassicGumtree,4,4,2,0,0,2,0,0,189,3,0,0.2,,300,,,,,1,,,
ClassicGumtree,4,4,2,0,0,2,0,0,300,3,0,0.3,,300,,,,,1,,,
ClassicGumtree,4,4,2,0,0,2,0,0,442,3,0,0.4,,300,,,,,1,,,
ClassicGumtree,4,4,2,0,0,2,0,0,558,3,0,0.5,,300,,,,,1,,,
ClassicGumtree,4,4,2,0,0,2,0,0,611,3,0,0.6,,300,,,,,1,,,
ClassicGumtree,4,4,2,0,0,2,0,0,556,3,0,0.7,,300,,,,,1,,,
ClassicGumtree,4,4,2,0,0,2,0,0,480,3,0,0.799,,300,,,,,1,,,
ClassicGumtree,4,4,2,0,0,2,0,0,426,3,0,0.899,,300,,,,,1,,,
ClassicGumtree,4,4,2,0,0,2,0,0,209,3,0,0.999,,300,,,,,1,,,
ClassicGumtree,4,4,2,0,0,2,0,0,189,3,0,0.1,,300,,,,,2,,,
ClassicGumtree,4,4,2,0,0,2,0,0,188,3,0,0.2,,300,,,,,2,,,
ClassicGumtree,4,4,2,0,0,2,0,0,956,3,0,0.3,,300,,,,,2,,,
ClassicGumtree,4,4,2,0,0,2,0,0,257,3,0,0.4,,300,,,,,2,,,
ClassicGumtree,4,4,2,0,0,2,0,0,190,3,0,0.5,,300,,,,,2,,,
ClassicGumtree,4,4,2,0,0,2,0,0,189,3,0,0.6,,300,,,,,2,,,
ClassicGumtree,4,4,2,0,0,2,0,0,851,3,0,0.7,,300,,,,,2,,,
ClassicGumtree,4,4,2,0,0,2,0,0,821,3,0,0.799,,300,,,,,2,,,
ClassicGumtree,4,4,2,0,0,2,0,0,801,3,0,0.899,,300,,,,,2,,,
ClassicGumtree,4,4,2,0,0,2,0,0,666,3,0,0.999,,300,,,,,2,,,
ClassicGumtree,4,4,2,0,0,2,0,0,836,3,0,0.1,,300,,,,,3,,,
ClassicGumtree,4,4,2,0,0,2,0,0,738,3,0,0.2,,300,,,,,3,,,
ClassicGumtree,4,4,2,0,0,2,0,0,737,3,0,0.3,,300,,,,,3,,,
ClassicGumtree,4,4,2,0,0,2,0,0,770,3,0,0.4,,300,,,,,3,,,
ClassicGumtree,4,4,2,0,0,2,0,0,806,3,0,0.5,,300,,,,,3,,,
ClassicGumtree,4,4,2,0,0,2,0,0,207,3,0,0.6,,300,,,,,3,,,
ClassicGumtree,4,4,2,0,0,2,0,0,173,3,0,0.7,,300,,,,,3,,,
ClassicGumtree,4,4,2,0,0,2,0,0,87,3,0,0.799,,300,,,,,3,,,
ClassicGumtree,4,4,2,0,0,2,0,0,86,3,0,0.899,,300,,,,,3,,,
ClassicGumtree,4,4,2,0,0,2,0,0,87,3,0,0.999,,300,,,,,3,,,
ClassicGumtree,4,4,2,0,0,2,0,0,173,3,0,0.1,,300,,,,,4,,,
ClassicGumtree,4,4,2,0,0,2,0,0,172,3,0,0.2,,300,,,,,4,,,
ClassicGumtree,4,4,2,0,0,2,0,0,172,3,0,0.3,,300,,,,,4,,,
ClassicGumtree,4,4,2,0,0,2,0,0,172,3,0,0.4,,300,,,,,4,,,
ClassicGumtree,4,4,2,0,0,2,0,0,87,3,0,0.5,,300,,,,,4,,,
ClassicGumtree,4,4,2,0,0,2,0,0,86,3,0,0.6,,300,,,,,4,,,
ClassicGumtree,4,4,2,0,0,2,0,0,86,3,0,0.7,,300,,,,,4,,,
ClassicGumtree,4,4,2,0,0,2,0,0,104,3,0,0.799,,300,,,,,4,,,
ClassicGumtree,4,4,2,0,0,2,0,0,103,3,0,0.899,,300,,,,,4,,,
ClassicGumtree,4,4,2,0,0,2,0,0,103,3,0,0.999,,300,,,,,4,,,
ClassicGumtree,4,4,2,0,0,2,0,0,172,3,0,0.1,,300,,,,,5,,,
ClassicGumtree,4,4,2,0,0,2,0,0,171,3,0,0.2,,300,,,,,5,,,
ClassicGumtree,4,4,2,0,0,2,0,0,173,3,0,0.3,,300,,,,,5,,,
ClassicGumtree,4,4,2,0,0,2,0,0,172,3,0,0.4,,300,,,,,5,,,
ClassicGumtree,4,4,2,0,0,2,0,0,86,3,0,0.5,,300,,,,,5,,,
ClassicGumtree,4,4,2,0,0,2,0,0,103,3,0,0.6,,300,,,,,5,,,
ClassicGumtree,4,4,2,0,0,2,0,0,104,3,0,0.7,,300,,,,,5,,,
ClassicGumtree,4,4,2,0,0,2,0,0,87,3,0,0.799,,300,,,,,5,,,
ClassicGumtree,4,4,2,0,0,2,0,0,171,3,0,0.899,,300,,,,,5,,,
ClassicGumtree,4,4,2,0,0,2,0,0,86,3,0,0.999,,300,,,,,5,,,
ClassicGumtree,4,4,2,0,0,2,0,0,191,3,0,0.1,,400,,,,,1,,,
ClassicGumtree,4,4,2,0,0,2,0,0,228,3,0,0.2,,400,,,,,1,,,
ClassicGumtree,4,4,2,0,0,2,0,0,190,3,0,0.3,,400,,,,,1,,,
ClassicGumtree,4,4,2,0,0,2,0,0,228,3,0,0.4,,400,,,,,1,,,
ClassicGumtree,4,4,2,0,0,2,0,0,191,3,0,0.5,,400,,,,,1,,,
ClassicGumtree,4,4,2,0,0,2,0,0,190,3,0,0.6,,400,,,,,1,,,
ClassicGumtree,4,4,2,0,0,2,0,0,191,3,0,0.7,,400,,,,,1,,,
ClassicGumtree,4,4,2,0,0,2,0,0,191,3,0,0.799,,400,,,,,1,,,
ClassicGumtree,4,4,2,0,0,2,0,0,190,3,0,0.899,,400,,,,,1,,,
ClassicGumtree,4,4,2,0,0,2,0,0,167,3,0,0.999,,400,,,,,1,,,
ClassicGumtree,4,4,2,0,0,2,0,0,190,3,0,0.1,,400,,,,,2,,,
ClassicGumtree,4,4,2,0,0,2,0,0,191,3,0,0.2,,400,,,,,2,,,
ClassicGumtree,4,4,2,0,0,2,0,0,190,3,0,0.3,,400,,,,,2,,,
ClassicGumtree,4,4,2,0,0,2,0,0,190,3,0,0.4,,400,,,,,2,,,
ClassicGumtree,4,4,2,0,0,2,0,0,228,3,0,0.5,,400,,,,,2,,,
ClassicGumtree,4,4,2,0,0,2,0,0,190,3,0,0.6,,400,,,,,2,,,
ClassicGumtree,4,4,2,0,0,2,0,0,190,3,0,0.7,,400,,,,,2,,,
ClassicGumtree,4,4,2,0,0,2,0,0,190,3,0,0.799,,400,,,,,2,,,
ClassicGumtree,4,4,2,0,0,2,0,0,225,3,0,0.899,,400,,,,,2,,,
ClassicGumtree,4,4,2,0,0,2,0,0,183,3,0,0.999,,400,,,,,2,,,
ClassicGumtree,4,4,2,0,0,2,0,0,191,3,0,0.1,,400,,,,,3,,,
ClassicGumtree,4,4,2,0,0,2,0,0,190,3,0,0.2,,400,,,,,3,,,
ClassicGumtree,4,4,2,0,0,2,0,0,191,3,0,0.3,,400,,,,,3,,,
ClassicGumtree,4,4,2,0,0,2,0,0,190,3,0,0.4,,400,,,,,3,,,
ClassicGumtree,4,4,2,0,0,2,0,0,191,3,0,0.5,,400,,,,,3,,,
ClassicGumtree,4,4,2,0,0,2,0,0,173,3,0,0.6,,400,,,,,3,,,
ClassicGumtree,4,4,2,0,0,2,0,0,172,3,0,0.7,,400,,,,,3,,,
ClassicGumtree,4,4,2,0,0,2,0,0,104,3,0,0.799,,400,,,,,3,,,
ClassicGumtree,4,4,2,0,0,2,0,0,167,3,0,0.899,,400,,,,,3,,,
ClassicGumtree,4,4,2,0,0,2,0,0,103,3,0,0.999,,400,,,,,3,,,
ClassicGumtree,4,4,2,0,0,2,0,0,172,3,0,0.1,,400,,,,,4,,,
ClassicGumtree,4,4,2,0,0,2,0,0,207,3,0,0.2,,400,,,,,4,,,
ClassicGumtree,4,4,2,0,0,2,0,0,206,3,0,0.3,,400,,,,,4,,,
ClassicGumtree,4,4,2,0,0,2,0,0,172,3,0,0.4,,400,,,,,4,,,
ClassicGumtree,4,4,2,0,0,2,0,0,87,3,0,0.5,,400,,,,,4,,,
ClassicGumtree,4,4,2,0,0,2,0,0,86,3,0,0.6,,400,,,,,4,,,
ClassicGumtree,4,4,2,0,0,2,0,0,86,3,0,0.7,,400,,,,,4,,,
ClassicGumtree,4,4,2,0,0,2,0,0,86,3,0,0.799,,400,,,,,4,,,
ClassicGumtree,4,4,2,0,0,2,0,0,87,3,0,0.899,,400,,,,,4,,,
ClassicGumtree,4,4,2,0,0,2,0,0,183,3,0,0.999,,400,,,,,4,,,
ClassicGumtree,4,4,2,0,0,2,0,0,172,3,0,0.1,,400,,,,,5,,,
ClassicGumtree,4,4,2,0,0,2,0,0,172,3,0,0.2,,400,,,,,5,,,
ClassicGumtree,4,4,2,0,0,2,0,0,172,3,0,0.3,,400,,,,,5,,,
ClassicGumtree,4,4,2,0,0,2,0,0,172,3,0,0.4,,400,,,,,5,,,
ClassicGumtree,4,4,2,0,0,2,0,0,87,3,0,0.5,,400,,,,,5,,,
ClassicGumtree,4,4,2,0,0,2,0,0,86,3,0,0.6,,400,,,,,5,,,
ClassicGumtree,4,4,2,0,0,2,0,0,87,3,0,0.7,,400,,,,,5,,,
ClassicGumtree,4,4,2,0,0,2,0,0,103,3,0,0.799,,400,,,,,5,,,
ClassicGumtree,4,4,2,0,0,2,0,0,87,3,0,0.899,,400,,,,,5,,,
ClassicGumtree,4,4,2,0,0,2,0,0,104,3,0,0.999,,400,,,,,5,,,
ClassicGumtree,4,4,2,0,0,2,0,0,191,3,0,0.1,,500,,,,,1,,,
ClassicGumtree,4,4,2,0,0,2,0,0,366,3,0,0.2,,500,,,,,1,,,
ClassicGumtree,4,4,2,0,0,2,0,0,190,3,0,0.3,,500,,,,,1,,,
ClassicGumtree,4,4,2,0,0,2,0,0,191,3,0,0.4,,500,,,,,1,,,
ClassicGumtree,4,4,2,0,0,2,0,0,190,3,0,0.5,,500,,,,,1,,,
ClassicGumtree,4,4,2,0,0,2,0,0,191,3,0,0.6,,500,,,,,1,,,
ClassicGumtree,4,4,2,0,0,2,0,0,190,3,0,0.7,,500,,,,,1,,,
ClassicGumtree,4,4,2,0,0,2,0,0,227,3,0,0.799,,500,,,,,1,,,
ClassicGumtree,4,4,2,0,0,2,0,0,192,3,0,0.899,,500,,,,,1,,,
ClassicGumtree,4,4,2,0,0,2,0,0,103,3,0,0.999,,500,,,,,1,,,
ClassicGumtree,4,4,2,0,0,2,0,0,228,3,0,0.1,,500,,,,,2,,,
ClassicGumtree,4,4,2,0,0,2,0,0,190,3,0,0.2,,500,,,,,2,,,
ClassicGumtree,4,4,2,0,0,2,0,0,191,3,0,0.3,,500,,,,,2,,,
ClassicGumtree,4,4,2,0,0,2,0,0,190,3,0,0.4,,500,,,,,2,,,
ClassicGumtree,4,4,2,0,0,2,0,0,191,3,0,0.5,,500,,,,,2,,,
ClassicGumtree,4,4,2,0,0,2,0,0,190,3,0,0.6,,500,,,,,2,,,
ClassicGumtree,4,4,2,0,0,2,0,0,190,3,0,0.7,,500,,,,,2,,,
ClassicGumtree,4,4,2,0,0,2,0,0,190,3,0,0.799,,500,,,,,2,,,
ClassicGumtree,4,4,2,0,0,2,0,0,227,3,0,0.899,,500,,,,,2,,,
ClassicGumtree,4,4,2,0,0,2,0,0,166,3,0,0.999,,500,,,,,2,,,
ClassicGumtree,4,4,2,0,0,2,0,0,282,3,0,0.1,,500,,,,,3,,,
ClassicGumtree,4,4,2,0,0,2,0,0,190,3,0,0.2,,500,,,,,3,,,
ClassicGumtree,4,4,2,0,0,2,0,0,228,3,0,0.3,,500,,,,,3,,,
ClassicGumtree,4,4,2,0,0,2,0,0,190,3,0,0.4,,500,,,,,3,,,
ClassicGumtree,4,4,2,0,0,2,0,0,190,3,0,0.5,,500,,,,,3,,,
ClassicGumtree,4,4,2,0,0,2,0,0,173,3,0,0.6,,500,,,,,3,,,
ClassicGumtree,4,4,2,0,0,2,0,0,172,3,0,0.7,,500,,,,,3,,,
ClassicGumtree,4,4,2,0,0,2,0,0,87,3,0,0.799,,500,,,,,3,,,
ClassicGumtree,4,4,2,0,0,2,0,0,104,3,0,0.899,,500,,,,,3,,,
ClassicGumtree,4,4,2,0,0,2,0,0,87,3,0,0.999,,500,,,,,3,,,
ClassicGumtree,4,4,2,0,0,2,0,0,349,3,0,0.1,,500,,,,,4,,,
ClassicGumtree,4,4,2,0,0,2,0,0,172,3,0,0.2,,500,,,,,4,,,
ClassicGumtree,4,4,2,0,0,2,0,0,172,3,0,0.3,,500,,,,,4,,,
ClassicGumtree,4,4,2,0,0,2,0,0,172,3,0,0.4,,500,,,,,4,,,
ClassicGumtree,4,4,2,0,0,2,0,0,86,3,0,0.5,,500,,,,,4,,,
ClassicGumtree,4,4,2,0,0,2,0,0,88,3,0,0.6,,500,,,,,4,,,
ClassicGumtree,4,4,2,0,0,2,0,0,103,3,0,0.7,,500,,,,,4,,,
ClassicGumtree,4,4,2,0,0,2,0,0,87,3,0,0.799,,500,,,,,4,,,
ClassicGumtree,4,4,2,0,0,2,0,0,104,3,0,0.899,,500,,,,,4,,,
ClassicGumtree,4,4,2,0,0,2,0,0,87,3,0,0.999,,500,,,,,4,,,
ClassicGumtree,4,4,2,0,0,2,0,0,172,3,0,0.1,,500,,,,,5,,,
ClassicGumtree,4,4,2,0,0,2,0,0,171,3,0,0.2,,500,,,,,5,,,
ClassicGumtree,4,4,2,0,0,2,0,0,172,3,0,0.3,,500,,,,,5,,,
ClassicGumtree,4,4,2,0,0,2,0,0,206,3,0,0.4,,500,,,,,5,,,
ClassicGumtree,4,4,2,0,0,2,0,0,103,3,0,0.5,,500,,,,,5,,,
ClassicGumtree,4,4,2,0,0,2,0,0,86,3,0,0.6,,500,,,,,5,,,
ClassicGumtree,4,4,2,0,0,2,0,0,87,3,0,0.7,,500,,,,,5,,,
ClassicGumtree,4,4,2,0,0,2,0,0,86,3,0,0.799,,500,,,,,5,,,
ClassicGumtree,4,4,2,0,0,2,0,0,86,3,0,0.899,,500,,,,,5,,,
ClassicGumtree,4,4,2,0,0,2,0,0,87,3,0,0.999,,500,,,,,5,,,
ClassicGumtree,4,4,2,0,0,2,0,0,229,3,0,0.1,,600,,,,,1,,,
ClassicGumtree,4,4,2,0,0,2,0,0,190,3,0,0.2,,600,,,,,1,,,
ClassicGumtree,4,4,2,0,0,2,0,0,191,3,0,0.3,,600,,,,,1,,,
ClassicGumtree,4,4,2,0,0,2,0,0,190,3,0,0.4,,600,,,,,1,,,
ClassicGumtree,4,4,2,0,0,2,0,0,190,3,0,0.5,,600,,,,,1,,,
ClassicGumtree,4,4,2,0,0,2,0,0,191,3,0,0.6,,600,,,,,1,,,
ClassicGumtree,4,4,2,0,0,2,0,0,191,3,0,0.7,,600,,,,,1,,,
ClassicGumtree,4,4,2,0,0,2,0,0,382,3,0,0.799,,600,,,,,1,,,
ClassicGumtree,4,4,2,0,0,2,0,0,190,3,0,0.899,,600,,,,,1,,,
ClassicGumtree,4,4,2,0,0,2,0,0,104,3,0,0.999,,600,,,,,1,,,
ClassicGumtree,4,4,2,0,0,2,0,0,228,3,0,0.1,,600,,,,,2,,,
ClassicGumtree,4,4,2,0,0,2,0,0,189,3,0,0.2,,600,,,,,2,,,
ClassicGumtree,4,4,2,0,0,2,0,0,189,3,0,0.3,,600,,,,,2,,,
ClassicGumtree,4,4,2,0,0,2,0,0,189,3,0,0.4,,600,,,,,2,,,
ClassicGumtree,4,4,2,0,0,2,0,0,189,3,0,0.5,,600,,,,,2,,,
ClassicGumtree,4,4,2,0,0,2,0,0,190,3,0,0.6,,600,,,,,2,,,
ClassicGumtree,4,4,2,0,0,2,0,0,190,3,0,0.7,,600,,,,,2,,,
ClassicGumtree,4,4,2,0,0,2,0,0,228,3,0,0.799,,600,,,,,2,,,
ClassicGumtree,4,4,2,0,0,2,0,0,188,3,0,0.899,,600,,,,,2,,,
ClassicGumtree,4,4,2,0,0,2,0,0,86,3,0,0.999,,600,,,,,2,,,
ClassicGumtree,4,4,2,0,0,2,0,0,189,3,0,0.1,,600,,,,,3,,,
ClassicGumtree,4,4,2,0,0,2,0,0,189,3,0,0.2,,600,,,,,3,,,
ClassicGumtree,4,4,2,0,0,2,0,0,189,3,0,0.3,,600,,,,,3,,,
ClassicGumtree,4,4,2,0,0,2,0,0,190,3,0,0.4,,600,,,,,3,,,
ClassicGumtree,4,4,2,0,0,2,0,0,228,3,0,0.5,,600,,,,,3,,,
ClassicGumtree,4,4,2,0,0,2,0,0,173,3,0,0.6,,600,,,,,3,,,
ClassicGumtree,4,4,2,0,0,2,0,0,1059,3,0,0.7,,600,,,,,3,,,
ClassicGumtree,4,4,2,0,0,2,0,0,87,3,0,0.799,,600,,,,,3,,,
ClassicGumtree,4,4,2,0,0,2,0,0,104,3,0,0.899,,600,,,,,3,,,
ClassicGumtree,4,4,2,0,0,2,0,0,87,3,0,0.999,,600,,,,,3,,,
ClassicGumtree,4,4,2,0,0,2,0,0,171,3,0,0.1,,600,,,,,4,,,
ClassicGumtree,4,4,2,0,0,2,0,0,934,3,0,0.2,,600,,,,,4,,,
ClassicGumtree,4,4,2,0,0,2,0,0,171,3,0,0.3,,600,,,,,4,,,
ClassicGumtree,4,4,2,0,0,2,0,0,901,3,0,0.4,,600,,,,,4,,,
ClassicGumtree,4,4,2,0,0,2,0,0,86,3,0,0.5,,600,,,,,4,,,
ClassicGumtree,4,4,2,0,0,2,0,0,86,3,0,0.6,,600,,,,,4,,,
ClassicGumtree,4,4,2,0,0,2,0,0,85,3,0,0.7,,600,,,,,4,,,
ClassicGumtree,4,4,2,0,0,2,0,0,86,3,0,0.799,,600,,,,,4,,,
ClassicGumtree,4,4,2,0,0,2,0,0,104,3,0,0.899,,600,,,,,4,,,
ClassicGumtree,4,4,2,0,0,2,0,0,818,3,0,0.999,,600,,,,,4,,,
ClassicGumtree,4,4,2,0,0,2,0,0,921,3,0,0.1,,600,,,,,5,,,
ClassicGumtree,4,4,2,0,0,2,0,0,903,3,0,0.2,,600,,,,,5,,,
ClassicGumtree,4,4,2,0,0,2,0,0,903,3,0,0.3,,600,,,,,5,,,
ClassicGumtree,4,4,2,0,0,2,0,0,900,3,0,0.4,,600,,,,,5,,,
ClassicGumtree,4,4,2,0,0,2,0,0,817,3,0,0.5,,600,,,,,5,,,
ClassicGumtree,4,4,2,0,0,2,0,0,835,3,0,0.6,,600,,,,,5,,,
ClassicGumtree,4,4,2,0,0,2,0,0,86,3,0,0.7,,600,,,,,5,,,
ClassicGumtree,4,4,2,0,0,2,0,0,87,3,0,0.799,,600,,,,,5,,,
ClassicGumtree,4,4,2,0,0,2,0,0,87,3,0,0.899,,600,,,,,5,,,
ClassicGumtree,4,4,2,0,0,2,0,0,87,3,0,0.999,,600,,,,,5,,,
ClassicGumtree,4,4,2,0,0,2,0,0,191,3,0,0.1,,700,,,,,1,,,
ClassicGumtree,4,4,2,0,0,2,0,0,191,3,0,0.2,,700,,,,,1,,,
ClassicGumtree,4,4,2,0,0,2,0,0,191,3,0,0.3,,700,,,,,1,,,
ClassicGumtree,4,4,2,0,0,2,0,0,228,3,0,0.4,,700,,,,,1,,,
ClassicGumtree,4,4,2,0,0,2,0,0,190,3,0,0.5,,700,,,,,1,,,
ClassicGumtree,4,4,2,0,0,2,0,0,190,3,0,0.6,,700,,,,,1,,,
ClassicGumtree,4,4,2,0,0,2,0,0,191,3,0,0.7,,700,,,,,1,,,
ClassicGumtree,4,4,2,0,0,2,0,0,192,3,0,0.799,,700,,,,,1,,,
ClassicGumtree,4,4,2,0,0,2,0,0,228,3,0,0.899,,700,,,,,1,,,
ClassicGumtree,4,4,2,0,0,2,0,0,87,3,0,0.999,,700,,,,,1,,,
ClassicGumtree,4,4,2,0,0,2,0,0,191,3,0,0.1,,700,,,,,2,,,
ClassicGumtree,4,4,2,0,0,2,0,0,191,3,0,0.2,,700,,,,,2,,,
ClassicGumtree,4,4,2,0,0,2,0,0,223,3,0,0.3,,700,,,,,2,,,
ClassicGumtree,4,4,2,0,0,2,0,0,191,3,0,0.4,,700,,,,,2,,,
ClassicGumtree,4,4,2,0,0,2,0,0,190,3,0,0.5,,700,,,,,2,,,
ClassicGumtree,4,4,2,0,0,2,0,0,190,3,0,0.6,,700,,,,,2,,,
ClassicGumtree,4,4,2,0,0,2,0,0,190,3,0,0.7,,700,,,,,2,,,
ClassicGumtree,4,4,2,0,0,2,0,0,191,3,0,0.799,,700,,,,,2,,,
ClassicGumtree,4,4,2,0,0,2,0,0,226,3,0,0.899,,700,,,,,2,,,
ClassicGumtree,4,4,2,0,0,2,0,0,104,3,0,0.999,,700,,,,,2,,,
ClassicGumtree,4,4,2,0,0,2,0,0,190,3,0,0.1,,700,,,,,3,,,
ClassicGumtree,4,4,2,0,0,2,0,0,228,3,0,0.2,,700,,,,,3,,,
ClassicGumtree,4,4,2,0,0,2,0,0,190,3,0,0.3,,700,,,,,3,,,
ClassicGumtree,4,4,2,0,0,2,0,0,191,3,0,0.4,,700,,,,,3,,,
ClassicGumtree,4,4,2,0,0,2,0,0,190,3,0,0.5,,700,,,,,3,,,
ClassicGumtree,4,4,2,0,0,2,0,0,173,3,0,0.6,,700,,,,,3,,,
ClassicGumtree,4,4,2,0,0,2,0,0,172,3,0,0.7,,700,,,,,3,,,
ClassicGumtree,4,4,2,0,0,2,0,0,87,3,0,0.799,,700,,,,,3,,,
ClassicGumtree,4,4,2,0,0,2,0,0,103,3,0,0.899,,700,,,,,3,,,
ClassicGumtree,4,4,2,0,0,2,0,0,104,3,0,0.999,,700,,,,,3,,,
ClassicGumtree,4,4,2,0,0,2,0,0,205,3,0,0.1,,700,,,,,4,,,
ClassicGumtree,4,4,2,0,0,2,0,0,172,3,0,0.2,,700,,,,,4,,,
ClassicGumtree,4,4,2,0,0,2,0,0,220,3,0,0.3,,700,,,,,4,,,
ClassicGumtree,4,4,2,0,0,2,0,0,173,3,0,0.4,,700,,,,,4,,,
ClassicGumtree,4,4,2,0,0,2,0,0,86,3,0,0.5,,700,,,,,4,,,
ClassicGumtree,4,4,2,0,0,2,0,0,87,3,0,0.6,,700,,,,,4,,,
ClassicGumtree,4,4,2,0,0,2,0,0,103,3,0,0.7,,700,,,,,4,,,
ClassicGumtree,4,4,2,0,0,2,0,0,87,3,0,0.799,,700,,,,,4,,,
ClassicGumtree,4,4,2,0,0,2,0,0,86,3,0,0.899,,700,,,,,4,,,
ClassicGumtree,4,4,2,0,0,2,0,0,103,3,0,0.999,,700,,,,,4,,,
ClassicGumtree,4,4,2,0,0,2,0,0,172,3,0,0.1,,700,,,,,5,,,
ClassicGumtree,4,4,2,0,0,2,0,0,171,3,0,0.2,,700,,,,,5,,,
ClassicGumtree,4,4,2,0,0,2,0,0,173,3,0,0.3,,700,,,,,5,,,
ClassicGumtree,4,4,2,0,0,2,0,0,172,3,0,0.4,,700,,,,,5,,,
ClassicGumtree,4,4,2,0,0,2,0,0,104,3,0,0.5,,700,,,,,5,,,
ClassicGumtree,4,4,2,0,0,2,0,0,87,3,0,0.6,,700,,,,,5,,,
ClassicGumtree,4,4,2,0,0,2,0,0,104,3,0,0.7,,700,,,,,5,,,
ClassicGumtree,4,4,2,0,0,2,0,0,86,3,0,0.799,,700,,,,,5,,,
ClassicGumtree,4,4,2,0,0,2,0,0,86,3,0,0.899,,700,,,,,5,,,
ClassicGumtree,4,4,2,0,0,2,0,0,118,3,0,0.999,,700,,,,,5,,,
ClassicGumtree,4,4,2,0,0,2,0,0,190,3,0,0.1,,800,,,,,1,,,
ClassicGumtree,4,4,2,0,0,2,0,0,228,3,0,0.2,,800,,,,,1,,,
ClassicGumtree,4,4,2,0,0,2,0,0,239,3,0,0.3,,800,,,,,1,,,
ClassicGumtree,4,4,2,0,0,2,0,0,228,3,0,0.4,,800,,,,,1,,,
ClassicGumtree,4,4,2,0,0,2,0,0,191,3,0,0.5,,800,,,,,1,,,
ClassicGumtree,4,4,2,0,0,2,0,0,190,3,0,0.6,,800,,,,,1,,,
ClassicGumtree,4,4,2,0,0,2,0,0,191,3,0,0.7,,800,,,,,1,,,
ClassicGumtree,4,4,2,0,0,2,0,0,222,3,0,0.799,,800,,,,,1,,,
ClassicGumtree,4,4,2,0,0,2,0,0,191,3,0,0.899,,800,,,,,1,,,
ClassicGumtree,4,4,2,0,0,2,0,0,119,3,0,0.999,,800,,,,,1,,,
ClassicGumtree,4,4,2,0,0,2,0,0,207,3,0,0.1,,800,,,,,2,,,
ClassicGumtree,4,4,2,0,0,2,0,0,255,3,0,0.2,,800,,,,,2,,,
ClassicGumtree,4,4,2,0,0,2,0,0,228,3,0,0.3,,800,,,,,2,,,
ClassicGumtree,4,4,2,0,0,2,0,0,190,3,0,0.4,,800,,,,,2,,,
ClassicGumtree,4,4,2,0,0,2,0,0,190,3,0,0.5,,800,,,,,2,,,
ClassicGumtree,4,4,2,0,0,2,0,0,190,3,0,0.6,,800,,,,,2,,,
ClassicGumtree,4,4,2,0,0,2,0,0,228,3,0,0.7,,800,,,,,2,,,
ClassicGumtree,4,4,2,0,0,2,0,0,372,3,0,0.799,,800,,,,,2,,,
ClassicGumtree,4,4,2,0,0,2,0,0,189,3,0,0.899,,800,,,,,2,,,
ClassicGumtree,4,4,2,0,0,2,0,0,119,3,0,0.999,,800,,,,,2,,,
ClassicGumtree,4,4,2,0,0,2,0,0,222,3,0,0.1,,800,,,,,3,,,
ClassicGumtree,4,4,2,0,0,2,0,0,222,3,0,0.2,,800,,,,,3,,,
ClassicGumtree,4,4,2,0,0,2,0,0,190,3,0,0.3,,800,,,,,3,,,
ClassicGumtree,4,4,2,0,0,2,0,0,190,3,0,0.4,,800,,,,,3,,,
ClassicGumtree,4,4,2,0,0,2,0,0,190,3,0,0.5,,800,,,,,3,,,
ClassicGumtree,4,4,2,0,0,2,0,0,173,3,0,0.6,,800,,,,,3,,,
ClassicGumtree,4,4,2,0,0,2,0,0,240,3,0,0.7,,800,,,,,3,,,
ClassicGumtree,4,4,2,0,0,2,0,0,104,3,0,0.799,,800,,,,,3,,,
ClassicGumtree,4,4,2,0,0,2,0,0,104,3,0,0.899,,800,,,,,3,,,
ClassicGumtree,4,4,2,0,0,2,0,0,103,3,0,0.999,,800,,,,,3,,,
ClassicGumtree,4,4,2,0,0,2,0,0,206,3,0,0.1,,800,,,,,4,,,
ClassicGumtree,4,4,2,0,0,2,0,0,172,3,0,0.2,,800,,,,,4,,,
ClassicGumtree,4,4,2,0,0,2,0,0,337,3,0,0.3,,800,,,,,4,,,
ClassicGumtree,4,4,2,0,0,2,0,0,172,3,0,0.4,,800,,,,,4,,,
ClassicGumtree,4,4,2,0,0,2,0,0,86,3,0,0.5,,800,,,,,4,,,
ClassicGumtree,4,4,2,0,0,2,0,0,86,3,0,0.6,,800,,,,,4,,,
ClassicGumtree,4,4,2,0,0,2,0,0,86,3,0,0.7,,800,,,,,4,,,
ClassicGumtree,4,4,2,0,0,2,0,0,86,3,0,0.799,,800,,,,,4,,,
ClassicGumtree,4,4,2,0,0,2,0,0,104,3,0,0.899,,800,,,,,4,,,
ClassicGumtree,4,4,2,0,0,2,0,0,183,3,0,0.999,,800,,,,,4,,,
ClassicGumtree,4,4,2,0,0,2,0,0,171,3,0,0.1,,800,,,,,5,,,
ClassicGumtree,4,4,2,0,0,2,0,0,171,3,0,0.2,,800,,,,,5,,,
ClassicGumtree,4,4,2,0,0,2,0,0,204,3,0,0.3,,800,,,,,5,,,
ClassicGumtree,4,4,2,0,0,2,0,0,204,3,0,0.4,,800,,,,,5,,,
ClassicGumtree,4,4,2,0,0,2,0,0,103,3,0,0.5,,800,,,,,5,,,
ClassicGumtree,4,4,2,0,0,2,0,0,104,3,0,0.6,,800,,,,,5,,,
ClassicGumtree,4,4,2,0,0,2,0,0,86,3,0,0.7,,800,,,,,5,,,
ClassicGumtree,4,4,2,0,0,2,0,0,86,3,0,0.799,,800,,,,,5,,,
ClassicGumtree,4,4,2,0,0,2,0,0,87,3,0,0.899,,800,,,,,5,,,
ClassicGumtree,4,4,2,0,0,2,0,0,104,3,0,0.999,,800,,,,,5,,,
ClassicGumtree,4,4,2,0,0,2,0,0,190,3,0,0.1,,900,,,,,1,,,
ClassicGumtree,4,4,2,0,0,2,0,0,190,3,0,0.2,,900,,,,,1,,,
ClassicGumtree,4,4,2,0,0,2,0,0,190,3,0,0.3,,900,,,,,1,,,
ClassicGumtree,4,4,2,0,0,2,0,0,350,3,0,0.4,,900,,,,,1,,,
ClassicGumtree,4,4,2,0,0,2,0,0,228,3,0,0.5,,900,,,,,1,,,
ClassicGumtree,4,4,2,0,0,2,0,0,238,3,0,0.6,,900,,,,,1,,,
ClassicGumtree,4,4,2,0,0,2,0,0,238,3,0,0.7,,900,,,,,1,,,
ClassicGumtree,4,4,2,0,0,2,0,0,383,3,0,0.799,,900,,,,,1,,,
ClassicGumtree,4,4,2,0,0,2,0,0,190,3,0,0.899,,900,,,,,1,,,
ClassicGumtree,4,4,2,0,0,2,0,0,104,3,0,0.999,,900,,,,,1,,,
ClassicGumtree,4,4,2,0,0,2,0,0,190,3,0,0.1,,900,,,,,2,,,
ClassicGumtree,4,4,2,0,0,2,0,0,191,3,0,0.2,,900,,,,,2,,,
ClassicGumtree,4,4,2,0,0,2,0,0,190,3,0,0.3,,900,,,,,2,,,
ClassicGumtree,4,4,2,0,0,2,0,0,228,3,0,0.4,,900,,,,,2,,,
ClassicGumtree,4,4,2,0,0,2,0,0,228,3,0,0.5,,900,,,,,2,,,
ClassicGumtree,4,4,2,0,0,2,0,0,190,3,0,0.6,,900,,,,,2,,,
ClassicGumtree,4,4,2,0,0,2,0,0,238,3,0,0.7,,900,,,,,2,,,
ClassicGumtree,4,4,2,0,0,2,0,0,265,3,0,0.799,,900,,,,,2,,,
ClassicGumtree,4,4,2,0,0,2,0,0,189,3,0,0.899,,900,,,,,2,,,
ClassicGumtree,4,4,2,0,0,2,0,0,87,3,0,0.999,,900,,,,,2,,,
ClassicGumtree,4,4,2,0,0,2,0,0,190,3,0,0.1,,900,,,,,3,,,
ClassicGumtree,4,4,2,0,0,2,0,0,190,3,0,0.2,,900,,,,,3,,,
ClassicGumtree,4,4,2,0,0,2,0,0,228,3,0,0.3,,900,,,,,3,,,
ClassicGumtree,4,4,2,0,0,2,0,0,198,3,0,0.4,,900,,,,,3,,,
ClassicGumtree,4,4,2,0,0,2,0,0,383,3,0,0.5,,900,,,,,3,,,
ClassicGumtree,4,4,2,0,0,2,0,0,206,3,0,0.6,,900,,,,,3,,,
ClassicGumtree,4,4,2,0,0,2,0,0,172,3,0,0.7,,900,,,,,3,,,
ClassicGumtree,4,4,2,0,0,2,0,0,87,3,0,0.799,,900,,,,,3,,,
ClassicGumtree,4,4,2,0,0,2,0,0,92,3,0,0.899,,900,,,,,3,,,
ClassicGumtree,4,4,2,0,0,2,0,0,203,3,0,0.999,,900,,,,,3,,,
ClassicGumtree,4,4,2,0,0,2,0,0,173,3,0,0.1,,900,,,,,4,,,
ClassicGumtree,4,4,2,0,0,2,0,0,172,3,0,0.2,,900,,,,,4,,,
ClassicGumtree,4,4,2,0,0,2,0,0,203,3,0,0.3,,900,,,,,4,,,
ClassicGumtree,4,4,2,0,0,2,0,0,187,3,0,0.4,,900,,,,,4,,,
ClassicGumtree,4,4,2,0,0,2,0,0,86,3,0,0.5,,900,,,,,4,,,
ClassicGumtree,4,4,2,0,0,2,0,0,104,3,0,0.6,,900,,,,,4,,,
ClassicGumtree,4,4,2,0,0,2,0,0,87,3,0,0.7,,900,,,,,4,,,
ClassicGumtree,4,4,2,0,0,2,0,0,104,3,0,0.799,,900,,,,,4,,,
ClassicGumtree,4,4,2,0,0,2,0,0,86,3,0,0.899,,900,,,,,4,,,
ClassicGumtree,4,4,2,0,0,2,0,0,86,3,0,0.999,,900,,,,,4,,,
ClassicGumtree,4,4,2,0,0,2,0,0,171,3,0,0.1,,900,,,,,5,,,
ClassicGumtree,4,4,2,0,0,2,0,0,171,3,0,0.2,,900,,,,,5,,,
ClassicGumtree,4,4,2,0,0,2,0,0,364,3,0,0.3,,900,,,,,5,,,
ClassicGumtree,4,4,2,0,0,2,0,0,206,3,0,0.4,,900,,,,,5,,,
ClassicGumtree,4,4,2,0,0,2,0,0,104,3,0,0.5,,900,,,,,5,,,
ClassicGumtree,4,4,2,0,0,2,0,0,118,3,0,0.6,,900,,,,,5,,,
ClassicGumtree,4,4,2,0,0,2,0,0,86,3,0,0.7,,900,,,,,5,,,
ClassicGumtree,4,4,2,0,0,2,0,0,94,3,0,0.799,,900,,,,,5,,,
ClassicGumtree,4,4,2,0,0,2,0,0,86,3,0,0.899,,900,,,,,5,,,
ClassicGumtree,4,4,2,0,0,2,0,0,195,3,0,0.999,,900,,,,,5,,,
ClassicGumtree,4,4,2,0,0,2,0,0,228,3,0,0.1,,1000,,,,,1,,,
ClassicGumtree,4,4,2,0,0,2,0,0,189,3,0,0.2,,1000,,,,,1,,,
ClassicGumtree,4,4,2,0,0,2,0,0,189,3,0,0.3,,1000,,,,,1,,,
ClassicGumtree,4,4,2,0,0,2,0,0,325,3,0,0.4,,1000,,,,,1,,,
ClassicGumtree,4,4,2,0,0,2,0,0,190,3,0,0.5,,1000,,,,,1,,,
ClassicGumtree,4,4,2,0,0,2,0,0,190,3,0,0.6,,1000,,,,,1,,,
ClassicGumtree,4,4,2,0,0,2,0,0,222,3,0,0.7,,1000,,,,,1,,,
ClassicGumtree,4,4,2,0,0,2,0,0,229,3,0,0.799,,1000,,,,,1,,,
ClassicGumtree,4,4,2,0,0,2,0,0,270,3,0,0.899,,1000,,,,,1,,,
ClassicGumtree,4,4,2,0,0,2,0,0,86,3,0,0.999,,1000,,,,,1,,,
ClassicGumtree,4,4,2,0,0,2,0,0,189,3,0,0.1,,1000,,,,,2,,,
ClassicGumtree,4,4,2,0,0,2,0,0,190,3,0,0.2,,1000,,,,,2,,,
ClassicGumtree,4,4,2,0,0,2,0,0,189,3,0,0.3,,1000,,,,,2,,,
ClassicGumtree,4,4,2,0,0,2,0,0,228,3,0,0.4,,1000,,,,,2,,,
ClassicGumtree,4,4,2,0,0,2,0,0,313,3,0,0.5,,1000,,,,,2,,,
ClassicGumtree,4,4,2,0,0,2,0,0,221,3,0,0.6,,1000,,,,,2,,,
ClassicGumtree,4,4,2,0,0,2,0,0,189,3,0,0.7,,1000,,,,,2,,,
ClassicGumtree,4,4,2,0,0,2,0,0,228,3,0,0.799,,1000,,,,,2,,,
ClassicGumtree,4,4,2,0,0,2,0,0,248,3,0,0.899,,1000,,,,,2,,,
ClassicGumtree,4,4,2,0,0,2,0,0,86,3,0,0.999,,1000,,,,,2,,,
ClassicGumtree,4,4,2,0,0,2,0,0,190,3,0,0.1,,1000,,,,,3,,,
ClassicGumtree,4,4,2,0,0,2,0,0,191,3,0,0.2,,1000,,,,,3,,,
ClassicGumtree,4,4,2,0,0,2,0,0,254,3,0,0.3,,1000,,,,,3,,,
ClassicGumtree,4,4,2,0,0,2,0,0,229,3,0,0.4,,1000,,,,,3,,,
ClassicGumtree,4,4,2,0,0,2,0,0,190,3,0,0.5,,1000,,,,,3,,,
ClassicGumtree,4,4,2,0,0,2,0,0,203,3,0,0.6,,1000,,,,,3,,,
ClassicGumtree,4,4,2,0,0,2,0,0,172,3,0,0.7,,1000,,,,,3,,,
ClassicGumtree,4,4,2,0,0,2,0,0,104,3,0,0.799,,1000,,,,,3,,,
ClassicGumtree,4,4,2,0,0,2,0,0,213,3,0,0.899,,1000,,,,,3,,,
ClassicGumtree,4,4,2,0,0,2,0,0,86,3,0,0.999,,1000,,,,,3,,,
ClassicGumtree,4,4,2,0,0,2,0,0,171,3,0,0.1,,1000,,,,,4,,,
ClassicGumtree,4,4,2,0,0,2,0,0,200,3,0,0.2,,1000,,,,,4,,,
ClassicGumtree,4,4,2,0,0,2,0,0,207,3,0,0.3,,1000,,,,,4,,,
ClassicGumtree,4,4,2,0,0,2,0,0,251,3,0,0.4,,1000,,,,,4,,,
ClassicGumtree,4,4,2,0,0,2,0,0,86,3,0,0.5,,1000,,,,,4,,,
ClassicGumtree,4,4,2,0,0,2,0,0,86,3,0,0.6,,1000,,,,,4,,,
ClassicGumtree,4,4,2,0,0,2,0,0,103,3,0,0.7,,1000,,,,,4,,,
ClassicGumtree,4,4,2,0,0,2,0,0,119,3,0,0.799,,1000,,,,,4,,,
ClassicGumtree,4,4,2,0,0,2,0,0,86,3,0,0.899,,1000,,,,,4,,,
ClassicGumtree,4,4,2,0,0,2,0,0,86,3,0,0.999,,1000,,,,,4,,,
ClassicGumtree,4,4,2,0,0,2,0,0,172,3,0,0.1,,1000,,,,,5,,,
ClassicGumtree,4,4,2,0,0,2,0,0,214,3,0,0.2,,1000,,,,,5,,,
ClassicGumtree,4,4,2,0,0,2,0,0,171,3,0,0.3,,1000,,,,,5,,,
ClassicGumtree,4,4,2,0,0,2,0,0,172,3,0,0.4,,1000,,,,,5,,,
ClassicGumtree,4,4,2,0,0,2,0,0,104,3,0,0.5,,1000,,,,,5,,,
ClassicGumtree,4,4,2,0,0,2,0,0,204,3,0,0.6,,1000,,,,,5,,,
ClassicGumtree,4,4,2,0,0,2,0,0,85,3,0,0.7,,1000,,,,,5,,,
ClassicGumtree,4,4,2,0,0,2,0,0,86,3,0,0.799,,1000,,,,,5,,,
ClassicGumtree,4,4,2,0,0,2,0,0,103,3,0,0.899,,1000,,,,,5,,,
ClassicGumtree,4,4,2,0,0,2,0,0,104,3,0,0.999,,1000,,,,,5,,,
ClassicGumtree,4,4,2,0,0,2,0,0,254,3,0,0.1,,1100,,,,,1,,,
ClassicGumtree,4,4,2,0,0,2,0,0,302,3,0,0.2,,1100,,,,,1,,,
ClassicGumtree,4,4,2,0,0,2,0,0,189,3,0,0.3,,1100,,,,,1,,,
ClassicGumtree,4,4,2,0,0,2,0,0,190,3,0,0.4,,1100,,,,,1,,,
ClassicGumtree,4,4,2,0,0,2,0,0,190,3,0,0.5,,1100,,,,,1,,,
ClassicGumtree,4,4,2,0,0,2,0,0,190,3,0,0.6,,1100,,,,,1,,,
ClassicGumtree,4,4,2,0,0,2,0,0,229,3,0,0.7,,1100,,,,,1,,,
ClassicGumtree,4,4,2,0,0,2,0,0,235,3,0,0.799,,1100,,,,,1,,,
ClassicGumtree,4,4,2,0,0,2,0,0,228,3,0,0.899,,1100,,,,,1,,,
ClassicGumtree,4,4,2,0,0,2,0,0,217,3,0,0.999,,1100,,,,,1,,,
ClassicGumtree,4,4,2,0,0,2,0,0,189,3,0,0.1,,1100,,,,,2,,,
ClassicGumtree,4,4,2,0,0,2,0,0,190,3,0,0.2,,1100,,,,,2,,,
ClassicGumtree,4,4,2,0,0,2,0,0,190,3,0,0.3,,1100,,,,,2,,,
ClassicGumtree,4,4,2,0,0,2,0,0,190,3,0,0.4,,1100,,,,,2,,,
ClassicGumtree,4,4,2,0,0,2,0,0,221,3,0,0.5,,1100,,,,,2,,,
ClassicGumtree,4,4,2,0,0,2,0,0,228,3,0,0.6,,1100,,,,,2,,,
ClassicGumtree,4,4,2,0,0,2,0,0,253,3,0,0.7,,1100,,,,,2,,,
ClassicGumtree,4,4,2,0,0,2,0,0,228,3,0,0.799,,1100,,,,,2,,,
ClassicGumtree,4,4,2,0,0,2,0,0,235,3,0,0.899,,1100,,,,,2,,,
ClassicGumtree,4,4,2,0,0,2,0,0,193,3,0,0.999,,1100,,,,,2,,,
ClassicGumtree,4,4,2,0,0,2,0,0,190,3,0,0.1,,1100,,,,,3,,,
ClassicGumtree,4,4,2,0,0,2,0,0,189,3,0,0.2,,1100,,,,,3,,,
ClassicGumtree,4,4,2,0,0,2,0,0,189,3,0,0.3,,1100,,,,,3,,,
ClassicGumtree,4,4,2,0,0,2,0,0,189,3,0,0.4,,1100,,,,,3,,,
ClassicGumtree,4,4,2,0,0,2,0,0,925,3,0,0.5,,1100,,,,,3,,,
ClassicGumtree,4,4,2,0,0,2,0,0,910,3,0,0.6,,1100,,,,,3,,,
ClassicGumtree,4,4,2,0,0,2,0,0,972,3,0,0.7,,1100,,,,,3,,,
ClassicGumtree,4,4,2,0,0,2,0,0,104,3,0,0.799,,1100,,,,,3,,,
ClassicGumtree,4,4,2,0,0,2,0,0,807,3,0,0.899,,1100,,,,,3,,,
ClassicGumtree,4,4,2,0,0,2,0,0,835,3,0,0.999,,1100,,,,,3,,,
ClassicGumtree,4,4,2,0,0,2,0,0,874,3,0,0.1,,1100,,,,,4,,,
ClassicGumtree,4,4,2,0,0,2,0,0,875,3,0,0.2,,1100,,,,,4,,,
ClassicGumtree,4,4,2,0,0,2,0,0,874,3,0,0.3,,1100,,,,,4,,,
ClassicGumtree,4,4,2,0,0,2,0,0,876,3,0,0.4,,1100,,,,,4,,,
ClassicGumtree,4,4,2,0,0,2,0,0,807,3,0,0.5,,1100,,,,,4,,,
ClassicGumtree,4,4,2,0,0,2,0,0,104,3,0,0.6,,1100,,,,,4,,,
ClassicGumtree,4,4,2,0,0,2,0,0,87,3,0,0.7,,1100,,,,,4,,,
ClassicGumtree,4,4,2,0,0,2,0,0,87,3,0,0.799,,1100,,,,,4,,,
ClassicGumtree,4,4,2,0,0,2,0,0,104,3,0,0.899,,1100,,,,,4,,,
ClassicGumtree,4,4,2,0,0,2,0,0,104,3,0,0.999,,1100,,,,,4,,,
ClassicGumtree,4,4,2,0,0,2,0,0,172,3,0,0.1,,1100,,,,,5,,,
ClassicGumtree,4,4,2,0,0,2,0,0,205,3,0,0.2,,1100,,,,,5,,,
ClassicGumtree,4,4,2,0,0,2,0,0,173,3,0,0.3,,1100,,,,,5,,,
ClassicGumtree,4,4,2,0,0,2,0,0,174,3,0,0.4,,1100,,,,,5,,,
ClassicGumtree,4,4,2,0,0,2,0,0,87,3,0,0.5,,1100,,,,,5,,,
ClassicGumtree,4,4,2,0,0,2,0,0,104,3,0,0.6,,1100,,,,,5,,,
ClassicGumtree,4,4,2,0,0,2,0,0,87,3,0,0.7,,1100,,,,,5,,,
ClassicGumtree,4,4,2,0,0,2,0,0,86,3,0,0.799,,1100,,,,,5,,,
ClassicGumtree,4,4,2,0,0,2,0,0,103,3,0,0.899,,1100,,,,,5,,,
ClassicGumtree,4,4,2,0,0,2,0,0,103,3,0,0.999,,1100,,,,,5,,,
ClassicGumtree,4,4,2,0,0,2,0,0,191,3,0,0.1,,1200,,,,,1,,,
ClassicGumtree,4,4,2,0,0,2,0,0,191,3,0,0.2,,1200,,,,,1,,,
ClassicGumtree,4,4,2,0,0,2,0,0,191,3,0,0.3,,1200,,,,,1,,,
ClassicGumtree,4,4,2,0,0,2,0,0,228,3,0,0.4,,1200,,,,,1,,,
ClassicGumtree,4,4,2,0,0,2,0,0,229,3,0,0.5,,1200,,,,,1,,,
ClassicGumtree,4,4,2,0,0,2,0,0,190,3,0,0.6,,1200,,,,,1,,,
ClassicGumtree,4,4,2,0,0,2,0,0,191,3,0,0.7,,1200,,,,,1,,,
ClassicGumtree,4,4,2,0,0,2,0,0,191,3,0,0.799,,1200,,,,,1,,,
ClassicGumtree,4,4,2,0,0,2,0,0,228,3,0,0.899,,1200,,,,,1,,,
ClassicGumtree,4,4,2,0,0,2,0,0,103,3,0,0.999,,1200,,,,,1,,,
ClassicGumtree,4,4,2,0,0,2,0,0,191,3,0,0.1,,1200,,,,,2,,,
ClassicGumtree,4,4,2,0,0,2,0,0,192,3,0,0.2,,1200,,,,,2,,,
ClassicGumtree,4,4,2,0,0,2,0,0,190,3,0,0.3,,1200,,,,,2,,,
ClassicGumtree,4,4,2,0,0,2,0,0,228,3,0,0.4,,1200,,,,,2,,,
ClassicGumtree,4,4,2,0,0,2,0,0,228,3,0,0.5,,1200,,,,,2,,,
ClassicGumtree,4,4,2,0,0,2,0,0,191,3,0,0.6,,1200,,,,,2,,,
ClassicGumtree,4,4,2,0,0,2,0,0,192,3,0,0.7,,1200,,,,,2,,,
ClassicGumtree,4,4,2,0,0,2,0,0,191,3,0,0.799,,1200,,,,,2,,,
ClassicGumtree,4,4,2,0,0,2,0,0,225,3,0,0.899,,1200,,,,,2,,,
ClassicGumtree,4,4,2,0,0,2,0,0,104,3,0,0.999,,1200,,,,,2,,,
ClassicGumtree,4,4,2,0,0,2,0,0,191,3,0,0.1,,1200,,,,,3,,,
ClassicGumtree,4,4,2,0,0,2,0,0,191,3,0,0.2,,1200,,,,,3,,,
ClassicGumtree,4,4,2,0,0,2,0,0,190,3,0,0.3,,1200,,,,,3,,,
ClassicGumtree,4,4,2,0,0,2,0,0,228,3,0,0.4,,1200,,,,,3,,,
ClassicGumtree,4,4,2,0,0,2,0,0,228,3,0,0.5,,1200,,,,,3,,,
ClassicGumtree,4,4,2,0,0,2,0,0,173,3,0,0.6,,1200,,,,,3,,,
ClassicGumtree,4,4,2,0,0,2,0,0,173,3,0,0.7,,1200,,,,,3,,,
ClassicGumtree,4,4,2,0,0,2,0,0,88,3,0,0.799,,1200,,,,,3,,,
ClassicGumtree,4,4,2,0,0,2,0,0,104,3,0,0.899,,1200,,,,,3,,,
ClassicGumtree,4,4,2,0,0,2,0,0,104,3,0,0.999,,1200,,,,,3,,,
ClassicGumtree,4,4,2,0,0,2,0,0,173,3,0,0.1,,1200,,,,,4,,,
ClassicGumtree,4,4,2,0,0,2,0,0,173,3,0,0.2,,1200,,,,,4,,,
ClassicGumtree,4,4,2,0,0,2,0,0,173,3,0,0.3,,1200,,,,,4,,,
ClassicGumtree,4,4,2,0,0,2,0,0,172,3,0,0.4,,1200,,,,,4,,,
ClassicGumtree,4,4,2,0,0,2,0,0,103,3,0,0.5,,1200,,,,,4,,,
ClassicGumtree,4,4,2,0,0,2,0,0,104,3,0,0.6,,1200,,,,,4,,,
ClassicGumtree,4,4,2,0,0,2,0,0,86,3,0,0.7,,1200,,,,,4,,,
ClassicGumtree,4,4,2,0,0,2,0,0,87,3,0,0.799,,1200,,,,,4,,,
ClassicGumtree,4,4,2,0,0,2,0,0,104,3,0,0.899,,1200,,,,,4,,,
ClassicGumtree,4,4,2,0,0,2,0,0,104,3,0,0.999,,1200,,,,,4,,,
ClassicGumtree,4,4,2,0,0,2,0,0,206,3,0,0.1,,1200,,,,,5,,,
ClassicGumtree,4,4,2,0,0,2,0,0,172,3,0,0.2,,1200,,,,,5,,,
ClassicGumtree,4,4,2,0,0,2,0,0,206,3,0,0.3,,1200,,,,,5,,,
ClassicGumtree,4,4,2,0,0,2,0,0,172,3,0,0.4,,1200,,,,,5,,,
ClassicGumtree,4,4,2,0,0,2,0,0,87,3,0,0.5,,1200,,,,,5,,,
ClassicGumtree,4,4,2,0,0,2,0,0,86,3,0,0.6,,1200,,,,,5,,,
ClassicGumtree,4,4,2,0,0,2,0,0,87,3,0,0.7,,1200,,,,,5,,,
ClassicGumtree,4,4,2,0,0,2,0,0,87,3,0,0.799,,1200,,,,,5,,,
ClassicGumtree,4,4,2,0,0,2,0,0,103,3,0,0.899,,1200,,,,,5,,,
ClassicGumtree,4,4,2,0,0,2,0,0,103,3,0,0.999,,1200,,,,,5,,,
ClassicGumtree,4,4,2,0,0,2,0,0,191,3,0,0.1,,1300,,,,,1,,,
ClassicGumtree,4,4,2,0,0,2,0,0,191,3,0,0.2,,1300,,,,,1,,,
ClassicGumtree,4,4,2,0,0,2,0,0,190,3,0,0.3,,1300,,,,,1,,,
ClassicGumtree,4,4,2,0,0,2,0,0,191,3,0,0.4,,1300,,,,,1,,,
ClassicGumtree,4,4,2,0,0,2,0,0,228,3,0,0.5,,1300,,,,,1,,,
ClassicGumtree,4,4,2,0,0,2,0,0,228,3,0,0.6,,1300,,,,,1,,,
ClassicGumtree,4,4,2,0,0,2,0,0,191,3,0,0.7,,1300,,,,,1,,,
ClassicGumtree,4,4,2,0,0,2,0,0,228,3,0,0.799,,1300,,,,,1,,,
ClassicGumtree,4,4,2,0,0,2,0,0,192,3,0,0.899,,1300,,,,,1,,,
ClassicGumtree,4,4,2,0,0,2,0,0,103,3,0,0.999,,1300,,,,,1,,,
ClassicGumtree,4,4,2,0,0,2,0,0,191,3,0,0.1,,1300,,,,,2,,,
ClassicGumtree,4,4,2,0,0,2,0,0,191,3,0,0.2,,1300,,,,,2,,,
ClassicGumtree,4,4,2,0,0,2,0,0,229,3,0,0.3,,1300,,,,,2,,,
ClassicGumtree,4,4,2,0,0,2,0,0,191,3,0,0.4,,1300,,,,,2,,,
ClassicGumtree,4,4,2,0,0,2,0,0,191,3,0,0.5,,1300,,,,,2,,,
ClassicGumtree,4,4,2,0,0,2,0,0,190,3,0,0.6,,1300,,,,,2,,,
ClassicGumtree,4,4,2,0,0,2,0,0,192,3,0,0.7,,1300,,,,,2,,,
ClassicGumtree,4,4,2,0,0,2,0,0,228,3,0,0.799,,1300,,,,,2,,,
ClassicGumtree,4,4,2,0,0,2,0,0,226,3,0,0.899,,1300,,,,,2,,,
ClassicGumtree,4,4,2,0,0,2,0,0,104,3,0,0.999,,1300,,,,,2,,,
ClassicGumtree,4,4,2,0,0,2,0,0,192,3,0,0.1,,1300,,,,,3,,,
ClassicGumtree,4,4,2,0,0,2,0,0,191,3,0,0.2,,1300,,,,,3,,,
ClassicGumtree,4,4,2,0,0,2,0,0,190,3,0,0.3,,1300,,,,,3,,,
ClassicGumtree,4,4,2,0,0,2,0,0,192,3,0,0.4,,1300,,,,,3,,,
ClassicGumtree,4,4,2,0,0,2,0,0,228,3,0,0.5,,1300,,,,,3,,,
ClassicGumtree,4,4,2,0,0,2,0,0,206,3,0,0.6,,1300,,,,,3,,,
ClassicGumtree,4,4,2,0,0,2,0,0,173,3,0,0.7,,1300,,,,,3,,,
ClassicGumtree,4,4,2,0,0,2,0,0,87,3,0,0.799,,1300,,,,,3,,,
ClassicGumtree,4,4,2,0,0,2,0,0,104,3,0,0.899,,1300,,,,,3,,,
ClassicGumtree,4,4,2,0,0,2,0,0,104,3,0,0.999,,1300,,,,,3,,,
ClassicGumtree,4,4,2,0,0,2,0,0,173,3,0,0.1,,1300,,,,,4,,,
ClassicGumtree,4,4,2,0,0,2,0,0,173,3,0,0.2,,1300,,,,,4,,,
ClassicGumtree,4,4,2,0,0,2,0,0,173,3,0,0.3,,1300,,,,,4,,,
ClassicGumtree,4,4,2,0,0,2,0,0,172,3,0,0.4,,1300,,,,,4,,,
ClassicGumtree,4,4,2,0,0,2,0,0,87,3,0,0.5,,1300,,,,,4,,,
ClassicGumtree,4,4,2,0,0,2,0,0,104,3,0,0.6,,1300,,,,,4,,,
ClassicGumtree,4,4,2,0,0,2,0,0,103,3,0,0.7,,1300,,,,,4,,,
ClassicGumtree,4,4,2,0,0,2,0,0,86,3,0,0.799,,1300,,,,,4,,,
ClassicGumtree,4,4,2,0,0,2,0,0,104,3,0,0.899,,1300,,,,,4,,,
ClassicGumtree,4,4,2,0,0,2,0,0,104,3,0,0.999,,1300,,,,,4,,,
ClassicGumtree,4,4,2,0,0,2,0,0,172,3,0,0.1,,1300,,,,,5,,,
ClassicGumtree,4,4,2,0,0,2,0,0,172,3,0,0.2,,1300,,,,,5,,,
ClassicGumtree,4,4,2,0,0,2,0,0,206,3,0,0.3,,1300,,,,,5,,,
ClassicGumtree,4,4,2,0,0,2,0,0,206,3,0,0.4,,1300,,,,,5,,,
ClassicGumtree,4,4,2,0,0,2,0,0,88,3,0,0.5,,1300,,,,,5,,,
ClassicGumtree,4,4,2,0,0,2,0,0,103,3,0,0.6,,1300,,,,,5,,,
ClassicGumtree,4,4,2,0,0,2,0,0,87,3,0,0.7,,1300,,,,,5,,,
ClassicGumtree,4,4,2,0,0,2,0,0,103,3,0,0.799,,1300,,,,,5,,,
ClassicGumtree,4,4,2,0,0,2,0,0,86,3,0,0.899,,1300,,,,,5,,,
ClassicGumtree,4,4,2,0,0,2,0,0,87,3,0,0.999,,1300,,,,,5,,,
ClassicGumtree,4,4,2,0,0,2,0,0,191,3,0,0.1,,1400,,,,,1,,,
ClassicGumtree,4,4,2,0,0,2,0,0,191,3,0,0.2,,1400,,,,,1,,,
ClassicGumtree,4,4,2,0,0,2,0,0,228,3,0,0.3,,1400,,,,,1,,,
ClassicGumtree,4,4,2,0,0,2,0,0,190,3,0,0.4,,1400,,,,,1,,,
ClassicGumtree,4,4,2,0,0,2,0,0,190,3,0,0.5,,1400,,,,,1,,,
ClassicGumtree,4,4,2,0,0,2,0,0,228,3,0,0.6,,1400,,,,,1,,,
ClassicGumtree,4,4,2,0,0,2,0,0,190,3,0,0.7,,1400,,,,,1,,,
ClassicGumtree,4,4,2,0,0,2,0,0,189,3,0,0.799,,1400,,,,,1,,,
ClassicGumtree,4,4,2,0,0,2,0,0,228,3,0,0.899,,1400,,,,,1,,,
ClassicGumtree,4,4,2,0,0,2,0,0,104,3,0,0.999,,1400,,,,,1,,,
ClassicGumtree,4,4,2,0,0,2,0,0,192,3,0,0.1,,1400,,,,,2,,,
ClassicGumtree,4,4,2,0,0,2,0,0,191,3,0,0.2,,1400,,,,,2,,,
ClassicGumtree,4,4,2,0,0,2,0,0,228,3,0,0.3,,1400,,,,,2,,,
ClassicGumtree,4,4,2,0,0,2,0,0,190,3,0,0.4,,1400,,,,,2,,,
ClassicGumtree,4,4,2,0,0,2,0,0,190,3,0,0.5,,1400,,,,,2,,,
ClassicGumtree,4,4,2,0,0,2,0,0,191,3,0,0.6,,1400,,,,,2,,,
ClassicGumtree,4,4,2,0,0,2,0,0,188,3,0,0.7,,1400,,,,,2,,,
ClassicGumtree,4,4,2,0,0,2,0,0,229,3,0,0.799,,1400,,,,,2,,,
ClassicGumtree,4,4,2,0,0,2,0,0,226,3,0,0.899,,1400,,,,,2,,,
ClassicGumtree,4,4,2,0,0,2,0,0,104,3,0,0.999,,1400,,,,,2,,,
ClassicGumtree,4,4,2,0,0,2,0,0,191,3,0,0.1,,1400,,,,,3,,,
ClassicGumtree,4,4,2,0,0,2,0,0,190,3,0,0.2,,1400,,,,,3,,,
ClassicGumtree,4,4,2,0,0,2,0,0,190,3,0,0.3,,1400,,,,,3,,,
ClassicGumtree,4,4,2,0,0,2,0,0,223,3,0,0.4,,1400,,,,,3,,,
ClassicGumtree,4,4,2,0,0,2,0,0,190,3,0,0.5,,1400,,,,,3,,,
ClassicGumtree,4,4,2,0,0,2,0,0,206,3,0,0.6,,1400,,,,,3,,,
ClassicGumtree,4,4,2,0,0,2,0,0,206,3,0,0.7,,1400,,,,,3,,,
ClassicGumtree,4,4,2,0,0,2,0,0,87,3,0,0.799,,1400,,,,,3,,,
ClassicGumtree,4,4,2,0,0,2,0,0,104,3,0,0.899,,1400,,,,,3,,,
ClassicGumtree,4,4,2,0,0,2,0,0,104,3,0,0.999,,1400,,,,,3,,,
ClassicGumtree,4,4,2,0,0,2,0,0,171,3,0,0.1,,1400,,,,,4,,,
ClassicGumtree,4,4,2,0,0,2,0,0,172,3,0,0.2,,1400,,,,,4,,,
ClassicGumtree,4,4,2,0,0,2,0,0,206,3,0,0.3,,1400,,,,,4,,,
ClassicGumtree,4,4,2,0,0,2,0,0,172,3,0,0.4,,1400,,,,,4,,,
ClassicGumtree,4,4,2,0,0,2,0,0,104,3,0,0.5,,1400,,,,,4,,,
ClassicGumtree,4,4,2,0,0,2,0,0,86,3,0,0.6,,1400,,,,,4,,,
ClassicGumtree,4,4,2,0,0,2,0,0,86,3,0,0.7,,1400,,,,,4,,,
ClassicGumtree,4,4,2,0,0,2,0,0,104,3,0,0.799,,1400,,,,,4,,,
ClassicGumtree,4,4,2,0,0,2,0,0,102,3,0,0.899,,1400,,,,,4,,,
ClassicGumtree,4,4,2,0,0,2,0,0,104,3,0,0.999,,1400,,,,,4,,,
ClassicGumtree,4,4,2,0,0,2,0,0,172,3,0,0.1,,1400,,,,,5,,,
ClassicGumtree,4,4,2,0,0,2,0,0,171,3,0,0.2,,1400,,,,,5,,,
ClassicGumtree,4,4,2,0,0,2,0,0,172,3,0,0.3,,1400,,,,,5,,,
ClassicGumtree,4,4,2,0,0,2,0,0,206,3,0,0.4,,1400,,,,,5,,,
ClassicGumtree,4,4,2,0,0,2,0,0,87,3,0,0.5,,1400,,,,,5,,,
ClassicGumtree,4,4,2,0,0,2,0,0,104,3,0,0.6,,1400,,,,,5,,,
ClassicGumtree,4,4,2,0,0,2,0,0,118,3,0,0.7,,1400,,,,,5,,,
ClassicGumtree,4,4,2,0,0,2,0,0,103,3,0,0.799,,1400,,,,,5,,,
ClassicGumtree,4,4,2,0,0,2,0,0,86,3,0,0.899,,1400,,,,,5,,,
ClassicGumtree,4,4,2,0,0,2,0,0,104,3,0,0.999,,1400,,,,,5,,,
ClassicGumtree,4,4,2,0,0,2,0,0,189,3,0,0.1,,1500,,,,,1,,,
ClassicGumtree,4,4,2,0,0,2,0,0,228,3,0,0.2,,1500,,,,,1,,,
ClassicGumtree,4,4,2,0,0,2,0,0,191,3,0,0.3,,1500,,,,,1,,,
ClassicGumtree,4,4,2,0,0,2,0,0,229,3,0,0.4,,1500,,,,,1,,,
ClassicGumtree,4,4,2,0,0,2,0,0,255,3,0,0.5,,1500,,,,,1,,,
ClassicGumtree,4,4,2,0,0,2,0,0,190,3,0,0.6,,1500,,,,,1,,,
ClassicGumtree,4,4,2,0,0,2,0,0,190,3,0,0.7,,1500,,,,,1,,,
ClassicGumtree,4,4,2,0,0,2,0,0,190,3,0,0.799,,1500,,,,,1,,,
ClassicGumtree,4,4,2,0,0,2,0,0,229,3,0,0.899,,1500,,,,,1,,,
ClassicGumtree,4,4,2,0,0,2,0,0,104,3,0,0.999,,1500,,,,,1,,,
ClassicGumtree,4,4,2,0,0,2,0,0,228,3,0,0.1,,1500,,,,,2,,,
ClassicGumtree,4,4,2,0,0,2,0,0,191,3,0,0.2,,1500,,,,,2,,,
ClassicGumtree,4,4,2,0,0,2,0,0,190,3,0,0.3,,1500,,,,,2,,,
ClassicGumtree,4,4,2,0,0,2,0,0,189,3,0,0.4,,1500,,,,,2,,,
ClassicGumtree,4,4,2,0,0,2,0,0,190,3,0,0.5,,1500,,,,,2,,,
ClassicGumtree,4,4,2,0,0,2,0,0,191,3,0,0.6,,1500,,,,,2,,,
ClassicGumtree,4,4,2,0,0,2,0,0,228,3,0,0.7,,1500,,,,,2,,,
ClassicGumtree,4,4,2,0,0,2,0,0,228,3,0,0.799,,1500,,,,,2,,,
ClassicGumtree,4,4,2,0,0,2,0,0,253,3,0,0.899,,1500,,,,,2,,,
ClassicGumtree,4,4,2,0,0,2,0,0,104,3,0,0.999,,1500,,,,,2,,,
ClassicGumtree,4,4,2,0,0,2,0,0,190,3,0,0.1,,1500,,,,,3,,,
ClassicGumtree,4,4,2,0,0,2,0,0,190,3,0,0.2,,1500,,,,,3,,,
ClassicGumtree,4,4,2,0,0,2,0,0,228,3,0,0.3,,1500,,,,,3,,,
ClassicGumtree,4,4,2,0,0,2,0,0,229,3,0,0.4,,1500,,,,,3,,,
ClassicGumtree,4,4,2,0,0,2,0,0,190,3,0,0.5,,1500,,,,,3,,,
ClassicGumtree,4,4,2,0,0,2,0,0,171,3,0,0.6,,1500,,,,,3,,,
ClassicGumtree,4,4,2,0,0,2,0,0,172,3,0,0.7,,1500,,,,,3,,,
ClassicGumtree,4,4,2,0,0,2,0,0,104,3,0,0.799,,1500,,,,,3,,,
ClassicGumtree,4,4,2,0,0,2,0,0,104,3,0,0.899,,1500,,,,,3,,,
ClassicGumtree,4,4,2,0,0,2,0,0,118,3,0,0.999,,1500,,,,,3,,,
ClassicGumtree,4,4,2,0,0,2,0,0,172,3,0,0.1,,1500,,,,,4,,,
ClassicGumtree,4,4,2,0,0,2,0,0,220,3,0,0.2,,1500,,,,,4,,,
ClassicGumtree,4,4,2,0,0,2,0,0,207,3,0,0.3,,1500,,,,,4,,,
ClassicGumtree,4,4,2,0,0,2,0,0,172,3,0,0.4,,1500,,,,,4,,,
ClassicGumtree,4,4,2,0,0,2,0,0,86,3,0,0.5,,1500,,,,,4,,,
ClassicGumtree,4,4,2,0,0,2,0,0,87,3,0,0.6,,1500,,,,,4,,,
ClassicGumtree,4,4,2,0,0,2,0,0,86,3,0,0.7,,1500,,,,,4,,,
ClassicGumtree,4,4,2,0,0,2,0,0,104,3,0,0.799,,1500,,,,,4,,,
ClassicGumtree,4,4,2,0,0,2,0,0,103,3,0,0.899,,1500,,,,,4,,,
ClassicGumtree,4,4,2,0,0,2,0,0,103,3,0,0.999,,1500,,,,,4,,,
ClassicGumtree,4,4,2,0,0,2,0,0,171,3,0,0.1,,1500,,,,,5,,,
ClassicGumtree,4,4,2,0,0,2,0,0,172,3,0,0.2,,1500,,,,,5,,,
ClassicGumtree,4,4,2,0,0,2,0,0,171,3,0,0.3,,1500,,,,,5,,,
ClassicGumtree,4,4,2,0,0,2,0,0,206,3,0,0.4,,1500,,,,,5,,,
ClassicGumtree,4,4,2,0,0,2,0,0,87,3,0,0.5,,1500,,,,,5,,,
ClassicGumtree,4,4,2,0,0,2,0,0,147,3,0,0.6,,1500,,,,,5,,,
ClassicGumtree,4,4,2,0,0,2,0,0,86,3,0,0.7,,1500,,,,,5,,,
ClassicGumtree,4,4,2,0,0,2,0,0,86,3,0,0.799,,1500,,,,,5,,,
ClassicGumtree,4,4,2,0,0,2,0,0,103,3,0,0.899,,1500,,,,,5,,,
ClassicGumtree,4,4,2,0,0,2,0,0,112,3,0,0.999,,1500,,,,,5,,,
ClassicGumtree,4,4,2,0,0,2,0,0,270,3,0,0.1,,1600,,,,,1,,,
ClassicGumtree,4,4,2,0,0,2,0,0,189,3,0,0.2,,1600,,,,,1,,,
ClassicGumtree,4,4,2,0,0,2,0,0,189,3,0,0.3,,1600,,,,,1,,,
ClassicGumtree,4,4,2,0,0,2,0,0,190,3,0,0.4,,1600,,,,,1,,,
ClassicGumtree,4,4,2,0,0,2,0,0,190,3,0,0.5,,1600,,,,,1,,,
ClassicGumtree,4,4,2,0,0,2,0,0,190,3,0,0.6,,1600,,,,,1,,,
ClassicGumtree,4,4,2,0,0,2,0,0,259,3,0,0.7,,1600,,,,,1,,,
ClassicGumtree,4,4,2,0,0,2,0,0,229,3,0,0.799,,1600,,,,,1,,,
ClassicGumtree,4,4,2,0,0,2,0,0,295,3,0,0.899,,1600,,,,,1,,,
ClassicGumtree,4,4,2,0,0,2,0,0,104,3,0,0.999,,1600,,,,,1,,,
ClassicGumtree,4,4,2,0,0,2,0,0,190,3,0,0.1,,1600,,,,,2,,,
ClassicGumtree,4,4,2,0,0,2,0,0,191,3,0,0.2,,1600,,,,,2,,,
ClassicGumtree,4,4,2,0,0,2,0,0,189,3,0,0.3,,1600,,,,,2,,,
ClassicGumtree,4,4,2,0,0,2,0,0,228,3,0,0.4,,1600,,,,,2,,,
ClassicGumtree,4,4,2,0,0,2,0,0,189,3,0,0.5,,1600,,,,,2,,,
ClassicGumtree,4,4,2,0,0,2,0,0,189,3,0,0.6,,1600,,,,,2,,,
ClassicGumtree,4,4,2,0,0,2,0,0,601,3,0,0.7,,1600,,,,,2,,,
ClassicGumtree,4,4,2,0,0,2,0,0,577,3,0,0.799,,1600,,,,,2,,,
ClassicGumtree,4,4,2,0,0,2,0,0,620,3,0,0.899,,1600,,,,,2,,,
ClassicGumtree,4,4,2,0,0,2,0,0,461,3,0,0.999,,1600,,,,,2,,,
ClassicGumtree,4,4,2,0,0,2,0,0,614,3,0,0.1,,1600,,,,,3,,,
ClassicGumtree,4,4,2,0,0,2,0,0,539,3,0,0.2,,1600,,,,,3,,,
ClassicGumtree,4,4,2,0,0,2,0,0,540,3,0,0.3,,1600,,,,,3,,,
ClassicGumtree,4,4,2,0,0,2,0,0,540,3,0,0.4,,1600,,,,,3,,,
ClassicGumtree,4,4,2,0,0,2,0,0,540,3,0,0.5,,1600,,,,,3,,,
ClassicGumtree,4,4,2,0,0,2,0,0,557,3,0,0.6,,1600,,,,,3,,,
ClassicGumtree,4,4,2,0,0,2,0,0,207,3,0,0.7,,1600,,,,,3,,,
ClassicGumtree,4,4,2,0,0,2,0,0,104,3,0,0.799,,1600,,,,,3,,,
ClassicGumtree,4,4,2,0,0,2,0,0,88,3,0,0.899,,1600,,,,,3,,,
ClassicGumtree,4,4,2,0,0,2,0,0,86,3,0,0.999,,1600,,,,,3,,,
ClassicGumtree,4,4,2,0,0,2,0,0,173,3,0,0.1,,1600,,,,,4,,,
ClassicGumtree,4,4,2,0,0,2,0,0,206,3,0,0.2,,1600,,,,,4,,,
ClassicGumtree,4,4,2,0,0,2,0,0,172,3,0,0.3,,1600,,,,,4,,,
ClassicGumtree,4,4,2,0,0,2,0,0,172,3,0,0.4,,1600,,,,,4,,,
ClassicGumtree,4,4,2,0,0,2,0,0,86,3,0,0.5,,1600,,,,,4,,,
ClassicGumtree,4,4,2,0,0,2,0,0,103,3,0,0.6,,1600,,,,,4,,,
ClassicGumtree,4,4,2,0,0,2,0,0,103,3,0,0.7,,1600,,,,,4,,,
ClassicGumtree,4,4,2,0,0,2,0,0,167,3,0,0.799,,1600,,,,,4,,,
ClassicGumtree,4,4,2,0,0,2,0,0,87,3,0,0.899,,1600,,,,,4,,,
ClassicGumtree,4,4,2,0,0,2,0,0,103,3,0,0.999,,1600,,,,,4,,,
ClassicGumtree,4,4,2,0,0,2,0,0,172,3,0,0.1,,1600,,,,,5,,,
ClassicGumtree,4,4,2,0,0,2,0,0,206,3,0,0.2,,1600,,,,,5,,,
ClassicGumtree,4,4,2,0,0,2,0,0,206,3,0,0.3,,1600,,,,,5,,,
ClassicGumtree,4,4,2,0,0,2,0,0,172,3,0,0.4,,1600,,,,,5,,,
ClassicGumtree,4,4,2,0,0,2,0,0,87,3,0,0.5,,1600,,,,,5,,,
ClassicGumtree,4,4,2,0,0,2,0,0,86,3,0,0.6,,1600,,,,,5,,,
ClassicGumtree,4,4,2,0,0,2,0,0,86,3,0,0.7,,1600,,,,,5,,,
ClassicGumtree,4,4,2,0,0,2,0,0,104,3,0,0.799,,1600,,,,,5,,,
ClassicGumtree,4,4,2,0,0,2,0,0,103,3,0,0.899,,1600,,,,,5,,,
ClassicGumtree,4,4,2,0,0,2,0,0,183,3,0,0.999,,1600,,,,,5,,,
ClassicGumtree,4,4,2,0,0,2,0,0,191,3,0,0.1,,1700,,,,,1,,,
ClassicGumtree,4,4,2,0,0,2,0,0,191,3,0,0.2,,1700,,,,,1,,,
ClassicGumtree,4,4,2,0,0,2,0,0,190,3,0,0.3,,1700,,,,,1,,,
ClassicGumtree,4,4,2,0,0,2,0,0,191,3,0,0.4,,1700,,,,,1,,,
ClassicGumtree,4,4,2,0,0,2,0,0,231,3,0,0.5,,1700,,,,,1,,,
ClassicGumtree,4,4,2,0,0,2,0,0,231,3,0,0.6,,1700,,,,,1,,,
ClassicGumtree,4,4,2,0,0,2,0,0,191,3,0,0.7,,1700,,,,,1,,,
ClassicGumtree,4,4,2,0,0,2,0,0,228,3,0,0.799,,1700,,,,,1,,,
ClassicGumtree,4,4,2,0,0,2,0,0,228,3,0,0.899,,1700,,,,,1,,,
ClassicGumtree,4,4,2,0,0,2,0,0,167,3,0,0.999,,1700,,,,,1,,,
ClassicGumtree,4,4,2,0,0,2,0,0,191,3,0,0.1,,1700,,,,,2,,,
ClassicGumtree,4,4,2,0,0,2,0,0,192,3,0,0.2,,1700,,,,,2,,,
ClassicGumtree,4,4,2,0,0,2,0,0,191,3,0,0.3,,1700,,,,,2,,,
ClassicGumtree,4,4,2,0,0,2,0,0,191,3,0,0.4,,1700,,,,,2,,,
ClassicGumtree,4,4,2,0,0,2,0,0,191,3,0,0.5,,1700,,,,,2,,,
ClassicGumtree,4,4,2,0,0,2,0,0,230,3,0,0.6,,1700,,,,,2,,,
ClassicGumtree,4,4,2,0,0,2,0,0,230,3,0,0.7,,1700,,,,,2,,,
ClassicGumtree,4,4,2,0,0,2,0,0,228,3,0,0.799,,1700,,,,,2,,,
ClassicGumtree,4,4,2,0,0,2,0,0,382,3,0,0.899,,1700,,,,,2,,,
ClassicGumtree,4,4,2,0,0,2,0,0,104,3,0,0.999,,1700,,,,,2,,,
ClassicGumtree,4,4,2,0,0,2,0,0,191,3,0,0.1,,1700,,,,,3,,,
ClassicGumtree,4,4,2,0,0,2,0,0,191,3,0,0.2,,1700,,,,,3,,,
ClassicGumtree,4,4,2,0,0,2,0,0,190,3,0,0.3,,1700,,,,,3,,,
ClassicGumtree,4,4,2,0,0,2,0,0,191,3,0,0.4,,1700,,,,,3,,,
ClassicGumtree,4,4,2,0,0,2,0,0,228,3,0,0.5,,1700,,,,,3,,,
ClassicGumtree,4,4,2,0,0,2,0,0,172,3,0,0.6,,1700,,,,,3,,,
ClassicGumtree,4,4,2,0,0,2,0,0,208,3,0,0.7,,1700,,,,,3,,,
ClassicGumtree,4,4,2,0,0,2,0,0,105,3,0,0.799,,1700,,,,,3,,,
ClassicGumtree,4,4,2,0,0,2,0,0,104,3,0,0.899,,1700,,,,,3,,,
ClassicGumtree,4,4,2,0,0,2,0,0,87,3,0,0.999,,1700,,,,,3,,,
ClassicGumtree,4,4,2,0,0,2,0,0,173,3,0,0.1,,1700,,,,,4,,,
ClassicGumtree,4,4,2,0,0,2,0,0,172,3,0,0.2,,1700,,,,,4,,,
ClassicGumtree,4,4,2,0,0,2,0,0,172,3,0,0.3,,1700,,,,,4,,,
ClassicGumtree,4,4,2,0,0,2,0,0,207,3,0,0.4,,1700,,,,,4,,,
ClassicGumtree,4,4,2,0,0,2,0,0,87,3,0,0.5,,1700,,,,,4,,,
ClassicGumtree,4,4,2,0,0,2,0,0,103,3,0,0.6,,1700,,,,,4,,,
ClassicGumtree,4,4,2,0,0,2,0,0,87,3,0,0.7,,1700,,,,,4,,,
ClassicGumtree,4,4,2,0,0,2,0,0,103,3,0,0.799,,1700,,,,,4,,,
ClassicGumtree,4,4,2,0,0,2,0,0,167,3,0,0.899,,1700,,,,,4,,,
ClassicGumtree,4,4,2,0,0,2,0,0,104,3,0,0.999,,1700,,,,,4,,,
ClassicGumtree,4,4,2,0,0,2,0,0,172,3,0,0.1,,1700,,,,,5,,,
ClassicGumtree,4,4,2,0,0,2,0,0,172,3,0,0.2,,1700,,,,,5,,,
ClassicGumtree,4,4,2,0,0,2,0,0,206,3,0,0.3,,1700,,,,,5,,,
ClassicGumtree,4,4,2,0,0,2,0,0,172,3,0,0.4,,1700,,,,,5,,,
ClassicGumtree,4,4,2,0,0,2,0,0,86,3,0,0.5,,1700,,,,,5,,,
ClassicGumtree,4,4,2,0,0,2,0,0,87,3,0,0.6,,1700,,,,,5,,,
ClassicGumtree,4,4,2,0,0,2,0,0,103,3,0,0.7,,1700,,,,,5,,,
ClassicGumtree,4,4,2,0,0,2,0,0,104,3,0,0.799,,1700,,,,,5,,,
ClassicGumtree,4,4,2,0,0,2,0,0,104,3,0,0.899,,1700,,,,,5,,,
ClassicGumtree,4,4,2,0,0,2,0,0,86,3,0,0.999,,1700,,,,,5,,,
ClassicGumtree,4,4,2,0,0,2,0,0,190,3,0,0.1,,1800,,,,,1,,,
ClassicGumtree,4,4,2,0,0,2,0,0,383,3,0,0.2,,1800,,,,,1,,,
ClassicGumtree,4,4,2,0,0,2,0,0,228,3,0,0.3,,1800,,,,,1,,,
ClassicGumtree,4,4,2,0,0,2,0,0,191,3,0,0.4,,1800,,,,,1,,,
ClassicGumtree,4,4,2,0,0,2,0,0,191,3,0,0.5,,1800,,,,,1,,,
ClassicGumtree,4,4,2,0,0,2,0,0,191,3,0,0.6,,1800,,,,,1,,,
ClassicGumtree,4,4,2,0,0,2,0,0,231,3,0,0.7,,1800,,,,,1,,,
ClassicGumtree,4,4,2,0,0,2,0,0,231,3,0,0.799,,1800,,,,,1,,,
ClassicGumtree,4,4,2,0,0,2,0,0,191,3,0,0.899,,1800,,,,,1,,,
ClassicGumtree,4,4,2,0,0,2,0,0,104,3,0,0.999,,1800,,,,,1,,,
ClassicGumtree,4,4,2,0,0,2,0,0,192,3,0,0.1,,1800,,,,,2,,,
ClassicGumtree,4,4,2,0,0,2,0,0,228,3,0,0.2,,1800,,,,,2,,,
ClassicGumtree,4,4,2,0,0,2,0,0,191,3,0,0.3,,1800,,,,,2,,,
ClassicGumtree,4,4,2,0,0,2,0,0,228,3,0,0.4,,1800,,,,,2,,,
ClassicGumtree,4,4,2,0,0,2,0,0,190,3,0,0.5,,1800,,,,,2,,,
ClassicGumtree,4,4,2,0,0,2,0,0,190,3,0,0.6,,1800,,,,,2,,,
ClassicGumtree,4,4,2,0,0,2,0,0,190,3,0,0.7,,1800,,,,,2,,,
ClassicGumtree,4,4,2,0,0,2,0,0,228,3,0,0.799,,1800,,,,,2,,,
ClassicGumtree,4,4,2,0,0,2,0,0,226,3,0,0.899,,1800,,,,,2,,,
ClassicGumtree,4,4,2,0,0,2,0,0,87,3,0,0.999,,1800,,,,,2,,,
ClassicGumtree,4,4,2,0,0,2,0,0,383,3,0,0.1,,1800,,,,,3,,,
ClassicGumtree,4,4,2,0,0,2,0,0,191,3,0,0.2,,1800,,,,,3,,,
ClassicGumtree,4,4,2,0,0,2,0,0,228,3,0,0.3,,1800,,,,,3,,,
ClassicGumtree,4,4,2,0,0,2,0,0,190,3,0,0.4,,1800,,,,,3,,,
ClassicGumtree,4,4,2,0,0,2,0,0,190,3,0,0.5,,1800,,,,,3,,,
ClassicGumtree,4,4,2,0,0,2,0,0,172,3,0,0.6,,1800,,,,,3,,,
ClassicGumtree,4,4,2,0,0,2,0,0,172,3,0,0.7,,1800,,,,,3,,,
ClassicGumtree,4,4,2,0,0,2,0,0,104,3,0,0.799,,1800,,,,,3,,,
ClassicGumtree,4,4,2,0,0,2,0,0,104,3,0,0.899,,1800,,,,,3,,,
ClassicGumtree,4,4,2,0,0,2,0,0,103,3,0,0.999,,1800,,,,,3,,,
ClassicGumtree,4,4,2,0,0,2,0,0,206,3,0,0.1,,1800,,,,,4,,,
ClassicGumtree,4,4,2,0,0,2,0,0,171,3,0,0.2,,1800,,,,,4,,,
ClassicGumtree,4,4,2,0,0,2,0,0,171,3,0,0.3,,1800,,,,,4,,,
ClassicGumtree,4,4,2,0,0,2,0,0,206,3,0,0.4,,1800,,,,,4,,,
ClassicGumtree,4,4,2,0,0,2,0,0,104,3,0,0.5,,1800,,,,,4,,,
ClassicGumtree,4,4,2,0,0,2,0,0,87,3,0,0.6,,1800,,,,,4,,,
ClassicGumtree,4,4,2,0,0,2,0,0,87,3,0,0.7,,1800,,,,,4,,,
ClassicGumtree,4,4,2,0,0,2,0,0,87,3,0,0.799,,1800,,,,,4,,,
ClassicGumtree,4,4,2,0,0,2,0,0,104,3,0,0.899,,1800,,,,,4,,,
ClassicGumtree,4,4,2,0,0,2,0,0,86,3,0,0.999,,1800,,,,,4,,,
ClassicGumtree,4,4,2,0,0,2,0,0,188,3,0,0.1,,1800,,,,,5,,,
ClassicGumtree,4,4,2,0,0,2,0,0,172,3,0,0.2,,1800,,,,,5,,,
ClassicGumtree,4,4,2,0,0,2,0,0,205,3,0,0.3,,1800,,,,,5,,,
ClassicGumtree,4,4,2,0,0,2,0,0,206,3,0,0.4,,1800,,,,,5,,,
ClassicGumtree,4,4,2,0,0,2,0,0,86,3,0,0.5,,1800,,,,,5,,,
ClassicGumtree,4,4,2,0,0,2,0,0,171,3,0,0.6,,1800,,,,,5,,,
ClassicGumtree,4,4,2,0,0,2,0,0,103,3,0,0.7,,1800,,,,,5,,,
ClassicGumtree,4,4,2,0,0,2,0,0,86,3,0,0.799,,1800,,,,,5,,,
ClassicGumtree,4,4,2,0,0,2,0,0,86,3,0,0.899,,1800,,,,,5,,,
ClassicGumtree,4,4,2,0,0,2,0,0,104,3,0,0.999,,1800,,,,,5,,,
ClassicGumtree,4,4,2,0,0,2,0,0,190,3,0,0.1,,1900,,,,,1,,,
ClassicGumtree,4,4,2,0,0,2,0,0,318,3,0,0.2,,1900,,,,,1,,,
ClassicGumtree,4,4,2,0,0,2,0,0,229,3,0,0.3,,1900,,,,,1,,,
ClassicGumtree,4,4,2,0,0,2,0,0,191,3,0,0.4,,1900,,,,,1,,,
ClassicGumtree,4,4,2,0,0,2,0,0,190,3,0,0.5,,1900,,,,,1,,,
ClassicGumtree,4,4,2,0,0,2,0,0,301,3,0,0.6,,1900,,,,,1,,,
ClassicGumtree,4,4,2,0,0,2,0,0,229,3,0,0.7,,1900,,,,,1,,,
ClassicGumtree,4,4,2,0,0,2,0,0,229,3,0,0.799,,1900,,,,,1,,,
ClassicGumtree,4,4,2,0,0,2,0,0,366,3,0,0.899,,1900,,,,,1,,,
ClassicGumtree,4,4,2,0,0,2,0,0,104,3,0,0.999,,1900,,,,,1,,,
ClassicGumtree,4,4,2,0,0,2,0,0,190,3,0,0.1,,1900,,,,,2,,,
ClassicGumtree,4,4,2,0,0,2,0,0,228,3,0,0.2,,1900,,,,,2,,,
ClassicGumtree,4,4,2,0,0,2,0,0,190,3,0,0.3,,1900,,,,,2,,,
ClassicGumtree,4,4,2,0,0,2,0,0,190,3,0,0.4,,1900,,,,,2,,,
ClassicGumtree,4,4,2,0,0,2,0,0,228,3,0,0.5,,1900,,,,,2,,,
ClassicGumtree,4,4,2,0,0,2,0,0,231,3,0,0.6,,1900,,,,,2,,,
ClassicGumtree,4,4,2,0,0,2,0,0,231,3,0,0.7,,1900,,,,,2,,,
ClassicGumtree,4,4,2,0,0,2,0,0,254,3,0,0.799,,1900,,,,,2,,,
ClassicGumtree,4,4,2,0,0,2,0,0,252,3,0,0.899,,1900,,,,,2,,,
ClassicGumtree,4,4,2,0,0,2,0,0,87,3,0,0.999,,1900,,,,,2,,,
ClassicGumtree,4,4,2,0,0,2,0,0,191,3,0,0.1,,1900,,,,,3,,,
ClassicGumtree,4,4,2,0,0,2,0,0,190,3,0,0.2,,1900,,,,,3,,,
ClassicGumtree,4,4,2,0,0,2,0,0,229,3,0,0.3,,1900,,,,,3,,,
ClassicGumtree,4,4,2,0,0,2,0,0,189,3,0,0.4,,1900,,,,,3,,,
ClassicGumtree,4,4,2,0,0,2,0,0,366,3,0,0.5,,1900,,,,,3,,,
ClassicGumtree,4,4,2,0,0,2,0,0,207,3,0,0.6,,1900,,,,,3,,,
ClassicGumtree,4,4,2,0,0,2,0,0,208,3,0,0.7,,1900,,,,,3,,,
ClassicGumtree,4,4,2,0,0,2,0,0,105,3,0,0.799,,1900,,,,,3,,,
ClassicGumtree,4,4,2,0,0,2,0,0,151,3,0,0.899,,1900,,,,,3,,,
ClassicGumtree,4,4,2,0,0,2,0,0,166,3,0,0.999,,1900,,,,,3,,,
ClassicGumtree,4,4,2,0,0,2,0,0,171,3,0,0.1,,1900,,,,,4,,,
ClassicGumtree,4,4,2,0,0,2,0,0,172,3,0,0.2,,1900,,,,,4,,,
ClassicGumtree,4,4,2,0,0,2,0,0,206,3,0,0.3,,1900,,,,,4,,,
ClassicGumtree,4,4,2,0,0,2,0,0,171,3,0,0.4,,1900,,,,,4,,,
ClassicGumtree,4,4,2,0,0,2,0,0,103,3,0,0.5,,1900,,,,,4,,,
ClassicGumtree,4,4,2,0,0,2,0,0,104,3,0,0.6,,1900,,,,,4,,,
ClassicGumtree,4,4,2,0,0,2,0,0,134,3,0,0.7,,1900,,,,,4,,,
ClassicGumtree,4,4,2,0,0,2,0,0,103,3,0,0.799,,1900,,,,,4,,,
ClassicGumtree,4,4,2,0,0,2,0,0,171,3,0,0.899,,1900,,,,,4,,,
ClassicGumtree,4,4,2,0,0,2,0,0,104,3,0,0.999,,1900,,,,,4,,,
ClassicGumtree,4,4,2,0,0,2,0,0,172,3,0,0.1,,1900,,,,,5,,,
ClassicGumtree,4,4,2,0,0,2,0,0,171,3,0,0.2,,1900,,,,,5,,,
ClassicGumtree,4,4,2,0,0,2,0,0,206,3,0,0.3,,1900,,,,,5,,,
ClassicGumtree,4,4,2,0,0,2,0,0,171,3,0,0.4,,1900,,,,,5,,,
ClassicGumtree,4,4,2,0,0,2,0,0,183,3,0,0.5,,1900,,,,,5,,,
ClassicGumtree,4,4,2,0,0,2,0,0,104,3,0,0.6,,1900,,,,,5,,,
ClassicGumtree,4,4,2,0,0,2,0,0,104,3,0,0.7,,1900,,,,,5,,,
ClassicGumtree,4,4,2,0,0,2,0,0,103,3,0,0.799,,1900,,,,,5,,,
ClassicGumtree,4,4,2,0,0,2,0,0,102,3,0,0.899,,1900,,,,,5,,,
ClassicGumtree,4,4,2,0,0,2,0,0,182,3,0,0.999,,1900,,,,,5,,,
ClassicGumtree,4,4,2,0,0,2,0,0,190,3,0,0.1,,2000,,,,,1,,,
ClassicGumtree,4,4,2,0,0,2,0,0,191,3,0,0.2,,2000,,,,,1,,,
ClassicGumtree,4,4,2,0,0,2,0,0,231,3,0,0.3,,2000,,,,,1,,,
ClassicGumtree,4,4,2,0,0,2,0,0,231,3,0,0.4,,2000,,,,,1,,,
ClassicGumtree,4,4,2,0,0,2,0,0,229,3,0,0.5,,2000,,,,,1,,,
ClassicGumtree,4,4,2,0,0,2,0,0,317,3,0,0.6,,2000,,,,,1,,,
ClassicGumtree,4,4,2,0,0,2,0,0,228,3,0,0.7,,2000,,,,,1,,,
ClassicGumtree,4,4,2,0,0,2,0,0,190,3,0,0.799,,2000,,,,,1,,,
ClassicGumtree,4,4,2,0,0,2,0,0,382,3,0,0.899,,2000,,,,,1,,,
ClassicGumtree,4,4,2,0,0,2,0,0,167,3,0,0.999,,2000,,,,,1,,,
ClassicGumtree,4,4,2,0,0,2,0,0,190,3,0,0.1,,2000,,,,,2,,,
ClassicGumtree,4,4,2,0,0,2,0,0,190,3,0,0.2,,2000,,,,,2,,,
ClassicGumtree,4,4,2,0,0,2,0,0,231,3,0,0.3,,2000,,,,,2,,,
ClassicGumtree,4,4,2,0,0,2,0,0,231,3,0,0.4,,2000,,,,,2,,,
ClassicGumtree,4,4,2,0,0,2,0,0,190,3,0,0.5,,2000,,,,,2,,,
ClassicGumtree,4,4,2,0,0,2,0,0,228,3,0,0.6,,2000,,,,,2,,,
ClassicGumtree,4,4,2,0,0,2,0,0,228,3,0,0.7,,2000,,,,,2,,,
ClassicGumtree,4,4,2,0,0,2,0,0,333,3,0,0.799,,2000,,,,,2,,,
ClassicGumtree,4,4,2,0,0,2,0,0,252,3,0,0.899,,2000,,,,,2,,,
ClassicGumtree,4,4,2,0,0,2,0,0,86,3,0,0.999,,2000,,,,,2,,,
ClassicGumtree,4,4,2,0,0,2,0,0,189,3,0,0.1,,2000,,,,,3,,,
ClassicGumtree,4,4,2,0,0,2,0,0,190,3,0,0.2,,2000,,,,,3,,,
ClassicGumtree,4,4,2,0,0,2,0,0,382,3,0,0.3,,2000,,,,,3,,,
ClassicGumtree,4,4,2,0,0,2,0,0,191,3,0,0.4,,2000,,,,,3,,,
ClassicGumtree,4,4,2,0,0,2,0,0,228,3,0,0.5,,2000,,,,,3,,,
ClassicGumtree,4,4,2,0,0,2,0,0,206,3,0,0.6,,2000,,,,,3,,,
ClassicGumtree,4,4,2,0,0,2,0,0,206,3,0,0.7,,2000,,,,,3,,,
ClassicGumtree,4,4,2,0,0,2,0,0,104,3,0,0.799,,2000,,,,,3,,,
ClassicGumtree,4,4,2,0,0,2,0,0,86,3,0,0.899,,2000,,,,,3,,,
ClassicGumtree,4,4,2,0,0,2,0,0,151,3,0,0.999,,2000,,,,,3,,,
ClassicGumtree,4,4,2,0,0,2,0,0,206,3,0,0.1,,2000,,,,,4,,,
ClassicGumtree,4,4,2,0,0,2,0,0,171,3,0,0.2,,2000,,,,,4,,,
ClassicGumtree,4,4,2,0,0,2,0,0,171,3,0,0.3,,2000,,,,,4,,,
ClassicGumtree,4,4,2,0,0,2,0,0,172,3,0,0.4,,2000,,,,,4,,,
ClassicGumtree,4,4,2,0,0,2,0,0,118,3,0,0.5,,2000,,,,,4,,,
ClassicGumtree,4,4,2,0,0,2,0,0,104,3,0,0.6,,2000,,,,,4,,,
ClassicGumtree,4,4,2,0,0,2,0,0,103,3,0,0.7,,2000,,,,,4,,,
ClassicGumtree,4,4,2,0,0,2,0,0,103,3,0,0.799,,2000,,,,,4,,,
ClassicGumtree,4,4,2,0,0,2,0,0,118,3,0,0.899,,2000,,,,,4,,,
ClassicGumtree,4,4,2,0,0,2,0,0,104,3,0,0.999,,2000,,,,,4,,,
ClassicGumtree,4,4,2,0,0,2,0,0,235,3,0,0.1,,2000,,,,,5,,,
ClassicGumtree,4,4,2,0,0,2,0,0,193,3,0,0.2,,2000,,,,,5,,,
ClassicGumtree,4,4,2,0,0,2,0,0,171,3,0,0.3,,2000,,,,,5,,,
ClassicGumtree,4,4,2,0,0,2,0,0,203,3,0,0.4,,2000,,,,,5,,,
ClassicGumtree,4,4,2,0,0,2,0,0,103,3,0,0.5,,2000,,,,,5,,,
ClassicGumtree,4,4,2,0,0,2,0,0,86,3,0,0.6,,2000,,,,,5,,,
ClassicGumtree,4,4,2,0,0,2,0,0,86,3,0,0.7,,2000,,,,,5,,,
ClassicGumtree,4,4,2,0,0,2,0,0,154,3,0,0.799,,2000,,,,,5,,,
ClassicGumtree,4,4,2,0,0,2,0,0,117,3,0,0.899,,2000,,,,,5,,,
ClassicGumtree,4,4,2,0,0,2,0,0,103,3,0,0.999,,2000,,,,,5,,,
CompleteGumtreeMatcher,87,25,56,8,0,23,0,0,1,3,0,0.1,,100,,,,,1,,,
CompleteGumtreeMatcher,87,25,56,8,0,23,0,0,1,3,0,0.2,,100,,,,,1,,,
CompleteGumtreeMatcher,87,25,56,8,0,23,0,0,1,3,0,0.3,,100,,,,,1,,,
CompleteGumtreeMatcher,87,25,56,8,0,23,0,0,1,3,0,0.4,,100,,,,,1,,,
CompleteGumtreeMatcher,87,25,56,8,0,23,0,0,1,3,0,0.5,,100,,,,,1,,,
CompleteGumtreeMatcher,87,25,56,8,0,23,0,0,1,3,0,0.6,,100,,,,,1,,,
CompleteGumtreeMatcher,87,25,56,8,0,23,0,0,1,3,0,0.7,,100,,,,,1,,,
CompleteGumtreeMatcher,87,25,56,8,0,23,0,0,1,3,0,0.799,,100,,,,,1,,,
CompleteGumtreeMatcher,87,25,56,8,0,23,0,0,1,3,0,0.899,,100,,,,,1,,,
CompleteGumtreeMatcher,87,25,56,8,0,23,0,0,1,3,0,0.999,,100,,,,,1,,,
CompleteGumtreeMatcher,116,18,72,28,0,16,0,0,1,3,0,0.1,,100,,,,,2,,,
CompleteGumtreeMatcher,116,18,72,28,0,16,0,0,1,3,0,0.2,,100,,,,,2,,,
CompleteGumtreeMatcher,116,18,72,28,0,16,0,0,1,3,0,0.3,,100,,,,,2,,,
CompleteGumtreeMatcher,116,18,72,28,0,16,0,0,1,3,0,0.4,,100,,,,,2,,,
CompleteGumtreeMatcher,116,18,72,28,0,16,0,0,1,3,0,0.5,,100,,,,,2,,,
CompleteGumtreeMatcher,116,18,72,28,0,16,0,0,1,3,0,0.6,,100,,,,,2,,,
CompleteGumtreeMatcher,116,18,72,28,0,16,0,0,1,3,0,0.7,,100,,,,,2,,,
CompleteGumtreeMatcher,116,18,72,28,0,16,0,0,1,3,0,0.799,,100,,,,,2,,,
CompleteGumtreeMatcher,116,18,72,28,0,16,0,0,1,3,0,0.899,,100,,,,,2,,,
CompleteGumtreeMatcher,116,18,72,28,0,16,0,0,1,3,0,0.999,,100,,,,,2,,,
CompleteGumtreeMatcher,195,11,112,74,0,9,0,0,1,3,0,0.1,,100,,,,,3,,,
CompleteGumtreeMatcher,195,11,112,74,0,9,0,0,1,3,0,0.2,,100,,,,,3,,,
CompleteGumtreeMatcher,195,11,112,74,0,9,0,0,1,3,0,0.3,,100,,,,,3,,,
CompleteGumtreeMatcher,195,11,112,74,0,9,0,0,1,3,0,0.4,,100,,,,,3,,,
CompleteGumtreeMatcher,195,11,112,74,0,9,0,0,1,3,0,0.5,,100,,,,,3,,,
CompleteGumtreeMatcher,195,11,112,74,0,9,0,0,2,3,0,0.6,,100,,,,,3,,,
CompleteGumtreeMatcher,195,11,112,74,0,9,0,0,1,3,0,0.7,,100,,,,,3,,,
CompleteGumtreeMatcher,195,11,112,74,0,9,0,0,1,3,0,0.799,,100,,,,,3,,,
CompleteGumtreeMatcher,195,11,112,74,0,9,0,0,1,3,0,0.899,,100,,,,,3,,,
CompleteGumtreeMatcher,195,11,112,74,0,9,0,0,1,3,0,0.999,,100,,,,,3,,,
CompleteGumtreeMatcher,309,7,153,151,0,5,0,0,1,3,0,0.1,,100,,,,,4,,,
CompleteGumtreeMatcher,309,7,153,151,0,5,0,0,1,3,0,0.2,,100,,,,,4,,,
CompleteGumtreeMatcher,309,7,153,151,0,5,0,0,1,3,0,0.3,,100,,,,,4,,,
CompleteGumtreeMatcher,309,7,153,151,0,5,0,0,2,3,0,0.4,,100,,,,,4,,,
CompleteGumtreeMatcher,309,7,153,151,0,5,0,0,1,3,0,0.5,,100,,,,,4,,,
CompleteGumtreeMatcher,309,7,153,151,0,5,0,0,1,3,0,0.6,,100,,,,,4,,,
CompleteGumtreeMatcher,309,7,153,151,0,5,0,0,1,3,0,0.7,,100,,,,,4,,,
CompleteGumtreeMatcher,309,7,153,151,0,5,0,0,1,3,0,0.799,,100,,,,,4,,,
CompleteGumtreeMatcher,309,7,153,151,0,5,0,0,1,3,0,0.899,,100,,,,,4,,,
CompleteGumtreeMatcher,309,7,153,151,0,5,0,0,1,3,0,0.999,,100,,,,,4,,,
CompleteGumtreeMatcher,309,7,153,151,0,5,0,0,1,3,0,0.1,,100,,,,,5,,,
CompleteGumtreeMatcher,309,7,153,151,0,5,0,0,1,3,0,0.2,,100,,,,,5,,,
CompleteGumtreeMatcher,309,7,153,151,0,5,0,0,1,3,0,0.3,,100,,,,,5,,,
CompleteGumtreeMatcher,309,7,153,151,0,5,0,0,1,3,0,0.4,,100,,,,,5,,,
CompleteGumtreeMatcher,309,7,153,151,0,5,0,0,1,3,0,0.5,,100,,,,,5,,,
CompleteGumtreeMatcher,309,7,153,151,0,5,0,0,1,3,0,0.6,,100,,,,,5,,,
CompleteGumtreeMatcher,309,7,153,151,0,5,0,0,1,3,0,0.7,,100,,,,,5,,,
CompleteGumtreeMatcher,309,7,153,151,0,5,0,0,1,3,0,0.799,,100,,,,,5,,,
CompleteGumtreeMatcher,309,7,153,151,0,5,0,0,1,3,0,0.899,,100,,,,,5,,,
CompleteGumtreeMatcher,309,7,153,151,0,5,0,0,1,3,0,0.999,,100,,,,,5,,,
CompleteGumtreeMatcher,87,25,56,8,0,23,0,0,1,3,0,0.1,,200,,,,,1,,,
CompleteGumtreeMatcher,87,25,56,8,0,23,0,0,1,3,0,0.2,,200,,,,,1,,,
CompleteGumtreeMatcher,87,25,56,8,0,23,0,0,1,3,0,0.3,,200,,,,,1,,,
CompleteGumtreeMatcher,87,25,56,8,0,23,0,0,1,3,0,0.4,,200,,,,,1,,,
CompleteGumtreeMatcher,87,25,56,8,0,23,0,0,2,3,0,0.5,,200,,,,,1,,,
CompleteGumtreeMatcher,87,25,56,8,0,23,0,0,1,3,0,0.6,,200,,,,,1,,,
CompleteGumtreeMatcher,87,25,56,8,0,23,0,0,2,3,0,0.7,,200,,,,,1,,,
CompleteGumtreeMatcher,87,25,56,8,0,23,0,0,1,3,0,0.799,,200,,,,,1,,,
CompleteGumtreeMatcher,87,25,56,8,0,23,0,0,1,3,0,0.899,,200,,,,,1,,,
CompleteGumtreeMatcher,87,25,56,8,0,23,0,0,2,3,0,0.999,,200,,,,,1,,,
CompleteGumtreeMatcher,116,18,72,28,0,16,0,0,1,3,0,0.1,,200,,,,,2,,,
CompleteGumtreeMatcher,116,18,72,28,0,16,0,0,1,3,0,0.2,,200,,,,,2,,,
CompleteGumtreeMatcher,116,18,72,28,0,16,0,0,1,3,0,0.3,,200,,,,,2,,,
CompleteGumtreeMatcher,116,18,72,28,0,16,0,0,1,3,0,0.4,,200,,,,,2,,,
CompleteGumtreeMatcher,116,18,72,28,0,16,0,0,69,3,0,0.5,,200,,,,,2,,,
CompleteGumtreeMatcher,116,18,72,28,0,16,0,0,1,3,0,0.6,,200,,,,,2,,,
CompleteGumtreeMatcher,116,18,72,28,0,16,0,0,34,3,0,0.7,,200,,,,,2,,,
CompleteGumtreeMatcher,116,18,72,28,0,16,0,0,21,3,0,0.799,,200,,,,,2,,,
CompleteGumtreeMatcher,116,18,72,28,0,16,0,0,25,3,0,0.899,,200,,,,,2,,,
CompleteGumtreeMatcher,116,18,72,28,0,16,0,0,1,3,0,0.999,,200,,,,,2,,,
CompleteGumtreeMatcher,195,11,112,74,0,9,0,0,1,3,0,0.1,,200,,,,,3,,,
CompleteGumtreeMatcher,195,11,112,74,0,9,0,0,1,3,0,0.2,,200,,,,,3,,,
CompleteGumtreeMatcher,195,11,112,74,0,9,0,0,1,3,0,0.3,,200,,,,,3,,,
CompleteGumtreeMatcher,195,11,112,74,0,9,0,0,1,3,0,0.4,,200,,,,,3,,,
CompleteGumtreeMatcher,195,11,112,74,0,9,0,0,1,3,0,0.5,,200,,,,,3,,,
CompleteGumtreeMatcher,195,11,112,74,0,9,0,0,2,3,0,0.6,,200,,,,,3,,,
CompleteGumtreeMatcher,195,11,112,74,0,9,0,0,1,3,0,0.7,,200,,,,,3,,,
CompleteGumtreeMatcher,195,11,112,74,0,9,0,0,1,3,0,0.799,,200,,,,,3,,,
CompleteGumtreeMatcher,195,11,112,74,0,9,0,0,1,3,0,0.899,,200,,,,,3,,,
CompleteGumtreeMatcher,195,11,112,74,0,9,0,0,2,3,0,0.999,,200,,,,,3,,,
CompleteGumtreeMatcher,309,7,153,151,0,5,0,0,1,3,0,0.1,,200,,,,,4,,,
CompleteGumtreeMatcher,309,7,153,151,0,5,0,0,1,3,0,0.2,,200,,,,,4,,,
CompleteGumtreeMatcher,309,7,153,151,0,5,0,0,1,3,0,0.3,,200,,,,,4,,,
CompleteGumtreeMatcher,309,7,153,151,0,5,0,0,1,3,0,0.4,,200,,,,,4,,,
CompleteGumtreeMatcher,309,7,153,151,0,5,0,0,2,3,0,0.5,,200,,,,,4,,,
CompleteGumtreeMatcher,309,7,153,151,0,5,0,0,1,3,0,0.6,,200,,,,,4,,,
CompleteGumtreeMatcher,309,7,153,151,0,5,0,0,2,3,0,0.7,,200,,,,,4,,,
CompleteGumtreeMatcher,309,7,153,151,0,5,0,0,1,3,0,0.799,,200,,,,,4,,,
CompleteGumtreeMatcher,309,7,153,151,0,5,0,0,1,3,0,0.899,,200,,,,,4,,,
CompleteGumtreeMatcher,309,7,153,151,0,5,0,0,1,3,0,0.999,,200,,,,,4,,,
CompleteGumtreeMatcher,309,7,153,151,0,5,0,0,1,3,0,0.1,,200,,,,,5,,,
CompleteGumtreeMatcher,309,7,153,151,0,5,0,0,1,3,0,0.2,,200,,,,,5,,,
CompleteGumtreeMatcher,309,7,153,151,0,5,0,0,1,3,0,0.3,,200,,,,,5,,,
CompleteGumtreeMatcher,309,7,153,151,0,5,0,0,1,3,0,0.4,,200,,,,,5,,,
CompleteGumtreeMatcher,309,7,153,151,0,5,0,0,25,3,0,0.5,,200,,,,,5,,,
CompleteGumtreeMatcher,309,7,153,151,0,5,0,0,17,3,0,0.6,,200,,,,,5,,,
CompleteGumtreeMatcher,309,7,153,151,0,5,0,0,1,3,0,0.7,,200,,,,,5,,,
CompleteGumtreeMatcher,309,7,153,151,0,5,0,0,1,3,0,0.799,,200,,,,,5,,,
CompleteGumtreeMatcher,309,7,153,151,0,5,0,0,1,3,0,0.899,,200,,,,,5,,,
CompleteGumtreeMatcher,309,7,153,151,0,5,0,0,1,3,0,0.999,,200,,,,,5,,,
CompleteGumtreeMatcher,48,10,48,0,0,0,0,0,266,3,0,0.1,,300,,,,,1,,,
CompleteGumtreeMatcher,48,10,48,0,0,0,0,0,203,3,0,0.2,,300,,,,,1,,,
CompleteGumtreeMatcher,48,10,48,0,0,0,0,0,85,3,0,0.3,,300,,,,,1,,,
CompleteGumtreeMatcher,48,10,48,0,0,0,0,0,273,3,0,0.4,,300,,,,,1,,,
CompleteGumtreeMatcher,48,10,48,0,0,0,0,0,192,3,0,0.5,,300,,,,,1,,,
CompleteGumtreeMatcher,48,10,48,0,0,0,0,0,276,3,0,0.6,,300,,,,,1,,,
CompleteGumtreeMatcher,48,10,48,0,0,0,0,0,291,3,0,0.7,,300,,,,,1,,,
CompleteGumtreeMatcher,48,10,48,0,0,0,0,0,287,3,0,0.799,,300,,,,,1,,,
CompleteGumtreeMatcher,48,10,48,0,0,0,0,0,200,3,0,0.899,,300,,,,,1,,,
CompleteGumtreeMatcher,48,10,48,0,0,0,0,0,274,3,0,0.999,,300,,,,,1,,,
CompleteGumtreeMatcher,44,8,44,0,0,0,0,0,86,3,0,0.1,,300,,,,,2,,,
CompleteGumtreeMatcher,44,8,44,0,0,0,0,0,86,3,0,0.2,,300,,,,,2,,,
CompleteGumtreeMatcher,44,8,44,0,0,0,0,0,216,3,0,0.3,,300,,,,,2,,,
CompleteGumtreeMatcher,44,8,44,0,0,0,0,0,170,3,0,0.4,,300,,,,,2,,,
CompleteGumtreeMatcher,44,8,44,0,0,0,0,0,195,3,0,0.5,,300,,,,,2,,,
CompleteGumtreeMatcher,44,8,44,0,0,0,0,0,86,3,0,0.6,,300,,,,,2,,,
CompleteGumtreeMatcher,44,8,44,0,0,0,0,0,971,3,0,0.7,,300,,,,,2,,,
CompleteGumtreeMatcher,44,8,44,0,0,0,0,0,975,3,0,0.799,,300,,,,,2,,,
CompleteGumtreeMatcher,44,8,44,0,0,0,0,0,969,3,0,0.899,,300,,,,,2,,,
CompleteGumtreeMatcher,44,8,44,0,0,0,0,0,960,3,0,0.999,,300,,,,,2,,,
CompleteGumtreeMatcher,38,6,38,0,0,0,0,0,86,3,0,0.1,,300,,,,,3,,,
CompleteGumtreeMatcher,38,6,38,0,0,0,0,0,963,3,0,0.2,,300,,,,,3,,,
CompleteGumtreeMatcher,38,6,38,0,0,0,0,0,900,3,0,0.3,,300,,,,,3,,,
CompleteGumtreeMatcher,38,6,38,0,0,0,0,0,938,3,0,0.4,,300,,,,,3,,,
CompleteGumtreeMatcher,38,6,38,0,0,0,0,0,899,3,0,0.5,,300,,,,,3,,,
CompleteGumtreeMatcher,38,6,38,0,0,0,0,0,918,3,0,0.6,,300,,,,,3,,,
CompleteGumtreeMatcher,38,6,38,0,0,0,0,0,918,3,0,0.7,,300,,,,,3,,,
CompleteGumtreeMatcher,38,6,38,0,0,0,0,0,86,3,0,0.799,,300,,,,,3,,,
CompleteGumtreeMatcher,38,6,38,0,0,0,0,0,87,3,0,0.899,,300,,,,,3,,,
CompleteGumtreeMatcher,38,6,38,0,0,0,0,0,86,3,0,0.999,,300,,,,,3,,,
CompleteGumtreeMatcher,4,4,2,0,0,2,0,0,87,3,0,0.1,,300,,,,,4,,,
CompleteGumtreeMatcher,4,4,2,0,0,2,0,0,104,3,0,0.2,,300,,,,,4,,,
CompleteGumtreeMatcher,4,4,2,0,0,2,0,0,87,3,0,0.3,,300,,,,,4,,,
CompleteGumtreeMatcher,4,4,2,0,0,2,0,0,183,3,0,0.4,,300,,,,,4,,,
CompleteGumtreeMatcher,4,4,2,0,0,2,0,0,103,3,0,0.5,,300,,,,,4,,,
CompleteGumtreeMatcher,4,4,2,0,0,2,0,0,86,3,0,0.6,,300,,,,,4,,,
CompleteGumtreeMatcher,4,4,2,0,0,2,0,0,87,3,0,0.7,,300,,,,,4,,,
CompleteGumtreeMatcher,4,4,2,0,0,2,0,0,103,3,0,0.799,,300,,,,,4,,,
CompleteGumtreeMatcher,4,4,2,0,0,2,0,0,103,3,0,0.899,,300,,,,,4,,,
CompleteGumtreeMatcher,4,4,2,0,0,2,0,0,86,3,0,0.999,,300,,,,,4,,,
CompleteGumtreeMatcher,4,4,2,0,0,2,0,0,87,3,0,0.1,,300,,,,,5,,,
CompleteGumtreeMatcher,4,4,2,0,0,2,0,0,103,3,0,0.2,,300,,,,,5,,,
CompleteGumtreeMatcher,4,4,2,0,0,2,0,0,86,3,0,0.3,,300,,,,,5,,,
CompleteGumtreeMatcher,4,4,2,0,0,2,0,0,87,3,0,0.4,,300,,,,,5,,,
CompleteGumtreeMatcher,4,4,2,0,0,2,0,0,104,3,0,0.5,,300,,,,,5,,,
CompleteGumtreeMatcher,4,4,2,0,0,2,0,0,86,3,0,0.6,,300,,,,,5,,,
CompleteGumtreeMatcher,4,4,2,0,0,2,0,0,86,3,0,0.7,,300,,,,,5,,,
CompleteGumtreeMatcher,4,4,2,0,0,2,0,0,86,3,0,0.799,,300,,,,,5,,,
CompleteGumtreeMatcher,4,4,2,0,0,2,0,0,104,3,0,0.899,,300,,,,,5,,,
CompleteGumtreeMatcher,4,4,2,0,0,2,0,0,104,3,0,0.999,,300,,,,,5,,,
CompleteGumtreeMatcher,48,10,48,0,0,0,0,0,87,3,0,0.1,,400,,,,,1,,,
CompleteGumtreeMatcher,48,10,48,0,0,0,0,0,167,3,0,0.2,,400,,,,,1,,,
CompleteGumtreeMatcher,48,10,48,0,0,0,0,0,104,3,0,0.3,,400,,,,,1,,,
CompleteGumtreeMatcher,48,10,48,0,0,0,0,0,87,3,0,0.4,,400,,,,,1,,,
CompleteGumtreeMatcher,48,10,48,0,0,0,0,0,87,3,0,0.5,,400,,,,,1,,,
CompleteGumtreeMatcher,48,10,48,0,0,0,0,0,86,3,0,0.6,,400,,,,,1,,,
CompleteGumtreeMatcher,48,10,48,0,0,0,0,0,104,3,0,0.7,,400,,,,,1,,,
CompleteGumtreeMatcher,48,10,48,0,0,0,0,0,87,3,0,0.799,,400,,,,,1,,,
CompleteGumtreeMatcher,48,10,48,0,0,0,0,0,104,3,0,0.899,,400,,,,,1,,,
CompleteGumtreeMatcher,48,10,48,0,0,0,0,0,104,3,0,0.999,,400,,,,,1,,,
CompleteGumtreeMatcher,44,8,44,0,0,0,0,0,87,3,0,0.1,,400,,,,,2,,,
CompleteGumtreeMatcher,44,8,44,0,0,0,0,0,87,3,0,0.2,,400,,,,,2,,,
CompleteGumtreeMatcher,44,8,44,0,0,0,0,0,104,3,0,0.3,,400,,,,,2,,,
CompleteGumtreeMatcher,44,8,44,0,0,0,0,0,87,3,0,0.4,,400,,,,,2,,,
CompleteGumtreeMatcher,44,8,44,0,0,0,0,0,87,3,0,0.5,,400,,,,,2,,,
CompleteGumtreeMatcher,44,8,44,0,0,0,0,0,87,3,0,0.6,,400,,,,,2,,,
CompleteGumtreeMatcher,44,8,44,0,0,0,0,0,103,3,0,0.7,,400,,,,,2,,,
CompleteGumtreeMatcher,44,8,44,0,0,0,0,0,86,3,0,0.799,,400,,,,,2,,,
CompleteGumtreeMatcher,44,8,44,0,0,0,0,0,183,3,0,0.899,,400,,,,,2,,,
CompleteGumtreeMatcher,44,8,44,0,0,0,0,0,103,3,0,0.999,,400,,,,,2,,,
CompleteGumtreeMatcher,38,6,38,0,0,0,0,0,103,3,0,0.1,,400,,,,,3,,,
CompleteGumtreeMatcher,38,6,38,0,0,0,0,0,86,3,0,0.2,,400,,,,,3,,,
CompleteGumtreeMatcher,38,6,38,0,0,0,0,0,87,3,0,0.3,,400,,,,,3,,,
CompleteGumtreeMatcher,38,6,38,0,0,0,0,0,87,3,0,0.4,,400,,,,,3,,,
CompleteGumtreeMatcher,38,6,38,0,0,0,0,0,104,3,0,0.5,,400,,,,,3,,,
CompleteGumtreeMatcher,38,6,38,0,0,0,0,0,87,3,0,0.6,,400,,,,,3,,,
CompleteGumtreeMatcher,38,6,38,0,0,0,0,0,104,3,0,0.7,,400,,,,,3,,,
CompleteGumtreeMatcher,38,6,38,0,0,0,0,0,87,3,0,0.799,,400,,,,,3,,,
CompleteGumtreeMatcher,38,6,38,0,0,0,0,0,104,3,0,0.899,,400,,,,,3,,,
CompleteGumtreeMatcher,38,6,38,0,0,0,0,0,104,3,0,0.999,,400,,,,,3,,,
CompleteGumtreeMatcher,4,4,2,0,0,2,0,0,87,3,0,0.1,,400,,,,,4,,,
CompleteGumtreeMatcher,4,4,2,0,0,2,0,0,87,3,0,0.2,,400,,,,,4,,,
CompleteGumtreeMatcher,4,4,2,0,0,2,0,0,86,3,0,0.3,,400,,,,,4,,,
CompleteGumtreeMatcher,4,4,2,0,0,2,0,0,86,3,0,0.4,,400,,,,,4,,,
CompleteGumtreeMatcher,4,4,2,0,0,2,0,0,103,3,0,0.5,,400,,,,,4,,,
CompleteGumtreeMatcher,4,4,2,0,0,2,0,0,87,3,0,0.6,,400,,,,,4,,,
CompleteGumtreeMatcher,4,4,2,0,0,2,0,0,167,3,0,0.7,,400,,,,,4,,,
CompleteGumtreeMatcher,4,4,2,0,0,2,0,0,104,3,0,0.799,,400,,,,,4,,,
CompleteGumtreeMatcher,4,4,2,0,0,2,0,0,86,3,0,0.899,,400,,,,,4,,,
CompleteGumtreeMatcher,4,4,2,0,0,2,0,0,86,3,0,0.999,,400,,,,,4,,,
CompleteGumtreeMatcher,4,4,2,0,0,2,0,0,103,3,0,0.1,,400,,,,,5,,,
CompleteGumtreeMatcher,4,4,2,0,0,2,0,0,103,3,0,0.2,,400,,,,,5,,,
CompleteGumtreeMatcher,4,4,2,0,0,2,0,0,86,3,0,0.3,,400,,,,,5,,,
CompleteGumtreeMatcher,4,4,2,0,0,2,0,0,87,3,0,0.4,,400,,,,,5,,,
CompleteGumtreeMatcher,4,4,2,0,0,2,0,0,104,3,0,0.5,,400,,,,,5,,,
CompleteGumtreeMatcher,4,4,2,0,0,2,0,0,86,3,0,0.6,,400,,,,,5,,,
CompleteGumtreeMatcher,4,4,2,0,0,2,0,0,87,3,0,0.7,,400,,,,,5,,,
CompleteGumtreeMatcher,4,4,2,0,0,2,0,0,103,3,0,0.799,,400,,,,,5,,,
CompleteGumtreeMatcher,4,4,2,0,0,2,0,0,87,3,0,0.899,,400,,,,,5,,,
CompleteGumtreeMatcher,4,4,2,0,0,2,0,0,87,3,0,0.999,,400,,,,,5,,,
CompleteGumtreeMatcher,48,10,48,0,0,0,0,0,86,3,0,0.1,,500,,,,,1,,,
CompleteGumtreeMatcher,48,10,48,0,0,0,0,0,104,3,0,0.2,,500,,,,,1,,,
CompleteGumtreeMatcher,48,10,48,0,0,0,0,0,104,3,0,0.3,,500,,,,,1,,,
CompleteGumtreeMatcher,48,10,48,0,0,0,0,0,87,3,0,0.4,,500,,,,,1,,,
CompleteGumtreeMatcher,48,10,48,0,0,0,0,0,182,3,0,0.5,,500,,,,,1,,,
CompleteGumtreeMatcher,48,10,48,0,0,0,0,0,104,3,0,0.6,,500,,,,,1,,,
CompleteGumtreeMatcher,48,10,48,0,0,0,0,0,87,3,0,0.7,,500,,,,,1,,,
CompleteGumtreeMatcher,48,10,48,0,0,0,0,0,87,3,0,0.799,,500,,,,,1,,,
CompleteGumtreeMatcher,48,10,48,0,0,0,0,0,86,3,0,0.899,,500,,,,,1,,,
CompleteGumtreeMatcher,48,10,48,0,0,0,0,0,104,3,0,0.999,,500,,,,,1,,,
CompleteGumtreeMatcher,44,8,44,0,0,0,0,0,87,3,0,0.1,,500,,,,,2,,,
CompleteGumtreeMatcher,44,8,44,0,0,0,0,0,104,3,0,0.2,,500,,,,,2,,,
CompleteGumtreeMatcher,44,8,44,0,0,0,0,0,104,3,0,0.3,,500,,,,,2,,,
CompleteGumtreeMatcher,44,8,44,0,0,0,0,0,87,3,0,0.4,,500,,,,,2,,,
CompleteGumtreeMatcher,44,8,44,0,0,0,0,0,87,3,0,0.5,,500,,,,,2,,,
CompleteGumtreeMatcher,44,8,44,0,0,0,0,0,104,3,0,0.6,,500,,,,,2,,,
CompleteGumtreeMatcher,44,8,44,0,0,0,0,0,86,3,0,0.7,,500,,,,,2,,,
CompleteGumtreeMatcher,44,8,44,0,0,0,0,0,87,3,0,0.799,,500,,,,,2,,,
CompleteGumtreeMatcher,44,8,44,0,0,0,0,0,88,3,0,0.899,,500,,,,,2,,,
CompleteGumtreeMatcher,44,8,44,0,0,0,0,0,104,3,0,0.999,,500,,,,,2,,,
CompleteGumtreeMatcher,38,6,38,0,0,0,0,0,86,3,0,0.1,,500,,,,,3,,,
CompleteGumtreeMatcher,38,6,38,0,0,0,0,0,103,3,0,0.2,,500,,,,,3,,,
CompleteGumtreeMatcher,38,6,38,0,0,0,0,0,104,3,0,0.3,,500,,,,,3,,,
CompleteGumtreeMatcher,38,6,38,0,0,0,0,0,167,3,0,0.4,,500,,,,,3,,,
CompleteGumtreeMatcher,38,6,38,0,0,0,0,0,86,3,0,0.5,,500,,,,,3,,,
CompleteGumtreeMatcher,38,6,38,0,0,0,0,0,87,3,0,0.6,,500,,,,,3,,,
CompleteGumtreeMatcher,38,6,38,0,0,0,0,0,86,3,0,0.7,,500,,,,,3,,,
CompleteGumtreeMatcher,38,6,38,0,0,0,0,0,103,3,0,0.799,,500,,,,,3,,,
CompleteGumtreeMatcher,38,6,38,0,0,0,0,0,87,3,0,0.899,,500,,,,,3,,,
CompleteGumtreeMatcher,38,6,38,0,0,0,0,0,103,3,0,0.999,,500,,,,,3,,,
CompleteGumtreeMatcher,4,4,2,0,0,2,0,0,87,3,0,0.1,,500,,,,,4,,,
CompleteGumtreeMatcher,4,4,2,0,0,2,0,0,103,3,0,0.2,,500,,,,,4,,,
CompleteGumtreeMatcher,4,4,2,0,0,2,0,0,103,3,0,0.3,,500,,,,,4,,,
CompleteGumtreeMatcher,4,4,2,0,0,2,0,0,87,3,0,0.4,,500,,,,,4,,,
CompleteGumtreeMatcher,4,4,2,0,0,2,0,0,86,3,0,0.5,,500,,,,,4,,,
CompleteGumtreeMatcher,4,4,2,0,0,2,0,0,86,3,0,0.6,,500,,,,,4,,,
CompleteGumtreeMatcher,4,4,2,0,0,2,0,0,86,3,0,0.7,,500,,,,,4,,,
CompleteGumtreeMatcher,4,4,2,0,0,2,0,0,104,3,0,0.799,,500,,,,,4,,,
CompleteGumtreeMatcher,4,4,2,0,0,2,0,0,86,3,0,0.899,,500,,,,,4,,,
CompleteGumtreeMatcher,4,4,2,0,0,2,0,0,183,3,0,0.999,,500,,,,,4,,,
CompleteGumtreeMatcher,4,4,2,0,0,2,0,0,104,3,0,0.1,,500,,,,,5,,,
CompleteGumtreeMatcher,4,4,2,0,0,2,0,0,86,3,0,0.2,,500,,,,,5,,,
CompleteGumtreeMatcher,4,4,2,0,0,2,0,0,87,3,0,0.3,,500,,,,,5,,,
CompleteGumtreeMatcher,4,4,2,0,0,2,0,0,103,3,0,0.4,,500,,,,,5,,,
CompleteGumtreeMatcher,4,4,2,0,0,2,0,0,103,3,0,0.5,,500,,,,,5,,,
CompleteGumtreeMatcher,4,4,2,0,0,2,0,0,86,3,0,0.6,,500,,,,,5,,,
CompleteGumtreeMatcher,4,4,2,0,0,2,0,0,87,3,0,0.7,,500,,,,,5,,,
CompleteGumtreeMatcher,4,4,2,0,0,2,0,0,103,3,0,0.799,,500,,,,,5,,,
CompleteGumtreeMatcher,4,4,2,0,0,2,0,0,86,3,0,0.899,,500,,,,,5,,,
CompleteGumtreeMatcher,4,4,2,0,0,2,0,0,87,3,0,0.999,,500,,,,,5,,,
CompleteGumtreeMatcher,48,10,48,0,0,0,0,0,104,3,0,0.1,,600,,,,,1,,,
CompleteGumtreeMatcher,48,10,48,0,0,0,0,0,87,3,0,0.2,,600,,,,,1,,,
CompleteGumtreeMatcher,48,10,48,0,0,0,0,0,87,3,0,0.3,,600,,,,,1,,,
CompleteGumtreeMatcher,48,10,48,0,0,0,0,0,104,3,0,0.4,,600,,,,,1,,,
CompleteGumtreeMatcher,48,10,48,0,0,0,0,0,103,3,0,0.5,,600,,,,,1,,,
CompleteGumtreeMatcher,48,10,48,0,0,0,0,0,86,3,0,0.6,,600,,,,,1,,,
CompleteGumtreeMatcher,48,10,48,0,0,0,0,0,87,3,0,0.7,,600,,,,,1,,,
CompleteGumtreeMatcher,48,10,48,0,0,0,0,0,103,3,0,0.799,,600,,,,,1,,,
CompleteGumtreeMatcher,48,10,48,0,0,0,0,0,167,3,0,0.899,,600,,,,,1,,,
CompleteGumtreeMatcher,48,10,48,0,0,0,0,0,167,3,0,0.999,,600,,,,,1,,,
CompleteGumtreeMatcher,44,8,44,0,0,0,0,0,86,3,0,0.1,,600,,,,,2,,,
CompleteGumtreeMatcher,44,8,44,0,0,0,0,0,86,3,0,0.2,,600,,,,,2,,,
CompleteGumtreeMatcher,44,8,44,0,0,0,0,0,103,3,0,0.3,,600,,,,,2,,,
CompleteGumtreeMatcher,44,8,44,0,0,0,0,0,87,3,0,0.4,,600,,,,,2,,,
CompleteGumtreeMatcher,44,8,44,0,0,0,0,0,104,3,0,0.5,,600,,,,,2,,,
CompleteGumtreeMatcher,44,8,44,0,0,0,0,0,104,3,0,0.6,,600,,,,,2,,,
CompleteGumtreeMatcher,44,8,44,0,0,0,0,0,87,3,0,0.7,,600,,,,,2,,,
CompleteGumtreeMatcher,44,8,44,0,0,0,0,0,104,3,0,0.799,,600,,,,,2,,,
CompleteGumtreeMatcher,44,8,44,0,0,0,0,0,86,3,0,0.899,,600,,,,,2,,,
CompleteGumtreeMatcher,44,8,44,0,0,0,0,0,86,3,0,0.999,,600,,,,,2,,,
CompleteGumtreeMatcher,38,6,38,0,0,0,0,0,87,3,0,0.1,,600,,,,,3,,,
CompleteGumtreeMatcher,38,6,38,0,0,0,0,0,104,3,0,0.2,,600,,,,,3,,,
CompleteGumtreeMatcher,38,6,38,0,0,0,0,0,86,3,0,0.3,,600,,,,,3,,,
CompleteGumtreeMatcher,38,6,38,0,0,0,0,0,104,3,0,0.4,,600,,,,,3,,,
CompleteGumtreeMatcher,38,6,38,0,0,0,0,0,104,3,0,0.5,,600,,,,,3,,,
CompleteGumtreeMatcher,38,6,38,0,0,0,0,0,167,3,0,0.6,,600,,,,,3,,,
CompleteGumtreeMatcher,38,6,38,0,0,0,0,0,169,3,0,0.7,,600,,,,,3,,,
CompleteGumtreeMatcher,38,6,38,0,0,0,0,0,87,3,0,0.799,,600,,,,,3,,,
CompleteGumtreeMatcher,38,6,38,0,0,0,0,0,87,3,0,0.899,,600,,,,,3,,,
CompleteGumtreeMatcher,38,6,38,0,0,0,0,0,104,3,0,0.999,,600,,,,,3,,,
CompleteGumtreeMatcher,4,4,2,0,0,2,0,0,87,3,0,0.1,,600,,,,,4,,,
CompleteGumtreeMatcher,4,4,2,0,0,2,0,0,104,3,0,0.2,,600,,,,,4,,,
CompleteGumtreeMatcher,4,4,2,0,0,2,0,0,86,3,0,0.3,,600,,,,,4,,,
CompleteGumtreeMatcher,4,4,2,0,0,2,0,0,103,3,0,0.4,,600,,,,,4,,,
CompleteGumtreeMatcher,4,4,2,0,0,2,0,0,103,3,0,0.5,,600,,,,,4,,,
CompleteGumtreeMatcher,4,4,2,0,0,2,0,0,87,3,0,0.6,,600,,,,,4,,,
CompleteGumtreeMatcher,4,4,2,0,0,2,0,0,86,3,0,0.7,,600,,,,,4,,,
CompleteGumtreeMatcher,4,4,2,0,0,2,0,0,86,3,0,0.799,,600,,,,,4,,,
CompleteGumtreeMatcher,4,4,2,0,0,2,0,0,104,3,0,0.899,,600,,,,,4,,,
CompleteGumtreeMatcher,4,4,2,0,0,2,0,0,87,3,0,0.999,,600,,,,,4,,,
CompleteGumtreeMatcher,4,4,2,0,0,2,0,0,183,3,0,0.1,,600,,,,,5,,,
CompleteGumtreeMatcher,4,4,2,0,0,2,0,0,103,3,0,0.2,,600,,,,,5,,,
CompleteGumtreeMatcher,4,4,2,0,0,2,0,0,86,3,0,0.3,,600,,,,,5,,,
CompleteGumtreeMatcher,4,4,2,0,0,2,0,0,86,3,0,0.4,,600,,,,,5,,,
CompleteGumtreeMatcher,4,4,2,0,0,2,0,0,104,3,0,0.5,,600,,,,,5,,,
CompleteGumtreeMatcher,4,4,2,0,0,2,0,0,104,3,0,0.6,,600,,,,,5,,,
CompleteGumtreeMatcher,4,4,2,0,0,2,0,0,87,3,0,0.7,,600,,,,,5,,,
CompleteGumtreeMatcher,4,4,2,0,0,2,0,0,87,3,0,0.799,,600,,,,,5,,,
CompleteGumtreeMatcher,4,4,2,0,0,2,0,0,103,3,0,0.899,,600,,,,,5,,,
CompleteGumtreeMatcher,4,4,2,0,0,2,0,0,86,3,0,0.999,,600,,,,,5,,,
CompleteGumtreeMatcher,48,10,48,0,0,0,0,0,155,3,0,0.1,,700,,,,,1,,,
CompleteGumtreeMatcher,48,10,48,0,0,0,0,0,104,3,0,0.2,,700,,,,,1,,,
CompleteGumtreeMatcher,48,10,48,0,0,0,0,0,87,3,0,0.3,,700,,,,,1,,,
CompleteGumtreeMatcher,48,10,48,0,0,0,0,0,86,3,0,0.4,,700,,,,,1,,,
CompleteGumtreeMatcher,48,10,48,0,0,0,0,0,103,3,0,0.5,,700,,,,,1,,,
CompleteGumtreeMatcher,48,10,48,0,0,0,0,0,103,3,0,0.6,,700,,,,,1,,,
CompleteGumtreeMatcher,48,10,48,0,0,0,0,0,87,3,0,0.7,,700,,,,,1,,,
CompleteGumtreeMatcher,48,10,48,0,0,0,0,0,87,3,0,0.799,,700,,,,,1,,,
CompleteGumtreeMatcher,48,10,48,0,0,0,0,0,104,3,0,0.899,,700,,,,,1,,,
CompleteGumtreeMatcher,48,10,48,0,0,0,0,0,167,3,0,0.999,,700,,,,,1,,,
CompleteGumtreeMatcher,44,8,44,0,0,0,0,0,87,3,0,0.1,,700,,,,,2,,,
CompleteGumtreeMatcher,44,8,44,0,0,0,0,0,87,3,0,0.2,,700,,,,,2,,,
CompleteGumtreeMatcher,44,8,44,0,0,0,0,0,104,3,0,0.3,,700,,,,,2,,,
CompleteGumtreeMatcher,44,8,44,0,0,0,0,0,87,3,0,0.4,,700,,,,,2,,,
CompleteGumtreeMatcher,44,8,44,0,0,0,0,0,104,3,0,0.5,,700,,,,,2,,,
CompleteGumtreeMatcher,44,8,44,0,0,0,0,0,104,3,0,0.6,,700,,,,,2,,,
CompleteGumtreeMatcher,44,8,44,0,0,0,0,0,87,3,0,0.7,,700,,,,,2,,,
CompleteGumtreeMatcher,44,8,44,0,0,0,0,0,155,3,0,0.799,,700,,,,,2,,,
CompleteGumtreeMatcher,44,8,44,0,0,0,0,0,104,3,0,0.899,,700,,,,,2,,,
CompleteGumtreeMatcher,44,8,44,0,0,0,0,0,87,3,0,0.999,,700,,,,,2,,,
CompleteGumtreeMatcher,38,6,38,0,0,0,0,0,86,3,0,0.1,,700,,,,,3,,,
CompleteGumtreeMatcher,38,6,38,0,0,0,0,0,86,3,0,0.2,,700,,,,,3,,,
CompleteGumtreeMatcher,38,6,38,0,0,0,0,0,103,3,0,0.3,,700,,,,,3,,,
CompleteGumtreeMatcher,38,6,38,0,0,0,0,0,86,3,0,0.4,,700,,,,,3,,,
CompleteGumtreeMatcher,38,6,38,0,0,0,0,0,104,3,0,0.5,,700,,,,,3,,,
CompleteGumtreeMatcher,38,6,38,0,0,0,0,0,104,3,0,0.6,,700,,,,,3,,,
CompleteGumtreeMatcher,38,6,38,0,0,0,0,0,183,3,0,0.7,,700,,,,,3,,,
CompleteGumtreeMatcher,38,6,38,0,0,0,0,0,87,3,0,0.799,,700,,,,,3,,,
CompleteGumtreeMatcher,38,6,38,0,0,0,0,0,87,3,0,0.899,,700,,,,,3,,,
CompleteGumtreeMatcher,38,6,38,0,0,0,0,0,103,3,0,0.999,,700,,,,,3,,,
CompleteGumtreeMatcher,4,4,2,0,0,2,0,0,87,3,0,0.1,,700,,,,,4,,,
CompleteGumtreeMatcher,4,4,2,0,0,2,0,0,87,3,0,0.2,,700,,,,,4,,,
CompleteGumtreeMatcher,4,4,2,0,0,2,0,0,104,3,0,0.3,,700,,,,,4,,,
CompleteGumtreeMatcher,4,4,2,0,0,2,0,0,87,3,0,0.4,,700,,,,,4,,,
CompleteGumtreeMatcher,4,4,2,0,0,2,0,0,103,3,0,0.5,,700,,,,,4,,,
CompleteGumtreeMatcher,4,4,2,0,0,2,0,0,103,3,0,0.6,,700,,,,,4,,,
CompleteGumtreeMatcher,4,4,2,0,0,2,0,0,87,3,0,0.7,,700,,,,,4,,,
CompleteGumtreeMatcher,4,4,2,0,0,2,0,0,86,3,0,0.799,,700,,,,,4,,,
CompleteGumtreeMatcher,4,4,2,0,0,2,0,0,87,3,0,0.899,,700,,,,,4,,,
CompleteGumtreeMatcher,4,4,2,0,0,2,0,0,104,3,0,0.999,,700,,,,,4,,,
CompleteGumtreeMatcher,4,4,2,0,0,2,0,0,103,3,0,0.1,,700,,,,,5,,,
CompleteGumtreeMatcher,4,4,2,0,0,2,0,0,86,3,0,0.2,,700,,,,,5,,,
CompleteGumtreeMatcher,4,4,2,0,0,2,0,0,103,3,0,0.3,,700,,,,,5,,,
CompleteGumtreeMatcher,4,4,2,0,0,2,0,0,167,3,0,0.4,,700,,,,,5,,,
CompleteGumtreeMatcher,4,4,2,0,0,2,0,0,86,3,0,0.5,,700,,,,,5,,,
CompleteGumtreeMatcher,4,4,2,0,0,2,0,0,104,3,0,0.6,,700,,,,,5,,,
CompleteGumtreeMatcher,4,4,2,0,0,2,0,0,104,3,0,0.7,,700,,,,,5,,,
CompleteGumtreeMatcher,4,4,2,0,0,2,0,0,86,3,0,0.799,,700,,,,,5,,,
CompleteGumtreeMatcher,4,4,2,0,0,2,0,0,87,3,0,0.899,,700,,,,,5,,,
CompleteGumtreeMatcher,4,4,2,0,0,2,0,0,104,3,0,0.999,,700,,,,,5,,,
CompleteGumtreeMatcher,48,10,48,0,0,0,0,0,119,3,0,0.1,,800,,,,,1,,,
CompleteGumtreeMatcher,48,10,48,0,0,0,0,0,87,3,0,0.2,,800,,,,,1,,,
CompleteGumtreeMatcher,48,10,48,0,0,0,0,0,104,3,0,0.3,,800,,,,,1,,,
CompleteGumtreeMatcher,48,10,48,0,0,0,0,0,87,3,0,0.4,,800,,,,,1,,,
CompleteGumtreeMatcher,48,10,48,0,0,0,0,0,87,3,0,0.5,,800,,,,,1,,,
CompleteGumtreeMatcher,48,10,48,0,0,0,0,0,103,3,0,0.6,,800,,,,,1,,,
CompleteGumtreeMatcher,48,10,48,0,0,0,0,0,103,3,0,0.7,,800,,,,,1,,,
CompleteGumtreeMatcher,48,10,48,0,0,0,0,0,86,3,0,0.799,,800,,,,,1,,,
CompleteGumtreeMatcher,48,10,48,0,0,0,0,0,86,3,0,0.899,,800,,,,,1,,,
CompleteGumtreeMatcher,48,10,48,0,0,0,0,0,104,3,0,0.999,,800,,,,,1,,,
CompleteGumtreeMatcher,44,8,44,0,0,0,0,0,179,3,0,0.1,,800,,,,,2,,,
CompleteGumtreeMatcher,44,8,44,0,0,0,0,0,119,3,0,0.2,,800,,,,,2,,,
CompleteGumtreeMatcher,44,8,44,0,0,0,0,0,88,3,0,0.3,,800,,,,,2,,,
CompleteGumtreeMatcher,44,8,44,0,0,0,0,0,87,3,0,0.4,,800,,,,,2,,,
CompleteGumtreeMatcher,44,8,44,0,0,0,0,0,104,3,0,0.5,,800,,,,,2,,,
CompleteGumtreeMatcher,44,8,44,0,0,0,0,0,87,3,0,0.6,,800,,,,,2,,,
CompleteGumtreeMatcher,44,8,44,0,0,0,0,0,104,3,0,0.7,,800,,,,,2,,,
CompleteGumtreeMatcher,44,8,44,0,0,0,0,0,103,3,0,0.799,,800,,,,,2,,,
CompleteGumtreeMatcher,44,8,44,0,0,0,0,0,86,3,0,0.899,,800,,,,,2,,,
CompleteGumtreeMatcher,44,8,44,0,0,0,0,0,103,3,0,0.999,,800,,,,,2,,,
CompleteGumtreeMatcher,38,6,38,0,0,0,0,0,86,3,0,0.1,,800,,,,,3,,,
CompleteGumtreeMatcher,38,6,38,0,0,0,0,0,86,3,0,0.2,,800,,,,,3,,,
CompleteGumtreeMatcher,38,6,38,0,0,0,0,0,103,3,0,0.3,,800,,,,,3,,,
CompleteGumtreeMatcher,38,6,38,0,0,0,0,0,87,3,0,0.4,,800,,,,,3,,,
CompleteGumtreeMatcher,38,6,38,0,0,0,0,0,120,3,0,0.5,,800,,,,,3,,,
CompleteGumtreeMatcher,38,6,38,0,0,0,0,0,87,3,0,0.6,,800,,,,,3,,,
CompleteGumtreeMatcher,38,6,38,0,0,0,0,0,104,3,0,0.7,,800,,,,,3,,,
CompleteGumtreeMatcher,38,6,38,0,0,0,0,0,104,3,0,0.799,,800,,,,,3,,,
CompleteGumtreeMatcher,38,6,38,0,0,0,0,0,167,3,0,0.899,,800,,,,,3,,,
CompleteGumtreeMatcher,38,6,38,0,0,0,0,0,87,3,0,0.999,,800,,,,,3,,,
CompleteGumtreeMatcher,4,4,2,0,0,2,0,0,86,3,0,0.1,,800,,,,,4,,,
CompleteGumtreeMatcher,4,4,2,0,0,2,0,0,104,3,0,0.2,,800,,,,,4,,,
CompleteGumtreeMatcher,4,4,2,0,0,2,0,0,86,3,0,0.3,,800,,,,,4,,,
CompleteGumtreeMatcher,4,4,2,0,0,2,0,0,103,3,0,0.4,,800,,,,,4,,,
CompleteGumtreeMatcher,4,4,2,0,0,2,0,0,86,3,0,0.5,,800,,,,,4,,,
CompleteGumtreeMatcher,4,4,2,0,0,2,0,0,181,3,0,0.6,,800,,,,,4,,,
CompleteGumtreeMatcher,4,4,2,0,0,2,0,0,103,3,0,0.7,,800,,,,,4,,,
CompleteGumtreeMatcher,4,4,2,0,0,2,0,0,103,3,0,0.799,,800,,,,,4,,,
CompleteGumtreeMatcher,4,4,2,0,0,2,0,0,86,3,0,0.899,,800,,,,,4,,,
CompleteGumtreeMatcher,4,4,2,0,0,2,0,0,86,3,0,0.999,,800,,,,,4,,,
CompleteGumtreeMatcher,4,4,2,0,0,2,0,0,86,3,0,0.1,,800,,,,,5,,,
CompleteGumtreeMatcher,4,4,2,0,0,2,0,0,104,3,0,0.2,,800,,,,,5,,,
CompleteGumtreeMatcher,4,4,2,0,0,2,0,0,86,3,0,0.3,,800,,,,,5,,,
CompleteGumtreeMatcher,4,4,2,0,0,2,0,0,104,3,0,0.4,,800,,,,,5,,,
CompleteGumtreeMatcher,4,4,2,0,0,2,0,0,118,3,0,0.5,,800,,,,,5,,,
CompleteGumtreeMatcher,4,4,2,0,0,2,0,0,104,3,0,0.6,,800,,,,,5,,,
CompleteGumtreeMatcher,4,4,2,0,0,2,0,0,104,3,0,0.7,,800,,,,,5,,,
CompleteGumtreeMatcher,4,4,2,0,0,2,0,0,87,3,0,0.799,,800,,,,,5,,,
CompleteGumtreeMatcher,4,4,2,0,0,2,0,0,86,3,0,0.899,,800,,,,,5,,,
CompleteGumtreeMatcher,4,4,2,0,0,2,0,0,86,3,0,0.999,,800,,,,,5,,,
CompleteGumtreeMatcher,48,10,48,0,0,0,0,0,104,3,0,0.1,,900,,,,,1,,,
CompleteGumtreeMatcher,48,10,48,0,0,0,0,0,86,3,0,0.2,,900,,,,,1,,,
CompleteGumtreeMatcher,48,10,48,0,0,0,0,0,167,3,0,0.3,,900,,,,,1,,,
CompleteGumtreeMatcher,48,10,48,0,0,0,0,0,104,3,0,0.4,,900,,,,,1,,,
CompleteGumtreeMatcher,48,10,48,0,0,0,0,0,86,3,0,0.5,,900,,,,,1,,,
CompleteGumtreeMatcher,48,10,48,0,0,0,0,0,87,3,0,0.6,,900,,,,,1,,,
CompleteGumtreeMatcher,48,10,48,0,0,0,0,0,119,3,0,0.7,,900,,,,,1,,,
CompleteGumtreeMatcher,48,10,48,0,0,0,0,0,104,3,0,0.799,,900,,,,,1,,,
CompleteGumtreeMatcher,48,10,48,0,0,0,0,0,104,3,0,0.899,,900,,,,,1,,,
CompleteGumtreeMatcher,48,10,48,0,0,0,0,0,87,3,0,0.999,,900,,,,,1,,,
CompleteGumtreeMatcher,44,8,44,0,0,0,0,0,87,3,0,0.1,,900,,,,,2,,,
CompleteGumtreeMatcher,44,8,44,0,0,0,0,0,104,3,0,0.2,,900,,,,,2,,,
CompleteGumtreeMatcher,44,8,44,0,0,0,0,0,87,3,0,0.3,,900,,,,,2,,,
CompleteGumtreeMatcher,44,8,44,0,0,0,0,0,86,3,0,0.4,,900,,,,,2,,,
CompleteGumtreeMatcher,44,8,44,0,0,0,0,0,103,3,0,0.5,,900,,,,,2,,,
CompleteGumtreeMatcher,44,8,44,0,0,0,0,0,86,3,0,0.6,,900,,,,,2,,,
CompleteGumtreeMatcher,44,8,44,0,0,0,0,0,408,3,0,0.7,,900,,,,,2,,,
CompleteGumtreeMatcher,44,8,44,0,0,0,0,0,408,3,0,0.799,,900,,,,,2,,,
CompleteGumtreeMatcher,44,8,44,0,0,0,0,0,422,3,0,0.899,,900,,,,,2,,,
CompleteGumtreeMatcher,44,8,44,0,0,0,0,0,391,3,0,0.999,,900,,,,,2,,,
CompleteGumtreeMatcher,38,6,38,0,0,0,0,0,424,3,0,0.1,,900,,,,,3,,,
CompleteGumtreeMatcher,38,6,38,0,0,0,0,0,408,3,0,0.2,,900,,,,,3,,,
CompleteGumtreeMatcher,38,6,38,0,0,0,0,0,391,3,0,0.3,,900,,,,,3,,,
CompleteGumtreeMatcher,38,6,38,0,0,0,0,0,391,3,0,0.4,,900,,,,,3,,,
CompleteGumtreeMatcher,38,6,38,0,0,0,0,0,392,3,0,0.5,,900,,,,,3,,,
CompleteGumtreeMatcher,38,6,38,0,0,0,0,0,409,3,0,0.6,,900,,,,,3,,,
CompleteGumtreeMatcher,38,6,38,0,0,0,0,0,87,3,0,0.7,,900,,,,,3,,,
CompleteGumtreeMatcher,38,6,38,0,0,0,0,0,103,3,0,0.799,,900,,,,,3,,,
CompleteGumtreeMatcher,38,6,38,0,0,0,0,0,103,3,0,0.899,,900,,,,,3,,,
CompleteGumtreeMatcher,38,6,38,0,0,0,0,0,87,3,0,0.999,,900,,,,,3,,,
CompleteGumtreeMatcher,4,4,2,0,0,2,0,0,87,3,0,0.1,,900,,,,,4,,,
CompleteGumtreeMatcher,4,4,2,0,0,2,0,0,86,3,0,0.2,,900,,,,,4,,,
CompleteGumtreeMatcher,4,4,2,0,0,2,0,0,102,3,0,0.3,,900,,,,,4,,,
CompleteGumtreeMatcher,4,4,2,0,0,2,0,0,104,3,0,0.4,,900,,,,,4,,,
CompleteGumtreeMatcher,4,4,2,0,0,2,0,0,119,3,0,0.5,,900,,,,,4,,,
CompleteGumtreeMatcher,4,4,2,0,0,2,0,0,104,3,0,0.6,,900,,,,,4,,,
CompleteGumtreeMatcher,4,4,2,0,0,2,0,0,135,3,0,0.7,,900,,,,,4,,,
CompleteGumtreeMatcher,4,4,2,0,0,2,0,0,104,3,0,0.799,,900,,,,,4,,,
CompleteGumtreeMatcher,4,4,2,0,0,2,0,0,104,3,0,0.899,,900,,,,,4,,,
CompleteGumtreeMatcher,4,4,2,0,0,2,0,0,86,3,0,0.999,,900,,,,,4,,,
CompleteGumtreeMatcher,4,4,2,0,0,2,0,0,87,3,0,0.1,,900,,,,,5,,,
CompleteGumtreeMatcher,4,4,2,0,0,2,0,0,87,3,0,0.2,,900,,,,,5,,,
CompleteGumtreeMatcher,4,4,2,0,0,2,0,0,135,3,0,0.3,,900,,,,,5,,,
CompleteGumtreeMatcher,4,4,2,0,0,2,0,0,103,3,0,0.4,,900,,,,,5,,,
CompleteGumtreeMatcher,4,4,2,0,0,2,0,0,119,3,0,0.5,,900,,,,,5,,,
CompleteGumtreeMatcher,4,4,2,0,0,2,0,0,103,3,0,0.6,,900,,,,,5,,,
CompleteGumtreeMatcher,4,4,2,0,0,2,0,0,87,3,0,0.7,,900,,,,,5,,,
CompleteGumtreeMatcher,4,4,2,0,0,2,0,0,103,3,0,0.799,,900,,,,,5,,,
CompleteGumtreeMatcher,4,4,2,0,0,2,0,0,103,3,0,0.899,,900,,,,,5,,,
CompleteGumtreeMatcher,4,4,2,0,0,2,0,0,86,3,0,0.999,,900,,,,,5,,,
CompleteGumtreeMatcher,48,10,48,0,0,0,0,0,86,3,0,0.1,,1000,,,,,1,,,
CompleteGumtreeMatcher,48,10,48,0,0,0,0,0,119,3,0,0.2,,1000,,,,,1,,,
CompleteGumtreeMatcher,48,10,48,0,0,0,0,0,104,3,0,0.3,,1000,,,,,1,,,
CompleteGumtreeMatcher,48,10,48,0,0,0,0,0,151,3,0,0.4,,1000,,,,,1,,,
CompleteGumtreeMatcher,48,10,48,0,0,0,0,0,86,3,0,0.5,,1000,,,,,1,,,
CompleteGumtreeMatcher,48,10,48,0,0,0,0,0,104,3,0,0.6,,1000,,,,,1,,,
CompleteGumtreeMatcher,48,10,48,0,0,0,0,0,87,3,0,0.7,,1000,,,,,1,,,
CompleteGumtreeMatcher,48,10,48,0,0,0,0,0,87,3,0,0.799,,1000,,,,,1,,,
CompleteGumtreeMatcher,48,10,48,0,0,0,0,0,151,3,0,0.899,,1000,,,,,1,,,
CompleteGumtreeMatcher,48,10,48,0,0,0,0,0,104,3,0,0.999,,1000,,,,,1,,,
CompleteGumtreeMatcher,44,8,44,0,0,0,0,0,103,3,0,0.1,,1000,,,,,2,,,
CompleteGumtreeMatcher,44,8,44,0,0,0,0,0,135,3,0,0.2,,1000,,,,,2,,,
CompleteGumtreeMatcher,44,8,44,0,0,0,0,0,104,3,0,0.3,,1000,,,,,2,,,
CompleteGumtreeMatcher,44,8,44,0,0,0,0,0,87,3,0,0.4,,1000,,,,,2,,,
CompleteGumtreeMatcher,44,8,44,0,0,0,0,0,87,3,0,0.5,,1000,,,,,2,,,
CompleteGumtreeMatcher,44,8,44,0,0,0,0,0,86,3,0,0.6,,1000,,,,,2,,,
CompleteGumtreeMatcher,44,8,44,0,0,0,0,0,104,3,0,0.7,,1000,,,,,2,,,
CompleteGumtreeMatcher,44,8,44,0,0,0,0,0,104,3,0,0.799,,1000,,,,,2,,,
CompleteGumtreeMatcher,44,8,44,0,0,0,0,0,104,3,0,0.899,,1000,,,,,2,,,
CompleteGumtreeMatcher,44,8,44,0,0,0,0,0,103,3,0,0.999,,1000,,,,,2,,,
CompleteGumtreeMatcher,38,6,38,0,0,0,0,0,119,3,0,0.1,,1000,,,,,3,,,
CompleteGumtreeMatcher,38,6,38,0,0,0,0,0,87,3,0,0.2,,1000,,,,,3,,,
CompleteGumtreeMatcher,38,6,38,0,0,0,0,0,104,3,0,0.3,,1000,,,,,3,,,
CompleteGumtreeMatcher,38,6,38,0,0,0,0,0,87,3,0,0.4,,1000,,,,,3,,,
CompleteGumtreeMatcher,38,6,38,0,0,0,0,0,86,3,0,0.5,,1000,,,,,3,,,
CompleteGumtreeMatcher,38,6,38,0,0,0,0,0,151,3,0,0.6,,1000,,,,,3,,,
CompleteGumtreeMatcher,38,6,38,0,0,0,0,0,104,3,0,0.7,,1000,,,,,3,,,
CompleteGumtreeMatcher,38,6,38,0,0,0,0,0,103,3,0,0.799,,1000,,,,,3,,,
CompleteGumtreeMatcher,38,6,38,0,0,0,0,0,104,3,0,0.899,,1000,,,,,3,,,
CompleteGumtreeMatcher,38,6,38,0,0,0,0,0,135,3,0,0.999,,1000,,,,,3,,,
CompleteGumtreeMatcher,4,4,2,0,0,2,0,0,86,3,0,0.1,,1000,,,,,4,,,
CompleteGumtreeMatcher,4,4,2,0,0,2,0,0,86,3,0,0.2,,1000,,,,,4,,,
CompleteGumtreeMatcher,4,4,2,0,0,2,0,0,86,3,0,0.3,,1000,,,,,4,,,
CompleteGumtreeMatcher,4,4,2,0,0,2,0,0,104,3,0,0.4,,1000,,,,,4,,,
CompleteGumtreeMatcher,4,4,2,0,0,2,0,0,118,3,0,0.5,,1000,,,,,4,,,
CompleteGumtreeMatcher,4,4,2,0,0,2,0,0,103,3,0,0.6,,1000,,,,,4,,,
CompleteGumtreeMatcher,4,4,2,0,0,2,0,0,103,3,0,0.7,,1000,,,,,4,,,
CompleteGumtreeMatcher,4,4,2,0,0,2,0,0,103,3,0,0.799,,1000,,,,,4,,,
CompleteGumtreeMatcher,4,4,2,0,0,2,0,0,103,3,0,0.899,,1000,,,,,4,,,
CompleteGumtreeMatcher,4,4,2,0,0,2,0,0,87,3,0,0.999,,1000,,,,,4,,,
CompleteGumtreeMatcher,4,4,2,0,0,2,0,0,87,3,0,0.1,,1000,,,,,5,,,
CompleteGumtreeMatcher,4,4,2,0,0,2,0,0,87,3,0,0.2,,1000,,,,,5,,,
CompleteGumtreeMatcher,4,4,2,0,0,2,0,0,103,3,0,0.3,,1000,,,,,5,,,
CompleteGumtreeMatcher,4,4,2,0,0,2,0,0,151,3,0,0.4,,1000,,,,,5,,,
CompleteGumtreeMatcher,4,4,2,0,0,2,0,0,151,3,0,0.5,,1000,,,,,5,,,
CompleteGumtreeMatcher,4,4,2,0,0,2,0,0,104,3,0,0.6,,1000,,,,,5,,,
CompleteGumtreeMatcher,4,4,2,0,0,2,0,0,86,3,0,0.7,,1000,,,,,5,,,
CompleteGumtreeMatcher,4,4,2,0,0,2,0,0,104,3,0,0.799,,1000,,,,,5,,,
CompleteGumtreeMatcher,4,4,2,0,0,2,0,0,104,3,0,0.899,,1000,,,,,5,,,
CompleteGumtreeMatcher,4,4,2,0,0,2,0,0,134,3,0,0.999,,1000,,,,,5,,,
CompleteGumtreeMatcher,48,10,48,0,0,0,0,0,86,3,0,0.1,,1100,,,,,1,,,
CompleteGumtreeMatcher,48,10,48,0,0,0,0,0,86,3,0,0.2,,1100,,,,,1,,,
CompleteGumtreeMatcher,48,10,48,0,0,0,0,0,104,3,0,0.3,,1100,,,,,1,,,
CompleteGumtreeMatcher,48,10,48,0,0,0,0,0,87,3,0,0.4,,1100,,,,,1,,,
CompleteGumtreeMatcher,48,10,48,0,0,0,0,0,103,3,0,0.5,,1100,,,,,1,,,
CompleteGumtreeMatcher,48,10,48,0,0,0,0,0,87,3,0,0.6,,1100,,,,,1,,,
CompleteGumtreeMatcher,48,10,48,0,0,0,0,0,87,3,0,0.7,,1100,,,,,1,,,
CompleteGumtreeMatcher,48,10,48,0,0,0,0,0,103,3,0,0.799,,1100,,,,,1,,,
CompleteGumtreeMatcher,48,10,48,0,0,0,0,0,103,3,0,0.899,,1100,,,,,1,,,
CompleteGumtreeMatcher,48,10,48,0,0,0,0,0,103,3,0,0.999,,1100,,,,,1,,,
CompleteGumtreeMatcher,44,8,44,0,0,0,0,0,119,3,0,0.1,,1100,,,,,2,,,
CompleteGumtreeMatcher,44,8,44,0,0,0,0,0,151,3,0,0.2,,1100,,,,,2,,,
CompleteGumtreeMatcher,44,8,44,0,0,0,0,0,104,3,0,0.3,,1100,,,,,2,,,
CompleteGumtreeMatcher,44,8,44,0,0,0,0,0,86,3,0,0.4,,1100,,,,,2,,,
CompleteGumtreeMatcher,44,8,44,0,0,0,0,0,86,3,0,0.5,,1100,,,,,2,,,
CompleteGumtreeMatcher,44,8,44,0,0,0,0,0,87,3,0,0.6,,1100,,,,,2,,,
CompleteGumtreeMatcher,44,8,44,0,0,0,0,0,103,3,0,0.7,,1100,,,,,2,,,
CompleteGumtreeMatcher,44,8,44,0,0,0,0,0,135,3,0,0.799,,1100,,,,,2,,,
CompleteGumtreeMatcher,44,8,44,0,0,0,0,0,104,3,0,0.899,,1100,,,,,2,,,
CompleteGumtreeMatcher,44,8,44,0,0,0,0,0,104,3,0,0.999,,1100,,,,,2,,,
CompleteGumtreeMatcher,38,6,38,0,0,0,0,0,119,3,0,0.1,,1100,,,,,3,,,
CompleteGumtreeMatcher,38,6,38,0,0,0,0,0,87,3,0,0.2,,1100,,,,,3,,,
CompleteGumtreeMatcher,38,6,38,0,0,0,0,0,104,3,0,0.3,,1100,,,,,3,,,
CompleteGumtreeMatcher,38,6,38,0,0,0,0,0,87,3,0,0.4,,1100,,,,,3,,,
CompleteGumtreeMatcher,38,6,38,0,0,0,0,0,87,3,0,0.5,,1100,,,,,3,,,
CompleteGumtreeMatcher,38,6,38,0,0,0,0,0,104,3,0,0.6,,1100,,,,,3,,,
CompleteGumtreeMatcher,38,6,38,0,0,0,0,0,103,3,0,0.7,,1100,,,,,3,,,
CompleteGumtreeMatcher,38,6,38,0,0,0,0,0,104,3,0,0.799,,1100,,,,,3,,,
CompleteGumtreeMatcher,38,6,38,0,0,0,0,0,104,3,0,0.899,,1100,,,,,3,,,
CompleteGumtreeMatcher,38,6,38,0,0,0,0,0,151,3,0,0.999,,1100,,,,,3,,,
CompleteGumtreeMatcher,4,4,2,0,0,2,0,0,87,3,0,0.1,,1100,,,,,4,,,
CompleteGumtreeMatcher,4,4,2,0,0,2,0,0,151,3,0,0.2,,1100,,,,,4,,,
CompleteGumtreeMatcher,4,4,2,0,0,2,0,0,86,3,0,0.3,,1100,,,,,4,,,
CompleteGumtreeMatcher,4,4,2,0,0,2,0,0,87,3,0,0.4,,1100,,,,,4,,,
CompleteGumtreeMatcher,4,4,2,0,0,2,0,0,103,3,0,0.5,,1100,,,,,4,,,
CompleteGumtreeMatcher,4,4,2,0,0,2,0,0,103,3,0,0.6,,1100,,,,,4,,,
CompleteGumtreeMatcher,4,4,2,0,0,2,0,0,435,3,0,0.7,,1100,,,,,4,,,
CompleteGumtreeMatcher,4,4,2,0,0,2,0,0,103,3,0,0.799,,1100,,,,,4,,,
CompleteGumtreeMatcher,4,4,2,0,0,2,0,0,103,3,0,0.899,,1100,,,,,4,,,
CompleteGumtreeMatcher,4,4,2,0,0,2,0,0,86,3,0,0.999,,1100,,,,,4,,,
CompleteGumtreeMatcher,4,4,2,0,0,2,0,0,86,3,0,0.1,,1100,,,,,5,,,
CompleteGumtreeMatcher,4,4,2,0,0,2,0,0,87,3,0,0.2,,1100,,,,,5,,,
CompleteGumtreeMatcher,4,4,2,0,0,2,0,0,373,3,0,0.3,,1100,,,,,5,,,
CompleteGumtreeMatcher,4,4,2,0,0,2,0,0,354,3,0,0.4,,1100,,,,,5,,,
CompleteGumtreeMatcher,4,4,2,0,0,2,0,0,373,3,0,0.5,,1100,,,,,5,,,
CompleteGumtreeMatcher,4,4,2,0,0,2,0,0,354,3,0,0.6,,1100,,,,,5,,,
CompleteGumtreeMatcher,4,4,2,0,0,2,0,0,354,3,0,0.7,,1100,,,,,5,,,
CompleteGumtreeMatcher,4,4,2,0,0,2,0,0,373,3,0,0.799,,1100,,,,,5,,,
CompleteGumtreeMatcher,4,4,2,0,0,2,0,0,373,3,0,0.899,,1100,,,,,5,,,
CompleteGumtreeMatcher,4,4,2,0,0,2,0,0,355,3,0,0.999,,1100,,,,,5,,,
CompleteGumtreeMatcher,48,10,48,0,0,0,0,0,356,3,0,0.1,,1200,,,,,1,,,
CompleteGumtreeMatcher,48,10,48,0,0,0,0,0,87,3,0,0.2,,1200,,,,,1,,,
CompleteGumtreeMatcher,48,10,48,0,0,0,0,0,104,3,0,0.3,,1200,,,,,1,,,
CompleteGumtreeMatcher,48,10,48,0,0,0,0,0,87,3,0,0.4,,1200,,,,,1,,,
CompleteGumtreeMatcher,48,10,48,0,0,0,0,0,87,3,0,0.5,,1200,,,,,1,,,
CompleteGumtreeMatcher,48,10,48,0,0,0,0,0,87,3,0,0.6,,1200,,,,,1,,,
CompleteGumtreeMatcher,48,10,48,0,0,0,0,0,104,3,0,0.7,,1200,,,,,1,,,
CompleteGumtreeMatcher,48,10,48,0,0,0,0,0,87,3,0,0.799,,1200,,,,,1,,,
CompleteGumtreeMatcher,48,10,48,0,0,0,0,0,87,3,0,0.899,,1200,,,,,1,,,
CompleteGumtreeMatcher,48,10,48,0,0,0,0,0,104,3,0,0.999,,1200,,,,,1,,,
CompleteGumtreeMatcher,44,8,44,0,0,0,0,0,104,3,0,0.1,,1200,,,,,2,,,
CompleteGumtreeMatcher,44,8,44,0,0,0,0,0,87,3,0,0.2,,1200,,,,,2,,,
CompleteGumtreeMatcher,44,8,44,0,0,0,0,0,87,3,0,0.3,,1200,,,,,2,,,
CompleteGumtreeMatcher,44,8,44,0,0,0,0,0,104,3,0,0.4,,1200,,,,,2,,,
CompleteGumtreeMatcher,44,8,44,0,0,0,0,0,87,3,0,0.5,,1200,,,,,2,,,
CompleteGumtreeMatcher,44,8,44,0,0,0,0,0,87,3,0,0.6,,1200,,,,,2,,,
CompleteGumtreeMatcher,44,8,44,0,0,0,0,0,86,3,0,0.7,,1200,,,,,2,,,
CompleteGumtreeMatcher,44,8,44,0,0,0,0,0,86,3,0,0.799,,1200,,,,,2,,,
CompleteGumtreeMatcher,44,8,44,0,0,0,0,0,104,3,0,0.899,,1200,,,,,2,,,
CompleteGumtreeMatcher,44,8,44,0,0,0,0,0,103,3,0,0.999,,1200,,,,,2,,,
CompleteGumtreeMatcher,38,6,38,0,0,0,0,0,103,3,0,0.1,,1200,,,,,3,,,
CompleteGumtreeMatcher,38,6,38,0,0,0,0,0,86,3,0,0.2,,1200,,,,,3,,,
CompleteGumtreeMatcher,38,6,38,0,0,0,0,0,86,3,0,0.3,,1200,,,,,3,,,
CompleteGumtreeMatcher,38,6,38,0,0,0,0,0,87,3,0,0.4,,1200,,,,,3,,,
CompleteGumtreeMatcher,38,6,38,0,0,0,0,0,87,3,0,0.5,,1200,,,,,3,,,
CompleteGumtreeMatcher,38,6,38,0,0,0,0,0,104,3,0,0.6,,1200,,,,,3,,,
CompleteGumtreeMatcher,38,6,38,0,0,0,0,0,87,3,0,0.7,,1200,,,,,3,,,
CompleteGumtreeMatcher,38,6,38,0,0,0,0,0,87,3,0,0.799,,1200,,,,,3,,,
CompleteGumtreeMatcher,38,6,38,0,0,0,0,0,103,3,0,0.899,,1200,,,,,3,,,
CompleteGumtreeMatcher,38,6,38,0,0,0,0,0,87,3,0,0.999,,1200,,,,,3,,,
CompleteGumtreeMatcher,4,4,2,0,0,2,0,0,104,3,0,0.1,,1200,,,,,4,,,
CompleteGumtreeMatcher,4,4,2,0,0,2,0,0,103,3,0,0.2,,1200,,,,,4,,,
CompleteGumtreeMatcher,4,4,2,0,0,2,0,0,87,3,0,0.3,,1200,,,,,4,,,
CompleteGumtreeMatcher,4,4,2,0,0,2,0,0,86,3,0,0.4,,1200,,,,,4,,,
CompleteGumtreeMatcher,4,4,2,0,0,2,0,0,87,3,0,0.5,,1200,,,,,4,,,
CompleteGumtreeMatcher,4,4,2,0,0,2,0,0,86,3,0,0.6,,1200,,,,,4,,,
CompleteGumtreeMatcher,4,4,2,0,0,2,0,0,86,3,0,0.7,,1200,,,,,4,,,
CompleteGumtreeMatcher,4,4,2,0,0,2,0,0,103,3,0,0.799,,1200,,,,,4,,,
CompleteGumtreeMatcher,4,4,2,0,0,2,0,0,86,3,0,0.899,,1200,,,,,4,,,
CompleteGumtreeMatcher,4,4,2,0,0,2,0,0,103,3,0,0.999,,1200,,,,,4,,,
CompleteGumtreeMatcher,4,4,2,0,0,2,0,0,86,3,0,0.1,,1200,,,,,5,,,
CompleteGumtreeMatcher,4,4,2,0,0,2,0,0,103,3,0,0.2,,1200,,,,,5,,,
CompleteGumtreeMatcher,4,4,2,0,0,2,0,0,103,3,0,0.3,,1200,,,,,5,,,
CompleteGumtreeMatcher,4,4,2,0,0,2,0,0,87,3,0,0.4,,1200,,,,,5,,,
CompleteGumtreeMatcher,4,4,2,0,0,2,0,0,86,3,0,0.5,,1200,,,,,5,,,
CompleteGumtreeMatcher,4,4,2,0,0,2,0,0,86,3,0,0.6,,1200,,,,,5,,,
CompleteGumtreeMatcher,4,4,2,0,0,2,0,0,86,3,0,0.7,,1200,,,,,5,,,
CompleteGumtreeMatcher,4,4,2,0,0,2,0,0,103,3,0,0.799,,1200,,,,,5,,,
CompleteGumtreeMatcher,4,4,2,0,0,2,0,0,87,3,0,0.899,,1200,,,,,5,,,
CompleteGumtreeMatcher,4,4,2,0,0,2,0,0,86,3,0,0.999,,1200,,,,,5,,,
CompleteGumtreeMatcher,48,10,48,0,0,0,0,0,104,3,0,0.1,,1300,,,,,1,,,
CompleteGumtreeMatcher,48,10,48,0,0,0,0,0,87,3,0,0.2,,1300,,,,,1,,,
CompleteGumtreeMatcher,48,10,48,0,0,0,0,0,87,3,0,0.3,,1300,,,,,1,,,
CompleteGumtreeMatcher,48,10,48,0,0,0,0,0,104,3,0,0.4,,1300,,,,,1,,,
CompleteGumtreeMatcher,48,10,48,0,0,0,0,0,104,3,0,0.5,,1300,,,,,1,,,
CompleteGumtreeMatcher,48,10,48,0,0,0,0,0,87,3,0,0.6,,1300,,,,,1,,,
CompleteGumtreeMatcher,48,10,48,0,0,0,0,0,87,3,0,0.7,,1300,,,,,1,,,
CompleteGumtreeMatcher,48,10,48,0,0,0,0,0,87,3,0,0.799,,1300,,,,,1,,,
CompleteGumtreeMatcher,48,10,48,0,0,0,0,0,104,3,0,0.899,,1300,,,,,1,,,
CompleteGumtreeMatcher,48,10,48,0,0,0,0,0,87,3,0,0.999,,1300,,,,,1,,,
CompleteGumtreeMatcher,44,8,44,0,0,0,0,0,86,3,0,0.1,,1300,,,,,2,,,
CompleteGumtreeMatcher,44,8,44,0,0,0,0,0,87,3,0,0.2,,1300,,,,,2,,,
CompleteGumtreeMatcher,44,8,44,0,0,0,0,0,104,3,0,0.3,,1300,,,,,2,,,
CompleteGumtreeMatcher,44,8,44,0,0,0,0,0,87,3,0,0.4,,1300,,,,,2,,,
CompleteGumtreeMatcher,44,8,44,0,0,0,0,0,86,3,0,0.5,,1300,,,,,2,,,
CompleteGumtreeMatcher,44,8,44,0,0,0,0,0,104,3,0,0.6,,1300,,,,,2,,,
CompleteGumtreeMatcher,44,8,44,0,0,0,0,0,104,3,0,0.7,,1300,,,,,2,,,
CompleteGumtreeMatcher,44,8,44,0,0,0,0,0,86,3,0,0.799,,1300,,,,,2,,,
CompleteGumtreeMatcher,44,8,44,0,0,0,0,0,87,3,0,0.899,,1300,,,,,2,,,
CompleteGumtreeMatcher,44,8,44,0,0,0,0,0,104,3,0,0.999,,1300,,,,,2,,,
CompleteGumtreeMatcher,38,6,38,0,0,0,0,0,87,3,0,0.1,,1300,,,,,3,,,
CompleteGumtreeMatcher,38,6,38,0,0,0,0,0,87,3,0,0.2,,1300,,,,,3,,,
CompleteGumtreeMatcher,38,6,38,0,0,0,0,0,86,3,0,0.3,,1300,,,,,3,,,
CompleteGumtreeMatcher,38,6,38,0,0,0,0,0,103,3,0,0.4,,1300,,,,,3,,,
CompleteGumtreeMatcher,38,6,38,0,0,0,0,0,87,3,0,0.5,,1300,,,,,3,,,
CompleteGumtreeMatcher,38,6,38,0,0,0,0,0,104,3,0,0.6,,1300,,,,,3,,,
CompleteGumtreeMatcher,38,6,38,0,0,0,0,0,104,3,0,0.7,,1300,,,,,3,,,
CompleteGumtreeMatcher,38,6,38,0,0,0,0,0,87,3,0,0.799,,1300,,,,,3,,,
CompleteGumtreeMatcher,38,6,38,0,0,0,0,0,86,3,0,0.899,,1300,,,,,3,,,
CompleteGumtreeMatcher,38,6,38,0,0,0,0,0,87,3,0,0.999,,1300,,,,,3,,,
CompleteGumtreeMatcher,4,4,2,0,0,2,0,0,86,3,0,0.1,,1300,,,,,4,,,
CompleteGumtreeMatcher,4,4,2,0,0,2,0,0,103,3,0,0.2,,1300,,,,,4,,,
CompleteGumtreeMatcher,4,4,2,0,0,2,0,0,87,3,0,0.3,,1300,,,,,4,,,
CompleteGumtreeMatcher,4,4,2,0,0,2,0,0,87,3,0,0.4,,1300,,,,,4,,,
CompleteGumtreeMatcher,4,4,2,0,0,2,0,0,104,3,0,0.5,,1300,,,,,4,,,
CompleteGumtreeMatcher,4,4,2,0,0,2,0,0,86,3,0,0.6,,1300,,,,,4,,,
CompleteGumtreeMatcher,4,4,2,0,0,2,0,0,103,3,0,0.7,,1300,,,,,4,,,
CompleteGumtreeMatcher,4,4,2,0,0,2,0,0,103,3,0,0.799,,1300,,,,,4,,,
CompleteGumtreeMatcher,4,4,2,0,0,2,0,0,87,3,0,0.899,,1300,,,,,4,,,
CompleteGumtreeMatcher,4,4,2,0,0,2,0,0,86,3,0,0.999,,1300,,,,,4,,,
CompleteGumtreeMatcher,4,4,2,0,0,2,0,0,87,3,0,0.1,,1300,,,,,5,,,
CompleteGumtreeMatcher,4,4,2,0,0,2,0,0,86,3,0,0.2,,1300,,,,,5,,,
CompleteGumtreeMatcher,4,4,2,0,0,2,0,0,86,3,0,0.3,,1300,,,,,5,,,
CompleteGumtreeMatcher,4,4,2,0,0,2,0,0,104,3,0,0.4,,1300,,,,,5,,,
CompleteGumtreeMatcher,4,4,2,0,0,2,0,0,87,3,0,0.5,,1300,,,,,5,,,
CompleteGumtreeMatcher,4,4,2,0,0,2,0,0,103,3,0,0.6,,1300,,,,,5,,,
CompleteGumtreeMatcher,4,4,2,0,0,2,0,0,86,3,0,0.7,,1300,,,,,5,,,
CompleteGumtreeMatcher,4,4,2,0,0,2,0,0,103,3,0,0.799,,1300,,,,,5,,,
CompleteGumtreeMatcher,4,4,2,0,0,2,0,0,103,3,0,0.899,,1300,,,,,5,,,
CompleteGumtreeMatcher,4,4,2,0,0,2,0,0,87,3,0,0.999,,1300,,,,,5,,,
CompleteGumtreeMatcher,48,10,48,0,0,0,0,0,87,3,0,0.1,,1400,,,,,1,,,
CompleteGumtreeMatcher,48,10,48,0,0,0,0,0,87,3,0,0.2,,1400,,,,,1,,,
CompleteGumtreeMatcher,48,10,48,0,0,0,0,0,87,3,0,0.3,,1400,,,,,1,,,
CompleteGumtreeMatcher,48,10,48,0,0,0,0,0,104,3,0,0.4,,1400,,,,,1,,,
CompleteGumtreeMatcher,48,10,48,0,0,0,0,0,87,3,0,0.5,,1400,,,,,1,,,
CompleteGumtreeMatcher,48,10,48,0,0,0,0,0,87,3,0,0.6,,1400,,,,,1,,,
CompleteGumtreeMatcher,48,10,48,0,0,0,0,0,104,3,0,0.7,,1400,,,,,1,,,
CompleteGumtreeMatcher,48,10,48,0,0,0,0,0,87,3,0,0.799,,1400,,,,,1,,,
CompleteGumtreeMatcher,48,10,48,0,0,0,0,0,87,3,0,0.899,,1400,,,,,1,,,
CompleteGumtreeMatcher,48,10,48,0,0,0,0,0,104,3,0,0.999,,1400,,,,,1,,,
CompleteGumtreeMatcher,44,8,44,0,0,0,0,0,103,3,0,0.1,,1400,,,,,2,,,
CompleteGumtreeMatcher,44,8,44,0,0,0,0,0,86,3,0,0.2,,1400,,,,,2,,,
CompleteGumtreeMatcher,44,8,44,0,0,0,0,0,86,3,0,0.3,,1400,,,,,2,,,
CompleteGumtreeMatcher,44,8,44,0,0,0,0,0,86,3,0,0.4,,1400,,,,,2,,,
CompleteGumtreeMatcher,44,8,44,0,0,0,0,0,104,3,0,0.5,,1400,,,,,2,,,
CompleteGumtreeMatcher,44,8,44,0,0,0,0,0,87,3,0,0.6,,1400,,,,,2,,,
CompleteGumtreeMatcher,44,8,44,0,0,0,0,0,86,3,0,0.7,,1400,,,,,2,,,
CompleteGumtreeMatcher,44,8,44,0,0,0,0,0,104,3,0,0.799,,1400,,,,,2,,,
CompleteGumtreeMatcher,44,8,44,0,0,0,0,0,86,3,0,0.899,,1400,,,,,2,,,
CompleteGumtreeMatcher,44,8,44,0,0,0,0,0,87,3,0,0.999,,1400,,,,,2,,,
CompleteGumtreeMatcher,38,6,38,0,0,0,0,0,87,3,0,0.1,,1400,,,,,3,,,
CompleteGumtreeMatcher,38,6,38,0,0,0,0,0,104,3,0,0.2,,1400,,,,,3,,,
CompleteGumtreeMatcher,38,6,38,0,0,0,0,0,104,3,0,0.3,,1400,,,,,3,,,
CompleteGumtreeMatcher,38,6,38,0,0,0,0,0,87,3,0,0.4,,1400,,,,,3,,,
CompleteGumtreeMatcher,38,6,38,0,0,0,0,0,87,3,0,0.5,,1400,,,,,3,,,
CompleteGumtreeMatcher,38,6,38,0,0,0,0,0,103,3,0,0.6,,1400,,,,,3,,,
CompleteGumtreeMatcher,38,6,38,0,0,0,0,0,87,3,0,0.7,,1400,,,,,3,,,
CompleteGumtreeMatcher,38,6,38,0,0,0,0,0,87,3,0,0.799,,1400,,,,,3,,,
CompleteGumtreeMatcher,38,6,38,0,0,0,0,0,86,3,0,0.899,,1400,,,,,3,,,
CompleteGumtreeMatcher,38,6,38,0,0,0,0,0,103,3,0,0.999,,1400,,,,,3,,,
CompleteGumtreeMatcher,4,4,2,0,0,2,0,0,86,3,0,0.1,,1400,,,,,4,,,
CompleteGumtreeMatcher,4,4,2,0,0,2,0,0,103,3,0,0.2,,1400,,,,,4,,,
CompleteGumtreeMatcher,4,4,2,0,0,2,0,0,103,3,0,0.3,,1400,,,,,4,,,
CompleteGumtreeMatcher,4,4,2,0,0,2,0,0,87,3,0,0.4,,1400,,,,,4,,,
CompleteGumtreeMatcher,4,4,2,0,0,2,0,0,86,3,0,0.5,,1400,,,,,4,,,
CompleteGumtreeMatcher,4,4,2,0,0,2,0,0,87,3,0,0.6,,1400,,,,,4,,,
CompleteGumtreeMatcher,4,4,2,0,0,2,0,0,87,3,0,0.7,,1400,,,,,4,,,
CompleteGumtreeMatcher,4,4,2,0,0,2,0,0,104,3,0,0.799,,1400,,,,,4,,,
CompleteGumtreeMatcher,4,4,2,0,0,2,0,0,86,3,0,0.899,,1400,,,,,4,,,
CompleteGumtreeMatcher,4,4,2,0,0,2,0,0,87,3,0,0.999,,1400,,,,,4,,,
CompleteGumtreeMatcher,4,4,2,0,0,2,0,0,104,3,0,0.1,,1400,,,,,5,,,
CompleteGumtreeMatcher,4,4,2,0,0,2,0,0,86,3,0,0.2,,1400,,,,,5,,,
CompleteGumtreeMatcher,4,4,2,0,0,2,0,0,104,3,0,0.3,,1400,,,,,5,,,
CompleteGumtreeMatcher,4,4,2,0,0,2,0,0,104,3,0,0.4,,1400,,,,,5,,,
CompleteGumtreeMatcher,4,4,2,0,0,2,0,0,87,3,0,0.5,,1400,,,,,5,,,
CompleteGumtreeMatcher,4,4,2,0,0,2,0,0,86,3,0,0.6,,1400,,,,,5,,,
CompleteGumtreeMatcher,4,4,2,0,0,2,0,0,86,3,0,0.7,,1400,,,,,5,,,
CompleteGumtreeMatcher,4,4,2,0,0,2,0,0,86,3,0,0.799,,1400,,,,,5,,,
CompleteGumtreeMatcher,4,4,2,0,0,2,0,0,86,3,0,0.899,,1400,,,,,5,,,
CompleteGumtreeMatcher,4,4,2,0,0,2,0,0,104,3,0,0.999,,1400,,,,,5,,,
CompleteGumtreeMatcher,48,10,48,0,0,0,0,0,87,3,0,0.1,,1500,,,,,1,,,
CompleteGumtreeMatcher,48,10,48,0,0,0,0,0,104,3,0,0.2,,1500,,,,,1,,,
CompleteGumtreeMatcher,48,10,48,0,0,0,0,0,87,3,0,0.3,,1500,,,,,1,,,
CompleteGumtreeMatcher,48,10,48,0,0,0,0,0,103,3,0,0.4,,1500,,,,,1,,,
CompleteGumtreeMatcher,48,10,48,0,0,0,0,0,103,3,0,0.5,,1500,,,,,1,,,
CompleteGumtreeMatcher,48,10,48,0,0,0,0,0,87,3,0,0.6,,1500,,,,,1,,,
CompleteGumtreeMatcher,48,10,48,0,0,0,0,0,87,3,0,0.7,,1500,,,,,1,,,
CompleteGumtreeMatcher,48,10,48,0,0,0,0,0,87,3,0,0.799,,1500,,,,,1,,,
CompleteGumtreeMatcher,48,10,48,0,0,0,0,0,87,3,0,0.899,,1500,,,,,1,,,
CompleteGumtreeMatcher,48,10,48,0,0,0,0,0,104,3,0,0.999,,1500,,,,,1,,,
CompleteGumtreeMatcher,44,8,44,0,0,0,0,0,86,3,0,0.1,,1500,,,,,2,,,
CompleteGumtreeMatcher,44,8,44,0,0,0,0,0,86,3,0,0.2,,1500,,,,,2,,,
CompleteGumtreeMatcher,44,8,44,0,0,0,0,0,103,3,0,0.3,,1500,,,,,2,,,
CompleteGumtreeMatcher,44,8,44,0,0,0,0,0,87,3,0,0.4,,1500,,,,,2,,,
CompleteGumtreeMatcher,44,8,44,0,0,0,0,0,87,3,0,0.5,,1500,,,,,2,,,
CompleteGumtreeMatcher,44,8,44,0,0,0,0,0,104,3,0,0.6,,1500,,,,,2,,,
CompleteGumtreeMatcher,44,8,44,0,0,0,0,0,103,3,0,0.7,,1500,,,,,2,,,
CompleteGumtreeMatcher,44,8,44,0,0,0,0,0,86,3,0,0.799,,1500,,,,,2,,,
CompleteGumtreeMatcher,44,8,44,0,0,0,0,0,87,3,0,0.899,,1500,,,,,2,,,
CompleteGumtreeMatcher,44,8,44,0,0,0,0,0,87,3,0,0.999,,1500,,,,,2,,,
CompleteGumtreeMatcher,38,6,38,0,0,0,0,0,103,3,0,0.1,,1500,,,,,3,,,
CompleteGumtreeMatcher,38,6,38,0,0,0,0,0,87,3,0,0.2,,1500,,,,,3,,,
CompleteGumtreeMatcher,38,6,38,0,0,0,0,0,86,3,0,0.3,,1500,,,,,3,,,
CompleteGumtreeMatcher,38,6,38,0,0,0,0,0,104,3,0,0.4,,1500,,,,,3,,,
CompleteGumtreeMatcher,38,6,38,0,0,0,0,0,87,3,0,0.5,,1500,,,,,3,,,
CompleteGumtreeMatcher,38,6,38,0,0,0,0,0,87,3,0,0.6,,1500,,,,,3,,,
CompleteGumtreeMatcher,38,6,38,0,0,0,0,0,86,3,0,0.7,,1500,,,,,3,,,
CompleteGumtreeMatcher,38,6,38,0,0,0,0,0,104,3,0,0.799,,1500,,,,,3,,,
CompleteGumtreeMatcher,38,6,38,0,0,0,0,0,104,3,0,0.899,,1500,,,,,3,,,
CompleteGumtreeMatcher,38,6,38,0,0,0,0,0,87,3,0,0.999,,1500,,,,,3,,,
CompleteGumtreeMatcher,4,4,2,0,0,2,0,0,86,3,0,0.1,,1500,,,,,4,,,
CompleteGumtreeMatcher,4,4,2,0,0,2,0,0,104,3,0,0.2,,1500,,,,,4,,,
CompleteGumtreeMatcher,4,4,2,0,0,2,0,0,87,3,0,0.3,,1500,,,,,4,,,
CompleteGumtreeMatcher,4,4,2,0,0,2,0,0,86,3,0,0.4,,1500,,,,,4,,,
CompleteGumtreeMatcher,4,4,2,0,0,2,0,0,86,3,0,0.5,,1500,,,,,4,,,
CompleteGumtreeMatcher,4,4,2,0,0,2,0,0,104,3,0,0.6,,1500,,,,,4,,,
CompleteGumtreeMatcher,4,4,2,0,0,2,0,0,86,3,0,0.7,,1500,,,,,4,,,
CompleteGumtreeMatcher,4,4,2,0,0,2,0,0,103,3,0,0.799,,1500,,,,,4,,,
CompleteGumtreeMatcher,4,4,2,0,0,2,0,0,103,3,0,0.899,,1500,,,,,4,,,
CompleteGumtreeMatcher,4,4,2,0,0,2,0,0,86,3,0,0.999,,1500,,,,,4,,,
CompleteGumtreeMatcher,4,4,2,0,0,2,0,0,86,3,0,0.1,,1500,,,,,5,,,
CompleteGumtreeMatcher,4,4,2,0,0,2,0,0,86,3,0,0.2,,1500,,,,,5,,,
CompleteGumtreeMatcher,4,4,2,0,0,2,0,0,104,3,0,0.3,,1500,,,,,5,,,
CompleteGumtreeMatcher,4,4,2,0,0,2,0,0,86,3,0,0.4,,1500,,,,,5,,,
CompleteGumtreeMatcher,4,4,2,0,0,2,0,0,86,3,0,0.5,,1500,,,,,5,,,
CompleteGumtreeMatcher,4,4,2,0,0,2,0,0,86,3,0,0.6,,1500,,,,,5,,,
CompleteGumtreeMatcher,4,4,2,0,0,2,0,0,103,3,0,0.7,,1500,,,,,5,,,
CompleteGumtreeMatcher,4,4,2,0,0,2,0,0,86,3,0,0.799,,1500,,,,,5,,,
CompleteGumtreeMatcher,4,4,2,0,0,2,0,0,104,3,0,0.899,,1500,,,,,5,,,
CompleteGumtreeMatcher,4,4,2,0,0,2,0,0,104,3,0,0.999,,1500,,,,,5,,,
CompleteGumtreeMatcher,48,10,48,0,0,0,0,0,86,3,0,0.1,,1600,,,,,1,,,
CompleteGumtreeMatcher,48,10,48,0,0,0,0,0,86,3,0,0.2,,1600,,,,,1,,,
CompleteGumtreeMatcher,48,10,48,0,0,0,0,0,87,3,0,0.3,,1600,,,,,1,,,
CompleteGumtreeMatcher,48,10,48,0,0,0,0,0,86,3,0,0.4,,1600,,,,,1,,,
CompleteGumtreeMatcher,48,10,48,0,0,0,0,0,87,3,0,0.5,,1600,,,,,1,,,
CompleteGumtreeMatcher,48,10,48,0,0,0,0,0,104,3,0,0.6,,1600,,,,,1,,,
CompleteGumtreeMatcher,48,10,48,0,0,0,0,0,86,3,0,0.7,,1600,,,,,1,,,
CompleteGumtreeMatcher,48,10,48,0,0,0,0,0,104,3,0,0.799,,1600,,,,,1,,,
CompleteGumtreeMatcher,48,10,48,0,0,0,0,0,87,3,0,0.899,,1600,,,,,1,,,
CompleteGumtreeMatcher,48,10,48,0,0,0,0,0,103,3,0,0.999,,1600,,,,,1,,,
CompleteGumtreeMatcher,44,8,44,0,0,0,0,0,104,3,0,0.1,,1600,,,,,2,,,
CompleteGumtreeMatcher,44,8,44,0,0,0,0,0,86,3,0,0.2,,1600,,,,,2,,,
CompleteGumtreeMatcher,44,8,44,0,0,0,0,0,86,3,0,0.3,,1600,,,,,2,,,
CompleteGumtreeMatcher,44,8,44,0,0,0,0,0,86,3,0,0.4,,1600,,,,,2,,,
CompleteGumtreeMatcher,44,8,44,0,0,0,0,0,86,3,0,0.5,,1600,,,,,2,,,
CompleteGumtreeMatcher,44,8,44,0,0,0,0,0,104,3,0,0.6,,1600,,,,,2,,,
CompleteGumtreeMatcher,44,8,44,0,0,0,0,0,86,3,0,0.7,,1600,,,,,2,,,
CompleteGumtreeMatcher,44,8,44,0,0,0,0,0,86,3,0,0.799,,1600,,,,,2,,,
CompleteGumtreeMatcher,44,8,44,0,0,0,0,0,104,3,0,0.899,,1600,,,,,2,,,
CompleteGumtreeMatcher,44,8,44,0,0,0,0,0,86,3,0,0.999,,1600,,,,,2,,,
CompleteGumtreeMatcher,38,6,38,0,0,0,0,0,86,3,0,0.1,,1600,,,,,3,,,
CompleteGumtreeMatcher,38,6,38,0,0,0,0,0,103,3,0,0.2,,1600,,,,,3,,,
CompleteGumtreeMatcher,38,6,38,0,0,0,0,0,103,3,0,0.3,,1600,,,,,3,,,
CompleteGumtreeMatcher,38,6,38,0,0,0,0,0,87,3,0,0.4,,1600,,,,,3,,,
CompleteGumtreeMatcher,38,6,38,0,0,0,0,0,86,3,0,0.5,,1600,,,,,3,,,
CompleteGumtreeMatcher,38,6,38,0,0,0,0,0,87,3,0,0.6,,1600,,,,,3,,,
CompleteGumtreeMatcher,38,6,38,0,0,0,0,0,104,3,0,0.7,,1600,,,,,3,,,
CompleteGumtreeMatcher,38,6,38,0,0,0,0,0,86,3,0,0.799,,1600,,,,,3,,,
CompleteGumtreeMatcher,38,6,38,0,0,0,0,0,86,3,0,0.899,,1600,,,,,3,,,
CompleteGumtreeMatcher,38,6,38,0,0,0,0,0,104,3,0,0.999,,1600,,,,,3,,,
CompleteGumtreeMatcher,4,4,2,0,0,2,0,0,87,3,0,0.1,,1600,,,,,4,,,
CompleteGumtreeMatcher,4,4,2,0,0,2,0,0,85,3,0,0.2,,1600,,,,,4,,,
CompleteGumtreeMatcher,4,4,2,0,0,2,0,0,86,3,0,0.3,,1600,,,,,4,,,
CompleteGumtreeMatcher,4,4,2,0,0,2,0,0,104,3,0,0.4,,1600,,,,,4,,,
CompleteGumtreeMatcher,4,4,2,0,0,2,0,0,104,3,0,0.5,,1600,,,,,4,,,
CompleteGumtreeMatcher,4,4,2,0,0,2,0,0,86,3,0,0.6,,1600,,,,,4,,,
CompleteGumtreeMatcher,4,4,2,0,0,2,0,0,86,3,0,0.7,,1600,,,,,4,,,
CompleteGumtreeMatcher,4,4,2,0,0,2,0,0,103,3,0,0.799,,1600,,,,,4,,,
CompleteGumtreeMatcher,4,4,2,0,0,2,0,0,87,3,0,0.899,,1600,,,,,4,,,
CompleteGumtreeMatcher,4,4,2,0,0,2,0,0,86,3,0,0.999,,1600,,,,,4,,,
CompleteGumtreeMatcher,4,4,2,0,0,2,0,0,86,3,0,0.1,,1600,,,,,5,,,
CompleteGumtreeMatcher,4,4,2,0,0,2,0,0,103,3,0,0.2,,1600,,,,,5,,,
CompleteGumtreeMatcher,4,4,2,0,0,2,0,0,86,3,0,0.3,,1600,,,,,5,,,
CompleteGumtreeMatcher,4,4,2,0,0,2,0,0,103,3,0,0.4,,1600,,,,,5,,,
CompleteGumtreeMatcher,4,4,2,0,0,2,0,0,104,3,0,0.5,,1600,,,,,5,,,
CompleteGumtreeMatcher,4,4,2,0,0,2,0,0,86,3,0,0.6,,1600,,,,,5,,,
CompleteGumtreeMatcher,4,4,2,0,0,2,0,0,86,3,0,0.7,,1600,,,,,5,,,
CompleteGumtreeMatcher,4,4,2,0,0,2,0,0,86,3,0,0.799,,1600,,,,,5,,,
CompleteGumtreeMatcher,4,4,2,0,0,2,0,0,86,3,0,0.899,,1600,,,,,5,,,
CompleteGumtreeMatcher,4,4,2,0,0,2,0,0,104,3,0,0.999,,1600,,,,,5,,,
CompleteGumtreeMatcher,48,10,48,0,0,0,0,0,87,3,0,0.1,,1700,,,,,1,,,
CompleteGumtreeMatcher,48,10,48,0,0,0,0,0,87,3,0,0.2,,1700,,,,,1,,,
CompleteGumtreeMatcher,48,10,48,0,0,0,0,0,104,3,0,0.3,,1700,,,,,1,,,
CompleteGumtreeMatcher,48,10,48,0,0,0,0,0,86,3,0,0.4,,1700,,,,,1,,,
CompleteGumtreeMatcher,48,10,48,0,0,0,0,0,104,3,0,0.5,,1700,,,,,1,,,
CompleteGumtreeMatcher,48,10,48,0,0,0,0,0,103,3,0,0.6,,1700,,,,,1,,,
CompleteGumtreeMatcher,48,10,48,0,0,0,0,0,86,3,0,0.7,,1700,,,,,1,,,
CompleteGumtreeMatcher,48,10,48,0,0,0,0,0,86,3,0,0.799,,1700,,,,,1,,,
CompleteGumtreeMatcher,48,10,48,0,0,0,0,0,86,3,0,0.899,,1700,,,,,1,,,
CompleteGumtreeMatcher,48,10,48,0,0,0,0,0,86,3,0,0.999,,1700,,,,,1,,,
CompleteGumtreeMatcher,44,8,44,0,0,0,0,0,86,3,0,0.1,,1700,,,,,2,,,
CompleteGumtreeMatcher,44,8,44,0,0,0,0,0,105,3,0,0.2,,1700,,,,,2,,,
CompleteGumtreeMatcher,44,8,44,0,0,0,0,0,87,3,0,0.3,,1700,,,,,2,,,
CompleteGumtreeMatcher,44,8,44,0,0,0,0,0,104,3,0,0.4,,1700,,,,,2,,,
CompleteGumtreeMatcher,44,8,44,0,0,0,0,0,87,3,0,0.5,,1700,,,,,2,,,
CompleteGumtreeMatcher,44,8,44,0,0,0,0,0,104,3,0,0.6,,1700,,,,,2,,,
CompleteGumtreeMatcher,44,8,44,0,0,0,0,0,103,3,0,0.7,,1700,,,,,2,,,
CompleteGumtreeMatcher,44,8,44,0,0,0,0,0,87,3,0,0.799,,1700,,,,,2,,,
CompleteGumtreeMatcher,44,8,44,0,0,0,0,0,87,3,0,0.899,,1700,,,,,2,,,
CompleteGumtreeMatcher,44,8,44,0,0,0,0,0,86,3,0,0.999,,1700,,,,,2,,,
CompleteGumtreeMatcher,38,6,38,0,0,0,0,0,86,3,0,0.1,,1700,,,,,3,,,
CompleteGumtreeMatcher,38,6,38,0,0,0,0,0,103,3,0,0.2,,1700,,,,,3,,,
CompleteGumtreeMatcher,38,6,38,0,0,0,0,0,86,3,0,0.3,,1700,,,,,3,,,
CompleteGumtreeMatcher,38,6,38,0,0,0,0,0,86,3,0,0.4,,1700,,,,,3,,,
CompleteGumtreeMatcher,38,6,38,0,0,0,0,0,104,3,0,0.5,,1700,,,,,3,,,
CompleteGumtreeMatcher,38,6,38,0,0,0,0,0,86,3,0,0.6,,1700,,,,,3,,,
CompleteGumtreeMatcher,38,6,38,0,0,0,0,0,86,3,0,0.7,,1700,,,,,3,,,
CompleteGumtreeMatcher,38,6,38,0,0,0,0,0,104,3,0,0.799,,1700,,,,,3,,,
CompleteGumtreeMatcher,38,6,38,0,0,0,0,0,104,3,0,0.899,,1700,,,,,3,,,
CompleteGumtreeMatcher,38,6,38,0,0,0,0,0,87,3,0,0.999,,1700,,,,,3,,,
CompleteGumtreeMatcher,4,4,2,0,0,2,0,0,86,3,0,0.1,,1700,,,,,4,,,
CompleteGumtreeMatcher,4,4,2,0,0,2,0,0,86,3,0,0.2,,1700,,,,,4,,,
CompleteGumtreeMatcher,4,4,2,0,0,2,0,0,103,3,0,0.3,,1700,,,,,4,,,
CompleteGumtreeMatcher,4,4,2,0,0,2,0,0,86,3,0,0.4,,1700,,,,,4,,,
CompleteGumtreeMatcher,4,4,2,0,0,2,0,0,86,3,0,0.5,,1700,,,,,4,,,
CompleteGumtreeMatcher,4,4,2,0,0,2,0,0,103,3,0,0.6,,1700,,,,,4,,,
CompleteGumtreeMatcher,4,4,2,0,0,2,0,0,86,3,0,0.7,,1700,,,,,4,,,
CompleteGumtreeMatcher,4,4,2,0,0,2,0,0,86,3,0,0.799,,1700,,,,,4,,,
CompleteGumtreeMatcher,4,4,2,0,0,2,0,0,86,3,0,0.899,,1700,,,,,4,,,
CompleteGumtreeMatcher,4,4,2,0,0,2,0,0,103,3,0,0.999,,1700,,,,,4,,,
CompleteGumtreeMatcher,4,4,2,0,0,2,0,0,104,3,0,0.1,,1700,,,,,5,,,
CompleteGumtreeMatcher,4,4,2,0,0,2,0,0,86,3,0,0.2,,1700,,,,,5,,,
CompleteGumtreeMatcher,4,4,2,0,0,2,0,0,86,3,0,0.3,,1700,,,,,5,,,
CompleteGumtreeMatcher,4,4,2,0,0,2,0,0,104,3,0,0.4,,1700,,,,,5,,,
CompleteGumtreeMatcher,4,4,2,0,0,2,0,0,86,3,0,0.5,,1700,,,,,5,,,
CompleteGumtreeMatcher,4,4,2,0,0,2,0,0,86,3,0,0.6,,1700,,,,,5,,,
CompleteGumtreeMatcher,4,4,2,0,0,2,0,0,85,3,0,0.7,,1700,,,,,5,,,
CompleteGumtreeMatcher,4,4,2,0,0,2,0,0,104,3,0,0.799,,1700,,,,,5,,,
CompleteGumtreeMatcher,4,4,2,0,0,2,0,0,86,3,0,0.899,,1700,,,,,5,,,
CompleteGumtreeMatcher,4,4,2,0,0,2,0,0,103,3,0,0.999,,1700,,,,,5,,,
CompleteGumtreeMatcher,48,10,48,0,0,0,0,0,104,3,0,0.1,,1800,,,,,1,,,
CompleteGumtreeMatcher,48,10,48,0,0,0,0,0,87,3,0,0.2,,1800,,,,,1,,,
CompleteGumtreeMatcher,48,10,48,0,0,0,0,0,87,3,0,0.3,,1800,,,,,1,,,
CompleteGumtreeMatcher,48,10,48,0,0,0,0,0,86,3,0,0.4,,1800,,,,,1,,,
CompleteGumtreeMatcher,48,10,48,0,0,0,0,0,87,3,0,0.5,,1800,,,,,1,,,
CompleteGumtreeMatcher,48,10,48,0,0,0,0,0,104,3,0,0.6,,1800,,,,,1,,,
CompleteGumtreeMatcher,48,10,48,0,0,0,0,0,86,3,0,0.7,,1800,,,,,1,,,
CompleteGumtreeMatcher,48,10,48,0,0,0,0,0,86,3,0,0.799,,1800,,,,,1,,,
CompleteGumtreeMatcher,48,10,48,0,0,0,0,0,104,3,0,0.899,,1800,,,,,1,,,
CompleteGumtreeMatcher,48,10,48,0,0,0,0,0,86,3,0,0.999,,1800,,,,,1,,,
CompleteGumtreeMatcher,44,8,44,0,0,0,0,0,104,3,0,0.1,,1800,,,,,2,,,
CompleteGumtreeMatcher,44,8,44,0,0,0,0,0,103,3,0,0.2,,1800,,,,,2,,,
CompleteGumtreeMatcher,44,8,44,0,0,0,0,0,86,3,0,0.3,,1800,,,,,2,,,
CompleteGumtreeMatcher,44,8,44,0,0,0,0,0,87,3,0,0.4,,1800,,,,,2,,,
CompleteGumtreeMatcher,44,8,44,0,0,0,0,0,87,3,0,0.5,,1800,,,,,2,,,
CompleteGumtreeMatcher,44,8,44,0,0,0,0,0,87,3,0,0.6,,1800,,,,,2,,,
CompleteGumtreeMatcher,44,8,44,0,0,0,0,0,86,3,0,0.7,,1800,,,,,2,,,
CompleteGumtreeMatcher,44,8,44,0,0,0,0,0,104,3,0,0.799,,1800,,,,,2,,,
CompleteGumtreeMatcher,44,8,44,0,0,0,0,0,86,3,0,0.899,,1800,,,,,2,,,
CompleteGumtreeMatcher,44,8,44,0,0,0,0,0,103,3,0,0.999,,1800,,,,,2,,,
CompleteGumtreeMatcher,38,6,38,0,0,0,0,0,86,3,0,0.1,,1800,,,,,3,,,
CompleteGumtreeMatcher,38,6,38,0,0,0,0,0,104,3,0,0.2,,1800,,,,,3,,,
CompleteGumtreeMatcher,38,6,38,0,0,0,0,0,104,3,0,0.3,,1800,,,,,3,,,
CompleteGumtreeMatcher,38,6,38,0,0,0,0,0,86,3,0,0.4,,1800,,,,,3,,,
CompleteGumtreeMatcher,38,6,38,0,0,0,0,0,86,3,0,0.5,,1800,,,,,3,,,
CompleteGumtreeMatcher,38,6,38,0,0,0,0,0,86,3,0,0.6,,1800,,,,,3,,,
CompleteGumtreeMatcher,38,6,38,0,0,0,0,0,86,3,0,0.7,,1800,,,,,3,,,
CompleteGumtreeMatcher,38,6,38,0,0,0,0,0,104,3,0,0.799,,1800,,,,,3,,,
CompleteGumtreeMatcher,38,6,38,0,0,0,0,0,87,3,0,0.899,,1800,,,,,3,,,
CompleteGumtreeMatcher,38,6,38,0,0,0,0,0,87,3,0,0.999,,1800,,,,,3,,,
CompleteGumtreeMatcher,4,4,2,0,0,2,0,0,104,3,0,0.1,,1800,,,,,4,,,
CompleteGumtreeMatcher,4,4,2,0,0,2,0,0,87,3,0,0.2,,1800,,,,,4,,,
CompleteGumtreeMatcher,4,4,2,0,0,2,0,0,86,3,0,0.3,,1800,,,,,4,,,
CompleteGumtreeMatcher,4,4,2,0,0,2,0,0,103,3,0,0.4,,1800,,,,,4,,,
CompleteGumtreeMatcher,4,4,2,0,0,2,0,0,104,3,0,0.5,,1800,,,,,4,,,
CompleteGumtreeMatcher,4,4,2,0,0,2,0,0,86,3,0,0.6,,1800,,,,,4,,,
CompleteGumtreeMatcher,4,4,2,0,0,2,0,0,86,3,0,0.7,,1800,,,,,4,,,
CompleteGumtreeMatcher,4,4,2,0,0,2,0,0,86,3,0,0.799,,1800,,,,,4,,,
CompleteGumtreeMatcher,4,4,2,0,0,2,0,0,104,3,0,0.899,,1800,,,,,4,,,
CompleteGumtreeMatcher,4,4,2,0,0,2,0,0,86,3,0,0.999,,1800,,,,,4,,,
CompleteGumtreeMatcher,4,4,2,0,0,2,0,0,86,3,0,0.1,,1800,,,,,5,,,
CompleteGumtreeMatcher,4,4,2,0,0,2,0,0,103,3,0,0.2,,1800,,,,,5,,,
CompleteGumtreeMatcher,4,4,2,0,0,2,0,0,86,3,0,0.3,,1800,,,,,5,,,
CompleteGumtreeMatcher,4,4,2,0,0,2,0,0,86,3,0,0.4,,1800,,,,,5,,,
CompleteGumtreeMatcher,4,4,2,0,0,2,0,0,86,3,0,0.5,,1800,,,,,5,,,
CompleteGumtreeMatcher,4,4,2,0,0,2,0,0,104,3,0,0.6,,1800,,,,,5,,,
CompleteGumtreeMatcher,4,4,2,0,0,2,0,0,103,3,0,0.7,,1800,,,,,5,,,
CompleteGumtreeMatcher,4,4,2,0,0,2,0,0,86,3,0,0.799,,1800,,,,,5,,,
CompleteGumtreeMatcher,4,4,2,0,0,2,0,0,86,3,0,0.899,,1800,,,,,5,,,
CompleteGumtreeMatcher,4,4,2,0,0,2,0,0,104,3,0,0.999,,1800,,,,,5,,,
CompleteGumtreeMatcher,48,10,48,0,0,0,0,0,86,3,0,0.1,,1900,,,,,1,,,
CompleteGumtreeMatcher,48,10,48,0,0,0,0,0,87,3,0,0.2,,1900,,,,,1,,,
CompleteGumtreeMatcher,48,10,48,0,0,0,0,0,86,3,0,0.3,,1900,,,,,1,,,
CompleteGumtreeMatcher,48,10,48,0,0,0,0,0,86,3,0,0.4,,1900,,,,,1,,,
CompleteGumtreeMatcher,48,10,48,0,0,0,0,0,104,3,0,0.5,,1900,,,,,1,,,
CompleteGumtreeMatcher,48,10,48,0,0,0,0,0,104,3,0,0.6,,1900,,,,,1,,,
CompleteGumtreeMatcher,48,10,48,0,0,0,0,0,104,3,0,0.7,,1900,,,,,1,,,
CompleteGumtreeMatcher,48,10,48,0,0,0,0,0,86,3,0,0.799,,1900,,,,,1,,,
CompleteGumtreeMatcher,48,10,48,0,0,0,0,0,87,3,0,0.899,,1900,,,,,1,,,
CompleteGumtreeMatcher,48,10,48,0,0,0,0,0,87,3,0,0.999,,1900,,,,,1,,,
CompleteGumtreeMatcher,44,8,44,0,0,0,0,0,86,3,0,0.1,,1900,,,,,2,,,
CompleteGumtreeMatcher,44,8,44,0,0,0,0,0,104,3,0,0.2,,1900,,,,,2,,,
CompleteGumtreeMatcher,44,8,44,0,0,0,0,0,87,3,0,0.3,,1900,,,,,2,,,
CompleteGumtreeMatcher,44,8,44,0,0,0,0,0,115,3,0,0.4,,1900,,,,,2,,,
CompleteGumtreeMatcher,44,8,44,0,0,0,0,0,104,3,0,0.5,,1900,,,,,2,,,
CompleteGumtreeMatcher,44,8,44,0,0,0,0,0,86,3,0,0.6,,1900,,,,,2,,,
CompleteGumtreeMatcher,44,8,44,0,0,0,0,0,103,3,0,0.7,,1900,,,,,2,,,
CompleteGumtreeMatcher,44,8,44,0,0,0,0,0,104,3,0,0.799,,1900,,,,,2,,,
CompleteGumtreeMatcher,44,8,44,0,0,0,0,0,87,3,0,0.899,,1900,,,,,2,,,
CompleteGumtreeMatcher,44,8,44,0,0,0,0,0,86,3,0,0.999,,1900,,,,,2,,,
CompleteGumtreeMatcher,38,6,38,0,0,0,0,0,87,3,0,0.1,,1900,,,,,3,,,
CompleteGumtreeMatcher,38,6,38,0,0,0,0,0,86,3,0,0.2,,1900,,,,,3,,,
CompleteGumtreeMatcher,38,6,38,0,0,0,0,0,104,3,0,0.3,,1900,,,,,3,,,
CompleteGumtreeMatcher,38,6,38,0,0,0,0,0,167,3,0,0.4,,1900,,,,,3,,,
CompleteGumtreeMatcher,38,6,38,0,0,0,0,0,87,3,0,0.5,,1900,,,,,3,,,
CompleteGumtreeMatcher,38,6,38,0,0,0,0,0,104,3,0,0.6,,1900,,,,,3,,,
CompleteGumtreeMatcher,38,6,38,0,0,0,0,0,86,3,0,0.7,,1900,,,,,3,,,
CompleteGumtreeMatcher,38,6,38,0,0,0,0,0,103,3,0,0.799,,1900,,,,,3,,,
CompleteGumtreeMatcher,38,6,38,0,0,0,0,0,104,3,0,0.899,,1900,,,,,3,,,
CompleteGumtreeMatcher,38,6,38,0,0,0,0,0,86,3,0,0.999,,1900,,,,,3,,,
CompleteGumtreeMatcher,4,4,2,0,0,2,0,0,86,3,0,0.1,,1900,,,,,4,,,
CompleteGumtreeMatcher,4,4,2,0,0,2,0,0,86,3,0,0.2,,1900,,,,,4,,,
CompleteGumtreeMatcher,4,4,2,0,0,2,0,0,103,3,0,0.3,,1900,,,,,4,,,
CompleteGumtreeMatcher,4,4,2,0,0,2,0,0,86,3,0,0.4,,1900,,,,,4,,,
CompleteGumtreeMatcher,4,4,2,0,0,2,0,0,86,3,0,0.5,,1900,,,,,4,,,
CompleteGumtreeMatcher,4,4,2,0,0,2,0,0,104,3,0,0.6,,1900,,,,,4,,,
CompleteGumtreeMatcher,4,4,2,0,0,2,0,0,86,3,0,0.7,,1900,,,,,4,,,
CompleteGumtreeMatcher,4,4,2,0,0,2,0,0,86,3,0,0.799,,1900,,,,,4,,,
CompleteGumtreeMatcher,4,4,2,0,0,2,0,0,104,3,0,0.899,,1900,,,,,4,,,
CompleteGumtreeMatcher,4,4,2,0,0,2,0,0,103,3,0,0.999,,1900,,,,,4,,,
CompleteGumtreeMatcher,4,4,2,0,0,2,0,0,86,3,0,0.1,,1900,,,,,5,,,
CompleteGumtreeMatcher,4,4,2,0,0,2,0,0,166,3,0,0.2,,1900,,,,,5,,,
CompleteGumtreeMatcher,4,4,2,0,0,2,0,0,86,3,0,0.3,,1900,,,,,5,,,
CompleteGumtreeMatcher,4,4,2,0,0,2,0,0,104,3,0,0.4,,1900,,,,,5,,,
CompleteGumtreeMatcher,4,4,2,0,0,2,0,0,86,3,0,0.5,,1900,,,,,5,,,
CompleteGumtreeMatcher,4,4,2,0,0,2,0,0,86,3,0,0.6,,1900,,,,,5,,,
CompleteGumtreeMatcher,4,4,2,0,0,2,0,0,103,3,0,0.7,,1900,,,,,5,,,
CompleteGumtreeMatcher,4,4,2,0,0,2,0,0,86,3,0,0.799,,1900,,,,,5,,,
CompleteGumtreeMatcher,4,4,2,0,0,2,0,0,86,3,0,0.899,,1900,,,,,5,,,
CompleteGumtreeMatcher,4,4,2,0,0,2,0,0,103,3,0,0.999,,1900,,,,,5,,,
CompleteGumtreeMatcher,48,10,48,0,0,0,0,0,104,3,0,0.1,,2000,,,,,1,,,
CompleteGumtreeMatcher,48,10,48,0,0,0,0,0,86,3,0,0.2,,2000,,,,,1,,,
CompleteGumtreeMatcher,48,10,48,0,0,0,0,0,87,3,0,0.3,,2000,,,,,1,,,
CompleteGumtreeMatcher,48,10,48,0,0,0,0,0,104,3,0,0.4,,2000,,,,,1,,,
CompleteGumtreeMatcher,48,10,48,0,0,0,0,0,87,3,0,0.5,,2000,,,,,1,,,
CompleteGumtreeMatcher,48,10,48,0,0,0,0,0,87,3,0,0.6,,2000,,,,,1,,,
CompleteGumtreeMatcher,48,10,48,0,0,0,0,0,86,3,0,0.7,,2000,,,,,1,,,
CompleteGumtreeMatcher,48,10,48,0,0,0,0,0,104,3,0,0.799,,2000,,,,,1,,,
CompleteGumtreeMatcher,48,10,48,0,0,0,0,0,522,3,0,0.899,,2000,,,,,1,,,
CompleteGumtreeMatcher,48,10,48,0,0,0,0,0,103,3,0,0.999,,2000,,,,,1,,,
CompleteGumtreeMatcher,44,8,44,0,0,0,0,0,104,3,0,0.1,,2000,,,,,2,,,
CompleteGumtreeMatcher,44,8,44,0,0,0,0,0,87,3,0,0.2,,2000,,,,,2,,,
CompleteGumtreeMatcher,44,8,44,0,0,0,0,0,86,3,0,0.3,,2000,,,,,2,,,
CompleteGumtreeMatcher,44,8,44,0,0,0,0,0,86,3,0,0.4,,2000,,,,,2,,,
CompleteGumtreeMatcher,44,8,44,0,0,0,0,0,86,3,0,0.5,,2000,,,,,2,,,
CompleteGumtreeMatcher,44,8,44,0,0,0,0,0,104,3,0,0.6,,2000,,,,,2,,,
CompleteGumtreeMatcher,44,8,44,0,0,0,0,0,86,3,0,0.7,,2000,,,,,2,,,
CompleteGumtreeMatcher,44,8,44,0,0,0,0,0,457,3,0,0.799,,2000,,,,,2,,,
CompleteGumtreeMatcher,44,8,44,0,0,0,0,0,439,3,0,0.899,,2000,,,,,2,,,
CompleteGumtreeMatcher,44,8,44,0,0,0,0,0,457,3,0,0.999,,2000,,,,,2,,,
CompleteGumtreeMatcher,38,6,38,0,0,0,0,0,448,3,0,0.1,,2000,,,,,3,,,
CompleteGumtreeMatcher,38,6,38,0,0,0,0,0,440,3,0,0.2,,2000,,,,,3,,,
CompleteGumtreeMatcher,38,6,38,0,0,0,0,0,438,3,0,0.3,,2000,,,,,3,,,
CompleteGumtreeMatcher,38,6,38,0,0,0,0,0,439,3,0,0.4,,2000,,,,,3,,,
CompleteGumtreeMatcher,38,6,38,0,0,0,0,0,439,3,0,0.5,,2000,,,,,3,,,
CompleteGumtreeMatcher,38,6,38,0,0,0,0,0,439,3,0,0.6,,2000,,,,,3,,,
CompleteGumtreeMatcher,38,6,38,0,0,0,0,0,87,3,0,0.7,,2000,,,,,3,,,
CompleteGumtreeMatcher,38,6,38,0,0,0,0,0,87,3,0,0.799,,2000,,,,,3,,,
CompleteGumtreeMatcher,38,6,38,0,0,0,0,0,104,3,0,0.899,,2000,,,,,3,,,
CompleteGumtreeMatcher,38,6,38,0,0,0,0,0,87,3,0,0.999,,2000,,,,,3,,,
CompleteGumtreeMatcher,4,4,2,0,0,2,0,0,86,3,0,0.1,,2000,,,,,4,,,
CompleteGumtreeMatcher,4,4,2,0,0,2,0,0,104,3,0,0.2,,2000,,,,,4,,,
CompleteGumtreeMatcher,4,4,2,0,0,2,0,0,86,3,0,0.3,,2000,,,,,4,,,
CompleteGumtreeMatcher,4,4,2,0,0,2,0,0,86,3,0,0.4,,2000,,,,,4,,,
CompleteGumtreeMatcher,4,4,2,0,0,2,0,0,86,3,0,0.5,,2000,,,,,4,,,
CompleteGumtreeMatcher,4,4,2,0,0,2,0,0,86,3,0,0.6,,2000,,,,,4,,,
CompleteGumtreeMatcher,4,4,2,0,0,2,0,0,86,3,0,0.7,,2000,,,,,4,,,
CompleteGumtreeMatcher,4,4,2,0,0,2,0,0,86,3,0,0.799,,2000,,,,,4,,,
CompleteGumtreeMatcher,4,4,2,0,0,2,0,0,86,3,0,0.899,,2000,,,,,4,,,
CompleteGumtreeMatcher,4,4,2,0,0,2,0,0,86,3,0,0.999,,2000,,,,,4,,,
CompleteGumtreeMatcher,4,4,2,0,0,2,0,0,103,3,0,0.1,,2000,,,,,5,,,
CompleteGumtreeMatcher,4,4,2,0,0,2,0,0,86,3,0,0.2,,2000,,,,,5,,,
CompleteGumtreeMatcher,4,4,2,0,0,2,0,0,86,3,0,0.3,,2000,,,,,5,,,
CompleteGumtreeMatcher,4,4,2,0,0,2,0,0,87,3,0,0.4,,2000,,,,,5,,,
CompleteGumtreeMatcher,4,4,2,0,0,2,0,0,99,3,0,0.5,,2000,,,,,5,,,
CompleteGumtreeMatcher,4,4,2,0,0,2,0,0,86,3,0,0.6,,2000,,,,,5,,,
CompleteGumtreeMatcher,4,4,2,0,0,2,0,0,86,3,0,0.7,,2000,,,,,5,,,
CompleteGumtreeMatcher,4,4,2,0,0,2,0,0,86,3,0,0.799,,2000,,,,,5,,,
CompleteGumtreeMatcher,4,4,2,0,0,2,0,0,86,3,0,0.899,,2000,,,,,5,,,
CompleteGumtreeMatcher,4,4,2,0,0,2,0,0,85,3,0,0.999,,2000,,,,,5,,,
ChangeDistiller,141,134,23,21,47,50,0,0,158,4,0,,,,0.1,2,0.2,0.1,,,,
ChangeDistiller,77,77,10,8,29,30,0,0,89,4,0,,,,0.3,2,0.2,0.1,,,,
ChangeDistiller,41,41,6,4,13,18,0,0,91,4,0,,,,0.5,2,0.2,0.1,,,,
ChangeDistiller,8,8,2,0,2,4,0,0,93,4,0,,,,0.7,2,0.2,0.1,,,,
ChangeDistiller,4,4,2,0,0,2,0,0,44,4,0,,,,0.899,2,0.2,0.1,,,,
ChangeDistiller,149,134,26,24,47,52,0,0,245,4,0,,,,0.1,2,0.4,0.1,,,,
ChangeDistiller,80,80,11,9,29,31,0,0,158,4,0,,,,0.3,2,0.4,0.1,,,,
ChangeDistiller,41,41,6,4,13,18,0,0,88,4,0,,,,0.5,2,0.4,0.1,,,,
ChangeDistiller,8,8,2,0,2,4,0,0,65,4,0,,,,0.7,2,0.4,0.1,,,,
ChangeDistiller,4,4,2,0,0,2,0,0,76,4,0,,,,0.899,2,0.4,0.1,,,,
ChangeDistiller,158,139,29,27,47,55,0,0,262,4,0,,,,0.1,2,0.6,0.1,,,,
ChangeDistiller,84,82,12,10,29,33,0,0,158,4,0,,,,0.3,2,0.6,0.1,,,,
ChangeDistiller,41,41,6,4,13,18,0,0,76,4,0,,,,0.5,2,0.6,0.1,,,,
ChangeDistiller,8,8,2,0,2,4,0,0,96,4,0,,,,0.7,2,0.6,0.1,,,,
ChangeDistiller,4,4,2,0,0,2,0,0,44,4,0,,,,0.899,2,0.6,0.1,,,,
ChangeDistiller,225,170,42,40,48,95,0,0,255,4,0,,,,0.1,2,0.8,0.1,,,,
ChangeDistiller,96,92,15,13,29,39,0,0,183,4,0,,,,0.3,2,0.8,0.1,,,,
ChangeDistiller,57,53,10,8,14,25,0,0,137,4,0,,,,0.5,2,0.8,0.1,,,,
ChangeDistiller,8,8,2,0,2,4,0,0,49,4,0,,,,0.7,2,0.8,0.1,,,,
ChangeDistiller,4,4,2,0,0,2,0,0,62,4,0,,,,0.899,2,0.8,0.1,,,,
ChangeDistiller,254,166,50,45,49,110,0,0,320,4,0,,,,0.1,2,1.0,0.1,,,,
ChangeDistiller,173,124,29,26,30,88,0,0,86,4,0,,,,0.3,2,1.0,0.1,,,,
ChangeDistiller,132,97,22,19,14,77,0,0,137,4,0,,,,0.5,2,1.0,0.1,,,,
ChangeDistiller,56,46,8,6,3,39,0,0,49,4,0,,,,0.7,2,1.0,0.1,,,,
ChangeDistiller,49,41,7,5,0,37,0,0,92,4,0,,,,0.899,2,1.0,0.1,,,,
ChangeDistiller,141,134,23,21,47,50,0,0,159,4,0,,,,0.1,4,0.2,0.1,,,,
ChangeDistiller,77,77,10,8,29,30,0,0,184,4,0,,,,0.3,4,0.2,0.1,,,,
ChangeDistiller,41,41,6,4,13,18,0,0,73,4,0,,,,0.5,4,0.2,0.1,,,,
ChangeDistiller,8,8,2,0,2,4,0,0,48,4,0,,,,0.7,4,0.2,0.1,,,,
ChangeDistiller,4,4,2,0,0,2,0,0,76,4,0,,,,0.899,4,0.2,0.1,,,,
ChangeDistiller,144,133,24,22,47,51,0,0,320,4,0,,,,0.1,4,0.4,0.1,,,,
ChangeDistiller,77,77,10,8,29,30,0,0,85,4,0,,,,0.3,4,0.4,0.1,,,,
ChangeDistiller,41,41,6,4,13,18,0,0,153,4,0,,,,0.5,4,0.4,0.1,,,,
ChangeDistiller,8,8,2,0,2,4,0,0,52,4,0,,,,0.7,4,0.4,0.1,,,,
ChangeDistiller,4,4,2,0,0,2,0,0,92,4,0,,,,0.899,4,0.4,0.1,,,,
ChangeDistiller,144,133,24,22,47,51,0,0,240,4,0,,,,0.1,4,0.6,0.1,,,,
ChangeDistiller,77,77,10,8,29,30,0,0,93,4,0,,,,0.3,4,0.6,0.1,,,,
ChangeDistiller,41,41,6,4,13,18,0,0,153,4,0,,,,0.5,4,0.6,0.1,,,,
ChangeDistiller,8,8,2,0,2,4,0,0,49,4,0,,,,0.7,4,0.6,0.1,,,,
ChangeDistiller,4,4,2,0,0,2,0,0,44,4,0,,,,0.899,4,0.6,0.1,,,,
ChangeDistiller,204,166,35,33,47,89,0,0,239,4,0,,,,0.1,4,0.8,0.1,,,,
ChangeDistiller,88,88,12,10,29,37,0,0,201,4,0,,,,0.3,4,0.8,0.1,,,,
ChangeDistiller,41,41,6,4,13,18,0,0,73,4,0,,,,0.5,4,0.8,0.1,,,,
ChangeDistiller,8,8,2,0,2,4,0,0,49,4,0,,,,0.7,4,0.8,0.1,,,,
ChangeDistiller,4,4,2,0,0,2,0,0,92,4,0,,,,0.899,4,0.8,0.1,,,,
ChangeDistiller,233,167,42,34,48,109,0,0,176,4,0,,,,0.1,4,1.0,0.1,,,,
ChangeDistiller,163,122,25,22,29,87,0,0,167,4,0,,,,0.3,4,1.0,0.1,,,,
ChangeDistiller,123,94,19,16,13,75,0,0,73,4,0,,,,0.5,4,1.0,0.1,,,,
ChangeDistiller,53,45,7,5,2,39,0,0,49,4,0,,,,0.7,4,1.0,0.1,,,,
ChangeDistiller,49,41,7,5,0,37,0,0,93,4,0,,,,0.899,4,1.0,0.1,,,,
ChangeDistiller,141,135,22,20,48,51,0,0,320,4,0,,,,0.1,6,0.2,0.1,,,,
ChangeDistiller,77,77,9,7,30,31,0,0,84,4,0,,,,0.3,6,0.2,0.1,,,,
ChangeDistiller,41,41,5,3,14,19,0,0,72,4,0,,,,0.5,6,0.2,0.1,,,,
ChangeDistiller,8,8,2,0,2,4,0,0,48,4,0,,,,0.7,6,0.2,0.1,,,,
ChangeDistiller,4,4,2,0,0,2,0,0,92,4,0,,,,0.899,6,0.2,0.1,,,,
ChangeDistiller,141,135,22,20,48,51,0,0,316,4,0,,,,0.1,6,0.4,0.1,,,,
ChangeDistiller,77,77,9,7,30,31,0,0,193,4,0,,,,0.3,6,0.4,0.1,,,,
ChangeDistiller,41,41,5,3,14,19,0,0,108,4,0,,,,0.5,6,0.4,0.1,,,,
ChangeDistiller,8,8,2,0,2,4,0,0,49,4,0,,,,0.7,6,0.4,0.1,,,,
ChangeDistiller,4,4,2,0,0,2,0,0,93,4,0,,,,0.899,6,0.4,0.1,,,,
ChangeDistiller,141,135,22,20,48,51,0,0,158,4,0,,,,0.1,6,0.6,0.1,,,,
ChangeDistiller,77,77,9,7,30,31,0,0,166,4,0,,,,0.3,6,0.6,0.1,,,,
ChangeDistiller,41,41,5,3,14,19,0,0,105,4,0,,,,0.5,6,0.6,0.1,,,,
ChangeDistiller,8,8,2,0,2,4,0,0,48,4,0,,,,0.7,6,0.6,0.1,,,,
ChangeDistiller,4,4,2,0,0,2,0,0,76,4,0,,,,0.899,6,0.6,0.1,,,,
ChangeDistiller,189,163,30,28,48,83,0,0,239,4,0,,,,0.1,6,0.8,0.1,,,,
ChangeDistiller,83,83,10,8,30,35,0,0,102,4,0,,,,0.3,6,0.8,0.1,,,,
ChangeDistiller,41,41,5,3,14,19,0,0,80,4,0,,,,0.5,6,0.8,0.1,,,,
ChangeDistiller,8,8,2,0,2,4,0,0,48,4,0,,,,0.7,6,0.8,0.1,,,,
ChangeDistiller,4,4,2,0,0,2,0,0,93,4,0,,,,0.899,6,0.8,0.1,,,,
ChangeDistiller,211,161,36,25,48,102,0,0,159,4,0,,,,0.1,6,1.0,0.1,,,,
ChangeDistiller,159,121,23,20,30,86,0,0,87,4,0,,,,0.3,6,1.0,0.1,,,,
ChangeDistiller,119,93,17,14,14,74,0,0,153,4,0,,,,0.5,6,1.0,0.1,,,,
ChangeDistiller,53,45,7,5,2,39,0,0,124,4,0,,,,0.7,6,1.0,0.1,,,,
ChangeDistiller,49,41,7,5,0,37,0,0,48,4,0,,,,0.899,6,1.0,0.1,,,,
ChangeDistiller,136,128,23,21,46,46,0,0,252,4,0,,,,0.1,2,0.2,0.3,,,,
ChangeDistiller,72,72,10,8,28,26,0,0,178,4,0,,,,0.3,2,0.2,0.3,,,,
ChangeDistiller,36,36,6,4,12,14,0,0,79,4,0,,,,0.5,2,0.2,0.3,,,,
ChangeDistiller,8,8,2,0,2,4,0,0,97,4,0,,,,0.7,2,0.2,0.3,,,,
ChangeDistiller,4,4,2,0,0,2,0,0,44,4,0,,,,0.899,2,0.2,0.3,,,,
ChangeDistiller,145,131,26,24,46,49,0,0,208,4,0,,,,0.1,2,0.4,0.3,,,,
ChangeDistiller,75,75,11,9,28,27,0,0,85,4,0,,,,0.3,2,0.4,0.3,,,,
ChangeDistiller,36,36,6,4,12,14,0,0,177,4,0,,,,0.5,2,0.4,0.3,,,,
ChangeDistiller,8,8,2,0,2,4,0,0,82,4,0,,,,0.7,2,0.4,0.3,,,,
ChangeDistiller,4,4,2,0,0,2,0,0,44,4,0,,,,0.899,2,0.4,0.3,,,,
ChangeDistiller,158,138,30,28,46,54,0,0,321,4,0,,,,0.1,2,0.6,0.3,,,,
ChangeDistiller,79,77,12,10,28,29,0,0,118,4,0,,,,0.3,2,0.6,0.3,,,,
ChangeDistiller,36,36,6,4,12,14,0,0,153,4,0,,,,0.5,2,0.6,0.3,,,,
ChangeDistiller,8,8,2,0,2,4,0,0,48,4,0,,,,0.7,2,0.6,0.3,,,,
ChangeDistiller,4,4,2,0,0,2,0,0,44,4,0,,,,0.899,2,0.6,0.3,,,,
ChangeDistiller,223,167,43,41,46,93,0,0,204,4,0,,,,0.1,2,0.8,0.3,,,,
ChangeDistiller,96,92,16,14,28,38,0,0,102,4,0,,,,0.3,2,0.8,0.3,,,,
ChangeDistiller,55,51,11,9,12,23,0,0,72,4,0,,,,0.5,2,0.8,0.3,,,,
ChangeDistiller,8,8,2,0,2,4,0,0,49,4,0,,,,0.7,2,0.8,0.3,,,,
ChangeDistiller,4,4,2,0,0,2,0,0,76,4,0,,,,0.899,2,0.8,0.3,,,,
ChangeDistiller,251,161,51,46,46,108,0,0,325,4,0,,,,0.1,2,1.0,0.3,,,,
ChangeDistiller,171,121,30,26,28,87,0,0,87,4,0,,,,0.3,2,1.0,0.3,,,,
ChangeDistiller,130,94,23,19,12,76,0,0,73,4,0,,,,0.5,2,1.0,0.3,,,,
ChangeDistiller,55,45,8,6,2,39,0,0,101,4,0,,,,0.7,2,1.0,0.3,,,,
ChangeDistiller,49,41,7,5,0,37,0,0,92,4,0,,,,0.899,2,1.0,0.3,,,,
ChangeDistiller,136,128,23,21,46,46,0,0,207,4,0,,,,0.1,4,0.2,0.3,,,,
ChangeDistiller,72,72,10,8,28,26,0,0,86,4,0,,,,0.3,4,0.2,0.3,,,,
ChangeDistiller,36,36,6,4,12,14,0,0,72,4,0,,,,0.5,4,0.2,0.3,,,,
ChangeDistiller,8,8,2,0,2,4,0,0,48,4,0,,,,0.7,4,0.2,0.3,,,,
ChangeDistiller,4,4,2,0,0,2,0,0,44,4,0,,,,0.899,4,0.2,0.3,,,,
ChangeDistiller,139,127,24,22,46,47,0,0,321,4,0,,,,0.1,4,0.4,0.3,,,,
ChangeDistiller,72,72,10,8,28,26,0,0,193,4,0,,,,0.3,4,0.4,0.3,,,,
ChangeDistiller,36,36,6,4,12,14,0,0,72,4,0,,,,0.5,4,0.4,0.3,,,,
ChangeDistiller,8,8,2,0,2,4,0,0,52,4,0,,,,0.7,4,0.4,0.3,,,,
ChangeDistiller,4,4,2,0,0,2,0,0,77,4,0,,,,0.899,4,0.4,0.3,,,,
ChangeDistiller,139,127,24,22,46,47,0,0,158,4,0,,,,0.1,4,0.6,0.3,,,,
ChangeDistiller,72,72,10,8,28,26,0,0,86,4,0,,,,0.3,4,0.6,0.3,,,,
ChangeDistiller,36,36,6,4,12,14,0,0,109,4,0,,,,0.5,4,0.6,0.3,,,,
ChangeDistiller,8,8,2,0,2,4,0,0,97,4,0,,,,0.7,4,0.6,0.3,,,,
ChangeDistiller,4,4,2,0,0,2,0,0,44,4,0,,,,0.899,4,0.6,0.3,,,,
ChangeDistiller,204,164,36,34,46,88,0,0,256,4,0,,,,0.1,4,0.8,0.3,,,,
ChangeDistiller,83,83,12,10,28,33,0,0,85,4,0,,,,0.3,4,0.8,0.3,,,,
ChangeDistiller,36,36,6,4,12,14,0,0,149,4,0,,,,0.5,4,0.8,0.3,,,,
ChangeDistiller,8,8,2,0,2,4,0,0,49,4,0,,,,0.7,4,0.8,0.3,,,,
ChangeDistiller,4,4,2,0,0,2,0,0,93,4,0,,,,0.899,4,0.8,0.3,,,,
ChangeDistiller,230,161,43,35,46,106,0,0,203,4,0,,,,0.1,4,1.0,0.3,,,,
ChangeDistiller,162,120,26,22,28,86,0,0,86,4,0,,,,0.3,4,1.0,0.3,,,,
ChangeDistiller,122,92,20,16,12,74,0,0,73,4,0,,,,0.5,4,1.0,0.3,,,,
ChangeDistiller,53,45,7,5,2,39,0,0,98,4,0,,,,0.7,4,1.0,0.3,,,,
ChangeDistiller,49,41,7,5,0,37,0,0,45,4,0,,,,0.899,4,1.0,0.3,,,,
ChangeDistiller,139,127,24,22,46,47,0,0,376,4,0,,,,0.1,6,0.2,0.3,,,,
ChangeDistiller,72,72,10,8,28,26,0,0,85,4,0,,,,0.3,6,0.2,0.3,,,,
ChangeDistiller,36,36,6,4,12,14,0,0,72,4,0,,,,0.5,6,0.2,0.3,,,,
ChangeDistiller,8,8,2,0,2,4,0,0,97,4,0,,,,0.7,6,0.2,0.3,,,,
ChangeDistiller,4,4,2,0,0,2,0,0,44,4,0,,,,0.899,6,0.2,0.3,,,,
ChangeDistiller,139,127,24,22,46,47,0,0,311,4,0,,,,0.1,6,0.4,0.3,,,,
ChangeDistiller,72,72,10,8,28,26,0,0,166,4,0,,,,0.3,6,0.4,0.3,,,,
ChangeDistiller,36,36,6,4,12,14,0,0,72,4,0,,,,0.5,6,0.4,0.3,,,,
ChangeDistiller,8,8,2,0,2,4,0,0,97,4,0,,,,0.7,6,0.4,0.3,,,,
ChangeDistiller,4,4,2,0,0,2,0,0,44,4,0,,,,0.899,6,0.4,0.3,,,,
ChangeDistiller,139,127,24,22,46,47,0,0,159,4,0,,,,0.1,6,0.6,0.3,,,,
ChangeDistiller,72,72,10,8,28,26,0,0,101,4,0,,,,0.3,6,0.6,0.3,,,,
ChangeDistiller,36,36,6,4,12,14,0,0,153,4,0,,,,0.5,6,0.6,0.3,,,,
ChangeDistiller,8,8,2,0,2,4,0,0,49,4,0,,,,0.7,6,0.6,0.3,,,,
ChangeDistiller,4,4,2,0,0,2,0,0,49,4,0,,,,0.899,6,0.6,0.3,,,,
ChangeDistiller,187,153,32,30,46,79,0,0,158,4,0,,,,0.1,6,0.8,0.3,,,,
ChangeDistiller,78,78,11,9,28,30,0,0,166,4,0,,,,0.3,6,0.8,0.3,,,,
ChangeDistiller,36,36,6,4,12,14,0,0,73,4,0,,,,0.5,6,0.8,0.3,,,,
ChangeDistiller,8,8,2,0,2,4,0,0,52,4,0,,,,0.7,6,0.8,0.3,,,,
ChangeDistiller,4,4,2,0,0,2,0,0,93,4,0,,,,0.899,6,0.8,0.3,,,,
ChangeDistiller,212,153,38,30,46,98,0,0,321,4,0,,,,0.1,6,1.0,0.3,,,,
ChangeDistiller,154,116,24,20,28,82,0,0,145,4,0,,,,0.3,6,1.0,0.3,,,,
ChangeDistiller,114,88,18,14,12,70,0,0,73,4,0,,,,0.5,6,1.0,0.3,,,,
ChangeDistiller,53,45,7,5,2,39,0,0,49,4,0,,,,0.7,6,1.0,0.3,,,,
ChangeDistiller,49,41,7,5,0,37,0,0,77,4,0,,,,0.899,6,1.0,0.3,,,,
ChangeDistiller,141,129,25,23,46,47,0,0,158,4,0,,,,0.1,2,0.2,0.5,,,,
ChangeDistiller,75,73,11,9,28,27,0,0,85,4,0,,,,0.3,2,0.2,0.5,,,,
ChangeDistiller,39,37,7,5,12,15,0,0,104,4,0,,,,0.5,2,0.2,0.5,,,,
ChangeDistiller,8,8,2,0,2,4,0,0,49,4,0,,,,0.7,2,0.2,0.5,,,,
ChangeDistiller,4,4,2,0,0,2,0,0,76,4,0,,,,0.899,2,0.2,0.5,,,,
ChangeDistiller,150,132,28,26,46,50,0,0,320,4,0,,,,0.1,2,0.4,0.5,,,,
ChangeDistiller,78,76,12,10,28,28,0,0,183,4,0,,,,0.3,2,0.4,0.5,,,,
ChangeDistiller,39,37,7,5,12,15,0,0,72,4,0,,,,0.5,2,0.4,0.5,,,,
ChangeDistiller,8,8,2,0,2,4,0,0,64,4,0,,,,0.7,2,0.4,0.5,,,,
ChangeDistiller,4,4,2,0,0,2,0,0,44,4,0,,,,0.899,2,0.4,0.5,,,,
ChangeDistiller,174,144,35,33,46,60,0,0,267,4,0,,,,0.1,2,0.6,0.5,,,,
ChangeDistiller,82,78,13,11,28,30,0,0,118,4,0,,,,0.3,2,0.6,0.5,,,,
ChangeDistiller,39,37,7,5,12,15,0,0,121,4,0,,,,0.5,2,0.6,0.5,,,,
ChangeDistiller,8,8,2,0,2,4,0,0,49,4,0,,,,0.7,2,0.6,0.5,,,,
ChangeDistiller,4,4,2,0,0,2,0,0,44,4,0,,,,0.899,2,0.6,0.5,,,,
ChangeDistiller,227,165,45,43,46,93,0,0,176,4,0,,,,0.1,2,0.8,0.5,,,,
ChangeDistiller,99,93,17,15,28,39,0,0,86,4,0,,,,0.3,2,0.8,0.5,,,,
ChangeDistiller,58,52,12,10,12,24,0,0,73,4,0,,,,0.5,2,0.8,0.5,,,,
ChangeDistiller,8,8,2,0,2,4,0,0,49,4,0,,,,0.7,2,0.8,0.5,,,,
ChangeDistiller,4,4,2,0,0,2,0,0,61,4,0,,,,0.899,2,0.8,0.5,,,,
ChangeDistiller,256,160,53,49,46,108,0,0,160,4,0,,,,0.1,2,1.0,0.5,,,,
ChangeDistiller,174,120,31,28,28,87,0,0,176,4,0,,,,0.3,2,1.0,0.5,,,,
ChangeDistiller,133,93,24,21,12,76,0,0,138,4,0,,,,0.5,2,1.0,0.5,,,,
ChangeDistiller,55,45,8,6,2,39,0,0,97,4,0,,,,0.7,2,1.0,0.5,,,,
ChangeDistiller,49,41,7,5,0,37,0,0,44,4,0,,,,0.899,2,1.0,0.5,,,,
ChangeDistiller,153,135,29,27,46,51,0,0,159,4,0,,,,0.1,4,0.2,0.5,,,,
ChangeDistiller,78,76,12,10,28,28,0,0,150,4,0,,,,0.3,4,0.2,0.5,,,,
ChangeDistiller,39,37,7,5,12,15,0,0,72,4,0,,,,0.5,4,0.2,0.5,,,,
ChangeDistiller,8,8,2,0,2,4,0,0,49,4,0,,,,0.7,4,0.2,0.5,,,,
ChangeDistiller,4,4,2,0,0,2,0,0,93,4,0,,,,0.899,4,0.2,0.5,,,,
ChangeDistiller,156,134,30,28,46,52,0,0,231,4,0,,,,0.1,4,0.4,0.5,,,,
ChangeDistiller,78,76,12,10,28,28,0,0,86,4,0,,,,0.3,4,0.4,0.5,,,,
ChangeDistiller,39,37,7,5,12,15,0,0,72,4,0,,,,0.5,4,0.4,0.5,,,,
ChangeDistiller,8,8,2,0,2,4,0,0,98,4,0,,,,0.7,4,0.4,0.5,,,,
ChangeDistiller,4,4,2,0,0,2,0,0,92,4,0,,,,0.899,4,0.4,0.5,,,,
ChangeDistiller,171,141,34,32,46,59,0,0,159,4,0,,,,0.1,4,0.6,0.5,,,,
ChangeDistiller,82,78,13,11,28,30,0,0,186,4,0,,,,0.3,4,0.6,0.5,,,,
ChangeDistiller,39,37,7,5,12,15,0,0,73,4,0,,,,0.5,4,0.6,0.5,,,,
ChangeDistiller,8,8,2,0,2,4,0,0,97,4,0,,,,0.7,4,0.6,0.5,,,,
ChangeDistiller,4,4,2,0,0,2,0,0,44,4,0,,,,0.899,4,0.6,0.5,,,,
ChangeDistiller,217,159,42,40,46,89,0,0,208,4,0,,,,0.1,4,0.8,0.5,,,,
ChangeDistiller,88,84,14,12,28,34,0,0,86,4,0,,,,0.3,4,0.8,0.5,,,,
ChangeDistiller,39,37,7,5,12,15,0,0,153,4,0,,,,0.5,4,0.8,0.5,,,,
ChangeDistiller,8,8,2,0,2,4,0,0,97,4,0,,,,0.7,4,0.8,0.5,,,,
ChangeDistiller,4,4,2,0,0,2,0,0,44,4,0,,,,0.899,4,0.8,0.5,,,,
ChangeDistiller,247,159,49,45,46,107,0,0,159,4,0,,,,0.1,4,1.0,0.5,,,,
ChangeDistiller,167,119,28,25,28,86,0,0,86,4,0,,,,0.3,4,1.0,0.5,,,,
ChangeDistiller,125,91,21,18,12,74,0,0,154,4,0,,,,0.5,4,1.0,0.5,,,,
ChangeDistiller,53,45,7,5,2,39,0,0,49,4,0,,,,0.7,4,1.0,0.5,,,,
ChangeDistiller,49,41,7,5,0,37,0,0,45,4,0,,,,0.899,4,1.0,0.5,,,,
ChangeDistiller,156,134,30,28,46,52,0,0,320,4,0,,,,0.1,6,0.2,0.5,,,,
ChangeDistiller,78,76,12,10,28,28,0,0,86,4,0,,,,0.3,6,0.2,0.5,,,,
ChangeDistiller,39,37,7,5,12,15,0,0,123,4,0,,,,0.5,6,0.2,0.5,,,,
ChangeDistiller,8,8,2,0,2,4,0,0,49,4,0,,,,0.7,6,0.2,0.5,,,,
ChangeDistiller,4,4,2,0,0,2,0,0,94,4,0,,,,0.899,6,0.2,0.5,,,,
ChangeDistiller,156,134,30,28,46,52,0,0,158,4,0,,,,0.1,6,0.4,0.5,,,,
ChangeDistiller,78,76,12,10,28,28,0,0,166,4,0,,,,0.3,6,0.4,0.5,,,,
ChangeDistiller,39,37,7,5,12,15,0,0,73,4,0,,,,0.5,6,0.4,0.5,,,,
ChangeDistiller,8,8,2,0,2,4,0,0,48,4,0,,,,0.7,6,0.4,0.5,,,,
ChangeDistiller,4,4,2,0,0,2,0,0,76,4,0,,,,0.899,6,0.4,0.5,,,,
ChangeDistiller,156,134,30,28,46,52,0,0,159,4,0,,,,0.1,6,0.6,0.5,,,,
ChangeDistiller,78,76,12,10,28,28,0,0,187,4,0,,,,0.3,6,0.6,0.5,,,,
ChangeDistiller,39,37,7,5,12,15,0,0,73,4,0,,,,0.5,6,0.6,0.5,,,,
ChangeDistiller,8,8,2,0,2,4,0,0,64,4,0,,,,0.7,6,0.6,0.5,,,,
ChangeDistiller,4,4,2,0,0,2,0,0,62,4,0,,,,0.899,6,0.6,0.5,,,,
ChangeDistiller,210,164,39,37,46,88,0,0,159,4,0,,,,0.1,6,0.8,0.5,,,,
ChangeDistiller,84,82,13,11,28,32,0,0,150,4,0,,,,0.3,6,0.8,0.5,,,,
ChangeDistiller,39,37,7,5,12,15,0,0,105,4,0,,,,0.5,6,0.8,0.5,,,,
ChangeDistiller,8,8,2,0,2,4,0,0,49,4,0,,,,0.7,6,0.8,0.5,,,,
ChangeDistiller,4,4,2,0,0,2,0,0,45,4,0,,,,0.899,6,0.8,0.5,,,,
ChangeDistiller,224,157,44,32,46,102,0,0,248,4,0,,,,0.1,6,1.0,0.5,,,,
ChangeDistiller,159,117,26,22,28,83,0,0,183,4,0,,,,0.3,6,1.0,0.5,,,,
ChangeDistiller,117,87,19,16,12,70,0,0,71,4,0,,,,0.5,6,1.0,0.5,,,,
ChangeDistiller,53,45,7,5,2,39,0,0,49,4,0,,,,0.7,6,1.0,0.5,,,,
ChangeDistiller,49,41,7,5,0,37,0,0,44,4,0,,,,0.899,6,1.0,0.5,,,,
ChangeDistiller,179,157,38,36,46,59,0,0,159,4,0,,,,0.1,2,0.2,0.7,,,,
ChangeDistiller,93,89,17,15,28,33,0,0,170,4,0,,,,0.3,2,0.2,0.7,,,,
ChangeDistiller,54,50,12,10,12,20,0,0,73,4,0,,,,0.5,2,0.2,0.7,,,,
ChangeDistiller,11,11,3,1,2,5,0,0,49,4,0,,,,0.7,2,0.2,0.7,,,,
ChangeDistiller,4,4,2,0,0,2,0,0,44,4,0,,,,0.899,2,0.2,0.7,,,,
ChangeDistiller,191,157,43,41,46,61,0,0,329,4,0,,,,0.1,2,0.4,0.7,,,,
ChangeDistiller,96,92,18,16,28,34,0,0,182,4,0,,,,0.3,2,0.4,0.7,,,,
ChangeDistiller,54,50,12,10,12,20,0,0,73,4,0,,,,0.5,2,0.4,0.7,,,,
ChangeDistiller,11,11,3,1,2,5,0,0,48,4,0,,,,0.7,2,0.4,0.7,,,,
ChangeDistiller,4,4,2,0,0,2,0,0,44,4,0,,,,0.899,2,0.4,0.7,,,,
ChangeDistiller,217,157,50,48,46,73,0,0,159,4,0,,,,0.1,2,0.6,0.7,,,,
ChangeDistiller,102,94,20,18,28,36,0,0,85,4,0,,,,0.3,2,0.6,0.7,,,,
ChangeDistiller,56,50,13,11,12,20,0,0,137,4,0,,,,0.5,2,0.6,0.7,,,,
ChangeDistiller,11,11,3,1,2,5,0,0,64,4,0,,,,0.7,2,0.6,0.7,,,,
ChangeDistiller,4,4,2,0,0,2,0,0,45,4,0,,,,0.899,2,0.6,0.7,,,,
ChangeDistiller,257,165,58,56,46,97,0,0,159,4,0,,,,0.1,2,0.8,0.7,,,,
ChangeDistiller,127,107,25,23,28,51,0,0,136,4,0,,,,0.3,2,0.8,0.7,,,,
ChangeDistiller,72,62,17,15,12,28,0,0,72,4,0,,,,0.5,2,0.8,0.7,,,,
ChangeDistiller,11,11,3,1,2,5,0,0,49,4,0,,,,0.7,2,0.8,0.7,,,,
ChangeDistiller,4,4,2,0,0,2,0,0,76,4,0,,,,0.899,2,0.8,0.7,,,,
ChangeDistiller,282,158,65,63,46,108,0,0,160,4,0,,,,0.1,2,1.0,0.7,,,,
ChangeDistiller,187,119,37,35,28,87,0,0,167,4,0,,,,0.3,2,1.0,0.7,,,,
ChangeDistiller,144,92,29,27,12,76,0,0,106,4,0,,,,0.5,2,1.0,0.7,,,,
ChangeDistiller,57,45,9,7,2,39,0,0,49,4,0,,,,0.7,2,1.0,0.7,,,,
ChangeDistiller,49,41,7,5,0,37,0,0,93,4,0,,,,0.899,2,1.0,0.7,,,,
ChangeDistiller,195,161,44,42,46,63,0,0,160,4,0,,,,0.1,4,0.2,0.7,,,,
ChangeDistiller,102,96,20,18,28,36,0,0,182,4,0,,,,0.3,4,0.2,0.7,,,,
ChangeDistiller,64,58,15,13,12,24,0,0,72,4,0,,,,0.5,4,0.2,0.7,,,,
ChangeDistiller,11,11,3,1,2,5,0,0,84,4,0,,,,0.7,4,0.2,0.7,,,,
ChangeDistiller,4,4,2,0,0,2,0,0,44,4,0,,,,0.899,4,0.2,0.7,,,,
ChangeDistiller,195,161,44,42,46,63,0,0,175,4,0,,,,0.1,4,0.4,0.7,,,,
ChangeDistiller,102,96,20,18,28,36,0,0,166,4,0,,,,0.3,4,0.4,0.7,,,,
ChangeDistiller,64,58,15,13,12,24,0,0,72,4,0,,,,0.5,4,0.4,0.7,,,,
ChangeDistiller,11,11,3,1,2,5,0,0,113,4,0,,,,0.7,4,0.4,0.7,,,,
ChangeDistiller,4,4,2,0,0,2,0,0,44,4,0,,,,0.899,4,0.4,0.7,,,,
ChangeDistiller,221,161,51,49,46,75,0,0,159,4,0,,,,0.1,4,0.6,0.7,,,,
ChangeDistiller,106,98,21,19,28,38,0,0,166,4,0,,,,0.3,4,0.6,0.7,,,,
ChangeDistiller,64,58,15,13,12,24,0,0,104,4,0,,,,0.5,4,0.6,0.7,,,,
ChangeDistiller,11,11,3,1,2,5,0,0,49,4,0,,,,0.7,4,0.6,0.7,,,,
ChangeDistiller,4,4,2,0,0,2,0,0,44,4,0,,,,0.899,4,0.6,0.7,,,,
ChangeDistiller,257,165,58,56,46,97,0,0,158,4,0,,,,0.1,4,0.8,0.7,,,,
ChangeDistiller,127,107,25,23,28,51,0,0,473,4,0,,,,0.3,4,0.8,0.7,,,,
ChangeDistiller,72,62,17,15,12,28,0,0,72,4,0,,,,0.5,4,0.8,0.7,,,,
ChangeDistiller,11,11,3,1,2,5,0,0,48,4,0,,,,0.7,4,0.8,0.7,,,,
ChangeDistiller,4,4,2,0,0,2,0,0,75,4,0,,,,0.899,4,0.8,0.7,,,,
ChangeDistiller,278,158,63,61,46,108,0,0,465,4,0,,,,0.1,4,1.0,0.7,,,,
ChangeDistiller,185,119,36,34,28,87,0,0,87,4,0,,,,0.3,4,1.0,0.7,,,,
ChangeDistiller,144,92,29,27,12,76,0,0,395,4,0,,,,0.5,4,1.0,0.7,,,,
ChangeDistiller,49,41,7,5,0,37,0,0,45,4,0,,,,0.899,4,1.0,0.7,,,,
ChangeDistiller,205,165,47,45,46,67,0,0,466,4,0,,,,0.1,6,0.2,0.7,,,,
ChangeDistiller,106,98,21,19,28,38,0,0,408,4,0,,,,0.3,6,0.2,0.7,,,,
ChangeDistiller,64,58,15,13,12,24,0,0,410,4,0,,,,0.5,6,0.2,0.7,,,,
ChangeDistiller,11,11,3,1,2,5,0,0,353,4,0,,,,0.7,6,0.2,0.7,,,,
ChangeDistiller,4,4,2,0,0,2,0,0,349,4,0,,,,0.899,6,0.2,0.7,,,,
ChangeDistiller,205,165,47,45,46,67,0,0,465,4,0,,,,0.1,6,0.4,0.7,,,,
ChangeDistiller,106,98,21,19,28,38,0,0,87,4,0,,,,0.3,6,0.4,0.7,,,,
ChangeDistiller,64,58,15,13,12,24,0,0,89,4,0,,,,0.5,6,0.4,0.7,,,,
ChangeDistiller,11,11,3,1,2,5,0,0,59,4,0,,,,0.7,6,0.4,0.7,,,,
ChangeDistiller,4,4,2,0,0,2,0,0,45,4,0,,,,0.899,6,0.4,0.7,,,,
ChangeDistiller,221,161,51,49,46,75,0,0,160,4,0,,,,0.1,6,0.6,0.7,,,,
ChangeDistiller,106,98,21,19,28,38,0,0,87,4,0,,,,0.3,6,0.6,0.7,,,,
ChangeDistiller,64,58,15,13,12,24,0,0,73,4,0,,,,0.5,6,0.6,0.7,,,,
ChangeDistiller,11,11,3,1,2,5,0,0,49,4,0,,,,0.7,6,0.6,0.7,,,,
ChangeDistiller,4,4,2,0,0,2,0,0,60,4,0,,,,0.899,6,0.6,0.7,,,,
ChangeDistiller,253,163,57,55,46,95,0,0,195,4,0,,,,0.1,6,0.8,0.7,,,,
ChangeDistiller,123,105,24,22,28,49,0,0,87,4,0,,,,0.3,6,0.8,0.7,,,,
ChangeDistiller,64,58,15,13,12,24,0,0,73,4,0,,,,0.5,6,0.8,0.7,,,,
ChangeDistiller,11,11,3,1,2,5,0,0,59,4,0,,,,0.7,6,0.8,0.7,,,,
ChangeDistiller,4,4,2,0,0,2,0,0,45,4,0,,,,0.899,6,0.8,0.7,,,,
ChangeDistiller,270,158,61,57,46,106,0,0,210,4,0,,,,0.1,6,1.0,0.7,,,,
ChangeDistiller,181,119,35,32,28,86,0,0,86,4,0,,,,0.3,6,1.0,0.7,,,,
ChangeDistiller,136,92,27,23,12,74,0,0,73,4,0,,,,0.5,6,1.0,0.7,,,,
ChangeDistiller,55,45,8,6,2,39,0,0,49,4,0,,,,0.7,6,1.0,0.7,,,,
ChangeDistiller,49,41,7,5,0,37,0,0,44,4,0,,,,0.899,6,1.0,0.7,,,,
ChangeDistiller,186,162,41,39,46,60,0,0,194,4,0,,,,0.1,2,0.2,0.899,,,,
ChangeDistiller,100,94,20,18,28,34,0,0,87,4,0,,,,0.3,2,0.2,0.899,,,,
ChangeDistiller,61,55,15,13,12,21,0,0,73,4,0,,,,0.5,2,0.2,0.899,,,,
ChangeDistiller,15,13,5,3,2,5,0,0,50,4,0,,,,0.7,2,0.2,0.899,,,,
ChangeDistiller,8,6,4,2,0,2,0,0,44,4,0,,,,0.899,2,0.2,0.899,,,,
ChangeDistiller,198,162,46,44,46,62,0,0,161,4,0,,,,0.1,2,0.4,0.899,,,,
ChangeDistiller,103,97,21,19,28,35,0,0,87,4,0,,,,0.3,2,0.4,0.899,,,,
ChangeDistiller,61,55,15,13,12,21,0,0,72,4,0,,,,0.5,2,0.4,0.899,,,,
ChangeDistiller,15,13,5,3,2,5,0,0,49,4,0,,,,0.7,2,0.4,0.899,,,,
ChangeDistiller,8,6,4,2,0,2,0,0,45,4,0,,,,0.899,2,0.4,0.899,,,,
ChangeDistiller,231,149,55,53,46,77,0,0,161,4,0,,,,0.1,2,0.6,0.899,,,,
ChangeDistiller,109,99,23,21,28,37,0,0,87,4,0,,,,0.3,2,0.6,0.899,,,,
ChangeDistiller,63,55,16,14,12,21,0,0,89,4,0,,,,0.5,2,0.6,0.899,,,,
ChangeDistiller,15,13,5,3,2,5,0,0,50,4,0,,,,0.7,2,0.6,0.899,,,,
ChangeDistiller,8,6,4,2,0,2,0,0,44,4,0,,,,0.899,2,0.6,0.899,,,,
ChangeDistiller,266,151,63,57,46,100,0,0,160,4,0,,,,0.1,2,0.8,0.899,,,,
ChangeDistiller,133,109,28,26,28,51,0,0,86,4,0,,,,0.3,2,0.8,0.899,,,,
ChangeDistiller,85,67,21,19,12,33,0,0,73,4,0,,,,0.5,2,0.8,0.899,,,,
ChangeDistiller,15,13,5,3,2,5,0,0,48,4,0,,,,0.7,2,0.8,0.899,,,,
ChangeDistiller,8,6,4,2,0,2,0,0,92,4,0,,,,0.899,2,0.8,0.899,,,,
ChangeDistiller,286,154,68,66,46,106,0,0,161,4,0,,,,0.1,2,1.0,0.899,,,,
ChangeDistiller,191,115,40,38,28,85,0,0,105,4,0,,,,0.3,2,1.0,0.899,,,,
ChangeDistiller,148,88,32,30,12,74,0,0,89,4,0,,,,0.5,2,1.0,0.899,,,,
ChangeDistiller,59,41,11,9,2,37,0,0,50,4,0,,,,0.7,2,1.0,0.899,,,,
ChangeDistiller,51,37,9,7,0,35,0,0,45,4,0,,,,0.899,2,1.0,0.899,,,,
ChangeDistiller,208,172,49,47,46,66,0,0,159,4,0,,,,0.1,4,0.2,0.899,,,,
ChangeDistiller,112,104,24,22,28,38,0,0,87,4,0,,,,0.3,4,0.2,0.899,,,,
ChangeDistiller,71,63,18,16,12,25,0,0,73,4,0,,,,0.5,4,0.2,0.899,,,,
ChangeDistiller,18,16,6,4,2,6,0,0,49,4,0,,,,0.7,4,0.2,0.899,,,,
ChangeDistiller,8,6,4,2,0,2,0,0,44,4,0,,,,0.899,4,0.2,0.899,,,,
ChangeDistiller,208,172,49,47,46,66,0,0,321,4,0,,,,0.1,4,0.4,0.899,,,,
ChangeDistiller,112,104,24,22,28,38,0,0,105,4,0,,,,0.3,4,0.4,0.899,,,,
ChangeDistiller,71,63,18,16,12,25,0,0,73,4,0,,,,0.5,4,0.4,0.899,,,,
ChangeDistiller,18,16,6,4,2,6,0,0,49,4,0,,,,0.7,4,0.4,0.899,,,,
ChangeDistiller,8,6,4,2,0,2,0,0,54,4,0,,,,0.899,4,0.4,0.899,,,,
ChangeDistiller,241,159,58,56,46,81,0,0,160,4,0,,,,0.1,4,0.6,0.899,,,,
ChangeDistiller,116,106,25,23,28,40,0,0,87,4,0,,,,0.3,4,0.6,0.899,,,,
ChangeDistiller,71,63,18,16,12,25,0,0,73,4,0,,,,0.5,4,0.6,0.899,,,,
ChangeDistiller,18,16,6,4,2,6,0,0,49,4,0,,,,0.7,4,0.6,0.899,,,,
ChangeDistiller,8,6,4,2,0,2,0,0,45,4,0,,,,0.899,4,0.6,0.899,,,,
ChangeDistiller,279,153,66,63,46,104,0,0,195,4,0,,,,0.1,4,0.8,0.899,,,,
ChangeDistiller,136,112,29,27,28,52,0,0,87,4,0,,,,0.3,4,0.8,0.899,,,,
ChangeDistiller,85,67,21,19,12,33,0,0,73,4,0,,,,0.5,4,0.8,0.899,,,,
ChangeDistiller,18,16,6,4,2,6,0,0,49,4,0,,,,0.7,4,0.8,0.899,,,,
ChangeDistiller,8,6,4,2,0,2,0,0,54,4,0,,,,0.899,4,0.8,0.899,,,,
ChangeDistiller,286,154,68,66,46,106,0,0,161,4,0,,,,0.1,4,1.0,0.899,,,,
ChangeDistiller,191,115,40,38,28,85,0,0,87,4,0,,,,0.3,4,1.0,0.899,,,,
ChangeDistiller,148,88,32,30,12,74,0,0,74,4,0,,,,0.5,4,1.0,0.899,,,,
ChangeDistiller,59,41,11,9,2,37,0,0,50,4,0,,,,0.7,4,1.0,0.899,,,,
ChangeDistiller,51,37,9,7,0,35,0,0,54,4,0,,,,0.899,4,1.0,0.899,,,,
ChangeDistiller,226,180,54,52,46,74,0,0,160,4,0,,,,0.1,6,0.2,0.899,,,,
ChangeDistiller,120,108,26,24,28,42,0,0,86,4,0,,,,0.3,6,0.2,0.899,,,,
ChangeDistiller,79,67,20,18,12,29,0,0,73,4,0,,,,0.5,6,0.2,0.899,,,,
ChangeDistiller,18,16,6,4,2,6,0,0,49,4,0,,,,0.7,6,0.2,0.899,,,,
ChangeDistiller,8,6,4,2,0,2,0,0,44,4,0,,,,0.899,6,0.2,0.899,,,,
ChangeDistiller,226,180,54,52,46,74,0,0,161,4,0,,,,0.1,6,0.4,0.899,,,,
ChangeDistiller,120,108,26,24,28,42,0,0,105,4,0,,,,0.3,6,0.4,0.899,,,,
ChangeDistiller,79,67,20,18,12,29,0,0,73,4,0,,,,0.5,6,0.4,0.899,,,,
ChangeDistiller,18,16,6,4,2,6,0,0,50,4,0,,,,0.7,6,0.4,0.899,,,,
ChangeDistiller,8,6,4,2,0,2,0,0,44,4,0,,,,0.899,6,0.4,0.899,,,,
ChangeDistiller,249,163,60,58,46,85,0,0,160,4,0,,,,0.1,6,0.6,0.899,,,,
ChangeDistiller,120,108,26,24,28,42,0,0,105,4,0,,,,0.3,6,0.6,0.899,,,,
ChangeDistiller,79,67,20,18,12,29,0,0,74,4,0,,,,0.5,6,0.6,0.899,,,,
ChangeDistiller,18,16,6,4,2,6,0,0,49,4,0,,,,0.7,6,0.6,0.899,,,,
ChangeDistiller,8,6,4,2,0,2,0,0,45,4,0,,,,0.899,6,0.6,0.899,,,,
ChangeDistiller,282,155,67,63,46,106,0,0,223,4,0,,,,0.1,6,0.8,0.899,,,,
ChangeDistiller,136,112,29,27,28,52,0,0,105,4,0,,,,0.3,6,0.8,0.899,,,,
ChangeDistiller,85,67,21,19,12,33,0,0,74,4,0,,,,0.5,6,0.8,0.899,,,,
ChangeDistiller,18,16,6,4,2,6,0,0,49,4,0,,,,0.7,6,0.8,0.899,,,,
ChangeDistiller,8,6,4,2,0,2,0,0,44,4,0,,,,0.899,6,0.8,0.899,,,,
ChangeDistiller,286,154,68,66,46,106,0,0,160,4,0,,,,0.1,6,1.0,0.899,,,,
ChangeDistiller,191,115,40,38,28,85,0,0,87,4,0,,,,0.3,6,1.0,0.899,,,,
ChangeDistiller,148,88,32,30,12,74,0,0,73,4,0,,,,0.5,6,1.0,0.899,,,,
ChangeDistiller,59,41,11,9,2,37,0,0,59,4,0,,,,0.7,6,1.0,0.899,,,,
ChangeDistiller,51,37,9,7,0,35,0,0,45,4,0,,,,0.899,6,1.0,0.899,,,,
