MATCHER,NRACTIONS,NRROOTS,NR_INSERT,NR_DELETE,NR_UPDATE,NR_MOVE,NR_TREEINSERT,NR_TREEDELETE,TIME,NROPTIONS,TIMEOUT,GT_BUM_SMT,GT_BUM_SMT_SBUP,GT_BUM_SZT,GT_CD_LSIM,GT_CD_ML,GT_CD_SSIM1,GT_CD_SSIM2,GT_STM_MH,GT_XYM_SIM,GUMTREE_MATCH_GT_MINH,
SimpleGumtree,14,6,10,2,0,2,0,0,0,2,0,,0.1,,,,,,1,,,
SimpleGumtree,17,5,12,4,0,1,0,0,1,2,0,,0.1,,,,,,2,,,
SimpleGumtree,33,3,20,12,0,1,0,0,0,2,0,,0.1,,,,,,3,,,
SimpleGumtree,42,2,25,17,0,0,0,0,0,2,0,,0.1,,,,,,4,,,
SimpleGumtree,42,2,25,17,0,0,0,0,0,2,0,,0.1,,,,,,5,,,
SimpleGumtree,14,6,10,2,0,2,0,0,0,2,0,,0.3,,,,,,1,,,
SimpleGumtree,17,5,12,4,0,1,0,0,0,2,0,,0.3,,,,,,2,,,
SimpleGumtree,33,3,20,12,0,1,0,0,1,2,0,,0.3,,,,,,3,,,
SimpleGumtree,42,2,25,17,0,0,0,0,0,2,0,,0.3,,,,,,4,,,
SimpleGumtree,42,2,25,17,0,0,0,0,0,2,0,,0.3,,,,,,5,,,
SimpleGumtree,14,6,10,2,0,2,0,0,0,2,0,,0.5,,,,,,1,,,
SimpleGumtree,17,5,12,4,0,1,0,0,0,2,0,,0.5,,,,,,2,,,
SimpleGumtree,33,3,20,12,0,1,0,0,0,2,0,,0.5,,,,,,3,,,
SimpleGumtree,42,2,25,17,0,0,0,0,0,2,0,,0.5,,,,,,4,,,
SimpleGumtree,42,2,25,17,0,0,0,0,0,2,0,,0.5,,,,,,5,,,
SimpleGumtree,14,6,10,2,0,2,0,0,0,2,0,,0.7,,,,,,1,,,
SimpleGumtree,17,5,12,4,0,1,0,0,0,2,0,,0.7,,,,,,2,,,
SimpleGumtree,33,3,20,12,0,1,0,0,0,2,0,,0.7,,,,,,3,,,
SimpleGumtree,42,2,25,17,0,0,0,0,1,2,0,,0.7,,,,,,4,,,
SimpleGumtree,42,2,25,17,0,0,0,0,1,2,0,,0.7,,,,,,5,,,
SimpleGumtree,14,6,10,2,0,2,0,0,1,2,0,,0.899,,,,,,1,,,
SimpleGumtree,17,5,12,4,0,1,0,0,1,2,0,,0.899,,,,,,2,,,
SimpleGumtree,33,3,20,12,0,1,0,0,1,2,0,,0.899,,,,,,3,,,
SimpleGumtree,42,2,25,17,0,0,0,0,1,2,0,,0.899,,,,,,4,,,
SimpleGumtree,42,2,25,17,0,0,0,0,1,2,0,,0.899,,,,,,5,,,
ClassicGumtree,13,7,9,1,0,3,0,0,1,3,0,0.1,,100,,,,,1,,,
ClassicGumtree,13,7,9,1,0,3,0,0,1,3,0,0.2,,100,,,,,1,,,
ClassicGumtree,13,7,9,1,0,3,0,0,1,3,0,0.3,,100,,,,,1,,,
ClassicGumtree,13,7,9,1,0,3,0,0,1,3,0,0.4,,100,,,,,1,,,
ClassicGumtree,13,7,9,1,0,3,0,0,1,3,0,0.5,,100,,,,,1,,,
ClassicGumtree,13,7,9,1,0,3,0,0,1,3,0,0.6,,100,,,,,1,,,
ClassicGumtree,20,6,12,4,0,4,0,0,0,3,0,0.7,,100,,,,,1,,,
ClassicGumtree,20,6,12,4,0,4,0,0,0,3,0,0.799,,100,,,,,1,,,
ClassicGumtree,20,6,12,4,0,4,0,0,0,3,0,0.899,,100,,,,,1,,,
ClassicGumtree,29,13,13,5,0,11,0,0,0,3,0,0.999,,100,,,,,1,,,
ClassicGumtree,29,15,17,9,0,3,0,0,1,3,0,0.1,,100,,,,,2,,,
ClassicGumtree,29,15,17,9,0,3,0,0,1,3,0,0.2,,100,,,,,2,,,
ClassicGumtree,29,15,17,9,0,3,0,0,1,3,0,0.3,,100,,,,,2,,,
ClassicGumtree,29,15,17,9,0,3,0,0,1,3,0,0.4,,100,,,,,2,,,
ClassicGumtree,42,12,24,16,0,2,0,0,1,3,0,0.5,,100,,,,,2,,,
ClassicGumtree,42,12,24,16,0,2,0,0,1,3,0,0.6,,100,,,,,2,,,
ClassicGumtree,42,12,24,16,0,2,0,0,1,3,0,0.7,,100,,,,,2,,,
ClassicGumtree,42,12,24,16,0,2,0,0,1,3,0,0.799,,100,,,,,2,,,
ClassicGumtree,47,7,25,17,0,5,0,0,1,3,0,0.899,,100,,,,,2,,,
ClassicGumtree,47,7,25,17,0,5,0,0,0,3,0,0.999,,100,,,,,2,,,
ClassicGumtree,29,15,17,9,0,3,0,0,1,3,0,0.1,,100,,,,,3,,,
ClassicGumtree,29,15,17,9,0,3,0,0,0,3,0,0.2,,100,,,,,3,,,
ClassicGumtree,49,11,28,20,0,1,0,0,0,3,0,0.3,,100,,,,,3,,,
ClassicGumtree,49,11,28,20,0,1,0,0,0,3,0,0.4,,100,,,,,3,,,
ClassicGumtree,49,11,28,20,0,1,0,0,1,3,0,0.5,,100,,,,,3,,,
ClassicGumtree,49,11,28,20,0,1,0,0,0,3,0,0.6,,100,,,,,3,,,
ClassicGumtree,49,11,28,20,0,1,0,0,0,3,0,0.7,,100,,,,,3,,,
ClassicGumtree,54,6,29,21,0,4,0,0,0,3,0,0.799,,100,,,,,3,,,
ClassicGumtree,54,6,29,21,0,4,0,0,0,3,0,0.899,,100,,,,,3,,,
ClassicGumtree,54,6,29,21,0,4,0,0,0,3,0,0.999,,100,,,,,3,,,
ClassicGumtree,58,10,33,25,0,0,0,0,1,3,0,0.1,,100,,,,,4,,,
ClassicGumtree,58,10,33,25,0,0,0,0,1,3,0,0.2,,100,,,,,4,,,
ClassicGumtree,58,10,33,25,0,0,0,0,1,3,0,0.3,,100,,,,,4,,,
ClassicGumtree,58,10,33,25,0,0,0,0,1,3,0,0.4,,100,,,,,4,,,
ClassicGumtree,58,10,33,25,0,0,0,0,1,3,0,0.5,,100,,,,,4,,,
ClassicGumtree,58,10,33,25,0,0,0,0,1,3,0,0.6,,100,,,,,4,,,
ClassicGumtree,58,10,33,25,0,0,0,0,1,3,0,0.7,,100,,,,,4,,,
ClassicGumtree,63,5,34,26,0,3,0,0,0,3,0,0.799,,100,,,,,4,,,
ClassicGumtree,63,5,34,26,0,3,0,0,0,3,0,0.899,,100,,,,,4,,,
ClassicGumtree,63,5,34,26,0,3,0,0,0,3,0,0.999,,100,,,,,4,,,
ClassicGumtree,98,12,53,45,0,0,0,0,0,3,0,0.1,,100,,,,,5,,,
ClassicGumtree,98,12,53,45,0,0,0,0,0,3,0,0.2,,100,,,,,5,,,
ClassicGumtree,98,12,53,45,0,0,0,0,0,3,0,0.3,,100,,,,,5,,,
ClassicGumtree,98,12,53,45,0,0,0,0,0,3,0,0.4,,100,,,,,5,,,
ClassicGumtree,98,12,53,45,0,0,0,0,0,3,0,0.5,,100,,,,,5,,,
ClassicGumtree,102,4,54,46,0,2,0,0,0,3,0,0.6,,100,,,,,5,,,
ClassicGumtree,102,4,54,46,0,2,0,0,0,3,0,0.7,,100,,,,,5,,,
ClassicGumtree,102,4,54,46,0,2,0,0,0,3,0,0.799,,100,,,,,5,,,
ClassicGumtree,102,4,54,46,0,2,0,0,1,3,0,0.899,,100,,,,,5,,,
ClassicGumtree,102,4,54,46,0,2,0,0,1,3,0,0.999,,100,,,,,5,,,
ClassicGumtree,13,7,9,1,0,3,0,0,53,3,0,0.1,,200,,,,,1,,,
ClassicGumtree,13,7,9,1,0,3,0,0,52,3,0,0.2,,200,,,,,1,,,
ClassicGumtree,13,7,9,1,0,3,0,0,68,3,0,0.3,,200,,,,,1,,,
ClassicGumtree,13,7,9,1,0,3,0,0,71,3,0,0.4,,200,,,,,1,,,
ClassicGumtree,13,7,9,1,0,3,0,0,95,3,0,0.5,,200,,,,,1,,,
ClassicGumtree,13,7,9,1,0,3,0,0,71,3,0,0.6,,200,,,,,1,,,
ClassicGumtree,13,7,9,1,0,3,0,0,69,3,0,0.7,,200,,,,,1,,,
ClassicGumtree,13,7,9,1,0,3,0,0,64,3,0,0.799,,200,,,,,1,,,
ClassicGumtree,13,7,9,1,0,3,0,0,65,3,0,0.899,,200,,,,,1,,,
ClassicGumtree,13,7,9,1,0,3,0,0,41,3,0,0.999,,200,,,,,1,,,
ClassicGumtree,13,7,9,1,0,3,0,0,82,3,0,0.1,,200,,,,,2,,,
ClassicGumtree,13,7,9,1,0,3,0,0,76,3,0,0.2,,200,,,,,2,,,
ClassicGumtree,13,7,9,1,0,3,0,0,87,3,0,0.3,,200,,,,,2,,,
ClassicGumtree,13,7,9,1,0,3,0,0,48,3,0,0.4,,200,,,,,2,,,
ClassicGumtree,13,7,9,1,0,3,0,0,64,3,0,0.5,,200,,,,,2,,,
ClassicGumtree,13,7,9,1,0,3,0,0,65,3,0,0.6,,200,,,,,2,,,
ClassicGumtree,13,7,9,1,0,3,0,0,65,3,0,0.7,,200,,,,,2,,,
ClassicGumtree,13,7,9,1,0,3,0,0,65,3,0,0.799,,200,,,,,2,,,
ClassicGumtree,13,7,9,1,0,3,0,0,41,3,0,0.899,,200,,,,,2,,,
ClassicGumtree,13,7,9,1,0,3,0,0,37,3,0,0.999,,200,,,,,2,,,
ClassicGumtree,13,7,9,1,0,3,0,0,65,3,0,0.1,,200,,,,,3,,,
ClassicGumtree,13,7,9,1,0,3,0,0,81,3,0,0.2,,200,,,,,3,,,
ClassicGumtree,13,7,9,1,0,3,0,0,65,3,0,0.3,,200,,,,,3,,,
ClassicGumtree,13,7,9,1,0,3,0,0,61,3,0,0.4,,200,,,,,3,,,
ClassicGumtree,13,7,9,1,0,3,0,0,61,3,0,0.5,,200,,,,,3,,,
ClassicGumtree,13,7,9,1,0,3,0,0,65,3,0,0.6,,200,,,,,3,,,
ClassicGumtree,13,7,9,1,0,3,0,0,65,3,0,0.7,,200,,,,,3,,,
ClassicGumtree,13,7,9,1,0,3,0,0,32,3,0,0.799,,200,,,,,3,,,
ClassicGumtree,13,7,9,1,0,3,0,0,33,3,0,0.899,,200,,,,,3,,,
ClassicGumtree,13,7,9,1,0,3,0,0,33,3,0,0.999,,200,,,,,3,,,
ClassicGumtree,13,7,9,1,0,3,0,0,67,3,0,0.1,,200,,,,,4,,,
ClassicGumtree,13,7,9,1,0,3,0,0,71,3,0,0.2,,200,,,,,4,,,
ClassicGumtree,13,7,9,1,0,3,0,0,54,3,0,0.3,,200,,,,,4,,,
ClassicGumtree,13,7,9,1,0,3,0,0,100,3,0,0.4,,200,,,,,4,,,
ClassicGumtree,13,7,9,1,0,3,0,0,69,3,0,0.5,,200,,,,,4,,,
ClassicGumtree,13,7,9,1,0,3,0,0,82,3,0,0.6,,200,,,,,4,,,
ClassicGumtree,13,7,9,1,0,3,0,0,104,3,0,0.7,,200,,,,,4,,,
ClassicGumtree,13,7,9,1,0,3,0,0,32,3,0,0.799,,200,,,,,4,,,
ClassicGumtree,13,7,9,1,0,3,0,0,33,3,0,0.899,,200,,,,,4,,,
ClassicGumtree,13,7,9,1,0,3,0,0,30,3,0,0.999,,200,,,,,4,,,
ClassicGumtree,13,7,9,1,0,3,0,0,68,3,0,0.1,,200,,,,,5,,,
ClassicGumtree,13,7,9,1,0,3,0,0,64,3,0,0.2,,200,,,,,5,,,
ClassicGumtree,13,7,9,1,0,3,0,0,65,3,0,0.3,,200,,,,,5,,,
ClassicGumtree,13,7,9,1,0,3,0,0,67,3,0,0.4,,200,,,,,5,,,
ClassicGumtree,13,7,9,1,0,3,0,0,68,3,0,0.5,,200,,,,,5,,,
ClassicGumtree,13,7,9,1,0,3,0,0,33,3,0,0.6,,200,,,,,5,,,
ClassicGumtree,13,7,9,1,0,3,0,0,32,3,0,0.7,,200,,,,,5,,,
ClassicGumtree,13,7,9,1,0,3,0,0,29,3,0,0.799,,200,,,,,5,,,
ClassicGumtree,13,7,9,1,0,3,0,0,41,3,0,0.899,,200,,,,,5,,,
ClassicGumtree,13,7,9,1,0,3,0,0,29,3,0,0.999,,200,,,,,5,,,
ClassicGumtree,13,7,9,1,0,3,0,0,81,3,0,0.1,,300,,,,,1,,,
ClassicGumtree,13,7,9,1,0,3,0,0,66,3,0,0.2,,300,,,,,1,,,
ClassicGumtree,13,7,9,1,0,3,0,0,65,3,0,0.3,,300,,,,,1,,,
ClassicGumtree,13,7,9,1,0,3,0,0,62,3,0,0.4,,300,,,,,1,,,
ClassicGumtree,13,7,9,1,0,3,0,0,83,3,0,0.5,,300,,,,,1,,,
ClassicGumtree,13,7,9,1,0,3,0,0,71,3,0,0.6,,300,,,,,1,,,
ClassicGumtree,13,7,9,1,0,3,0,0,67,3,0,0.7,,300,,,,,1,,,
ClassicGumtree,13,7,9,1,0,3,0,0,65,3,0,0.799,,300,,,,,1,,,
ClassicGumtree,13,7,9,1,0,3,0,0,50,3,0,0.899,,300,,,,,1,,,
ClassicGumtree,13,7,9,1,0,3,0,0,33,3,0,0.999,,300,,,,,1,,,
ClassicGumtree,13,7,9,1,0,3,0,0,65,3,0,0.1,,300,,,,,2,,,
ClassicGumtree,13,7,9,1,0,3,0,0,60,3,0,0.2,,300,,,,,2,,,
ClassicGumtree,13,7,9,1,0,3,0,0,66,3,0,0.3,,300,,,,,2,,,
ClassicGumtree,13,7,9,1,0,3,0,0,65,3,0,0.4,,300,,,,,2,,,
ClassicGumtree,13,7,9,1,0,3,0,0,73,3,0,0.5,,300,,,,,2,,,
ClassicGumtree,13,7,9,1,0,3,0,0,32,3,0,0.6,,300,,,,,2,,,
ClassicGumtree,13,7,9,1,0,3,0,0,64,3,0,0.7,,300,,,,,2,,,
ClassicGumtree,13,7,9,1,0,3,0,0,56,3,0,0.799,,300,,,,,2,,,
ClassicGumtree,13,7,9,1,0,3,0,0,32,3,0,0.899,,300,,,,,2,,,
ClassicGumtree,13,7,9,1,0,3,0,0,17,3,0,0.999,,300,,,,,2,,,
ClassicGumtree,13,7,9,1,0,3,0,0,34,3,0,0.1,,300,,,,,3,,,
ClassicGumtree,13,7,9,1,0,3,0,0,33,3,0,0.2,,300,,,,,3,,,
ClassicGumtree,13,7,9,1,0,3,0,0,64,3,0,0.3,,300,,,,,3,,,
ClassicGumtree,13,7,9,1,0,3,0,0,67,3,0,0.4,,300,,,,,3,,,
ClassicGumtree,13,7,9,1,0,3,0,0,63,3,0,0.5,,300,,,,,3,,,
ClassicGumtree,13,7,9,1,0,3,0,0,64,3,0,0.6,,300,,,,,3,,,
ClassicGumtree,13,7,9,1,0,3,0,0,64,3,0,0.7,,300,,,,,3,,,
ClassicGumtree,13,7,9,1,0,3,0,0,18,3,0,0.799,,300,,,,,3,,,
ClassicGumtree,13,7,9,1,0,3,0,0,53,3,0,0.899,,300,,,,,3,,,
ClassicGumtree,13,7,9,1,0,3,0,0,32,3,0,0.999,,300,,,,,3,,,
ClassicGumtree,13,7,9,1,0,3,0,0,63,3,0,0.1,,300,,,,,4,,,
ClassicGumtree,13,7,9,1,0,3,0,0,100,3,0,0.2,,300,,,,,4,,,
ClassicGumtree,13,7,9,1,0,3,0,0,33,3,0,0.3,,300,,,,,4,,,
ClassicGumtree,13,7,9,1,0,3,0,0,48,3,0,0.4,,300,,,,,4,,,
ClassicGumtree,13,7,9,1,0,3,0,0,64,3,0,0.5,,300,,,,,4,,,
ClassicGumtree,13,7,9,1,0,3,0,0,35,3,0,0.6,,300,,,,,4,,,
ClassicGumtree,13,7,9,1,0,3,0,0,49,3,0,0.7,,300,,,,,4,,,
ClassicGumtree,13,7,9,1,0,3,0,0,32,3,0,0.799,,300,,,,,4,,,
ClassicGumtree,13,7,9,1,0,3,0,0,33,3,0,0.899,,300,,,,,4,,,
ClassicGumtree,13,7,9,1,0,3,0,0,33,3,0,0.999,,300,,,,,4,,,
ClassicGumtree,13,7,9,1,0,3,0,0,81,3,0,0.1,,300,,,,,5,,,
ClassicGumtree,13,7,9,1,0,3,0,0,64,3,0,0.2,,300,,,,,5,,,
ClassicGumtree,13,7,9,1,0,3,0,0,68,3,0,0.3,,300,,,,,5,,,
ClassicGumtree,13,7,9,1,0,3,0,0,84,3,0,0.4,,300,,,,,5,,,
ClassicGumtree,13,7,9,1,0,3,0,0,64,3,0,0.5,,300,,,,,5,,,
ClassicGumtree,13,7,9,1,0,3,0,0,32,3,0,0.6,,300,,,,,5,,,
ClassicGumtree,13,7,9,1,0,3,0,0,32,3,0,0.7,,300,,,,,5,,,
ClassicGumtree,13,7,9,1,0,3,0,0,33,3,0,0.799,,300,,,,,5,,,
ClassicGumtree,13,7,9,1,0,3,0,0,33,3,0,0.899,,300,,,,,5,,,
ClassicGumtree,13,7,9,1,0,3,0,0,32,3,0,0.999,,300,,,,,5,,,
ClassicGumtree,13,7,9,1,0,3,0,0,49,3,0,0.1,,400,,,,,1,,,
ClassicGumtree,13,7,9,1,0,3,0,0,65,3,0,0.2,,400,,,,,1,,,
ClassicGumtree,13,7,9,1,0,3,0,0,65,3,0,0.3,,400,,,,,1,,,
ClassicGumtree,13,7,9,1,0,3,0,0,66,3,0,0.4,,400,,,,,1,,,
ClassicGumtree,13,7,9,1,0,3,0,0,33,3,0,0.5,,400,,,,,1,,,
ClassicGumtree,13,7,9,1,0,3,0,0,66,3,0,0.6,,400,,,,,1,,,
ClassicGumtree,13,7,9,1,0,3,0,0,64,3,0,0.7,,400,,,,,1,,,
ClassicGumtree,13,7,9,1,0,3,0,0,84,3,0,0.799,,400,,,,,1,,,
ClassicGumtree,13,7,9,1,0,3,0,0,34,3,0,0.899,,400,,,,,1,,,
ClassicGumtree,13,7,9,1,0,3,0,0,35,3,0,0.999,,400,,,,,1,,,
ClassicGumtree,13,7,9,1,0,3,0,0,67,3,0,0.1,,400,,,,,2,,,
ClassicGumtree,13,7,9,1,0,3,0,0,33,3,0,0.2,,400,,,,,2,,,
ClassicGumtree,13,7,9,1,0,3,0,0,36,3,0,0.3,,400,,,,,2,,,
ClassicGumtree,13,7,9,1,0,3,0,0,65,3,0,0.4,,400,,,,,2,,,
ClassicGumtree,13,7,9,1,0,3,0,0,65,3,0,0.5,,400,,,,,2,,,
ClassicGumtree,13,7,9,1,0,3,0,0,69,3,0,0.6,,400,,,,,2,,,
ClassicGumtree,13,7,9,1,0,3,0,0,66,3,0,0.7,,400,,,,,2,,,
ClassicGumtree,13,7,9,1,0,3,0,0,32,3,0,0.799,,400,,,,,2,,,
ClassicGumtree,13,7,9,1,0,3,0,0,32,3,0,0.899,,400,,,,,2,,,
ClassicGumtree,13,7,9,1,0,3,0,0,32,3,0,0.999,,400,,,,,2,,,
ClassicGumtree,13,7,9,1,0,3,0,0,35,3,0,0.1,,400,,,,,3,,,
ClassicGumtree,13,7,9,1,0,3,0,0,248,3,0,0.2,,400,,,,,3,,,
ClassicGumtree,13,7,9,1,0,3,0,0,33,3,0,0.3,,400,,,,,3,,,
ClassicGumtree,13,7,9,1,0,3,0,0,268,3,0,0.4,,400,,,,,3,,,
ClassicGumtree,13,7,9,1,0,3,0,0,252,3,0,0.5,,400,,,,,3,,,
ClassicGumtree,13,7,9,1,0,3,0,0,50,3,0,0.6,,400,,,,,3,,,
ClassicGumtree,13,7,9,1,0,3,0,0,35,3,0,0.7,,400,,,,,3,,,
ClassicGumtree,13,7,9,1,0,3,0,0,32,3,0,0.799,,400,,,,,3,,,
ClassicGumtree,13,7,9,1,0,3,0,0,34,3,0,0.899,,400,,,,,3,,,
ClassicGumtree,13,7,9,1,0,3,0,0,235,3,0,0.999,,400,,,,,3,,,
ClassicGumtree,13,7,9,1,0,3,0,0,266,3,0,0.1,,400,,,,,4,,,
ClassicGumtree,13,7,9,1,0,3,0,0,299,3,0,0.2,,400,,,,,4,,,
ClassicGumtree,13,7,9,1,0,3,0,0,235,3,0,0.3,,400,,,,,4,,,
ClassicGumtree,13,7,9,1,0,3,0,0,253,3,0,0.4,,400,,,,,4,,,
ClassicGumtree,13,7,9,1,0,3,0,0,278,3,0,0.5,,400,,,,,4,,,
ClassicGumtree,13,7,9,1,0,3,0,0,208,3,0,0.6,,400,,,,,4,,,
ClassicGumtree,13,7,9,1,0,3,0,0,32,3,0,0.7,,400,,,,,4,,,
ClassicGumtree,13,7,9,1,0,3,0,0,18,3,0,0.799,,400,,,,,4,,,
ClassicGumtree,13,7,9,1,0,3,0,0,35,3,0,0.899,,400,,,,,4,,,
ClassicGumtree,13,7,9,1,0,3,0,0,35,3,0,0.999,,400,,,,,4,,,
ClassicGumtree,13,7,9,1,0,3,0,0,32,3,0,0.1,,400,,,,,5,,,
ClassicGumtree,13,7,9,1,0,3,0,0,32,3,0,0.2,,400,,,,,5,,,
ClassicGumtree,13,7,9,1,0,3,0,0,34,3,0,0.3,,400,,,,,5,,,
ClassicGumtree,13,7,9,1,0,3,0,0,117,3,0,0.4,,400,,,,,5,,,
ClassicGumtree,13,7,9,1,0,3,0,0,32,3,0,0.5,,400,,,,,5,,,
ClassicGumtree,13,7,9,1,0,3,0,0,35,3,0,0.6,,400,,,,,5,,,
ClassicGumtree,13,7,9,1,0,3,0,0,35,3,0,0.7,,400,,,,,5,,,
ClassicGumtree,13,7,9,1,0,3,0,0,16,3,0,0.799,,400,,,,,5,,,
ClassicGumtree,13,7,9,1,0,3,0,0,16,3,0,0.899,,400,,,,,5,,,
ClassicGumtree,13,7,9,1,0,3,0,0,35,3,0,0.999,,400,,,,,5,,,
ClassicGumtree,13,7,9,1,0,3,0,0,35,3,0,0.1,,500,,,,,1,,,
ClassicGumtree,13,7,9,1,0,3,0,0,33,3,0,0.2,,500,,,,,1,,,
ClassicGumtree,13,7,9,1,0,3,0,0,32,3,0,0.3,,500,,,,,1,,,
ClassicGumtree,13,7,9,1,0,3,0,0,33,3,0,0.4,,500,,,,,1,,,
ClassicGumtree,13,7,9,1,0,3,0,0,85,3,0,0.5,,500,,,,,1,,,
ClassicGumtree,13,7,9,1,0,3,0,0,85,3,0,0.6,,500,,,,,1,,,
ClassicGumtree,13,7,9,1,0,3,0,0,55,3,0,0.7,,500,,,,,1,,,
ClassicGumtree,13,7,9,1,0,3,0,0,51,3,0,0.799,,500,,,,,1,,,
ClassicGumtree,13,7,9,1,0,3,0,0,50,3,0,0.899,,500,,,,,1,,,
ClassicGumtree,13,7,9,1,0,3,0,0,32,3,0,0.999,,500,,,,,1,,,
ClassicGumtree,13,7,9,1,0,3,0,0,32,3,0,0.1,,500,,,,,2,,,
ClassicGumtree,13,7,9,1,0,3,0,0,33,3,0,0.2,,500,,,,,2,,,
ClassicGumtree,13,7,9,1,0,3,0,0,32,3,0,0.3,,500,,,,,2,,,
ClassicGumtree,13,7,9,1,0,3,0,0,102,3,0,0.4,,500,,,,,2,,,
ClassicGumtree,13,7,9,1,0,3,0,0,33,3,0,0.5,,500,,,,,2,,,
ClassicGumtree,13,7,9,1,0,3,0,0,32,3,0,0.6,,500,,,,,2,,,
ClassicGumtree,13,7,9,1,0,3,0,0,35,3,0,0.7,,500,,,,,2,,,
ClassicGumtree,13,7,9,1,0,3,0,0,35,3,0,0.799,,500,,,,,2,,,
ClassicGumtree,13,7,9,1,0,3,0,0,35,3,0,0.899,,500,,,,,2,,,
ClassicGumtree,13,7,9,1,0,3,0,0,16,3,0,0.999,,500,,,,,2,,,
ClassicGumtree,13,7,9,1,0,3,0,0,61,3,0,0.1,,500,,,,,3,,,
ClassicGumtree,13,7,9,1,0,3,0,0,33,3,0,0.2,,500,,,,,3,,,
ClassicGumtree,13,7,9,1,0,3,0,0,32,3,0,0.3,,500,,,,,3,,,
ClassicGumtree,13,7,9,1,0,3,0,0,33,3,0,0.4,,500,,,,,3,,,
ClassicGumtree,13,7,9,1,0,3,0,0,64,3,0,0.5,,500,,,,,3,,,
ClassicGumtree,13,7,9,1,0,3,0,0,62,3,0,0.6,,500,,,,,3,,,
ClassicGumtree,13,7,9,1,0,3,0,0,35,3,0,0.7,,500,,,,,3,,,
ClassicGumtree,13,7,9,1,0,3,0,0,31,3,0,0.799,,500,,,,,3,,,
ClassicGumtree,13,7,9,1,0,3,0,0,34,3,0,0.899,,500,,,,,3,,,
ClassicGumtree,13,7,9,1,0,3,0,0,16,3,0,0.999,,500,,,,,3,,,
ClassicGumtree,13,7,9,1,0,3,0,0,32,3,0,0.1,,500,,,,,4,,,
ClassicGumtree,13,7,9,1,0,3,0,0,32,3,0,0.2,,500,,,,,4,,,
ClassicGumtree,13,7,9,1,0,3,0,0,32,3,0,0.3,,500,,,,,4,,,
ClassicGumtree,13,7,9,1,0,3,0,0,47,3,0,0.4,,500,,,,,4,,,
ClassicGumtree,13,7,9,1,0,3,0,0,102,3,0,0.5,,500,,,,,4,,,
ClassicGumtree,13,7,9,1,0,3,0,0,52,3,0,0.6,,500,,,,,4,,,
ClassicGumtree,13,7,9,1,0,3,0,0,55,3,0,0.7,,500,,,,,4,,,
ClassicGumtree,13,7,9,1,0,3,0,0,16,3,0,0.799,,500,,,,,4,,,
ClassicGumtree,13,7,9,1,0,3,0,0,33,3,0,0.899,,500,,,,,4,,,
ClassicGumtree,13,7,9,1,0,3,0,0,16,3,0,0.999,,500,,,,,4,,,
ClassicGumtree,13,7,9,1,0,3,0,0,67,3,0,0.1,,500,,,,,5,,,
ClassicGumtree,13,7,9,1,0,3,0,0,67,3,0,0.2,,500,,,,,5,,,
ClassicGumtree,13,7,9,1,0,3,0,0,32,3,0,0.3,,500,,,,,5,,,
ClassicGumtree,13,7,9,1,0,3,0,0,32,3,0,0.4,,500,,,,,5,,,
ClassicGumtree,13,7,9,1,0,3,0,0,32,3,0,0.5,,500,,,,,5,,,
ClassicGumtree,13,7,9,1,0,3,0,0,18,3,0,0.6,,500,,,,,5,,,
ClassicGumtree,13,7,9,1,0,3,0,0,34,3,0,0.7,,500,,,,,5,,,
ClassicGumtree,13,7,9,1,0,3,0,0,56,3,0,0.799,,500,,,,,5,,,
ClassicGumtree,13,7,9,1,0,3,0,0,41,3,0,0.899,,500,,,,,5,,,
ClassicGumtree,13,7,9,1,0,3,0,0,16,3,0,0.999,,500,,,,,5,,,
ClassicGumtree,13,7,9,1,0,3,0,0,35,3,0,0.1,,600,,,,,1,,,
ClassicGumtree,13,7,9,1,0,3,0,0,33,3,0,0.2,,600,,,,,1,,,
ClassicGumtree,13,7,9,1,0,3,0,0,32,3,0,0.3,,600,,,,,1,,,
ClassicGumtree,13,7,9,1,0,3,0,0,33,3,0,0.4,,600,,,,,1,,,
ClassicGumtree,13,7,9,1,0,3,0,0,36,3,0,0.5,,600,,,,,1,,,
ClassicGumtree,13,7,9,1,0,3,0,0,67,3,0,0.6,,600,,,,,1,,,
ClassicGumtree,13,7,9,1,0,3,0,0,67,3,0,0.7,,600,,,,,1,,,
ClassicGumtree,13,7,9,1,0,3,0,0,85,3,0,0.799,,600,,,,,1,,,
ClassicGumtree,13,7,9,1,0,3,0,0,78,3,0,0.899,,600,,,,,1,,,
ClassicGumtree,13,7,9,1,0,3,0,0,16,3,0,0.999,,600,,,,,1,,,
ClassicGumtree,13,7,9,1,0,3,0,0,33,3,0,0.1,,600,,,,,2,,,
ClassicGumtree,13,7,9,1,0,3,0,0,32,3,0,0.2,,600,,,,,2,,,
ClassicGumtree,13,7,9,1,0,3,0,0,99,3,0,0.3,,600,,,,,2,,,
ClassicGumtree,13,7,9,1,0,3,0,0,32,3,0,0.4,,600,,,,,2,,,
ClassicGumtree,13,7,9,1,0,3,0,0,82,3,0,0.5,,600,,,,,2,,,
ClassicGumtree,13,7,9,1,0,3,0,0,34,3,0,0.6,,600,,,,,2,,,
ClassicGumtree,13,7,9,1,0,3,0,0,32,3,0,0.7,,600,,,,,2,,,
ClassicGumtree,13,7,9,1,0,3,0,0,32,3,0,0.799,,600,,,,,2,,,
ClassicGumtree,13,7,9,1,0,3,0,0,16,3,0,0.899,,600,,,,,2,,,
ClassicGumtree,13,7,9,1,0,3,0,0,34,3,0,0.999,,600,,,,,2,,,
ClassicGumtree,13,7,9,1,0,3,0,0,68,3,0,0.1,,600,,,,,3,,,
ClassicGumtree,13,7,9,1,0,3,0,0,35,3,0,0.2,,600,,,,,3,,,
ClassicGumtree,13,7,9,1,0,3,0,0,69,3,0,0.3,,600,,,,,3,,,
ClassicGumtree,13,7,9,1,0,3,0,0,32,3,0,0.4,,600,,,,,3,,,
ClassicGumtree,13,7,9,1,0,3,0,0,32,3,0,0.5,,600,,,,,3,,,
ClassicGumtree,13,7,9,1,0,3,0,0,35,3,0,0.6,,600,,,,,3,,,
ClassicGumtree,13,7,9,1,0,3,0,0,52,3,0,0.7,,600,,,,,3,,,
ClassicGumtree,13,7,9,1,0,3,0,0,34,3,0,0.799,,600,,,,,3,,,
ClassicGumtree,13,7,9,1,0,3,0,0,18,3,0,0.899,,600,,,,,3,,,
ClassicGumtree,13,7,9,1,0,3,0,0,16,3,0,0.999,,600,,,,,3,,,
ClassicGumtree,13,7,9,1,0,3,0,0,56,3,0,0.1,,600,,,,,4,,,
ClassicGumtree,13,7,9,1,0,3,0,0,32,3,0,0.2,,600,,,,,4,,,
ClassicGumtree,13,7,9,1,0,3,0,0,93,3,0,0.3,,600,,,,,4,,,
ClassicGumtree,13,7,9,1,0,3,0,0,68,3,0,0.4,,600,,,,,4,,,
ClassicGumtree,13,7,9,1,0,3,0,0,80,3,0,0.5,,600,,,,,4,,,
ClassicGumtree,13,7,9,1,0,3,0,0,33,3,0,0.6,,600,,,,,4,,,
ClassicGumtree,13,7,9,1,0,3,0,0,82,3,0,0.7,,600,,,,,4,,,
ClassicGumtree,13,7,9,1,0,3,0,0,32,3,0,0.799,,600,,,,,4,,,
ClassicGumtree,13,7,9,1,0,3,0,0,33,3,0,0.899,,600,,,,,4,,,
ClassicGumtree,13,7,9,1,0,3,0,0,18,3,0,0.999,,600,,,,,4,,,
ClassicGumtree,13,7,9,1,0,3,0,0,32,3,0,0.1,,600,,,,,5,,,
ClassicGumtree,13,7,9,1,0,3,0,0,32,3,0,0.2,,600,,,,,5,,,
ClassicGumtree,13,7,9,1,0,3,0,0,34,3,0,0.3,,600,,,,,5,,,
ClassicGumtree,13,7,9,1,0,3,0,0,55,3,0,0.4,,600,,,,,5,,,
ClassicGumtree,13,7,9,1,0,3,0,0,64,3,0,0.5,,600,,,,,5,,,
ClassicGumtree,13,7,9,1,0,3,0,0,33,3,0,0.6,,600,,,,,5,,,
ClassicGumtree,13,7,9,1,0,3,0,0,17,3,0,0.7,,600,,,,,5,,,
ClassicGumtree,13,7,9,1,0,3,0,0,18,3,0,0.799,,600,,,,,5,,,
ClassicGumtree,13,7,9,1,0,3,0,0,16,3,0,0.899,,600,,,,,5,,,
ClassicGumtree,13,7,9,1,0,3,0,0,16,3,0,0.999,,600,,,,,5,,,
ClassicGumtree,13,7,9,1,0,3,0,0,86,3,0,0.1,,700,,,,,1,,,
ClassicGumtree,13,7,9,1,0,3,0,0,98,3,0,0.2,,700,,,,,1,,,
ClassicGumtree,13,7,9,1,0,3,0,0,32,3,0,0.3,,700,,,,,1,,,
ClassicGumtree,13,7,9,1,0,3,0,0,35,3,0,0.4,,700,,,,,1,,,
ClassicGumtree,13,7,9,1,0,3,0,0,66,3,0,0.5,,700,,,,,1,,,
ClassicGumtree,13,7,9,1,0,3,0,0,109,3,0,0.6,,700,,,,,1,,,
ClassicGumtree,13,7,9,1,0,3,0,0,31,3,0,0.7,,700,,,,,1,,,
ClassicGumtree,13,7,9,1,0,3,0,0,66,3,0,0.799,,700,,,,,1,,,
ClassicGumtree,13,7,9,1,0,3,0,0,59,3,0,0.899,,700,,,,,1,,,
ClassicGumtree,13,7,9,1,0,3,0,0,17,3,0,0.999,,700,,,,,1,,,
ClassicGumtree,13,7,9,1,0,3,0,0,77,3,0,0.1,,700,,,,,2,,,
ClassicGumtree,13,7,9,1,0,3,0,0,34,3,0,0.2,,700,,,,,2,,,
ClassicGumtree,13,7,9,1,0,3,0,0,33,3,0,0.3,,700,,,,,2,,,
ClassicGumtree,13,7,9,1,0,3,0,0,32,3,0,0.4,,700,,,,,2,,,
ClassicGumtree,13,7,9,1,0,3,0,0,34,3,0,0.5,,700,,,,,2,,,
ClassicGumtree,13,7,9,1,0,3,0,0,66,3,0,0.6,,700,,,,,2,,,
ClassicGumtree,13,7,9,1,0,3,0,0,32,3,0,0.7,,700,,,,,2,,,
ClassicGumtree,13,7,9,1,0,3,0,0,35,3,0,0.799,,700,,,,,2,,,
ClassicGumtree,13,7,9,1,0,3,0,0,35,3,0,0.899,,700,,,,,2,,,
ClassicGumtree,13,7,9,1,0,3,0,0,34,3,0,0.999,,700,,,,,2,,,
ClassicGumtree,13,7,9,1,0,3,0,0,33,3,0,0.1,,700,,,,,3,,,
ClassicGumtree,13,7,9,1,0,3,0,0,74,3,0,0.2,,700,,,,,3,,,
ClassicGumtree,13,7,9,1,0,3,0,0,32,3,0,0.3,,700,,,,,3,,,
ClassicGumtree,13,7,9,1,0,3,0,0,35,3,0,0.4,,700,,,,,3,,,
ClassicGumtree,13,7,9,1,0,3,0,0,68,3,0,0.5,,700,,,,,3,,,
ClassicGumtree,13,7,9,1,0,3,0,0,32,3,0,0.6,,700,,,,,3,,,
ClassicGumtree,13,7,9,1,0,3,0,0,64,3,0,0.7,,700,,,,,3,,,
ClassicGumtree,13,7,9,1,0,3,0,0,35,3,0,0.799,,700,,,,,3,,,
ClassicGumtree,13,7,9,1,0,3,0,0,16,3,0,0.899,,700,,,,,3,,,
ClassicGumtree,13,7,9,1,0,3,0,0,35,3,0,0.999,,700,,,,,3,,,
ClassicGumtree,13,7,9,1,0,3,0,0,32,3,0,0.1,,700,,,,,4,,,
ClassicGumtree,13,7,9,1,0,3,0,0,32,3,0,0.2,,700,,,,,4,,,
ClassicGumtree,13,7,9,1,0,3,0,0,34,3,0,0.3,,700,,,,,4,,,
ClassicGumtree,13,7,9,1,0,3,0,0,32,3,0,0.4,,700,,,,,4,,,
ClassicGumtree,13,7,9,1,0,3,0,0,51,3,0,0.5,,700,,,,,4,,,
ClassicGumtree,13,7,9,1,0,3,0,0,65,3,0,0.6,,700,,,,,4,,,
ClassicGumtree,13,7,9,1,0,3,0,0,61,3,0,0.7,,700,,,,,4,,,
ClassicGumtree,13,7,9,1,0,3,0,0,17,3,0,0.799,,700,,,,,4,,,
ClassicGumtree,13,7,9,1,0,3,0,0,16,3,0,0.899,,700,,,,,4,,,
ClassicGumtree,13,7,9,1,0,3,0,0,32,3,0,0.999,,700,,,,,4,,,
ClassicGumtree,13,7,9,1,0,3,0,0,69,3,0,0.1,,700,,,,,5,,,
ClassicGumtree,13,7,9,1,0,3,0,0,32,3,0,0.2,,700,,,,,5,,,
ClassicGumtree,13,7,9,1,0,3,0,0,50,3,0,0.3,,700,,,,,5,,,
ClassicGumtree,13,7,9,1,0,3,0,0,32,3,0,0.4,,700,,,,,5,,,
ClassicGumtree,13,7,9,1,0,3,0,0,69,3,0,0.5,,700,,,,,5,,,
ClassicGumtree,13,7,9,1,0,3,0,0,16,3,0,0.6,,700,,,,,5,,,
ClassicGumtree,13,7,9,1,0,3,0,0,18,3,0,0.7,,700,,,,,5,,,
ClassicGumtree,13,7,9,1,0,3,0,0,16,3,0,0.799,,700,,,,,5,,,
ClassicGumtree,13,7,9,1,0,3,0,0,32,3,0,0.899,,700,,,,,5,,,
ClassicGumtree,13,7,9,1,0,3,0,0,16,3,0,0.999,,700,,,,,5,,,
ClassicGumtree,13,7,9,1,0,3,0,0,32,3,0,0.1,,800,,,,,1,,,
ClassicGumtree,13,7,9,1,0,3,0,0,60,3,0,0.2,,800,,,,,1,,,
ClassicGumtree,13,7,9,1,0,3,0,0,86,3,0,0.3,,800,,,,,1,,,
ClassicGumtree,13,7,9,1,0,3,0,0,33,3,0,0.4,,800,,,,,1,,,
ClassicGumtree,13,7,9,1,0,3,0,0,35,3,0,0.5,,800,,,,,1,,,
ClassicGumtree,13,7,9,1,0,3,0,0,33,3,0,0.6,,800,,,,,1,,,
ClassicGumtree,13,7,9,1,0,3,0,0,82,3,0,0.7,,800,,,,,1,,,
ClassicGumtree,13,7,9,1,0,3,0,0,61,3,0,0.799,,800,,,,,1,,,
ClassicGumtree,13,7,9,1,0,3,0,0,69,3,0,0.899,,800,,,,,1,,,
ClassicGumtree,13,7,9,1,0,3,0,0,17,3,0,0.999,,800,,,,,1,,,
ClassicGumtree,13,7,9,1,0,3,0,0,32,3,0,0.1,,800,,,,,2,,,
ClassicGumtree,13,7,9,1,0,3,0,0,84,3,0,0.2,,800,,,,,2,,,
ClassicGumtree,13,7,9,1,0,3,0,0,35,3,0,0.3,,800,,,,,2,,,
ClassicGumtree,13,7,9,1,0,3,0,0,65,3,0,0.4,,800,,,,,2,,,
ClassicGumtree,13,7,9,1,0,3,0,0,32,3,0,0.5,,800,,,,,2,,,
ClassicGumtree,13,7,9,1,0,3,0,0,66,3,0,0.6,,800,,,,,2,,,
ClassicGumtree,13,7,9,1,0,3,0,0,32,3,0,0.7,,800,,,,,2,,,
ClassicGumtree,13,7,9,1,0,3,0,0,35,3,0,0.799,,800,,,,,2,,,
ClassicGumtree,13,7,9,1,0,3,0,0,16,3,0,0.899,,800,,,,,2,,,
ClassicGumtree,13,7,9,1,0,3,0,0,33,3,0,0.999,,800,,,,,2,,,
ClassicGumtree,13,7,9,1,0,3,0,0,70,3,0,0.1,,800,,,,,3,,,
ClassicGumtree,13,7,9,1,0,3,0,0,33,3,0,0.2,,800,,,,,3,,,
ClassicGumtree,13,7,9,1,0,3,0,0,67,3,0,0.3,,800,,,,,3,,,
ClassicGumtree,13,7,9,1,0,3,0,0,32,3,0,0.4,,800,,,,,3,,,
ClassicGumtree,13,7,9,1,0,3,0,0,35,3,0,0.5,,800,,,,,3,,,
ClassicGumtree,13,7,9,1,0,3,0,0,32,3,0,0.6,,800,,,,,3,,,
ClassicGumtree,13,7,9,1,0,3,0,0,69,3,0,0.7,,800,,,,,3,,,
ClassicGumtree,13,7,9,1,0,3,0,0,33,3,0,0.799,,800,,,,,3,,,
ClassicGumtree,13,7,9,1,0,3,0,0,34,3,0,0.899,,800,,,,,3,,,
ClassicGumtree,13,7,9,1,0,3,0,0,33,3,0,0.999,,800,,,,,3,,,
ClassicGumtree,13,7,9,1,0,3,0,0,32,3,0,0.1,,800,,,,,4,,,
ClassicGumtree,13,7,9,1,0,3,0,0,32,3,0,0.2,,800,,,,,4,,,
ClassicGumtree,13,7,9,1,0,3,0,0,34,3,0,0.3,,800,,,,,4,,,
ClassicGumtree,13,7,9,1,0,3,0,0,32,3,0,0.4,,800,,,,,4,,,
ClassicGumtree,13,7,9,1,0,3,0,0,61,3,0,0.5,,800,,,,,4,,,
ClassicGumtree,13,7,9,1,0,3,0,0,68,3,0,0.6,,800,,,,,4,,,
ClassicGumtree,13,7,9,1,0,3,0,0,85,3,0,0.7,,800,,,,,4,,,
ClassicGumtree,13,7,9,1,0,3,0,0,34,3,0,0.799,,800,,,,,4,,,
ClassicGumtree,13,7,9,1,0,3,0,0,16,3,0,0.899,,800,,,,,4,,,
ClassicGumtree,13,7,9,1,0,3,0,0,16,3,0,0.999,,800,,,,,4,,,
ClassicGumtree,13,7,9,1,0,3,0,0,65,3,0,0.1,,800,,,,,5,,,
ClassicGumtree,13,7,9,1,0,3,0,0,32,3,0,0.2,,800,,,,,5,,,
ClassicGumtree,13,7,9,1,0,3,0,0,32,3,0,0.3,,800,,,,,5,,,
ClassicGumtree,13,7,9,1,0,3,0,0,34,3,0,0.4,,800,,,,,5,,,
ClassicGumtree,13,7,9,1,0,3,0,0,68,3,0,0.5,,800,,,,,5,,,
ClassicGumtree,13,7,9,1,0,3,0,0,16,3,0,0.6,,800,,,,,5,,,
ClassicGumtree,13,7,9,1,0,3,0,0,51,3,0,0.7,,800,,,,,5,,,
ClassicGumtree,13,7,9,1,0,3,0,0,16,3,0,0.799,,800,,,,,5,,,
ClassicGumtree,13,7,9,1,0,3,0,0,17,3,0,0.899,,800,,,,,5,,,
ClassicGumtree,13,7,9,1,0,3,0,0,33,3,0,0.999,,800,,,,,5,,,
ClassicGumtree,13,7,9,1,0,3,0,0,33,3,0,0.1,,900,,,,,1,,,
ClassicGumtree,13,7,9,1,0,3,0,0,35,3,0,0.2,,900,,,,,1,,,
ClassicGumtree,13,7,9,1,0,3,0,0,32,3,0,0.3,,900,,,,,1,,,
ClassicGumtree,13,7,9,1,0,3,0,0,64,3,0,0.4,,900,,,,,1,,,
ClassicGumtree,13,7,9,1,0,3,0,0,82,3,0,0.5,,900,,,,,1,,,
ClassicGumtree,13,7,9,1,0,3,0,0,69,3,0,0.6,,900,,,,,1,,,
ClassicGumtree,13,7,9,1,0,3,0,0,80,3,0,0.7,,900,,,,,1,,,
ClassicGumtree,13,7,9,1,0,3,0,0,32,3,0,0.799,,900,,,,,1,,,
ClassicGumtree,13,7,9,1,0,3,0,0,65,3,0,0.899,,900,,,,,1,,,
ClassicGumtree,13,7,9,1,0,3,0,0,16,3,0,0.999,,900,,,,,1,,,
ClassicGumtree,13,7,9,1,0,3,0,0,54,3,0,0.1,,900,,,,,2,,,
ClassicGumtree,13,7,9,1,0,3,0,0,34,3,0,0.2,,900,,,,,2,,,
ClassicGumtree,13,7,9,1,0,3,0,0,66,3,0,0.3,,900,,,,,2,,,
ClassicGumtree,13,7,9,1,0,3,0,0,33,3,0,0.4,,900,,,,,2,,,
ClassicGumtree,13,7,9,1,0,3,0,0,44,3,0,0.5,,900,,,,,2,,,
ClassicGumtree,13,7,9,1,0,3,0,0,76,3,0,0.6,,900,,,,,2,,,
ClassicGumtree,13,7,9,1,0,3,0,0,54,3,0,0.7,,900,,,,,2,,,
ClassicGumtree,13,7,9,1,0,3,0,0,32,3,0,0.799,,900,,,,,2,,,
ClassicGumtree,13,7,9,1,0,3,0,0,17,3,0,0.899,,900,,,,,2,,,
ClassicGumtree,13,7,9,1,0,3,0,0,18,3,0,0.999,,900,,,,,2,,,
ClassicGumtree,13,7,9,1,0,3,0,0,65,3,0,0.1,,900,,,,,3,,,
ClassicGumtree,13,7,9,1,0,3,0,0,86,3,0,0.2,,900,,,,,3,,,
ClassicGumtree,13,7,9,1,0,3,0,0,69,3,0,0.3,,900,,,,,3,,,
ClassicGumtree,13,7,9,1,0,3,0,0,34,3,0,0.4,,900,,,,,3,,,
ClassicGumtree,13,7,9,1,0,3,0,0,65,3,0,0.5,,900,,,,,3,,,
ClassicGumtree,13,7,9,1,0,3,0,0,32,3,0,0.6,,900,,,,,3,,,
ClassicGumtree,13,7,9,1,0,3,0,0,64,3,0,0.7,,900,,,,,3,,,
ClassicGumtree,13,7,9,1,0,3,0,0,16,3,0,0.799,,900,,,,,3,,,
ClassicGumtree,13,7,9,1,0,3,0,0,32,3,0,0.899,,900,,,,,3,,,
ClassicGumtree,13,7,9,1,0,3,0,0,16,3,0,0.999,,900,,,,,3,,,
ClassicGumtree,13,7,9,1,0,3,0,0,35,3,0,0.1,,900,,,,,4,,,
ClassicGumtree,13,7,9,1,0,3,0,0,66,3,0,0.2,,900,,,,,4,,,
ClassicGumtree,13,7,9,1,0,3,0,0,33,3,0,0.3,,900,,,,,4,,,
ClassicGumtree,13,7,9,1,0,3,0,0,34,3,0,0.4,,900,,,,,4,,,
ClassicGumtree,13,7,9,1,0,3,0,0,68,3,0,0.5,,900,,,,,4,,,
ClassicGumtree,13,7,9,1,0,3,0,0,65,3,0,0.6,,900,,,,,4,,,
ClassicGumtree,13,7,9,1,0,3,0,0,75,3,0,0.7,,900,,,,,4,,,
ClassicGumtree,13,7,9,1,0,3,0,0,41,3,0,0.799,,900,,,,,4,,,
ClassicGumtree,13,7,9,1,0,3,0,0,17,3,0,0.899,,900,,,,,4,,,
ClassicGumtree,13,7,9,1,0,3,0,0,29,3,0,0.999,,900,,,,,4,,,
ClassicGumtree,13,7,9,1,0,3,0,0,32,3,0,0.1,,900,,,,,5,,,
ClassicGumtree,13,7,9,1,0,3,0,0,34,3,0,0.2,,900,,,,,5,,,
ClassicGumtree,13,7,9,1,0,3,0,0,69,3,0,0.3,,900,,,,,5,,,
ClassicGumtree,13,7,9,1,0,3,0,0,46,3,0,0.4,,900,,,,,5,,,
ClassicGumtree,13,7,9,1,0,3,0,0,66,3,0,0.5,,900,,,,,5,,,
ClassicGumtree,13,7,9,1,0,3,0,0,33,3,0,0.6,,900,,,,,5,,,
ClassicGumtree,13,7,9,1,0,3,0,0,16,3,0,0.7,,900,,,,,5,,,
ClassicGumtree,13,7,9,1,0,3,0,0,16,3,0,0.799,,900,,,,,5,,,
ClassicGumtree,13,7,9,1,0,3,0,0,17,3,0,0.899,,900,,,,,5,,,
ClassicGumtree,13,7,9,1,0,3,0,0,41,3,0,0.999,,900,,,,,5,,,
ClassicGumtree,13,7,9,1,0,3,0,0,76,3,0,0.1,,1000,,,,,1,,,
ClassicGumtree,13,7,9,1,0,3,0,0,33,3,0,0.2,,1000,,,,,1,,,
ClassicGumtree,13,7,9,1,0,3,0,0,33,3,0,0.3,,1000,,,,,1,,,
ClassicGumtree,13,7,9,1,0,3,0,0,67,3,0,0.4,,1000,,,,,1,,,
ClassicGumtree,13,7,9,1,0,3,0,0,50,3,0,0.5,,1000,,,,,1,,,
ClassicGumtree,13,7,9,1,0,3,0,0,49,3,0,0.6,,1000,,,,,1,,,
ClassicGumtree,13,7,9,1,0,3,0,0,67,3,0,0.7,,1000,,,,,1,,,
ClassicGumtree,13,7,9,1,0,3,0,0,70,3,0,0.799,,1000,,,,,1,,,
ClassicGumtree,13,7,9,1,0,3,0,0,32,3,0,0.899,,1000,,,,,1,,,
ClassicGumtree,13,7,9,1,0,3,0,0,16,3,0,0.999,,1000,,,,,1,,,
ClassicGumtree,13,7,9,1,0,3,0,0,60,3,0,0.1,,1000,,,,,2,,,
ClassicGumtree,13,7,9,1,0,3,0,0,65,3,0,0.2,,1000,,,,,2,,,
ClassicGumtree,13,7,9,1,0,3,0,0,65,3,0,0.3,,1000,,,,,2,,,
ClassicGumtree,13,7,9,1,0,3,0,0,35,3,0,0.4,,1000,,,,,2,,,
ClassicGumtree,13,7,9,1,0,3,0,0,32,3,0,0.5,,1000,,,,,2,,,
ClassicGumtree,13,7,9,1,0,3,0,0,32,3,0,0.6,,1000,,,,,2,,,
ClassicGumtree,13,7,9,1,0,3,0,0,50,3,0,0.7,,1000,,,,,2,,,
ClassicGumtree,13,7,9,1,0,3,0,0,69,3,0,0.799,,1000,,,,,2,,,
ClassicGumtree,13,7,9,1,0,3,0,0,35,3,0,0.899,,1000,,,,,2,,,
ClassicGumtree,13,7,9,1,0,3,0,0,17,3,0,0.999,,1000,,,,,2,,,
ClassicGumtree,13,7,9,1,0,3,0,0,66,3,0,0.1,,1000,,,,,3,,,
ClassicGumtree,13,7,9,1,0,3,0,0,32,3,0,0.2,,1000,,,,,3,,,
ClassicGumtree,13,7,9,1,0,3,0,0,64,3,0,0.3,,1000,,,,,3,,,
ClassicGumtree,13,7,9,1,0,3,0,0,69,3,0,0.4,,1000,,,,,3,,,
ClassicGumtree,13,7,9,1,0,3,0,0,34,3,0,0.5,,1000,,,,,3,,,
ClassicGumtree,13,7,9,1,0,3,0,0,64,3,0,0.6,,1000,,,,,3,,,
ClassicGumtree,13,7,9,1,0,3,0,0,68,3,0,0.7,,1000,,,,,3,,,
ClassicGumtree,13,7,9,1,0,3,0,0,34,3,0,0.799,,1000,,,,,3,,,
ClassicGumtree,13,7,9,1,0,3,0,0,18,3,0,0.899,,1000,,,,,3,,,
ClassicGumtree,13,7,9,1,0,3,0,0,17,3,0,0.999,,1000,,,,,3,,,
ClassicGumtree,13,7,9,1,0,3,0,0,33,3,0,0.1,,1000,,,,,4,,,
ClassicGumtree,13,7,9,1,0,3,0,0,50,3,0,0.2,,1000,,,,,4,,,
ClassicGumtree,13,7,9,1,0,3,0,0,79,3,0,0.3,,1000,,,,,4,,,
ClassicGumtree,13,7,9,1,0,3,0,0,32,3,0,0.4,,1000,,,,,4,,,
ClassicGumtree,13,7,9,1,0,3,0,0,62,3,0,0.5,,1000,,,,,4,,,
ClassicGumtree,13,7,9,1,0,3,0,0,66,3,0,0.6,,1000,,,,,4,,,
ClassicGumtree,13,7,9,1,0,3,0,0,64,3,0,0.7,,1000,,,,,4,,,
ClassicGumtree,13,7,9,1,0,3,0,0,35,3,0,0.799,,1000,,,,,4,,,
ClassicGumtree,13,7,9,1,0,3,0,0,18,3,0,0.899,,1000,,,,,4,,,
ClassicGumtree,13,7,9,1,0,3,0,0,16,3,0,0.999,,1000,,,,,4,,,
ClassicGumtree,13,7,9,1,0,3,0,0,32,3,0,0.1,,1000,,,,,5,,,
ClassicGumtree,13,7,9,1,0,3,0,0,66,3,0,0.2,,1000,,,,,5,,,
ClassicGumtree,13,7,9,1,0,3,0,0,67,3,0,0.3,,1000,,,,,5,,,
ClassicGumtree,13,7,9,1,0,3,0,0,32,3,0,0.4,,1000,,,,,5,,,
ClassicGumtree,13,7,9,1,0,3,0,0,49,3,0,0.5,,1000,,,,,5,,,
ClassicGumtree,13,7,9,1,0,3,0,0,35,3,0,0.6,,1000,,,,,5,,,
ClassicGumtree,13,7,9,1,0,3,0,0,16,3,0,0.7,,1000,,,,,5,,,
ClassicGumtree,13,7,9,1,0,3,0,0,32,3,0,0.799,,1000,,,,,5,,,
ClassicGumtree,13,7,9,1,0,3,0,0,35,3,0,0.899,,1000,,,,,5,,,
ClassicGumtree,13,7,9,1,0,3,0,0,17,3,0,0.999,,1000,,,,,5,,,
ClassicGumtree,13,7,9,1,0,3,0,0,33,3,0,0.1,,1100,,,,,1,,,
ClassicGumtree,13,7,9,1,0,3,0,0,81,3,0,0.2,,1100,,,,,1,,,
ClassicGumtree,13,7,9,1,0,3,0,0,63,3,0,0.3,,1100,,,,,1,,,
ClassicGumtree,13,7,9,1,0,3,0,0,86,3,0,0.4,,1100,,,,,1,,,
ClassicGumtree,13,7,9,1,0,3,0,0,32,3,0,0.5,,1100,,,,,1,,,
ClassicGumtree,13,7,9,1,0,3,0,0,35,3,0,0.6,,1100,,,,,1,,,
ClassicGumtree,13,7,9,1,0,3,0,0,64,3,0,0.7,,1100,,,,,1,,,
ClassicGumtree,13,7,9,1,0,3,0,0,85,3,0,0.799,,1100,,,,,1,,,
ClassicGumtree,13,7,9,1,0,3,0,0,31,3,0,0.899,,1100,,,,,1,,,
ClassicGumtree,13,7,9,1,0,3,0,0,33,3,0,0.999,,1100,,,,,1,,,
ClassicGumtree,13,7,9,1,0,3,0,0,74,3,0,0.1,,1100,,,,,2,,,
ClassicGumtree,13,7,9,1,0,3,0,0,50,3,0,0.2,,1100,,,,,2,,,
ClassicGumtree,13,7,9,1,0,3,0,0,35,3,0,0.3,,1100,,,,,2,,,
ClassicGumtree,13,7,9,1,0,3,0,0,33,3,0,0.4,,1100,,,,,2,,,
ClassicGumtree,13,7,9,1,0,3,0,0,64,3,0,0.5,,1100,,,,,2,,,
ClassicGumtree,13,7,9,1,0,3,0,0,36,3,0,0.6,,1100,,,,,2,,,
ClassicGumtree,13,7,9,1,0,3,0,0,68,3,0,0.7,,1100,,,,,2,,,
ClassicGumtree,13,7,9,1,0,3,0,0,49,3,0,0.799,,1100,,,,,2,,,
ClassicGumtree,13,7,9,1,0,3,0,0,17,3,0,0.899,,1100,,,,,2,,,
ClassicGumtree,13,7,9,1,0,3,0,0,16,3,0,0.999,,1100,,,,,2,,,
ClassicGumtree,13,7,9,1,0,3,0,0,70,3,0,0.1,,1100,,,,,3,,,
ClassicGumtree,13,7,9,1,0,3,0,0,65,3,0,0.2,,1100,,,,,3,,,
ClassicGumtree,13,7,9,1,0,3,0,0,34,3,0,0.3,,1100,,,,,3,,,
ClassicGumtree,13,7,9,1,0,3,0,0,35,3,0,0.4,,1100,,,,,3,,,
ClassicGumtree,13,7,9,1,0,3,0,0,49,3,0,0.5,,1100,,,,,3,,,
ClassicGumtree,13,7,9,1,0,3,0,0,66,3,0,0.6,,1100,,,,,3,,,
ClassicGumtree,13,7,9,1,0,3,0,0,32,3,0,0.7,,1100,,,,,3,,,
ClassicGumtree,13,7,9,1,0,3,0,0,16,3,0,0.799,,1100,,,,,3,,,
ClassicGumtree,13,7,9,1,0,3,0,0,18,3,0,0.899,,1100,,,,,3,,,
ClassicGumtree,13,7,9,1,0,3,0,0,18,3,0,0.999,,1100,,,,,3,,,
ClassicGumtree,13,7,9,1,0,3,0,0,64,3,0,0.1,,1100,,,,,4,,,
ClassicGumtree,13,7,9,1,0,3,0,0,33,3,0,0.2,,1100,,,,,4,,,
ClassicGumtree,13,7,9,1,0,3,0,0,33,3,0,0.3,,1100,,,,,4,,,
ClassicGumtree,13,7,9,1,0,3,0,0,48,3,0,0.4,,1100,,,,,4,,,
ClassicGumtree,13,7,9,1,0,3,0,0,69,3,0,0.5,,1100,,,,,4,,,
ClassicGumtree,13,7,9,1,0,3,0,0,34,3,0,0.6,,1100,,,,,4,,,
ClassicGumtree,13,7,9,1,0,3,0,0,32,3,0,0.7,,1100,,,,,4,,,
ClassicGumtree,13,7,9,1,0,3,0,0,33,3,0,0.799,,1100,,,,,4,,,
ClassicGumtree,13,7,9,1,0,3,0,0,16,3,0,0.899,,1100,,,,,4,,,
ClassicGumtree,13,7,9,1,0,3,0,0,16,3,0,0.999,,1100,,,,,4,,,
ClassicGumtree,13,7,9,1,0,3,0,0,68,3,0,0.1,,1100,,,,,5,,,
ClassicGumtree,13,7,9,1,0,3,0,0,43,3,0,0.2,,1100,,,,,5,,,
ClassicGumtree,13,7,9,1,0,3,0,0,64,3,0,0.3,,1100,,,,,5,,,
ClassicGumtree,13,7,9,1,0,3,0,0,32,3,0,0.4,,1100,,,,,5,,,
ClassicGumtree,13,7,9,1,0,3,0,0,32,3,0,0.5,,1100,,,,,5,,,
ClassicGumtree,13,7,9,1,0,3,0,0,33,3,0,0.6,,1100,,,,,5,,,
ClassicGumtree,13,7,9,1,0,3,0,0,17,3,0,0.7,,1100,,,,,5,,,
ClassicGumtree,13,7,9,1,0,3,0,0,29,3,0,0.799,,1100,,,,,5,,,
ClassicGumtree,13,7,9,1,0,3,0,0,18,3,0,0.899,,1100,,,,,5,,,
ClassicGumtree,13,7,9,1,0,3,0,0,17,3,0,0.999,,1100,,,,,5,,,
ClassicGumtree,13,7,9,1,0,3,0,0,32,3,0,0.1,,1200,,,,,1,,,
ClassicGumtree,13,7,9,1,0,3,0,0,35,3,0,0.2,,1200,,,,,1,,,
ClassicGumtree,13,7,9,1,0,3,0,0,52,3,0,0.3,,1200,,,,,1,,,
ClassicGumtree,13,7,9,1,0,3,0,0,35,3,0,0.4,,1200,,,,,1,,,
ClassicGumtree,13,7,9,1,0,3,0,0,32,3,0,0.5,,1200,,,,,1,,,
ClassicGumtree,13,7,9,1,0,3,0,0,64,3,0,0.6,,1200,,,,,1,,,
ClassicGumtree,13,7,9,1,0,3,0,0,64,3,0,0.7,,1200,,,,,1,,,
ClassicGumtree,13,7,9,1,0,3,0,0,32,3,0,0.799,,1200,,,,,1,,,
ClassicGumtree,13,7,9,1,0,3,0,0,65,3,0,0.899,,1200,,,,,1,,,
ClassicGumtree,13,7,9,1,0,3,0,0,16,3,0,0.999,,1200,,,,,1,,,
ClassicGumtree,13,7,9,1,0,3,0,0,70,3,0,0.1,,1200,,,,,2,,,
ClassicGumtree,13,7,9,1,0,3,0,0,35,3,0,0.2,,1200,,,,,2,,,
ClassicGumtree,13,7,9,1,0,3,0,0,33,3,0,0.3,,1200,,,,,2,,,
ClassicGumtree,13,7,9,1,0,3,0,0,35,3,0,0.4,,1200,,,,,2,,,
ClassicGumtree,13,7,9,1,0,3,0,0,66,3,0,0.5,,1200,,,,,2,,,
ClassicGumtree,13,7,9,1,0,3,0,0,64,3,0,0.6,,1200,,,,,2,,,
ClassicGumtree,13,7,9,1,0,3,0,0,34,3,0,0.7,,1200,,,,,2,,,
ClassicGumtree,13,7,9,1,0,3,0,0,64,3,0,0.799,,1200,,,,,2,,,
ClassicGumtree,13,7,9,1,0,3,0,0,16,3,0,0.899,,1200,,,,,2,,,
ClassicGumtree,13,7,9,1,0,3,0,0,32,3,0,0.999,,1200,,,,,2,,,
ClassicGumtree,13,7,9,1,0,3,0,0,35,3,0,0.1,,1200,,,,,3,,,
ClassicGumtree,13,7,9,1,0,3,0,0,35,3,0,0.2,,1200,,,,,3,,,
ClassicGumtree,13,7,9,1,0,3,0,0,32,3,0,0.3,,1200,,,,,3,,,
ClassicGumtree,13,7,9,1,0,3,0,0,36,3,0,0.4,,1200,,,,,3,,,
ClassicGumtree,13,7,9,1,0,3,0,0,89,3,0,0.5,,1200,,,,,3,,,
ClassicGumtree,13,7,9,1,0,3,0,0,65,3,0,0.6,,1200,,,,,3,,,
ClassicGumtree,13,7,9,1,0,3,0,0,72,3,0,0.7,,1200,,,,,3,,,
ClassicGumtree,13,7,9,1,0,3,0,0,19,3,0,0.799,,1200,,,,,3,,,
ClassicGumtree,13,7,9,1,0,3,0,0,32,3,0,0.899,,1200,,,,,3,,,
ClassicGumtree,13,7,9,1,0,3,0,0,32,3,0,0.999,,1200,,,,,3,,,
ClassicGumtree,13,7,9,1,0,3,0,0,32,3,0,0.1,,1200,,,,,4,,,
ClassicGumtree,13,7,9,1,0,3,0,0,32,3,0,0.2,,1200,,,,,4,,,
ClassicGumtree,13,7,9,1,0,3,0,0,69,3,0,0.3,,1200,,,,,4,,,
ClassicGumtree,13,7,9,1,0,3,0,0,34,3,0,0.4,,1200,,,,,4,,,
ClassicGumtree,13,7,9,1,0,3,0,0,48,3,0,0.5,,1200,,,,,4,,,
ClassicGumtree,13,7,9,1,0,3,0,0,49,3,0,0.6,,1200,,,,,4,,,
ClassicGumtree,13,7,9,1,0,3,0,0,48,3,0,0.7,,1200,,,,,4,,,
ClassicGumtree,13,7,9,1,0,3,0,0,17,3,0,0.799,,1200,,,,,4,,,
ClassicGumtree,13,7,9,1,0,3,0,0,17,3,0,0.899,,1200,,,,,4,,,
ClassicGumtree,13,7,9,1,0,3,0,0,16,3,0,0.999,,1200,,,,,4,,,
ClassicGumtree,13,7,9,1,0,3,0,0,31,3,0,0.1,,1200,,,,,5,,,
ClassicGumtree,13,7,9,1,0,3,0,0,68,3,0,0.2,,1200,,,,,5,,,
ClassicGumtree,13,7,9,1,0,3,0,0,32,3,0,0.3,,1200,,,,,5,,,
ClassicGumtree,13,7,9,1,0,3,0,0,32,3,0,0.4,,1200,,,,,5,,,
ClassicGumtree,13,7,9,1,0,3,0,0,65,3,0,0.5,,1200,,,,,5,,,
ClassicGumtree,13,7,9,1,0,3,0,0,33,3,0,0.6,,1200,,,,,5,,,
ClassicGumtree,13,7,9,1,0,3,0,0,17,3,0,0.7,,1200,,,,,5,,,
ClassicGumtree,13,7,9,1,0,3,0,0,19,3,0,0.799,,1200,,,,,5,,,
ClassicGumtree,13,7,9,1,0,3,0,0,17,3,0,0.899,,1200,,,,,5,,,
ClassicGumtree,13,7,9,1,0,3,0,0,17,3,0,0.999,,1200,,,,,5,,,
ClassicGumtree,13,7,9,1,0,3,0,0,67,3,0,0.1,,1300,,,,,1,,,
ClassicGumtree,13,7,9,1,0,3,0,0,32,3,0,0.2,,1300,,,,,1,,,
ClassicGumtree,13,7,9,1,0,3,0,0,32,3,0,0.3,,1300,,,,,1,,,
ClassicGumtree,13,7,9,1,0,3,0,0,34,3,0,0.4,,1300,,,,,1,,,
ClassicGumtree,13,7,9,1,0,3,0,0,33,3,0,0.5,,1300,,,,,1,,,
ClassicGumtree,13,7,9,1,0,3,0,0,34,3,0,0.6,,1300,,,,,1,,,
ClassicGumtree,13,7,9,1,0,3,0,0,32,3,0,0.7,,1300,,,,,1,,,
ClassicGumtree,13,7,9,1,0,3,0,0,63,3,0,0.799,,1300,,,,,1,,,
ClassicGumtree,13,7,9,1,0,3,0,0,32,3,0,0.899,,1300,,,,,1,,,
ClassicGumtree,13,7,9,1,0,3,0,0,16,3,0,0.999,,1300,,,,,1,,,
ClassicGumtree,13,7,9,1,0,3,0,0,86,3,0,0.1,,1300,,,,,2,,,
ClassicGumtree,13,7,9,1,0,3,0,0,33,3,0,0.2,,1300,,,,,2,,,
ClassicGumtree,13,7,9,1,0,3,0,0,81,3,0,0.3,,1300,,,,,2,,,
ClassicGumtree,13,7,9,1,0,3,0,0,65,3,0,0.4,,1300,,,,,2,,,
ClassicGumtree,13,7,9,1,0,3,0,0,35,3,0,0.5,,1300,,,,,2,,,
ClassicGumtree,13,7,9,1,0,3,0,0,33,3,0,0.6,,1300,,,,,2,,,
ClassicGumtree,13,7,9,1,0,3,0,0,56,3,0,0.7,,1300,,,,,2,,,
ClassicGumtree,13,7,9,1,0,3,0,0,51,3,0,0.799,,1300,,,,,2,,,
ClassicGumtree,13,7,9,1,0,3,0,0,17,3,0,0.899,,1300,,,,,2,,,
ClassicGumtree,13,7,9,1,0,3,0,0,17,3,0,0.999,,1300,,,,,2,,,
ClassicGumtree,13,7,9,1,0,3,0,0,35,3,0,0.1,,1300,,,,,3,,,
ClassicGumtree,13,7,9,1,0,3,0,0,32,3,0,0.2,,1300,,,,,3,,,
ClassicGumtree,13,7,9,1,0,3,0,0,49,3,0,0.3,,1300,,,,,3,,,
ClassicGumtree,13,7,9,1,0,3,0,0,34,3,0,0.4,,1300,,,,,3,,,
ClassicGumtree,13,7,9,1,0,3,0,0,59,3,0,0.5,,1300,,,,,3,,,
ClassicGumtree,13,7,9,1,0,3,0,0,32,3,0,0.6,,1300,,,,,3,,,
ClassicGumtree,13,7,9,1,0,3,0,0,68,3,0,0.7,,1300,,,,,3,,,
ClassicGumtree,13,7,9,1,0,3,0,0,17,3,0,0.799,,1300,,,,,3,,,
ClassicGumtree,13,7,9,1,0,3,0,0,18,3,0,0.899,,1300,,,,,3,,,
ClassicGumtree,13,7,9,1,0,3,0,0,17,3,0,0.999,,1300,,,,,3,,,
ClassicGumtree,13,7,9,1,0,3,0,0,70,3,0,0.1,,1300,,,,,4,,,
ClassicGumtree,13,7,9,1,0,3,0,0,50,3,0,0.2,,1300,,,,,4,,,
ClassicGumtree,13,7,9,1,0,3,0,0,35,3,0,0.3,,1300,,,,,4,,,
ClassicGumtree,13,7,9,1,0,3,0,0,48,3,0,0.4,,1300,,,,,4,,,
ClassicGumtree,13,7,9,1,0,3,0,0,32,3,0,0.5,,1300,,,,,4,,,
ClassicGumtree,13,7,9,1,0,3,0,0,35,3,0,0.6,,1300,,,,,4,,,
ClassicGumtree,13,7,9,1,0,3,0,0,50,3,0,0.7,,1300,,,,,4,,,
ClassicGumtree,13,7,9,1,0,3,0,0,16,3,0,0.799,,1300,,,,,4,,,
ClassicGumtree,13,7,9,1,0,3,0,0,28,3,0,0.899,,1300,,,,,4,,,
ClassicGumtree,13,7,9,1,0,3,0,0,16,3,0,0.999,,1300,,,,,4,,,
ClassicGumtree,13,7,9,1,0,3,0,0,57,3,0,0.1,,1300,,,,,5,,,
ClassicGumtree,13,7,9,1,0,3,0,0,32,3,0,0.2,,1300,,,,,5,,,
ClassicGumtree,13,7,9,1,0,3,0,0,33,3,0,0.3,,1300,,,,,5,,,
ClassicGumtree,13,7,9,1,0,3,0,0,32,3,0,0.4,,1300,,,,,5,,,
ClassicGumtree,13,7,9,1,0,3,0,0,32,3,0,0.5,,1300,,,,,5,,,
ClassicGumtree,13,7,9,1,0,3,0,0,32,3,0,0.6,,1300,,,,,5,,,
ClassicGumtree,13,7,9,1,0,3,0,0,16,3,0,0.7,,1300,,,,,5,,,
ClassicGumtree,13,7,9,1,0,3,0,0,17,3,0,0.799,,1300,,,,,5,,,
ClassicGumtree,13,7,9,1,0,3,0,0,32,3,0,0.899,,1300,,,,,5,,,
ClassicGumtree,13,7,9,1,0,3,0,0,16,3,0,0.999,,1300,,,,,5,,,
ClassicGumtree,13,7,9,1,0,3,0,0,33,3,0,0.1,,1400,,,,,1,,,
ClassicGumtree,13,7,9,1,0,3,0,0,51,3,0,0.2,,1400,,,,,1,,,
ClassicGumtree,13,7,9,1,0,3,0,0,35,3,0,0.3,,1400,,,,,1,,,
ClassicGumtree,13,7,9,1,0,3,0,0,41,3,0,0.4,,1400,,,,,1,,,
ClassicGumtree,13,7,9,1,0,3,0,0,50,3,0,0.5,,1400,,,,,1,,,
ClassicGumtree,13,7,9,1,0,3,0,0,61,3,0,0.6,,1400,,,,,1,,,
ClassicGumtree,13,7,9,1,0,3,0,0,33,3,0,0.7,,1400,,,,,1,,,
ClassicGumtree,13,7,9,1,0,3,0,0,60,3,0,0.799,,1400,,,,,1,,,
ClassicGumtree,13,7,9,1,0,3,0,0,64,3,0,0.899,,1400,,,,,1,,,
ClassicGumtree,13,7,9,1,0,3,0,0,32,3,0,0.999,,1400,,,,,1,,,
ClassicGumtree,13,7,9,1,0,3,0,0,33,3,0,0.1,,1400,,,,,2,,,
ClassicGumtree,13,7,9,1,0,3,0,0,62,3,0,0.2,,1400,,,,,2,,,
ClassicGumtree,13,7,9,1,0,3,0,0,32,3,0,0.3,,1400,,,,,2,,,
ClassicGumtree,13,7,9,1,0,3,0,0,32,3,0,0.4,,1400,,,,,2,,,
ClassicGumtree,13,7,9,1,0,3,0,0,51,3,0,0.5,,1400,,,,,2,,,
ClassicGumtree,13,7,9,1,0,3,0,0,64,3,0,0.6,,1400,,,,,2,,,
ClassicGumtree,13,7,9,1,0,3,0,0,51,3,0,0.7,,1400,,,,,2,,,
ClassicGumtree,13,7,9,1,0,3,0,0,32,3,0,0.799,,1400,,,,,2,,,
ClassicGumtree,13,7,9,1,0,3,0,0,33,3,0,0.899,,1400,,,,,2,,,
ClassicGumtree,13,7,9,1,0,3,0,0,33,3,0,0.999,,1400,,,,,2,,,
ClassicGumtree,13,7,9,1,0,3,0,0,33,3,0,0.1,,1400,,,,,3,,,
ClassicGumtree,13,7,9,1,0,3,0,0,33,3,0,0.2,,1400,,,,,3,,,
ClassicGumtree,13,7,9,1,0,3,0,0,64,3,0,0.3,,1400,,,,,3,,,
ClassicGumtree,13,7,9,1,0,3,0,0,64,3,0,0.4,,1400,,,,,3,,,
ClassicGumtree,13,7,9,1,0,3,0,0,68,3,0,0.5,,1400,,,,,3,,,
ClassicGumtree,13,7,9,1,0,3,0,0,35,3,0,0.6,,1400,,,,,3,,,
ClassicGumtree,13,7,9,1,0,3,0,0,51,3,0,0.7,,1400,,,,,3,,,
ClassicGumtree,13,7,9,1,0,3,0,0,28,3,0,0.799,,1400,,,,,3,,,
ClassicGumtree,13,7,9,1,0,3,0,0,16,3,0,0.899,,1400,,,,,3,,,
ClassicGumtree,13,7,9,1,0,3,0,0,17,3,0,0.999,,1400,,,,,3,,,
ClassicGumtree,13,7,9,1,0,3,0,0,64,3,0,0.1,,1400,,,,,4,,,
ClassicGumtree,13,7,9,1,0,3,0,0,48,3,0,0.2,,1400,,,,,4,,,
ClassicGumtree,13,7,9,1,0,3,0,0,32,3,0,0.3,,1400,,,,,4,,,
ClassicGumtree,13,7,9,1,0,3,0,0,33,3,0,0.4,,1400,,,,,4,,,
ClassicGumtree,13,7,9,1,0,3,0,0,64,3,0,0.5,,1400,,,,,4,,,
ClassicGumtree,13,7,9,1,0,3,0,0,34,3,0,0.6,,1400,,,,,4,,,
ClassicGumtree,13,7,9,1,0,3,0,0,34,3,0,0.7,,1400,,,,,4,,,
ClassicGumtree,13,7,9,1,0,3,0,0,16,3,0,0.799,,1400,,,,,4,,,
ClassicGumtree,13,7,9,1,0,3,0,0,16,3,0,0.899,,1400,,,,,4,,,
ClassicGumtree,13,7,9,1,0,3,0,0,33,3,0,0.999,,1400,,,,,4,,,
ClassicGumtree,13,7,9,1,0,3,0,0,34,3,0,0.1,,1400,,,,,5,,,
ClassicGumtree,13,7,9,1,0,3,0,0,69,3,0,0.2,,1400,,,,,5,,,
ClassicGumtree,13,7,9,1,0,3,0,0,32,3,0,0.3,,1400,,,,,5,,,
ClassicGumtree,13,7,9,1,0,3,0,0,35,3,0,0.4,,1400,,,,,5,,,
ClassicGumtree,13,7,9,1,0,3,0,0,32,3,0,0.5,,1400,,,,,5,,,
ClassicGumtree,13,7,9,1,0,3,0,0,17,3,0,0.6,,1400,,,,,5,,,
ClassicGumtree,13,7,9,1,0,3,0,0,35,3,0,0.7,,1400,,,,,5,,,
ClassicGumtree,13,7,9,1,0,3,0,0,35,3,0,0.799,,1400,,,,,5,,,
ClassicGumtree,13,7,9,1,0,3,0,0,16,3,0,0.899,,1400,,,,,5,,,
ClassicGumtree,13,7,9,1,0,3,0,0,32,3,0,0.999,,1400,,,,,5,,,
ClassicGumtree,13,7,9,1,0,3,0,0,35,3,0,0.1,,1500,,,,,1,,,
ClassicGumtree,13,7,9,1,0,3,0,0,69,3,0,0.2,,1500,,,,,1,,,
ClassicGumtree,13,7,9,1,0,3,0,0,41,3,0,0.3,,1500,,,,,1,,,
ClassicGumtree,13,7,9,1,0,3,0,0,33,3,0,0.4,,1500,,,,,1,,,
ClassicGumtree,13,7,9,1,0,3,0,0,51,3,0,0.5,,1500,,,,,1,,,
ClassicGumtree,13,7,9,1,0,3,0,0,32,3,0,0.6,,1500,,,,,1,,,
ClassicGumtree,13,7,9,1,0,3,0,0,69,3,0,0.7,,1500,,,,,1,,,
ClassicGumtree,13,7,9,1,0,3,0,0,34,3,0,0.799,,1500,,,,,1,,,
ClassicGumtree,13,7,9,1,0,3,0,0,65,3,0,0.899,,1500,,,,,1,,,
ClassicGumtree,13,7,9,1,0,3,0,0,18,3,0,0.999,,1500,,,,,1,,,
ClassicGumtree,13,7,9,1,0,3,0,0,36,3,0,0.1,,1500,,,,,2,,,
ClassicGumtree,13,7,9,1,0,3,0,0,32,3,0,0.2,,1500,,,,,2,,,
ClassicGumtree,13,7,9,1,0,3,0,0,33,3,0,0.3,,1500,,,,,2,,,
ClassicGumtree,13,7,9,1,0,3,0,0,65,3,0,0.4,,1500,,,,,2,,,
ClassicGumtree,13,7,9,1,0,3,0,0,35,3,0,0.5,,1500,,,,,2,,,
ClassicGumtree,13,7,9,1,0,3,0,0,53,3,0,0.6,,1500,,,,,2,,,
ClassicGumtree,13,7,9,1,0,3,0,0,50,3,0,0.7,,1500,,,,,2,,,
ClassicGumtree,13,7,9,1,0,3,0,0,64,3,0,0.799,,1500,,,,,2,,,
ClassicGumtree,13,7,9,1,0,3,0,0,17,3,0,0.899,,1500,,,,,2,,,
ClassicGumtree,13,7,9,1,0,3,0,0,17,3,0,0.999,,1500,,,,,2,,,
ClassicGumtree,13,7,9,1,0,3,0,0,33,3,0,0.1,,1500,,,,,3,,,
ClassicGumtree,13,7,9,1,0,3,0,0,65,3,0,0.2,,1500,,,,,3,,,
ClassicGumtree,13,7,9,1,0,3,0,0,48,3,0,0.3,,1500,,,,,3,,,
ClassicGumtree,13,7,9,1,0,3,0,0,69,3,0,0.4,,1500,,,,,3,,,
ClassicGumtree,13,7,9,1,0,3,0,0,32,3,0,0.5,,1500,,,,,3,,,
ClassicGumtree,13,7,9,1,0,3,0,0,68,3,0,0.6,,1500,,,,,3,,,
ClassicGumtree,13,7,9,1,0,3,0,0,32,3,0,0.7,,1500,,,,,3,,,
ClassicGumtree,13,7,9,1,0,3,0,0,35,3,0,0.799,,1500,,,,,3,,,
ClassicGumtree,13,7,9,1,0,3,0,0,17,3,0,0.899,,1500,,,,,3,,,
ClassicGumtree,13,7,9,1,0,3,0,0,16,3,0,0.999,,1500,,,,,3,,,
ClassicGumtree,13,7,9,1,0,3,0,0,64,3,0,0.1,,1500,,,,,4,,,
ClassicGumtree,13,7,9,1,0,3,0,0,34,3,0,0.2,,1500,,,,,4,,,
ClassicGumtree,13,7,9,1,0,3,0,0,50,3,0,0.3,,1500,,,,,4,,,
ClassicGumtree,13,7,9,1,0,3,0,0,64,3,0,0.4,,1500,,,,,4,,,
ClassicGumtree,13,7,9,1,0,3,0,0,32,3,0,0.5,,1500,,,,,4,,,
ClassicGumtree,13,7,9,1,0,3,0,0,44,3,0,0.6,,1500,,,,,4,,,
ClassicGumtree,13,7,9,1,0,3,0,0,67,3,0,0.7,,1500,,,,,4,,,
ClassicGumtree,13,7,9,1,0,3,0,0,35,3,0,0.799,,1500,,,,,4,,,
ClassicGumtree,13,7,9,1,0,3,0,0,35,3,0,0.899,,1500,,,,,4,,,
ClassicGumtree,13,7,9,1,0,3,0,0,33,3,0,0.999,,1500,,,,,4,,,
ClassicGumtree,13,7,9,1,0,3,0,0,35,3,0,0.1,,1500,,,,,5,,,
ClassicGumtree,13,7,9,1,0,3,0,0,32,3,0,0.2,,1500,,,,,5,,,
ClassicGumtree,13,7,9,1,0,3,0,0,86,3,0,0.3,,1500,,,,,5,,,
ClassicGumtree,13,7,9,1,0,3,0,0,35,3,0,0.4,,1500,,,,,5,,,
ClassicGumtree,13,7,9,1,0,3,0,0,65,3,0,0.5,,1500,,,,,5,,,
ClassicGumtree,13,7,9,1,0,3,0,0,36,3,0,0.6,,1500,,,,,5,,,
ClassicGumtree,13,7,9,1,0,3,0,0,35,3,0,0.7,,1500,,,,,5,,,
ClassicGumtree,13,7,9,1,0,3,0,0,37,3,0,0.799,,1500,,,,,5,,,
ClassicGumtree,13,7,9,1,0,3,0,0,33,3,0,0.899,,1500,,,,,5,,,
ClassicGumtree,13,7,9,1,0,3,0,0,17,3,0,0.999,,1500,,,,,5,,,
ClassicGumtree,13,7,9,1,0,3,0,0,33,3,0,0.1,,1600,,,,,1,,,
ClassicGumtree,13,7,9,1,0,3,0,0,55,3,0,0.2,,1600,,,,,1,,,
ClassicGumtree,13,7,9,1,0,3,0,0,35,3,0,0.3,,1600,,,,,1,,,
ClassicGumtree,13,7,9,1,0,3,0,0,35,3,0,0.4,,1600,,,,,1,,,
ClassicGumtree,13,7,9,1,0,3,0,0,66,3,0,0.5,,1600,,,,,1,,,
ClassicGumtree,13,7,9,1,0,3,0,0,86,3,0,0.6,,1600,,,,,1,,,
ClassicGumtree,13,7,9,1,0,3,0,0,32,3,0,0.7,,1600,,,,,1,,,
ClassicGumtree,13,7,9,1,0,3,0,0,34,3,0,0.799,,1600,,,,,1,,,
ClassicGumtree,13,7,9,1,0,3,0,0,32,3,0,0.899,,1600,,,,,1,,,
ClassicGumtree,13,7,9,1,0,3,0,0,33,3,0,0.999,,1600,,,,,1,,,
ClassicGumtree,13,7,9,1,0,3,0,0,36,3,0,0.1,,1600,,,,,2,,,
ClassicGumtree,13,7,9,1,0,3,0,0,35,3,0,0.2,,1600,,,,,2,,,
ClassicGumtree,13,7,9,1,0,3,0,0,33,3,0,0.3,,1600,,,,,2,,,
ClassicGumtree,13,7,9,1,0,3,0,0,34,3,0,0.4,,1600,,,,,2,,,
ClassicGumtree,13,7,9,1,0,3,0,0,33,3,0,0.5,,1600,,,,,2,,,
ClassicGumtree,13,7,9,1,0,3,0,0,65,3,0,0.6,,1600,,,,,2,,,
ClassicGumtree,13,7,9,1,0,3,0,0,71,3,0,0.7,,1600,,,,,2,,,
ClassicGumtree,13,7,9,1,0,3,0,0,65,3,0,0.799,,1600,,,,,2,,,
ClassicGumtree,13,7,9,1,0,3,0,0,18,3,0,0.899,,1600,,,,,2,,,
ClassicGumtree,13,7,9,1,0,3,0,0,32,3,0,0.999,,1600,,,,,2,,,
ClassicGumtree,13,7,9,1,0,3,0,0,66,3,0,0.1,,1600,,,,,3,,,
ClassicGumtree,13,7,9,1,0,3,0,0,33,3,0,0.2,,1600,,,,,3,,,
ClassicGumtree,13,7,9,1,0,3,0,0,33,3,0,0.3,,1600,,,,,3,,,
ClassicGumtree,13,7,9,1,0,3,0,0,32,3,0,0.4,,1600,,,,,3,,,
ClassicGumtree,13,7,9,1,0,3,0,0,35,3,0,0.5,,1600,,,,,3,,,
ClassicGumtree,13,7,9,1,0,3,0,0,69,3,0,0.6,,1600,,,,,3,,,
ClassicGumtree,13,7,9,1,0,3,0,0,65,3,0,0.7,,1600,,,,,3,,,
ClassicGumtree,13,7,9,1,0,3,0,0,16,3,0,0.799,,1600,,,,,3,,,
ClassicGumtree,13,7,9,1,0,3,0,0,16,3,0,0.899,,1600,,,,,3,,,
ClassicGumtree,13,7,9,1,0,3,0,0,33,3,0,0.999,,1600,,,,,3,,,
ClassicGumtree,13,7,9,1,0,3,0,0,33,3,0,0.1,,1600,,,,,4,,,
ClassicGumtree,13,7,9,1,0,3,0,0,35,3,0,0.2,,1600,,,,,4,,,
ClassicGumtree,13,7,9,1,0,3,0,0,35,3,0,0.3,,1600,,,,,4,,,
ClassicGumtree,13,7,9,1,0,3,0,0,65,3,0,0.4,,1600,,,,,4,,,
ClassicGumtree,13,7,9,1,0,3,0,0,34,3,0,0.5,,1600,,,,,4,,,
ClassicGumtree,13,7,9,1,0,3,0,0,33,3,0,0.6,,1600,,,,,4,,,
ClassicGumtree,13,7,9,1,0,3,0,0,65,3,0,0.7,,1600,,,,,4,,,
ClassicGumtree,13,7,9,1,0,3,0,0,16,3,0,0.799,,1600,,,,,4,,,
ClassicGumtree,13,7,9,1,0,3,0,0,27,3,0,0.899,,1600,,,,,4,,,
ClassicGumtree,13,7,9,1,0,3,0,0,18,3,0,0.999,,1600,,,,,4,,,
ClassicGumtree,13,7,9,1,0,3,0,0,34,3,0,0.1,,1600,,,,,5,,,
ClassicGumtree,13,7,9,1,0,3,0,0,32,3,0,0.2,,1600,,,,,5,,,
ClassicGumtree,13,7,9,1,0,3,0,0,32,3,0,0.3,,1600,,,,,5,,,
ClassicGumtree,13,7,9,1,0,3,0,0,35,3,0,0.4,,1600,,,,,5,,,
ClassicGumtree,13,7,9,1,0,3,0,0,48,3,0,0.5,,1600,,,,,5,,,
ClassicGumtree,13,7,9,1,0,3,0,0,51,3,0,0.6,,1600,,,,,5,,,
ClassicGumtree,13,7,9,1,0,3,0,0,18,3,0,0.7,,1600,,,,,5,,,
ClassicGumtree,13,7,9,1,0,3,0,0,32,3,0,0.799,,1600,,,,,5,,,
ClassicGumtree,13,7,9,1,0,3,0,0,16,3,0,0.899,,1600,,,,,5,,,
ClassicGumtree,13,7,9,1,0,3,0,0,35,3,0,0.999,,1600,,,,,5,,,
ClassicGumtree,13,7,9,1,0,3,0,0,34,3,0,0.1,,1700,,,,,1,,,
ClassicGumtree,13,7,9,1,0,3,0,0,65,3,0,0.2,,1700,,,,,1,,,
ClassicGumtree,13,7,9,1,0,3,0,0,33,3,0,0.3,,1700,,,,,1,,,
ClassicGumtree,13,7,9,1,0,3,0,0,35,3,0,0.4,,1700,,,,,1,,,
ClassicGumtree,13,7,9,1,0,3,0,0,66,3,0,0.5,,1700,,,,,1,,,
ClassicGumtree,13,7,9,1,0,3,0,0,33,3,0,0.6,,1700,,,,,1,,,
ClassicGumtree,13,7,9,1,0,3,0,0,65,3,0,0.7,,1700,,,,,1,,,
ClassicGumtree,13,7,9,1,0,3,0,0,34,3,0,0.799,,1700,,,,,1,,,
ClassicGumtree,13,7,9,1,0,3,0,0,52,3,0,0.899,,1700,,,,,1,,,
ClassicGumtree,13,7,9,1,0,3,0,0,17,3,0,0.999,,1700,,,,,1,,,
ClassicGumtree,13,7,9,1,0,3,0,0,68,3,0,0.1,,1700,,,,,2,,,
ClassicGumtree,13,7,9,1,0,3,0,0,33,3,0,0.2,,1700,,,,,2,,,
ClassicGumtree,13,7,9,1,0,3,0,0,52,3,0,0.3,,1700,,,,,2,,,
ClassicGumtree,13,7,9,1,0,3,0,0,32,3,0,0.4,,1700,,,,,2,,,
ClassicGumtree,13,7,9,1,0,3,0,0,34,3,0,0.5,,1700,,,,,2,,,
ClassicGumtree,13,7,9,1,0,3,0,0,51,3,0,0.6,,1700,,,,,2,,,
ClassicGumtree,13,7,9,1,0,3,0,0,64,3,0,0.7,,1700,,,,,2,,,
ClassicGumtree,13,7,9,1,0,3,0,0,32,3,0,0.799,,1700,,,,,2,,,
ClassicGumtree,13,7,9,1,0,3,0,0,33,3,0,0.899,,1700,,,,,2,,,
ClassicGumtree,13,7,9,1,0,3,0,0,17,3,0,0.999,,1700,,,,,2,,,
ClassicGumtree,13,7,9,1,0,3,0,0,33,3,0,0.1,,1700,,,,,3,,,
ClassicGumtree,13,7,9,1,0,3,0,0,35,3,0,0.2,,1700,,,,,3,,,
ClassicGumtree,13,7,9,1,0,3,0,0,37,3,0,0.3,,1700,,,,,3,,,
ClassicGumtree,13,7,9,1,0,3,0,0,51,3,0,0.4,,1700,,,,,3,,,
ClassicGumtree,13,7,9,1,0,3,0,0,35,3,0,0.5,,1700,,,,,3,,,
ClassicGumtree,13,7,9,1,0,3,0,0,64,3,0,0.6,,1700,,,,,3,,,
ClassicGumtree,13,7,9,1,0,3,0,0,32,3,0,0.7,,1700,,,,,3,,,
ClassicGumtree,13,7,9,1,0,3,0,0,32,3,0,0.799,,1700,,,,,3,,,
ClassicGumtree,13,7,9,1,0,3,0,0,32,3,0,0.899,,1700,,,,,3,,,
ClassicGumtree,13,7,9,1,0,3,0,0,16,3,0,0.999,,1700,,,,,3,,,
ClassicGumtree,13,7,9,1,0,3,0,0,33,3,0,0.1,,1700,,,,,4,,,
ClassicGumtree,13,7,9,1,0,3,0,0,64,3,0,0.2,,1700,,,,,4,,,
ClassicGumtree,13,7,9,1,0,3,0,0,85,3,0,0.3,,1700,,,,,4,,,
ClassicGumtree,13,7,9,1,0,3,0,0,32,3,0,0.4,,1700,,,,,4,,,
ClassicGumtree,13,7,9,1,0,3,0,0,32,3,0,0.5,,1700,,,,,4,,,
ClassicGumtree,13,7,9,1,0,3,0,0,32,3,0,0.6,,1700,,,,,4,,,
ClassicGumtree,13,7,9,1,0,3,0,0,64,3,0,0.7,,1700,,,,,4,,,
ClassicGumtree,13,7,9,1,0,3,0,0,32,3,0,0.799,,1700,,,,,4,,,
ClassicGumtree,13,7,9,1,0,3,0,0,18,3,0,0.899,,1700,,,,,4,,,
ClassicGumtree,13,7,9,1,0,3,0,0,18,3,0,0.999,,1700,,,,,4,,,
ClassicGumtree,13,7,9,1,0,3,0,0,33,3,0,0.1,,1700,,,,,5,,,
ClassicGumtree,13,7,9,1,0,3,0,0,35,3,0,0.2,,1700,,,,,5,,,
ClassicGumtree,13,7,9,1,0,3,0,0,32,3,0,0.3,,1700,,,,,5,,,
ClassicGumtree,13,7,9,1,0,3,0,0,32,3,0,0.4,,1700,,,,,5,,,
ClassicGumtree,13,7,9,1,0,3,0,0,50,3,0,0.5,,1700,,,,,5,,,
ClassicGumtree,13,7,9,1,0,3,0,0,18,3,0,0.6,,1700,,,,,5,,,
ClassicGumtree,13,7,9,1,0,3,0,0,32,3,0,0.7,,1700,,,,,5,,,
ClassicGumtree,13,7,9,1,0,3,0,0,17,3,0,0.799,,1700,,,,,5,,,
ClassicGumtree,13,7,9,1,0,3,0,0,32,3,0,0.899,,1700,,,,,5,,,
ClassicGumtree,13,7,9,1,0,3,0,0,33,3,0,0.999,,1700,,,,,5,,,
ClassicGumtree,13,7,9,1,0,3,0,0,65,3,0,0.1,,1800,,,,,1,,,
ClassicGumtree,13,7,9,1,0,3,0,0,35,3,0,0.2,,1800,,,,,1,,,
ClassicGumtree,13,7,9,1,0,3,0,0,33,3,0,0.3,,1800,,,,,1,,,
ClassicGumtree,13,7,9,1,0,3,0,0,70,3,0,0.4,,1800,,,,,1,,,
ClassicGumtree,13,7,9,1,0,3,0,0,66,3,0,0.5,,1800,,,,,1,,,
ClassicGumtree,13,7,9,1,0,3,0,0,38,3,0,0.6,,1800,,,,,1,,,
ClassicGumtree,13,7,9,1,0,3,0,0,53,3,0,0.7,,1800,,,,,1,,,
ClassicGumtree,13,7,9,1,0,3,0,0,35,3,0,0.799,,1800,,,,,1,,,
ClassicGumtree,13,7,9,1,0,3,0,0,53,3,0,0.899,,1800,,,,,1,,,
ClassicGumtree,13,7,9,1,0,3,0,0,33,3,0,0.999,,1800,,,,,1,,,
ClassicGumtree,13,7,9,1,0,3,0,0,34,3,0,0.1,,1800,,,,,2,,,
ClassicGumtree,13,7,9,1,0,3,0,0,52,3,0,0.2,,1800,,,,,2,,,
ClassicGumtree,13,7,9,1,0,3,0,0,34,3,0,0.3,,1800,,,,,2,,,
ClassicGumtree,13,7,9,1,0,3,0,0,53,3,0,0.4,,1800,,,,,2,,,
ClassicGumtree,13,7,9,1,0,3,0,0,64,3,0,0.5,,1800,,,,,2,,,
ClassicGumtree,13,7,9,1,0,3,0,0,56,3,0,0.6,,1800,,,,,2,,,
ClassicGumtree,13,7,9,1,0,3,0,0,32,3,0,0.7,,1800,,,,,2,,,
ClassicGumtree,13,7,9,1,0,3,0,0,34,3,0,0.799,,1800,,,,,2,,,
ClassicGumtree,13,7,9,1,0,3,0,0,33,3,0,0.899,,1800,,,,,2,,,
ClassicGumtree,13,7,9,1,0,3,0,0,18,3,0,0.999,,1800,,,,,2,,,
ClassicGumtree,13,7,9,1,0,3,0,0,64,3,0,0.1,,1800,,,,,3,,,
ClassicGumtree,13,7,9,1,0,3,0,0,35,3,0,0.2,,1800,,,,,3,,,
ClassicGumtree,13,7,9,1,0,3,0,0,51,3,0,0.3,,1800,,,,,3,,,
ClassicGumtree,13,7,9,1,0,3,0,0,34,3,0,0.4,,1800,,,,,3,,,
ClassicGumtree,13,7,9,1,0,3,0,0,32,3,0,0.5,,1800,,,,,3,,,
ClassicGumtree,13,7,9,1,0,3,0,0,49,3,0,0.6,,1800,,,,,3,,,
ClassicGumtree,13,7,9,1,0,3,0,0,81,3,0,0.7,,1800,,,,,3,,,
ClassicGumtree,13,7,9,1,0,3,0,0,32,3,0,0.799,,1800,,,,,3,,,
ClassicGumtree,13,7,9,1,0,3,0,0,19,3,0,0.899,,1800,,,,,3,,,
ClassicGumtree,13,7,9,1,0,3,0,0,49,3,0,0.999,,1800,,,,,3,,,
ClassicGumtree,13,7,9,1,0,3,0,0,35,3,0,0.1,,1800,,,,,4,,,
ClassicGumtree,13,7,9,1,0,3,0,0,32,3,0,0.2,,1800,,,,,4,,,
ClassicGumtree,13,7,9,1,0,3,0,0,32,3,0,0.3,,1800,,,,,4,,,
ClassicGumtree,13,7,9,1,0,3,0,0,35,3,0,0.4,,1800,,,,,4,,,
ClassicGumtree,13,7,9,1,0,3,0,0,35,3,0,0.5,,1800,,,,,4,,,
ClassicGumtree,13,7,9,1,0,3,0,0,33,3,0,0.6,,1800,,,,,4,,,
ClassicGumtree,13,7,9,1,0,3,0,0,64,3,0,0.7,,1800,,,,,4,,,
ClassicGumtree,13,7,9,1,0,3,0,0,51,3,0,0.799,,1800,,,,,4,,,
ClassicGumtree,13,7,9,1,0,3,0,0,17,3,0,0.899,,1800,,,,,4,,,
ClassicGumtree,13,7,9,1,0,3,0,0,18,3,0,0.999,,1800,,,,,4,,,
ClassicGumtree,13,7,9,1,0,3,0,0,33,3,0,0.1,,1800,,,,,5,,,
ClassicGumtree,13,7,9,1,0,3,0,0,61,3,0,0.2,,1800,,,,,5,,,
ClassicGumtree,13,7,9,1,0,3,0,0,36,3,0,0.3,,1800,,,,,5,,,
ClassicGumtree,13,7,9,1,0,3,0,0,35,3,0,0.4,,1800,,,,,5,,,
ClassicGumtree,13,7,9,1,0,3,0,0,49,3,0,0.5,,1800,,,,,5,,,
ClassicGumtree,13,7,9,1,0,3,0,0,16,3,0,0.6,,1800,,,,,5,,,
ClassicGumtree,13,7,9,1,0,3,0,0,18,3,0,0.7,,1800,,,,,5,,,
ClassicGumtree,13,7,9,1,0,3,0,0,35,3,0,0.799,,1800,,,,,5,,,
ClassicGumtree,13,7,9,1,0,3,0,0,32,3,0,0.899,,1800,,,,,5,,,
ClassicGumtree,13,7,9,1,0,3,0,0,16,3,0,0.999,,1800,,,,,5,,,
ClassicGumtree,13,7,9,1,0,3,0,0,35,3,0,0.1,,1900,,,,,1,,,
ClassicGumtree,13,7,9,1,0,3,0,0,60,3,0,0.2,,1900,,,,,1,,,
ClassicGumtree,13,7,9,1,0,3,0,0,35,3,0,0.3,,1900,,,,,1,,,
ClassicGumtree,13,7,9,1,0,3,0,0,35,3,0,0.4,,1900,,,,,1,,,
ClassicGumtree,13,7,9,1,0,3,0,0,33,3,0,0.5,,1900,,,,,1,,,
ClassicGumtree,13,7,9,1,0,3,0,0,70,3,0,0.6,,1900,,,,,1,,,
ClassicGumtree,13,7,9,1,0,3,0,0,82,3,0,0.7,,1900,,,,,1,,,
ClassicGumtree,13,7,9,1,0,3,0,0,63,3,0,0.799,,1900,,,,,1,,,
ClassicGumtree,13,7,9,1,0,3,0,0,64,3,0,0.899,,1900,,,,,1,,,
ClassicGumtree,13,7,9,1,0,3,0,0,33,3,0,0.999,,1900,,,,,1,,,
ClassicGumtree,13,7,9,1,0,3,0,0,66,3,0,0.1,,1900,,,,,2,,,
ClassicGumtree,13,7,9,1,0,3,0,0,35,3,0,0.2,,1900,,,,,2,,,
ClassicGumtree,13,7,9,1,0,3,0,0,59,3,0,0.3,,1900,,,,,2,,,
ClassicGumtree,13,7,9,1,0,3,0,0,33,3,0,0.4,,1900,,,,,2,,,
ClassicGumtree,13,7,9,1,0,3,0,0,49,3,0,0.5,,1900,,,,,2,,,
ClassicGumtree,13,7,9,1,0,3,0,0,36,3,0,0.6,,1900,,,,,2,,,
ClassicGumtree,13,7,9,1,0,3,0,0,33,3,0,0.7,,1900,,,,,2,,,
ClassicGumtree,13,7,9,1,0,3,0,0,49,3,0,0.799,,1900,,,,,2,,,
ClassicGumtree,13,7,9,1,0,3,0,0,34,3,0,0.899,,1900,,,,,2,,,
ClassicGumtree,13,7,9,1,0,3,0,0,29,3,0,0.999,,1900,,,,,2,,,
ClassicGumtree,13,7,9,1,0,3,0,0,51,3,0,0.1,,1900,,,,,3,,,
ClassicGumtree,13,7,9,1,0,3,0,0,65,3,0,0.2,,1900,,,,,3,,,
ClassicGumtree,13,7,9,1,0,3,0,0,49,3,0,0.3,,1900,,,,,3,,,
ClassicGumtree,13,7,9,1,0,3,0,0,61,3,0,0.4,,1900,,,,,3,,,
ClassicGumtree,13,7,9,1,0,3,0,0,32,3,0,0.5,,1900,,,,,3,,,
ClassicGumtree,13,7,9,1,0,3,0,0,32,3,0,0.6,,1900,,,,,3,,,
ClassicGumtree,13,7,9,1,0,3,0,0,34,3,0,0.7,,1900,,,,,3,,,
ClassicGumtree,13,7,9,1,0,3,0,0,32,3,0,0.799,,1900,,,,,3,,,
ClassicGumtree,13,7,9,1,0,3,0,0,63,3,0,0.899,,1900,,,,,3,,,
ClassicGumtree,13,7,9,1,0,3,0,0,17,3,0,0.999,,1900,,,,,3,,,
ClassicGumtree,13,7,9,1,0,3,0,0,32,3,0,0.1,,1900,,,,,4,,,
ClassicGumtree,13,7,9,1,0,3,0,0,33,3,0,0.2,,1900,,,,,4,,,
ClassicGumtree,13,7,9,1,0,3,0,0,35,3,0,0.3,,1900,,,,,4,,,
ClassicGumtree,13,7,9,1,0,3,0,0,33,3,0,0.4,,1900,,,,,4,,,
ClassicGumtree,13,7,9,1,0,3,0,0,43,3,0,0.5,,1900,,,,,4,,,
ClassicGumtree,13,7,9,1,0,3,0,0,44,3,0,0.6,,1900,,,,,4,,,
ClassicGumtree,13,7,9,1,0,3,0,0,49,3,0,0.7,,1900,,,,,4,,,
ClassicGumtree,13,7,9,1,0,3,0,0,35,3,0,0.799,,1900,,,,,4,,,
ClassicGumtree,13,7,9,1,0,3,0,0,54,3,0,0.899,,1900,,,,,4,,,
ClassicGumtree,13,7,9,1,0,3,0,0,17,3,0,0.999,,1900,,,,,4,,,
ClassicGumtree,13,7,9,1,0,3,0,0,62,3,0,0.1,,1900,,,,,5,,,
ClassicGumtree,13,7,9,1,0,3,0,0,34,3,0,0.2,,1900,,,,,5,,,
ClassicGumtree,13,7,9,1,0,3,0,0,34,3,0,0.3,,1900,,,,,5,,,
ClassicGumtree,13,7,9,1,0,3,0,0,32,3,0,0.4,,1900,,,,,5,,,
ClassicGumtree,13,7,9,1,0,3,0,0,98,3,0,0.5,,1900,,,,,5,,,
ClassicGumtree,13,7,9,1,0,3,0,0,16,3,0,0.6,,1900,,,,,5,,,
ClassicGumtree,13,7,9,1,0,3,0,0,51,3,0,0.7,,1900,,,,,5,,,
ClassicGumtree,13,7,9,1,0,3,0,0,33,3,0,0.799,,1900,,,,,5,,,
ClassicGumtree,13,7,9,1,0,3,0,0,40,3,0,0.899,,1900,,,,,5,,,
ClassicGumtree,13,7,9,1,0,3,0,0,17,3,0,0.999,,1900,,,,,5,,,
ClassicGumtree,13,7,9,1,0,3,0,0,35,3,0,0.1,,2000,,,,,1,,,
ClassicGumtree,13,7,9,1,0,3,0,0,35,3,0,0.2,,2000,,,,,1,,,
ClassicGumtree,13,7,9,1,0,3,0,0,56,3,0,0.3,,2000,,,,,1,,,
ClassicGumtree,13,7,9,1,0,3,0,0,33,3,0,0.4,,2000,,,,,1,,,
ClassicGumtree,13,7,9,1,0,3,0,0,33,3,0,0.5,,2000,,,,,1,,,
ClassicGumtree,13,7,9,1,0,3,0,0,49,3,0,0.6,,2000,,,,,1,,,
ClassicGumtree,13,7,9,1,0,3,0,0,61,3,0,0.7,,2000,,,,,1,,,
ClassicGumtree,13,7,9,1,0,3,0,0,84,3,0,0.799,,2000,,,,,1,,,
ClassicGumtree,13,7,9,1,0,3,0,0,64,3,0,0.899,,2000,,,,,1,,,
ClassicGumtree,13,7,9,1,0,3,0,0,18,3,0,0.999,,2000,,,,,1,,,
ClassicGumtree,13,7,9,1,0,3,0,0,65,3,0,0.1,,2000,,,,,2,,,
ClassicGumtree,13,7,9,1,0,3,0,0,33,3,0,0.2,,2000,,,,,2,,,
ClassicGumtree,13,7,9,1,0,3,0,0,33,3,0,0.3,,2000,,,,,2,,,
ClassicGumtree,13,7,9,1,0,3,0,0,35,3,0,0.4,,2000,,,,,2,,,
ClassicGumtree,13,7,9,1,0,3,0,0,36,3,0,0.5,,2000,,,,,2,,,
ClassicGumtree,13,7,9,1,0,3,0,0,33,3,0,0.6,,2000,,,,,2,,,
ClassicGumtree,13,7,9,1,0,3,0,0,32,3,0,0.7,,2000,,,,,2,,,
ClassicGumtree,13,7,9,1,0,3,0,0,93,3,0,0.799,,2000,,,,,2,,,
ClassicGumtree,13,7,9,1,0,3,0,0,16,3,0,0.899,,2000,,,,,2,,,
ClassicGumtree,13,7,9,1,0,3,0,0,32,3,0,0.999,,2000,,,,,2,,,
ClassicGumtree,13,7,9,1,0,3,0,0,35,3,0,0.1,,2000,,,,,3,,,
ClassicGumtree,13,7,9,1,0,3,0,0,64,3,0,0.2,,2000,,,,,3,,,
ClassicGumtree,13,7,9,1,0,3,0,0,35,3,0,0.3,,2000,,,,,3,,,
ClassicGumtree,13,7,9,1,0,3,0,0,99,3,0,0.4,,2000,,,,,3,,,
ClassicGumtree,13,7,9,1,0,3,0,0,32,3,0,0.5,,2000,,,,,3,,,
ClassicGumtree,13,7,9,1,0,3,0,0,69,3,0,0.6,,2000,,,,,3,,,
ClassicGumtree,13,7,9,1,0,3,0,0,32,3,0,0.7,,2000,,,,,3,,,
ClassicGumtree,13,7,9,1,0,3,0,0,19,3,0,0.799,,2000,,,,,3,,,
ClassicGumtree,13,7,9,1,0,3,0,0,32,3,0,0.899,,2000,,,,,3,,,
ClassicGumtree,13,7,9,1,0,3,0,0,17,3,0,0.999,,2000,,,,,3,,,
ClassicGumtree,13,7,9,1,0,3,0,0,55,3,0,0.1,,2000,,,,,4,,,
ClassicGumtree,13,7,9,1,0,3,0,0,34,3,0,0.2,,2000,,,,,4,,,
ClassicGumtree,13,7,9,1,0,3,0,0,50,3,0,0.3,,2000,,,,,4,,,
ClassicGumtree,13,7,9,1,0,3,0,0,32,3,0,0.4,,2000,,,,,4,,,
ClassicGumtree,13,7,9,1,0,3,0,0,34,3,0,0.5,,2000,,,,,4,,,
ClassicGumtree,13,7,9,1,0,3,0,0,62,3,0,0.6,,2000,,,,,4,,,
ClassicGumtree,13,7,9,1,0,3,0,0,32,3,0,0.7,,2000,,,,,4,,,
ClassicGumtree,13,7,9,1,0,3,0,0,17,3,0,0.799,,2000,,,,,4,,,
ClassicGumtree,13,7,9,1,0,3,0,0,40,3,0,0.899,,2000,,,,,4,,,
ClassicGumtree,13,7,9,1,0,3,0,0,17,3,0,0.999,,2000,,,,,4,,,
ClassicGumtree,13,7,9,1,0,3,0,0,63,3,0,0.1,,2000,,,,,5,,,
ClassicGumtree,13,7,9,1,0,3,0,0,34,3,0,0.2,,2000,,,,,5,,,
ClassicGumtree,13,7,9,1,0,3,0,0,57,3,0,0.3,,2000,,,,,5,,,
ClassicGumtree,13,7,9,1,0,3,0,0,35,3,0,0.4,,2000,,,,,5,,,
ClassicGumtree,13,7,9,1,0,3,0,0,50,3,0,0.5,,2000,,,,,5,,,
ClassicGumtree,13,7,9,1,0,3,0,0,16,3,0,0.6,,2000,,,,,5,,,
ClassicGumtree,13,7,9,1,0,3,0,0,16,3,0,0.7,,2000,,,,,5,,,
ClassicGumtree,13,7,9,1,0,3,0,0,33,3,0,0.799,,2000,,,,,5,,,
ClassicGumtree,13,7,9,1,0,3,0,0,17,3,0,0.899,,2000,,,,,5,,,
ClassicGumtree,13,7,9,1,0,3,0,0,17,3,0,0.999,,2000,,,,,5,,,
CompleteGumtreeMatcher,29,13,13,5,0,11,0,0,0,3,0,0.1,,100,,,,,1,,,
CompleteGumtreeMatcher,29,13,13,5,0,11,0,0,0,3,0,0.2,,100,,,,,1,,,
CompleteGumtreeMatcher,29,13,13,5,0,11,0,0,1,3,0,0.3,,100,,,,,1,,,
CompleteGumtreeMatcher,29,13,13,5,0,11,0,0,0,3,0,0.4,,100,,,,,1,,,
CompleteGumtreeMatcher,29,13,13,5,0,11,0,0,1,3,0,0.5,,100,,,,,1,,,
CompleteGumtreeMatcher,29,13,13,5,0,11,0,0,0,3,0,0.6,,100,,,,,1,,,
CompleteGumtreeMatcher,29,13,13,5,0,11,0,0,0,3,0,0.7,,100,,,,,1,,,
CompleteGumtreeMatcher,29,13,13,5,0,11,0,0,0,3,0,0.799,,100,,,,,1,,,
CompleteGumtreeMatcher,29,13,13,5,0,11,0,0,0,3,0,0.899,,100,,,,,1,,,
CompleteGumtreeMatcher,29,13,13,5,0,11,0,0,1,3,0,0.999,,100,,,,,1,,,
CompleteGumtreeMatcher,47,7,25,17,0,5,0,0,0,3,0,0.1,,100,,,,,2,,,
CompleteGumtreeMatcher,47,7,25,17,0,5,0,0,1,3,0,0.2,,100,,,,,2,,,
CompleteGumtreeMatcher,47,7,25,17,0,5,0,0,0,3,0,0.3,,100,,,,,2,,,
CompleteGumtreeMatcher,47,7,25,17,0,5,0,0,1,3,0,0.4,,100,,,,,2,,,
CompleteGumtreeMatcher,47,7,25,17,0,5,0,0,0,3,0,0.5,,100,,,,,2,,,
CompleteGumtreeMatcher,47,7,25,17,0,5,0,0,0,3,0,0.6,,100,,,,,2,,,
CompleteGumtreeMatcher,47,7,25,17,0,5,0,0,1,3,0,0.7,,100,,,,,2,,,
CompleteGumtreeMatcher,47,7,25,17,0,5,0,0,0,3,0,0.799,,100,,,,,2,,,
CompleteGumtreeMatcher,47,7,25,17,0,5,0,0,1,3,0,0.899,,100,,,,,2,,,
CompleteGumtreeMatcher,47,7,25,17,0,5,0,0,0,3,0,0.999,,100,,,,,2,,,
CompleteGumtreeMatcher,54,6,29,21,0,4,0,0,0,3,0,0.1,,100,,,,,3,,,
CompleteGumtreeMatcher,54,6,29,21,0,4,0,0,1,3,0,0.2,,100,,,,,3,,,
CompleteGumtreeMatcher,54,6,29,21,0,4,0,0,0,3,0,0.3,,100,,,,,3,,,
CompleteGumtreeMatcher,54,6,29,21,0,4,0,0,1,3,0,0.4,,100,,,,,3,,,
CompleteGumtreeMatcher,54,6,29,21,0,4,0,0,0,3,0,0.5,,100,,,,,3,,,
CompleteGumtreeMatcher,54,6,29,21,0,4,0,0,0,3,0,0.6,,100,,,,,3,,,
CompleteGumtreeMatcher,54,6,29,21,0,4,0,0,1,3,0,0.7,,100,,,,,3,,,
CompleteGumtreeMatcher,54,6,29,21,0,4,0,0,0,3,0,0.799,,100,,,,,3,,,
CompleteGumtreeMatcher,54,6,29,21,0,4,0,0,0,3,0,0.899,,100,,,,,3,,,
CompleteGumtreeMatcher,54,6,29,21,0,4,0,0,0,3,0,0.999,,100,,,,,3,,,
CompleteGumtreeMatcher,63,5,34,26,0,3,0,0,0,3,0,0.1,,100,,,,,4,,,
CompleteGumtreeMatcher,63,5,34,26,0,3,0,0,81,3,0,0.2,,100,,,,,4,,,
CompleteGumtreeMatcher,63,5,34,26,0,3,0,0,0,3,0,0.3,,100,,,,,4,,,
CompleteGumtreeMatcher,63,5,34,26,0,3,0,0,0,3,0,0.4,,100,,,,,4,,,
CompleteGumtreeMatcher,63,5,34,26,0,3,0,0,1,3,0,0.5,,100,,,,,4,,,
CompleteGumtreeMatcher,63,5,34,26,0,3,0,0,0,3,0,0.6,,100,,,,,4,,,
CompleteGumtreeMatcher,63,5,34,26,0,3,0,0,1,3,0,0.7,,100,,,,,4,,,
CompleteGumtreeMatcher,63,5,34,26,0,3,0,0,0,3,0,0.799,,100,,,,,4,,,
CompleteGumtreeMatcher,63,5,34,26,0,3,0,0,0,3,0,0.899,,100,,,,,4,,,
CompleteGumtreeMatcher,63,5,34,26,0,3,0,0,1,3,0,0.999,,100,,,,,4,,,
CompleteGumtreeMatcher,102,4,54,46,0,2,0,0,0,3,0,0.1,,100,,,,,5,,,
CompleteGumtreeMatcher,102,4,54,46,0,2,0,0,1,3,0,0.2,,100,,,,,5,,,
CompleteGumtreeMatcher,102,4,54,46,0,2,0,0,0,3,0,0.3,,100,,,,,5,,,
CompleteGumtreeMatcher,102,4,54,46,0,2,0,0,0,3,0,0.4,,100,,,,,5,,,
CompleteGumtreeMatcher,102,4,54,46,0,2,0,0,0,3,0,0.5,,100,,,,,5,,,
CompleteGumtreeMatcher,102,4,54,46,0,2,0,0,0,3,0,0.6,,100,,,,,5,,,
CompleteGumtreeMatcher,102,4,54,46,0,2,0,0,1,3,0,0.7,,100,,,,,5,,,
CompleteGumtreeMatcher,102,4,54,46,0,2,0,0,0,3,0,0.799,,100,,,,,5,,,
CompleteGumtreeMatcher,102,4,54,46,0,2,0,0,1,3,0,0.899,,100,,,,,5,,,
CompleteGumtreeMatcher,102,4,54,46,0,2,0,0,0,3,0,0.999,,100,,,,,5,,,
CompleteGumtreeMatcher,13,7,9,1,0,3,0,0,137,3,0,0.1,,200,,,,,1,,,
CompleteGumtreeMatcher,13,7,9,1,0,3,0,0,88,3,0,0.2,,200,,,,,1,,,
CompleteGumtreeMatcher,13,7,9,1,0,3,0,0,100,3,0,0.3,,200,,,,,1,,,
CompleteGumtreeMatcher,13,7,9,1,0,3,0,0,72,3,0,0.4,,200,,,,,1,,,
CompleteGumtreeMatcher,13,7,9,1,0,3,0,0,60,3,0,0.5,,200,,,,,1,,,
CompleteGumtreeMatcher,13,7,9,1,0,3,0,0,60,3,0,0.6,,200,,,,,1,,,
CompleteGumtreeMatcher,13,7,9,1,0,3,0,0,52,3,0,0.7,,200,,,,,1,,,
CompleteGumtreeMatcher,13,7,9,1,0,3,0,0,77,3,0,0.799,,200,,,,,1,,,
CompleteGumtreeMatcher,13,7,9,1,0,3,0,0,32,3,0,0.899,,200,,,,,1,,,
CompleteGumtreeMatcher,13,7,9,1,0,3,0,0,32,3,0,0.999,,200,,,,,1,,,
CompleteGumtreeMatcher,13,7,9,1,0,3,0,0,17,3,0,0.1,,200,,,,,2,,,
CompleteGumtreeMatcher,13,7,9,1,0,3,0,0,33,3,0,0.2,,200,,,,,2,,,
CompleteGumtreeMatcher,13,7,9,1,0,3,0,0,33,3,0,0.3,,200,,,,,2,,,
CompleteGumtreeMatcher,13,7,9,1,0,3,0,0,68,3,0,0.4,,200,,,,,2,,,
CompleteGumtreeMatcher,13,7,9,1,0,3,0,0,43,3,0,0.5,,200,,,,,2,,,
CompleteGumtreeMatcher,13,7,9,1,0,3,0,0,16,3,0,0.6,,200,,,,,2,,,
CompleteGumtreeMatcher,13,7,9,1,0,3,0,0,32,3,0,0.7,,200,,,,,2,,,
CompleteGumtreeMatcher,13,7,9,1,0,3,0,0,32,3,0,0.799,,200,,,,,2,,,
CompleteGumtreeMatcher,13,7,9,1,0,3,0,0,55,3,0,0.899,,200,,,,,2,,,
CompleteGumtreeMatcher,13,7,9,1,0,3,0,0,32,3,0,0.999,,200,,,,,2,,,
CompleteGumtreeMatcher,13,7,9,1,0,3,0,0,16,3,0,0.1,,200,,,,,3,,,
CompleteGumtreeMatcher,13,7,9,1,0,3,0,0,32,3,0,0.2,,200,,,,,3,,,
CompleteGumtreeMatcher,13,7,9,1,0,3,0,0,16,3,0,0.3,,200,,,,,3,,,
CompleteGumtreeMatcher,13,7,9,1,0,3,0,0,45,3,0,0.4,,200,,,,,3,,,
CompleteGumtreeMatcher,13,7,9,1,0,3,0,0,47,3,0,0.5,,200,,,,,3,,,
CompleteGumtreeMatcher,13,7,9,1,0,3,0,0,41,3,0,0.6,,200,,,,,3,,,
CompleteGumtreeMatcher,13,7,9,1,0,3,0,0,28,3,0,0.7,,200,,,,,3,,,
CompleteGumtreeMatcher,13,7,9,1,0,3,0,0,17,3,0,0.799,,200,,,,,3,,,
CompleteGumtreeMatcher,13,7,9,1,0,3,0,0,28,3,0,0.899,,200,,,,,3,,,
CompleteGumtreeMatcher,13,7,9,1,0,3,0,0,33,3,0,0.999,,200,,,,,3,,,
CompleteGumtreeMatcher,13,7,9,1,0,3,0,0,16,3,0,0.1,,200,,,,,4,,,
CompleteGumtreeMatcher,13,7,9,1,0,3,0,0,74,3,0,0.2,,200,,,,,4,,,
CompleteGumtreeMatcher,13,7,9,1,0,3,0,0,16,3,0,0.3,,200,,,,,4,,,
CompleteGumtreeMatcher,13,7,9,1,0,3,0,0,16,3,0,0.4,,200,,,,,4,,,
CompleteGumtreeMatcher,13,7,9,1,0,3,0,0,83,3,0,0.5,,200,,,,,4,,,
CompleteGumtreeMatcher,13,7,9,1,0,3,0,0,16,3,0,0.6,,200,,,,,4,,,
CompleteGumtreeMatcher,13,7,9,1,0,3,0,0,16,3,0,0.7,,200,,,,,4,,,
CompleteGumtreeMatcher,13,7,9,1,0,3,0,0,32,3,0,0.799,,200,,,,,4,,,
CompleteGumtreeMatcher,13,7,9,1,0,3,0,0,64,3,0,0.899,,200,,,,,4,,,
CompleteGumtreeMatcher,13,7,9,1,0,3,0,0,32,3,0,0.999,,200,,,,,4,,,
CompleteGumtreeMatcher,13,7,9,1,0,3,0,0,66,3,0,0.1,,200,,,,,5,,,
CompleteGumtreeMatcher,13,7,9,1,0,3,0,0,17,3,0,0.2,,200,,,,,5,,,
CompleteGumtreeMatcher,13,7,9,1,0,3,0,0,35,3,0,0.3,,200,,,,,5,,,
CompleteGumtreeMatcher,13,7,9,1,0,3,0,0,17,3,0,0.4,,200,,,,,5,,,
CompleteGumtreeMatcher,13,7,9,1,0,3,0,0,16,3,0,0.5,,200,,,,,5,,,
CompleteGumtreeMatcher,13,7,9,1,0,3,0,0,16,3,0,0.6,,200,,,,,5,,,
CompleteGumtreeMatcher,13,7,9,1,0,3,0,0,16,3,0,0.7,,200,,,,,5,,,
CompleteGumtreeMatcher,13,7,9,1,0,3,0,0,17,3,0,0.799,,200,,,,,5,,,
CompleteGumtreeMatcher,13,7,9,1,0,3,0,0,33,3,0,0.899,,200,,,,,5,,,
CompleteGumtreeMatcher,13,7,9,1,0,3,0,0,32,3,0,0.999,,200,,,,,5,,,
CompleteGumtreeMatcher,13,7,9,1,0,3,0,0,16,3,0,0.1,,300,,,,,1,,,
CompleteGumtreeMatcher,13,7,9,1,0,3,0,0,16,3,0,0.2,,300,,,,,1,,,
CompleteGumtreeMatcher,13,7,9,1,0,3,0,0,35,3,0,0.3,,300,,,,,1,,,
CompleteGumtreeMatcher,13,7,9,1,0,3,0,0,16,3,0,0.4,,300,,,,,1,,,
CompleteGumtreeMatcher,13,7,9,1,0,3,0,0,62,3,0,0.5,,300,,,,,1,,,
CompleteGumtreeMatcher,13,7,9,1,0,3,0,0,17,3,0,0.6,,300,,,,,1,,,
CompleteGumtreeMatcher,13,7,9,1,0,3,0,0,17,3,0,0.7,,300,,,,,1,,,
CompleteGumtreeMatcher,13,7,9,1,0,3,0,0,32,3,0,0.799,,300,,,,,1,,,
CompleteGumtreeMatcher,13,7,9,1,0,3,0,0,16,3,0,0.899,,300,,,,,1,,,
CompleteGumtreeMatcher,13,7,9,1,0,3,0,0,61,3,0,0.999,,300,,,,,1,,,
CompleteGumtreeMatcher,13,7,9,1,0,3,0,0,32,3,0,0.1,,300,,,,,2,,,
CompleteGumtreeMatcher,13,7,9,1,0,3,0,0,59,3,0,0.2,,300,,,,,2,,,
CompleteGumtreeMatcher,13,7,9,1,0,3,0,0,16,3,0,0.3,,300,,,,,2,,,
CompleteGumtreeMatcher,13,7,9,1,0,3,0,0,16,3,0,0.4,,300,,,,,2,,,
CompleteGumtreeMatcher,13,7,9,1,0,3,0,0,51,3,0,0.5,,300,,,,,2,,,
CompleteGumtreeMatcher,13,7,9,1,0,3,0,0,35,3,0,0.6,,300,,,,,2,,,
CompleteGumtreeMatcher,13,7,9,1,0,3,0,0,17,3,0,0.7,,300,,,,,2,,,
CompleteGumtreeMatcher,13,7,9,1,0,3,0,0,16,3,0,0.799,,300,,,,,2,,,
CompleteGumtreeMatcher,13,7,9,1,0,3,0,0,32,3,0,0.899,,300,,,,,2,,,
CompleteGumtreeMatcher,13,7,9,1,0,3,0,0,32,3,0,0.999,,300,,,,,2,,,
CompleteGumtreeMatcher,13,7,9,1,0,3,0,0,16,3,0,0.1,,300,,,,,3,,,
CompleteGumtreeMatcher,13,7,9,1,0,3,0,0,16,3,0,0.2,,300,,,,,3,,,
CompleteGumtreeMatcher,13,7,9,1,0,3,0,0,33,3,0,0.3,,300,,,,,3,,,
CompleteGumtreeMatcher,13,7,9,1,0,3,0,0,16,3,0,0.4,,300,,,,,3,,,
CompleteGumtreeMatcher,13,7,9,1,0,3,0,0,60,3,0,0.5,,300,,,,,3,,,
CompleteGumtreeMatcher,13,7,9,1,0,3,0,0,16,3,0,0.6,,300,,,,,3,,,
CompleteGumtreeMatcher,13,7,9,1,0,3,0,0,28,3,0,0.7,,300,,,,,3,,,
CompleteGumtreeMatcher,13,7,9,1,0,3,0,0,18,3,0,0.799,,300,,,,,3,,,
CompleteGumtreeMatcher,13,7,9,1,0,3,0,0,33,3,0,0.899,,300,,,,,3,,,
CompleteGumtreeMatcher,13,7,9,1,0,3,0,0,16,3,0,0.999,,300,,,,,3,,,
CompleteGumtreeMatcher,13,7,9,1,0,3,0,0,47,3,0,0.1,,300,,,,,4,,,
CompleteGumtreeMatcher,13,7,9,1,0,3,0,0,16,3,0,0.2,,300,,,,,4,,,
CompleteGumtreeMatcher,13,7,9,1,0,3,0,0,16,3,0,0.3,,300,,,,,4,,,
CompleteGumtreeMatcher,13,7,9,1,0,3,0,0,30,3,0,0.4,,300,,,,,4,,,
CompleteGumtreeMatcher,13,7,9,1,0,3,0,0,16,3,0,0.5,,300,,,,,4,,,
CompleteGumtreeMatcher,13,7,9,1,0,3,0,0,18,3,0,0.6,,300,,,,,4,,,
CompleteGumtreeMatcher,13,7,9,1,0,3,0,0,16,3,0,0.7,,300,,,,,4,,,
CompleteGumtreeMatcher,13,7,9,1,0,3,0,0,33,3,0,0.799,,300,,,,,4,,,
CompleteGumtreeMatcher,13,7,9,1,0,3,0,0,34,3,0,0.899,,300,,,,,4,,,
CompleteGumtreeMatcher,13,7,9,1,0,3,0,0,16,3,0,0.999,,300,,,,,4,,,
CompleteGumtreeMatcher,13,7,9,1,0,3,0,0,32,3,0,0.1,,300,,,,,5,,,
CompleteGumtreeMatcher,13,7,9,1,0,3,0,0,32,3,0,0.2,,300,,,,,5,,,
CompleteGumtreeMatcher,13,7,9,1,0,3,0,0,41,3,0,0.3,,300,,,,,5,,,
CompleteGumtreeMatcher,13,7,9,1,0,3,0,0,16,3,0,0.4,,300,,,,,5,,,
CompleteGumtreeMatcher,13,7,9,1,0,3,0,0,32,3,0,0.5,,300,,,,,5,,,
CompleteGumtreeMatcher,13,7,9,1,0,3,0,0,39,3,0,0.6,,300,,,,,5,,,
CompleteGumtreeMatcher,13,7,9,1,0,3,0,0,33,3,0,0.7,,300,,,,,5,,,
CompleteGumtreeMatcher,13,7,9,1,0,3,0,0,17,3,0,0.799,,300,,,,,5,,,
CompleteGumtreeMatcher,13,7,9,1,0,3,0,0,16,3,0,0.899,,300,,,,,5,,,
CompleteGumtreeMatcher,13,7,9,1,0,3,0,0,39,3,0,0.999,,300,,,,,5,,,
CompleteGumtreeMatcher,13,7,9,1,0,3,0,0,28,3,0,0.1,,400,,,,,1,,,
CompleteGumtreeMatcher,13,7,9,1,0,3,0,0,33,3,0,0.2,,400,,,,,1,,,
CompleteGumtreeMatcher,13,7,9,1,0,3,0,0,16,3,0,0.3,,400,,,,,1,,,
CompleteGumtreeMatcher,13,7,9,1,0,3,0,0,16,3,0,0.4,,400,,,,,1,,,
CompleteGumtreeMatcher,13,7,9,1,0,3,0,0,32,3,0,0.5,,400,,,,,1,,,
CompleteGumtreeMatcher,13,7,9,1,0,3,0,0,36,3,0,0.6,,400,,,,,1,,,
CompleteGumtreeMatcher,13,7,9,1,0,3,0,0,28,3,0,0.7,,400,,,,,1,,,
CompleteGumtreeMatcher,13,7,9,1,0,3,0,0,32,3,0,0.799,,400,,,,,1,,,
CompleteGumtreeMatcher,13,7,9,1,0,3,0,0,16,3,0,0.899,,400,,,,,1,,,
CompleteGumtreeMatcher,13,7,9,1,0,3,0,0,35,3,0,0.999,,400,,,,,1,,,
CompleteGumtreeMatcher,13,7,9,1,0,3,0,0,17,3,0,0.1,,400,,,,,2,,,
CompleteGumtreeMatcher,13,7,9,1,0,3,0,0,38,3,0,0.2,,400,,,,,2,,,
CompleteGumtreeMatcher,13,7,9,1,0,3,0,0,29,3,0,0.3,,400,,,,,2,,,
CompleteGumtreeMatcher,13,7,9,1,0,3,0,0,32,3,0,0.4,,400,,,,,2,,,
CompleteGumtreeMatcher,13,7,9,1,0,3,0,0,33,3,0,0.5,,400,,,,,2,,,
CompleteGumtreeMatcher,13,7,9,1,0,3,0,0,16,3,0,0.6,,400,,,,,2,,,
CompleteGumtreeMatcher,13,7,9,1,0,3,0,0,16,3,0,0.7,,400,,,,,2,,,
CompleteGumtreeMatcher,13,7,9,1,0,3,0,0,33,3,0,0.799,,400,,,,,2,,,
CompleteGumtreeMatcher,13,7,9,1,0,3,0,0,28,3,0,0.899,,400,,,,,2,,,
CompleteGumtreeMatcher,13,7,9,1,0,3,0,0,43,3,0,0.999,,400,,,,,2,,,
CompleteGumtreeMatcher,13,7,9,1,0,3,0,0,16,3,0,0.1,,400,,,,,3,,,
CompleteGumtreeMatcher,13,7,9,1,0,3,0,0,16,3,0,0.2,,400,,,,,3,,,
CompleteGumtreeMatcher,13,7,9,1,0,3,0,0,34,3,0,0.3,,400,,,,,3,,,
CompleteGumtreeMatcher,13,7,9,1,0,3,0,0,32,3,0,0.4,,400,,,,,3,,,
CompleteGumtreeMatcher,13,7,9,1,0,3,0,0,35,3,0,0.5,,400,,,,,3,,,
CompleteGumtreeMatcher,13,7,9,1,0,3,0,0,32,3,0,0.6,,400,,,,,3,,,
CompleteGumtreeMatcher,13,7,9,1,0,3,0,0,34,3,0,0.7,,400,,,,,3,,,
CompleteGumtreeMatcher,13,7,9,1,0,3,0,0,16,3,0,0.799,,400,,,,,3,,,
CompleteGumtreeMatcher,13,7,9,1,0,3,0,0,32,3,0,0.899,,400,,,,,3,,,
CompleteGumtreeMatcher,13,7,9,1,0,3,0,0,17,3,0,0.999,,400,,,,,3,,,
CompleteGumtreeMatcher,13,7,9,1,0,3,0,0,16,3,0,0.1,,400,,,,,4,,,
CompleteGumtreeMatcher,13,7,9,1,0,3,0,0,32,3,0,0.2,,400,,,,,4,,,
CompleteGumtreeMatcher,13,7,9,1,0,3,0,0,16,3,0,0.3,,400,,,,,4,,,
CompleteGumtreeMatcher,13,7,9,1,0,3,0,0,34,3,0,0.4,,400,,,,,4,,,
CompleteGumtreeMatcher,13,7,9,1,0,3,0,0,34,3,0,0.5,,400,,,,,4,,,
CompleteGumtreeMatcher,13,7,9,1,0,3,0,0,32,3,0,0.6,,400,,,,,4,,,
CompleteGumtreeMatcher,13,7,9,1,0,3,0,0,32,3,0,0.7,,400,,,,,4,,,
CompleteGumtreeMatcher,13,7,9,1,0,3,0,0,32,3,0,0.799,,400,,,,,4,,,
CompleteGumtreeMatcher,13,7,9,1,0,3,0,0,34,3,0,0.899,,400,,,,,4,,,
CompleteGumtreeMatcher,13,7,9,1,0,3,0,0,28,3,0,0.999,,400,,,,,4,,,
CompleteGumtreeMatcher,13,7,9,1,0,3,0,0,16,3,0,0.1,,400,,,,,5,,,
CompleteGumtreeMatcher,13,7,9,1,0,3,0,0,35,3,0,0.2,,400,,,,,5,,,
CompleteGumtreeMatcher,13,7,9,1,0,3,0,0,33,3,0,0.3,,400,,,,,5,,,
CompleteGumtreeMatcher,13,7,9,1,0,3,0,0,16,3,0,0.4,,400,,,,,5,,,
CompleteGumtreeMatcher,13,7,9,1,0,3,0,0,34,3,0,0.5,,400,,,,,5,,,
CompleteGumtreeMatcher,13,7,9,1,0,3,0,0,33,3,0,0.6,,400,,,,,5,,,
CompleteGumtreeMatcher,13,7,9,1,0,3,0,0,35,3,0,0.7,,400,,,,,5,,,
CompleteGumtreeMatcher,13,7,9,1,0,3,0,0,32,3,0,0.799,,400,,,,,5,,,
CompleteGumtreeMatcher,13,7,9,1,0,3,0,0,41,3,0,0.899,,400,,,,,5,,,
CompleteGumtreeMatcher,13,7,9,1,0,3,0,0,32,3,0,0.999,,400,,,,,5,,,
CompleteGumtreeMatcher,13,7,9,1,0,3,0,0,16,3,0,0.1,,500,,,,,1,,,
CompleteGumtreeMatcher,13,7,9,1,0,3,0,0,35,3,0,0.2,,500,,,,,1,,,
CompleteGumtreeMatcher,13,7,9,1,0,3,0,0,35,3,0,0.3,,500,,,,,1,,,
CompleteGumtreeMatcher,13,7,9,1,0,3,0,0,32,3,0,0.4,,500,,,,,1,,,
CompleteGumtreeMatcher,13,7,9,1,0,3,0,0,16,3,0,0.5,,500,,,,,1,,,
CompleteGumtreeMatcher,13,7,9,1,0,3,0,0,35,3,0,0.6,,500,,,,,1,,,
CompleteGumtreeMatcher,13,7,9,1,0,3,0,0,16,3,0,0.7,,500,,,,,1,,,
CompleteGumtreeMatcher,13,7,9,1,0,3,0,0,33,3,0,0.799,,500,,,,,1,,,
CompleteGumtreeMatcher,13,7,9,1,0,3,0,0,47,3,0,0.899,,500,,,,,1,,,
CompleteGumtreeMatcher,13,7,9,1,0,3,0,0,32,3,0,0.999,,500,,,,,1,,,
CompleteGumtreeMatcher,13,7,9,1,0,3,0,0,32,3,0,0.1,,500,,,,,2,,,
CompleteGumtreeMatcher,13,7,9,1,0,3,0,0,35,3,0,0.2,,500,,,,,2,,,
CompleteGumtreeMatcher,13,7,9,1,0,3,0,0,32,3,0,0.3,,500,,,,,2,,,
CompleteGumtreeMatcher,13,7,9,1,0,3,0,0,35,3,0,0.4,,500,,,,,2,,,
CompleteGumtreeMatcher,13,7,9,1,0,3,0,0,16,3,0,0.5,,500,,,,,2,,,
CompleteGumtreeMatcher,13,7,9,1,0,3,0,0,16,3,0,0.6,,500,,,,,2,,,
CompleteGumtreeMatcher,13,7,9,1,0,3,0,0,16,3,0,0.7,,500,,,,,2,,,
CompleteGumtreeMatcher,13,7,9,1,0,3,0,0,51,3,0,0.799,,500,,,,,2,,,
CompleteGumtreeMatcher,13,7,9,1,0,3,0,0,48,3,0,0.899,,500,,,,,2,,,
CompleteGumtreeMatcher,13,7,9,1,0,3,0,0,32,3,0,0.999,,500,,,,,2,,,
CompleteGumtreeMatcher,13,7,9,1,0,3,0,0,16,3,0,0.1,,500,,,,,3,,,
CompleteGumtreeMatcher,13,7,9,1,0,3,0,0,33,3,0,0.2,,500,,,,,3,,,
CompleteGumtreeMatcher,13,7,9,1,0,3,0,0,32,3,0,0.3,,500,,,,,3,,,
CompleteGumtreeMatcher,13,7,9,1,0,3,0,0,35,3,0,0.4,,500,,,,,3,,,
CompleteGumtreeMatcher,13,7,9,1,0,3,0,0,16,3,0,0.5,,500,,,,,3,,,
CompleteGumtreeMatcher,13,7,9,1,0,3,0,0,51,3,0,0.6,,500,,,,,3,,,
CompleteGumtreeMatcher,13,7,9,1,0,3,0,0,35,3,0,0.7,,500,,,,,3,,,
CompleteGumtreeMatcher,13,7,9,1,0,3,0,0,16,3,0,0.799,,500,,,,,3,,,
CompleteGumtreeMatcher,13,7,9,1,0,3,0,0,17,3,0,0.899,,500,,,,,3,,,
CompleteGumtreeMatcher,13,7,9,1,0,3,0,0,33,3,0,0.999,,500,,,,,3,,,
CompleteGumtreeMatcher,13,7,9,1,0,3,0,0,17,3,0,0.1,,500,,,,,4,,,
CompleteGumtreeMatcher,13,7,9,1,0,3,0,0,16,3,0,0.2,,500,,,,,4,,,
CompleteGumtreeMatcher,13,7,9,1,0,3,0,0,28,3,0,0.3,,500,,,,,4,,,
CompleteGumtreeMatcher,13,7,9,1,0,3,0,0,16,3,0,0.4,,500,,,,,4,,,
CompleteGumtreeMatcher,13,7,9,1,0,3,0,0,51,3,0,0.5,,500,,,,,4,,,
CompleteGumtreeMatcher,13,7,9,1,0,3,0,0,32,3,0,0.6,,500,,,,,4,,,
CompleteGumtreeMatcher,13,7,9,1,0,3,0,0,35,3,0,0.7,,500,,,,,4,,,
CompleteGumtreeMatcher,13,7,9,1,0,3,0,0,35,3,0,0.799,,500,,,,,4,,,
CompleteGumtreeMatcher,13,7,9,1,0,3,0,0,16,3,0,0.899,,500,,,,,4,,,
CompleteGumtreeMatcher,13,7,9,1,0,3,0,0,16,3,0,0.999,,500,,,,,4,,,
CompleteGumtreeMatcher,13,7,9,1,0,3,0,0,16,3,0,0.1,,500,,,,,5,,,
CompleteGumtreeMatcher,13,7,9,1,0,3,0,0,34,3,0,0.2,,500,,,,,5,,,
CompleteGumtreeMatcher,13,7,9,1,0,3,0,0,16,3,0,0.3,,500,,,,,5,,,
CompleteGumtreeMatcher,13,7,9,1,0,3,0,0,16,3,0,0.4,,500,,,,,5,,,
CompleteGumtreeMatcher,13,7,9,1,0,3,0,0,16,3,0,0.5,,500,,,,,5,,,
CompleteGumtreeMatcher,13,7,9,1,0,3,0,0,29,3,0,0.6,,500,,,,,5,,,
CompleteGumtreeMatcher,13,7,9,1,0,3,0,0,17,3,0,0.7,,500,,,,,5,,,
CompleteGumtreeMatcher,13,7,9,1,0,3,0,0,32,3,0,0.799,,500,,,,,5,,,
CompleteGumtreeMatcher,13,7,9,1,0,3,0,0,32,3,0,0.899,,500,,,,,5,,,
CompleteGumtreeMatcher,13,7,9,1,0,3,0,0,35,3,0,0.999,,500,,,,,5,,,
CompleteGumtreeMatcher,13,7,9,1,0,3,0,0,36,3,0,0.1,,600,,,,,1,,,
CompleteGumtreeMatcher,13,7,9,1,0,3,0,0,16,3,0,0.2,,600,,,,,1,,,
CompleteGumtreeMatcher,13,7,9,1,0,3,0,0,16,3,0,0.3,,600,,,,,1,,,
CompleteGumtreeMatcher,13,7,9,1,0,3,0,0,16,3,0,0.4,,600,,,,,1,,,
CompleteGumtreeMatcher,13,7,9,1,0,3,0,0,38,3,0,0.5,,600,,,,,1,,,
CompleteGumtreeMatcher,13,7,9,1,0,3,0,0,36,3,0,0.6,,600,,,,,1,,,
CompleteGumtreeMatcher,13,7,9,1,0,3,0,0,28,3,0,0.7,,600,,,,,1,,,
CompleteGumtreeMatcher,13,7,9,1,0,3,0,0,16,3,0,0.799,,600,,,,,1,,,
CompleteGumtreeMatcher,13,7,9,1,0,3,0,0,16,3,0,0.899,,600,,,,,1,,,
CompleteGumtreeMatcher,13,7,9,1,0,3,0,0,16,3,0,0.999,,600,,,,,1,,,
CompleteGumtreeMatcher,13,7,9,1,0,3,0,0,32,3,0,0.1,,600,,,,,2,,,
CompleteGumtreeMatcher,13,7,9,1,0,3,0,0,16,3,0,0.2,,600,,,,,2,,,
CompleteGumtreeMatcher,13,7,9,1,0,3,0,0,16,3,0,0.3,,600,,,,,2,,,
CompleteGumtreeMatcher,13,7,9,1,0,3,0,0,35,3,0,0.4,,600,,,,,2,,,
CompleteGumtreeMatcher,13,7,9,1,0,3,0,0,16,3,0,0.5,,600,,,,,2,,,
CompleteGumtreeMatcher,13,7,9,1,0,3,0,0,32,3,0,0.6,,600,,,,,2,,,
CompleteGumtreeMatcher,13,7,9,1,0,3,0,0,35,3,0,0.7,,600,,,,,2,,,
CompleteGumtreeMatcher,13,7,9,1,0,3,0,0,17,3,0,0.799,,600,,,,,2,,,
CompleteGumtreeMatcher,13,7,9,1,0,3,0,0,17,3,0,0.899,,600,,,,,2,,,
CompleteGumtreeMatcher,13,7,9,1,0,3,0,0,32,3,0,0.999,,600,,,,,2,,,
CompleteGumtreeMatcher,13,7,9,1,0,3,0,0,35,3,0,0.1,,600,,,,,3,,,
CompleteGumtreeMatcher,13,7,9,1,0,3,0,0,34,3,0,0.2,,600,,,,,3,,,
CompleteGumtreeMatcher,13,7,9,1,0,3,0,0,17,3,0,0.3,,600,,,,,3,,,
CompleteGumtreeMatcher,13,7,9,1,0,3,0,0,17,3,0,0.4,,600,,,,,3,,,
CompleteGumtreeMatcher,13,7,9,1,0,3,0,0,16,3,0,0.5,,600,,,,,3,,,
CompleteGumtreeMatcher,13,7,9,1,0,3,0,0,16,3,0,0.6,,600,,,,,3,,,
CompleteGumtreeMatcher,13,7,9,1,0,3,0,0,35,3,0,0.7,,600,,,,,3,,,
CompleteGumtreeMatcher,13,7,9,1,0,3,0,0,32,3,0,0.799,,600,,,,,3,,,
CompleteGumtreeMatcher,13,7,9,1,0,3,0,0,16,3,0,0.899,,600,,,,,3,,,
CompleteGumtreeMatcher,13,7,9,1,0,3,0,0,16,3,0,0.999,,600,,,,,3,,,
CompleteGumtreeMatcher,13,7,9,1,0,3,0,0,35,3,0,0.1,,600,,,,,4,,,
CompleteGumtreeMatcher,13,7,9,1,0,3,0,0,32,3,0,0.2,,600,,,,,4,,,
CompleteGumtreeMatcher,13,7,9,1,0,3,0,0,16,3,0,0.3,,600,,,,,4,,,
CompleteGumtreeMatcher,13,7,9,1,0,3,0,0,16,3,0,0.4,,600,,,,,4,,,
CompleteGumtreeMatcher,13,7,9,1,0,3,0,0,35,3,0,0.5,,600,,,,,4,,,
CompleteGumtreeMatcher,13,7,9,1,0,3,0,0,35,3,0,0.6,,600,,,,,4,,,
CompleteGumtreeMatcher,13,7,9,1,0,3,0,0,16,3,0,0.7,,600,,,,,4,,,
CompleteGumtreeMatcher,13,7,9,1,0,3,0,0,16,3,0,0.799,,600,,,,,4,,,
CompleteGumtreeMatcher,13,7,9,1,0,3,0,0,16,3,0,0.899,,600,,,,,4,,,
CompleteGumtreeMatcher,13,7,9,1,0,3,0,0,17,3,0,0.999,,600,,,,,4,,,
CompleteGumtreeMatcher,13,7,9,1,0,3,0,0,35,3,0,0.1,,600,,,,,5,,,
CompleteGumtreeMatcher,13,7,9,1,0,3,0,0,16,3,0,0.2,,600,,,,,5,,,
CompleteGumtreeMatcher,13,7,9,1,0,3,0,0,32,3,0,0.3,,600,,,,,5,,,
CompleteGumtreeMatcher,13,7,9,1,0,3,0,0,16,3,0,0.4,,600,,,,,5,,,
CompleteGumtreeMatcher,13,7,9,1,0,3,0,0,51,3,0,0.5,,600,,,,,5,,,
CompleteGumtreeMatcher,13,7,9,1,0,3,0,0,49,3,0,0.6,,600,,,,,5,,,
CompleteGumtreeMatcher,13,7,9,1,0,3,0,0,17,3,0,0.7,,600,,,,,5,,,
CompleteGumtreeMatcher,13,7,9,1,0,3,0,0,16,3,0,0.799,,600,,,,,5,,,
CompleteGumtreeMatcher,13,7,9,1,0,3,0,0,35,3,0,0.899,,600,,,,,5,,,
CompleteGumtreeMatcher,13,7,9,1,0,3,0,0,35,3,0,0.999,,600,,,,,5,,,
CompleteGumtreeMatcher,13,7,9,1,0,3,0,0,16,3,0,0.1,,700,,,,,1,,,
CompleteGumtreeMatcher,13,7,9,1,0,3,0,0,17,3,0,0.2,,700,,,,,1,,,
CompleteGumtreeMatcher,13,7,9,1,0,3,0,0,16,3,0,0.3,,700,,,,,1,,,
CompleteGumtreeMatcher,13,7,9,1,0,3,0,0,16,3,0,0.4,,700,,,,,1,,,
CompleteGumtreeMatcher,13,7,9,1,0,3,0,0,35,3,0,0.5,,700,,,,,1,,,
CompleteGumtreeMatcher,13,7,9,1,0,3,0,0,33,3,0,0.6,,700,,,,,1,,,
CompleteGumtreeMatcher,13,7,9,1,0,3,0,0,29,3,0,0.7,,700,,,,,1,,,
CompleteGumtreeMatcher,13,7,9,1,0,3,0,0,32,3,0,0.799,,700,,,,,1,,,
CompleteGumtreeMatcher,13,7,9,1,0,3,0,0,16,3,0,0.899,,700,,,,,1,,,
CompleteGumtreeMatcher,13,7,9,1,0,3,0,0,16,3,0,0.999,,700,,,,,1,,,
CompleteGumtreeMatcher,13,7,9,1,0,3,0,0,35,3,0,0.1,,700,,,,,2,,,
CompleteGumtreeMatcher,13,7,9,1,0,3,0,0,35,3,0,0.2,,700,,,,,2,,,
CompleteGumtreeMatcher,13,7,9,1,0,3,0,0,16,3,0,0.3,,700,,,,,2,,,
CompleteGumtreeMatcher,13,7,9,1,0,3,0,0,16,3,0,0.4,,700,,,,,2,,,
CompleteGumtreeMatcher,13,7,9,1,0,3,0,0,17,3,0,0.5,,700,,,,,2,,,
CompleteGumtreeMatcher,13,7,9,1,0,3,0,0,35,3,0,0.6,,700,,,,,2,,,
CompleteGumtreeMatcher,13,7,9,1,0,3,0,0,17,3,0,0.7,,700,,,,,2,,,
CompleteGumtreeMatcher,13,7,9,1,0,3,0,0,48,3,0,0.799,,700,,,,,2,,,
CompleteGumtreeMatcher,13,7,9,1,0,3,0,0,32,3,0,0.899,,700,,,,,2,,,
CompleteGumtreeMatcher,13,7,9,1,0,3,0,0,51,3,0,0.999,,700,,,,,2,,,
CompleteGumtreeMatcher,13,7,9,1,0,3,0,0,16,3,0,0.1,,700,,,,,3,,,
CompleteGumtreeMatcher,13,7,9,1,0,3,0,0,17,3,0,0.2,,700,,,,,3,,,
CompleteGumtreeMatcher,13,7,9,1,0,3,0,0,16,3,0,0.3,,700,,,,,3,,,
CompleteGumtreeMatcher,13,7,9,1,0,3,0,0,16,3,0,0.4,,700,,,,,3,,,
CompleteGumtreeMatcher,13,7,9,1,0,3,0,0,35,3,0,0.5,,700,,,,,3,,,
CompleteGumtreeMatcher,13,7,9,1,0,3,0,0,51,3,0,0.6,,700,,,,,3,,,
CompleteGumtreeMatcher,13,7,9,1,0,3,0,0,17,3,0,0.7,,700,,,,,3,,,
CompleteGumtreeMatcher,13,7,9,1,0,3,0,0,28,3,0,0.799,,700,,,,,3,,,
CompleteGumtreeMatcher,13,7,9,1,0,3,0,0,17,3,0,0.899,,700,,,,,3,,,
CompleteGumtreeMatcher,13,7,9,1,0,3,0,0,33,3,0,0.999,,700,,,,,3,,,
CompleteGumtreeMatcher,13,7,9,1,0,3,0,0,17,3,0,0.1,,700,,,,,4,,,
CompleteGumtreeMatcher,13,7,9,1,0,3,0,0,49,3,0,0.2,,700,,,,,4,,,
CompleteGumtreeMatcher,13,7,9,1,0,3,0,0,16,3,0,0.3,,700,,,,,4,,,
CompleteGumtreeMatcher,13,7,9,1,0,3,0,0,16,3,0,0.4,,700,,,,,4,,,
CompleteGumtreeMatcher,13,7,9,1,0,3,0,0,16,3,0,0.5,,700,,,,,4,,,
CompleteGumtreeMatcher,13,7,9,1,0,3,0,0,32,3,0,0.6,,700,,,,,4,,,
CompleteGumtreeMatcher,13,7,9,1,0,3,0,0,32,3,0,0.7,,700,,,,,4,,,
CompleteGumtreeMatcher,13,7,9,1,0,3,0,0,35,3,0,0.799,,700,,,,,4,,,
CompleteGumtreeMatcher,13,7,9,1,0,3,0,0,16,3,0,0.899,,700,,,,,4,,,
CompleteGumtreeMatcher,13,7,9,1,0,3,0,0,32,3,0,0.999,,700,,,,,4,,,
CompleteGumtreeMatcher,13,7,9,1,0,3,0,0,35,3,0,0.1,,700,,,,,5,,,
CompleteGumtreeMatcher,13,7,9,1,0,3,0,0,16,3,0,0.2,,700,,,,,5,,,
CompleteGumtreeMatcher,13,7,9,1,0,3,0,0,31,3,0,0.3,,700,,,,,5,,,
CompleteGumtreeMatcher,13,7,9,1,0,3,0,0,39,3,0,0.4,,700,,,,,5,,,
CompleteGumtreeMatcher,13,7,9,1,0,3,0,0,16,3,0,0.5,,700,,,,,5,,,
CompleteGumtreeMatcher,13,7,9,1,0,3,0,0,16,3,0,0.6,,700,,,,,5,,,
CompleteGumtreeMatcher,13,7,9,1,0,3,0,0,16,3,0,0.7,,700,,,,,5,,,
CompleteGumtreeMatcher,13,7,9,1,0,3,0,0,16,3,0,0.799,,700,,,,,5,,,
CompleteGumtreeMatcher,13,7,9,1,0,3,0,0,33,3,0,0.899,,700,,,,,5,,,
CompleteGumtreeMatcher,13,7,9,1,0,3,0,0,33,3,0,0.999,,700,,,,,5,,,
CompleteGumtreeMatcher,13,7,9,1,0,3,0,0,33,3,0,0.1,,800,,,,,1,,,
CompleteGumtreeMatcher,13,7,9,1,0,3,0,0,32,3,0,0.2,,800,,,,,1,,,
CompleteGumtreeMatcher,13,7,9,1,0,3,0,0,17,3,0,0.3,,800,,,,,1,,,
CompleteGumtreeMatcher,13,7,9,1,0,3,0,0,17,3,0,0.4,,800,,,,,1,,,
CompleteGumtreeMatcher,13,7,9,1,0,3,0,0,39,3,0,0.5,,800,,,,,1,,,
CompleteGumtreeMatcher,13,7,9,1,0,3,0,0,32,3,0,0.6,,800,,,,,1,,,
CompleteGumtreeMatcher,13,7,9,1,0,3,0,0,23,3,0,0.7,,800,,,,,1,,,
CompleteGumtreeMatcher,13,7,9,1,0,3,0,0,18,3,0,0.799,,800,,,,,1,,,
CompleteGumtreeMatcher,13,7,9,1,0,3,0,0,16,3,0,0.899,,800,,,,,1,,,
CompleteGumtreeMatcher,13,7,9,1,0,3,0,0,16,3,0,0.999,,800,,,,,1,,,
CompleteGumtreeMatcher,13,7,9,1,0,3,0,0,32,3,0,0.1,,800,,,,,2,,,
CompleteGumtreeMatcher,13,7,9,1,0,3,0,0,32,3,0,0.2,,800,,,,,2,,,
CompleteGumtreeMatcher,13,7,9,1,0,3,0,0,32,3,0,0.3,,800,,,,,2,,,
CompleteGumtreeMatcher,13,7,9,1,0,3,0,0,16,3,0,0.4,,800,,,,,2,,,
CompleteGumtreeMatcher,13,7,9,1,0,3,0,0,16,3,0,0.5,,800,,,,,2,,,
CompleteGumtreeMatcher,13,7,9,1,0,3,0,0,54,3,0,0.6,,800,,,,,2,,,
CompleteGumtreeMatcher,13,7,9,1,0,3,0,0,35,3,0,0.7,,800,,,,,2,,,
CompleteGumtreeMatcher,13,7,9,1,0,3,0,0,32,3,0,0.799,,800,,,,,2,,,
CompleteGumtreeMatcher,13,7,9,1,0,3,0,0,34,3,0,0.899,,800,,,,,2,,,
CompleteGumtreeMatcher,13,7,9,1,0,3,0,0,36,3,0,0.999,,800,,,,,2,,,
CompleteGumtreeMatcher,13,7,9,1,0,3,0,0,16,3,0,0.1,,800,,,,,3,,,
CompleteGumtreeMatcher,13,7,9,1,0,3,0,0,16,3,0,0.2,,800,,,,,3,,,
CompleteGumtreeMatcher,13,7,9,1,0,3,0,0,32,3,0,0.3,,800,,,,,3,,,
CompleteGumtreeMatcher,13,7,9,1,0,3,0,0,32,3,0,0.4,,800,,,,,3,,,
CompleteGumtreeMatcher,13,7,9,1,0,3,0,0,29,3,0,0.5,,800,,,,,3,,,
CompleteGumtreeMatcher,13,7,9,1,0,3,0,0,16,3,0,0.6,,800,,,,,3,,,
CompleteGumtreeMatcher,13,7,9,1,0,3,0,0,16,3,0,0.7,,800,,,,,3,,,
CompleteGumtreeMatcher,13,7,9,1,0,3,0,0,33,3,0,0.799,,800,,,,,3,,,
CompleteGumtreeMatcher,13,7,9,1,0,3,0,0,51,3,0,0.899,,800,,,,,3,,,
CompleteGumtreeMatcher,13,7,9,1,0,3,0,0,35,3,0,0.999,,800,,,,,3,,,
CompleteGumtreeMatcher,13,7,9,1,0,3,0,0,35,3,0,0.1,,800,,,,,4,,,
CompleteGumtreeMatcher,13,7,9,1,0,3,0,0,16,3,0,0.2,,800,,,,,4,,,
CompleteGumtreeMatcher,13,7,9,1,0,3,0,0,16,3,0,0.3,,800,,,,,4,,,
CompleteGumtreeMatcher,13,7,9,1,0,3,0,0,32,3,0,0.4,,800,,,,,4,,,
CompleteGumtreeMatcher,13,7,9,1,0,3,0,0,32,3,0,0.5,,800,,,,,4,,,
CompleteGumtreeMatcher,13,7,9,1,0,3,0,0,35,3,0,0.6,,800,,,,,4,,,
CompleteGumtreeMatcher,13,7,9,1,0,3,0,0,17,3,0,0.7,,800,,,,,4,,,
CompleteGumtreeMatcher,13,7,9,1,0,3,0,0,16,3,0,0.799,,800,,,,,4,,,
CompleteGumtreeMatcher,13,7,9,1,0,3,0,0,17,3,0,0.899,,800,,,,,4,,,
CompleteGumtreeMatcher,13,7,9,1,0,3,0,0,32,3,0,0.999,,800,,,,,4,,,
CompleteGumtreeMatcher,13,7,9,1,0,3,0,0,16,3,0,0.1,,800,,,,,5,,,
CompleteGumtreeMatcher,13,7,9,1,0,3,0,0,35,3,0,0.2,,800,,,,,5,,,
CompleteGumtreeMatcher,13,7,9,1,0,3,0,0,35,3,0,0.3,,800,,,,,5,,,
CompleteGumtreeMatcher,13,7,9,1,0,3,0,0,17,3,0,0.4,,800,,,,,5,,,
CompleteGumtreeMatcher,13,7,9,1,0,3,0,0,16,3,0,0.5,,800,,,,,5,,,
CompleteGumtreeMatcher,13,7,9,1,0,3,0,0,46,3,0,0.6,,800,,,,,5,,,
CompleteGumtreeMatcher,13,7,9,1,0,3,0,0,32,3,0,0.7,,800,,,,,5,,,
CompleteGumtreeMatcher,13,7,9,1,0,3,0,0,34,3,0,0.799,,800,,,,,5,,,
CompleteGumtreeMatcher,13,7,9,1,0,3,0,0,34,3,0,0.899,,800,,,,,5,,,
CompleteGumtreeMatcher,13,7,9,1,0,3,0,0,17,3,0,0.999,,800,,,,,5,,,
CompleteGumtreeMatcher,13,7,9,1,0,3,0,0,16,3,0,0.1,,900,,,,,1,,,
CompleteGumtreeMatcher,13,7,9,1,0,3,0,0,48,3,0,0.2,,900,,,,,1,,,
CompleteGumtreeMatcher,13,7,9,1,0,3,0,0,32,3,0,0.3,,900,,,,,1,,,
CompleteGumtreeMatcher,13,7,9,1,0,3,0,0,16,3,0,0.4,,900,,,,,1,,,
CompleteGumtreeMatcher,13,7,9,1,0,3,0,0,35,3,0,0.5,,900,,,,,1,,,
CompleteGumtreeMatcher,13,7,9,1,0,3,0,0,16,3,0,0.6,,900,,,,,1,,,
CompleteGumtreeMatcher,13,7,9,1,0,3,0,0,35,3,0,0.7,,900,,,,,1,,,
CompleteGumtreeMatcher,13,7,9,1,0,3,0,0,17,3,0,0.799,,900,,,,,1,,,
CompleteGumtreeMatcher,13,7,9,1,0,3,0,0,16,3,0,0.899,,900,,,,,1,,,
CompleteGumtreeMatcher,13,7,9,1,0,3,0,0,35,3,0,0.999,,900,,,,,1,,,
CompleteGumtreeMatcher,13,7,9,1,0,3,0,0,35,3,0,0.1,,900,,,,,2,,,
CompleteGumtreeMatcher,13,7,9,1,0,3,0,0,16,3,0,0.2,,900,,,,,2,,,
CompleteGumtreeMatcher,13,7,9,1,0,3,0,0,32,3,0,0.3,,900,,,,,2,,,
CompleteGumtreeMatcher,13,7,9,1,0,3,0,0,32,3,0,0.4,,900,,,,,2,,,
CompleteGumtreeMatcher,13,7,9,1,0,3,0,0,16,3,0,0.5,,900,,,,,2,,,
CompleteGumtreeMatcher,13,7,9,1,0,3,0,0,16,3,0,0.6,,900,,,,,2,,,
CompleteGumtreeMatcher,13,7,9,1,0,3,0,0,33,3,0,0.7,,900,,,,,2,,,
CompleteGumtreeMatcher,13,7,9,1,0,3,0,0,35,3,0,0.799,,900,,,,,2,,,
CompleteGumtreeMatcher,13,7,9,1,0,3,0,0,17,3,0,0.899,,900,,,,,2,,,
CompleteGumtreeMatcher,13,7,9,1,0,3,0,0,51,3,0,0.999,,900,,,,,2,,,
CompleteGumtreeMatcher,13,7,9,1,0,3,0,0,16,3,0,0.1,,900,,,,,3,,,
CompleteGumtreeMatcher,13,7,9,1,0,3,0,0,17,3,0,0.2,,900,,,,,3,,,
CompleteGumtreeMatcher,13,7,9,1,0,3,0,0,35,3,0,0.3,,900,,,,,3,,,
CompleteGumtreeMatcher,13,7,9,1,0,3,0,0,35,3,0,0.4,,900,,,,,3,,,
CompleteGumtreeMatcher,13,7,9,1,0,3,0,0,16,3,0,0.5,,900,,,,,3,,,
CompleteGumtreeMatcher,13,7,9,1,0,3,0,0,33,3,0,0.6,,900,,,,,3,,,
CompleteGumtreeMatcher,13,7,9,1,0,3,0,0,32,3,0,0.7,,900,,,,,3,,,
CompleteGumtreeMatcher,13,7,9,1,0,3,0,0,17,3,0,0.799,,900,,,,,3,,,
CompleteGumtreeMatcher,13,7,9,1,0,3,0,0,16,3,0,0.899,,900,,,,,3,,,
CompleteGumtreeMatcher,13,7,9,1,0,3,0,0,32,3,0,0.999,,900,,,,,3,,,
CompleteGumtreeMatcher,13,7,9,1,0,3,0,0,16,3,0,0.1,,900,,,,,4,,,
CompleteGumtreeMatcher,13,7,9,1,0,3,0,0,51,3,0,0.2,,900,,,,,4,,,
CompleteGumtreeMatcher,13,7,9,1,0,3,0,0,16,3,0,0.3,,900,,,,,4,,,
CompleteGumtreeMatcher,13,7,9,1,0,3,0,0,17,3,0,0.4,,900,,,,,4,,,
CompleteGumtreeMatcher,13,7,9,1,0,3,0,0,35,3,0,0.5,,900,,,,,4,,,
CompleteGumtreeMatcher,13,7,9,1,0,3,0,0,35,3,0,0.6,,900,,,,,4,,,
CompleteGumtreeMatcher,13,7,9,1,0,3,0,0,16,3,0,0.7,,900,,,,,4,,,
CompleteGumtreeMatcher,13,7,9,1,0,3,0,0,32,3,0,0.799,,900,,,,,4,,,
CompleteGumtreeMatcher,13,7,9,1,0,3,0,0,32,3,0,0.899,,900,,,,,4,,,
CompleteGumtreeMatcher,13,7,9,1,0,3,0,0,16,3,0,0.999,,900,,,,,4,,,
CompleteGumtreeMatcher,13,7,9,1,0,3,0,0,35,3,0,0.1,,900,,,,,5,,,
CompleteGumtreeMatcher,13,7,9,1,0,3,0,0,16,3,0,0.2,,900,,,,,5,,,
CompleteGumtreeMatcher,13,7,9,1,0,3,0,0,32,3,0,0.3,,900,,,,,5,,,
CompleteGumtreeMatcher,13,7,9,1,0,3,0,0,17,3,0,0.4,,900,,,,,5,,,
CompleteGumtreeMatcher,13,7,9,1,0,3,0,0,17,3,0,0.5,,900,,,,,5,,,
CompleteGumtreeMatcher,13,7,9,1,0,3,0,0,33,3,0,0.6,,900,,,,,5,,,
CompleteGumtreeMatcher,13,7,9,1,0,3,0,0,16,3,0,0.7,,900,,,,,5,,,
CompleteGumtreeMatcher,13,7,9,1,0,3,0,0,51,3,0,0.799,,900,,,,,5,,,
CompleteGumtreeMatcher,13,7,9,1,0,3,0,0,32,3,0,0.899,,900,,,,,5,,,
CompleteGumtreeMatcher,13,7,9,1,0,3,0,0,33,3,0,0.999,,900,,,,,5,,,
CompleteGumtreeMatcher,13,7,9,1,0,3,0,0,44,3,0,0.1,,1000,,,,,1,,,
CompleteGumtreeMatcher,13,7,9,1,0,3,0,0,35,3,0,0.2,,1000,,,,,1,,,
CompleteGumtreeMatcher,13,7,9,1,0,3,0,0,16,3,0,0.3,,1000,,,,,1,,,
CompleteGumtreeMatcher,13,7,9,1,0,3,0,0,30,3,0,0.4,,1000,,,,,1,,,
CompleteGumtreeMatcher,13,7,9,1,0,3,0,0,33,3,0,0.5,,1000,,,,,1,,,
CompleteGumtreeMatcher,13,7,9,1,0,3,0,0,16,3,0,0.6,,1000,,,,,1,,,
CompleteGumtreeMatcher,13,7,9,1,0,3,0,0,17,3,0,0.7,,1000,,,,,1,,,
CompleteGumtreeMatcher,13,7,9,1,0,3,0,0,32,3,0,0.799,,1000,,,,,1,,,
CompleteGumtreeMatcher,13,7,9,1,0,3,0,0,16,3,0,0.899,,1000,,,,,1,,,
CompleteGumtreeMatcher,13,7,9,1,0,3,0,0,33,3,0,0.999,,1000,,,,,1,,,
CompleteGumtreeMatcher,13,7,9,1,0,3,0,0,32,3,0,0.1,,1000,,,,,2,,,
CompleteGumtreeMatcher,13,7,9,1,0,3,0,0,16,3,0,0.2,,1000,,,,,2,,,
CompleteGumtreeMatcher,13,7,9,1,0,3,0,0,43,3,0,0.3,,1000,,,,,2,,,
CompleteGumtreeMatcher,13,7,9,1,0,3,0,0,35,3,0,0.4,,1000,,,,,2,,,
CompleteGumtreeMatcher,13,7,9,1,0,3,0,0,37,3,0,0.5,,1000,,,,,2,,,
CompleteGumtreeMatcher,13,7,9,1,0,3,0,0,32,3,0,0.6,,1000,,,,,2,,,
CompleteGumtreeMatcher,13,7,9,1,0,3,0,0,33,3,0,0.7,,1000,,,,,2,,,
CompleteGumtreeMatcher,13,7,9,1,0,3,0,0,38,3,0,0.799,,1000,,,,,2,,,
CompleteGumtreeMatcher,13,7,9,1,0,3,0,0,16,3,0,0.899,,1000,,,,,2,,,
CompleteGumtreeMatcher,13,7,9,1,0,3,0,0,32,3,0,0.999,,1000,,,,,2,,,
CompleteGumtreeMatcher,13,7,9,1,0,3,0,0,28,3,0,0.1,,1000,,,,,3,,,
CompleteGumtreeMatcher,13,7,9,1,0,3,0,0,32,3,0,0.2,,1000,,,,,3,,,
CompleteGumtreeMatcher,13,7,9,1,0,3,0,0,17,3,0,0.3,,1000,,,,,3,,,
CompleteGumtreeMatcher,13,7,9,1,0,3,0,0,35,3,0,0.4,,1000,,,,,3,,,
CompleteGumtreeMatcher,13,7,9,1,0,3,0,0,41,3,0,0.5,,1000,,,,,3,,,
CompleteGumtreeMatcher,13,7,9,1,0,3,0,0,32,3,0,0.6,,1000,,,,,3,,,
CompleteGumtreeMatcher,13,7,9,1,0,3,0,0,34,3,0,0.7,,1000,,,,,3,,,
CompleteGumtreeMatcher,13,7,9,1,0,3,0,0,16,3,0,0.799,,1000,,,,,3,,,
CompleteGumtreeMatcher,13,7,9,1,0,3,0,0,31,3,0,0.899,,1000,,,,,3,,,
CompleteGumtreeMatcher,13,7,9,1,0,3,0,0,16,3,0,0.999,,1000,,,,,3,,,
CompleteGumtreeMatcher,13,7,9,1,0,3,0,0,33,3,0,0.1,,1000,,,,,4,,,
CompleteGumtreeMatcher,13,7,9,1,0,3,0,0,34,3,0,0.2,,1000,,,,,4,,,
CompleteGumtreeMatcher,13,7,9,1,0,3,0,0,33,3,0,0.3,,1000,,,,,4,,,
CompleteGumtreeMatcher,13,7,9,1,0,3,0,0,16,3,0,0.4,,1000,,,,,4,,,
CompleteGumtreeMatcher,13,7,9,1,0,3,0,0,17,3,0,0.5,,1000,,,,,4,,,
CompleteGumtreeMatcher,13,7,9,1,0,3,0,0,35,3,0,0.6,,1000,,,,,4,,,
CompleteGumtreeMatcher,13,7,9,1,0,3,0,0,16,3,0,0.7,,1000,,,,,4,,,
CompleteGumtreeMatcher,13,7,9,1,0,3,0,0,35,3,0,0.799,,1000,,,,,4,,,
CompleteGumtreeMatcher,13,7,9,1,0,3,0,0,17,3,0,0.899,,1000,,,,,4,,,
CompleteGumtreeMatcher,13,7,9,1,0,3,0,0,28,3,0,0.999,,1000,,,,,4,,,
CompleteGumtreeMatcher,13,7,9,1,0,3,0,0,35,3,0,0.1,,1000,,,,,5,,,
CompleteGumtreeMatcher,13,7,9,1,0,3,0,0,16,3,0,0.2,,1000,,,,,5,,,
CompleteGumtreeMatcher,13,7,9,1,0,3,0,0,32,3,0,0.3,,1000,,,,,5,,,
CompleteGumtreeMatcher,13,7,9,1,0,3,0,0,16,3,0,0.4,,1000,,,,,5,,,
CompleteGumtreeMatcher,13,7,9,1,0,3,0,0,35,3,0,0.5,,1000,,,,,5,,,
CompleteGumtreeMatcher,13,7,9,1,0,3,0,0,32,3,0,0.6,,1000,,,,,5,,,
CompleteGumtreeMatcher,13,7,9,1,0,3,0,0,16,3,0,0.7,,1000,,,,,5,,,
CompleteGumtreeMatcher,13,7,9,1,0,3,0,0,16,3,0,0.799,,1000,,,,,5,,,
CompleteGumtreeMatcher,13,7,9,1,0,3,0,0,51,3,0,0.899,,1000,,,,,5,,,
CompleteGumtreeMatcher,13,7,9,1,0,3,0,0,17,3,0,0.999,,1000,,,,,5,,,
CompleteGumtreeMatcher,13,7,9,1,0,3,0,0,16,3,0,0.1,,1100,,,,,1,,,
CompleteGumtreeMatcher,13,7,9,1,0,3,0,0,35,3,0,0.2,,1100,,,,,1,,,
CompleteGumtreeMatcher,13,7,9,1,0,3,0,0,16,3,0,0.3,,1100,,,,,1,,,
CompleteGumtreeMatcher,13,7,9,1,0,3,0,0,35,3,0,0.4,,1100,,,,,1,,,
CompleteGumtreeMatcher,13,7,9,1,0,3,0,0,17,3,0,0.5,,1100,,,,,1,,,
CompleteGumtreeMatcher,13,7,9,1,0,3,0,0,32,3,0,0.6,,1100,,,,,1,,,
CompleteGumtreeMatcher,13,7,9,1,0,3,0,0,16,3,0,0.7,,1100,,,,,1,,,
CompleteGumtreeMatcher,13,7,9,1,0,3,0,0,32,3,0,0.799,,1100,,,,,1,,,
CompleteGumtreeMatcher,13,7,9,1,0,3,0,0,16,3,0,0.899,,1100,,,,,1,,,
CompleteGumtreeMatcher,13,7,9,1,0,3,0,0,35,3,0,0.999,,1100,,,,,1,,,
CompleteGumtreeMatcher,13,7,9,1,0,3,0,0,17,3,0,0.1,,1100,,,,,2,,,
CompleteGumtreeMatcher,13,7,9,1,0,3,0,0,16,3,0,0.2,,1100,,,,,2,,,
CompleteGumtreeMatcher,13,7,9,1,0,3,0,0,17,3,0,0.3,,1100,,,,,2,,,
CompleteGumtreeMatcher,13,7,9,1,0,3,0,0,16,3,0,0.4,,1100,,,,,2,,,
CompleteGumtreeMatcher,13,7,9,1,0,3,0,0,16,3,0,0.5,,1100,,,,,2,,,
CompleteGumtreeMatcher,13,7,9,1,0,3,0,0,43,3,0,0.6,,1100,,,,,2,,,
CompleteGumtreeMatcher,13,7,9,1,0,3,0,0,33,3,0,0.7,,1100,,,,,2,,,
CompleteGumtreeMatcher,13,7,9,1,0,3,0,0,34,3,0,0.799,,1100,,,,,2,,,
CompleteGumtreeMatcher,13,7,9,1,0,3,0,0,16,3,0,0.899,,1100,,,,,2,,,
CompleteGumtreeMatcher,13,7,9,1,0,3,0,0,32,3,0,0.999,,1100,,,,,2,,,
CompleteGumtreeMatcher,13,7,9,1,0,3,0,0,16,3,0,0.1,,1100,,,,,3,,,
CompleteGumtreeMatcher,13,7,9,1,0,3,0,0,35,3,0,0.2,,1100,,,,,3,,,
CompleteGumtreeMatcher,13,7,9,1,0,3,0,0,17,3,0,0.3,,1100,,,,,3,,,
CompleteGumtreeMatcher,13,7,9,1,0,3,0,0,35,3,0,0.4,,1100,,,,,3,,,
CompleteGumtreeMatcher,13,7,9,1,0,3,0,0,16,3,0,0.5,,1100,,,,,3,,,
CompleteGumtreeMatcher,13,7,9,1,0,3,0,0,16,3,0,0.6,,1100,,,,,3,,,
CompleteGumtreeMatcher,13,7,9,1,0,3,0,0,16,3,0,0.7,,1100,,,,,3,,,
CompleteGumtreeMatcher,13,7,9,1,0,3,0,0,16,3,0,0.799,,1100,,,,,3,,,
CompleteGumtreeMatcher,13,7,9,1,0,3,0,0,17,3,0,0.899,,1100,,,,,3,,,
CompleteGumtreeMatcher,13,7,9,1,0,3,0,0,32,3,0,0.999,,1100,,,,,3,,,
CompleteGumtreeMatcher,13,7,9,1,0,3,0,0,17,3,0,0.1,,1100,,,,,4,,,
CompleteGumtreeMatcher,13,7,9,1,0,3,0,0,51,3,0,0.2,,1100,,,,,4,,,
CompleteGumtreeMatcher,13,7,9,1,0,3,0,0,32,3,0,0.3,,1100,,,,,4,,,
CompleteGumtreeMatcher,13,7,9,1,0,3,0,0,17,3,0,0.4,,1100,,,,,4,,,
CompleteGumtreeMatcher,13,7,9,1,0,3,0,0,51,3,0,0.5,,1100,,,,,4,,,
CompleteGumtreeMatcher,13,7,9,1,0,3,0,0,16,3,0,0.6,,1100,,,,,4,,,
CompleteGumtreeMatcher,13,7,9,1,0,3,0,0,35,3,0,0.7,,1100,,,,,4,,,
CompleteGumtreeMatcher,13,7,9,1,0,3,0,0,16,3,0,0.799,,1100,,,,,4,,,
CompleteGumtreeMatcher,13,7,9,1,0,3,0,0,35,3,0,0.899,,1100,,,,,4,,,
CompleteGumtreeMatcher,13,7,9,1,0,3,0,0,16,3,0,0.999,,1100,,,,,4,,,
CompleteGumtreeMatcher,13,7,9,1,0,3,0,0,32,3,0,0.1,,1100,,,,,5,,,
CompleteGumtreeMatcher,13,7,9,1,0,3,0,0,17,3,0,0.2,,1100,,,,,5,,,
CompleteGumtreeMatcher,13,7,9,1,0,3,0,0,32,3,0,0.3,,1100,,,,,5,,,
CompleteGumtreeMatcher,13,7,9,1,0,3,0,0,28,3,0,0.4,,1100,,,,,5,,,
CompleteGumtreeMatcher,13,7,9,1,0,3,0,0,33,3,0,0.5,,1100,,,,,5,,,
CompleteGumtreeMatcher,13,7,9,1,0,3,0,0,33,3,0,0.6,,1100,,,,,5,,,
CompleteGumtreeMatcher,13,7,9,1,0,3,0,0,16,3,0,0.7,,1100,,,,,5,,,
CompleteGumtreeMatcher,13,7,9,1,0,3,0,0,35,3,0,0.799,,1100,,,,,5,,,
CompleteGumtreeMatcher,13,7,9,1,0,3,0,0,35,3,0,0.899,,1100,,,,,5,,,
CompleteGumtreeMatcher,13,7,9,1,0,3,0,0,35,3,0,0.999,,1100,,,,,5,,,
CompleteGumtreeMatcher,13,7,9,1,0,3,0,0,32,3,0,0.1,,1200,,,,,1,,,
CompleteGumtreeMatcher,13,7,9,1,0,3,0,0,16,3,0,0.2,,1200,,,,,1,,,
CompleteGumtreeMatcher,13,7,9,1,0,3,0,0,35,3,0,0.3,,1200,,,,,1,,,
CompleteGumtreeMatcher,13,7,9,1,0,3,0,0,37,3,0,0.4,,1200,,,,,1,,,
CompleteGumtreeMatcher,13,7,9,1,0,3,0,0,32,3,0,0.5,,1200,,,,,1,,,
CompleteGumtreeMatcher,13,7,9,1,0,3,0,0,32,3,0,0.6,,1200,,,,,1,,,
CompleteGumtreeMatcher,13,7,9,1,0,3,0,0,32,3,0,0.7,,1200,,,,,1,,,
CompleteGumtreeMatcher,13,7,9,1,0,3,0,0,16,3,0,0.799,,1200,,,,,1,,,
CompleteGumtreeMatcher,13,7,9,1,0,3,0,0,35,3,0,0.899,,1200,,,,,1,,,
CompleteGumtreeMatcher,13,7,9,1,0,3,0,0,35,3,0,0.999,,1200,,,,,1,,,
CompleteGumtreeMatcher,13,7,9,1,0,3,0,0,16,3,0,0.1,,1200,,,,,2,,,
CompleteGumtreeMatcher,13,7,9,1,0,3,0,0,16,3,0,0.2,,1200,,,,,2,,,
CompleteGumtreeMatcher,13,7,9,1,0,3,0,0,35,3,0,0.3,,1200,,,,,2,,,
CompleteGumtreeMatcher,13,7,9,1,0,3,0,0,32,3,0,0.4,,1200,,,,,2,,,
CompleteGumtreeMatcher,13,7,9,1,0,3,0,0,35,3,0,0.5,,1200,,,,,2,,,
CompleteGumtreeMatcher,13,7,9,1,0,3,0,0,32,3,0,0.6,,1200,,,,,2,,,
CompleteGumtreeMatcher,13,7,9,1,0,3,0,0,33,3,0,0.7,,1200,,,,,2,,,
CompleteGumtreeMatcher,13,7,9,1,0,3,0,0,32,3,0,0.799,,1200,,,,,2,,,
CompleteGumtreeMatcher,13,7,9,1,0,3,0,0,17,3,0,0.899,,1200,,,,,2,,,
CompleteGumtreeMatcher,13,7,9,1,0,3,0,0,17,3,0,0.999,,1200,,,,,2,,,
CompleteGumtreeMatcher,13,7,9,1,0,3,0,0,35,3,0,0.1,,1200,,,,,3,,,
CompleteGumtreeMatcher,13,7,9,1,0,3,0,0,34,3,0,0.2,,1200,,,,,3,,,
CompleteGumtreeMatcher,13,7,9,1,0,3,0,0,16,3,0,0.3,,1200,,,,,3,,,
CompleteGumtreeMatcher,13,7,9,1,0,3,0,0,16,3,0,0.4,,1200,,,,,3,,,
CompleteGumtreeMatcher,13,7,9,1,0,3,0,0,35,3,0,0.5,,1200,,,,,3,,,
CompleteGumtreeMatcher,13,7,9,1,0,3,0,0,33,3,0,0.6,,1200,,,,,3,,,
CompleteGumtreeMatcher,13,7,9,1,0,3,0,0,35,3,0,0.7,,1200,,,,,3,,,
CompleteGumtreeMatcher,13,7,9,1,0,3,0,0,32,3,0,0.799,,1200,,,,,3,,,
CompleteGumtreeMatcher,13,7,9,1,0,3,0,0,32,3,0,0.899,,1200,,,,,3,,,
CompleteGumtreeMatcher,13,7,9,1,0,3,0,0,32,3,0,0.999,,1200,,,,,3,,,
CompleteGumtreeMatcher,13,7,9,1,0,3,0,0,16,3,0,0.1,,1200,,,,,4,,,
CompleteGumtreeMatcher,13,7,9,1,0,3,0,0,16,3,0,0.2,,1200,,,,,4,,,
CompleteGumtreeMatcher,13,7,9,1,0,3,0,0,51,3,0,0.3,,1200,,,,,4,,,
CompleteGumtreeMatcher,13,7,9,1,0,3,0,0,17,3,0,0.4,,1200,,,,,4,,,
CompleteGumtreeMatcher,13,7,9,1,0,3,0,0,51,3,0,0.5,,1200,,,,,4,,,
CompleteGumtreeMatcher,13,7,9,1,0,3,0,0,17,3,0,0.6,,1200,,,,,4,,,
CompleteGumtreeMatcher,13,7,9,1,0,3,0,0,32,3,0,0.7,,1200,,,,,4,,,
CompleteGumtreeMatcher,13,7,9,1,0,3,0,0,35,3,0,0.799,,1200,,,,,4,,,
CompleteGumtreeMatcher,13,7,9,1,0,3,0,0,33,3,0,0.899,,1200,,,,,4,,,
CompleteGumtreeMatcher,13,7,9,1,0,3,0,0,35,3,0,0.999,,1200,,,,,4,,,
CompleteGumtreeMatcher,13,7,9,1,0,3,0,0,32,3,0,0.1,,1200,,,,,5,,,
CompleteGumtreeMatcher,13,7,9,1,0,3,0,0,33,3,0,0.2,,1200,,,,,5,,,
CompleteGumtreeMatcher,13,7,9,1,0,3,0,0,16,3,0,0.3,,1200,,,,,5,,,
CompleteGumtreeMatcher,13,7,9,1,0,3,0,0,16,3,0,0.4,,1200,,,,,5,,,
CompleteGumtreeMatcher,13,7,9,1,0,3,0,0,16,3,0,0.5,,1200,,,,,5,,,
CompleteGumtreeMatcher,13,7,9,1,0,3,0,0,16,3,0,0.6,,1200,,,,,5,,,
CompleteGumtreeMatcher,13,7,9,1,0,3,0,0,16,3,0,0.7,,1200,,,,,5,,,
CompleteGumtreeMatcher,13,7,9,1,0,3,0,0,50,3,0,0.799,,1200,,,,,5,,,
CompleteGumtreeMatcher,13,7,9,1,0,3,0,0,32,3,0,0.899,,1200,,,,,5,,,
CompleteGumtreeMatcher,13,7,9,1,0,3,0,0,32,3,0,0.999,,1200,,,,,5,,,
CompleteGumtreeMatcher,13,7,9,1,0,3,0,0,34,3,0,0.1,,1300,,,,,1,,,
CompleteGumtreeMatcher,13,7,9,1,0,3,0,0,32,3,0,0.2,,1300,,,,,1,,,
CompleteGumtreeMatcher,13,7,9,1,0,3,0,0,30,3,0,0.3,,1300,,,,,1,,,
CompleteGumtreeMatcher,13,7,9,1,0,3,0,0,16,3,0,0.4,,1300,,,,,1,,,
CompleteGumtreeMatcher,13,7,9,1,0,3,0,0,16,3,0,0.5,,1300,,,,,1,,,
CompleteGumtreeMatcher,13,7,9,1,0,3,0,0,35,3,0,0.6,,1300,,,,,1,,,
CompleteGumtreeMatcher,13,7,9,1,0,3,0,0,17,3,0,0.7,,1300,,,,,1,,,
CompleteGumtreeMatcher,13,7,9,1,0,3,0,0,32,3,0,0.799,,1300,,,,,1,,,
CompleteGumtreeMatcher,13,7,9,1,0,3,0,0,16,3,0,0.899,,1300,,,,,1,,,
CompleteGumtreeMatcher,13,7,9,1,0,3,0,0,16,3,0,0.999,,1300,,,,,1,,,
CompleteGumtreeMatcher,13,7,9,1,0,3,0,0,16,3,0,0.1,,1300,,,,,2,,,
CompleteGumtreeMatcher,13,7,9,1,0,3,0,0,40,3,0,0.2,,1300,,,,,2,,,
CompleteGumtreeMatcher,13,7,9,1,0,3,0,0,35,3,0,0.3,,1300,,,,,2,,,
CompleteGumtreeMatcher,13,7,9,1,0,3,0,0,32,3,0,0.4,,1300,,,,,2,,,
CompleteGumtreeMatcher,13,7,9,1,0,3,0,0,51,3,0,0.5,,1300,,,,,2,,,
CompleteGumtreeMatcher,13,7,9,1,0,3,0,0,17,3,0,0.6,,1300,,,,,2,,,
CompleteGumtreeMatcher,13,7,9,1,0,3,0,0,35,3,0,0.7,,1300,,,,,2,,,
CompleteGumtreeMatcher,13,7,9,1,0,3,0,0,16,3,0,0.799,,1300,,,,,2,,,
CompleteGumtreeMatcher,13,7,9,1,0,3,0,0,16,3,0,0.899,,1300,,,,,2,,,
CompleteGumtreeMatcher,13,7,9,1,0,3,0,0,35,3,0,0.999,,1300,,,,,2,,,
CompleteGumtreeMatcher,13,7,9,1,0,3,0,0,33,3,0,0.1,,1300,,,,,3,,,
CompleteGumtreeMatcher,13,7,9,1,0,3,0,0,16,3,0,0.2,,1300,,,,,3,,,
CompleteGumtreeMatcher,13,7,9,1,0,3,0,0,16,3,0,0.3,,1300,,,,,3,,,
CompleteGumtreeMatcher,13,7,9,1,0,3,0,0,16,3,0,0.4,,1300,,,,,3,,,
CompleteGumtreeMatcher,13,7,9,1,0,3,0,0,32,3,0,0.5,,1300,,,,,3,,,
CompleteGumtreeMatcher,13,7,9,1,0,3,0,0,35,3,0,0.6,,1300,,,,,3,,,
CompleteGumtreeMatcher,13,7,9,1,0,3,0,0,16,3,0,0.7,,1300,,,,,3,,,
CompleteGumtreeMatcher,13,7,9,1,0,3,0,0,60,3,0,0.799,,1300,,,,,3,,,
CompleteGumtreeMatcher,13,7,9,1,0,3,0,0,17,3,0,0.899,,1300,,,,,3,,,
CompleteGumtreeMatcher,13,7,9,1,0,3,0,0,34,3,0,0.999,,1300,,,,,3,,,
CompleteGumtreeMatcher,13,7,9,1,0,3,0,0,17,3,0,0.1,,1300,,,,,4,,,
CompleteGumtreeMatcher,13,7,9,1,0,3,0,0,35,3,0,0.2,,1300,,,,,4,,,
CompleteGumtreeMatcher,13,7,9,1,0,3,0,0,16,3,0,0.3,,1300,,,,,4,,,
CompleteGumtreeMatcher,13,7,9,1,0,3,0,0,16,3,0,0.4,,1300,,,,,4,,,
CompleteGumtreeMatcher,13,7,9,1,0,3,0,0,35,3,0,0.5,,1300,,,,,4,,,
CompleteGumtreeMatcher,13,7,9,1,0,3,0,0,16,3,0,0.6,,1300,,,,,4,,,
CompleteGumtreeMatcher,13,7,9,1,0,3,0,0,16,3,0,0.7,,1300,,,,,4,,,
CompleteGumtreeMatcher,13,7,9,1,0,3,0,0,32,3,0,0.799,,1300,,,,,4,,,
CompleteGumtreeMatcher,13,7,9,1,0,3,0,0,16,3,0,0.899,,1300,,,,,4,,,
CompleteGumtreeMatcher,13,7,9,1,0,3,0,0,34,3,0,0.999,,1300,,,,,4,,,
CompleteGumtreeMatcher,13,7,9,1,0,3,0,0,16,3,0,0.1,,1300,,,,,5,,,
CompleteGumtreeMatcher,13,7,9,1,0,3,0,0,16,3,0,0.2,,1300,,,,,5,,,
CompleteGumtreeMatcher,13,7,9,1,0,3,0,0,16,3,0,0.3,,1300,,,,,5,,,
CompleteGumtreeMatcher,13,7,9,1,0,3,0,0,35,3,0,0.4,,1300,,,,,5,,,
CompleteGumtreeMatcher,13,7,9,1,0,3,0,0,35,3,0,0.5,,1300,,,,,5,,,
CompleteGumtreeMatcher,13,7,9,1,0,3,0,0,16,3,0,0.6,,1300,,,,,5,,,
CompleteGumtreeMatcher,13,7,9,1,0,3,0,0,16,3,0,0.7,,1300,,,,,5,,,
CompleteGumtreeMatcher,13,7,9,1,0,3,0,0,35,3,0,0.799,,1300,,,,,5,,,
CompleteGumtreeMatcher,13,7,9,1,0,3,0,0,16,3,0,0.899,,1300,,,,,5,,,
CompleteGumtreeMatcher,13,7,9,1,0,3,0,0,32,3,0,0.999,,1300,,,,,5,,,
CompleteGumtreeMatcher,13,7,9,1,0,3,0,0,49,3,0,0.1,,1400,,,,,1,,,
CompleteGumtreeMatcher,13,7,9,1,0,3,0,0,16,3,0,0.2,,1400,,,,,1,,,
CompleteGumtreeMatcher,13,7,9,1,0,3,0,0,32,3,0,0.3,,1400,,,,,1,,,
CompleteGumtreeMatcher,13,7,9,1,0,3,0,0,16,3,0,0.4,,1400,,,,,1,,,
CompleteGumtreeMatcher,13,7,9,1,0,3,0,0,35,3,0,0.5,,1400,,,,,1,,,
CompleteGumtreeMatcher,13,7,9,1,0,3,0,0,17,3,0,0.6,,1400,,,,,1,,,
CompleteGumtreeMatcher,13,7,9,1,0,3,0,0,35,3,0,0.7,,1400,,,,,1,,,
CompleteGumtreeMatcher,13,7,9,1,0,3,0,0,16,3,0,0.799,,1400,,,,,1,,,
CompleteGumtreeMatcher,13,7,9,1,0,3,0,0,32,3,0,0.899,,1400,,,,,1,,,
CompleteGumtreeMatcher,13,7,9,1,0,3,0,0,34,3,0,0.999,,1400,,,,,1,,,
CompleteGumtreeMatcher,13,7,9,1,0,3,0,0,16,3,0,0.1,,1400,,,,,2,,,
CompleteGumtreeMatcher,13,7,9,1,0,3,0,0,35,3,0,0.2,,1400,,,,,2,,,
CompleteGumtreeMatcher,13,7,9,1,0,3,0,0,33,3,0,0.3,,1400,,,,,2,,,
CompleteGumtreeMatcher,13,7,9,1,0,3,0,0,16,3,0,0.4,,1400,,,,,2,,,
CompleteGumtreeMatcher,13,7,9,1,0,3,0,0,32,3,0,0.5,,1400,,,,,2,,,
CompleteGumtreeMatcher,13,7,9,1,0,3,0,0,51,3,0,0.6,,1400,,,,,2,,,
CompleteGumtreeMatcher,13,7,9,1,0,3,0,0,16,3,0,0.7,,1400,,,,,2,,,
CompleteGumtreeMatcher,13,7,9,1,0,3,0,0,32,3,0,0.799,,1400,,,,,2,,,
CompleteGumtreeMatcher,13,7,9,1,0,3,0,0,51,3,0,0.899,,1400,,,,,2,,,
CompleteGumtreeMatcher,13,7,9,1,0,3,0,0,17,3,0,0.999,,1400,,,,,2,,,
CompleteGumtreeMatcher,13,7,9,1,0,3,0,0,29,3,0,0.1,,1400,,,,,3,,,
CompleteGumtreeMatcher,13,7,9,1,0,3,0,0,51,3,0,0.2,,1400,,,,,3,,,
CompleteGumtreeMatcher,13,7,9,1,0,3,0,0,16,3,0,0.3,,1400,,,,,3,,,
CompleteGumtreeMatcher,13,7,9,1,0,3,0,0,32,3,0,0.4,,1400,,,,,3,,,
CompleteGumtreeMatcher,13,7,9,1,0,3,0,0,30,3,0,0.5,,1400,,,,,3,,,
CompleteGumtreeMatcher,13,7,9,1,0,3,0,0,17,3,0,0.6,,1400,,,,,3,,,
CompleteGumtreeMatcher,13,7,9,1,0,3,0,0,16,3,0,0.7,,1400,,,,,3,,,
CompleteGumtreeMatcher,13,7,9,1,0,3,0,0,17,3,0,0.799,,1400,,,,,3,,,
CompleteGumtreeMatcher,13,7,9,1,0,3,0,0,32,3,0,0.899,,1400,,,,,3,,,
CompleteGumtreeMatcher,13,7,9,1,0,3,0,0,32,3,0,0.999,,1400,,,,,3,,,
CompleteGumtreeMatcher,13,7,9,1,0,3,0,0,32,3,0,0.1,,1400,,,,,4,,,
CompleteGumtreeMatcher,13,7,9,1,0,3,0,0,17,3,0,0.2,,1400,,,,,4,,,
CompleteGumtreeMatcher,13,7,9,1,0,3,0,0,16,3,0,0.3,,1400,,,,,4,,,
CompleteGumtreeMatcher,13,7,9,1,0,3,0,0,51,3,0,0.4,,1400,,,,,4,,,
CompleteGumtreeMatcher,13,7,9,1,0,3,0,0,16,3,0,0.5,,1400,,,,,4,,,
CompleteGumtreeMatcher,13,7,9,1,0,3,0,0,35,3,0,0.6,,1400,,,,,4,,,
CompleteGumtreeMatcher,13,7,9,1,0,3,0,0,16,3,0,0.7,,1400,,,,,4,,,
CompleteGumtreeMatcher,13,7,9,1,0,3,0,0,34,3,0,0.799,,1400,,,,,4,,,
CompleteGumtreeMatcher,13,7,9,1,0,3,0,0,35,3,0,0.899,,1400,,,,,4,,,
CompleteGumtreeMatcher,13,7,9,1,0,3,0,0,16,3,0,0.999,,1400,,,,,4,,,
CompleteGumtreeMatcher,13,7,9,1,0,3,0,0,16,3,0,0.1,,1400,,,,,5,,,
CompleteGumtreeMatcher,13,7,9,1,0,3,0,0,32,3,0,0.2,,1400,,,,,5,,,
CompleteGumtreeMatcher,13,7,9,1,0,3,0,0,32,3,0,0.3,,1400,,,,,5,,,
CompleteGumtreeMatcher,13,7,9,1,0,3,0,0,32,3,0,0.4,,1400,,,,,5,,,
CompleteGumtreeMatcher,13,7,9,1,0,3,0,0,17,3,0,0.5,,1400,,,,,5,,,
CompleteGumtreeMatcher,13,7,9,1,0,3,0,0,16,3,0,0.6,,1400,,,,,5,,,
CompleteGumtreeMatcher,13,7,9,1,0,3,0,0,16,3,0,0.7,,1400,,,,,5,,,
CompleteGumtreeMatcher,13,7,9,1,0,3,0,0,35,3,0,0.799,,1400,,,,,5,,,
CompleteGumtreeMatcher,13,7,9,1,0,3,0,0,16,3,0,0.899,,1400,,,,,5,,,
CompleteGumtreeMatcher,13,7,9,1,0,3,0,0,35,3,0,0.999,,1400,,,,,5,,,
CompleteGumtreeMatcher,13,7,9,1,0,3,0,0,16,3,0,0.1,,1500,,,,,1,,,
CompleteGumtreeMatcher,13,7,9,1,0,3,0,0,17,3,0,0.2,,1500,,,,,1,,,
CompleteGumtreeMatcher,13,7,9,1,0,3,0,0,43,3,0,0.3,,1500,,,,,1,,,
CompleteGumtreeMatcher,13,7,9,1,0,3,0,0,30,3,0,0.4,,1500,,,,,1,,,
CompleteGumtreeMatcher,13,7,9,1,0,3,0,0,33,3,0,0.5,,1500,,,,,1,,,
CompleteGumtreeMatcher,13,7,9,1,0,3,0,0,16,3,0,0.6,,1500,,,,,1,,,
CompleteGumtreeMatcher,13,7,9,1,0,3,0,0,16,3,0,0.7,,1500,,,,,1,,,
CompleteGumtreeMatcher,13,7,9,1,0,3,0,0,33,3,0,0.799,,1500,,,,,1,,,
CompleteGumtreeMatcher,13,7,9,1,0,3,0,0,28,3,0,0.899,,1500,,,,,1,,,
CompleteGumtreeMatcher,13,7,9,1,0,3,0,0,16,3,0,0.999,,1500,,,,,1,,,
CompleteGumtreeMatcher,13,7,9,1,0,3,0,0,16,3,0,0.1,,1500,,,,,2,,,
CompleteGumtreeMatcher,13,7,9,1,0,3,0,0,38,3,0,0.2,,1500,,,,,2,,,
CompleteGumtreeMatcher,13,7,9,1,0,3,0,0,17,3,0,0.3,,1500,,,,,2,,,
CompleteGumtreeMatcher,13,7,9,1,0,3,0,0,35,3,0,0.4,,1500,,,,,2,,,
CompleteGumtreeMatcher,13,7,9,1,0,3,0,0,16,3,0,0.5,,1500,,,,,2,,,
CompleteGumtreeMatcher,13,7,9,1,0,3,0,0,32,3,0,0.6,,1500,,,,,2,,,
CompleteGumtreeMatcher,13,7,9,1,0,3,0,0,17,3,0,0.7,,1500,,,,,2,,,
CompleteGumtreeMatcher,13,7,9,1,0,3,0,0,16,3,0,0.799,,1500,,,,,2,,,
CompleteGumtreeMatcher,13,7,9,1,0,3,0,0,28,3,0,0.899,,1500,,,,,2,,,
CompleteGumtreeMatcher,13,7,9,1,0,3,0,0,33,3,0,0.999,,1500,,,,,2,,,
CompleteGumtreeMatcher,13,7,9,1,0,3,0,0,16,3,0,0.1,,1500,,,,,3,,,
CompleteGumtreeMatcher,13,7,9,1,0,3,0,0,35,3,0,0.2,,1500,,,,,3,,,
CompleteGumtreeMatcher,13,7,9,1,0,3,0,0,17,3,0,0.3,,1500,,,,,3,,,
CompleteGumtreeMatcher,13,7,9,1,0,3,0,0,16,3,0,0.4,,1500,,,,,3,,,
CompleteGumtreeMatcher,13,7,9,1,0,3,0,0,16,3,0,0.5,,1500,,,,,3,,,
CompleteGumtreeMatcher,13,7,9,1,0,3,0,0,16,3,0,0.6,,1500,,,,,3,,,
CompleteGumtreeMatcher,13,7,9,1,0,3,0,0,39,3,0,0.7,,1500,,,,,3,,,
CompleteGumtreeMatcher,13,7,9,1,0,3,0,0,16,3,0,0.799,,1500,,,,,3,,,
CompleteGumtreeMatcher,13,7,9,1,0,3,0,0,33,3,0,0.899,,1500,,,,,3,,,
CompleteGumtreeMatcher,13,7,9,1,0,3,0,0,28,3,0,0.999,,1500,,,,,3,,,
CompleteGumtreeMatcher,13,7,9,1,0,3,0,0,34,3,0,0.1,,1500,,,,,4,,,
CompleteGumtreeMatcher,13,7,9,1,0,3,0,0,17,3,0,0.2,,1500,,,,,4,,,
CompleteGumtreeMatcher,13,7,9,1,0,3,0,0,33,3,0,0.3,,1500,,,,,4,,,
CompleteGumtreeMatcher,13,7,9,1,0,3,0,0,33,3,0,0.4,,1500,,,,,4,,,
CompleteGumtreeMatcher,13,7,9,1,0,3,0,0,17,3,0,0.5,,1500,,,,,4,,,
CompleteGumtreeMatcher,13,7,9,1,0,3,0,0,39,3,0,0.6,,1500,,,,,4,,,
CompleteGumtreeMatcher,13,7,9,1,0,3,0,0,17,3,0,0.7,,1500,,,,,4,,,
CompleteGumtreeMatcher,13,7,9,1,0,3,0,0,16,3,0,0.799,,1500,,,,,4,,,
CompleteGumtreeMatcher,13,7,9,1,0,3,0,0,16,3,0,0.899,,1500,,,,,4,,,
CompleteGumtreeMatcher,13,7,9,1,0,3,0,0,32,3,0,0.999,,1500,,,,,4,,,
CompleteGumtreeMatcher,13,7,9,1,0,3,0,0,16,3,0,0.1,,1500,,,,,5,,,
CompleteGumtreeMatcher,13,7,9,1,0,3,0,0,35,3,0,0.2,,1500,,,,,5,,,
CompleteGumtreeMatcher,13,7,9,1,0,3,0,0,32,3,0,0.3,,1500,,,,,5,,,
CompleteGumtreeMatcher,13,7,9,1,0,3,0,0,17,3,0,0.4,,1500,,,,,5,,,
CompleteGumtreeMatcher,13,7,9,1,0,3,0,0,48,3,0,0.5,,1500,,,,,5,,,
CompleteGumtreeMatcher,13,7,9,1,0,3,0,0,34,3,0,0.6,,1500,,,,,5,,,
CompleteGumtreeMatcher,13,7,9,1,0,3,0,0,35,3,0,0.7,,1500,,,,,5,,,
CompleteGumtreeMatcher,13,7,9,1,0,3,0,0,16,3,0,0.799,,1500,,,,,5,,,
CompleteGumtreeMatcher,13,7,9,1,0,3,0,0,17,3,0,0.899,,1500,,,,,5,,,
CompleteGumtreeMatcher,13,7,9,1,0,3,0,0,38,3,0,0.999,,1500,,,,,5,,,
CompleteGumtreeMatcher,13,7,9,1,0,3,0,0,16,3,0,0.1,,1600,,,,,1,,,
CompleteGumtreeMatcher,13,7,9,1,0,3,0,0,17,3,0,0.2,,1600,,,,,1,,,
CompleteGumtreeMatcher,13,7,9,1,0,3,0,0,32,3,0,0.3,,1600,,,,,1,,,
CompleteGumtreeMatcher,13,7,9,1,0,3,0,0,16,3,0,0.4,,1600,,,,,1,,,
CompleteGumtreeMatcher,13,7,9,1,0,3,0,0,32,3,0,0.5,,1600,,,,,1,,,
CompleteGumtreeMatcher,13,7,9,1,0,3,0,0,47,3,0,0.6,,1600,,,,,1,,,
CompleteGumtreeMatcher,13,7,9,1,0,3,0,0,32,3,0,0.7,,1600,,,,,1,,,
CompleteGumtreeMatcher,13,7,9,1,0,3,0,0,16,3,0,0.799,,1600,,,,,1,,,
CompleteGumtreeMatcher,13,7,9,1,0,3,0,0,16,3,0,0.899,,1600,,,,,1,,,
CompleteGumtreeMatcher,13,7,9,1,0,3,0,0,35,3,0,0.999,,1600,,,,,1,,,
CompleteGumtreeMatcher,13,7,9,1,0,3,0,0,16,3,0,0.1,,1600,,,,,2,,,
CompleteGumtreeMatcher,13,7,9,1,0,3,0,0,35,3,0,0.2,,1600,,,,,2,,,
CompleteGumtreeMatcher,13,7,9,1,0,3,0,0,19,3,0,0.3,,1600,,,,,2,,,
CompleteGumtreeMatcher,13,7,9,1,0,3,0,0,16,3,0,0.4,,1600,,,,,2,,,
CompleteGumtreeMatcher,13,7,9,1,0,3,0,0,16,3,0,0.5,,1600,,,,,2,,,
CompleteGumtreeMatcher,13,7,9,1,0,3,0,0,32,3,0,0.6,,1600,,,,,2,,,
CompleteGumtreeMatcher,13,7,9,1,0,3,0,0,28,3,0,0.7,,1600,,,,,2,,,
CompleteGumtreeMatcher,13,7,9,1,0,3,0,0,32,3,0,0.799,,1600,,,,,2,,,
CompleteGumtreeMatcher,13,7,9,1,0,3,0,0,32,3,0,0.899,,1600,,,,,2,,,
CompleteGumtreeMatcher,13,7,9,1,0,3,0,0,16,3,0,0.999,,1600,,,,,2,,,
CompleteGumtreeMatcher,13,7,9,1,0,3,0,0,17,3,0,0.1,,1600,,,,,3,,,
CompleteGumtreeMatcher,13,7,9,1,0,3,0,0,51,3,0,0.2,,1600,,,,,3,,,
CompleteGumtreeMatcher,13,7,9,1,0,3,0,0,43,3,0,0.3,,1600,,,,,3,,,
CompleteGumtreeMatcher,13,7,9,1,0,3,0,0,35,3,0,0.4,,1600,,,,,3,,,
CompleteGumtreeMatcher,13,7,9,1,0,3,0,0,16,3,0,0.5,,1600,,,,,3,,,
CompleteGumtreeMatcher,13,7,9,1,0,3,0,0,16,3,0,0.6,,1600,,,,,3,,,
CompleteGumtreeMatcher,13,7,9,1,0,3,0,0,35,3,0,0.7,,1600,,,,,3,,,
CompleteGumtreeMatcher,13,7,9,1,0,3,0,0,29,3,0,0.799,,1600,,,,,3,,,
CompleteGumtreeMatcher,13,7,9,1,0,3,0,0,33,3,0,0.899,,1600,,,,,3,,,
CompleteGumtreeMatcher,13,7,9,1,0,3,0,0,33,3,0,0.999,,1600,,,,,3,,,
CompleteGumtreeMatcher,13,7,9,1,0,3,0,0,16,3,0,0.1,,1600,,,,,4,,,
CompleteGumtreeMatcher,13,7,9,1,0,3,0,0,16,3,0,0.2,,1600,,,,,4,,,
CompleteGumtreeMatcher,13,7,9,1,0,3,0,0,34,3,0,0.3,,1600,,,,,4,,,
CompleteGumtreeMatcher,13,7,9,1,0,3,0,0,31,3,0,0.4,,1600,,,,,4,,,
CompleteGumtreeMatcher,13,7,9,1,0,3,0,0,17,3,0,0.5,,1600,,,,,4,,,
CompleteGumtreeMatcher,13,7,9,1,0,3,0,0,28,3,0,0.6,,1600,,,,,4,,,
CompleteGumtreeMatcher,13,7,9,1,0,3,0,0,31,3,0,0.7,,1600,,,,,4,,,
CompleteGumtreeMatcher,13,7,9,1,0,3,0,0,16,3,0,0.799,,1600,,,,,4,,,
CompleteGumtreeMatcher,13,7,9,1,0,3,0,0,35,3,0,0.899,,1600,,,,,4,,,
CompleteGumtreeMatcher,13,7,9,1,0,3,0,0,35,3,0,0.999,,1600,,,,,4,,,
CompleteGumtreeMatcher,13,7,9,1,0,3,0,0,16,3,0,0.1,,1600,,,,,5,,,
CompleteGumtreeMatcher,13,7,9,1,0,3,0,0,32,3,0,0.2,,1600,,,,,5,,,
CompleteGumtreeMatcher,13,7,9,1,0,3,0,0,16,3,0,0.3,,1600,,,,,5,,,
CompleteGumtreeMatcher,13,7,9,1,0,3,0,0,16,3,0,0.4,,1600,,,,,5,,,
CompleteGumtreeMatcher,13,7,9,1,0,3,0,0,32,3,0,0.5,,1600,,,,,5,,,
CompleteGumtreeMatcher,13,7,9,1,0,3,0,0,16,3,0,0.6,,1600,,,,,5,,,
CompleteGumtreeMatcher,13,7,9,1,0,3,0,0,35,3,0,0.7,,1600,,,,,5,,,
CompleteGumtreeMatcher,13,7,9,1,0,3,0,0,32,3,0,0.799,,1600,,,,,5,,,
CompleteGumtreeMatcher,13,7,9,1,0,3,0,0,16,3,0,0.899,,1600,,,,,5,,,
CompleteGumtreeMatcher,13,7,9,1,0,3,0,0,50,3,0,0.999,,1600,,,,,5,,,
CompleteGumtreeMatcher,13,7,9,1,0,3,0,0,16,3,0,0.1,,1700,,,,,1,,,
CompleteGumtreeMatcher,13,7,9,1,0,3,0,0,16,3,0,0.2,,1700,,,,,1,,,
CompleteGumtreeMatcher,13,7,9,1,0,3,0,0,35,3,0,0.3,,1700,,,,,1,,,
CompleteGumtreeMatcher,13,7,9,1,0,3,0,0,35,3,0,0.4,,1700,,,,,1,,,
CompleteGumtreeMatcher,13,7,9,1,0,3,0,0,28,3,0,0.5,,1700,,,,,1,,,
CompleteGumtreeMatcher,13,7,9,1,0,3,0,0,16,3,0,0.6,,1700,,,,,1,,,
CompleteGumtreeMatcher,13,7,9,1,0,3,0,0,16,3,0,0.7,,1700,,,,,1,,,
CompleteGumtreeMatcher,13,7,9,1,0,3,0,0,32,3,0,0.799,,1700,,,,,1,,,
CompleteGumtreeMatcher,13,7,9,1,0,3,0,0,16,3,0,0.899,,1700,,,,,1,,,
CompleteGumtreeMatcher,13,7,9,1,0,3,0,0,36,3,0,0.999,,1700,,,,,1,,,
CompleteGumtreeMatcher,13,7,9,1,0,3,0,0,34,3,0,0.1,,1700,,,,,2,,,
CompleteGumtreeMatcher,13,7,9,1,0,3,0,0,17,3,0,0.2,,1700,,,,,2,,,
CompleteGumtreeMatcher,13,7,9,1,0,3,0,0,16,3,0,0.3,,1700,,,,,2,,,
CompleteGumtreeMatcher,13,7,9,1,0,3,0,0,32,3,0,0.4,,1700,,,,,2,,,
CompleteGumtreeMatcher,13,7,9,1,0,3,0,0,17,3,0,0.5,,1700,,,,,2,,,
CompleteGumtreeMatcher,13,7,9,1,0,3,0,0,35,3,0,0.6,,1700,,,,,2,,,
CompleteGumtreeMatcher,13,7,9,1,0,3,0,0,35,3,0,0.7,,1700,,,,,2,,,
CompleteGumtreeMatcher,13,7,9,1,0,3,0,0,16,3,0,0.799,,1700,,,,,2,,,
CompleteGumtreeMatcher,13,7,9,1,0,3,0,0,35,3,0,0.899,,1700,,,,,2,,,
CompleteGumtreeMatcher,13,7,9,1,0,3,0,0,17,3,0,0.999,,1700,,,,,2,,,
CompleteGumtreeMatcher,13,7,9,1,0,3,0,0,32,3,0,0.1,,1700,,,,,3,,,
CompleteGumtreeMatcher,13,7,9,1,0,3,0,0,16,3,0,0.2,,1700,,,,,3,,,
CompleteGumtreeMatcher,13,7,9,1,0,3,0,0,16,3,0,0.3,,1700,,,,,3,,,
CompleteGumtreeMatcher,13,7,9,1,0,3,0,0,48,3,0,0.4,,1700,,,,,3,,,
CompleteGumtreeMatcher,13,7,9,1,0,3,0,0,32,3,0,0.5,,1700,,,,,3,,,
CompleteGumtreeMatcher,13,7,9,1,0,3,0,0,16,3,0,0.6,,1700,,,,,3,,,
CompleteGumtreeMatcher,13,7,9,1,0,3,0,0,33,3,0,0.7,,1700,,,,,3,,,
CompleteGumtreeMatcher,13,7,9,1,0,3,0,0,16,3,0,0.799,,1700,,,,,3,,,
CompleteGumtreeMatcher,13,7,9,1,0,3,0,0,51,3,0,0.899,,1700,,,,,3,,,
CompleteGumtreeMatcher,13,7,9,1,0,3,0,0,32,3,0,0.999,,1700,,,,,3,,,
CompleteGumtreeMatcher,13,7,9,1,0,3,0,0,16,3,0,0.1,,1700,,,,,4,,,
CompleteGumtreeMatcher,13,7,9,1,0,3,0,0,32,3,0,0.2,,1700,,,,,4,,,
CompleteGumtreeMatcher,13,7,9,1,0,3,0,0,35,3,0,0.3,,1700,,,,,4,,,
CompleteGumtreeMatcher,13,7,9,1,0,3,0,0,16,3,0,0.4,,1700,,,,,4,,,
CompleteGumtreeMatcher,13,7,9,1,0,3,0,0,34,3,0,0.5,,1700,,,,,4,,,
CompleteGumtreeMatcher,13,7,9,1,0,3,0,0,32,3,0,0.6,,1700,,,,,4,,,
CompleteGumtreeMatcher,13,7,9,1,0,3,0,0,16,3,0,0.7,,1700,,,,,4,,,
CompleteGumtreeMatcher,13,7,9,1,0,3,0,0,32,3,0,0.799,,1700,,,,,4,,,
CompleteGumtreeMatcher,13,7,9,1,0,3,0,0,16,3,0,0.899,,1700,,,,,4,,,
CompleteGumtreeMatcher,13,7,9,1,0,3,0,0,32,3,0,0.999,,1700,,,,,4,,,
CompleteGumtreeMatcher,13,7,9,1,0,3,0,0,35,3,0,0.1,,1700,,,,,5,,,
CompleteGumtreeMatcher,13,7,9,1,0,3,0,0,16,3,0,0.2,,1700,,,,,5,,,
CompleteGumtreeMatcher,13,7,9,1,0,3,0,0,33,3,0,0.3,,1700,,,,,5,,,
CompleteGumtreeMatcher,13,7,9,1,0,3,0,0,35,3,0,0.4,,1700,,,,,5,,,
CompleteGumtreeMatcher,13,7,9,1,0,3,0,0,16,3,0,0.5,,1700,,,,,5,,,
CompleteGumtreeMatcher,13,7,9,1,0,3,0,0,35,3,0,0.6,,1700,,,,,5,,,
CompleteGumtreeMatcher,13,7,9,1,0,3,0,0,33,3,0,0.7,,1700,,,,,5,,,
CompleteGumtreeMatcher,13,7,9,1,0,3,0,0,28,3,0,0.799,,1700,,,,,5,,,
CompleteGumtreeMatcher,13,7,9,1,0,3,0,0,16,3,0,0.899,,1700,,,,,5,,,
CompleteGumtreeMatcher,13,7,9,1,0,3,0,0,32,3,0,0.999,,1700,,,,,5,,,
CompleteGumtreeMatcher,13,7,9,1,0,3,0,0,17,3,0,0.1,,1800,,,,,1,,,
CompleteGumtreeMatcher,13,7,9,1,0,3,0,0,17,3,0,0.2,,1800,,,,,1,,,
CompleteGumtreeMatcher,13,7,9,1,0,3,0,0,38,3,0,0.3,,1800,,,,,1,,,
CompleteGumtreeMatcher,13,7,9,1,0,3,0,0,16,3,0,0.4,,1800,,,,,1,,,
CompleteGumtreeMatcher,13,7,9,1,0,3,0,0,16,3,0,0.5,,1800,,,,,1,,,
CompleteGumtreeMatcher,13,7,9,1,0,3,0,0,16,3,0,0.6,,1800,,,,,1,,,
CompleteGumtreeMatcher,13,7,9,1,0,3,0,0,34,3,0,0.7,,1800,,,,,1,,,
CompleteGumtreeMatcher,13,7,9,1,0,3,0,0,16,3,0,0.799,,1800,,,,,1,,,
CompleteGumtreeMatcher,13,7,9,1,0,3,0,0,44,3,0,0.899,,1800,,,,,1,,,
CompleteGumtreeMatcher,13,7,9,1,0,3,0,0,43,3,0,0.999,,1800,,,,,1,,,
CompleteGumtreeMatcher,13,7,9,1,0,3,0,0,16,3,0,0.1,,1800,,,,,2,,,
CompleteGumtreeMatcher,13,7,9,1,0,3,0,0,16,3,0,0.2,,1800,,,,,2,,,
CompleteGumtreeMatcher,13,7,9,1,0,3,0,0,32,3,0,0.3,,1800,,,,,2,,,
CompleteGumtreeMatcher,13,7,9,1,0,3,0,0,16,3,0,0.4,,1800,,,,,2,,,
CompleteGumtreeMatcher,13,7,9,1,0,3,0,0,25,3,0,0.5,,1800,,,,,2,,,
CompleteGumtreeMatcher,13,7,9,1,0,3,0,0,16,3,0,0.6,,1800,,,,,2,,,
CompleteGumtreeMatcher,13,7,9,1,0,3,0,0,16,3,0,0.7,,1800,,,,,2,,,
CompleteGumtreeMatcher,13,7,9,1,0,3,0,0,16,3,0,0.799,,1800,,,,,2,,,
CompleteGumtreeMatcher,13,7,9,1,0,3,0,0,16,3,0,0.899,,1800,,,,,2,,,
CompleteGumtreeMatcher,13,7,9,1,0,3,0,0,39,3,0,0.999,,1800,,,,,2,,,
CompleteGumtreeMatcher,13,7,9,1,0,3,0,0,16,3,0,0.1,,1800,,,,,3,,,
CompleteGumtreeMatcher,13,7,9,1,0,3,0,0,35,3,0,0.2,,1800,,,,,3,,,
CompleteGumtreeMatcher,13,7,9,1,0,3,0,0,16,3,0,0.3,,1800,,,,,3,,,
CompleteGumtreeMatcher,13,7,9,1,0,3,0,0,17,3,0,0.4,,1800,,,,,3,,,
CompleteGumtreeMatcher,13,7,9,1,0,3,0,0,32,3,0,0.5,,1800,,,,,3,,,
CompleteGumtreeMatcher,13,7,9,1,0,3,0,0,16,3,0,0.6,,1800,,,,,3,,,
CompleteGumtreeMatcher,13,7,9,1,0,3,0,0,27,3,0,0.7,,1800,,,,,3,,,
CompleteGumtreeMatcher,13,7,9,1,0,3,0,0,23,3,0,0.799,,1800,,,,,3,,,
CompleteGumtreeMatcher,13,7,9,1,0,3,0,0,34,3,0,0.899,,1800,,,,,3,,,
CompleteGumtreeMatcher,13,7,9,1,0,3,0,0,16,3,0,0.999,,1800,,,,,3,,,
CompleteGumtreeMatcher,13,7,9,1,0,3,0,0,16,3,0,0.1,,1800,,,,,4,,,
CompleteGumtreeMatcher,13,7,9,1,0,3,0,0,24,3,0,0.2,,1800,,,,,4,,,
CompleteGumtreeMatcher,13,7,9,1,0,3,0,0,16,3,0,0.3,,1800,,,,,4,,,
CompleteGumtreeMatcher,13,7,9,1,0,3,0,0,35,3,0,0.4,,1800,,,,,4,,,
CompleteGumtreeMatcher,13,7,9,1,0,3,0,0,17,3,0,0.5,,1800,,,,,4,,,
CompleteGumtreeMatcher,13,7,9,1,0,3,0,0,32,3,0,0.6,,1800,,,,,4,,,
CompleteGumtreeMatcher,13,7,9,1,0,3,0,0,32,3,0,0.7,,1800,,,,,4,,,
CompleteGumtreeMatcher,13,7,9,1,0,3,0,0,28,3,0,0.799,,1800,,,,,4,,,
CompleteGumtreeMatcher,13,7,9,1,0,3,0,0,34,3,0,0.899,,1800,,,,,4,,,
CompleteGumtreeMatcher,13,7,9,1,0,3,0,0,17,3,0,0.999,,1800,,,,,4,,,
CompleteGumtreeMatcher,13,7,9,1,0,3,0,0,32,3,0,0.1,,1800,,,,,5,,,
CompleteGumtreeMatcher,13,7,9,1,0,3,0,0,38,3,0,0.2,,1800,,,,,5,,,
CompleteGumtreeMatcher,13,7,9,1,0,3,0,0,16,3,0,0.3,,1800,,,,,5,,,
CompleteGumtreeMatcher,13,7,9,1,0,3,0,0,24,3,0,0.4,,1800,,,,,5,,,
CompleteGumtreeMatcher,13,7,9,1,0,3,0,0,16,3,0,0.5,,1800,,,,,5,,,
CompleteGumtreeMatcher,13,7,9,1,0,3,0,0,28,3,0,0.6,,1800,,,,,5,,,
CompleteGumtreeMatcher,13,7,9,1,0,3,0,0,43,3,0,0.7,,1800,,,,,5,,,
CompleteGumtreeMatcher,13,7,9,1,0,3,0,0,33,3,0,0.799,,1800,,,,,5,,,
CompleteGumtreeMatcher,13,7,9,1,0,3,0,0,33,3,0,0.899,,1800,,,,,5,,,
CompleteGumtreeMatcher,13,7,9,1,0,3,0,0,28,3,0,0.999,,1800,,,,,5,,,
CompleteGumtreeMatcher,13,7,9,1,0,3,0,0,16,3,0,0.1,,1900,,,,,1,,,
CompleteGumtreeMatcher,13,7,9,1,0,3,0,0,49,3,0,0.2,,1900,,,,,1,,,
CompleteGumtreeMatcher,13,7,9,1,0,3,0,0,32,3,0,0.3,,1900,,,,,1,,,
CompleteGumtreeMatcher,13,7,9,1,0,3,0,0,35,3,0,0.4,,1900,,,,,1,,,
CompleteGumtreeMatcher,13,7,9,1,0,3,0,0,22,3,0,0.5,,1900,,,,,1,,,
CompleteGumtreeMatcher,13,7,9,1,0,3,0,0,16,3,0,0.6,,1900,,,,,1,,,
CompleteGumtreeMatcher,13,7,9,1,0,3,0,0,32,3,0,0.7,,1900,,,,,1,,,
CompleteGumtreeMatcher,13,7,9,1,0,3,0,0,32,3,0,0.799,,1900,,,,,1,,,
CompleteGumtreeMatcher,13,7,9,1,0,3,0,0,32,3,0,0.899,,1900,,,,,1,,,
CompleteGumtreeMatcher,13,7,9,1,0,3,0,0,32,3,0,0.999,,1900,,,,,1,,,
CompleteGumtreeMatcher,13,7,9,1,0,3,0,0,16,3,0,0.1,,1900,,,,,2,,,
CompleteGumtreeMatcher,13,7,9,1,0,3,0,0,51,3,0,0.2,,1900,,,,,2,,,
CompleteGumtreeMatcher,13,7,9,1,0,3,0,0,32,3,0,0.3,,1900,,,,,2,,,
CompleteGumtreeMatcher,13,7,9,1,0,3,0,0,35,3,0,0.4,,1900,,,,,2,,,
CompleteGumtreeMatcher,13,7,9,1,0,3,0,0,35,3,0,0.5,,1900,,,,,2,,,
CompleteGumtreeMatcher,13,7,9,1,0,3,0,0,17,3,0,0.6,,1900,,,,,2,,,
CompleteGumtreeMatcher,13,7,9,1,0,3,0,0,16,3,0,0.7,,1900,,,,,2,,,
CompleteGumtreeMatcher,13,7,9,1,0,3,0,0,35,3,0,0.799,,1900,,,,,2,,,
CompleteGumtreeMatcher,13,7,9,1,0,3,0,0,32,3,0,0.899,,1900,,,,,2,,,
CompleteGumtreeMatcher,13,7,9,1,0,3,0,0,46,3,0,0.999,,1900,,,,,2,,,
CompleteGumtreeMatcher,13,7,9,1,0,3,0,0,16,3,0,0.1,,1900,,,,,3,,,
CompleteGumtreeMatcher,13,7,9,1,0,3,0,0,16,3,0,0.2,,1900,,,,,3,,,
CompleteGumtreeMatcher,13,7,9,1,0,3,0,0,19,3,0,0.3,,1900,,,,,3,,,
CompleteGumtreeMatcher,13,7,9,1,0,3,0,0,32,3,0,0.4,,1900,,,,,3,,,
CompleteGumtreeMatcher,13,7,9,1,0,3,0,0,35,3,0,0.5,,1900,,,,,3,,,
CompleteGumtreeMatcher,13,7,9,1,0,3,0,0,39,3,0,0.6,,1900,,,,,3,,,
CompleteGumtreeMatcher,13,7,9,1,0,3,0,0,16,3,0,0.7,,1900,,,,,3,,,
CompleteGumtreeMatcher,13,7,9,1,0,3,0,0,17,3,0,0.799,,1900,,,,,3,,,
CompleteGumtreeMatcher,13,7,9,1,0,3,0,0,39,3,0,0.899,,1900,,,,,3,,,
CompleteGumtreeMatcher,13,7,9,1,0,3,0,0,32,3,0,0.999,,1900,,,,,3,,,
CompleteGumtreeMatcher,13,7,9,1,0,3,0,0,16,3,0,0.1,,1900,,,,,4,,,
CompleteGumtreeMatcher,13,7,9,1,0,3,0,0,29,3,0,0.2,,1900,,,,,4,,,
CompleteGumtreeMatcher,13,7,9,1,0,3,0,0,17,3,0,0.3,,1900,,,,,4,,,
CompleteGumtreeMatcher,13,7,9,1,0,3,0,0,16,3,0,0.4,,1900,,,,,4,,,
CompleteGumtreeMatcher,13,7,9,1,0,3,0,0,32,3,0,0.5,,1900,,,,,4,,,
CompleteGumtreeMatcher,13,7,9,1,0,3,0,0,18,3,0,0.6,,1900,,,,,4,,,
CompleteGumtreeMatcher,13,7,9,1,0,3,0,0,35,3,0,0.7,,1900,,,,,4,,,
CompleteGumtreeMatcher,13,7,9,1,0,3,0,0,39,3,0,0.799,,1900,,,,,4,,,
CompleteGumtreeMatcher,13,7,9,1,0,3,0,0,16,3,0,0.899,,1900,,,,,4,,,
CompleteGumtreeMatcher,13,7,9,1,0,3,0,0,16,3,0,0.999,,1900,,,,,4,,,
CompleteGumtreeMatcher,13,7,9,1,0,3,0,0,35,3,0,0.1,,1900,,,,,5,,,
CompleteGumtreeMatcher,13,7,9,1,0,3,0,0,32,3,0,0.2,,1900,,,,,5,,,
CompleteGumtreeMatcher,13,7,9,1,0,3,0,0,17,3,0,0.3,,1900,,,,,5,,,
CompleteGumtreeMatcher,13,7,9,1,0,3,0,0,39,3,0,0.4,,1900,,,,,5,,,
CompleteGumtreeMatcher,13,7,9,1,0,3,0,0,26,3,0,0.5,,1900,,,,,5,,,
CompleteGumtreeMatcher,13,7,9,1,0,3,0,0,16,3,0,0.6,,1900,,,,,5,,,
CompleteGumtreeMatcher,13,7,9,1,0,3,0,0,16,3,0,0.7,,1900,,,,,5,,,
CompleteGumtreeMatcher,13,7,9,1,0,3,0,0,16,3,0,0.799,,1900,,,,,5,,,
CompleteGumtreeMatcher,13,7,9,1,0,3,0,0,18,3,0,0.899,,1900,,,,,5,,,
CompleteGumtreeMatcher,13,7,9,1,0,3,0,0,30,3,0,0.999,,1900,,,,,5,,,
CompleteGumtreeMatcher,13,7,9,1,0,3,0,0,35,3,0,0.1,,2000,,,,,1,,,
CompleteGumtreeMatcher,13,7,9,1,0,3,0,0,16,3,0,0.2,,2000,,,,,1,,,
CompleteGumtreeMatcher,13,7,9,1,0,3,0,0,16,3,0,0.3,,2000,,,,,1,,,
CompleteGumtreeMatcher,13,7,9,1,0,3,0,0,32,3,0,0.4,,2000,,,,,1,,,
CompleteGumtreeMatcher,13,7,9,1,0,3,0,0,35,3,0,0.5,,2000,,,,,1,,,
CompleteGumtreeMatcher,13,7,9,1,0,3,0,0,28,3,0,0.6,,2000,,,,,1,,,
CompleteGumtreeMatcher,13,7,9,1,0,3,0,0,16,3,0,0.7,,2000,,,,,1,,,
CompleteGumtreeMatcher,13,7,9,1,0,3,0,0,32,3,0,0.799,,2000,,,,,1,,,
CompleteGumtreeMatcher,13,7,9,1,0,3,0,0,34,3,0,0.899,,2000,,,,,1,,,
CompleteGumtreeMatcher,13,7,9,1,0,3,0,0,16,3,0,0.999,,2000,,,,,1,,,
CompleteGumtreeMatcher,13,7,9,1,0,3,0,0,34,3,0,0.1,,2000,,,,,2,,,
CompleteGumtreeMatcher,13,7,9,1,0,3,0,0,32,3,0,0.2,,2000,,,,,2,,,
CompleteGumtreeMatcher,13,7,9,1,0,3,0,0,16,3,0,0.3,,2000,,,,,2,,,
CompleteGumtreeMatcher,13,7,9,1,0,3,0,0,35,3,0,0.4,,2000,,,,,2,,,
CompleteGumtreeMatcher,13,7,9,1,0,3,0,0,16,3,0,0.5,,2000,,,,,2,,,
CompleteGumtreeMatcher,13,7,9,1,0,3,0,0,49,3,0,0.6,,2000,,,,,2,,,
CompleteGumtreeMatcher,13,7,9,1,0,3,0,0,32,3,0,0.7,,2000,,,,,2,,,
CompleteGumtreeMatcher,13,7,9,1,0,3,0,0,31,3,0,0.799,,2000,,,,,2,,,
CompleteGumtreeMatcher,13,7,9,1,0,3,0,0,17,3,0,0.899,,2000,,,,,2,,,
CompleteGumtreeMatcher,13,7,9,1,0,3,0,0,16,3,0,0.999,,2000,,,,,2,,,
CompleteGumtreeMatcher,13,7,9,1,0,3,0,0,29,3,0,0.1,,2000,,,,,3,,,
CompleteGumtreeMatcher,13,7,9,1,0,3,0,0,31,3,0,0.2,,2000,,,,,3,,,
CompleteGumtreeMatcher,13,7,9,1,0,3,0,0,28,3,0,0.3,,2000,,,,,3,,,
CompleteGumtreeMatcher,13,7,9,1,0,3,0,0,35,3,0,0.4,,2000,,,,,3,,,
CompleteGumtreeMatcher,13,7,9,1,0,3,0,0,16,3,0,0.5,,2000,,,,,3,,,
CompleteGumtreeMatcher,13,7,9,1,0,3,0,0,16,3,0,0.6,,2000,,,,,3,,,
CompleteGumtreeMatcher,13,7,9,1,0,3,0,0,34,3,0,0.7,,2000,,,,,3,,,
CompleteGumtreeMatcher,13,7,9,1,0,3,0,0,33,3,0,0.799,,2000,,,,,3,,,
CompleteGumtreeMatcher,13,7,9,1,0,3,0,0,43,3,0,0.899,,2000,,,,,3,,,
CompleteGumtreeMatcher,13,7,9,1,0,3,0,0,32,3,0,0.999,,2000,,,,,3,,,
CompleteGumtreeMatcher,13,7,9,1,0,3,0,0,16,3,0,0.1,,2000,,,,,4,,,
CompleteGumtreeMatcher,13,7,9,1,0,3,0,0,32,3,0,0.2,,2000,,,,,4,,,
CompleteGumtreeMatcher,13,7,9,1,0,3,0,0,33,3,0,0.3,,2000,,,,,4,,,
CompleteGumtreeMatcher,13,7,9,1,0,3,0,0,32,3,0,0.4,,2000,,,,,4,,,
CompleteGumtreeMatcher,13,7,9,1,0,3,0,0,32,3,0,0.5,,2000,,,,,4,,,
CompleteGumtreeMatcher,13,7,9,1,0,3,0,0,35,3,0,0.6,,2000,,,,,4,,,
CompleteGumtreeMatcher,13,7,9,1,0,3,0,0,17,3,0,0.7,,2000,,,,,4,,,
CompleteGumtreeMatcher,13,7,9,1,0,3,0,0,31,3,0,0.799,,2000,,,,,4,,,
CompleteGumtreeMatcher,13,7,9,1,0,3,0,0,19,3,0,0.899,,2000,,,,,4,,,
CompleteGumtreeMatcher,13,7,9,1,0,3,0,0,16,3,0,0.999,,2000,,,,,4,,,
CompleteGumtreeMatcher,13,7,9,1,0,3,0,0,16,3,0,0.1,,2000,,,,,5,,,
CompleteGumtreeMatcher,13,7,9,1,0,3,0,0,16,3,0,0.2,,2000,,,,,5,,,
CompleteGumtreeMatcher,13,7,9,1,0,3,0,0,18,3,0,0.3,,2000,,,,,5,,,
CompleteGumtreeMatcher,13,7,9,1,0,3,0,0,29,3,0,0.4,,2000,,,,,5,,,
CompleteGumtreeMatcher,13,7,9,1,0,3,0,0,30,3,0,0.5,,2000,,,,,5,,,
CompleteGumtreeMatcher,13,7,9,1,0,3,0,0,28,3,0,0.6,,2000,,,,,5,,,
CompleteGumtreeMatcher,13,7,9,1,0,3,0,0,19,3,0,0.7,,2000,,,,,5,,,
CompleteGumtreeMatcher,13,7,9,1,0,3,0,0,25,3,0,0.799,,2000,,,,,5,,,
CompleteGumtreeMatcher,13,7,9,1,0,3,0,0,16,3,0,0.899,,2000,,,,,5,,,
CompleteGumtreeMatcher,13,7,9,1,0,3,0,0,16,3,0,0.999,,2000,,,,,5,,,
ChangeDistiller,53,47,13,5,21,14,0,0,34,4,0,,,,0.1,4,0.2,0.1,,,,
ChangeDistiller,53,47,13,5,21,14,0,0,44,4,0,,,,0.1,6,0.2,0.1,,,,
ChangeDistiller,53,47,13,5,21,14,0,0,34,4,0,,,,0.1,2,0.4,0.1,,,,
ChangeDistiller,53,47,13,5,21,14,0,0,34,4,0,,,,0.1,4,0.4,0.1,,,,
ChangeDistiller,53,47,13,5,21,14,0,0,43,4,0,,,,0.1,6,0.4,0.1,,,,
ChangeDistiller,61,49,15,7,21,18,0,0,35,4,0,,,,0.1,2,0.6,0.1,,,,
ChangeDistiller,58,48,14,6,21,17,0,0,32,4,0,,,,0.1,4,0.6,0.1,,,,
ChangeDistiller,58,48,14,6,21,17,0,0,27,4,0,,,,0.1,6,0.6,0.1,,,,
ChangeDistiller,82,60,20,12,21,29,0,0,61,4,0,,,,0.1,2,0.8,0.1,,,,
ChangeDistiller,58,48,14,6,21,17,0,0,49,4,0,,,,0.1,4,0.8,0.1,,,,
ChangeDistiller,58,48,14,6,21,17,0,0,44,4,0,,,,0.1,6,0.8,0.1,,,,
ChangeDistiller,106,68,25,17,21,43,0,0,48,4,0,,,,0.1,2,1.0,0.1,,,,
ChangeDistiller,95,67,21,12,21,41,0,0,30,4,0,,,,0.1,4,1.0,0.1,,,,
ChangeDistiller,92,66,20,11,21,40,0,0,44,4,0,,,,0.1,6,1.0,0.1,,,,
ChangeDistiller,43,37,12,4,17,10,0,0,39,4,0,,,,0.3,2,0.2,0.1,,,,
ChangeDistiller,43,37,12,4,17,10,0,0,25,4,0,,,,0.3,4,0.2,0.1,,,,
ChangeDistiller,43,37,12,4,17,10,0,0,65,4,0,,,,0.3,6,0.2,0.1,,,,
ChangeDistiller,43,37,12,4,17,10,0,0,38,4,0,,,,0.3,2,0.4,0.1,,,,
ChangeDistiller,43,37,12,4,17,10,0,0,24,4,0,,,,0.3,4,0.4,0.1,,,,
ChangeDistiller,43,37,12,4,17,10,0,0,44,4,0,,,,0.3,6,0.4,0.1,,,,
ChangeDistiller,51,39,14,6,17,14,0,0,38,4,0,,,,0.3,2,0.6,0.1,,,,
ChangeDistiller,48,38,13,5,17,13,0,0,46,4,0,,,,0.3,4,0.6,0.1,,,,
ChangeDistiller,48,38,13,5,17,13,0,0,22,4,0,,,,0.3,6,0.6,0.1,,,,
ChangeDistiller,56,42,15,7,17,17,0,0,25,4,0,,,,0.3,2,0.8,0.1,,,,
ChangeDistiller,48,38,13,5,17,13,0,0,24,4,0,,,,0.3,4,0.8,0.1,,,,
ChangeDistiller,48,38,13,5,17,13,0,0,24,4,0,,,,0.3,6,0.8,0.1,,,,
ChangeDistiller,80,54,19,11,17,33,0,0,44,4,0,,,,0.3,2,1.0,0.1,,,,
ChangeDistiller,77,55,18,9,17,33,0,0,38,4,0,,,,0.3,4,1.0,0.1,,,,
ChangeDistiller,77,55,18,9,17,33,0,0,23,4,0,,,,0.3,6,1.0,0.1,,,,
ChangeDistiller,25,18,11,3,4,7,0,0,18,4,0,,,,0.5,2,0.2,0.1,,,,
ChangeDistiller,25,18,11,3,4,7,0,0,19,4,0,,,,0.5,4,0.2,0.1,,,,
ChangeDistiller,25,18,11,3,4,7,0,0,37,4,0,,,,0.5,6,0.2,0.1,,,,
ChangeDistiller,25,18,11,3,4,7,0,0,21,4,0,,,,0.5,2,0.4,0.1,,,,
ChangeDistiller,25,18,11,3,4,7,0,0,18,4,0,,,,0.5,4,0.4,0.1,,,,
ChangeDistiller,25,18,11,3,4,7,0,0,35,4,0,,,,0.5,6,0.4,0.1,,,,
ChangeDistiller,33,20,13,5,4,11,0,0,18,4,0,,,,0.5,2,0.6,0.1,,,,
ChangeDistiller,30,19,12,4,4,10,0,0,35,4,0,,,,0.5,4,0.6,0.1,,,,
ChangeDistiller,30,19,12,4,4,10,0,0,32,4,0,,,,0.5,6,0.6,0.1,,,,
ChangeDistiller,38,23,14,6,4,14,0,0,17,4,0,,,,0.5,2,0.8,0.1,,,,
ChangeDistiller,30,19,12,4,4,10,0,0,34,4,0,,,,0.5,4,0.8,0.1,,,,
ChangeDistiller,30,19,12,4,4,10,0,0,18,4,0,,,,0.5,6,0.8,0.1,,,,
ChangeDistiller,56,33,17,9,4,26,0,0,53,4,0,,,,0.5,2,1.0,0.1,,,,
ChangeDistiller,53,34,16,7,4,26,0,0,17,4,0,,,,0.5,4,1.0,0.1,,,,
ChangeDistiller,53,34,16,7,4,26,0,0,17,4,0,,,,0.5,6,1.0,0.1,,,,
ChangeDistiller,13,8,9,1,0,3,0,0,13,4,0,,,,0.7,2,0.2,0.1,,,,
ChangeDistiller,13,8,9,1,0,3,0,0,29,4,0,,,,0.7,4,0.2,0.1,,,,
ChangeDistiller,13,8,9,1,0,3,0,0,15,4,0,,,,0.7,6,0.2,0.1,,,,
ChangeDistiller,13,8,9,1,0,3,0,0,41,4,0,,,,0.7,2,0.4,0.1,,,,
ChangeDistiller,13,8,9,1,0,3,0,0,13,4,0,,,,0.7,4,0.4,0.1,,,,
ChangeDistiller,13,8,9,1,0,3,0,0,15,4,0,,,,0.7,6,0.4,0.1,,,,
ChangeDistiller,13,8,9,1,0,3,0,0,16,4,0,,,,0.7,2,0.6,0.1,,,,
ChangeDistiller,13,8,9,1,0,3,0,0,13,4,0,,,,0.7,4,0.6,0.1,,,,
ChangeDistiller,13,8,9,1,0,3,0,0,38,4,0,,,,0.7,6,0.6,0.1,,,,
ChangeDistiller,19,12,10,2,0,7,0,0,20,4,0,,,,0.7,2,0.8,0.1,,,,
ChangeDistiller,19,12,10,2,0,7,0,0,13,4,0,,,,0.7,4,0.8,0.1,,,,
ChangeDistiller,19,12,10,2,0,7,0,0,12,4,0,,,,0.7,6,0.8,0.1,,,,
ChangeDistiller,45,28,15,6,0,24,0,0,13,4,0,,,,0.7,2,1.0,0.1,,,,
ChangeDistiller,42,27,14,5,0,23,0,0,13,4,0,,,,0.7,4,1.0,0.1,,,,
ChangeDistiller,42,27,14,5,0,23,0,0,13,4,0,,,,0.7,6,1.0,0.1,,,,
ChangeDistiller,13,8,9,1,0,3,0,0,14,4,0,,,,0.899,2,0.2,0.1,,,,
ChangeDistiller,13,8,9,1,0,3,0,0,13,4,0,,,,0.899,4,0.2,0.1,,,,
ChangeDistiller,13,8,9,1,0,3,0,0,13,4,0,,,,0.899,6,0.2,0.1,,,,
ChangeDistiller,13,8,9,1,0,3,0,0,29,4,0,,,,0.899,2,0.4,0.1,,,,
ChangeDistiller,13,8,9,1,0,3,0,0,31,4,0,,,,0.899,4,0.4,0.1,,,,
ChangeDistiller,13,8,9,1,0,3,0,0,14,4,0,,,,0.899,6,0.4,0.1,,,,
ChangeDistiller,13,8,9,1,0,3,0,0,12,4,0,,,,0.899,2,0.6,0.1,,,,
ChangeDistiller,13,8,9,1,0,3,0,0,15,4,0,,,,0.899,4,0.6,0.1,,,,
ChangeDistiller,13,8,9,1,0,3,0,0,14,4,0,,,,0.899,6,0.6,0.1,,,,
ChangeDistiller,19,12,10,2,0,7,0,0,13,4,0,,,,0.899,2,0.8,0.1,,,,
ChangeDistiller,19,12,10,2,0,7,0,0,29,4,0,,,,0.899,4,0.8,0.1,,,,
ChangeDistiller,19,12,10,2,0,7,0,0,12,4,0,,,,0.899,6,0.8,0.1,,,,
ChangeDistiller,45,28,15,6,0,24,0,0,30,4,0,,,,0.899,2,1.0,0.1,,,,
ChangeDistiller,42,27,14,5,0,23,0,0,14,4,0,,,,0.899,4,1.0,0.1,,,,
ChangeDistiller,42,27,14,5,0,23,0,0,13,4,0,,,,0.899,6,1.0,0.1,,,,
ChangeDistiller,53,47,13,5,21,14,0,0,48,4,0,,,,0.1,2,0.2,0.3,,,,
ChangeDistiller,53,47,13,5,21,14,0,0,65,4,0,,,,0.1,4,0.2,0.3,,,,
ChangeDistiller,53,47,13,5,21,14,0,0,27,4,0,,,,0.1,6,0.2,0.3,,,,
ChangeDistiller,53,47,13,5,21,14,0,0,28,4,0,,,,0.1,2,0.4,0.3,,,,
ChangeDistiller,53,47,13,5,21,14,0,0,44,4,0,,,,0.1,4,0.4,0.3,,,,
ChangeDistiller,53,47,13,5,21,14,0,0,44,4,0,,,,0.1,6,0.4,0.3,,,,
ChangeDistiller,61,49,15,7,21,18,0,0,30,4,0,,,,0.1,2,0.6,0.3,,,,
ChangeDistiller,58,48,14,6,21,17,0,0,31,4,0,,,,0.1,4,0.6,0.3,,,,
ChangeDistiller,58,48,14,6,21,17,0,0,63,4,0,,,,0.1,6,0.6,0.3,,,,
ChangeDistiller,82,60,20,12,21,29,0,0,62,4,0,,,,0.1,2,0.8,0.3,,,,
ChangeDistiller,58,48,14,6,21,17,0,0,28,4,0,,,,0.1,4,0.8,0.3,,,,
ChangeDistiller,58,48,14,6,21,17,0,0,60,4,0,,,,0.1,6,0.8,0.3,,,,
ChangeDistiller,106,68,25,17,21,43,0,0,47,4,0,,,,0.1,2,1.0,0.3,,,,
ChangeDistiller,95,67,21,12,21,41,0,0,31,4,0,,,,0.1,4,1.0,0.3,,,,
ChangeDistiller,92,66,20,11,21,40,0,0,68,4,0,,,,0.1,6,1.0,0.3,,,,
ChangeDistiller,43,37,12,4,17,10,0,0,22,4,0,,,,0.3,2,0.2,0.3,,,,
ChangeDistiller,43,37,12,4,17,10,0,0,54,4,0,,,,0.3,4,0.2,0.3,,,,
ChangeDistiller,43,37,12,4,17,10,0,0,22,4,0,,,,0.3,6,0.2,0.3,,,,
ChangeDistiller,43,37,12,4,17,10,0,0,24,4,0,,,,0.3,2,0.4,0.3,,,,
ChangeDistiller,43,37,12,4,17,10,0,0,23,4,0,,,,0.3,4,0.4,0.3,,,,
ChangeDistiller,43,37,12,4,17,10,0,0,22,4,0,,,,0.3,6,0.4,0.3,,,,
ChangeDistiller,51,39,14,6,17,14,0,0,55,4,0,,,,0.3,2,0.6,0.3,,,,
ChangeDistiller,48,38,13,5,17,13,0,0,38,4,0,,,,0.3,4,0.6,0.3,,,,
ChangeDistiller,48,38,13,5,17,13,0,0,58,4,0,,,,0.3,6,0.6,0.3,,,,
ChangeDistiller,56,42,15,7,17,17,0,0,43,4,0,,,,0.3,2,0.8,0.3,,,,
ChangeDistiller,48,38,13,5,17,13,0,0,24,4,0,,,,0.3,4,0.8,0.3,,,,
ChangeDistiller,48,38,13,5,17,13,0,0,38,4,0,,,,0.3,6,0.8,0.3,,,,
ChangeDistiller,80,54,19,11,17,33,0,0,40,4,0,,,,0.3,2,1.0,0.3,,,,
ChangeDistiller,77,55,18,9,17,33,0,0,23,4,0,,,,0.3,4,1.0,0.3,,,,
ChangeDistiller,77,55,18,9,17,33,0,0,35,4,0,,,,0.3,6,1.0,0.3,,,,
ChangeDistiller,25,18,11,3,4,7,0,0,37,4,0,,,,0.5,2,0.2,0.3,,,,
ChangeDistiller,25,18,11,3,4,7,0,0,34,4,0,,,,0.5,4,0.2,0.3,,,,
ChangeDistiller,25,18,11,3,4,7,0,0,17,4,0,,,,0.5,6,0.2,0.3,,,,
ChangeDistiller,25,18,11,3,4,7,0,0,52,4,0,,,,0.5,2,0.4,0.3,,,,
ChangeDistiller,25,18,11,3,4,7,0,0,17,4,0,,,,0.5,4,0.4,0.3,,,,
ChangeDistiller,25,18,11,3,4,7,0,0,18,4,0,,,,0.5,6,0.4,0.3,,,,
ChangeDistiller,33,20,13,5,4,11,0,0,17,4,0,,,,0.5,2,0.6,0.3,,,,
ChangeDistiller,30,19,12,4,4,10,0,0,34,4,0,,,,0.5,4,0.6,0.3,,,,
ChangeDistiller,30,19,12,4,4,10,0,0,33,4,0,,,,0.5,6,0.6,0.3,,,,
ChangeDistiller,38,23,14,6,4,14,0,0,17,4,0,,,,0.5,2,0.8,0.3,,,,
ChangeDistiller,30,19,12,4,4,10,0,0,36,4,0,,,,0.5,4,0.8,0.3,,,,
ChangeDistiller,30,19,12,4,4,10,0,0,17,4,0,,,,0.5,6,0.8,0.3,,,,
ChangeDistiller,56,33,17,9,4,26,0,0,20,4,0,,,,0.5,2,1.0,0.3,,,,
ChangeDistiller,53,34,16,7,4,26,0,0,33,4,0,,,,0.5,4,1.0,0.3,,,,
ChangeDistiller,53,34,16,7,4,26,0,0,37,4,0,,,,0.5,6,1.0,0.3,,,,
ChangeDistiller,13,8,9,1,0,3,0,0,13,4,0,,,,0.7,2,0.2,0.3,,,,
ChangeDistiller,13,8,9,1,0,3,0,0,13,4,0,,,,0.7,4,0.2,0.3,,,,
ChangeDistiller,13,8,9,1,0,3,0,0,13,4,0,,,,0.7,6,0.2,0.3,,,,
ChangeDistiller,13,8,9,1,0,3,0,0,12,4,0,,,,0.7,2,0.4,0.3,,,,
ChangeDistiller,13,8,9,1,0,3,0,0,13,4,0,,,,0.7,4,0.4,0.3,,,,
ChangeDistiller,13,8,9,1,0,3,0,0,28,4,0,,,,0.7,6,0.4,0.3,,,,
ChangeDistiller,13,8,9,1,0,3,0,0,28,4,0,,,,0.7,2,0.6,0.3,,,,
ChangeDistiller,13,8,9,1,0,3,0,0,13,4,0,,,,0.7,4,0.6,0.3,,,,
ChangeDistiller,13,8,9,1,0,3,0,0,31,4,0,,,,0.7,6,0.6,0.3,,,,
ChangeDistiller,19,12,10,2,0,7,0,0,12,4,0,,,,0.7,2,0.8,0.3,,,,
ChangeDistiller,19,12,10,2,0,7,0,0,13,4,0,,,,0.7,4,0.8,0.3,,,,
ChangeDistiller,19,12,10,2,0,7,0,0,19,4,0,,,,0.7,6,0.8,0.3,,,,
ChangeDistiller,45,28,15,6,0,24,0,0,15,4,0,,,,0.7,2,1.0,0.3,,,,
ChangeDistiller,42,27,14,5,0,23,0,0,30,4,0,,,,0.7,4,1.0,0.3,,,,
ChangeDistiller,42,27,14,5,0,23,0,0,12,4,0,,,,0.7,6,1.0,0.3,,,,
ChangeDistiller,13,8,9,1,0,3,0,0,32,4,0,,,,0.899,2,0.2,0.3,,,,
ChangeDistiller,13,8,9,1,0,3,0,0,13,4,0,,,,0.899,4,0.2,0.3,,,,
ChangeDistiller,13,8,9,1,0,3,0,0,12,4,0,,,,0.899,6,0.2,0.3,,,,
ChangeDistiller,13,8,9,1,0,3,0,0,12,4,0,,,,0.899,2,0.4,0.3,,,,
ChangeDistiller,13,8,9,1,0,3,0,0,12,4,0,,,,0.899,4,0.4,0.3,,,,
ChangeDistiller,13,8,9,1,0,3,0,0,15,4,0,,,,0.899,6,0.4,0.3,,,,
ChangeDistiller,13,8,9,1,0,3,0,0,13,4,0,,,,0.899,2,0.6,0.3,,,,
ChangeDistiller,13,8,9,1,0,3,0,0,13,4,0,,,,0.899,4,0.6,0.3,,,,
ChangeDistiller,13,8,9,1,0,3,0,0,12,4,0,,,,0.899,6,0.6,0.3,,,,
ChangeDistiller,19,12,10,2,0,7,0,0,12,4,0,,,,0.899,2,0.8,0.3,,,,
ChangeDistiller,19,12,10,2,0,7,0,0,2302,4,0,,,,0.899,4,0.8,0.3,,,,
ChangeDistiller,19,12,10,2,0,7,0,0,2305,4,0,,,,0.899,6,0.8,0.3,,,,
ChangeDistiller,45,28,15,6,0,24,0,0,2279,4,0,,,,0.899,2,1.0,0.3,,,,
ChangeDistiller,42,27,14,5,0,23,0,0,2312,4,0,,,,0.899,4,1.0,0.3,,,,
ChangeDistiller,42,27,14,5,0,23,0,0,2277,4,0,,,,0.899,6,1.0,0.3,,,,
ChangeDistiller,53,47,13,5,21,14,0,0,2293,4,0,,,,0.1,2,0.2,0.5,,,,
ChangeDistiller,56,48,14,6,21,15,0,0,2287,4,0,,,,0.1,4,0.2,0.5,,,,
ChangeDistiller,56,48,14,6,21,15,0,0,2287,4,0,,,,0.1,6,0.2,0.5,,,,
ChangeDistiller,53,47,13,5,21,14,0,0,2329,4,0,,,,0.1,2,0.4,0.5,,,,
ChangeDistiller,56,48,14,6,21,15,0,0,2293,4,0,,,,0.1,4,0.4,0.5,,,,
ChangeDistiller,56,48,14,6,21,15,0,0,60,4,0,,,,0.1,6,0.4,0.5,,,,
ChangeDistiller,61,49,15,7,21,18,0,0,30,4,0,,,,0.1,2,0.6,0.5,,,,
ChangeDistiller,61,49,15,7,21,18,0,0,47,4,0,,,,0.1,4,0.6,0.5,,,,
ChangeDistiller,61,49,15,7,21,18,0,0,28,4,0,,,,0.1,6,0.6,0.5,,,,
ChangeDistiller,82,60,20,12,21,29,0,0,57,4,0,,,,0.1,2,0.8,0.5,,,,
ChangeDistiller,66,52,16,8,21,21,0,0,33,4,0,,,,0.1,4,0.8,0.5,,,,
ChangeDistiller,66,52,16,8,21,21,0,0,34,4,0,,,,0.1,6,0.8,0.5,,,,
ChangeDistiller,106,68,25,17,21,43,0,0,31,4,0,,,,0.1,2,1.0,0.5,,,,
ChangeDistiller,98,66,22,14,21,41,0,0,55,4,0,,,,0.1,4,1.0,0.5,,,,
ChangeDistiller,95,65,21,13,21,40,0,0,68,4,0,,,,0.1,6,1.0,0.5,,,,
ChangeDistiller,43,37,12,4,17,10,0,0,22,4,0,,,,0.3,2,0.2,0.5,,,,
ChangeDistiller,46,38,13,5,17,11,0,0,27,4,0,,,,0.3,4,0.2,0.5,,,,
ChangeDistiller,46,38,13,5,17,11,0,0,25,4,0,,,,0.3,6,0.2,0.5,,,,
ChangeDistiller,43,37,12,4,17,10,0,0,36,4,0,,,,0.3,2,0.4,0.5,,,,
ChangeDistiller,46,38,13,5,17,11,0,0,27,4,0,,,,0.3,4,0.4,0.5,,,,
ChangeDistiller,46,38,13,5,17,11,0,0,39,4,0,,,,0.3,6,0.4,0.5,,,,
ChangeDistiller,51,39,14,6,17,14,0,0,44,4,0,,,,0.3,2,0.6,0.5,,,,
ChangeDistiller,51,39,14,6,17,14,0,0,22,4,0,,,,0.3,4,0.6,0.5,,,,
ChangeDistiller,51,39,14,6,17,14,0,0,39,4,0,,,,0.3,6,0.6,0.5,,,,
ChangeDistiller,56,42,15,7,17,17,0,0,28,4,0,,,,0.3,2,0.8,0.5,,,,
ChangeDistiller,56,42,15,7,17,17,0,0,26,4,0,,,,0.3,4,0.8,0.5,,,,
ChangeDistiller,56,42,15,7,17,17,0,0,36,4,0,,,,0.3,6,0.8,0.5,,,,
ChangeDistiller,80,54,19,11,17,33,0,0,28,4,0,,,,0.3,2,1.0,0.5,,,,
ChangeDistiller,80,54,19,11,17,33,0,0,24,4,0,,,,0.3,4,1.0,0.5,,,,
ChangeDistiller,80,54,19,11,17,33,0,0,39,4,0,,,,0.3,6,1.0,0.5,,,,
ChangeDistiller,25,18,11,3,4,7,0,0,34,4,0,,,,0.5,2,0.2,0.5,,,,
ChangeDistiller,28,19,12,4,4,8,0,0,32,4,0,,,,0.5,4,0.2,0.5,,,,
ChangeDistiller,28,19,12,4,4,8,0,0,53,4,0,,,,0.5,6,0.2,0.5,,,,
ChangeDistiller,25,18,11,3,4,7,0,0,19,4,0,,,,0.5,2,0.4,0.5,,,,
ChangeDistiller,28,19,12,4,4,8,0,0,22,4,0,,,,0.5,4,0.4,0.5,,,,
ChangeDistiller,28,19,12,4,4,8,0,0,17,4,0,,,,0.5,6,0.4,0.5,,,,
ChangeDistiller,33,20,13,5,4,11,0,0,30,4,0,,,,0.5,2,0.6,0.5,,,,
ChangeDistiller,33,20,13,5,4,11,0,0,21,4,0,,,,0.5,4,0.6,0.5,,,,
ChangeDistiller,33,20,13,5,4,11,0,0,33,4,0,,,,0.5,6,0.6,0.5,,,,
ChangeDistiller,38,23,14,6,4,14,0,0,20,4,0,,,,0.5,2,0.8,0.5,,,,
ChangeDistiller,38,23,14,6,4,14,0,0,17,4,0,,,,0.5,4,0.8,0.5,,,,
ChangeDistiller,38,23,14,6,4,14,0,0,21,4,0,,,,0.5,6,0.8,0.5,,,,
ChangeDistiller,56,33,17,9,4,26,0,0,21,4,0,,,,0.5,2,1.0,0.5,,,,
ChangeDistiller,56,33,17,9,4,26,0,0,31,4,0,,,,0.5,4,1.0,0.5,,,,
ChangeDistiller,56,33,17,9,4,26,0,0,34,4,0,,,,0.5,6,1.0,0.5,,,,
ChangeDistiller,16,9,10,2,0,4,0,0,13,4,0,,,,0.7,2,0.2,0.5,,,,
ChangeDistiller,16,9,10,2,0,4,0,0,13,4,0,,,,0.7,4,0.2,0.5,,,,
ChangeDistiller,16,9,10,2,0,4,0,0,12,4,0,,,,0.7,6,0.2,0.5,,,,
ChangeDistiller,16,9,10,2,0,4,0,0,12,4,0,,,,0.7,2,0.4,0.5,,,,
ChangeDistiller,16,9,10,2,0,4,0,0,15,4,0,,,,0.7,4,0.4,0.5,,,,
ChangeDistiller,16,9,10,2,0,4,0,0,28,4,0,,,,0.7,6,0.4,0.5,,,,
ChangeDistiller,21,10,11,3,0,7,0,0,15,4,0,,,,0.7,2,0.6,0.5,,,,
ChangeDistiller,21,10,11,3,0,7,0,0,13,4,0,,,,0.7,4,0.6,0.5,,,,
ChangeDistiller,21,10,11,3,0,7,0,0,13,4,0,,,,0.7,6,0.6,0.5,,,,
ChangeDistiller,21,10,11,3,0,7,0,0,31,4,0,,,,0.7,2,0.8,0.5,,,,
ChangeDistiller,21,10,11,3,0,7,0,0,29,4,0,,,,0.7,4,0.8,0.5,,,,
ChangeDistiller,21,10,11,3,0,7,0,0,16,4,0,,,,0.7,6,0.8,0.5,,,,
ChangeDistiller,48,27,16,8,0,24,0,0,15,4,0,,,,0.7,2,1.0,0.5,,,,
ChangeDistiller,45,26,15,7,0,23,0,0,28,4,0,,,,0.7,4,1.0,0.5,,,,
ChangeDistiller,45,26,15,7,0,23,0,0,13,4,0,,,,0.7,6,1.0,0.5,,,,
ChangeDistiller,16,9,10,2,0,4,0,0,15,4,0,,,,0.899,2,0.2,0.5,,,,
ChangeDistiller,16,9,10,2,0,4,0,0,16,4,0,,,,0.899,4,0.2,0.5,,,,
ChangeDistiller,16,9,10,2,0,4,0,0,13,4,0,,,,0.899,6,0.2,0.5,,,,
ChangeDistiller,16,9,10,2,0,4,0,0,29,4,0,,,,0.899,2,0.4,0.5,,,,
ChangeDistiller,16,9,10,2,0,4,0,0,16,4,0,,,,0.899,4,0.4,0.5,,,,
ChangeDistiller,16,9,10,2,0,4,0,0,27,4,0,,,,0.899,6,0.4,0.5,,,,
ChangeDistiller,21,10,11,3,0,7,0,0,12,4,0,,,,0.899,2,0.6,0.5,,,,
ChangeDistiller,21,10,11,3,0,7,0,0,14,4,0,,,,0.899,4,0.6,0.5,,,,
ChangeDistiller,21,10,11,3,0,7,0,0,15,4,0,,,,0.899,6,0.6,0.5,,,,
ChangeDistiller,21,10,11,3,0,7,0,0,15,4,0,,,,0.899,2,0.8,0.5,,,,
ChangeDistiller,21,10,11,3,0,7,0,0,28,4,0,,,,0.899,4,0.8,0.5,,,,
ChangeDistiller,21,10,11,3,0,7,0,0,32,4,0,,,,0.899,6,0.8,0.5,,,,
ChangeDistiller,48,27,16,8,0,24,0,0,31,4,0,,,,0.899,2,1.0,0.5,,,,
ChangeDistiller,45,26,15,7,0,23,0,0,13,4,0,,,,0.899,4,1.0,0.5,,,,
ChangeDistiller,45,26,15,7,0,23,0,0,15,4,0,,,,0.899,6,1.0,0.5,,,,
ChangeDistiller,75,64,21,13,21,20,0,0,31,4,0,,,,0.1,2,0.2,0.7,,,,
ChangeDistiller,85,64,25,17,21,22,0,0,34,4,0,,,,0.1,4,0.2,0.7,,,,
ChangeDistiller,87,62,26,18,21,22,0,0,30,4,0,,,,0.1,6,0.2,0.7,,,,
ChangeDistiller,77,62,22,14,21,20,0,0,59,4,0,,,,0.1,2,0.4,0.7,,,,
ChangeDistiller,85,64,25,17,21,22,0,0,28,4,0,,,,0.1,4,0.4,0.7,,,,
ChangeDistiller,87,62,26,18,21,22,0,0,35,4,0,,,,0.1,6,0.4,0.7,,,,
ChangeDistiller,93,61,27,19,21,26,0,0,34,4,0,,,,0.1,2,0.6,0.7,,,,
ChangeDistiller,95,59,28,20,21,26,0,0,59,4,0,,,,0.1,4,0.6,0.7,,,,
ChangeDistiller,95,59,28,20,21,26,0,0,30,4,0,,,,0.1,6,0.6,0.7,,,,
ChangeDistiller,109,61,31,21,21,36,0,0,66,4,0,,,,0.1,2,0.8,0.7,,,,
ChangeDistiller,109,61,31,21,21,36,0,0,66,4,0,,,,0.1,4,0.8,0.7,,,,
ChangeDistiller,109,61,31,21,21,36,0,0,30,4,0,,,,0.1,6,0.8,0.7,,,,
ChangeDistiller,122,66,33,25,21,43,0,0,34,4,0,,,,0.1,2,1.0,0.7,,,,
ChangeDistiller,122,66,33,25,21,43,0,0,28,4,0,,,,0.1,4,1.0,0.7,,,,
ChangeDistiller,122,66,33,25,21,43,0,0,29,4,0,,,,0.1,6,1.0,0.7,,,,
ChangeDistiller,56,45,17,9,17,13,0,0,27,4,0,,,,0.3,2,0.2,0.7,,,,
ChangeDistiller,58,43,18,10,17,13,0,0,25,4,0,,,,0.3,4,0.2,0.7,,,,
ChangeDistiller,58,43,18,10,17,13,0,0,23,4,0,,,,0.3,6,0.2,0.7,,,,
ChangeDistiller,58,43,18,10,17,13,0,0,25,4,0,,,,0.3,2,0.4,0.7,,,,
ChangeDistiller,58,43,18,10,17,13,0,0,39,4,0,,,,0.3,4,0.4,0.7,,,,
ChangeDistiller,58,43,18,10,17,13,0,0,27,4,0,,,,0.3,6,0.4,0.7,,,,
ChangeDistiller,66,40,20,12,17,17,0,0,28,4,0,,,,0.3,2,0.6,0.7,,,,
ChangeDistiller,66,40,20,12,17,17,0,0,23,4,0,,,,0.3,4,0.6,0.7,,,,
ChangeDistiller,66,40,20,12,17,17,0,0,25,4,0,,,,0.3,6,0.6,0.7,,,,
ChangeDistiller,66,40,20,12,17,17,0,0,39,4,0,,,,0.3,2,0.8,0.7,,,,
ChangeDistiller,66,40,20,12,17,17,0,0,23,4,0,,,,0.3,4,0.8,0.7,,,,
ChangeDistiller,66,40,20,12,17,17,0,0,35,4,0,,,,0.3,6,0.8,0.7,,,,
ChangeDistiller,90,52,24,16,17,33,0,0,63,4,0,,,,0.3,2,1.0,0.7,,,,
ChangeDistiller,90,52,24,16,17,33,0,0,23,4,0,,,,0.3,4,1.0,0.7,,,,
ChangeDistiller,90,52,24,16,17,33,0,0,56,4,0,,,,0.3,6,1.0,0.7,,,,
ChangeDistiller,34,26,14,6,4,10,0,0,21,4,0,,,,0.5,2,0.2,0.7,,,,
ChangeDistiller,36,24,15,7,4,10,0,0,21,4,0,,,,0.5,4,0.2,0.7,,,,
ChangeDistiller,36,24,15,7,4,10,0,0,20,4,0,,,,0.5,6,0.2,0.7,,,,
ChangeDistiller,36,24,15,7,4,10,0,0,50,4,0,,,,0.5,2,0.4,0.7,,,,
ChangeDistiller,36,24,15,7,4,10,0,0,17,4,0,,,,0.5,4,0.4,0.7,,,,
ChangeDistiller,36,24,15,7,4,10,0,0,30,4,0,,,,0.5,6,0.4,0.7,,,,
ChangeDistiller,44,22,17,9,4,14,0,0,21,4,0,,,,0.5,2,0.6,0.7,,,,
ChangeDistiller,44,22,17,9,4,14,0,0,18,4,0,,,,0.5,4,0.6,0.7,,,,
ChangeDistiller,44,22,17,9,4,14,0,0,21,4,0,,,,0.5,6,0.6,0.7,,,,
ChangeDistiller,44,22,17,9,4,14,0,0,18,4,0,,,,0.5,2,0.8,0.7,,,,
ChangeDistiller,44,22,17,9,4,14,0,0,19,4,0,,,,0.5,4,0.8,0.7,,,,
ChangeDistiller,44,22,17,9,4,14,0,0,18,4,0,,,,0.5,6,0.8,0.7,,,,
ChangeDistiller,62,32,20,12,4,26,0,0,19,4,0,,,,0.5,2,1.0,0.7,,,,
ChangeDistiller,62,32,20,12,4,26,0,0,22,4,0,,,,0.5,4,1.0,0.7,,,,
ChangeDistiller,62,32,20,12,4,26,0,0,37,4,0,,,,0.5,6,1.0,0.7,,,,
ChangeDistiller,19,11,11,3,0,5,0,0,16,4,0,,,,0.7,2,0.2,0.7,,,,
ChangeDistiller,22,12,12,4,0,6,0,0,29,4,0,,,,0.7,4,0.2,0.7,,,,
ChangeDistiller,22,12,12,4,0,6,0,0,13,4,0,,,,0.7,6,0.2,0.7,,,,
ChangeDistiller,19,11,11,3,0,5,0,0,28,4,0,,,,0.7,2,0.4,0.7,,,,
ChangeDistiller,22,12,12,4,0,6,0,0,13,4,0,,,,0.7,4,0.4,0.7,,,,
ChangeDistiller,22,12,12,4,0,6,0,0,12,4,0,,,,0.7,6,0.4,0.7,,,,
ChangeDistiller,24,12,12,4,0,8,0,0,12,4,0,,,,0.7,2,0.6,0.7,,,,
ChangeDistiller,27,13,13,5,0,9,0,0,13,4,0,,,,0.7,4,0.6,0.7,,,,
ChangeDistiller,27,13,13,5,0,9,0,0,15,4,0,,,,0.7,6,0.6,0.7,,,,
ChangeDistiller,27,13,13,5,0,9,0,0,13,4,0,,,,0.7,2,0.8,0.7,,,,
ChangeDistiller,27,13,13,5,0,9,0,0,15,4,0,,,,0.7,4,0.8,0.7,,,,
ChangeDistiller,27,13,13,5,0,9,0,0,15,4,0,,,,0.7,6,0.8,0.7,,,,
ChangeDistiller,50,26,17,9,0,24,0,0,29,4,0,,,,0.7,2,1.0,0.7,,,,
ChangeDistiller,50,26,17,9,0,24,0,0,29,4,0,,,,0.7,4,1.0,0.7,,,,
ChangeDistiller,50,26,17,9,0,24,0,0,13,4,0,,,,0.7,6,1.0,0.7,,,,
ChangeDistiller,19,11,11,3,0,5,0,0,13,4,0,,,,0.899,2,0.2,0.7,,,,
ChangeDistiller,22,12,12,4,0,6,0,0,29,4,0,,,,0.899,4,0.2,0.7,,,,
ChangeDistiller,22,12,12,4,0,6,0,0,15,4,0,,,,0.899,6,0.2,0.7,,,,
ChangeDistiller,19,11,11,3,0,5,0,0,29,4,0,,,,0.899,2,0.4,0.7,,,,
ChangeDistiller,22,12,12,4,0,6,0,0,16,4,0,,,,0.899,4,0.4,0.7,,,,
ChangeDistiller,22,12,12,4,0,6,0,0,32,4,0,,,,0.899,6,0.4,0.7,,,,
ChangeDistiller,24,12,12,4,0,8,0,0,13,4,0,,,,0.899,2,0.6,0.7,,,,
ChangeDistiller,27,13,13,5,0,9,0,0,13,4,0,,,,0.899,4,0.6,0.7,,,,
ChangeDistiller,27,13,13,5,0,9,0,0,12,4,0,,,,0.899,6,0.6,0.7,,,,
ChangeDistiller,27,13,13,5,0,9,0,0,16,4,0,,,,0.899,2,0.8,0.7,,,,
ChangeDistiller,27,13,13,5,0,9,0,0,15,4,0,,,,0.899,4,0.8,0.7,,,,
ChangeDistiller,27,13,13,5,0,9,0,0,15,4,0,,,,0.899,6,0.8,0.7,,,,
ChangeDistiller,50,26,17,9,0,24,0,0,14,4,0,,,,0.899,2,1.0,0.7,,,,
ChangeDistiller,50,26,17,9,0,24,0,0,30,4,0,,,,0.899,4,1.0,0.7,,,,
ChangeDistiller,78,67,22,14,21,21,0,0,29,4,0,,,,0.1,2,0.2,0.899,,,,
ChangeDistiller,88,67,26,18,21,23,0,0,44,4,0,,,,0.1,4,0.2,0.899,,,,
ChangeDistiller,90,65,27,19,21,23,0,0,52,4,0,,,,0.1,6,0.2,0.899,,,,
ChangeDistiller,80,65,23,15,21,21,0,0,34,4,0,,,,0.1,2,0.4,0.899,,,,
ChangeDistiller,88,67,26,18,21,23,0,0,34,4,0,,,,0.1,4,0.4,0.899,,,,
ChangeDistiller,90,65,27,19,21,23,0,0,70,4,0,,,,0.1,6,0.4,0.899,,,,
ChangeDistiller,96,64,28,20,21,27,0,0,28,4,0,,,,0.1,2,0.6,0.899,,,,
ChangeDistiller,98,62,29,21,21,27,0,0,31,4,0,,,,0.1,4,0.6,0.899,,,,
ChangeDistiller,98,62,29,21,21,27,0,0,61,4,0,,,,0.1,6,0.6,0.899,,,,
ChangeDistiller,111,63,32,21,21,37,0,0,44,4,0,,,,0.1,2,0.8,0.899,,,,
ChangeDistiller,111,63,32,21,21,37,0,0,28,4,0,,,,0.1,4,0.8,0.899,,,,
ChangeDistiller,111,63,32,21,21,37,0,0,29,4,0,,,,0.1,6,0.8,0.899,,,,
ChangeDistiller,124,66,34,26,21,43,0,0,34,4,0,,,,0.1,2,1.0,0.899,,,,
ChangeDistiller,124,66,34,26,21,43,0,0,31,4,0,,,,0.1,4,1.0,0.899,,,,
ChangeDistiller,124,66,34,26,21,43,0,0,34,4,0,,,,0.1,6,1.0,0.899,,,,
ChangeDistiller,59,48,18,10,17,14,0,0,39,4,0,,,,0.3,2,0.2,0.899,,,,
ChangeDistiller,61,46,19,11,17,14,0,0,23,4,0,,,,0.3,4,0.2,0.899,,,,
ChangeDistiller,61,46,19,11,17,14,0,0,55,4,0,,,,0.3,6,0.2,0.899,,,,
ChangeDistiller,61,46,19,11,17,14,0,0,22,4,0,,,,0.3,2,0.4,0.899,,,,
ChangeDistiller,61,46,19,11,17,14,0,0,55,4,0,,,,0.3,4,0.4,0.899,,,,
ChangeDistiller,61,46,19,11,17,14,0,0,25,4,0,,,,0.3,6,0.4,0.899,,,,
ChangeDistiller,69,43,21,13,17,18,0,0,27,4,0,,,,0.3,2,0.6,0.899,,,,
ChangeDistiller,69,43,21,13,17,18,0,0,28,4,0,,,,0.3,4,0.6,0.899,,,,
ChangeDistiller,69,43,21,13,17,18,0,0,22,4,0,,,,0.3,6,0.6,0.899,,,,
ChangeDistiller,69,43,21,13,17,18,0,0,39,4,0,,,,0.3,2,0.8,0.899,,,,
ChangeDistiller,69,43,21,13,17,18,0,0,25,4,0,,,,0.3,4,0.8,0.899,,,,
ChangeDistiller,69,43,21,13,17,18,0,0,60,4,0,,,,0.3,6,0.8,0.899,,,,
ChangeDistiller,92,52,25,17,17,33,0,0,24,4,0,,,,0.3,2,1.0,0.899,,,,
ChangeDistiller,92,52,25,17,17,33,0,0,26,4,0,,,,0.3,4,1.0,0.899,,,,
ChangeDistiller,92,52,25,17,17,33,0,0,24,4,0,,,,0.3,6,1.0,0.899,,,,
ChangeDistiller,34,26,14,6,4,10,0,0,22,4,0,,,,0.5,2,0.2,0.899,,,,
ChangeDistiller,36,24,15,7,4,10,0,0,21,4,0,,,,0.5,4,0.2,0.899,,,,
ChangeDistiller,36,24,15,7,4,10,0,0,20,4,0,,,,0.5,6,0.2,0.899,,,,
ChangeDistiller,36,24,15,7,4,10,0,0,33,4,0,,,,0.5,2,0.4,0.899,,,,
ChangeDistiller,36,24,15,7,4,10,0,0,18,4,0,,,,0.5,4,0.4,0.899,,,,
ChangeDistiller,36,24,15,7,4,10,0,0,36,4,0,,,,0.5,6,0.4,0.899,,,,
ChangeDistiller,44,22,17,9,4,14,0,0,21,4,0,,,,0.5,2,0.6,0.899,,,,
ChangeDistiller,44,22,17,9,4,14,0,0,17,4,0,,,,0.5,4,0.6,0.899,,,,
ChangeDistiller,44,22,17,9,4,14,0,0,18,4,0,,,,0.5,6,0.6,0.899,,,,
ChangeDistiller,44,22,17,9,4,14,0,0,33,4,0,,,,0.5,2,0.8,0.899,,,,
ChangeDistiller,44,22,17,9,4,14,0,0,21,4,0,,,,0.5,4,0.8,0.899,,,,
ChangeDistiller,44,22,17,9,4,14,0,0,18,4,0,,,,0.5,6,0.8,0.899,,,,
ChangeDistiller,62,32,20,12,4,26,0,0,34,4,0,,,,0.5,2,1.0,0.899,,,,
ChangeDistiller,62,32,20,12,4,26,0,0,18,4,0,,,,0.5,4,1.0,0.899,,,,
ChangeDistiller,62,32,20,12,4,26,0,0,54,4,0,,,,0.5,6,1.0,0.899,,,,
ChangeDistiller,19,11,11,3,0,5,0,0,15,4,0,,,,0.7,2,0.2,0.899,,,,
ChangeDistiller,22,12,12,4,0,6,0,0,29,4,0,,,,0.7,4,0.2,0.899,,,,
ChangeDistiller,22,12,12,4,0,6,0,0,12,4,0,,,,0.7,6,0.2,0.899,,,,
ChangeDistiller,19,11,11,3,0,5,0,0,15,4,0,,,,0.7,2,0.4,0.899,,,,
ChangeDistiller,22,12,12,4,0,6,0,0,13,4,0,,,,0.7,4,0.4,0.899,,,,
ChangeDistiller,22,12,12,4,0,6,0,0,13,4,0,,,,0.7,6,0.4,0.899,,,,
ChangeDistiller,24,12,12,4,0,8,0,0,12,4,0,,,,0.7,2,0.6,0.899,,,,
ChangeDistiller,27,13,13,5,0,9,0,0,15,4,0,,,,0.7,4,0.6,0.899,,,,
ChangeDistiller,27,13,13,5,0,9,0,0,29,4,0,,,,0.7,6,0.6,0.899,,,,
ChangeDistiller,27,13,13,5,0,9,0,0,29,4,0,,,,0.7,2,0.8,0.899,,,,
ChangeDistiller,27,13,13,5,0,9,0,0,15,4,0,,,,0.7,4,0.8,0.899,,,,
ChangeDistiller,27,13,13,5,0,9,0,0,12,4,0,,,,0.7,6,0.8,0.899,,,,
ChangeDistiller,50,26,17,9,0,24,0,0,29,4,0,,,,0.7,2,1.0,0.899,,,,
ChangeDistiller,50,26,17,9,0,24,0,0,15,4,0,,,,0.7,4,1.0,0.899,,,,
ChangeDistiller,50,26,17,9,0,24,0,0,13,4,0,,,,0.7,6,1.0,0.899,,,,
ChangeDistiller,19,11,11,3,0,5,0,0,15,4,0,,,,0.899,2,0.2,0.899,,,,
ChangeDistiller,22,12,12,4,0,6,0,0,26,4,0,,,,0.899,4,0.2,0.899,,,,
ChangeDistiller,22,12,12,4,0,6,0,0,13,4,0,,,,0.899,6,0.2,0.899,,,,
ChangeDistiller,19,11,11,3,0,5,0,0,16,4,0,,,,0.899,2,0.4,0.899,,,,
ChangeDistiller,22,12,12,4,0,6,0,0,13,4,0,,,,0.899,4,0.4,0.899,,,,
ChangeDistiller,22,12,12,4,0,6,0,0,13,4,0,,,,0.899,6,0.4,0.899,,,,
ChangeDistiller,24,12,12,4,0,8,0,0,12,4,0,,,,0.899,2,0.6,0.899,,,,
ChangeDistiller,27,13,13,5,0,9,0,0,25,4,0,,,,0.899,4,0.6,0.899,,,,
ChangeDistiller,27,13,13,5,0,9,0,0,13,4,0,,,,0.899,6,0.6,0.899,,,,
ChangeDistiller,27,13,13,5,0,9,0,0,15,4,0,,,,0.899,2,0.8,0.899,,,,
ChangeDistiller,27,13,13,5,0,9,0,0,14,4,0,,,,0.899,4,0.8,0.899,,,,
ChangeDistiller,27,13,13,5,0,9,0,0,12,4,0,,,,0.899,6,0.8,0.899,,,,
ChangeDistiller,50,26,17,9,0,24,0,0,15,4,0,,,,0.899,4,1.0,0.899,,,,
ChangeDistiller,50,26,17,9,0,24,0,0,12,4,0,,,,0.899,6,1.0,0.899,,,,
