MATCHER,NRACTIONS,NRROOTS,NR_INSERT,NR_DELETE,NR_UPDATE,NR_MOVE,NR_TREEINSERT,NR_TREEDELETE,TIME,NROPTIONS,TIMEOUT,GT_BUM_SMT,GT_BUM_SMT_SBUP,GT_BUM_SZT,GT_CD_LSIM,GT_CD_ML,GT_CD_SSIM1,GT_CD_SSIM2,GT_STM_MH,GT_XYM_SIM,GUMTREE_MATCH_GT_MINH,
SimpleGumtree,39,10,22,12,0,5,0,0,1,2,0,,0.1,,,,,,1,,,
SimpleGumtree,76,9,42,32,0,2,0,0,1,2,0,,0.1,,,,,,3,,,
SimpleGumtree,76,9,42,32,0,2,0,0,1,2,0,,0.1,,,,,,4,,,
SimpleGumtree,76,9,42,32,0,2,0,0,2,2,0,,0.1,,,,,,5,,,
SimpleGumtree,39,10,22,12,0,5,0,0,2,2,0,,0.3,,,,,,1,,,
SimpleGumtree,76,9,42,32,0,2,0,0,2,2,0,,0.3,,,,,,2,,,
SimpleGumtree,76,9,42,32,0,2,0,0,2,2,0,,0.3,,,,,,3,,,
SimpleGumtree,76,9,42,32,0,2,0,0,2,2,0,,0.3,,,,,,4,,,
SimpleGumtree,76,9,42,32,0,2,0,0,2,2,0,,0.3,,,,,,5,,,
SimpleGumtree,39,10,22,12,0,5,0,0,2,2,0,,0.5,,,,,,1,,,
SimpleGumtree,76,9,42,32,0,2,0,0,2,2,0,,0.5,,,,,,2,,,
SimpleGumtree,76,9,42,32,0,2,0,0,2,2,0,,0.5,,,,,,3,,,
SimpleGumtree,76,9,42,32,0,2,0,0,1,2,0,,0.5,,,,,,4,,,
SimpleGumtree,76,9,42,32,0,2,0,0,1,2,0,,0.5,,,,,,5,,,
SimpleGumtree,39,10,22,12,0,5,0,0,1,2,0,,0.7,,,,,,1,,,
SimpleGumtree,76,9,42,32,0,2,0,0,1,2,0,,0.7,,,,,,2,,,
SimpleGumtree,76,9,42,32,0,2,0,0,1,2,0,,0.7,,,,,,3,,,
SimpleGumtree,76,9,42,32,0,2,0,0,2,2,0,,0.7,,,,,,4,,,
SimpleGumtree,76,9,42,32,0,2,0,0,2,2,0,,0.7,,,,,,5,,,
SimpleGumtree,39,10,22,12,0,5,0,0,2,2,0,,0.899,,,,,,1,,,
SimpleGumtree,76,9,42,32,0,2,0,0,2,2,0,,0.899,,,,,,2,,,
SimpleGumtree,76,9,42,32,0,2,0,0,2,2,0,,0.899,,,,,,3,,,
SimpleGumtree,76,9,42,32,0,2,0,0,2,2,0,,0.899,,,,,,4,,,
SimpleGumtree,76,9,42,32,0,2,0,0,2,2,0,,0.899,,,,,,5,,,
ClassicGumtree,42,15,23,13,0,6,0,0,25,3,0,0.1,,100,,,,,1,,,
ClassicGumtree,74,29,39,29,0,6,0,0,25,3,0,0.1,,100,,,,,2,,,
ClassicGumtree,100,35,52,42,0,6,0,0,25,3,0,0.1,,100,,,,,3,,,
ClassicGumtree,204,45,104,94,0,6,0,0,45,3,0,0.1,,100,,,,,4,,,
ClassicGumtree,312,55,158,148,0,6,0,0,45,3,0,0.1,,100,,,,,5,,,
ClassicGumtree,42,15,23,13,0,6,0,0,45,3,0,0.2,,100,,,,,1,,,
ClassicGumtree,74,29,39,29,0,6,0,0,26,3,0,0.2,,100,,,,,2,,,
ClassicGumtree,100,35,52,42,0,6,0,0,45,3,0,0.2,,100,,,,,3,,,
ClassicGumtree,204,45,104,94,0,6,0,0,45,3,0,0.2,,100,,,,,4,,,
ClassicGumtree,312,55,158,148,0,6,0,0,44,3,0,0.2,,100,,,,,5,,,
ClassicGumtree,42,15,23,13,0,6,0,0,26,3,0,0.3,,100,,,,,1,,,
ClassicGumtree,74,29,39,29,0,6,0,0,26,3,0,0.3,,100,,,,,2,,,
ClassicGumtree,100,35,52,42,0,6,0,0,26,3,0,0.3,,100,,,,,3,,,
ClassicGumtree,204,45,104,94,0,6,0,0,25,3,0,0.3,,100,,,,,4,,,
ClassicGumtree,312,55,158,148,0,6,0,0,43,3,0,0.3,,100,,,,,5,,,
ClassicGumtree,42,15,23,13,0,6,0,0,43,3,0,0.4,,100,,,,,1,,,
ClassicGumtree,74,29,39,29,0,6,0,0,43,3,0,0.4,,100,,,,,2,,,
ClassicGumtree,100,35,52,42,0,6,0,0,43,3,0,0.4,,100,,,,,3,,,
ClassicGumtree,204,45,104,94,0,6,0,0,43,3,0,0.4,,100,,,,,4,,,
ClassicGumtree,312,55,158,148,0,6,0,0,43,3,0,0.4,,100,,,,,5,,,
ClassicGumtree,42,15,23,13,0,6,0,0,24,3,0,0.5,,100,,,,,1,,,
ClassicGumtree,74,29,39,29,0,6,0,0,24,3,0,0.5,,100,,,,,2,,,
ClassicGumtree,100,35,52,42,0,6,0,0,24,3,0,0.5,,100,,,,,3,,,
ClassicGumtree,204,45,104,94,0,6,0,0,25,3,0,0.5,,100,,,,,4,,,
ClassicGumtree,312,55,158,148,0,6,0,0,23,3,0,0.5,,100,,,,,5,,,
ClassicGumtree,42,15,23,13,0,6,0,0,23,3,0,0.6,,100,,,,,1,,,
ClassicGumtree,74,29,39,29,0,6,0,0,23,3,0,0.6,,100,,,,,2,,,
ClassicGumtree,100,35,52,42,0,6,0,0,23,3,0,0.6,,100,,,,,3,,,
ClassicGumtree,204,45,104,94,0,6,0,0,41,3,0,0.6,,100,,,,,4,,,
ClassicGumtree,370,52,188,178,0,4,0,0,25,3,0,0.6,,100,,,,,5,,,
ClassicGumtree,42,15,23,13,0,6,0,0,41,3,0,0.7,,100,,,,,1,,,
ClassicGumtree,74,29,39,29,0,6,0,0,38,3,0,0.7,,100,,,,,2,,,
ClassicGumtree,143,33,74,64,0,5,0,0,26,3,0,0.7,,100,,,,,3,,,
ClassicGumtree,247,43,126,116,0,5,0,0,26,3,0,0.7,,100,,,,,4,,,
ClassicGumtree,370,52,188,178,0,4,0,0,15,3,0,0.7,,100,,,,,5,,,
ClassicGumtree,42,15,23,13,0,6,0,0,24,3,0,0.799,,100,,,,,1,,,
ClassicGumtree,149,19,75,65,0,9,0,0,2,3,0,0.799,,100,,,,,2,,,
ClassicGumtree,188,20,96,86,0,6,0,0,1,3,0,0.799,,100,,,,,3,,,
ClassicGumtree,292,30,148,138,0,6,0,0,1,3,0,0.799,,100,,,,,4,,,
ClassicGumtree,427,17,211,201,0,15,0,0,1,3,0,0.799,,100,,,,,5,,,
ClassicGumtree,56,20,27,17,0,12,0,0,15,3,0,0.899,,100,,,,,1,,,
ClassicGumtree,149,19,75,65,0,9,0,0,2,3,0,0.899,,100,,,,,2,,,
ClassicGumtree,210,28,97,87,0,26,0,0,1,3,0,0.899,,100,,,,,3,,,
ClassicGumtree,309,23,149,139,0,21,0,0,1,3,0,0.899,,100,,,,,4,,,
ClassicGumtree,427,17,211,201,0,15,0,0,2,3,0,0.899,,100,,,,,5,,,
ClassicGumtree,104,52,32,22,0,50,0,0,1,3,0,0.999,,100,,,,,1,,,
ClassicGumtree,173,33,76,66,0,31,0,0,1,3,0,0.999,,100,,,,,2,,,
ClassicGumtree,210,28,97,87,0,26,0,0,2,3,0,0.999,,100,,,,,3,,,
ClassicGumtree,309,23,149,139,0,21,0,0,1,3,0,0.999,,100,,,,,4,,,
ClassicGumtree,427,17,211,201,0,15,0,0,1,3,0,0.999,,100,,,,,5,,,
ClassicGumtree,38,11,21,11,0,6,0,0,44,3,0,0.1,,200,,,,,1,,,
ClassicGumtree,52,17,28,18,0,6,0,0,44,3,0,0.1,,200,,,,,2,,,
ClassicGumtree,70,21,37,27,0,6,0,0,48,3,0,0.1,,200,,,,,3,,,
ClassicGumtree,174,31,89,79,0,6,0,0,56,3,0,0.1,,200,,,,,4,,,
ClassicGumtree,266,39,135,125,0,6,0,0,55,3,0,0.1,,200,,,,,5,,,
ClassicGumtree,38,11,21,11,0,6,0,0,44,3,0,0.2,,200,,,,,1,,,
ClassicGumtree,52,17,28,18,0,6,0,0,45,3,0,0.2,,200,,,,,2,,,
ClassicGumtree,70,21,37,27,0,6,0,0,45,3,0,0.2,,200,,,,,3,,,
ClassicGumtree,174,31,89,79,0,6,0,0,54,3,0,0.2,,200,,,,,4,,,
ClassicGumtree,266,39,135,125,0,6,0,0,54,3,0,0.2,,200,,,,,5,,,
ClassicGumtree,38,11,21,11,0,6,0,0,47,3,0,0.3,,200,,,,,1,,,
ClassicGumtree,52,17,28,18,0,6,0,0,47,3,0,0.3,,200,,,,,2,,,
ClassicGumtree,70,21,37,27,0,6,0,0,47,3,0,0.3,,200,,,,,3,,,
ClassicGumtree,174,31,89,79,0,6,0,0,47,3,0,0.3,,200,,,,,4,,,
ClassicGumtree,266,39,135,125,0,6,0,0,47,3,0,0.3,,200,,,,,5,,,
ClassicGumtree,38,11,21,11,0,6,0,0,47,3,0,0.4,,200,,,,,1,,,
ClassicGumtree,52,17,28,18,0,6,0,0,47,3,0,0.4,,200,,,,,2,,,
ClassicGumtree,70,21,37,27,0,6,0,0,47,3,0,0.4,,200,,,,,3,,,
ClassicGumtree,174,31,89,79,0,6,0,0,47,3,0,0.4,,200,,,,,4,,,
ClassicGumtree,266,39,135,125,0,6,0,0,47,3,0,0.4,,200,,,,,5,,,
ClassicGumtree,38,11,21,11,0,6,0,0,47,3,0,0.5,,200,,,,,1,,,
ClassicGumtree,52,17,28,18,0,6,0,0,47,3,0,0.5,,200,,,,,2,,,
ClassicGumtree,70,21,37,27,0,6,0,0,47,3,0,0.5,,200,,,,,3,,,
ClassicGumtree,174,31,89,79,0,6,0,0,47,3,0,0.5,,200,,,,,4,,,
ClassicGumtree,266,39,135,125,0,6,0,0,47,3,0,0.5,,200,,,,,5,,,
ClassicGumtree,38,11,21,11,0,6,0,0,47,3,0,0.6,,200,,,,,1,,,
ClassicGumtree,52,17,28,18,0,6,0,0,47,3,0,0.6,,200,,,,,2,,,
ClassicGumtree,70,21,37,27,0,6,0,0,47,3,0,0.6,,200,,,,,3,,,
ClassicGumtree,174,31,89,79,0,6,0,0,46,3,0,0.6,,200,,,,,4,,,
ClassicGumtree,324,36,165,155,0,4,0,0,36,3,0,0.6,,200,,,,,5,,,
ClassicGumtree,38,11,21,11,0,6,0,0,47,3,0,0.7,,200,,,,,1,,,
ClassicGumtree,52,17,28,18,0,6,0,0,47,3,0,0.7,,200,,,,,2,,,
ClassicGumtree,113,19,59,49,0,5,0,0,36,3,0,0.7,,200,,,,,3,,,
ClassicGumtree,217,29,111,101,0,5,0,0,36,3,0,0.7,,200,,,,,4,,,
ClassicGumtree,324,36,165,155,0,4,0,0,37,3,0,0.7,,200,,,,,5,,,
ClassicGumtree,38,11,21,11,0,6,0,0,47,3,0,0.799,,200,,,,,1,,,
ClassicGumtree,149,19,75,65,0,9,0,0,2,3,0,0.799,,200,,,,,2,,,
ClassicGumtree,188,20,96,86,0,6,0,0,2,3,0,0.799,,200,,,,,3,,,
ClassicGumtree,292,30,148,138,0,6,0,0,1,3,0,0.799,,200,,,,,4,,,
ClassicGumtree,427,17,211,201,0,15,0,0,2,3,0,0.799,,200,,,,,5,,,
ClassicGumtree,52,16,25,15,0,12,0,0,36,3,0,0.899,,200,,,,,1,,,
ClassicGumtree,149,19,75,65,0,9,0,0,1,3,0,0.899,,200,,,,,2,,,
ClassicGumtree,210,28,97,87,0,26,0,0,1,3,0,0.899,,200,,,,,3,,,
ClassicGumtree,309,23,149,139,0,21,0,0,2,3,0,0.899,,200,,,,,4,,,
ClassicGumtree,427,17,211,201,0,15,0,0,2,3,0,0.899,,200,,,,,5,,,
ClassicGumtree,104,52,32,22,0,50,0,0,1,3,0,0.999,,200,,,,,1,,,
ClassicGumtree,173,33,76,66,0,31,0,0,1,3,0,0.999,,200,,,,,2,,,
ClassicGumtree,210,28,97,87,0,26,0,0,2,3,0,0.999,,200,,,,,3,,,
ClassicGumtree,309,23,149,139,0,21,0,0,2,3,0,0.999,,200,,,,,4,,,
ClassicGumtree,427,17,211,201,0,15,0,0,1,3,0,0.999,,200,,,,,5,,,
ClassicGumtree,38,11,21,11,0,6,0,0,47,3,0,0.1,,300,,,,,1,,,
ClassicGumtree,52,17,28,18,0,6,0,0,47,3,0,0.1,,300,,,,,2,,,
ClassicGumtree,70,21,37,27,0,6,0,0,46,3,0,0.1,,300,,,,,3,,,
ClassicGumtree,174,31,89,79,0,6,0,0,47,3,0,0.1,,300,,,,,4,,,
ClassicGumtree,266,39,135,125,0,6,0,0,47,3,0,0.1,,300,,,,,5,,,
ClassicGumtree,38,11,21,11,0,6,0,0,47,3,0,0.2,,300,,,,,1,,,
ClassicGumtree,52,17,28,18,0,6,0,0,47,3,0,0.2,,300,,,,,2,,,
ClassicGumtree,70,21,37,27,0,6,0,0,47,3,0,0.2,,300,,,,,3,,,
ClassicGumtree,174,31,89,79,0,6,0,0,47,3,0,0.2,,300,,,,,4,,,
ClassicGumtree,266,39,135,125,0,6,0,0,47,3,0,0.2,,300,,,,,5,,,
ClassicGumtree,38,11,21,11,0,6,0,0,47,3,0,0.3,,300,,,,,1,,,
ClassicGumtree,52,17,28,18,0,6,0,0,47,3,0,0.3,,300,,,,,2,,,
ClassicGumtree,70,21,37,27,0,6,0,0,47,3,0,0.3,,300,,,,,3,,,
ClassicGumtree,174,31,89,79,0,6,0,0,47,3,0,0.3,,300,,,,,4,,,
ClassicGumtree,266,39,135,125,0,6,0,0,47,3,0,0.3,,300,,,,,5,,,
ClassicGumtree,38,11,21,11,0,6,0,0,47,3,0,0.4,,300,,,,,1,,,
ClassicGumtree,52,17,28,18,0,6,0,0,47,3,0,0.4,,300,,,,,2,,,
ClassicGumtree,70,21,37,27,0,6,0,0,47,3,0,0.4,,300,,,,,3,,,
ClassicGumtree,174,31,89,79,0,6,0,0,47,3,0,0.4,,300,,,,,4,,,
ClassicGumtree,266,39,135,125,0,6,0,0,47,3,0,0.4,,300,,,,,5,,,
ClassicGumtree,38,11,21,11,0,6,0,0,47,3,0,0.5,,300,,,,,1,,,
ClassicGumtree,52,17,28,18,0,6,0,0,47,3,0,0.5,,300,,,,,2,,,
ClassicGumtree,70,21,37,27,0,6,0,0,47,3,0,0.5,,300,,,,,3,,,
ClassicGumtree,174,31,89,79,0,6,0,0,47,3,0,0.5,,300,,,,,4,,,
ClassicGumtree,266,39,135,125,0,6,0,0,47,3,0,0.5,,300,,,,,5,,,
ClassicGumtree,38,11,21,11,0,6,0,0,47,3,0,0.6,,300,,,,,1,,,
ClassicGumtree,52,17,28,18,0,6,0,0,47,3,0,0.6,,300,,,,,2,,,
ClassicGumtree,70,21,37,27,0,6,0,0,47,3,0,0.6,,300,,,,,3,,,
ClassicGumtree,174,31,89,79,0,6,0,0,47,3,0,0.6,,300,,,,,4,,,
ClassicGumtree,324,36,165,155,0,4,0,0,36,3,0,0.6,,300,,,,,5,,,
ClassicGumtree,38,11,21,11,0,6,0,0,47,3,0,0.7,,300,,,,,1,,,
ClassicGumtree,52,17,28,18,0,6,0,0,47,3,0,0.7,,300,,,,,2,,,
ClassicGumtree,113,19,59,49,0,5,0,0,37,3,0,0.7,,300,,,,,3,,,
ClassicGumtree,217,29,111,101,0,5,0,0,37,3,0,0.7,,300,,,,,4,,,
ClassicGumtree,324,36,165,155,0,4,0,0,37,3,0,0.7,,300,,,,,5,,,
ClassicGumtree,38,11,21,11,0,6,0,0,47,3,0,0.799,,300,,,,,1,,,
ClassicGumtree,149,19,75,65,0,9,0,0,1,3,0,0.799,,300,,,,,2,,,
ClassicGumtree,188,20,96,86,0,6,0,0,1,3,0,0.799,,300,,,,,3,,,
ClassicGumtree,292,30,148,138,0,6,0,0,2,3,0,0.799,,300,,,,,4,,,
ClassicGumtree,427,17,211,201,0,15,0,0,2,3,0,0.799,,300,,,,,5,,,
ClassicGumtree,52,16,25,15,0,12,0,0,37,3,0,0.899,,300,,,,,1,,,
ClassicGumtree,149,19,75,65,0,9,0,0,1,3,0,0.899,,300,,,,,2,,,
ClassicGumtree,210,28,97,87,0,26,0,0,1,3,0,0.899,,300,,,,,3,,,
ClassicGumtree,309,23,149,139,0,21,0,0,1,3,0,0.899,,300,,,,,4,,,
ClassicGumtree,427,17,211,201,0,15,0,0,2,3,0,0.899,,300,,,,,5,,,
ClassicGumtree,104,52,32,22,0,50,0,0,2,3,0,0.999,,300,,,,,1,,,
ClassicGumtree,173,33,76,66,0,31,0,0,1,3,0,0.999,,300,,,,,2,,,
ClassicGumtree,210,28,97,87,0,26,0,0,1,3,0,0.999,,300,,,,,3,,,
ClassicGumtree,309,23,149,139,0,21,0,0,1,3,0,0.999,,300,,,,,4,,,
ClassicGumtree,427,17,211,201,0,15,0,0,1,3,0,0.999,,300,,,,,5,,,
ClassicGumtree,38,11,21,11,0,6,0,0,47,3,0,0.1,,400,,,,,1,,,
ClassicGumtree,52,17,28,18,0,6,0,0,47,3,0,0.1,,400,,,,,2,,,
ClassicGumtree,70,21,37,27,0,6,0,0,47,3,0,0.1,,400,,,,,3,,,
ClassicGumtree,174,31,89,79,0,6,0,0,46,3,0,0.1,,400,,,,,4,,,
ClassicGumtree,266,39,135,125,0,6,0,0,47,3,0,0.1,,400,,,,,5,,,
ClassicGumtree,38,11,21,11,0,6,0,0,47,3,0,0.2,,400,,,,,1,,,
ClassicGumtree,52,17,28,18,0,6,0,0,47,3,0,0.2,,400,,,,,2,,,
ClassicGumtree,70,21,37,27,0,6,0,0,46,3,0,0.2,,400,,,,,3,,,
ClassicGumtree,174,31,89,79,0,6,0,0,47,3,0,0.2,,400,,,,,4,,,
ClassicGumtree,266,39,135,125,0,6,0,0,47,3,0,0.2,,400,,,,,5,,,
ClassicGumtree,38,11,21,11,0,6,0,0,47,3,0,0.3,,400,,,,,1,,,
ClassicGumtree,52,17,28,18,0,6,0,0,47,3,0,0.3,,400,,,,,2,,,
ClassicGumtree,70,21,37,27,0,6,0,0,47,3,0,0.3,,400,,,,,3,,,
ClassicGumtree,174,31,89,79,0,6,0,0,47,3,0,0.3,,400,,,,,4,,,
ClassicGumtree,266,39,135,125,0,6,0,0,47,3,0,0.3,,400,,,,,5,,,
ClassicGumtree,38,11,21,11,0,6,0,0,47,3,0,0.4,,400,,,,,1,,,
ClassicGumtree,52,17,28,18,0,6,0,0,46,3,0,0.4,,400,,,,,2,,,
ClassicGumtree,70,21,37,27,0,6,0,0,46,3,0,0.4,,400,,,,,3,,,
ClassicGumtree,174,31,89,79,0,6,0,0,47,3,0,0.4,,400,,,,,4,,,
ClassicGumtree,266,39,135,125,0,6,0,0,47,3,0,0.4,,400,,,,,5,,,
ClassicGumtree,38,11,21,11,0,6,0,0,48,3,0,0.5,,400,,,,,1,,,
ClassicGumtree,52,17,28,18,0,6,0,0,47,3,0,0.5,,400,,,,,2,,,
ClassicGumtree,70,21,37,27,0,6,0,0,47,3,0,0.5,,400,,,,,3,,,
ClassicGumtree,174,31,89,79,0,6,0,0,47,3,0,0.5,,400,,,,,4,,,
ClassicGumtree,266,39,135,125,0,6,0,0,46,3,0,0.5,,400,,,,,5,,,
ClassicGumtree,38,11,21,11,0,6,0,0,47,3,0,0.6,,400,,,,,1,,,
ClassicGumtree,52,17,28,18,0,6,0,0,47,3,0,0.6,,400,,,,,2,,,
ClassicGumtree,70,21,37,27,0,6,0,0,47,3,0,0.6,,400,,,,,3,,,
ClassicGumtree,174,31,89,79,0,6,0,0,46,3,0,0.6,,400,,,,,4,,,
ClassicGumtree,324,36,165,155,0,4,0,0,36,3,0,0.6,,400,,,,,5,,,
ClassicGumtree,38,11,21,11,0,6,0,0,47,3,0,0.7,,400,,,,,1,,,
ClassicGumtree,52,17,28,18,0,6,0,0,47,3,0,0.7,,400,,,,,2,,,
ClassicGumtree,113,19,59,49,0,5,0,0,36,3,0,0.7,,400,,,,,3,,,
ClassicGumtree,217,29,111,101,0,5,0,0,37,3,0,0.7,,400,,,,,4,,,
ClassicGumtree,324,36,165,155,0,4,0,0,36,3,0,0.7,,400,,,,,5,,,
ClassicGumtree,38,11,21,11,0,6,0,0,47,3,0,0.799,,400,,,,,1,,,
ClassicGumtree,149,19,75,65,0,9,0,0,2,3,0,0.799,,400,,,,,2,,,
ClassicGumtree,188,20,96,86,0,6,0,0,2,3,0,0.799,,400,,,,,3,,,
ClassicGumtree,292,30,148,138,0,6,0,0,1,3,0,0.799,,400,,,,,4,,,
ClassicGumtree,427,17,211,201,0,15,0,0,1,3,0,0.799,,400,,,,,5,,,
ClassicGumtree,52,16,25,15,0,12,0,0,37,3,0,0.899,,400,,,,,1,,,
ClassicGumtree,149,19,75,65,0,9,0,0,1,3,0,0.899,,400,,,,,2,,,
ClassicGumtree,210,28,97,87,0,26,0,0,2,3,0,0.899,,400,,,,,3,,,
ClassicGumtree,309,23,149,139,0,21,0,0,1,3,0,0.899,,400,,,,,4,,,
ClassicGumtree,427,17,211,201,0,15,0,0,2,3,0,0.899,,400,,,,,5,,,
ClassicGumtree,104,52,32,22,0,50,0,0,2,3,0,0.999,,400,,,,,1,,,
ClassicGumtree,173,33,76,66,0,31,0,0,1,3,0,0.999,,400,,,,,2,,,
ClassicGumtree,210,28,97,87,0,26,0,0,1,3,0,0.999,,400,,,,,3,,,
ClassicGumtree,309,23,149,139,0,21,0,0,2,3,0,0.999,,400,,,,,4,,,
ClassicGumtree,427,17,211,201,0,15,0,0,2,3,0,0.999,,400,,,,,5,,,
ClassicGumtree,38,11,21,11,0,6,0,0,48,3,0,0.1,,500,,,,,1,,,
ClassicGumtree,52,17,28,18,0,6,0,0,47,3,0,0.1,,500,,,,,2,,,
ClassicGumtree,70,21,37,27,0,6,0,0,47,3,0,0.1,,500,,,,,3,,,
ClassicGumtree,174,31,89,79,0,6,0,0,48,3,0,0.1,,500,,,,,4,,,
ClassicGumtree,266,39,135,125,0,6,0,0,47,3,0,0.1,,500,,,,,5,,,
ClassicGumtree,38,11,21,11,0,6,0,0,47,3,0,0.2,,500,,,,,1,,,
ClassicGumtree,52,17,28,18,0,6,0,0,47,3,0,0.2,,500,,,,,2,,,
ClassicGumtree,70,21,37,27,0,6,0,0,48,3,0,0.2,,500,,,,,3,,,
ClassicGumtree,174,31,89,79,0,6,0,0,47,3,0,0.2,,500,,,,,4,,,
ClassicGumtree,266,39,135,125,0,6,0,0,48,3,0,0.2,,500,,,,,5,,,
ClassicGumtree,38,11,21,11,0,6,0,0,47,3,0,0.3,,500,,,,,1,,,
ClassicGumtree,52,17,28,18,0,6,0,0,47,3,0,0.3,,500,,,,,2,,,
ClassicGumtree,70,21,37,27,0,6,0,0,47,3,0,0.3,,500,,,,,3,,,
ClassicGumtree,174,31,89,79,0,6,0,0,47,3,0,0.3,,500,,,,,4,,,
ClassicGumtree,266,39,135,125,0,6,0,0,47,3,0,0.3,,500,,,,,5,,,
ClassicGumtree,38,11,21,11,0,6,0,0,47,3,0,0.4,,500,,,,,1,,,
ClassicGumtree,52,17,28,18,0,6,0,0,47,3,0,0.4,,500,,,,,2,,,
ClassicGumtree,70,21,37,27,0,6,0,0,48,3,0,0.4,,500,,,,,3,,,
ClassicGumtree,174,31,89,79,0,6,0,0,47,3,0,0.4,,500,,,,,4,,,
ClassicGumtree,266,39,135,125,0,6,0,0,46,3,0,0.4,,500,,,,,5,,,
ClassicGumtree,38,11,21,11,0,6,0,0,47,3,0,0.5,,500,,,,,1,,,
ClassicGumtree,52,17,28,18,0,6,0,0,47,3,0,0.5,,500,,,,,2,,,
ClassicGumtree,70,21,37,27,0,6,0,0,46,3,0,0.5,,500,,,,,3,,,
ClassicGumtree,174,31,89,79,0,6,0,0,46,3,0,0.5,,500,,,,,4,,,
ClassicGumtree,266,39,135,125,0,6,0,0,47,3,0,0.5,,500,,,,,5,,,
ClassicGumtree,38,11,21,11,0,6,0,0,47,3,0,0.6,,500,,,,,1,,,
ClassicGumtree,52,17,28,18,0,6,0,0,47,3,0,0.6,,500,,,,,2,,,
ClassicGumtree,70,21,37,27,0,6,0,0,47,3,0,0.6,,500,,,,,3,,,
ClassicGumtree,174,31,89,79,0,6,0,0,47,3,0,0.6,,500,,,,,4,,,
ClassicGumtree,324,36,165,155,0,4,0,0,37,3,0,0.6,,500,,,,,5,,,
ClassicGumtree,38,11,21,11,0,6,0,0,47,3,0,0.7,,500,,,,,1,,,
ClassicGumtree,52,17,28,18,0,6,0,0,47,3,0,0.7,,500,,,,,2,,,
ClassicGumtree,113,19,59,49,0,5,0,0,37,3,0,0.7,,500,,,,,3,,,
ClassicGumtree,217,29,111,101,0,5,0,0,37,3,0,0.7,,500,,,,,4,,,
ClassicGumtree,324,36,165,155,0,4,0,0,37,3,0,0.7,,500,,,,,5,,,
ClassicGumtree,38,11,21,11,0,6,0,0,47,3,0,0.799,,500,,,,,1,,,
ClassicGumtree,149,19,75,65,0,9,0,0,2,3,0,0.799,,500,,,,,2,,,
ClassicGumtree,188,20,96,86,0,6,0,0,1,3,0,0.799,,500,,,,,3,,,
ClassicGumtree,292,30,148,138,0,6,0,0,2,3,0,0.799,,500,,,,,4,,,
ClassicGumtree,427,17,211,201,0,15,0,0,1,3,0,0.799,,500,,,,,5,,,
ClassicGumtree,52,16,25,15,0,12,0,0,37,3,0,0.899,,500,,,,,1,,,
ClassicGumtree,149,19,75,65,0,9,0,0,1,3,0,0.899,,500,,,,,2,,,
ClassicGumtree,210,28,97,87,0,26,0,0,1,3,0,0.899,,500,,,,,3,,,
ClassicGumtree,309,23,149,139,0,21,0,0,2,3,0,0.899,,500,,,,,4,,,
ClassicGumtree,427,17,211,201,0,15,0,0,2,3,0,0.899,,500,,,,,5,,,
ClassicGumtree,104,52,32,22,0,50,0,0,1,3,0,0.999,,500,,,,,1,,,
ClassicGumtree,173,33,76,66,0,31,0,0,1,3,0,0.999,,500,,,,,2,,,
ClassicGumtree,210,28,97,87,0,26,0,0,2,3,0,0.999,,500,,,,,3,,,
ClassicGumtree,309,23,149,139,0,21,0,0,2,3,0,0.999,,500,,,,,4,,,
ClassicGumtree,427,17,211,201,0,15,0,0,1,3,0,0.999,,500,,,,,5,,,
ClassicGumtree,38,11,21,11,0,6,0,0,48,3,0,0.1,,600,,,,,1,,,
ClassicGumtree,52,17,28,18,0,6,0,0,47,3,0,0.1,,600,,,,,2,,,
ClassicGumtree,70,21,37,27,0,6,0,0,47,3,0,0.1,,600,,,,,3,,,
ClassicGumtree,174,31,89,79,0,6,0,0,47,3,0,0.1,,600,,,,,4,,,
ClassicGumtree,266,39,135,125,0,6,0,0,47,3,0,0.1,,600,,,,,5,,,
ClassicGumtree,38,11,21,11,0,6,0,0,47,3,0,0.2,,600,,,,,1,,,
ClassicGumtree,52,17,28,18,0,6,0,0,47,3,0,0.2,,600,,,,,2,,,
ClassicGumtree,70,21,37,27,0,6,0,0,46,3,0,0.2,,600,,,,,3,,,
ClassicGumtree,174,31,89,79,0,6,0,0,47,3,0,0.2,,600,,,,,4,,,
ClassicGumtree,266,39,135,125,0,6,0,0,47,3,0,0.2,,600,,,,,5,,,
ClassicGumtree,38,11,21,11,0,6,0,0,47,3,0,0.3,,600,,,,,1,,,
ClassicGumtree,52,17,28,18,0,6,0,0,47,3,0,0.3,,600,,,,,2,,,
ClassicGumtree,70,21,37,27,0,6,0,0,48,3,0,0.3,,600,,,,,3,,,
ClassicGumtree,174,31,89,79,0,6,0,0,47,3,0,0.3,,600,,,,,4,,,
ClassicGumtree,266,39,135,125,0,6,0,0,47,3,0,0.3,,600,,,,,5,,,
ClassicGumtree,38,11,21,11,0,6,0,0,48,3,0,0.4,,600,,,,,1,,,
ClassicGumtree,52,17,28,18,0,6,0,0,48,3,0,0.4,,600,,,,,2,,,
ClassicGumtree,70,21,37,27,0,6,0,0,48,3,0,0.4,,600,,,,,3,,,
ClassicGumtree,174,31,89,79,0,6,0,0,47,3,0,0.4,,600,,,,,4,,,
ClassicGumtree,266,39,135,125,0,6,0,0,48,3,0,0.4,,600,,,,,5,,,
ClassicGumtree,38,11,21,11,0,6,0,0,48,3,0,0.5,,600,,,,,1,,,
ClassicGumtree,52,17,28,18,0,6,0,0,48,3,0,0.5,,600,,,,,2,,,
ClassicGumtree,70,21,37,27,0,6,0,0,47,3,0,0.5,,600,,,,,3,,,
ClassicGumtree,174,31,89,79,0,6,0,0,47,3,0,0.5,,600,,,,,4,,,
ClassicGumtree,266,39,135,125,0,6,0,0,47,3,0,0.5,,600,,,,,5,,,
ClassicGumtree,38,11,21,11,0,6,0,0,47,3,0,0.6,,600,,,,,1,,,
ClassicGumtree,52,17,28,18,0,6,0,0,47,3,0,0.6,,600,,,,,2,,,
ClassicGumtree,70,21,37,27,0,6,0,0,47,3,0,0.6,,600,,,,,3,,,
ClassicGumtree,174,31,89,79,0,6,0,0,47,3,0,0.6,,600,,,,,4,,,
ClassicGumtree,324,36,165,155,0,4,0,0,36,3,0,0.6,,600,,,,,5,,,
ClassicGumtree,38,11,21,11,0,6,0,0,47,3,0,0.7,,600,,,,,1,,,
ClassicGumtree,52,17,28,18,0,6,0,0,47,3,0,0.7,,600,,,,,2,,,
ClassicGumtree,113,19,59,49,0,5,0,0,37,3,0,0.7,,600,,,,,3,,,
ClassicGumtree,217,29,111,101,0,5,0,0,37,3,0,0.7,,600,,,,,4,,,
ClassicGumtree,324,36,165,155,0,4,0,0,37,3,0,0.7,,600,,,,,5,,,
ClassicGumtree,38,11,21,11,0,6,0,0,47,3,0,0.799,,600,,,,,1,,,
ClassicGumtree,149,19,75,65,0,9,0,0,1,3,0,0.799,,600,,,,,2,,,
ClassicGumtree,188,20,96,86,0,6,0,0,1,3,0,0.799,,600,,,,,3,,,
ClassicGumtree,292,30,148,138,0,6,0,0,2,3,0,0.799,,600,,,,,4,,,
ClassicGumtree,427,17,211,201,0,15,0,0,2,3,0,0.799,,600,,,,,5,,,
ClassicGumtree,52,16,25,15,0,12,0,0,36,3,0,0.899,,600,,,,,1,,,
ClassicGumtree,149,19,75,65,0,9,0,0,1,3,0,0.899,,600,,,,,2,,,
ClassicGumtree,210,28,97,87,0,26,0,0,2,3,0,0.899,,600,,,,,3,,,
ClassicGumtree,309,23,149,139,0,21,0,0,2,3,0,0.899,,600,,,,,4,,,
ClassicGumtree,427,17,211,201,0,15,0,0,1,3,0,0.899,,600,,,,,5,,,
ClassicGumtree,104,52,32,22,0,50,0,0,1,3,0,0.999,,600,,,,,1,,,
ClassicGumtree,173,33,76,66,0,31,0,0,1,3,0,0.999,,600,,,,,2,,,
ClassicGumtree,210,28,97,87,0,26,0,0,2,3,0,0.999,,600,,,,,3,,,
ClassicGumtree,309,23,149,139,0,21,0,0,2,3,0,0.999,,600,,,,,4,,,
ClassicGumtree,427,17,211,201,0,15,0,0,1,3,0,0.999,,600,,,,,5,,,
ClassicGumtree,38,11,21,11,0,6,0,0,47,3,0,0.1,,700,,,,,1,,,
ClassicGumtree,52,17,28,18,0,6,0,0,47,3,0,0.1,,700,,,,,2,,,
ClassicGumtree,70,21,37,27,0,6,0,0,47,3,0,0.1,,700,,,,,3,,,
ClassicGumtree,174,31,89,79,0,6,0,0,47,3,0,0.1,,700,,,,,4,,,
ClassicGumtree,266,39,135,125,0,6,0,0,47,3,0,0.1,,700,,,,,5,,,
ClassicGumtree,38,11,21,11,0,6,0,0,47,3,0,0.2,,700,,,,,1,,,
ClassicGumtree,52,17,28,18,0,6,0,0,47,3,0,0.2,,700,,,,,2,,,
ClassicGumtree,70,21,37,27,0,6,0,0,47,3,0,0.2,,700,,,,,3,,,
ClassicGumtree,174,31,89,79,0,6,0,0,47,3,0,0.2,,700,,,,,4,,,
ClassicGumtree,266,39,135,125,0,6,0,0,47,3,0,0.2,,700,,,,,5,,,
ClassicGumtree,38,11,21,11,0,6,0,0,48,3,0,0.3,,700,,,,,1,,,
ClassicGumtree,52,17,28,18,0,6,0,0,47,3,0,0.3,,700,,,,,2,,,
ClassicGumtree,70,21,37,27,0,6,0,0,47,3,0,0.3,,700,,,,,3,,,
ClassicGumtree,174,31,89,79,0,6,0,0,47,3,0,0.3,,700,,,,,4,,,
ClassicGumtree,266,39,135,125,0,6,0,0,47,3,0,0.3,,700,,,,,5,,,
ClassicGumtree,38,11,21,11,0,6,0,0,47,3,0,0.4,,700,,,,,1,,,
ClassicGumtree,52,17,28,18,0,6,0,0,47,3,0,0.4,,700,,,,,2,,,
ClassicGumtree,70,21,37,27,0,6,0,0,47,3,0,0.4,,700,,,,,3,,,
ClassicGumtree,174,31,89,79,0,6,0,0,47,3,0,0.4,,700,,,,,4,,,
ClassicGumtree,266,39,135,125,0,6,0,0,47,3,0,0.4,,700,,,,,5,,,
ClassicGumtree,38,11,21,11,0,6,0,0,47,3,0,0.5,,700,,,,,1,,,
ClassicGumtree,52,17,28,18,0,6,0,0,47,3,0,0.5,,700,,,,,2,,,
ClassicGumtree,70,21,37,27,0,6,0,0,47,3,0,0.5,,700,,,,,3,,,
ClassicGumtree,174,31,89,79,0,6,0,0,47,3,0,0.5,,700,,,,,4,,,
ClassicGumtree,266,39,135,125,0,6,0,0,47,3,0,0.5,,700,,,,,5,,,
ClassicGumtree,38,11,21,11,0,6,0,0,47,3,0,0.6,,700,,,,,1,,,
ClassicGumtree,52,17,28,18,0,6,0,0,47,3,0,0.6,,700,,,,,2,,,
ClassicGumtree,70,21,37,27,0,6,0,0,47,3,0,0.6,,700,,,,,3,,,
ClassicGumtree,174,31,89,79,0,6,0,0,47,3,0,0.6,,700,,,,,4,,,
ClassicGumtree,324,36,165,155,0,4,0,0,36,3,0,0.6,,700,,,,,5,,,
ClassicGumtree,38,11,21,11,0,6,0,0,47,3,0,0.7,,700,,,,,1,,,
ClassicGumtree,52,17,28,18,0,6,0,0,47,3,0,0.7,,700,,,,,2,,,
ClassicGumtree,113,19,59,49,0,5,0,0,37,3,0,0.7,,700,,,,,3,,,
ClassicGumtree,217,29,111,101,0,5,0,0,36,3,0,0.7,,700,,,,,4,,,
ClassicGumtree,324,36,165,155,0,4,0,0,37,3,0,0.7,,700,,,,,5,,,
ClassicGumtree,38,11,21,11,0,6,0,0,47,3,0,0.799,,700,,,,,1,,,
ClassicGumtree,149,19,75,65,0,9,0,0,1,3,0,0.799,,700,,,,,2,,,
ClassicGumtree,188,20,96,86,0,6,0,0,1,3,0,0.799,,700,,,,,3,,,
ClassicGumtree,292,30,148,138,0,6,0,0,1,3,0,0.799,,700,,,,,4,,,
ClassicGumtree,427,17,211,201,0,15,0,0,1,3,0,0.799,,700,,,,,5,,,
ClassicGumtree,52,16,25,15,0,12,0,0,37,3,0,0.899,,700,,,,,1,,,
ClassicGumtree,149,19,75,65,0,9,0,0,2,3,0,0.899,,700,,,,,2,,,
ClassicGumtree,210,28,97,87,0,26,0,0,1,3,0,0.899,,700,,,,,3,,,
ClassicGumtree,309,23,149,139,0,21,0,0,2,3,0,0.899,,700,,,,,4,,,
ClassicGumtree,427,17,211,201,0,15,0,0,2,3,0,0.899,,700,,,,,5,,,
ClassicGumtree,104,52,32,22,0,50,0,0,1,3,0,0.999,,700,,,,,1,,,
ClassicGumtree,173,33,76,66,0,31,0,0,1,3,0,0.999,,700,,,,,2,,,
ClassicGumtree,210,28,97,87,0,26,0,0,2,3,0,0.999,,700,,,,,3,,,
ClassicGumtree,309,23,149,139,0,21,0,0,2,3,0,0.999,,700,,,,,4,,,
ClassicGumtree,427,17,211,201,0,15,0,0,2,3,0,0.999,,700,,,,,5,,,
ClassicGumtree,38,11,21,11,0,6,0,0,1228,3,0,0.1,,800,,,,,1,,,
ClassicGumtree,38,11,21,11,0,6,0,0,1227,3,0,0.1,,800,,,,,2,,,
ClassicGumtree,38,11,21,11,0,6,0,0,1227,3,0,0.1,,800,,,,,3,,,
ClassicGumtree,38,11,21,11,0,6,0,0,1227,3,0,0.1,,800,,,,,4,,,
ClassicGumtree,38,11,21,11,0,6,0,0,1227,3,0,0.1,,800,,,,,5,,,
ClassicGumtree,38,11,21,11,0,6,0,0,1230,3,0,0.2,,800,,,,,1,,,
ClassicGumtree,38,11,21,11,0,6,0,0,1227,3,0,0.2,,800,,,,,2,,,
ClassicGumtree,38,11,21,11,0,6,0,0,1228,3,0,0.2,,800,,,,,3,,,
ClassicGumtree,38,11,21,11,0,6,0,0,1229,3,0,0.2,,800,,,,,4,,,
ClassicGumtree,38,11,21,11,0,6,0,0,1227,3,0,0.2,,800,,,,,5,,,
ClassicGumtree,38,11,21,11,0,6,0,0,1216,3,0,0.3,,800,,,,,1,,,
ClassicGumtree,38,11,21,11,0,6,0,0,1220,3,0,0.3,,800,,,,,2,,,
ClassicGumtree,38,11,21,11,0,6,0,0,1217,3,0,0.3,,800,,,,,3,,,
ClassicGumtree,38,11,21,11,0,6,0,0,1219,3,0,0.3,,800,,,,,4,,,
ClassicGumtree,38,11,21,11,0,6,0,0,1219,3,0,0.3,,800,,,,,5,,,
ClassicGumtree,38,11,21,11,0,6,0,0,1218,3,0,0.4,,800,,,,,1,,,
ClassicGumtree,38,11,21,11,0,6,0,0,1218,3,0,0.4,,800,,,,,2,,,
ClassicGumtree,38,11,21,11,0,6,0,0,1221,3,0,0.4,,800,,,,,3,,,
ClassicGumtree,38,11,21,11,0,6,0,0,1218,3,0,0.4,,800,,,,,4,,,
ClassicGumtree,38,11,21,11,0,6,0,0,1220,3,0,0.4,,800,,,,,5,,,
ClassicGumtree,38,11,21,11,0,6,0,0,1218,3,0,0.5,,800,,,,,1,,,
ClassicGumtree,38,11,21,11,0,6,0,0,1216,3,0,0.5,,800,,,,,2,,,
ClassicGumtree,38,11,21,11,0,6,0,0,1224,3,0,0.5,,800,,,,,3,,,
ClassicGumtree,38,11,21,11,0,6,0,0,1218,3,0,0.5,,800,,,,,4,,,
ClassicGumtree,38,11,21,11,0,6,0,0,1215,3,0,0.5,,800,,,,,5,,,
ClassicGumtree,38,11,21,11,0,6,0,0,1223,3,0,0.6,,800,,,,,1,,,
ClassicGumtree,38,11,21,11,0,6,0,0,1218,3,0,0.6,,800,,,,,2,,,
ClassicGumtree,38,11,21,11,0,6,0,0,1219,3,0,0.6,,800,,,,,3,,,
ClassicGumtree,38,11,21,11,0,6,0,0,1223,3,0,0.6,,800,,,,,4,,,
ClassicGumtree,38,11,21,11,0,6,0,0,1210,3,0,0.6,,800,,,,,5,,,
ClassicGumtree,38,11,21,11,0,6,0,0,1228,3,0,0.7,,800,,,,,1,,,
ClassicGumtree,38,11,21,11,0,6,0,0,1218,3,0,0.7,,800,,,,,2,,,
ClassicGumtree,38,11,21,11,0,6,0,0,1209,3,0,0.7,,800,,,,,3,,,
ClassicGumtree,38,11,21,11,0,6,0,0,1209,3,0,0.7,,800,,,,,4,,,
ClassicGumtree,38,11,21,11,0,6,0,0,1209,3,0,0.7,,800,,,,,5,,,
ClassicGumtree,38,11,21,11,0,6,0,0,1222,3,0,0.799,,800,,,,,1,,,
ClassicGumtree,38,11,21,11,0,6,0,0,1176,3,0,0.799,,800,,,,,2,,,
ClassicGumtree,38,11,21,11,0,6,0,0,1175,3,0,0.799,,800,,,,,3,,,
ClassicGumtree,38,11,21,11,0,6,0,0,1174,3,0,0.799,,800,,,,,4,,,
ClassicGumtree,38,11,21,11,0,6,0,0,588,3,0,0.799,,800,,,,,5,,,
ClassicGumtree,38,11,21,11,0,6,0,0,1215,3,0,0.899,,800,,,,,1,,,
ClassicGumtree,38,11,21,11,0,6,0,0,1180,3,0,0.899,,800,,,,,2,,,
ClassicGumtree,38,11,21,11,0,6,0,0,600,3,0,0.899,,800,,,,,3,,,
ClassicGumtree,38,11,21,11,0,6,0,0,595,3,0,0.899,,800,,,,,4,,,
ClassicGumtree,38,11,21,11,0,6,0,0,594,3,0,0.899,,800,,,,,5,,,
ClassicGumtree,38,11,21,11,0,6,0,0,595,3,0,0.999,,800,,,,,1,,,
ClassicGumtree,38,11,21,11,0,6,0,0,594,3,0,0.999,,800,,,,,2,,,
ClassicGumtree,38,11,21,11,0,6,0,0,593,3,0,0.999,,800,,,,,3,,,
ClassicGumtree,38,11,21,11,0,6,0,0,595,3,0,0.999,,800,,,,,4,,,
ClassicGumtree,38,11,21,11,0,6,0,0,594,3,0,0.999,,800,,,,,5,,,
ClassicGumtree,38,11,21,11,0,6,0,0,1217,3,0,0.1,,900,,,,,1,,,
ClassicGumtree,38,11,21,11,0,6,0,0,1216,3,0,0.1,,900,,,,,2,,,
ClassicGumtree,38,11,21,11,0,6,0,0,1216,3,0,0.1,,900,,,,,3,,,
ClassicGumtree,38,11,21,11,0,6,0,0,1218,3,0,0.1,,900,,,,,4,,,
ClassicGumtree,38,11,21,11,0,6,0,0,1218,3,0,0.1,,900,,,,,5,,,
ClassicGumtree,38,11,21,11,0,6,0,0,1225,3,0,0.2,,900,,,,,1,,,
ClassicGumtree,38,11,21,11,0,6,0,0,1218,3,0,0.2,,900,,,,,2,,,
ClassicGumtree,38,11,21,11,0,6,0,0,1223,3,0,0.2,,900,,,,,3,,,
ClassicGumtree,38,11,21,11,0,6,0,0,1220,3,0,0.2,,900,,,,,4,,,
ClassicGumtree,38,11,21,11,0,6,0,0,1221,3,0,0.2,,900,,,,,5,,,
ClassicGumtree,38,11,21,11,0,6,0,0,1220,3,0,0.3,,900,,,,,1,,,
ClassicGumtree,38,11,21,11,0,6,0,0,1222,3,0,0.3,,900,,,,,2,,,
ClassicGumtree,38,11,21,11,0,6,0,0,1222,3,0,0.3,,900,,,,,3,,,
ClassicGumtree,38,11,21,11,0,6,0,0,1220,3,0,0.3,,900,,,,,4,,,
ClassicGumtree,38,11,21,11,0,6,0,0,1222,3,0,0.3,,900,,,,,5,,,
ClassicGumtree,38,11,21,11,0,6,0,0,1220,3,0,0.4,,900,,,,,1,,,
ClassicGumtree,38,11,21,11,0,6,0,0,1220,3,0,0.4,,900,,,,,2,,,
ClassicGumtree,38,11,21,11,0,6,0,0,1221,3,0,0.4,,900,,,,,3,,,
ClassicGumtree,38,11,21,11,0,6,0,0,1227,3,0,0.4,,900,,,,,4,,,
ClassicGumtree,38,11,21,11,0,6,0,0,1221,3,0,0.4,,900,,,,,5,,,
ClassicGumtree,38,11,21,11,0,6,0,0,1227,3,0,0.5,,900,,,,,1,,,
ClassicGumtree,38,11,21,11,0,6,0,0,1226,3,0,0.5,,900,,,,,2,,,
ClassicGumtree,38,11,21,11,0,6,0,0,1228,3,0,0.5,,900,,,,,3,,,
ClassicGumtree,38,11,21,11,0,6,0,0,1227,3,0,0.5,,900,,,,,4,,,
ClassicGumtree,38,11,21,11,0,6,0,0,1233,3,0,0.5,,900,,,,,5,,,
ClassicGumtree,38,11,21,11,0,6,0,0,1227,3,0,0.6,,900,,,,,1,,,
ClassicGumtree,38,11,21,11,0,6,0,0,1227,3,0,0.6,,900,,,,,2,,,
ClassicGumtree,38,11,21,11,0,6,0,0,1226,3,0,0.6,,900,,,,,3,,,
ClassicGumtree,38,11,21,11,0,6,0,0,1226,3,0,0.6,,900,,,,,4,,,
ClassicGumtree,38,11,21,11,0,6,0,0,1224,3,0,0.6,,900,,,,,5,,,
ClassicGumtree,38,11,21,11,0,6,0,0,1217,3,0,0.7,,900,,,,,1,,,
ClassicGumtree,38,11,21,11,0,6,0,0,1218,3,0,0.7,,900,,,,,2,,,
ClassicGumtree,38,11,21,11,0,6,0,0,1206,3,0,0.7,,900,,,,,3,,,
ClassicGumtree,38,11,21,11,0,6,0,0,1208,3,0,0.7,,900,,,,,4,,,
ClassicGumtree,38,11,21,11,0,6,0,0,1208,3,0,0.7,,900,,,,,5,,,
ClassicGumtree,38,11,21,11,0,6,0,0,1218,3,0,0.799,,900,,,,,1,,,
ClassicGumtree,38,11,21,11,0,6,0,0,1173,3,0,0.799,,900,,,,,2,,,
ClassicGumtree,38,11,21,11,0,6,0,0,1172,3,0,0.799,,900,,,,,3,,,
ClassicGumtree,38,11,21,11,0,6,0,0,1174,3,0,0.799,,900,,,,,4,,,
ClassicGumtree,38,11,21,11,0,6,0,0,587,3,0,0.799,,900,,,,,5,,,
ClassicGumtree,38,11,21,11,0,6,0,0,1210,3,0,0.899,,900,,,,,1,,,
ClassicGumtree,38,11,21,11,0,6,0,0,1175,3,0,0.899,,900,,,,,2,,,
ClassicGumtree,38,11,21,11,0,6,0,0,588,3,0,0.899,,900,,,,,3,,,
ClassicGumtree,38,11,21,11,0,6,0,0,589,3,0,0.899,,900,,,,,4,,,
ClassicGumtree,38,11,21,11,0,6,0,0,589,3,0,0.899,,900,,,,,5,,,
ClassicGumtree,38,11,21,11,0,6,0,0,588,3,0,0.999,,900,,,,,1,,,
ClassicGumtree,38,11,21,11,0,6,0,0,589,3,0,0.999,,900,,,,,2,,,
ClassicGumtree,38,11,21,11,0,6,0,0,589,3,0,0.999,,900,,,,,3,,,
ClassicGumtree,38,11,21,11,0,6,0,0,589,3,0,0.999,,900,,,,,4,,,
ClassicGumtree,38,11,21,11,0,6,0,0,588,3,0,0.999,,900,,,,,5,,,
ClassicGumtree,38,11,21,11,0,6,0,0,1226,3,0,0.1,,1000,,,,,1,,,
ClassicGumtree,38,11,21,11,0,6,0,0,1218,3,0,0.1,,1000,,,,,2,,,
ClassicGumtree,38,11,21,11,0,6,0,0,1219,3,0,0.1,,1000,,,,,3,,,
ClassicGumtree,38,11,21,11,0,6,0,0,1227,3,0,0.1,,1000,,,,,4,,,
ClassicGumtree,38,11,21,11,0,6,0,0,1217,3,0,0.1,,1000,,,,,5,,,
ClassicGumtree,38,11,21,11,0,6,0,0,1218,3,0,0.2,,1000,,,,,1,,,
ClassicGumtree,38,11,21,11,0,6,0,0,1216,3,0,0.2,,1000,,,,,2,,,
ClassicGumtree,38,11,21,11,0,6,0,0,1217,3,0,0.2,,1000,,,,,3,,,
ClassicGumtree,38,11,21,11,0,6,0,0,1218,3,0,0.2,,1000,,,,,4,,,
ClassicGumtree,38,11,21,11,0,6,0,0,1219,3,0,0.2,,1000,,,,,5,,,
ClassicGumtree,38,11,21,11,0,6,0,0,1226,3,0,0.3,,1000,,,,,1,,,
ClassicGumtree,38,11,21,11,0,6,0,0,1225,3,0,0.3,,1000,,,,,2,,,
ClassicGumtree,38,11,21,11,0,6,0,0,1226,3,0,0.3,,1000,,,,,3,,,
ClassicGumtree,38,11,21,11,0,6,0,0,1226,3,0,0.3,,1000,,,,,4,,,
ClassicGumtree,38,11,21,11,0,6,0,0,1226,3,0,0.3,,1000,,,,,5,,,
ClassicGumtree,38,11,21,11,0,6,0,0,1226,3,0,0.4,,1000,,,,,1,,,
ClassicGumtree,38,11,21,11,0,6,0,0,1225,3,0,0.4,,1000,,,,,2,,,
ClassicGumtree,38,11,21,11,0,6,0,0,1229,3,0,0.4,,1000,,,,,3,,,
ClassicGumtree,38,11,21,11,0,6,0,0,1225,3,0,0.4,,1000,,,,,4,,,
ClassicGumtree,38,11,21,11,0,6,0,0,1226,3,0,0.4,,1000,,,,,5,,,
ClassicGumtree,38,11,21,11,0,6,0,0,1220,3,0,0.5,,1000,,,,,1,,,
ClassicGumtree,38,11,21,11,0,6,0,0,1219,3,0,0.5,,1000,,,,,2,,,
ClassicGumtree,38,11,21,11,0,6,0,0,1221,3,0,0.5,,1000,,,,,3,,,
ClassicGumtree,38,11,21,11,0,6,0,0,1221,3,0,0.5,,1000,,,,,4,,,
ClassicGumtree,38,11,21,11,0,6,0,0,1219,3,0,0.5,,1000,,,,,5,,,
ClassicGumtree,38,11,21,11,0,6,0,0,1220,3,0,0.6,,1000,,,,,1,,,
ClassicGumtree,38,11,21,11,0,6,0,0,1219,3,0,0.6,,1000,,,,,2,,,
ClassicGumtree,38,11,21,11,0,6,0,0,1218,3,0,0.6,,1000,,,,,3,,,
ClassicGumtree,38,11,21,11,0,6,0,0,1218,3,0,0.6,,1000,,,,,4,,,
ClassicGumtree,38,11,21,11,0,6,0,0,1207,3,0,0.6,,1000,,,,,5,,,
ClassicGumtree,38,11,21,11,0,6,0,0,1216,3,0,0.7,,1000,,,,,1,,,
ClassicGumtree,38,11,21,11,0,6,0,0,1217,3,0,0.7,,1000,,,,,2,,,
ClassicGumtree,38,11,21,11,0,6,0,0,1207,3,0,0.7,,1000,,,,,3,,,
ClassicGumtree,38,11,21,11,0,6,0,0,1213,3,0,0.7,,1000,,,,,4,,,
ClassicGumtree,38,11,21,11,0,6,0,0,1207,3,0,0.7,,1000,,,,,5,,,
ClassicGumtree,38,11,21,11,0,6,0,0,1217,3,0,0.799,,1000,,,,,1,,,
ClassicGumtree,38,11,21,11,0,6,0,0,1173,3,0,0.799,,1000,,,,,2,,,
ClassicGumtree,38,11,21,11,0,6,0,0,1172,3,0,0.799,,1000,,,,,3,,,
ClassicGumtree,38,11,21,11,0,6,0,0,1174,3,0,0.799,,1000,,,,,4,,,
ClassicGumtree,38,11,21,11,0,6,0,0,587,3,0,0.799,,1000,,,,,5,,,
ClassicGumtree,38,11,21,11,0,6,0,0,1209,3,0,0.899,,1000,,,,,1,,,
ClassicGumtree,38,11,21,11,0,6,0,0,1177,3,0,0.899,,1000,,,,,2,,,
ClassicGumtree,38,11,21,11,0,6,0,0,588,3,0,0.899,,1000,,,,,3,,,
ClassicGumtree,38,11,21,11,0,6,0,0,588,3,0,0.899,,1000,,,,,4,,,
ClassicGumtree,38,11,21,11,0,6,0,0,588,3,0,0.899,,1000,,,,,5,,,
ClassicGumtree,38,11,21,11,0,6,0,0,588,3,0,0.999,,1000,,,,,1,,,
ClassicGumtree,38,11,21,11,0,6,0,0,591,3,0,0.999,,1000,,,,,2,,,
ClassicGumtree,38,11,21,11,0,6,0,0,588,3,0,0.999,,1000,,,,,3,,,
ClassicGumtree,38,11,21,11,0,6,0,0,587,3,0,0.999,,1000,,,,,4,,,
ClassicGumtree,38,11,21,11,0,6,0,0,587,3,0,0.999,,1000,,,,,5,,,
ClassicGumtree,38,11,21,11,0,6,0,0,1231,3,0,0.1,,1100,,,,,1,,,
ClassicGumtree,38,11,21,11,0,6,0,0,1231,3,0,0.1,,1100,,,,,2,,,
ClassicGumtree,38,11,21,11,0,6,0,0,1233,3,0,0.1,,1100,,,,,3,,,
ClassicGumtree,38,11,21,11,0,6,0,0,1231,3,0,0.1,,1100,,,,,4,,,
ClassicGumtree,38,11,21,11,0,6,0,0,1231,3,0,0.1,,1100,,,,,5,,,
ClassicGumtree,38,11,21,11,0,6,0,0,1234,3,0,0.2,,1100,,,,,1,,,
ClassicGumtree,38,11,21,11,0,6,0,0,1226,3,0,0.2,,1100,,,,,2,,,
ClassicGumtree,38,11,21,11,0,6,0,0,1236,3,0,0.2,,1100,,,,,3,,,
ClassicGumtree,38,11,21,11,0,6,0,0,1230,3,0,0.2,,1100,,,,,4,,,
ClassicGumtree,38,11,21,11,0,6,0,0,1232,3,0,0.2,,1100,,,,,5,,,
ClassicGumtree,38,11,21,11,0,6,0,0,1220,3,0,0.3,,1100,,,,,1,,,
ClassicGumtree,38,11,21,11,0,6,0,0,1220,3,0,0.3,,1100,,,,,2,,,
ClassicGumtree,38,11,21,11,0,6,0,0,1220,3,0,0.3,,1100,,,,,3,,,
ClassicGumtree,38,11,21,11,0,6,0,0,1218,3,0,0.3,,1100,,,,,4,,,
ClassicGumtree,38,11,21,11,0,6,0,0,1219,3,0,0.3,,1100,,,,,5,,,
ClassicGumtree,38,11,21,11,0,6,0,0,1220,3,0,0.4,,1100,,,,,1,,,
ClassicGumtree,38,11,21,11,0,6,0,0,1219,3,0,0.4,,1100,,,,,2,,,
ClassicGumtree,38,11,21,11,0,6,0,0,1221,3,0,0.4,,1100,,,,,3,,,
ClassicGumtree,38,11,21,11,0,6,0,0,1219,3,0,0.4,,1100,,,,,4,,,
ClassicGumtree,38,11,21,11,0,6,0,0,1221,3,0,0.4,,1100,,,,,5,,,
ClassicGumtree,38,11,21,11,0,6,0,0,1220,3,0,0.5,,1100,,,,,1,,,
ClassicGumtree,38,11,21,11,0,6,0,0,1219,3,0,0.5,,1100,,,,,2,,,
ClassicGumtree,38,11,21,11,0,6,0,0,1219,3,0,0.5,,1100,,,,,3,,,
ClassicGumtree,38,11,21,11,0,6,0,0,1222,3,0,0.5,,1100,,,,,4,,,
ClassicGumtree,38,11,21,11,0,6,0,0,1219,3,0,0.5,,1100,,,,,5,,,
ClassicGumtree,38,11,21,11,0,6,0,0,1218,3,0,0.6,,1100,,,,,1,,,
ClassicGumtree,38,11,21,11,0,6,0,0,1219,3,0,0.6,,1100,,,,,2,,,
ClassicGumtree,38,11,21,11,0,6,0,0,1219,3,0,0.6,,1100,,,,,3,,,
ClassicGumtree,38,11,21,11,0,6,0,0,1224,3,0,0.6,,1100,,,,,4,,,
ClassicGumtree,38,11,21,11,0,6,0,0,1208,3,0,0.6,,1100,,,,,5,,,
ClassicGumtree,38,11,21,11,0,6,0,0,1226,3,0,0.7,,1100,,,,,1,,,
ClassicGumtree,38,11,21,11,0,6,0,0,1225,3,0,0.7,,1100,,,,,2,,,
ClassicGumtree,38,11,21,11,0,6,0,0,1217,3,0,0.7,,1100,,,,,3,,,
ClassicGumtree,38,11,21,11,0,6,0,0,1214,3,0,0.7,,1100,,,,,4,,,
ClassicGumtree,38,11,21,11,0,6,0,0,1216,3,0,0.7,,1100,,,,,5,,,
ClassicGumtree,38,11,21,11,0,6,0,0,1226,3,0,0.799,,1100,,,,,1,,,
ClassicGumtree,38,11,21,11,0,6,0,0,1180,3,0,0.799,,1100,,,,,2,,,
ClassicGumtree,38,11,21,11,0,6,0,0,1179,3,0,0.799,,1100,,,,,3,,,
ClassicGumtree,38,11,21,11,0,6,0,0,1180,3,0,0.799,,1100,,,,,4,,,
ClassicGumtree,38,11,21,11,0,6,0,0,595,3,0,0.799,,1100,,,,,5,,,
ClassicGumtree,38,11,21,11,0,6,0,0,1207,3,0,0.899,,1100,,,,,1,,,
ClassicGumtree,38,11,21,11,0,6,0,0,1174,3,0,0.899,,1100,,,,,2,,,
ClassicGumtree,38,11,21,11,0,6,0,0,587,3,0,0.899,,1100,,,,,3,,,
ClassicGumtree,38,11,21,11,0,6,0,0,587,3,0,0.899,,1100,,,,,4,,,
ClassicGumtree,38,11,21,11,0,6,0,0,587,3,0,0.899,,1100,,,,,5,,,
ClassicGumtree,38,11,21,11,0,6,0,0,587,3,0,0.999,,1100,,,,,1,,,
ClassicGumtree,38,11,21,11,0,6,0,0,587,3,0,0.999,,1100,,,,,2,,,
ClassicGumtree,38,11,21,11,0,6,0,0,587,3,0,0.999,,1100,,,,,3,,,
ClassicGumtree,38,11,21,11,0,6,0,0,588,3,0,0.999,,1100,,,,,4,,,
ClassicGumtree,38,11,21,11,0,6,0,0,588,3,0,0.999,,1100,,,,,5,,,
ClassicGumtree,38,11,21,11,0,6,0,0,1219,3,0,0.1,,1200,,,,,1,,,
ClassicGumtree,38,11,21,11,0,6,0,0,1220,3,0,0.1,,1200,,,,,2,,,
ClassicGumtree,38,11,21,11,0,6,0,0,1218,3,0,0.1,,1200,,,,,3,,,
ClassicGumtree,38,11,21,11,0,6,0,0,1218,3,0,0.1,,1200,,,,,4,,,
ClassicGumtree,38,11,21,11,0,6,0,0,1218,3,0,0.1,,1200,,,,,5,,,
ClassicGumtree,38,11,21,11,0,6,0,0,1218,3,0,0.2,,1200,,,,,1,,,
ClassicGumtree,38,11,21,11,0,6,0,0,1218,3,0,0.2,,1200,,,,,2,,,
ClassicGumtree,38,11,21,11,0,6,0,0,1218,3,0,0.2,,1200,,,,,3,,,
ClassicGumtree,38,11,21,11,0,6,0,0,1220,3,0,0.2,,1200,,,,,4,,,
ClassicGumtree,38,11,21,11,0,6,0,0,1218,3,0,0.2,,1200,,,,,5,,,
ClassicGumtree,38,11,21,11,0,6,0,0,1219,3,0,0.3,,1200,,,,,1,,,
ClassicGumtree,38,11,21,11,0,6,0,0,1220,3,0,0.3,,1200,,,,,2,,,
ClassicGumtree,38,11,21,11,0,6,0,0,1219,3,0,0.3,,1200,,,,,3,,,
ClassicGumtree,38,11,21,11,0,6,0,0,1219,3,0,0.3,,1200,,,,,4,,,
ClassicGumtree,38,11,21,11,0,6,0,0,1218,3,0,0.3,,1200,,,,,5,,,
ClassicGumtree,38,11,21,11,0,6,0,0,1219,3,0,0.4,,1200,,,,,1,,,
ClassicGumtree,38,11,21,11,0,6,0,0,1220,3,0,0.4,,1200,,,,,2,,,
ClassicGumtree,38,11,21,11,0,6,0,0,1219,3,0,0.4,,1200,,,,,3,,,
ClassicGumtree,38,11,21,11,0,6,0,0,1219,3,0,0.4,,1200,,,,,4,,,
ClassicGumtree,38,11,21,11,0,6,0,0,1218,3,0,0.4,,1200,,,,,5,,,
ClassicGumtree,38,11,21,11,0,6,0,0,1226,3,0,0.5,,1200,,,,,1,,,
ClassicGumtree,38,11,21,11,0,6,0,0,1225,3,0,0.5,,1200,,,,,2,,,
ClassicGumtree,38,11,21,11,0,6,0,0,1226,3,0,0.5,,1200,,,,,3,,,
ClassicGumtree,38,11,21,11,0,6,0,0,1226,3,0,0.5,,1200,,,,,4,,,
ClassicGumtree,38,11,21,11,0,6,0,0,1226,3,0,0.5,,1200,,,,,5,,,
ClassicGumtree,38,11,21,11,0,6,0,0,1225,3,0,0.6,,1200,,,,,1,,,
ClassicGumtree,38,11,21,11,0,6,0,0,1232,3,0,0.6,,1200,,,,,2,,,
ClassicGumtree,38,11,21,11,0,6,0,0,1225,3,0,0.6,,1200,,,,,3,,,
ClassicGumtree,38,11,21,11,0,6,0,0,1226,3,0,0.6,,1200,,,,,4,,,
ClassicGumtree,38,11,21,11,0,6,0,0,1219,3,0,0.6,,1200,,,,,5,,,
ClassicGumtree,38,11,21,11,0,6,0,0,1218,3,0,0.7,,1200,,,,,1,,,
ClassicGumtree,38,11,21,11,0,6,0,0,1219,3,0,0.7,,1200,,,,,2,,,
ClassicGumtree,38,11,21,11,0,6,0,0,1209,3,0,0.7,,1200,,,,,3,,,
ClassicGumtree,38,11,21,11,0,6,0,0,1208,3,0,0.7,,1200,,,,,4,,,
ClassicGumtree,38,11,21,11,0,6,0,0,1208,3,0,0.7,,1200,,,,,5,,,
ClassicGumtree,38,11,21,11,0,6,0,0,1216,3,0,0.799,,1200,,,,,1,,,
ClassicGumtree,38,11,21,11,0,6,0,0,1171,3,0,0.799,,1200,,,,,2,,,
ClassicGumtree,38,11,21,11,0,6,0,0,1174,3,0,0.799,,1200,,,,,3,,,
ClassicGumtree,38,11,21,11,0,6,0,0,1171,3,0,0.799,,1200,,,,,4,,,
ClassicGumtree,38,11,21,11,0,6,0,0,587,3,0,0.799,,1200,,,,,5,,,
ClassicGumtree,38,11,21,11,0,6,0,0,1207,3,0,0.899,,1200,,,,,1,,,
ClassicGumtree,38,11,21,11,0,6,0,0,1174,3,0,0.899,,1200,,,,,2,,,
ClassicGumtree,38,11,21,11,0,6,0,0,586,3,0,0.899,,1200,,,,,3,,,
ClassicGumtree,38,11,21,11,0,6,0,0,587,3,0,0.899,,1200,,,,,4,,,
ClassicGumtree,38,11,21,11,0,6,0,0,586,3,0,0.899,,1200,,,,,5,,,
ClassicGumtree,38,11,21,11,0,6,0,0,586,3,0,0.999,,1200,,,,,1,,,
ClassicGumtree,38,11,21,11,0,6,0,0,586,3,0,0.999,,1200,,,,,2,,,
ClassicGumtree,38,11,21,11,0,6,0,0,587,3,0,0.999,,1200,,,,,3,,,
ClassicGumtree,38,11,21,11,0,6,0,0,592,3,0,0.999,,1200,,,,,4,,,
ClassicGumtree,38,11,21,11,0,6,0,0,588,3,0,0.999,,1200,,,,,5,,,
ClassicGumtree,38,11,21,11,0,6,0,0,1219,3,0,0.1,,1300,,,,,1,,,
ClassicGumtree,38,11,21,11,0,6,0,0,1220,3,0,0.1,,1300,,,,,2,,,
ClassicGumtree,38,11,21,11,0,6,0,0,1218,3,0,0.1,,1300,,,,,3,,,
ClassicGumtree,38,11,21,11,0,6,0,0,1217,3,0,0.1,,1300,,,,,4,,,
ClassicGumtree,38,11,21,11,0,6,0,0,1218,3,0,0.1,,1300,,,,,5,,,
ClassicGumtree,38,11,21,11,0,6,0,0,1226,3,0,0.2,,1300,,,,,1,,,
ClassicGumtree,38,11,21,11,0,6,0,0,1226,3,0,0.2,,1300,,,,,2,,,
ClassicGumtree,38,11,21,11,0,6,0,0,1228,3,0,0.2,,1300,,,,,3,,,
ClassicGumtree,38,11,21,11,0,6,0,0,1226,3,0,0.2,,1300,,,,,4,,,
ClassicGumtree,38,11,21,11,0,6,0,0,1228,3,0,0.2,,1300,,,,,5,,,
ClassicGumtree,38,11,21,11,0,6,0,0,1227,3,0,0.3,,1300,,,,,1,,,
ClassicGumtree,38,11,21,11,0,6,0,0,1226,3,0,0.3,,1300,,,,,2,,,
ClassicGumtree,38,11,21,11,0,6,0,0,1227,3,0,0.3,,1300,,,,,3,,,
ClassicGumtree,38,11,21,11,0,6,0,0,1227,3,0,0.3,,1300,,,,,4,,,
ClassicGumtree,38,11,21,11,0,6,0,0,1226,3,0,0.3,,1300,,,,,5,,,
ClassicGumtree,38,11,21,11,0,6,0,0,1217,3,0,0.4,,1300,,,,,1,,,
ClassicGumtree,38,11,21,11,0,6,0,0,1217,3,0,0.4,,1300,,,,,2,,,
ClassicGumtree,38,11,21,11,0,6,0,0,1217,3,0,0.4,,1300,,,,,3,,,
ClassicGumtree,38,11,21,11,0,6,0,0,1217,3,0,0.4,,1300,,,,,4,,,
ClassicGumtree,38,11,21,11,0,6,0,0,1218,3,0,0.4,,1300,,,,,5,,,
ClassicGumtree,38,11,21,11,0,6,0,0,1218,3,0,0.5,,1300,,,,,1,,,
ClassicGumtree,38,11,21,11,0,6,0,0,1219,3,0,0.5,,1300,,,,,2,,,
ClassicGumtree,38,11,21,11,0,6,0,0,1217,3,0,0.5,,1300,,,,,3,,,
ClassicGumtree,38,11,21,11,0,6,0,0,1218,3,0,0.5,,1300,,,,,4,,,
ClassicGumtree,38,11,21,11,0,6,0,0,1217,3,0,0.5,,1300,,,,,5,,,
ClassicGumtree,38,11,21,11,0,6,0,0,1220,3,0,0.6,,1300,,,,,1,,,
ClassicGumtree,38,11,21,11,0,6,0,0,1219,3,0,0.6,,1300,,,,,2,,,
ClassicGumtree,38,11,21,11,0,6,0,0,1220,3,0,0.6,,1300,,,,,3,,,
ClassicGumtree,38,11,21,11,0,6,0,0,1218,3,0,0.6,,1300,,,,,4,,,
ClassicGumtree,38,11,21,11,0,6,0,0,1209,3,0,0.6,,1300,,,,,5,,,
ClassicGumtree,38,11,21,11,0,6,0,0,1220,3,0,0.7,,1300,,,,,1,,,
ClassicGumtree,38,11,21,11,0,6,0,0,1219,3,0,0.7,,1300,,,,,2,,,
ClassicGumtree,38,11,21,11,0,6,0,0,1211,3,0,0.7,,1300,,,,,3,,,
ClassicGumtree,38,11,21,11,0,6,0,0,1211,3,0,0.7,,1300,,,,,4,,,
ClassicGumtree,38,11,21,11,0,6,0,0,1213,3,0,0.7,,1300,,,,,5,,,
ClassicGumtree,38,11,21,11,0,6,0,0,1222,3,0,0.799,,1300,,,,,1,,,
ClassicGumtree,38,11,21,11,0,6,0,0,1175,3,0,0.799,,1300,,,,,2,,,
ClassicGumtree,38,11,21,11,0,6,0,0,1177,3,0,0.799,,1300,,,,,3,,,
ClassicGumtree,38,11,21,11,0,6,0,0,1176,3,0,0.799,,1300,,,,,4,,,
ClassicGumtree,38,11,21,11,0,6,0,0,589,3,0,0.799,,1300,,,,,5,,,
ClassicGumtree,38,11,21,11,0,6,0,0,1221,3,0,0.899,,1300,,,,,1,,,
ClassicGumtree,38,11,21,11,0,6,0,0,1184,3,0,0.899,,1300,,,,,2,,,
ClassicGumtree,38,11,21,11,0,6,0,0,587,3,0,0.899,,1300,,,,,3,,,
ClassicGumtree,38,11,21,11,0,6,0,0,588,3,0,0.899,,1300,,,,,4,,,
ClassicGumtree,38,11,21,11,0,6,0,0,587,3,0,0.899,,1300,,,,,5,,,
ClassicGumtree,38,11,21,11,0,6,0,0,590,3,0,0.999,,1300,,,,,1,,,
ClassicGumtree,38,11,21,11,0,6,0,0,600,3,0,0.999,,1300,,,,,2,,,
ClassicGumtree,38,11,21,11,0,6,0,0,596,3,0,0.999,,1300,,,,,3,,,
ClassicGumtree,38,11,21,11,0,6,0,0,596,3,0,0.999,,1300,,,,,4,,,
ClassicGumtree,38,11,21,11,0,6,0,0,596,3,0,0.999,,1300,,,,,5,,,
ClassicGumtree,38,11,21,11,0,6,0,0,1231,3,0,0.1,,1400,,,,,1,,,
ClassicGumtree,38,11,21,11,0,6,0,0,1232,3,0,0.1,,1400,,,,,2,,,
ClassicGumtree,38,11,21,11,0,6,0,0,1231,3,0,0.1,,1400,,,,,3,,,
ClassicGumtree,38,11,21,11,0,6,0,0,1237,3,0,0.1,,1400,,,,,4,,,
ClassicGumtree,38,11,21,11,0,6,0,0,1225,3,0,0.1,,1400,,,,,5,,,
ClassicGumtree,38,11,21,11,0,6,0,0,1226,3,0,0.2,,1400,,,,,1,,,
ClassicGumtree,38,11,21,11,0,6,0,0,1226,3,0,0.2,,1400,,,,,2,,,
ClassicGumtree,38,11,21,11,0,6,0,0,1225,3,0,0.2,,1400,,,,,3,,,
ClassicGumtree,38,11,21,11,0,6,0,0,1228,3,0,0.2,,1400,,,,,4,,,
ClassicGumtree,38,11,21,11,0,6,0,0,1225,3,0,0.2,,1400,,,,,5,,,
ClassicGumtree,38,11,21,11,0,6,0,0,1222,3,0,0.3,,1400,,,,,1,,,
ClassicGumtree,38,11,21,11,0,6,0,0,1222,3,0,0.3,,1400,,,,,2,,,
ClassicGumtree,38,11,21,11,0,6,0,0,1221,3,0,0.3,,1400,,,,,3,,,
ClassicGumtree,38,11,21,11,0,6,0,0,1221,3,0,0.3,,1400,,,,,4,,,
ClassicGumtree,38,11,21,11,0,6,0,0,1219,3,0,0.3,,1400,,,,,5,,,
ClassicGumtree,38,11,21,11,0,6,0,0,1220,3,0,0.4,,1400,,,,,1,,,
ClassicGumtree,38,11,21,11,0,6,0,0,1220,3,0,0.4,,1400,,,,,2,,,
ClassicGumtree,38,11,21,11,0,6,0,0,1219,3,0,0.4,,1400,,,,,3,,,
ClassicGumtree,38,11,21,11,0,6,0,0,1221,3,0,0.4,,1400,,,,,4,,,
ClassicGumtree,38,11,21,11,0,6,0,0,1220,3,0,0.4,,1400,,,,,5,,,
ClassicGumtree,38,11,21,11,0,6,0,0,1218,3,0,0.5,,1400,,,,,1,,,
ClassicGumtree,38,11,21,11,0,6,0,0,1220,3,0,0.5,,1400,,,,,2,,,
ClassicGumtree,38,11,21,11,0,6,0,0,1219,3,0,0.5,,1400,,,,,3,,,
ClassicGumtree,38,11,21,11,0,6,0,0,1220,3,0,0.5,,1400,,,,,4,,,
ClassicGumtree,38,11,21,11,0,6,0,0,1219,3,0,0.5,,1400,,,,,5,,,
ClassicGumtree,38,11,21,11,0,6,0,0,1220,3,0,0.6,,1400,,,,,1,,,
ClassicGumtree,38,11,21,11,0,6,0,0,1225,3,0,0.6,,1400,,,,,2,,,
ClassicGumtree,38,11,21,11,0,6,0,0,1226,3,0,0.6,,1400,,,,,3,,,
ClassicGumtree,38,11,21,11,0,6,0,0,1226,3,0,0.6,,1400,,,,,4,,,
ClassicGumtree,38,11,21,11,0,6,0,0,1216,3,0,0.6,,1400,,,,,5,,,
ClassicGumtree,38,11,21,11,0,6,0,0,1227,3,0,0.7,,1400,,,,,1,,,
ClassicGumtree,38,11,21,11,0,6,0,0,1225,3,0,0.7,,1400,,,,,2,,,
ClassicGumtree,38,11,21,11,0,6,0,0,1214,3,0,0.7,,1400,,,,,3,,,
ClassicGumtree,38,11,21,11,0,6,0,0,1214,3,0,0.7,,1400,,,,,4,,,
ClassicGumtree,38,11,21,11,0,6,0,0,1215,3,0,0.7,,1400,,,,,5,,,
ClassicGumtree,38,11,21,11,0,6,0,0,1225,3,0,0.799,,1400,,,,,1,,,
ClassicGumtree,38,11,21,11,0,6,0,0,1181,3,0,0.799,,1400,,,,,2,,,
ClassicGumtree,38,11,21,11,0,6,0,0,1173,3,0,0.799,,1400,,,,,3,,,
ClassicGumtree,38,11,21,11,0,6,0,0,1172,3,0,0.799,,1400,,,,,4,,,
ClassicGumtree,38,11,21,11,0,6,0,0,587,3,0,0.799,,1400,,,,,5,,,
ClassicGumtree,38,11,21,11,0,6,0,0,1210,3,0,0.899,,1400,,,,,1,,,
ClassicGumtree,38,11,21,11,0,6,0,0,1180,3,0,0.899,,1400,,,,,2,,,
ClassicGumtree,38,11,21,11,0,6,0,0,590,3,0,0.899,,1400,,,,,3,,,
ClassicGumtree,38,11,21,11,0,6,0,0,587,3,0,0.899,,1400,,,,,4,,,
ClassicGumtree,38,11,21,11,0,6,0,0,587,3,0,0.899,,1400,,,,,5,,,
ClassicGumtree,38,11,21,11,0,6,0,0,587,3,0,0.999,,1400,,,,,1,,,
ClassicGumtree,38,11,21,11,0,6,0,0,587,3,0,0.999,,1400,,,,,2,,,
ClassicGumtree,38,11,21,11,0,6,0,0,587,3,0,0.999,,1400,,,,,3,,,
ClassicGumtree,38,11,21,11,0,6,0,0,588,3,0,0.999,,1400,,,,,4,,,
ClassicGumtree,38,11,21,11,0,6,0,0,588,3,0,0.999,,1400,,,,,5,,,
ClassicGumtree,38,11,21,11,0,6,0,0,1220,3,0,0.1,,1500,,,,,1,,,
ClassicGumtree,38,11,21,11,0,6,0,0,1222,3,0,0.1,,1500,,,,,2,,,
ClassicGumtree,38,11,21,11,0,6,0,0,1219,3,0,0.1,,1500,,,,,3,,,
ClassicGumtree,38,11,21,11,0,6,0,0,1219,3,0,0.1,,1500,,,,,4,,,
ClassicGumtree,38,11,21,11,0,6,0,0,1221,3,0,0.1,,1500,,,,,5,,,
ClassicGumtree,38,11,21,11,0,6,0,0,1220,3,0,0.2,,1500,,,,,1,,,
ClassicGumtree,38,11,21,11,0,6,0,0,1220,3,0,0.2,,1500,,,,,2,,,
ClassicGumtree,38,11,21,11,0,6,0,0,1219,3,0,0.2,,1500,,,,,3,,,
ClassicGumtree,38,11,21,11,0,6,0,0,1219,3,0,0.2,,1500,,,,,4,,,
ClassicGumtree,38,11,21,11,0,6,0,0,1218,3,0,0.2,,1500,,,,,5,,,
ClassicGumtree,38,11,21,11,0,6,0,0,1220,3,0,0.3,,1500,,,,,1,,,
ClassicGumtree,38,11,21,11,0,6,0,0,1218,3,0,0.3,,1500,,,,,2,,,
ClassicGumtree,38,11,21,11,0,6,0,0,1219,3,0,0.3,,1500,,,,,3,,,
ClassicGumtree,38,11,21,11,0,6,0,0,1227,3,0,0.3,,1500,,,,,4,,,
ClassicGumtree,38,11,21,11,0,6,0,0,1225,3,0,0.3,,1500,,,,,5,,,
ClassicGumtree,38,11,21,11,0,6,0,0,1227,3,0,0.4,,1500,,,,,1,,,
ClassicGumtree,38,11,21,11,0,6,0,0,1225,3,0,0.4,,1500,,,,,2,,,
ClassicGumtree,38,11,21,11,0,6,0,0,1225,3,0,0.4,,1500,,,,,3,,,
ClassicGumtree,38,11,21,11,0,6,0,0,1227,3,0,0.4,,1500,,,,,4,,,
ClassicGumtree,38,11,21,11,0,6,0,0,1226,3,0,0.4,,1500,,,,,5,,,
ClassicGumtree,38,11,21,11,0,6,0,0,1226,3,0,0.5,,1500,,,,,1,,,
ClassicGumtree,38,11,21,11,0,6,0,0,1227,3,0,0.5,,1500,,,,,2,,,
ClassicGumtree,38,11,21,11,0,6,0,0,1230,3,0,0.5,,1500,,,,,3,,,
ClassicGumtree,38,11,21,11,0,6,0,0,1218,3,0,0.5,,1500,,,,,4,,,
ClassicGumtree,38,11,21,11,0,6,0,0,1219,3,0,0.5,,1500,,,,,5,,,
ClassicGumtree,38,11,21,11,0,6,0,0,1223,3,0,0.6,,1500,,,,,1,,,
ClassicGumtree,38,11,21,11,0,6,0,0,1217,3,0,0.6,,1500,,,,,2,,,
ClassicGumtree,38,11,21,11,0,6,0,0,1218,3,0,0.6,,1500,,,,,3,,,
ClassicGumtree,38,11,21,11,0,6,0,0,1219,3,0,0.6,,1500,,,,,4,,,
ClassicGumtree,38,11,21,11,0,6,0,0,1207,3,0,0.6,,1500,,,,,5,,,
ClassicGumtree,38,11,21,11,0,6,0,0,1221,3,0,0.7,,1500,,,,,1,,,
ClassicGumtree,38,11,21,11,0,6,0,0,1219,3,0,0.7,,1500,,,,,2,,,
ClassicGumtree,38,11,21,11,0,6,0,0,1210,3,0,0.7,,1500,,,,,3,,,
ClassicGumtree,38,11,21,11,0,6,0,0,1213,3,0,0.7,,1500,,,,,4,,,
ClassicGumtree,38,11,21,11,0,6,0,0,1212,3,0,0.7,,1500,,,,,5,,,
ClassicGumtree,38,11,21,11,0,6,0,0,1220,3,0,0.799,,1500,,,,,1,,,
ClassicGumtree,38,11,21,11,0,6,0,0,1174,3,0,0.799,,1500,,,,,2,,,
ClassicGumtree,38,11,21,11,0,6,0,0,1173,3,0,0.799,,1500,,,,,3,,,
ClassicGumtree,38,11,21,11,0,6,0,0,1176,3,0,0.799,,1500,,,,,4,,,
ClassicGumtree,38,11,21,11,0,6,0,0,589,3,0,0.799,,1500,,,,,5,,,
ClassicGumtree,38,11,21,11,0,6,0,0,1209,3,0,0.899,,1500,,,,,1,,,
ClassicGumtree,38,11,21,11,0,6,0,0,1174,3,0,0.899,,1500,,,,,2,,,
ClassicGumtree,38,11,21,11,0,6,0,0,589,3,0,0.899,,1500,,,,,3,,,
ClassicGumtree,38,11,21,11,0,6,0,0,589,3,0,0.899,,1500,,,,,4,,,
ClassicGumtree,38,11,21,11,0,6,0,0,589,3,0,0.899,,1500,,,,,5,,,
ClassicGumtree,38,11,21,11,0,6,0,0,588,3,0,0.999,,1500,,,,,1,,,
ClassicGumtree,38,11,21,11,0,6,0,0,590,3,0,0.999,,1500,,,,,2,,,
ClassicGumtree,38,11,21,11,0,6,0,0,588,3,0,0.999,,1500,,,,,3,,,
ClassicGumtree,38,11,21,11,0,6,0,0,589,3,0,0.999,,1500,,,,,4,,,
ClassicGumtree,38,11,21,11,0,6,0,0,589,3,0,0.999,,1500,,,,,5,,,
ClassicGumtree,38,11,21,11,0,6,0,0,1225,3,0,0.1,,1600,,,,,1,,,
ClassicGumtree,38,11,21,11,0,6,0,0,1225,3,0,0.1,,1600,,,,,2,,,
ClassicGumtree,38,11,21,11,0,6,0,0,1226,3,0,0.1,,1600,,,,,3,,,
ClassicGumtree,38,11,21,11,0,6,0,0,1231,3,0,0.1,,1600,,,,,4,,,
ClassicGumtree,38,11,21,11,0,6,0,0,1225,3,0,0.1,,1600,,,,,5,,,
ClassicGumtree,38,11,21,11,0,6,0,0,1228,3,0,0.2,,1600,,,,,1,,,
ClassicGumtree,38,11,21,11,0,6,0,0,1225,3,0,0.2,,1600,,,,,2,,,
ClassicGumtree,38,11,21,11,0,6,0,0,1227,3,0,0.2,,1600,,,,,3,,,
ClassicGumtree,38,11,21,11,0,6,0,0,1224,3,0,0.2,,1600,,,,,4,,,
ClassicGumtree,38,11,21,11,0,6,0,0,1226,3,0,0.2,,1600,,,,,5,,,
ClassicGumtree,38,11,21,11,0,6,0,0,1218,3,0,0.3,,1600,,,,,1,,,
ClassicGumtree,38,11,21,11,0,6,0,0,1217,3,0,0.3,,1600,,,,,2,,,
ClassicGumtree,38,11,21,11,0,6,0,0,1216,3,0,0.3,,1600,,,,,3,,,
ClassicGumtree,38,11,21,11,0,6,0,0,1216,3,0,0.3,,1600,,,,,4,,,
ClassicGumtree,38,11,21,11,0,6,0,0,1218,3,0,0.3,,1600,,,,,5,,,
ClassicGumtree,38,11,21,11,0,6,0,0,1218,3,0,0.4,,1600,,,,,1,,,
ClassicGumtree,38,11,21,11,0,6,0,0,1216,3,0,0.4,,1600,,,,,2,,,
ClassicGumtree,38,11,21,11,0,6,0,0,1217,3,0,0.4,,1600,,,,,3,,,
ClassicGumtree,38,11,21,11,0,6,0,0,1218,3,0,0.4,,1600,,,,,4,,,
ClassicGumtree,38,11,21,11,0,6,0,0,1218,3,0,0.4,,1600,,,,,5,,,
ClassicGumtree,38,11,21,11,0,6,0,0,1219,3,0,0.5,,1600,,,,,1,,,
ClassicGumtree,38,11,21,11,0,6,0,0,1224,3,0,0.5,,1600,,,,,2,,,
ClassicGumtree,38,11,21,11,0,6,0,0,1219,3,0,0.5,,1600,,,,,3,,,
ClassicGumtree,38,11,21,11,0,6,0,0,1221,3,0,0.5,,1600,,,,,4,,,
ClassicGumtree,38,11,21,11,0,6,0,0,1218,3,0,0.5,,1600,,,,,5,,,
ClassicGumtree,38,11,21,11,0,6,0,0,1223,3,0,0.6,,1600,,,,,1,,,
ClassicGumtree,38,11,21,11,0,6,0,0,1218,3,0,0.6,,1600,,,,,2,,,
ClassicGumtree,38,11,21,11,0,6,0,0,1219,3,0,0.6,,1600,,,,,3,,,
ClassicGumtree,38,11,21,11,0,6,0,0,1220,3,0,0.6,,1600,,,,,4,,,
ClassicGumtree,38,11,21,11,0,6,0,0,1207,3,0,0.6,,1600,,,,,5,,,
ClassicGumtree,38,11,21,11,0,6,0,0,1218,3,0,0.7,,1600,,,,,1,,,
ClassicGumtree,38,11,21,11,0,6,0,0,1217,3,0,0.7,,1600,,,,,2,,,
ClassicGumtree,38,11,21,11,0,6,0,0,1216,3,0,0.7,,1600,,,,,3,,,
ClassicGumtree,38,11,21,11,0,6,0,0,1215,3,0,0.7,,1600,,,,,4,,,
ClassicGumtree,38,11,21,11,0,6,0,0,1215,3,0,0.7,,1600,,,,,5,,,
ClassicGumtree,38,11,21,11,0,6,0,0,1224,3,0,0.799,,1600,,,,,1,,,
ClassicGumtree,38,11,21,11,0,6,0,0,1180,3,0,0.799,,1600,,,,,2,,,
ClassicGumtree,38,11,21,11,0,6,0,0,1180,3,0,0.799,,1600,,,,,3,,,
ClassicGumtree,38,11,21,11,0,6,0,0,1179,3,0,0.799,,1600,,,,,4,,,
ClassicGumtree,38,11,21,11,0,6,0,0,587,3,0,0.799,,1600,,,,,5,,,
ClassicGumtree,38,11,21,11,0,6,0,0,1214,3,0,0.899,,1600,,,,,1,,,
ClassicGumtree,38,11,21,11,0,6,0,0,1178,3,0,0.899,,1600,,,,,2,,,
ClassicGumtree,38,11,21,11,0,6,0,0,594,3,0,0.899,,1600,,,,,3,,,
ClassicGumtree,38,11,21,11,0,6,0,0,587,3,0,0.899,,1600,,,,,4,,,
ClassicGumtree,38,11,21,11,0,6,0,0,586,3,0,0.899,,1600,,,,,5,,,
ClassicGumtree,38,11,21,11,0,6,0,0,586,3,0,0.999,,1600,,,,,1,,,
ClassicGumtree,38,11,21,11,0,6,0,0,586,3,0,0.999,,1600,,,,,2,,,
ClassicGumtree,38,11,21,11,0,6,0,0,585,3,0,0.999,,1600,,,,,3,,,
ClassicGumtree,38,11,21,11,0,6,0,0,587,3,0,0.999,,1600,,,,,4,,,
ClassicGumtree,38,11,21,11,0,6,0,0,586,3,0,0.999,,1600,,,,,5,,,
ClassicGumtree,38,11,21,11,0,6,0,0,1219,3,0,0.1,,1700,,,,,1,,,
ClassicGumtree,38,11,21,11,0,6,0,0,1221,3,0,0.1,,1700,,,,,2,,,
ClassicGumtree,38,11,21,11,0,6,0,0,1220,3,0,0.1,,1700,,,,,3,,,
ClassicGumtree,38,11,21,11,0,6,0,0,1219,3,0,0.1,,1700,,,,,4,,,
ClassicGumtree,38,11,21,11,0,6,0,0,1220,3,0,0.1,,1700,,,,,5,,,
ClassicGumtree,38,11,21,11,0,6,0,0,1221,3,0,0.2,,1700,,,,,1,,,
ClassicGumtree,38,11,21,11,0,6,0,0,1222,3,0,0.2,,1700,,,,,2,,,
ClassicGumtree,38,11,21,11,0,6,0,0,1220,3,0,0.2,,1700,,,,,3,,,
ClassicGumtree,38,11,21,11,0,6,0,0,1220,3,0,0.2,,1700,,,,,4,,,
ClassicGumtree,38,11,21,11,0,6,0,0,1219,3,0,0.2,,1700,,,,,5,,,
ClassicGumtree,38,11,21,11,0,6,0,0,1219,3,0,0.3,,1700,,,,,1,,,
ClassicGumtree,38,11,21,11,0,6,0,0,1220,3,0,0.3,,1700,,,,,2,,,
ClassicGumtree,38,11,21,11,0,6,0,0,1218,3,0,0.3,,1700,,,,,3,,,
ClassicGumtree,38,11,21,11,0,6,0,0,1219,3,0,0.3,,1700,,,,,4,,,
ClassicGumtree,38,11,21,11,0,6,0,0,1218,3,0,0.3,,1700,,,,,5,,,
ClassicGumtree,38,11,21,11,0,6,0,0,1218,3,0,0.4,,1700,,,,,1,,,
ClassicGumtree,38,11,21,11,0,6,0,0,1218,3,0,0.4,,1700,,,,,2,,,
ClassicGumtree,38,11,21,11,0,6,0,0,1217,3,0,0.4,,1700,,,,,3,,,
ClassicGumtree,38,11,21,11,0,6,0,0,1218,3,0,0.4,,1700,,,,,4,,,
ClassicGumtree,38,11,21,11,0,6,0,0,1218,3,0,0.4,,1700,,,,,5,,,
ClassicGumtree,38,11,21,11,0,6,0,0,1227,3,0,0.5,,1700,,,,,1,,,
ClassicGumtree,38,11,21,11,0,6,0,0,1230,3,0,0.5,,1700,,,,,2,,,
ClassicGumtree,38,11,21,11,0,6,0,0,1227,3,0,0.5,,1700,,,,,3,,,
ClassicGumtree,38,11,21,11,0,6,0,0,1227,3,0,0.5,,1700,,,,,4,,,
ClassicGumtree,38,11,21,11,0,6,0,0,1227,3,0,0.5,,1700,,,,,5,,,
ClassicGumtree,38,11,21,11,0,6,0,0,1229,3,0,0.6,,1700,,,,,1,,,
ClassicGumtree,38,11,21,11,0,6,0,0,1229,3,0,0.6,,1700,,,,,2,,,
ClassicGumtree,38,11,21,11,0,6,0,0,1227,3,0,0.6,,1700,,,,,3,,,
ClassicGumtree,38,11,21,11,0,6,0,0,1226,3,0,0.6,,1700,,,,,4,,,
ClassicGumtree,38,11,21,11,0,6,0,0,1217,3,0,0.6,,1700,,,,,5,,,
ClassicGumtree,38,11,21,11,0,6,0,0,1219,3,0,0.7,,1700,,,,,1,,,
ClassicGumtree,38,11,21,11,0,6,0,0,1218,3,0,0.7,,1700,,,,,2,,,
ClassicGumtree,38,11,21,11,0,6,0,0,1211,3,0,0.7,,1700,,,,,3,,,
ClassicGumtree,38,11,21,11,0,6,0,0,1208,3,0,0.7,,1700,,,,,4,,,
ClassicGumtree,38,11,21,11,0,6,0,0,1208,3,0,0.7,,1700,,,,,5,,,
ClassicGumtree,38,11,21,11,0,6,0,0,1218,3,0,0.799,,1700,,,,,1,,,
ClassicGumtree,38,11,21,11,0,6,0,0,1173,3,0,0.799,,1700,,,,,2,,,
ClassicGumtree,38,11,21,11,0,6,0,0,1172,3,0,0.799,,1700,,,,,3,,,
ClassicGumtree,38,11,21,11,0,6,0,0,1172,3,0,0.799,,1700,,,,,4,,,
ClassicGumtree,38,11,21,11,0,6,0,0,586,3,0,0.799,,1700,,,,,5,,,
ClassicGumtree,38,11,21,11,0,6,0,0,1207,3,0,0.899,,1700,,,,,1,,,
ClassicGumtree,38,11,21,11,0,6,0,0,1173,3,0,0.899,,1700,,,,,2,,,
ClassicGumtree,38,11,21,11,0,6,0,0,587,3,0,0.899,,1700,,,,,3,,,
ClassicGumtree,38,11,21,11,0,6,0,0,588,3,0,0.899,,1700,,,,,4,,,
ClassicGumtree,38,11,21,11,0,6,0,0,586,3,0,0.899,,1700,,,,,5,,,
ClassicGumtree,38,11,21,11,0,6,0,0,586,3,0,0.999,,1700,,,,,1,,,
ClassicGumtree,38,11,21,11,0,6,0,0,587,3,0,0.999,,1700,,,,,2,,,
ClassicGumtree,38,11,21,11,0,6,0,0,587,3,0,0.999,,1700,,,,,3,,,
ClassicGumtree,38,11,21,11,0,6,0,0,587,3,0,0.999,,1700,,,,,4,,,
ClassicGumtree,38,11,21,11,0,6,0,0,587,3,0,0.999,,1700,,,,,5,,,
ClassicGumtree,38,11,21,11,0,6,0,0,1221,3,0,0.1,,1800,,,,,1,,,
ClassicGumtree,38,11,21,11,0,6,0,0,1219,3,0,0.1,,1800,,,,,2,,,
ClassicGumtree,38,11,21,11,0,6,0,0,1219,3,0,0.1,,1800,,,,,3,,,
ClassicGumtree,38,11,21,11,0,6,0,0,1219,3,0,0.1,,1800,,,,,4,,,
ClassicGumtree,38,11,21,11,0,6,0,0,1219,3,0,0.1,,1800,,,,,5,,,
ClassicGumtree,38,11,21,11,0,6,0,0,1219,3,0,0.2,,1800,,,,,1,,,
ClassicGumtree,38,11,21,11,0,6,0,0,1218,3,0,0.2,,1800,,,,,2,,,
ClassicGumtree,38,11,21,11,0,6,0,0,1218,3,0,0.2,,1800,,,,,3,,,
ClassicGumtree,38,11,21,11,0,6,0,0,1220,3,0,0.2,,1800,,,,,4,,,
ClassicGumtree,38,11,21,11,0,6,0,0,1218,3,0,0.2,,1800,,,,,5,,,
ClassicGumtree,38,11,21,11,0,6,0,0,1226,3,0,0.3,,1800,,,,,1,,,
ClassicGumtree,38,11,21,11,0,6,0,0,1227,3,0,0.3,,1800,,,,,2,,,
ClassicGumtree,38,11,21,11,0,6,0,0,1227,3,0,0.3,,1800,,,,,3,,,
ClassicGumtree,38,11,21,11,0,6,0,0,1224,3,0,0.3,,1800,,,,,4,,,
ClassicGumtree,38,11,21,11,0,6,0,0,1225,3,0,0.3,,1800,,,,,5,,,
ClassicGumtree,38,11,21,11,0,6,0,0,1225,3,0,0.4,,1800,,,,,1,,,
ClassicGumtree,38,11,21,11,0,6,0,0,1225,3,0,0.4,,1800,,,,,2,,,
ClassicGumtree,38,11,21,11,0,6,0,0,1229,3,0,0.4,,1800,,,,,3,,,
ClassicGumtree,38,11,21,11,0,6,0,0,1226,3,0,0.4,,1800,,,,,4,,,
ClassicGumtree,38,11,21,11,0,6,0,0,1226,3,0,0.4,,1800,,,,,5,,,
ClassicGumtree,38,11,21,11,0,6,0,0,1224,3,0,0.5,,1800,,,,,1,,,
ClassicGumtree,38,11,21,11,0,6,0,0,1222,3,0,0.5,,1800,,,,,2,,,
ClassicGumtree,38,11,21,11,0,6,0,0,1222,3,0,0.5,,1800,,,,,3,,,
ClassicGumtree,38,11,21,11,0,6,0,0,1222,3,0,0.5,,1800,,,,,4,,,
ClassicGumtree,38,11,21,11,0,6,0,0,1224,3,0,0.5,,1800,,,,,5,,,
ClassicGumtree,38,11,21,11,0,6,0,0,1226,3,0,0.6,,1800,,,,,1,,,
ClassicGumtree,38,11,21,11,0,6,0,0,1225,3,0,0.6,,1800,,,,,2,,,
ClassicGumtree,38,11,21,11,0,6,0,0,1228,3,0,0.6,,1800,,,,,3,,,
ClassicGumtree,38,11,21,11,0,6,0,0,1223,3,0,0.6,,1800,,,,,4,,,
ClassicGumtree,38,11,21,11,0,6,0,0,1215,3,0,0.6,,1800,,,,,5,,,
ClassicGumtree,38,11,21,11,0,6,0,0,1230,3,0,0.7,,1800,,,,,1,,,
ClassicGumtree,38,11,21,11,0,6,0,0,1229,3,0,0.7,,1800,,,,,2,,,
ClassicGumtree,38,11,21,11,0,6,0,0,1219,3,0,0.7,,1800,,,,,3,,,
ClassicGumtree,38,11,21,11,0,6,0,0,1219,3,0,0.7,,1800,,,,,4,,,
ClassicGumtree,38,11,21,11,0,6,0,0,1218,3,0,0.7,,1800,,,,,5,,,
ClassicGumtree,38,11,21,11,0,6,0,0,1228,3,0,0.799,,1800,,,,,1,,,
ClassicGumtree,38,11,21,11,0,6,0,0,1182,3,0,0.799,,1800,,,,,2,,,
ClassicGumtree,38,11,21,11,0,6,0,0,1187,3,0,0.799,,1800,,,,,3,,,
ClassicGumtree,38,11,21,11,0,6,0,0,1182,3,0,0.799,,1800,,,,,4,,,
ClassicGumtree,38,11,21,11,0,6,0,0,594,3,0,0.799,,1800,,,,,5,,,
ClassicGumtree,38,11,21,11,0,6,0,0,1209,3,0,0.899,,1800,,,,,1,,,
ClassicGumtree,38,11,21,11,0,6,0,0,1181,3,0,0.899,,1800,,,,,2,,,
ClassicGumtree,38,11,21,11,0,6,0,0,586,3,0,0.899,,1800,,,,,3,,,
ClassicGumtree,38,11,21,11,0,6,0,0,588,3,0,0.899,,1800,,,,,4,,,
ClassicGumtree,38,11,21,11,0,6,0,0,587,3,0,0.899,,1800,,,,,5,,,
ClassicGumtree,38,11,21,11,0,6,0,0,587,3,0,0.999,,1800,,,,,1,,,
ClassicGumtree,38,11,21,11,0,6,0,0,588,3,0,0.999,,1800,,,,,2,,,
ClassicGumtree,38,11,21,11,0,6,0,0,586,3,0,0.999,,1800,,,,,3,,,
ClassicGumtree,38,11,21,11,0,6,0,0,587,3,0,0.999,,1800,,,,,4,,,
ClassicGumtree,38,11,21,11,0,6,0,0,587,3,0,0.999,,1800,,,,,5,,,
ClassicGumtree,38,11,21,11,0,6,0,0,1229,3,0,0.1,,1900,,,,,1,,,
ClassicGumtree,38,11,21,11,0,6,0,0,1227,3,0,0.1,,1900,,,,,2,,,
ClassicGumtree,38,11,21,11,0,6,0,0,1228,3,0,0.1,,1900,,,,,3,,,
ClassicGumtree,38,11,21,11,0,6,0,0,1228,3,0,0.1,,1900,,,,,4,,,
ClassicGumtree,38,11,21,11,0,6,0,0,1227,3,0,0.1,,1900,,,,,5,,,
ClassicGumtree,38,11,21,11,0,6,0,0,1229,3,0,0.2,,1900,,,,,1,,,
ClassicGumtree,38,11,21,11,0,6,0,0,1227,3,0,0.2,,1900,,,,,2,,,
ClassicGumtree,38,11,21,11,0,6,0,0,1228,3,0,0.2,,1900,,,,,3,,,
ClassicGumtree,38,11,21,11,0,6,0,0,1228,3,0,0.2,,1900,,,,,4,,,
ClassicGumtree,38,11,21,11,0,6,0,0,1222,3,0,0.2,,1900,,,,,5,,,
ClassicGumtree,38,11,21,11,0,6,0,0,1219,3,0,0.3,,1900,,,,,1,,,
ClassicGumtree,38,11,21,11,0,6,0,0,1222,3,0,0.3,,1900,,,,,2,,,
ClassicGumtree,38,11,21,11,0,6,0,0,1219,3,0,0.3,,1900,,,,,3,,,
ClassicGumtree,38,11,21,11,0,6,0,0,1218,3,0,0.3,,1900,,,,,4,,,
ClassicGumtree,38,11,21,11,0,6,0,0,1220,3,0,0.3,,1900,,,,,5,,,
ClassicGumtree,38,11,21,11,0,6,0,0,1220,3,0,0.4,,1900,,,,,1,,,
ClassicGumtree,38,11,21,11,0,6,0,0,1224,3,0,0.4,,1900,,,,,2,,,
ClassicGumtree,38,11,21,11,0,6,0,0,1218,3,0,0.4,,1900,,,,,3,,,
ClassicGumtree,38,11,21,11,0,6,0,0,1218,3,0,0.4,,1900,,,,,4,,,
ClassicGumtree,38,11,21,11,0,6,0,0,1219,3,0,0.4,,1900,,,,,5,,,
ClassicGumtree,38,11,21,11,0,6,0,0,1220,3,0,0.5,,1900,,,,,1,,,
ClassicGumtree,38,11,21,11,0,6,0,0,1221,3,0,0.5,,1900,,,,,2,,,
ClassicGumtree,38,11,21,11,0,6,0,0,1221,3,0,0.5,,1900,,,,,3,,,
ClassicGumtree,38,11,21,11,0,6,0,0,1219,3,0,0.5,,1900,,,,,4,,,
ClassicGumtree,38,11,21,11,0,6,0,0,1230,3,0,0.5,,1900,,,,,5,,,
ClassicGumtree,38,11,21,11,0,6,0,0,1219,3,0,0.6,,1900,,,,,1,,,
ClassicGumtree,38,11,21,11,0,6,0,0,1222,3,0,0.6,,1900,,,,,2,,,
ClassicGumtree,38,11,21,11,0,6,0,0,1222,3,0,0.6,,1900,,,,,3,,,
ClassicGumtree,38,11,21,11,0,6,0,0,1220,3,0,0.6,,1900,,,,,4,,,
ClassicGumtree,38,11,21,11,0,6,0,0,1210,3,0,0.6,,1900,,,,,5,,,
ClassicGumtree,38,11,21,11,0,6,0,0,1225,3,0,0.7,,1900,,,,,1,,,
ClassicGumtree,38,11,21,11,0,6,0,0,1226,3,0,0.7,,1900,,,,,2,,,
ClassicGumtree,38,11,21,11,0,6,0,0,1217,3,0,0.7,,1900,,,,,3,,,
ClassicGumtree,38,11,21,11,0,6,0,0,1215,3,0,0.7,,1900,,,,,4,,,
ClassicGumtree,38,11,21,11,0,6,0,0,1216,3,0,0.7,,1900,,,,,5,,,
ClassicGumtree,38,11,21,11,0,6,0,0,1225,3,0,0.799,,1900,,,,,1,,,
ClassicGumtree,38,11,21,11,0,6,0,0,1180,3,0,0.799,,1900,,,,,2,,,
ClassicGumtree,38,11,21,11,0,6,0,0,1180,3,0,0.799,,1900,,,,,3,,,
ClassicGumtree,38,11,21,11,0,6,0,0,1180,3,0,0.799,,1900,,,,,4,,,
ClassicGumtree,38,11,21,11,0,6,0,0,595,3,0,0.799,,1900,,,,,5,,,
ClassicGumtree,38,11,21,11,0,6,0,0,1206,3,0,0.899,,1900,,,,,1,,,
ClassicGumtree,38,11,21,11,0,6,0,0,1172,3,0,0.899,,1900,,,,,2,,,
ClassicGumtree,38,11,21,11,0,6,0,0,587,3,0,0.899,,1900,,,,,3,,,
ClassicGumtree,38,11,21,11,0,6,0,0,586,3,0,0.899,,1900,,,,,4,,,
ClassicGumtree,38,11,21,11,0,6,0,0,586,3,0,0.899,,1900,,,,,5,,,
ClassicGumtree,38,11,21,11,0,6,0,0,588,3,0,0.999,,1900,,,,,1,,,
ClassicGumtree,38,11,21,11,0,6,0,0,586,3,0,0.999,,1900,,,,,2,,,
ClassicGumtree,38,11,21,11,0,6,0,0,586,3,0,0.999,,1900,,,,,3,,,
ClassicGumtree,38,11,21,11,0,6,0,0,585,3,0,0.999,,1900,,,,,4,,,
ClassicGumtree,38,11,21,11,0,6,0,0,586,3,0,0.999,,1900,,,,,5,,,
ClassicGumtree,38,11,21,11,0,6,0,0,1216,3,0,0.1,,2000,,,,,1,,,
ClassicGumtree,38,11,21,11,0,6,0,0,1217,3,0,0.1,,2000,,,,,2,,,
ClassicGumtree,38,11,21,11,0,6,0,0,1217,3,0,0.1,,2000,,,,,3,,,
ClassicGumtree,38,11,21,11,0,6,0,0,1217,3,0,0.1,,2000,,,,,4,,,
ClassicGumtree,38,11,21,11,0,6,0,0,1217,3,0,0.1,,2000,,,,,5,,,
ClassicGumtree,38,11,21,11,0,6,0,0,1217,3,0,0.2,,2000,,,,,1,,,
ClassicGumtree,38,11,21,11,0,6,0,0,1219,3,0,0.2,,2000,,,,,2,,,
ClassicGumtree,38,11,21,11,0,6,0,0,1217,3,0,0.2,,2000,,,,,3,,,
ClassicGumtree,38,11,21,11,0,6,0,0,1218,3,0,0.2,,2000,,,,,4,,,
ClassicGumtree,38,11,21,11,0,6,0,0,1218,3,0,0.2,,2000,,,,,5,,,
ClassicGumtree,38,11,21,11,0,6,0,0,1219,3,0,0.3,,2000,,,,,1,,,
ClassicGumtree,38,11,21,11,0,6,0,0,1219,3,0,0.3,,2000,,,,,2,,,
ClassicGumtree,38,11,21,11,0,6,0,0,1218,3,0,0.3,,2000,,,,,3,,,
ClassicGumtree,38,11,21,11,0,6,0,0,1220,3,0,0.3,,2000,,,,,4,,,
ClassicGumtree,38,11,21,11,0,6,0,0,1218,3,0,0.3,,2000,,,,,5,,,
ClassicGumtree,38,11,21,11,0,6,0,0,1218,3,0,0.4,,2000,,,,,1,,,
ClassicGumtree,38,11,21,11,0,6,0,0,1223,3,0,0.4,,2000,,,,,2,,,
ClassicGumtree,38,11,21,11,0,6,0,0,1218,3,0,0.4,,2000,,,,,3,,,
ClassicGumtree,38,11,21,11,0,6,0,0,1226,3,0,0.4,,2000,,,,,4,,,
ClassicGumtree,38,11,21,11,0,6,0,0,1225,3,0,0.4,,2000,,,,,5,,,
ClassicGumtree,38,11,21,11,0,6,0,0,1224,3,0,0.5,,2000,,,,,1,,,
ClassicGumtree,38,11,21,11,0,6,0,0,1226,3,0,0.5,,2000,,,,,2,,,
ClassicGumtree,38,11,21,11,0,6,0,0,1225,3,0,0.5,,2000,,,,,3,,,
ClassicGumtree,38,11,21,11,0,6,0,0,1225,3,0,0.5,,2000,,,,,4,,,
ClassicGumtree,38,11,21,11,0,6,0,0,1227,3,0,0.5,,2000,,,,,5,,,
ClassicGumtree,38,11,21,11,0,6,0,0,1225,3,0,0.6,,2000,,,,,1,,,
ClassicGumtree,38,11,21,11,0,6,0,0,1225,3,0,0.6,,2000,,,,,2,,,
ClassicGumtree,38,11,21,11,0,6,0,0,1230,3,0,0.6,,2000,,,,,3,,,
ClassicGumtree,38,11,21,11,0,6,0,0,1218,3,0,0.6,,2000,,,,,4,,,
ClassicGumtree,38,11,21,11,0,6,0,0,1209,3,0,0.6,,2000,,,,,5,,,
ClassicGumtree,38,11,21,11,0,6,0,0,1221,3,0,0.7,,2000,,,,,1,,,
ClassicGumtree,38,11,21,11,0,6,0,0,1218,3,0,0.7,,2000,,,,,2,,,
ClassicGumtree,38,11,21,11,0,6,0,0,1207,3,0,0.7,,2000,,,,,3,,,
ClassicGumtree,38,11,21,11,0,6,0,0,1209,3,0,0.7,,2000,,,,,4,,,
ClassicGumtree,38,11,21,11,0,6,0,0,1207,3,0,0.7,,2000,,,,,5,,,
ClassicGumtree,38,11,21,11,0,6,0,0,1219,3,0,0.799,,2000,,,,,1,,,
ClassicGumtree,38,11,21,11,0,6,0,0,1173,3,0,0.799,,2000,,,,,2,,,
ClassicGumtree,38,11,21,11,0,6,0,0,1173,3,0,0.799,,2000,,,,,3,,,
ClassicGumtree,38,11,21,11,0,6,0,0,1172,3,0,0.799,,2000,,,,,4,,,
ClassicGumtree,38,11,21,11,0,6,0,0,587,3,0,0.799,,2000,,,,,5,,,
ClassicGumtree,38,11,21,11,0,6,0,0,1120,3,0,0.899,,2000,,,,,1,,,
ClassicGumtree,38,11,21,11,0,6,0,0,1082,3,0,0.899,,2000,,,,,2,,,
ClassicGumtree,38,11,21,11,0,6,0,0,588,3,0,0.899,,2000,,,,,3,,,
ClassicGumtree,38,11,21,11,0,6,0,0,587,3,0,0.899,,2000,,,,,4,,,
ClassicGumtree,38,11,21,11,0,6,0,0,589,3,0,0.899,,2000,,,,,5,,,
ClassicGumtree,38,11,21,11,0,6,0,0,585,3,0,0.999,,2000,,,,,1,,,
ClassicGumtree,38,11,21,11,0,6,0,0,585,3,0,0.999,,2000,,,,,2,,,
ClassicGumtree,38,11,21,11,0,6,0,0,581,3,0,0.999,,2000,,,,,3,,,
ClassicGumtree,38,11,21,11,0,6,0,0,577,3,0,0.999,,2000,,,,,4,,,
ClassicGumtree,38,11,21,11,0,6,0,0,507,3,0,0.999,,2000,,,,,5,,,
CompleteGumtreeMatcher,164,33,111,22,0,31,0,0,2,3,0,0.1,,100,,,,,1,,,
CompleteGumtreeMatcher,217,27,126,66,0,25,0,0,2,3,0,0.1,,100,,,,,2,,,
CompleteGumtreeMatcher,248,24,139,87,0,22,0,0,2,3,0,0.1,,100,,,,,3,,,
CompleteGumtreeMatcher,347,19,191,139,0,17,0,0,2,3,0,0.1,,100,,,,,4,,,
CompleteGumtreeMatcher,451,15,237,201,0,13,0,0,2,3,0,0.1,,100,,,,,5,,,
CompleteGumtreeMatcher,164,33,111,22,0,31,0,0,2,3,0,0.2,,100,,,,,1,,,
CompleteGumtreeMatcher,217,27,126,66,0,25,0,0,2,3,0,0.2,,100,,,,,2,,,
CompleteGumtreeMatcher,248,24,139,87,0,22,0,0,2,3,0,0.2,,100,,,,,3,,,
CompleteGumtreeMatcher,347,19,191,139,0,17,0,0,2,3,0,0.2,,100,,,,,4,,,
CompleteGumtreeMatcher,451,15,237,201,0,13,0,0,2,3,0,0.2,,100,,,,,5,,,
CompleteGumtreeMatcher,164,33,111,22,0,31,0,0,1,3,0,0.3,,100,,,,,1,,,
CompleteGumtreeMatcher,217,27,126,66,0,25,0,0,1,3,0,0.3,,100,,,,,2,,,
CompleteGumtreeMatcher,248,24,139,87,0,22,0,0,1,3,0,0.3,,100,,,,,3,,,
CompleteGumtreeMatcher,347,19,191,139,0,17,0,0,1,3,0,0.3,,100,,,,,4,,,
CompleteGumtreeMatcher,451,15,237,201,0,13,0,0,1,3,0,0.3,,100,,,,,5,,,
CompleteGumtreeMatcher,164,33,111,22,0,31,0,0,1,3,0,0.4,,100,,,,,1,,,
CompleteGumtreeMatcher,217,27,126,66,0,25,0,0,1,3,0,0.4,,100,,,,,2,,,
CompleteGumtreeMatcher,248,24,139,87,0,22,0,0,1,3,0,0.4,,100,,,,,3,,,
CompleteGumtreeMatcher,347,19,191,139,0,17,0,0,1,3,0,0.4,,100,,,,,4,,,
CompleteGumtreeMatcher,451,15,237,201,0,13,0,0,1,3,0,0.4,,100,,,,,5,,,
CompleteGumtreeMatcher,164,33,111,22,0,31,0,0,2,3,0,0.5,,100,,,,,1,,,
CompleteGumtreeMatcher,217,27,126,66,0,25,0,0,2,3,0,0.5,,100,,,,,2,,,
CompleteGumtreeMatcher,248,24,139,87,0,22,0,0,2,3,0,0.5,,100,,,,,3,,,
CompleteGumtreeMatcher,347,19,191,139,0,17,0,0,2,3,0,0.5,,100,,,,,4,,,
CompleteGumtreeMatcher,451,15,237,201,0,13,0,0,2,3,0,0.5,,100,,,,,5,,,
CompleteGumtreeMatcher,164,33,111,22,0,31,0,0,2,3,0,0.6,,100,,,,,1,,,
CompleteGumtreeMatcher,217,27,126,66,0,25,0,0,2,3,0,0.6,,100,,,,,2,,,
CompleteGumtreeMatcher,248,24,139,87,0,22,0,0,2,3,0,0.6,,100,,,,,3,,,
CompleteGumtreeMatcher,347,19,191,139,0,17,0,0,2,3,0,0.6,,100,,,,,4,,,
CompleteGumtreeMatcher,451,15,237,201,0,13,0,0,1,3,0,0.6,,100,,,,,5,,,
CompleteGumtreeMatcher,164,33,111,22,0,31,0,0,1,3,0,0.7,,100,,,,,1,,,
CompleteGumtreeMatcher,217,27,126,66,0,25,0,0,1,3,0,0.7,,100,,,,,2,,,
CompleteGumtreeMatcher,248,24,139,87,0,22,0,0,1,3,0,0.7,,100,,,,,3,,,
CompleteGumtreeMatcher,347,19,191,139,0,17,0,0,1,3,0,0.7,,100,,,,,4,,,
CompleteGumtreeMatcher,451,15,237,201,0,13,0,0,1,3,0,0.7,,100,,,,,5,,,
CompleteGumtreeMatcher,164,33,111,22,0,31,0,0,2,3,0,0.799,,100,,,,,1,,,
CompleteGumtreeMatcher,217,27,126,66,0,25,0,0,1,3,0,0.799,,100,,,,,2,,,
CompleteGumtreeMatcher,248,24,139,87,0,22,0,0,1,3,0,0.799,,100,,,,,3,,,
CompleteGumtreeMatcher,347,19,191,139,0,17,0,0,2,3,0,0.799,,100,,,,,4,,,
CompleteGumtreeMatcher,451,15,237,201,0,13,0,0,2,3,0,0.799,,100,,,,,5,,,
CompleteGumtreeMatcher,164,33,111,22,0,31,0,0,2,3,0,0.899,,100,,,,,1,,,
CompleteGumtreeMatcher,217,27,126,66,0,25,0,0,2,3,0,0.899,,100,,,,,2,,,
CompleteGumtreeMatcher,248,24,139,87,0,22,0,0,2,3,0,0.899,,100,,,,,3,,,
CompleteGumtreeMatcher,347,19,191,139,0,17,0,0,2,3,0,0.899,,100,,,,,4,,,
CompleteGumtreeMatcher,451,15,237,201,0,13,0,0,2,3,0,0.899,,100,,,,,5,,,
CompleteGumtreeMatcher,164,33,111,22,0,31,0,0,2,3,0,0.999,,100,,,,,1,,,
CompleteGumtreeMatcher,217,27,126,66,0,25,0,0,2,3,0,0.999,,100,,,,,2,,,
CompleteGumtreeMatcher,248,24,139,87,0,22,0,0,1,3,0,0.999,,100,,,,,3,,,
CompleteGumtreeMatcher,347,19,191,139,0,17,0,0,1,3,0,0.999,,100,,,,,4,,,
CompleteGumtreeMatcher,451,15,237,201,0,13,0,0,1,3,0,0.999,,100,,,,,5,,,
CompleteGumtreeMatcher,164,33,111,22,0,31,0,0,1,3,0,0.1,,200,,,,,1,,,
CompleteGumtreeMatcher,217,27,126,66,0,25,0,0,1,3,0,0.1,,200,,,,,2,,,
CompleteGumtreeMatcher,248,24,139,87,0,22,0,0,1,3,0,0.1,,200,,,,,3,,,
CompleteGumtreeMatcher,347,19,191,139,0,17,0,0,1,3,0,0.1,,200,,,,,4,,,
CompleteGumtreeMatcher,451,15,237,201,0,13,0,0,1,3,0,0.1,,200,,,,,5,,,
CompleteGumtreeMatcher,164,33,111,22,0,31,0,0,2,3,0,0.2,,200,,,,,1,,,
CompleteGumtreeMatcher,217,27,126,66,0,25,0,0,2,3,0,0.2,,200,,,,,2,,,
CompleteGumtreeMatcher,248,24,139,87,0,22,0,0,2,3,0,0.2,,200,,,,,3,,,
CompleteGumtreeMatcher,347,19,191,139,0,17,0,0,2,3,0,0.2,,200,,,,,4,,,
CompleteGumtreeMatcher,451,15,237,201,0,13,0,0,2,3,0,0.2,,200,,,,,5,,,
CompleteGumtreeMatcher,164,33,111,22,0,31,0,0,2,3,0,0.3,,200,,,,,1,,,
CompleteGumtreeMatcher,217,27,126,66,0,25,0,0,2,3,0,0.3,,200,,,,,2,,,
CompleteGumtreeMatcher,248,24,139,87,0,22,0,0,2,3,0,0.3,,200,,,,,3,,,
CompleteGumtreeMatcher,347,19,191,139,0,17,0,0,2,3,0,0.3,,200,,,,,4,,,
CompleteGumtreeMatcher,451,15,237,201,0,13,0,0,2,3,0,0.3,,200,,,,,5,,,
CompleteGumtreeMatcher,164,33,111,22,0,31,0,0,1,3,0,0.4,,200,,,,,1,,,
CompleteGumtreeMatcher,217,27,126,66,0,25,0,0,1,3,0,0.4,,200,,,,,2,,,
CompleteGumtreeMatcher,248,24,139,87,0,22,0,0,1,3,0,0.4,,200,,,,,3,,,
CompleteGumtreeMatcher,347,19,191,139,0,17,0,0,1,3,0,0.4,,200,,,,,4,,,
CompleteGumtreeMatcher,451,15,237,201,0,13,0,0,1,3,0,0.4,,200,,,,,5,,,
CompleteGumtreeMatcher,164,33,111,22,0,31,0,0,2,3,0,0.5,,200,,,,,1,,,
CompleteGumtreeMatcher,217,27,126,66,0,25,0,0,1,3,0,0.5,,200,,,,,2,,,
CompleteGumtreeMatcher,248,24,139,87,0,22,0,0,1,3,0,0.5,,200,,,,,3,,,
CompleteGumtreeMatcher,347,19,191,139,0,17,0,0,2,3,0,0.5,,200,,,,,4,,,
CompleteGumtreeMatcher,451,15,237,201,0,13,0,0,2,3,0,0.5,,200,,,,,5,,,
CompleteGumtreeMatcher,164,33,111,22,0,31,0,0,2,3,0,0.6,,200,,,,,1,,,
CompleteGumtreeMatcher,217,27,126,66,0,25,0,0,2,3,0,0.6,,200,,,,,2,,,
CompleteGumtreeMatcher,248,24,139,87,0,22,0,0,2,3,0,0.6,,200,,,,,3,,,
CompleteGumtreeMatcher,347,19,191,139,0,17,0,0,2,3,0,0.6,,200,,,,,4,,,
CompleteGumtreeMatcher,451,15,237,201,0,13,0,0,2,3,0,0.6,,200,,,,,5,,,
CompleteGumtreeMatcher,164,33,111,22,0,31,0,0,2,3,0,0.7,,200,,,,,1,,,
CompleteGumtreeMatcher,217,27,126,66,0,25,0,0,2,3,0,0.7,,200,,,,,2,,,
CompleteGumtreeMatcher,248,24,139,87,0,22,0,0,1,3,0,0.7,,200,,,,,3,,,
CompleteGumtreeMatcher,347,19,191,139,0,17,0,0,1,3,0,0.7,,200,,,,,4,,,
CompleteGumtreeMatcher,451,15,237,201,0,13,0,0,1,3,0,0.7,,200,,,,,5,,,
CompleteGumtreeMatcher,164,33,111,22,0,31,0,0,1,3,0,0.799,,200,,,,,1,,,
CompleteGumtreeMatcher,217,27,126,66,0,25,0,0,1,3,0,0.799,,200,,,,,2,,,
CompleteGumtreeMatcher,248,24,139,87,0,22,0,0,1,3,0,0.799,,200,,,,,3,,,
CompleteGumtreeMatcher,347,19,191,139,0,17,0,0,1,3,0,0.799,,200,,,,,4,,,
CompleteGumtreeMatcher,451,15,237,201,0,13,0,0,1,3,0,0.799,,200,,,,,5,,,
CompleteGumtreeMatcher,164,33,111,22,0,31,0,0,2,3,0,0.899,,200,,,,,1,,,
CompleteGumtreeMatcher,217,27,126,66,0,25,0,0,1,3,0,0.899,,200,,,,,2,,,
CompleteGumtreeMatcher,248,24,139,87,0,22,0,0,1,3,0,0.899,,200,,,,,3,,,
CompleteGumtreeMatcher,347,19,191,139,0,17,0,0,2,3,0,0.899,,200,,,,,4,,,
CompleteGumtreeMatcher,451,15,237,201,0,13,0,0,2,3,0,0.899,,200,,,,,5,,,
CompleteGumtreeMatcher,164,33,111,22,0,31,0,0,2,3,0,0.999,,200,,,,,1,,,
CompleteGumtreeMatcher,217,27,126,66,0,25,0,0,2,3,0,0.999,,200,,,,,2,,,
CompleteGumtreeMatcher,248,24,139,87,0,22,0,0,2,3,0,0.999,,200,,,,,3,,,
CompleteGumtreeMatcher,347,19,191,139,0,17,0,0,2,3,0,0.999,,200,,,,,4,,,
CompleteGumtreeMatcher,451,15,237,201,0,13,0,0,2,3,0,0.999,,200,,,,,5,,,
CompleteGumtreeMatcher,164,33,111,22,0,31,0,0,2,3,0,0.1,,300,,,,,1,,,
CompleteGumtreeMatcher,217,27,126,66,0,25,0,0,1,3,0,0.1,,300,,,,,2,,,
CompleteGumtreeMatcher,248,24,139,87,0,22,0,0,1,3,0,0.1,,300,,,,,3,,,
CompleteGumtreeMatcher,347,19,191,139,0,17,0,0,1,3,0,0.1,,300,,,,,4,,,
CompleteGumtreeMatcher,451,15,237,201,0,13,0,0,1,3,0,0.1,,300,,,,,5,,,
CompleteGumtreeMatcher,164,33,111,22,0,31,0,0,1,3,0,0.2,,300,,,,,1,,,
CompleteGumtreeMatcher,217,27,126,66,0,25,0,0,1,3,0,0.2,,300,,,,,2,,,
CompleteGumtreeMatcher,248,24,139,87,0,22,0,0,1,3,0,0.2,,300,,,,,3,,,
CompleteGumtreeMatcher,347,19,191,139,0,17,0,0,1,3,0,0.2,,300,,,,,4,,,
CompleteGumtreeMatcher,451,15,237,201,0,13,0,0,1,3,0,0.2,,300,,,,,5,,,
CompleteGumtreeMatcher,164,33,111,22,0,31,0,0,2,3,0,0.3,,300,,,,,1,,,
CompleteGumtreeMatcher,217,27,126,66,0,25,0,0,2,3,0,0.3,,300,,,,,2,,,
CompleteGumtreeMatcher,248,24,139,87,0,22,0,0,2,3,0,0.3,,300,,,,,3,,,
CompleteGumtreeMatcher,347,19,191,139,0,17,0,0,2,3,0,0.3,,300,,,,,4,,,
CompleteGumtreeMatcher,451,15,237,201,0,13,0,0,2,3,0,0.3,,300,,,,,5,,,
CompleteGumtreeMatcher,164,33,111,22,0,31,0,0,2,3,0,0.4,,300,,,,,1,,,
CompleteGumtreeMatcher,217,27,126,66,0,25,0,0,2,3,0,0.4,,300,,,,,2,,,
CompleteGumtreeMatcher,248,24,139,87,0,22,0,0,2,3,0,0.4,,300,,,,,3,,,
CompleteGumtreeMatcher,347,19,191,139,0,17,0,0,2,3,0,0.4,,300,,,,,4,,,
CompleteGumtreeMatcher,451,15,237,201,0,13,0,0,1,3,0,0.4,,300,,,,,5,,,
CompleteGumtreeMatcher,164,33,111,22,0,31,0,0,1,3,0,0.5,,300,,,,,1,,,
CompleteGumtreeMatcher,217,27,126,66,0,25,0,0,1,3,0,0.5,,300,,,,,2,,,
CompleteGumtreeMatcher,248,24,139,87,0,22,0,0,1,3,0,0.5,,300,,,,,3,,,
CompleteGumtreeMatcher,347,19,191,139,0,17,0,0,1,3,0,0.5,,300,,,,,4,,,
CompleteGumtreeMatcher,451,15,237,201,0,13,0,0,1,3,0,0.5,,300,,,,,5,,,
CompleteGumtreeMatcher,164,33,111,22,0,31,0,0,2,3,0,0.6,,300,,,,,1,,,
CompleteGumtreeMatcher,217,27,126,66,0,25,0,0,1,3,0,0.6,,300,,,,,2,,,
CompleteGumtreeMatcher,248,24,139,87,0,22,0,0,1,3,0,0.6,,300,,,,,3,,,
CompleteGumtreeMatcher,347,19,191,139,0,17,0,0,1,3,0,0.6,,300,,,,,4,,,
CompleteGumtreeMatcher,451,15,237,201,0,13,0,0,1,3,0,0.6,,300,,,,,5,,,
CompleteGumtreeMatcher,164,33,111,22,0,31,0,0,2,3,0,0.7,,300,,,,,1,,,
CompleteGumtreeMatcher,217,27,126,66,0,25,0,0,2,3,0,0.7,,300,,,,,2,,,
CompleteGumtreeMatcher,248,24,139,87,0,22,0,0,2,3,0,0.7,,300,,,,,3,,,
CompleteGumtreeMatcher,347,19,191,139,0,17,0,0,2,3,0,0.7,,300,,,,,4,,,
CompleteGumtreeMatcher,451,15,237,201,0,13,0,0,2,3,0,0.7,,300,,,,,5,,,
CompleteGumtreeMatcher,164,33,111,22,0,31,0,0,2,3,0,0.799,,300,,,,,1,,,
CompleteGumtreeMatcher,217,27,126,66,0,25,0,0,2,3,0,0.799,,300,,,,,2,,,
CompleteGumtreeMatcher,248,24,139,87,0,22,0,0,2,3,0,0.799,,300,,,,,3,,,
CompleteGumtreeMatcher,347,19,191,139,0,17,0,0,2,3,0,0.799,,300,,,,,4,,,
CompleteGumtreeMatcher,451,15,237,201,0,13,0,0,1,3,0,0.799,,300,,,,,5,,,
CompleteGumtreeMatcher,164,33,111,22,0,31,0,0,1,3,0,0.899,,300,,,,,1,,,
CompleteGumtreeMatcher,217,27,126,66,0,25,0,0,1,3,0,0.899,,300,,,,,2,,,
CompleteGumtreeMatcher,248,24,139,87,0,22,0,0,1,3,0,0.899,,300,,,,,3,,,
CompleteGumtreeMatcher,347,19,191,139,0,17,0,0,1,3,0,0.899,,300,,,,,4,,,
CompleteGumtreeMatcher,451,15,237,201,0,13,0,0,1,3,0,0.899,,300,,,,,5,,,
CompleteGumtreeMatcher,164,33,111,22,0,31,0,0,1,3,0,0.999,,300,,,,,1,,,
CompleteGumtreeMatcher,217,27,126,66,0,25,0,0,1,3,0,0.999,,300,,,,,2,,,
CompleteGumtreeMatcher,248,24,139,87,0,22,0,0,1,3,0,0.999,,300,,,,,3,,,
CompleteGumtreeMatcher,347,19,191,139,0,17,0,0,1,3,0,0.999,,300,,,,,4,,,
CompleteGumtreeMatcher,451,15,237,201,0,13,0,0,1,3,0,0.999,,300,,,,,5,,,
CompleteGumtreeMatcher,164,33,111,22,0,31,0,0,2,3,0,0.1,,400,,,,,1,,,
CompleteGumtreeMatcher,217,27,126,66,0,25,0,0,2,3,0,0.1,,400,,,,,2,,,
CompleteGumtreeMatcher,248,24,139,87,0,22,0,0,2,3,0,0.1,,400,,,,,3,,,
CompleteGumtreeMatcher,347,19,191,139,0,17,0,0,2,3,0,0.1,,400,,,,,4,,,
CompleteGumtreeMatcher,451,15,237,201,0,13,0,0,2,3,0,0.1,,400,,,,,5,,,
CompleteGumtreeMatcher,164,33,111,22,0,31,0,0,2,3,0,0.2,,400,,,,,1,,,
CompleteGumtreeMatcher,217,27,126,66,0,25,0,0,2,3,0,0.2,,400,,,,,2,,,
CompleteGumtreeMatcher,248,24,139,87,0,22,0,0,2,3,0,0.2,,400,,,,,3,,,
CompleteGumtreeMatcher,347,19,191,139,0,17,0,0,2,3,0,0.2,,400,,,,,4,,,
CompleteGumtreeMatcher,451,15,237,201,0,13,0,0,2,3,0,0.2,,400,,,,,5,,,
CompleteGumtreeMatcher,164,33,111,22,0,31,0,0,1,3,0,0.3,,400,,,,,1,,,
CompleteGumtreeMatcher,217,27,126,66,0,25,0,0,1,3,0,0.3,,400,,,,,2,,,
CompleteGumtreeMatcher,248,24,139,87,0,22,0,0,1,3,0,0.3,,400,,,,,3,,,
CompleteGumtreeMatcher,347,19,191,139,0,17,0,0,1,3,0,0.3,,400,,,,,4,,,
CompleteGumtreeMatcher,451,15,237,201,0,13,0,0,1,3,0,0.3,,400,,,,,5,,,
CompleteGumtreeMatcher,164,33,111,22,0,31,0,0,1,3,0,0.4,,400,,,,,1,,,
CompleteGumtreeMatcher,217,27,126,66,0,25,0,0,1,3,0,0.4,,400,,,,,2,,,
CompleteGumtreeMatcher,248,24,139,87,0,22,0,0,1,3,0,0.4,,400,,,,,3,,,
CompleteGumtreeMatcher,347,19,191,139,0,17,0,0,1,3,0,0.4,,400,,,,,4,,,
CompleteGumtreeMatcher,451,15,237,201,0,13,0,0,1,3,0,0.4,,400,,,,,5,,,
CompleteGumtreeMatcher,164,33,111,22,0,31,0,0,2,3,0,0.5,,400,,,,,1,,,
CompleteGumtreeMatcher,217,27,126,66,0,25,0,0,2,3,0,0.5,,400,,,,,2,,,
CompleteGumtreeMatcher,248,24,139,87,0,22,0,0,2,3,0,0.5,,400,,,,,3,,,
CompleteGumtreeMatcher,347,19,191,139,0,17,0,0,2,3,0,0.5,,400,,,,,4,,,
CompleteGumtreeMatcher,451,15,237,201,0,13,0,0,2,3,0,0.5,,400,,,,,5,,,
CompleteGumtreeMatcher,164,33,111,22,0,31,0,0,2,3,0,0.6,,400,,,,,1,,,
CompleteGumtreeMatcher,217,27,126,66,0,25,0,0,2,3,0,0.6,,400,,,,,2,,,
CompleteGumtreeMatcher,248,24,139,87,0,22,0,0,2,3,0,0.6,,400,,,,,3,,,
CompleteGumtreeMatcher,347,19,191,139,0,17,0,0,2,3,0,0.6,,400,,,,,4,,,
CompleteGumtreeMatcher,451,15,237,201,0,13,0,0,1,3,0,0.6,,400,,,,,5,,,
CompleteGumtreeMatcher,164,33,111,22,0,31,0,0,1,3,0,0.7,,400,,,,,1,,,
CompleteGumtreeMatcher,217,27,126,66,0,25,0,0,1,3,0,0.7,,400,,,,,2,,,
CompleteGumtreeMatcher,248,24,139,87,0,22,0,0,1,3,0,0.7,,400,,,,,3,,,
CompleteGumtreeMatcher,347,19,191,139,0,17,0,0,1,3,0,0.7,,400,,,,,4,,,
CompleteGumtreeMatcher,451,15,237,201,0,13,0,0,1,3,0,0.7,,400,,,,,5,,,
CompleteGumtreeMatcher,164,33,111,22,0,31,0,0,1,3,0,0.799,,400,,,,,1,,,
CompleteGumtreeMatcher,217,27,126,66,0,25,0,0,1,3,0,0.799,,400,,,,,2,,,
CompleteGumtreeMatcher,248,24,139,87,0,22,0,0,1,3,0,0.799,,400,,,,,3,,,
CompleteGumtreeMatcher,347,19,191,139,0,17,0,0,1,3,0,0.799,,400,,,,,4,,,
CompleteGumtreeMatcher,451,15,237,201,0,13,0,0,1,3,0,0.799,,400,,,,,5,,,
CompleteGumtreeMatcher,164,33,111,22,0,31,0,0,2,3,0,0.899,,400,,,,,1,,,
CompleteGumtreeMatcher,217,27,126,66,0,25,0,0,2,3,0,0.899,,400,,,,,2,,,
CompleteGumtreeMatcher,248,24,139,87,0,22,0,0,2,3,0,0.899,,400,,,,,3,,,
CompleteGumtreeMatcher,347,19,191,139,0,17,0,0,2,3,0,0.899,,400,,,,,4,,,
CompleteGumtreeMatcher,451,15,237,201,0,13,0,0,2,3,0,0.899,,400,,,,,5,,,
CompleteGumtreeMatcher,164,33,111,22,0,31,0,0,2,3,0,0.999,,400,,,,,1,,,
CompleteGumtreeMatcher,217,27,126,66,0,25,0,0,2,3,0,0.999,,400,,,,,2,,,
CompleteGumtreeMatcher,248,24,139,87,0,22,0,0,2,3,0,0.999,,400,,,,,3,,,
CompleteGumtreeMatcher,347,19,191,139,0,17,0,0,2,3,0,0.999,,400,,,,,4,,,
CompleteGumtreeMatcher,451,15,237,201,0,13,0,0,2,3,0,0.999,,400,,,,,5,,,
CompleteGumtreeMatcher,164,33,111,22,0,31,0,0,1,3,0,0.1,,500,,,,,1,,,
CompleteGumtreeMatcher,217,27,126,66,0,25,0,0,1,3,0,0.1,,500,,,,,2,,,
CompleteGumtreeMatcher,248,24,139,87,0,22,0,0,1,3,0,0.1,,500,,,,,3,,,
CompleteGumtreeMatcher,347,19,191,139,0,17,0,0,1,3,0,0.1,,500,,,,,4,,,
CompleteGumtreeMatcher,451,15,237,201,0,13,0,0,1,3,0,0.1,,500,,,,,5,,,
CompleteGumtreeMatcher,164,33,111,22,0,31,0,0,1,3,0,0.2,,500,,,,,1,,,
CompleteGumtreeMatcher,217,27,126,66,0,25,0,0,1,3,0,0.2,,500,,,,,2,,,
CompleteGumtreeMatcher,248,24,139,87,0,22,0,0,1,3,0,0.2,,500,,,,,3,,,
CompleteGumtreeMatcher,347,19,191,139,0,17,0,0,1,3,0,0.2,,500,,,,,4,,,
CompleteGumtreeMatcher,451,15,237,201,0,13,0,0,1,3,0,0.2,,500,,,,,5,,,
CompleteGumtreeMatcher,164,33,111,22,0,31,0,0,2,3,0,0.3,,500,,,,,1,,,
CompleteGumtreeMatcher,217,27,126,66,0,25,0,0,1,3,0,0.3,,500,,,,,2,,,
CompleteGumtreeMatcher,248,24,139,87,0,22,0,0,2,3,0,0.3,,500,,,,,3,,,
CompleteGumtreeMatcher,347,19,191,139,0,17,0,0,2,3,0,0.3,,500,,,,,4,,,
CompleteGumtreeMatcher,451,15,237,201,0,13,0,0,2,3,0,0.3,,500,,,,,5,,,
CompleteGumtreeMatcher,164,33,111,22,0,31,0,0,2,3,0,0.4,,500,,,,,1,,,
CompleteGumtreeMatcher,217,27,126,66,0,25,0,0,2,3,0,0.4,,500,,,,,2,,,
CompleteGumtreeMatcher,248,24,139,87,0,22,0,0,2,3,0,0.4,,500,,,,,3,,,
CompleteGumtreeMatcher,347,19,191,139,0,17,0,0,2,3,0,0.4,,500,,,,,4,,,
CompleteGumtreeMatcher,451,15,237,201,0,13,0,0,2,3,0,0.4,,500,,,,,5,,,
CompleteGumtreeMatcher,164,33,111,22,0,31,0,0,1,3,0,0.5,,500,,,,,1,,,
CompleteGumtreeMatcher,217,27,126,66,0,25,0,0,1,3,0,0.5,,500,,,,,2,,,
CompleteGumtreeMatcher,248,24,139,87,0,22,0,0,1,3,0,0.5,,500,,,,,3,,,
CompleteGumtreeMatcher,347,19,191,139,0,17,0,0,1,3,0,0.5,,500,,,,,4,,,
CompleteGumtreeMatcher,451,15,237,201,0,13,0,0,1,3,0,0.5,,500,,,,,5,,,
CompleteGumtreeMatcher,164,33,111,22,0,31,0,0,1,3,0,0.6,,500,,,,,1,,,
CompleteGumtreeMatcher,217,27,126,66,0,25,0,0,1,3,0,0.6,,500,,,,,2,,,
CompleteGumtreeMatcher,248,24,139,87,0,22,0,0,1,3,0,0.6,,500,,,,,3,,,
CompleteGumtreeMatcher,347,19,191,139,0,17,0,0,1,3,0,0.6,,500,,,,,4,,,
CompleteGumtreeMatcher,451,15,237,201,0,13,0,0,1,3,0,0.6,,500,,,,,5,,,
CompleteGumtreeMatcher,164,33,111,22,0,31,0,0,2,3,0,0.7,,500,,,,,1,,,
CompleteGumtreeMatcher,217,27,126,66,0,25,0,0,2,3,0,0.7,,500,,,,,2,,,
CompleteGumtreeMatcher,248,24,139,87,0,22,0,0,2,3,0,0.7,,500,,,,,3,,,
CompleteGumtreeMatcher,347,19,191,139,0,17,0,0,2,3,0,0.7,,500,,,,,4,,,
CompleteGumtreeMatcher,451,15,237,201,0,13,0,0,2,3,0,0.7,,500,,,,,5,,,
CompleteGumtreeMatcher,164,33,111,22,0,31,0,0,2,3,0,0.799,,500,,,,,1,,,
CompleteGumtreeMatcher,217,27,126,66,0,25,0,0,2,3,0,0.799,,500,,,,,2,,,
CompleteGumtreeMatcher,248,24,139,87,0,22,0,0,2,3,0,0.799,,500,,,,,3,,,
CompleteGumtreeMatcher,347,19,191,139,0,17,0,0,2,3,0,0.799,,500,,,,,4,,,
CompleteGumtreeMatcher,451,15,237,201,0,13,0,0,2,3,0,0.799,,500,,,,,5,,,
CompleteGumtreeMatcher,164,33,111,22,0,31,0,0,1,3,0,0.899,,500,,,,,1,,,
CompleteGumtreeMatcher,217,27,126,66,0,25,0,0,1,3,0,0.899,,500,,,,,2,,,
CompleteGumtreeMatcher,248,24,139,87,0,22,0,0,1,3,0,0.899,,500,,,,,3,,,
CompleteGumtreeMatcher,347,19,191,139,0,17,0,0,1,3,0,0.899,,500,,,,,4,,,
CompleteGumtreeMatcher,451,15,237,201,0,13,0,0,1,3,0,0.899,,500,,,,,5,,,
CompleteGumtreeMatcher,164,33,111,22,0,31,0,0,1,3,0,0.999,,500,,,,,1,,,
CompleteGumtreeMatcher,217,27,126,66,0,25,0,0,1,3,0,0.999,,500,,,,,2,,,
CompleteGumtreeMatcher,248,24,139,87,0,22,0,0,1,3,0,0.999,,500,,,,,3,,,
CompleteGumtreeMatcher,347,19,191,139,0,17,0,0,1,3,0,0.999,,500,,,,,4,,,
CompleteGumtreeMatcher,451,15,237,201,0,13,0,0,1,3,0,0.999,,500,,,,,5,,,
CompleteGumtreeMatcher,164,33,111,22,0,31,0,0,2,3,0,0.1,,600,,,,,1,,,
CompleteGumtreeMatcher,217,27,126,66,0,25,0,0,1,3,0,0.1,,600,,,,,2,,,
CompleteGumtreeMatcher,248,24,139,87,0,22,0,0,2,3,0,0.1,,600,,,,,3,,,
CompleteGumtreeMatcher,347,19,191,139,0,17,0,0,2,3,0,0.1,,600,,,,,4,,,
CompleteGumtreeMatcher,451,15,237,201,0,13,0,0,2,3,0,0.1,,600,,,,,5,,,
CompleteGumtreeMatcher,164,33,111,22,0,31,0,0,2,3,0,0.2,,600,,,,,1,,,
CompleteGumtreeMatcher,217,27,126,66,0,25,0,0,2,3,0,0.2,,600,,,,,2,,,
CompleteGumtreeMatcher,248,24,139,87,0,22,0,0,2,3,0,0.2,,600,,,,,3,,,
CompleteGumtreeMatcher,347,19,191,139,0,17,0,0,2,3,0,0.2,,600,,,,,4,,,
CompleteGumtreeMatcher,451,15,237,201,0,13,0,0,2,3,0,0.2,,600,,,,,5,,,
CompleteGumtreeMatcher,164,33,111,22,0,31,0,0,2,3,0,0.3,,600,,,,,1,,,
CompleteGumtreeMatcher,217,27,126,66,0,25,0,0,1,3,0,0.3,,600,,,,,2,,,
CompleteGumtreeMatcher,248,24,139,87,0,22,0,0,1,3,0,0.3,,600,,,,,3,,,
CompleteGumtreeMatcher,347,19,191,139,0,17,0,0,1,3,0,0.3,,600,,,,,4,,,
CompleteGumtreeMatcher,451,15,237,201,0,13,0,0,1,3,0,0.3,,600,,,,,5,,,
CompleteGumtreeMatcher,164,33,111,22,0,31,0,0,1,3,0,0.4,,600,,,,,1,,,
CompleteGumtreeMatcher,217,27,126,66,0,25,0,0,1,3,0,0.4,,600,,,,,2,,,
CompleteGumtreeMatcher,248,24,139,87,0,22,0,0,1,3,0,0.4,,600,,,,,3,,,
CompleteGumtreeMatcher,347,19,191,139,0,17,0,0,1,3,0,0.4,,600,,,,,4,,,
CompleteGumtreeMatcher,451,15,237,201,0,13,0,0,1,3,0,0.4,,600,,,,,5,,,
CompleteGumtreeMatcher,164,33,111,22,0,31,0,0,2,3,0,0.5,,600,,,,,1,,,
CompleteGumtreeMatcher,217,27,126,66,0,25,0,0,1,3,0,0.5,,600,,,,,2,,,
CompleteGumtreeMatcher,248,24,139,87,0,22,0,0,2,3,0,0.5,,600,,,,,3,,,
CompleteGumtreeMatcher,347,19,191,139,0,17,0,0,2,3,0,0.5,,600,,,,,4,,,
CompleteGumtreeMatcher,451,15,237,201,0,13,0,0,2,3,0,0.5,,600,,,,,5,,,
CompleteGumtreeMatcher,164,33,111,22,0,31,0,0,2,3,0,0.6,,600,,,,,1,,,
CompleteGumtreeMatcher,217,27,126,66,0,25,0,0,2,3,0,0.6,,600,,,,,2,,,
CompleteGumtreeMatcher,248,24,139,87,0,22,0,0,2,3,0,0.6,,600,,,,,3,,,
CompleteGumtreeMatcher,347,19,191,139,0,17,0,0,2,3,0,0.6,,600,,,,,4,,,
CompleteGumtreeMatcher,451,15,237,201,0,13,0,0,2,3,0,0.6,,600,,,,,5,,,
CompleteGumtreeMatcher,164,33,111,22,0,31,0,0,2,3,0,0.7,,600,,,,,1,,,
CompleteGumtreeMatcher,217,27,126,66,0,25,0,0,1,3,0,0.7,,600,,,,,2,,,
CompleteGumtreeMatcher,248,24,139,87,0,22,0,0,1,3,0,0.7,,600,,,,,3,,,
CompleteGumtreeMatcher,347,19,191,139,0,17,0,0,1,3,0,0.7,,600,,,,,4,,,
CompleteGumtreeMatcher,451,15,237,201,0,13,0,0,1,3,0,0.7,,600,,,,,5,,,
CompleteGumtreeMatcher,164,33,111,22,0,31,0,0,1,3,0,0.799,,600,,,,,1,,,
CompleteGumtreeMatcher,217,27,126,66,0,25,0,0,1,3,0,0.799,,600,,,,,2,,,
CompleteGumtreeMatcher,248,24,139,87,0,22,0,0,1,3,0,0.799,,600,,,,,3,,,
CompleteGumtreeMatcher,347,19,191,139,0,17,0,0,1,3,0,0.799,,600,,,,,4,,,
CompleteGumtreeMatcher,451,15,237,201,0,13,0,0,1,3,0,0.799,,600,,,,,5,,,
CompleteGumtreeMatcher,164,33,111,22,0,31,0,0,2,3,0,0.899,,600,,,,,1,,,
CompleteGumtreeMatcher,217,27,126,66,0,25,0,0,1,3,0,0.899,,600,,,,,2,,,
CompleteGumtreeMatcher,248,24,139,87,0,22,0,0,1,3,0,0.899,,600,,,,,3,,,
CompleteGumtreeMatcher,347,19,191,139,0,17,0,0,2,3,0,0.899,,600,,,,,4,,,
CompleteGumtreeMatcher,451,15,237,201,0,13,0,0,2,3,0,0.899,,600,,,,,5,,,
CompleteGumtreeMatcher,164,33,111,22,0,31,0,0,2,3,0,0.999,,600,,,,,1,,,
CompleteGumtreeMatcher,217,27,126,66,0,25,0,0,2,3,0,0.999,,600,,,,,2,,,
CompleteGumtreeMatcher,248,24,139,87,0,22,0,0,2,3,0,0.999,,600,,,,,3,,,
CompleteGumtreeMatcher,347,19,191,139,0,17,0,0,2,3,0,0.999,,600,,,,,4,,,
CompleteGumtreeMatcher,451,15,237,201,0,13,0,0,2,3,0,0.999,,600,,,,,5,,,
CompleteGumtreeMatcher,164,33,111,22,0,31,0,0,2,3,0,0.1,,700,,,,,1,,,
CompleteGumtreeMatcher,217,27,126,66,0,25,0,0,1,3,0,0.1,,700,,,,,2,,,
CompleteGumtreeMatcher,248,24,139,87,0,22,0,0,1,3,0,0.1,,700,,,,,3,,,
CompleteGumtreeMatcher,347,19,191,139,0,17,0,0,1,3,0,0.1,,700,,,,,4,,,
CompleteGumtreeMatcher,451,15,237,201,0,13,0,0,1,3,0,0.1,,700,,,,,5,,,
CompleteGumtreeMatcher,164,33,111,22,0,31,0,0,1,3,0,0.2,,700,,,,,1,,,
CompleteGumtreeMatcher,217,27,126,66,0,25,0,0,1,3,0,0.2,,700,,,,,2,,,
CompleteGumtreeMatcher,248,24,139,87,0,22,0,0,1,3,0,0.2,,700,,,,,3,,,
CompleteGumtreeMatcher,347,19,191,139,0,17,0,0,1,3,0,0.2,,700,,,,,4,,,
CompleteGumtreeMatcher,451,15,237,201,0,13,0,0,1,3,0,0.2,,700,,,,,5,,,
CompleteGumtreeMatcher,164,33,111,22,0,31,0,0,2,3,0,0.3,,700,,,,,1,,,
CompleteGumtreeMatcher,217,27,126,66,0,25,0,0,1,3,0,0.3,,700,,,,,2,,,
CompleteGumtreeMatcher,248,24,139,87,0,22,0,0,1,3,0,0.3,,700,,,,,3,,,
CompleteGumtreeMatcher,347,19,191,139,0,17,0,0,2,3,0,0.3,,700,,,,,4,,,
CompleteGumtreeMatcher,451,15,237,201,0,13,0,0,2,3,0,0.3,,700,,,,,5,,,
CompleteGumtreeMatcher,164,33,111,22,0,31,0,0,2,3,0,0.4,,700,,,,,1,,,
CompleteGumtreeMatcher,217,27,126,66,0,25,0,0,2,3,0,0.4,,700,,,,,2,,,
CompleteGumtreeMatcher,248,24,139,87,0,22,0,0,2,3,0,0.4,,700,,,,,3,,,
CompleteGumtreeMatcher,347,19,191,139,0,17,0,0,2,3,0,0.4,,700,,,,,4,,,
CompleteGumtreeMatcher,451,15,237,201,0,13,0,0,2,3,0,0.4,,700,,,,,5,,,
CompleteGumtreeMatcher,164,33,111,22,0,31,0,0,2,3,0,0.5,,700,,,,,1,,,
CompleteGumtreeMatcher,217,27,126,66,0,25,0,0,2,3,0,0.5,,700,,,,,2,,,
CompleteGumtreeMatcher,248,24,139,87,0,22,0,0,1,3,0,0.5,,700,,,,,3,,,
CompleteGumtreeMatcher,347,19,191,139,0,17,0,0,1,3,0,0.5,,700,,,,,4,,,
CompleteGumtreeMatcher,451,15,237,201,0,13,0,0,1,3,0,0.5,,700,,,,,5,,,
CompleteGumtreeMatcher,164,33,111,22,0,31,0,0,1,3,0,0.6,,700,,,,,1,,,
CompleteGumtreeMatcher,217,27,126,66,0,25,0,0,1,3,0,0.6,,700,,,,,2,,,
CompleteGumtreeMatcher,248,24,139,87,0,22,0,0,1,3,0,0.6,,700,,,,,3,,,
CompleteGumtreeMatcher,347,19,191,139,0,17,0,0,1,3,0,0.6,,700,,,,,4,,,
CompleteGumtreeMatcher,451,15,237,201,0,13,0,0,1,3,0,0.6,,700,,,,,5,,,
CompleteGumtreeMatcher,164,33,111,22,0,31,0,0,2,3,0,0.7,,700,,,,,1,,,
CompleteGumtreeMatcher,217,27,126,66,0,25,0,0,1,3,0,0.7,,700,,,,,2,,,
CompleteGumtreeMatcher,248,24,139,87,0,22,0,0,1,3,0,0.7,,700,,,,,3,,,
CompleteGumtreeMatcher,347,19,191,139,0,17,0,0,2,3,0,0.7,,700,,,,,4,,,
CompleteGumtreeMatcher,451,15,237,201,0,13,0,0,2,3,0,0.7,,700,,,,,5,,,
CompleteGumtreeMatcher,164,33,111,22,0,31,0,0,2,3,0,0.799,,700,,,,,1,,,
CompleteGumtreeMatcher,217,27,126,66,0,25,0,0,2,3,0,0.799,,700,,,,,2,,,
CompleteGumtreeMatcher,248,24,139,87,0,22,0,0,2,3,0,0.799,,700,,,,,3,,,
CompleteGumtreeMatcher,347,19,191,139,0,17,0,0,2,3,0,0.799,,700,,,,,4,,,
CompleteGumtreeMatcher,451,15,237,201,0,13,0,0,2,3,0,0.799,,700,,,,,5,,,
CompleteGumtreeMatcher,164,33,111,22,0,31,0,0,2,3,0,0.899,,700,,,,,1,,,
CompleteGumtreeMatcher,217,27,126,66,0,25,0,0,1,3,0,0.899,,700,,,,,2,,,
CompleteGumtreeMatcher,248,24,139,87,0,22,0,0,1,3,0,0.899,,700,,,,,3,,,
CompleteGumtreeMatcher,347,19,191,139,0,17,0,0,1,3,0,0.899,,700,,,,,4,,,
CompleteGumtreeMatcher,451,15,237,201,0,13,0,0,1,3,0,0.899,,700,,,,,5,,,
CompleteGumtreeMatcher,164,33,111,22,0,31,0,0,1,3,0,0.999,,700,,,,,1,,,
CompleteGumtreeMatcher,217,27,126,66,0,25,0,0,1,3,0,0.999,,700,,,,,2,,,
CompleteGumtreeMatcher,248,24,139,87,0,22,0,0,1,3,0,0.999,,700,,,,,3,,,
CompleteGumtreeMatcher,347,19,191,139,0,17,0,0,1,3,0,0.999,,700,,,,,4,,,
CompleteGumtreeMatcher,451,15,237,201,0,13,0,0,1,3,0,0.999,,700,,,,,5,,,
CompleteGumtreeMatcher,114,26,100,11,0,3,0,0,589,3,0,0.1,,800,,,,,1,,,
CompleteGumtreeMatcher,87,15,71,11,0,5,0,0,587,3,0,0.1,,800,,,,,2,,,
CompleteGumtreeMatcher,79,13,63,11,0,5,0,0,587,3,0,0.1,,800,,,,,3,,,
CompleteGumtreeMatcher,79,13,63,11,0,5,0,0,587,3,0,0.1,,800,,,,,4,,,
CompleteGumtreeMatcher,63,11,47,11,0,5,0,0,589,3,0,0.1,,800,,,,,5,,,
CompleteGumtreeMatcher,114,26,100,11,0,3,0,0,588,3,0,0.2,,800,,,,,1,,,
CompleteGumtreeMatcher,87,15,71,11,0,5,0,0,588,3,0,0.2,,800,,,,,2,,,
CompleteGumtreeMatcher,79,13,63,11,0,5,0,0,595,3,0,0.2,,800,,,,,3,,,
CompleteGumtreeMatcher,79,13,63,11,0,5,0,0,588,3,0,0.2,,800,,,,,4,,,
CompleteGumtreeMatcher,63,11,47,11,0,5,0,0,588,3,0,0.2,,800,,,,,5,,,
CompleteGumtreeMatcher,114,26,100,11,0,3,0,0,593,3,0,0.3,,800,,,,,1,,,
CompleteGumtreeMatcher,87,15,71,11,0,5,0,0,593,3,0,0.3,,800,,,,,2,,,
CompleteGumtreeMatcher,79,13,63,11,0,5,0,0,594,3,0,0.3,,800,,,,,3,,,
CompleteGumtreeMatcher,79,13,63,11,0,5,0,0,597,3,0,0.3,,800,,,,,4,,,
CompleteGumtreeMatcher,63,11,47,11,0,5,0,0,593,3,0,0.3,,800,,,,,5,,,
CompleteGumtreeMatcher,114,26,100,11,0,3,0,0,594,3,0,0.4,,800,,,,,1,,,
CompleteGumtreeMatcher,87,15,71,11,0,5,0,0,593,3,0,0.4,,800,,,,,2,,,
CompleteGumtreeMatcher,79,13,63,11,0,5,0,0,595,3,0,0.4,,800,,,,,3,,,
CompleteGumtreeMatcher,79,13,63,11,0,5,0,0,594,3,0,0.4,,800,,,,,4,,,
CompleteGumtreeMatcher,63,11,47,11,0,5,0,0,594,3,0,0.4,,800,,,,,5,,,
CompleteGumtreeMatcher,114,26,100,11,0,3,0,0,587,3,0,0.5,,800,,,,,1,,,
CompleteGumtreeMatcher,87,15,71,11,0,5,0,0,587,3,0,0.5,,800,,,,,2,,,
CompleteGumtreeMatcher,79,13,63,11,0,5,0,0,586,3,0,0.5,,800,,,,,3,,,
CompleteGumtreeMatcher,79,13,63,11,0,5,0,0,586,3,0,0.5,,800,,,,,4,,,
CompleteGumtreeMatcher,63,11,47,11,0,5,0,0,587,3,0,0.5,,800,,,,,5,,,
CompleteGumtreeMatcher,114,26,100,11,0,3,0,0,587,3,0,0.6,,800,,,,,1,,,
CompleteGumtreeMatcher,87,15,71,11,0,5,0,0,587,3,0,0.6,,800,,,,,2,,,
CompleteGumtreeMatcher,79,13,63,11,0,5,0,0,588,3,0,0.6,,800,,,,,3,,,
CompleteGumtreeMatcher,79,13,63,11,0,5,0,0,587,3,0,0.6,,800,,,,,4,,,
CompleteGumtreeMatcher,63,11,47,11,0,5,0,0,587,3,0,0.6,,800,,,,,5,,,
CompleteGumtreeMatcher,114,26,100,11,0,3,0,0,588,3,0,0.7,,800,,,,,1,,,
CompleteGumtreeMatcher,87,15,71,11,0,5,0,0,588,3,0,0.7,,800,,,,,2,,,
CompleteGumtreeMatcher,79,13,63,11,0,5,0,0,587,3,0,0.7,,800,,,,,3,,,
CompleteGumtreeMatcher,79,13,63,11,0,5,0,0,588,3,0,0.7,,800,,,,,4,,,
CompleteGumtreeMatcher,63,11,47,11,0,5,0,0,586,3,0,0.7,,800,,,,,5,,,
CompleteGumtreeMatcher,114,26,100,11,0,3,0,0,586,3,0,0.799,,800,,,,,1,,,
CompleteGumtreeMatcher,87,15,71,11,0,5,0,0,587,3,0,0.799,,800,,,,,2,,,
CompleteGumtreeMatcher,79,13,63,11,0,5,0,0,597,3,0,0.799,,800,,,,,3,,,
CompleteGumtreeMatcher,79,13,63,11,0,5,0,0,589,3,0,0.799,,800,,,,,4,,,
CompleteGumtreeMatcher,63,11,47,11,0,5,0,0,587,3,0,0.799,,800,,,,,5,,,
CompleteGumtreeMatcher,114,26,100,11,0,3,0,0,586,3,0,0.899,,800,,,,,1,,,
CompleteGumtreeMatcher,87,15,71,11,0,5,0,0,586,3,0,0.899,,800,,,,,2,,,
CompleteGumtreeMatcher,79,13,63,11,0,5,0,0,586,3,0,0.899,,800,,,,,3,,,
CompleteGumtreeMatcher,79,13,63,11,0,5,0,0,586,3,0,0.899,,800,,,,,4,,,
CompleteGumtreeMatcher,63,11,47,11,0,5,0,0,589,3,0,0.899,,800,,,,,5,,,
CompleteGumtreeMatcher,114,26,100,11,0,3,0,0,588,3,0,0.999,,800,,,,,1,,,
CompleteGumtreeMatcher,87,15,71,11,0,5,0,0,587,3,0,0.999,,800,,,,,2,,,
CompleteGumtreeMatcher,79,13,63,11,0,5,0,0,588,3,0,0.999,,800,,,,,3,,,
CompleteGumtreeMatcher,79,13,63,11,0,5,0,0,587,3,0,0.999,,800,,,,,4,,,
CompleteGumtreeMatcher,63,11,47,11,0,5,0,0,586,3,0,0.999,,800,,,,,5,,,
CompleteGumtreeMatcher,114,26,100,11,0,3,0,0,586,3,0,0.1,,900,,,,,1,,,
CompleteGumtreeMatcher,87,15,71,11,0,5,0,0,586,3,0,0.1,,900,,,,,2,,,
CompleteGumtreeMatcher,79,13,63,11,0,5,0,0,587,3,0,0.1,,900,,,,,3,,,
CompleteGumtreeMatcher,79,13,63,11,0,5,0,0,587,3,0,0.1,,900,,,,,4,,,
CompleteGumtreeMatcher,63,11,47,11,0,5,0,0,587,3,0,0.1,,900,,,,,5,,,
CompleteGumtreeMatcher,114,26,100,11,0,3,0,0,586,3,0,0.2,,900,,,,,1,,,
CompleteGumtreeMatcher,87,15,71,11,0,5,0,0,587,3,0,0.2,,900,,,,,2,,,
CompleteGumtreeMatcher,79,13,63,11,0,5,0,0,588,3,0,0.2,,900,,,,,3,,,
CompleteGumtreeMatcher,79,13,63,11,0,5,0,0,586,3,0,0.2,,900,,,,,4,,,
CompleteGumtreeMatcher,63,11,47,11,0,5,0,0,587,3,0,0.2,,900,,,,,5,,,
CompleteGumtreeMatcher,114,26,100,11,0,3,0,0,587,3,0,0.3,,900,,,,,1,,,
CompleteGumtreeMatcher,87,15,71,11,0,5,0,0,590,3,0,0.3,,900,,,,,2,,,
CompleteGumtreeMatcher,79,13,63,11,0,5,0,0,587,3,0,0.3,,900,,,,,3,,,
CompleteGumtreeMatcher,79,13,63,11,0,5,0,0,586,3,0,0.3,,900,,,,,4,,,
CompleteGumtreeMatcher,63,11,47,11,0,5,0,0,586,3,0,0.3,,900,,,,,5,,,
CompleteGumtreeMatcher,114,26,100,11,0,3,0,0,586,3,0,0.4,,900,,,,,1,,,
CompleteGumtreeMatcher,87,15,71,11,0,5,0,0,587,3,0,0.4,,900,,,,,2,,,
CompleteGumtreeMatcher,79,13,63,11,0,5,0,0,586,3,0,0.4,,900,,,,,3,,,
CompleteGumtreeMatcher,79,13,63,11,0,5,0,0,588,3,0,0.4,,900,,,,,4,,,
CompleteGumtreeMatcher,63,11,47,11,0,5,0,0,590,3,0,0.4,,900,,,,,5,,,
CompleteGumtreeMatcher,114,26,100,11,0,3,0,0,587,3,0,0.5,,900,,,,,1,,,
CompleteGumtreeMatcher,87,15,71,11,0,5,0,0,586,3,0,0.5,,900,,,,,2,,,
CompleteGumtreeMatcher,79,13,63,11,0,5,0,0,586,3,0,0.5,,900,,,,,3,,,
CompleteGumtreeMatcher,79,13,63,11,0,5,0,0,586,3,0,0.5,,900,,,,,4,,,
CompleteGumtreeMatcher,63,11,47,11,0,5,0,0,586,3,0,0.5,,900,,,,,5,,,
CompleteGumtreeMatcher,114,26,100,11,0,3,0,0,587,3,0,0.6,,900,,,,,1,,,
CompleteGumtreeMatcher,87,15,71,11,0,5,0,0,587,3,0,0.6,,900,,,,,2,,,
CompleteGumtreeMatcher,79,13,63,11,0,5,0,0,587,3,0,0.6,,900,,,,,3,,,
CompleteGumtreeMatcher,79,13,63,11,0,5,0,0,588,3,0,0.6,,900,,,,,4,,,
CompleteGumtreeMatcher,63,11,47,11,0,5,0,0,587,3,0,0.6,,900,,,,,5,,,
CompleteGumtreeMatcher,114,26,100,11,0,3,0,0,593,3,0,0.7,,900,,,,,1,,,
CompleteGumtreeMatcher,87,15,71,11,0,5,0,0,594,3,0,0.7,,900,,,,,2,,,
CompleteGumtreeMatcher,79,13,63,11,0,5,0,0,593,3,0,0.7,,900,,,,,3,,,
CompleteGumtreeMatcher,79,13,63,11,0,5,0,0,597,3,0,0.7,,900,,,,,4,,,
CompleteGumtreeMatcher,63,11,47,11,0,5,0,0,594,3,0,0.7,,900,,,,,5,,,
CompleteGumtreeMatcher,114,26,100,11,0,3,0,0,594,3,0,0.799,,900,,,,,1,,,
CompleteGumtreeMatcher,87,15,71,11,0,5,0,0,594,3,0,0.799,,900,,,,,2,,,
CompleteGumtreeMatcher,79,13,63,11,0,5,0,0,594,3,0,0.799,,900,,,,,3,,,
CompleteGumtreeMatcher,79,13,63,11,0,5,0,0,595,3,0,0.799,,900,,,,,4,,,
CompleteGumtreeMatcher,63,11,47,11,0,5,0,0,594,3,0,0.799,,900,,,,,5,,,
CompleteGumtreeMatcher,114,26,100,11,0,3,0,0,587,3,0,0.899,,900,,,,,1,,,
CompleteGumtreeMatcher,87,15,71,11,0,5,0,0,587,3,0,0.899,,900,,,,,2,,,
CompleteGumtreeMatcher,79,13,63,11,0,5,0,0,587,3,0,0.899,,900,,,,,3,,,
CompleteGumtreeMatcher,79,13,63,11,0,5,0,0,586,3,0,0.899,,900,,,,,4,,,
CompleteGumtreeMatcher,63,11,47,11,0,5,0,0,586,3,0,0.899,,900,,,,,5,,,
CompleteGumtreeMatcher,114,26,100,11,0,3,0,0,594,3,0,0.999,,900,,,,,1,,,
CompleteGumtreeMatcher,87,15,71,11,0,5,0,0,587,3,0,0.999,,900,,,,,2,,,
CompleteGumtreeMatcher,79,13,63,11,0,5,0,0,586,3,0,0.999,,900,,,,,3,,,
CompleteGumtreeMatcher,79,13,63,11,0,5,0,0,588,3,0,0.999,,900,,,,,4,,,
CompleteGumtreeMatcher,63,11,47,11,0,5,0,0,586,3,0,0.999,,900,,,,,5,,,
CompleteGumtreeMatcher,114,26,100,11,0,3,0,0,586,3,0,0.1,,1000,,,,,1,,,
CompleteGumtreeMatcher,87,15,71,11,0,5,0,0,604,3,0,0.1,,1000,,,,,2,,,
CompleteGumtreeMatcher,79,13,63,11,0,5,0,0,586,3,0,0.1,,1000,,,,,3,,,
CompleteGumtreeMatcher,79,13,63,11,0,5,0,0,587,3,0,0.1,,1000,,,,,4,,,
CompleteGumtreeMatcher,63,11,47,11,0,5,0,0,590,3,0,0.1,,1000,,,,,5,,,
CompleteGumtreeMatcher,114,26,100,11,0,3,0,0,586,3,0,0.2,,1000,,,,,1,,,
CompleteGumtreeMatcher,87,15,71,11,0,5,0,0,586,3,0,0.2,,1000,,,,,2,,,
CompleteGumtreeMatcher,79,13,63,11,0,5,0,0,586,3,0,0.2,,1000,,,,,3,,,
CompleteGumtreeMatcher,79,13,63,11,0,5,0,0,588,3,0,0.2,,1000,,,,,4,,,
CompleteGumtreeMatcher,63,11,47,11,0,5,0,0,586,3,0,0.2,,1000,,,,,5,,,
CompleteGumtreeMatcher,114,26,100,11,0,3,0,0,587,3,0,0.3,,1000,,,,,1,,,
CompleteGumtreeMatcher,87,15,71,11,0,5,0,0,587,3,0,0.3,,1000,,,,,2,,,
CompleteGumtreeMatcher,79,13,63,11,0,5,0,0,586,3,0,0.3,,1000,,,,,3,,,
CompleteGumtreeMatcher,79,13,63,11,0,5,0,0,589,3,0,0.3,,1000,,,,,4,,,
CompleteGumtreeMatcher,63,11,47,11,0,5,0,0,586,3,0,0.3,,1000,,,,,5,,,
CompleteGumtreeMatcher,114,26,100,11,0,3,0,0,587,3,0,0.4,,1000,,,,,1,,,
CompleteGumtreeMatcher,87,15,71,11,0,5,0,0,587,3,0,0.4,,1000,,,,,2,,,
CompleteGumtreeMatcher,79,13,63,11,0,5,0,0,588,3,0,0.4,,1000,,,,,3,,,
CompleteGumtreeMatcher,79,13,63,11,0,5,0,0,587,3,0,0.4,,1000,,,,,4,,,
CompleteGumtreeMatcher,63,11,47,11,0,5,0,0,587,3,0,0.4,,1000,,,,,5,,,
CompleteGumtreeMatcher,114,26,100,11,0,3,0,0,587,3,0,0.5,,1000,,,,,1,,,
CompleteGumtreeMatcher,87,15,71,11,0,5,0,0,589,3,0,0.5,,1000,,,,,2,,,
CompleteGumtreeMatcher,79,13,63,11,0,5,0,0,586,3,0,0.5,,1000,,,,,3,,,
CompleteGumtreeMatcher,79,13,63,11,0,5,0,0,586,3,0,0.5,,1000,,,,,4,,,
CompleteGumtreeMatcher,63,11,47,11,0,5,0,0,587,3,0,0.5,,1000,,,,,5,,,
CompleteGumtreeMatcher,114,26,100,11,0,3,0,0,587,3,0,0.6,,1000,,,,,1,,,
CompleteGumtreeMatcher,87,15,71,11,0,5,0,0,586,3,0,0.6,,1000,,,,,2,,,
CompleteGumtreeMatcher,79,13,63,11,0,5,0,0,587,3,0,0.6,,1000,,,,,3,,,
CompleteGumtreeMatcher,79,13,63,11,0,5,0,0,585,3,0,0.6,,1000,,,,,4,,,
CompleteGumtreeMatcher,63,11,47,11,0,5,0,0,586,3,0,0.6,,1000,,,,,5,,,
CompleteGumtreeMatcher,114,26,100,11,0,3,0,0,588,3,0,0.7,,1000,,,,,1,,,
CompleteGumtreeMatcher,87,15,71,11,0,5,0,0,587,3,0,0.7,,1000,,,,,2,,,
CompleteGumtreeMatcher,79,13,63,11,0,5,0,0,589,3,0,0.7,,1000,,,,,3,,,
CompleteGumtreeMatcher,79,13,63,11,0,5,0,0,588,3,0,0.7,,1000,,,,,4,,,
CompleteGumtreeMatcher,63,11,47,11,0,5,0,0,588,3,0,0.7,,1000,,,,,5,,,
CompleteGumtreeMatcher,114,26,100,11,0,3,0,0,587,3,0,0.799,,1000,,,,,1,,,
CompleteGumtreeMatcher,87,15,71,11,0,5,0,0,588,3,0,0.799,,1000,,,,,2,,,
CompleteGumtreeMatcher,79,13,63,11,0,5,0,0,587,3,0,0.799,,1000,,,,,3,,,
CompleteGumtreeMatcher,79,13,63,11,0,5,0,0,588,3,0,0.799,,1000,,,,,4,,,
CompleteGumtreeMatcher,63,11,47,11,0,5,0,0,589,3,0,0.799,,1000,,,,,5,,,
CompleteGumtreeMatcher,114,26,100,11,0,3,0,0,586,3,0,0.899,,1000,,,,,1,,,
CompleteGumtreeMatcher,87,15,71,11,0,5,0,0,586,3,0,0.899,,1000,,,,,2,,,
CompleteGumtreeMatcher,79,13,63,11,0,5,0,0,586,3,0,0.899,,1000,,,,,3,,,
CompleteGumtreeMatcher,79,13,63,11,0,5,0,0,586,3,0,0.899,,1000,,,,,4,,,
CompleteGumtreeMatcher,63,11,47,11,0,5,0,0,586,3,0,0.899,,1000,,,,,5,,,
CompleteGumtreeMatcher,114,26,100,11,0,3,0,0,587,3,0,0.999,,1000,,,,,1,,,
CompleteGumtreeMatcher,87,15,71,11,0,5,0,0,587,3,0,0.999,,1000,,,,,2,,,
CompleteGumtreeMatcher,79,13,63,11,0,5,0,0,587,3,0,0.999,,1000,,,,,3,,,
CompleteGumtreeMatcher,79,13,63,11,0,5,0,0,585,3,0,0.999,,1000,,,,,4,,,
CompleteGumtreeMatcher,63,11,47,11,0,5,0,0,588,3,0,0.999,,1000,,,,,5,,,
CompleteGumtreeMatcher,114,26,100,11,0,3,0,0,594,3,0,0.1,,1100,,,,,1,,,
CompleteGumtreeMatcher,87,15,71,11,0,5,0,0,594,3,0,0.1,,1100,,,,,2,,,
CompleteGumtreeMatcher,79,13,63,11,0,5,0,0,594,3,0,0.1,,1100,,,,,3,,,
CompleteGumtreeMatcher,79,13,63,11,0,5,0,0,594,3,0,0.1,,1100,,,,,4,,,
CompleteGumtreeMatcher,63,11,47,11,0,5,0,0,593,3,0,0.1,,1100,,,,,5,,,
CompleteGumtreeMatcher,114,26,100,11,0,3,0,0,595,3,0,0.2,,1100,,,,,1,,,
CompleteGumtreeMatcher,87,15,71,11,0,5,0,0,594,3,0,0.2,,1100,,,,,2,,,
CompleteGumtreeMatcher,79,13,63,11,0,5,0,0,600,3,0,0.2,,1100,,,,,3,,,
CompleteGumtreeMatcher,79,13,63,11,0,5,0,0,595,3,0,0.2,,1100,,,,,4,,,
CompleteGumtreeMatcher,63,11,47,11,0,5,0,0,596,3,0,0.2,,1100,,,,,5,,,
CompleteGumtreeMatcher,114,26,100,11,0,3,0,0,587,3,0,0.3,,1100,,,,,1,,,
CompleteGumtreeMatcher,87,15,71,11,0,5,0,0,587,3,0,0.3,,1100,,,,,2,,,
CompleteGumtreeMatcher,79,13,63,11,0,5,0,0,590,3,0,0.3,,1100,,,,,3,,,
CompleteGumtreeMatcher,79,13,63,11,0,5,0,0,588,3,0,0.3,,1100,,,,,4,,,
CompleteGumtreeMatcher,63,11,47,11,0,5,0,0,586,3,0,0.3,,1100,,,,,5,,,
CompleteGumtreeMatcher,114,26,100,11,0,3,0,0,587,3,0,0.4,,1100,,,,,1,,,
CompleteGumtreeMatcher,87,15,71,11,0,5,0,0,586,3,0,0.4,,1100,,,,,2,,,
CompleteGumtreeMatcher,79,13,63,11,0,5,0,0,587,3,0,0.4,,1100,,,,,3,,,
CompleteGumtreeMatcher,79,13,63,11,0,5,0,0,587,3,0,0.4,,1100,,,,,4,,,
CompleteGumtreeMatcher,63,11,47,11,0,5,0,0,588,3,0,0.4,,1100,,,,,5,,,
CompleteGumtreeMatcher,114,26,100,11,0,3,0,0,585,3,0,0.5,,1100,,,,,1,,,
CompleteGumtreeMatcher,87,15,71,11,0,5,0,0,586,3,0,0.5,,1100,,,,,2,,,
CompleteGumtreeMatcher,79,13,63,11,0,5,0,0,586,3,0,0.5,,1100,,,,,3,,,
CompleteGumtreeMatcher,79,13,63,11,0,5,0,0,588,3,0,0.5,,1100,,,,,4,,,
CompleteGumtreeMatcher,63,11,47,11,0,5,0,0,586,3,0,0.5,,1100,,,,,5,,,
CompleteGumtreeMatcher,114,26,100,11,0,3,0,0,587,3,0,0.6,,1100,,,,,1,,,
CompleteGumtreeMatcher,87,15,71,11,0,5,0,0,586,3,0,0.6,,1100,,,,,2,,,
CompleteGumtreeMatcher,79,13,63,11,0,5,0,0,586,3,0,0.6,,1100,,,,,3,,,
CompleteGumtreeMatcher,79,13,63,11,0,5,0,0,587,3,0,0.6,,1100,,,,,4,,,
CompleteGumtreeMatcher,63,11,47,11,0,5,0,0,588,3,0,0.6,,1100,,,,,5,,,
CompleteGumtreeMatcher,114,26,100,11,0,3,0,0,588,3,0,0.7,,1100,,,,,1,,,
CompleteGumtreeMatcher,87,15,71,11,0,5,0,0,586,3,0,0.7,,1100,,,,,2,,,
CompleteGumtreeMatcher,79,13,63,11,0,5,0,0,586,3,0,0.7,,1100,,,,,3,,,
CompleteGumtreeMatcher,79,13,63,11,0,5,0,0,587,3,0,0.7,,1100,,,,,4,,,
CompleteGumtreeMatcher,63,11,47,11,0,5,0,0,587,3,0,0.7,,1100,,,,,5,,,
CompleteGumtreeMatcher,114,26,100,11,0,3,0,0,588,3,0,0.799,,1100,,,,,1,,,
CompleteGumtreeMatcher,87,15,71,11,0,5,0,0,587,3,0,0.799,,1100,,,,,2,,,
CompleteGumtreeMatcher,79,13,63,11,0,5,0,0,587,3,0,0.799,,1100,,,,,3,,,
CompleteGumtreeMatcher,79,13,63,11,0,5,0,0,590,3,0,0.799,,1100,,,,,4,,,
CompleteGumtreeMatcher,63,11,47,11,0,5,0,0,588,3,0,0.799,,1100,,,,,5,,,
CompleteGumtreeMatcher,114,26,100,11,0,3,0,0,588,3,0,0.899,,1100,,,,,1,,,
CompleteGumtreeMatcher,87,15,71,11,0,5,0,0,592,3,0,0.899,,1100,,,,,2,,,
CompleteGumtreeMatcher,79,13,63,11,0,5,0,0,588,3,0,0.899,,1100,,,,,3,,,
CompleteGumtreeMatcher,79,13,63,11,0,5,0,0,587,3,0,0.899,,1100,,,,,4,,,
CompleteGumtreeMatcher,63,11,47,11,0,5,0,0,587,3,0,0.899,,1100,,,,,5,,,
CompleteGumtreeMatcher,114,26,100,11,0,3,0,0,592,3,0,0.999,,1100,,,,,1,,,
CompleteGumtreeMatcher,87,15,71,11,0,5,0,0,588,3,0,0.999,,1100,,,,,2,,,
CompleteGumtreeMatcher,79,13,63,11,0,5,0,0,588,3,0,0.999,,1100,,,,,3,,,
CompleteGumtreeMatcher,79,13,63,11,0,5,0,0,590,3,0,0.999,,1100,,,,,4,,,
CompleteGumtreeMatcher,63,11,47,11,0,5,0,0,589,3,0,0.999,,1100,,,,,5,,,
CompleteGumtreeMatcher,114,26,100,11,0,3,0,0,590,3,0,0.1,,1200,,,,,1,,,
CompleteGumtreeMatcher,87,15,71,11,0,5,0,0,589,3,0,0.1,,1200,,,,,2,,,
CompleteGumtreeMatcher,79,13,63,11,0,5,0,0,590,3,0,0.1,,1200,,,,,3,,,
CompleteGumtreeMatcher,79,13,63,11,0,5,0,0,589,3,0,0.1,,1200,,,,,4,,,
CompleteGumtreeMatcher,63,11,47,11,0,5,0,0,589,3,0,0.1,,1200,,,,,5,,,
CompleteGumtreeMatcher,114,26,100,11,0,3,0,0,590,3,0,0.2,,1200,,,,,1,,,
CompleteGumtreeMatcher,87,15,71,11,0,5,0,0,589,3,0,0.2,,1200,,,,,2,,,
CompleteGumtreeMatcher,79,13,63,11,0,5,0,0,589,3,0,0.2,,1200,,,,,3,,,
CompleteGumtreeMatcher,79,13,63,11,0,5,0,0,590,3,0,0.2,,1200,,,,,4,,,
CompleteGumtreeMatcher,63,11,47,11,0,5,0,0,598,3,0,0.2,,1200,,,,,5,,,
CompleteGumtreeMatcher,114,26,100,11,0,3,0,0,589,3,0,0.3,,1200,,,,,1,,,
CompleteGumtreeMatcher,87,15,71,11,0,5,0,0,588,3,0,0.3,,1200,,,,,2,,,
CompleteGumtreeMatcher,79,13,63,11,0,5,0,0,589,3,0,0.3,,1200,,,,,3,,,
CompleteGumtreeMatcher,79,13,63,11,0,5,0,0,588,3,0,0.3,,1200,,,,,4,,,
CompleteGumtreeMatcher,63,11,47,11,0,5,0,0,588,3,0,0.3,,1200,,,,,5,,,
CompleteGumtreeMatcher,114,26,100,11,0,3,0,0,600,3,0,0.4,,1200,,,,,1,,,
CompleteGumtreeMatcher,87,15,71,11,0,5,0,0,598,3,0,0.4,,1200,,,,,2,,,
CompleteGumtreeMatcher,79,13,63,11,0,5,0,0,597,3,0,0.4,,1200,,,,,3,,,
CompleteGumtreeMatcher,79,13,63,11,0,5,0,0,601,3,0,0.4,,1200,,,,,4,,,
CompleteGumtreeMatcher,63,11,47,11,0,5,0,0,611,3,0,0.4,,1200,,,,,5,,,
CompleteGumtreeMatcher,114,26,100,11,0,3,0,0,597,3,0,0.5,,1200,,,,,1,,,
CompleteGumtreeMatcher,87,15,71,11,0,5,0,0,597,3,0,0.5,,1200,,,,,2,,,
CompleteGumtreeMatcher,79,13,63,11,0,5,0,0,596,3,0,0.5,,1200,,,,,3,,,
CompleteGumtreeMatcher,79,13,63,11,0,5,0,0,597,3,0,0.5,,1200,,,,,4,,,
CompleteGumtreeMatcher,63,11,47,11,0,5,0,0,597,3,0,0.5,,1200,,,,,5,,,
CompleteGumtreeMatcher,114,26,100,11,0,3,0,0,586,3,0,0.6,,1200,,,,,1,,,
CompleteGumtreeMatcher,87,15,71,11,0,5,0,0,587,3,0,0.6,,1200,,,,,2,,,
CompleteGumtreeMatcher,79,13,63,11,0,5,0,0,586,3,0,0.6,,1200,,,,,3,,,
CompleteGumtreeMatcher,79,13,63,11,0,5,0,0,588,3,0,0.6,,1200,,,,,4,,,
CompleteGumtreeMatcher,63,11,47,11,0,5,0,0,588,3,0,0.6,,1200,,,,,5,,,
CompleteGumtreeMatcher,114,26,100,11,0,3,0,0,586,3,0,0.7,,1200,,,,,1,,,
CompleteGumtreeMatcher,87,15,71,11,0,5,0,0,586,3,0,0.7,,1200,,,,,2,,,
CompleteGumtreeMatcher,79,13,63,11,0,5,0,0,587,3,0,0.7,,1200,,,,,3,,,
CompleteGumtreeMatcher,79,13,63,11,0,5,0,0,591,3,0,0.7,,1200,,,,,4,,,
CompleteGumtreeMatcher,63,11,47,11,0,5,0,0,595,3,0,0.7,,1200,,,,,5,,,
CompleteGumtreeMatcher,114,26,100,11,0,3,0,0,591,3,0,0.799,,1200,,,,,1,,,
CompleteGumtreeMatcher,87,15,71,11,0,5,0,0,586,3,0,0.799,,1200,,,,,2,,,
CompleteGumtreeMatcher,79,13,63,11,0,5,0,0,586,3,0,0.799,,1200,,,,,3,,,
CompleteGumtreeMatcher,79,13,63,11,0,5,0,0,588,3,0,0.799,,1200,,,,,4,,,
CompleteGumtreeMatcher,63,11,47,11,0,5,0,0,586,3,0,0.799,,1200,,,,,5,,,
CompleteGumtreeMatcher,114,26,100,11,0,3,0,0,588,3,0,0.899,,1200,,,,,1,,,
CompleteGumtreeMatcher,87,15,71,11,0,5,0,0,587,3,0,0.899,,1200,,,,,2,,,
CompleteGumtreeMatcher,79,13,63,11,0,5,0,0,586,3,0,0.899,,1200,,,,,3,,,
CompleteGumtreeMatcher,79,13,63,11,0,5,0,0,587,3,0,0.899,,1200,,,,,4,,,
CompleteGumtreeMatcher,63,11,47,11,0,5,0,0,592,3,0,0.899,,1200,,,,,5,,,
CompleteGumtreeMatcher,114,26,100,11,0,3,0,0,586,3,0,0.999,,1200,,,,,1,,,
CompleteGumtreeMatcher,87,15,71,11,0,5,0,0,586,3,0,0.999,,1200,,,,,2,,,
CompleteGumtreeMatcher,79,13,63,11,0,5,0,0,586,3,0,0.999,,1200,,,,,3,,,
CompleteGumtreeMatcher,79,13,63,11,0,5,0,0,588,3,0,0.999,,1200,,,,,4,,,
CompleteGumtreeMatcher,63,11,47,11,0,5,0,0,585,3,0,0.999,,1200,,,,,5,,,
CompleteGumtreeMatcher,114,26,100,11,0,3,0,0,586,3,0,0.1,,1300,,,,,1,,,
CompleteGumtreeMatcher,87,15,71,11,0,5,0,0,585,3,0,0.1,,1300,,,,,2,,,
CompleteGumtreeMatcher,79,13,63,11,0,5,0,0,586,3,0,0.1,,1300,,,,,3,,,
CompleteGumtreeMatcher,79,13,63,11,0,5,0,0,594,3,0,0.1,,1300,,,,,4,,,
CompleteGumtreeMatcher,63,11,47,11,0,5,0,0,587,3,0,0.1,,1300,,,,,5,,,
CompleteGumtreeMatcher,114,26,100,11,0,3,0,0,587,3,0,0.2,,1300,,,,,1,,,
CompleteGumtreeMatcher,87,15,71,11,0,5,0,0,587,3,0,0.2,,1300,,,,,2,,,
CompleteGumtreeMatcher,79,13,63,11,0,5,0,0,588,3,0,0.2,,1300,,,,,3,,,
CompleteGumtreeMatcher,79,13,63,11,0,5,0,0,587,3,0,0.2,,1300,,,,,4,,,
CompleteGumtreeMatcher,63,11,47,11,0,5,0,0,586,3,0,0.2,,1300,,,,,5,,,
CompleteGumtreeMatcher,114,26,100,11,0,3,0,0,593,3,0,0.3,,1300,,,,,1,,,
CompleteGumtreeMatcher,87,15,71,11,0,5,0,0,587,3,0,0.3,,1300,,,,,2,,,
CompleteGumtreeMatcher,79,13,63,11,0,5,0,0,587,3,0,0.3,,1300,,,,,3,,,
CompleteGumtreeMatcher,79,13,63,11,0,5,0,0,587,3,0,0.3,,1300,,,,,4,,,
CompleteGumtreeMatcher,63,11,47,11,0,5,0,0,586,3,0,0.3,,1300,,,,,5,,,
CompleteGumtreeMatcher,114,26,100,11,0,3,0,0,588,3,0,0.4,,1300,,,,,1,,,
CompleteGumtreeMatcher,87,15,71,11,0,5,0,0,587,3,0,0.4,,1300,,,,,2,,,
CompleteGumtreeMatcher,79,13,63,11,0,5,0,0,587,3,0,0.4,,1300,,,,,3,,,
CompleteGumtreeMatcher,79,13,63,11,0,5,0,0,589,3,0,0.4,,1300,,,,,4,,,
CompleteGumtreeMatcher,63,11,47,11,0,5,0,0,587,3,0,0.4,,1300,,,,,5,,,
CompleteGumtreeMatcher,114,26,100,11,0,3,0,0,587,3,0,0.5,,1300,,,,,1,,,
CompleteGumtreeMatcher,87,15,71,11,0,5,0,0,586,3,0,0.5,,1300,,,,,2,,,
CompleteGumtreeMatcher,79,13,63,11,0,5,0,0,586,3,0,0.5,,1300,,,,,3,,,
CompleteGumtreeMatcher,79,13,63,11,0,5,0,0,586,3,0,0.5,,1300,,,,,4,,,
CompleteGumtreeMatcher,63,11,47,11,0,5,0,0,587,3,0,0.5,,1300,,,,,5,,,
CompleteGumtreeMatcher,114,26,100,11,0,3,0,0,587,3,0,0.6,,1300,,,,,1,,,
CompleteGumtreeMatcher,87,15,71,11,0,5,0,0,587,3,0,0.6,,1300,,,,,2,,,
CompleteGumtreeMatcher,79,13,63,11,0,5,0,0,587,3,0,0.6,,1300,,,,,3,,,
CompleteGumtreeMatcher,79,13,63,11,0,5,0,0,587,3,0,0.6,,1300,,,,,4,,,
CompleteGumtreeMatcher,63,11,47,11,0,5,0,0,587,3,0,0.6,,1300,,,,,5,,,
CompleteGumtreeMatcher,114,26,100,11,0,3,0,0,594,3,0,0.7,,1300,,,,,1,,,
CompleteGumtreeMatcher,87,15,71,11,0,5,0,0,594,3,0,0.7,,1300,,,,,2,,,
CompleteGumtreeMatcher,79,13,63,11,0,5,0,0,593,3,0,0.7,,1300,,,,,3,,,
CompleteGumtreeMatcher,79,13,63,11,0,5,0,0,593,3,0,0.7,,1300,,,,,4,,,
CompleteGumtreeMatcher,63,11,47,11,0,5,0,0,598,3,0,0.7,,1300,,,,,5,,,
CompleteGumtreeMatcher,114,26,100,11,0,3,0,0,594,3,0,0.799,,1300,,,,,1,,,
CompleteGumtreeMatcher,87,15,71,11,0,5,0,0,593,3,0,0.799,,1300,,,,,2,,,
CompleteGumtreeMatcher,79,13,63,11,0,5,0,0,593,3,0,0.799,,1300,,,,,3,,,
CompleteGumtreeMatcher,79,13,63,11,0,5,0,0,596,3,0,0.799,,1300,,,,,4,,,
CompleteGumtreeMatcher,63,11,47,11,0,5,0,0,593,3,0,0.799,,1300,,,,,5,,,
CompleteGumtreeMatcher,114,26,100,11,0,3,0,0,586,3,0,0.899,,1300,,,,,1,,,
CompleteGumtreeMatcher,87,15,71,11,0,5,0,0,586,3,0,0.899,,1300,,,,,2,,,
CompleteGumtreeMatcher,79,13,63,11,0,5,0,0,587,3,0,0.899,,1300,,,,,3,,,
CompleteGumtreeMatcher,79,13,63,11,0,5,0,0,586,3,0,0.899,,1300,,,,,4,,,
CompleteGumtreeMatcher,63,11,47,11,0,5,0,0,589,3,0,0.899,,1300,,,,,5,,,
CompleteGumtreeMatcher,114,26,100,11,0,3,0,0,587,3,0,0.999,,1300,,,,,1,,,
CompleteGumtreeMatcher,87,15,71,11,0,5,0,0,587,3,0,0.999,,1300,,,,,2,,,
CompleteGumtreeMatcher,79,13,63,11,0,5,0,0,587,3,0,0.999,,1300,,,,,3,,,
CompleteGumtreeMatcher,79,13,63,11,0,5,0,0,587,3,0,0.999,,1300,,,,,4,,,
CompleteGumtreeMatcher,63,11,47,11,0,5,0,0,587,3,0,0.999,,1300,,,,,5,,,
CompleteGumtreeMatcher,114,26,100,11,0,3,0,0,587,3,0,0.1,,1400,,,,,1,,,
CompleteGumtreeMatcher,87,15,71,11,0,5,0,0,587,3,0,0.1,,1400,,,,,2,,,
CompleteGumtreeMatcher,79,13,63,11,0,5,0,0,590,3,0,0.1,,1400,,,,,3,,,
CompleteGumtreeMatcher,79,13,63,11,0,5,0,0,600,3,0,0.1,,1400,,,,,4,,,
CompleteGumtreeMatcher,63,11,47,11,0,5,0,0,587,3,0,0.1,,1400,,,,,5,,,
CompleteGumtreeMatcher,114,26,100,11,0,3,0,0,591,3,0,0.2,,1400,,,,,1,,,
CompleteGumtreeMatcher,87,15,71,11,0,5,0,0,587,3,0,0.2,,1400,,,,,2,,,
CompleteGumtreeMatcher,79,13,63,11,0,5,0,0,587,3,0,0.2,,1400,,,,,3,,,
CompleteGumtreeMatcher,79,13,63,11,0,5,0,0,589,3,0,0.2,,1400,,,,,4,,,
CompleteGumtreeMatcher,63,11,47,11,0,5,0,0,587,3,0,0.2,,1400,,,,,5,,,
CompleteGumtreeMatcher,114,26,100,11,0,3,0,0,588,3,0,0.3,,1400,,,,,1,,,
CompleteGumtreeMatcher,87,15,71,11,0,5,0,0,587,3,0,0.3,,1400,,,,,2,,,
CompleteGumtreeMatcher,79,13,63,11,0,5,0,0,587,3,0,0.3,,1400,,,,,3,,,
CompleteGumtreeMatcher,79,13,63,11,0,5,0,0,587,3,0,0.3,,1400,,,,,4,,,
CompleteGumtreeMatcher,63,11,47,11,0,5,0,0,587,3,0,0.3,,1400,,,,,5,,,
CompleteGumtreeMatcher,114,26,100,11,0,3,0,0,587,3,0,0.4,,1400,,,,,1,,,
CompleteGumtreeMatcher,87,15,71,11,0,5,0,0,587,3,0,0.4,,1400,,,,,2,,,
CompleteGumtreeMatcher,79,13,63,11,0,5,0,0,587,3,0,0.4,,1400,,,,,3,,,
CompleteGumtreeMatcher,79,13,63,11,0,5,0,0,588,3,0,0.4,,1400,,,,,4,,,
CompleteGumtreeMatcher,63,11,47,11,0,5,0,0,586,3,0,0.4,,1400,,,,,5,,,
CompleteGumtreeMatcher,114,26,100,11,0,3,0,0,586,3,0,0.5,,1400,,,,,1,,,
CompleteGumtreeMatcher,87,15,71,11,0,5,0,0,586,3,0,0.5,,1400,,,,,2,,,
CompleteGumtreeMatcher,79,13,63,11,0,5,0,0,587,3,0,0.5,,1400,,,,,3,,,
CompleteGumtreeMatcher,79,13,63,11,0,5,0,0,586,3,0,0.5,,1400,,,,,4,,,
CompleteGumtreeMatcher,63,11,47,11,0,5,0,0,586,3,0,0.5,,1400,,,,,5,,,
CompleteGumtreeMatcher,114,26,100,11,0,3,0,0,586,3,0,0.6,,1400,,,,,1,,,
CompleteGumtreeMatcher,87,15,71,11,0,5,0,0,587,3,0,0.6,,1400,,,,,2,,,
CompleteGumtreeMatcher,79,13,63,11,0,5,0,0,586,3,0,0.6,,1400,,,,,3,,,
CompleteGumtreeMatcher,79,13,63,11,0,5,0,0,588,3,0,0.6,,1400,,,,,4,,,
CompleteGumtreeMatcher,63,11,47,11,0,5,0,0,586,3,0,0.6,,1400,,,,,5,,,
CompleteGumtreeMatcher,114,26,100,11,0,3,0,0,587,3,0,0.7,,1400,,,,,1,,,
CompleteGumtreeMatcher,87,15,71,11,0,5,0,0,587,3,0,0.7,,1400,,,,,2,,,
CompleteGumtreeMatcher,79,13,63,11,0,5,0,0,588,3,0,0.7,,1400,,,,,3,,,
CompleteGumtreeMatcher,79,13,63,11,0,5,0,0,586,3,0,0.7,,1400,,,,,4,,,
CompleteGumtreeMatcher,63,11,47,11,0,5,0,0,586,3,0,0.7,,1400,,,,,5,,,
CompleteGumtreeMatcher,114,26,100,11,0,3,0,0,593,3,0,0.799,,1400,,,,,1,,,
CompleteGumtreeMatcher,87,15,71,11,0,5,0,0,587,3,0,0.799,,1400,,,,,2,,,
CompleteGumtreeMatcher,79,13,63,11,0,5,0,0,587,3,0,0.799,,1400,,,,,3,,,
CompleteGumtreeMatcher,79,13,63,11,0,5,0,0,587,3,0,0.799,,1400,,,,,4,,,
CompleteGumtreeMatcher,63,11,47,11,0,5,0,0,586,3,0,0.799,,1400,,,,,5,,,
CompleteGumtreeMatcher,114,26,100,11,0,3,0,0,586,3,0,0.899,,1400,,,,,1,,,
CompleteGumtreeMatcher,87,15,71,11,0,5,0,0,587,3,0,0.899,,1400,,,,,2,,,
CompleteGumtreeMatcher,79,13,63,11,0,5,0,0,586,3,0,0.899,,1400,,,,,3,,,
CompleteGumtreeMatcher,79,13,63,11,0,5,0,0,587,3,0,0.899,,1400,,,,,4,,,
CompleteGumtreeMatcher,63,11,47,11,0,5,0,0,587,3,0,0.899,,1400,,,,,5,,,
CompleteGumtreeMatcher,114,26,100,11,0,3,0,0,587,3,0,0.999,,1400,,,,,1,,,
CompleteGumtreeMatcher,87,15,71,11,0,5,0,0,586,3,0,0.999,,1400,,,,,2,,,
CompleteGumtreeMatcher,79,13,63,11,0,5,0,0,588,3,0,0.999,,1400,,,,,3,,,
CompleteGumtreeMatcher,79,13,63,11,0,5,0,0,587,3,0,0.999,,1400,,,,,4,,,
CompleteGumtreeMatcher,63,11,47,11,0,5,0,0,588,3,0,0.999,,1400,,,,,5,,,
CompleteGumtreeMatcher,114,26,100,11,0,3,0,0,594,3,0,0.1,,1500,,,,,1,,,
CompleteGumtreeMatcher,87,15,71,11,0,5,0,0,593,3,0,0.1,,1500,,,,,2,,,
CompleteGumtreeMatcher,79,13,63,11,0,5,0,0,593,3,0,0.1,,1500,,,,,3,,,
CompleteGumtreeMatcher,79,13,63,11,0,5,0,0,594,3,0,0.1,,1500,,,,,4,,,
CompleteGumtreeMatcher,63,11,47,11,0,5,0,0,594,3,0,0.1,,1500,,,,,5,,,
CompleteGumtreeMatcher,114,26,100,11,0,3,0,0,594,3,0,0.2,,1500,,,,,1,,,
CompleteGumtreeMatcher,87,15,71,11,0,5,0,0,595,3,0,0.2,,1500,,,,,2,,,
CompleteGumtreeMatcher,79,13,63,11,0,5,0,0,594,3,0,0.2,,1500,,,,,3,,,
CompleteGumtreeMatcher,79,13,63,11,0,5,0,0,594,3,0,0.2,,1500,,,,,4,,,
CompleteGumtreeMatcher,63,11,47,11,0,5,0,0,595,3,0,0.2,,1500,,,,,5,,,
CompleteGumtreeMatcher,114,26,100,11,0,3,0,0,587,3,0,0.3,,1500,,,,,1,,,
CompleteGumtreeMatcher,87,15,71,11,0,5,0,0,587,3,0,0.3,,1500,,,,,2,,,
CompleteGumtreeMatcher,79,13,63,11,0,5,0,0,587,3,0,0.3,,1500,,,,,3,,,
CompleteGumtreeMatcher,79,13,63,11,0,5,0,0,586,3,0,0.3,,1500,,,,,4,,,
CompleteGumtreeMatcher,63,11,47,11,0,5,0,0,587,3,0,0.3,,1500,,,,,5,,,
CompleteGumtreeMatcher,114,26,100,11,0,3,0,0,593,3,0,0.4,,1500,,,,,1,,,
CompleteGumtreeMatcher,87,15,71,11,0,5,0,0,587,3,0,0.4,,1500,,,,,2,,,
CompleteGumtreeMatcher,79,13,63,11,0,5,0,0,587,3,0,0.4,,1500,,,,,3,,,
CompleteGumtreeMatcher,79,13,63,11,0,5,0,0,586,3,0,0.4,,1500,,,,,4,,,
CompleteGumtreeMatcher,63,11,47,11,0,5,0,0,588,3,0,0.4,,1500,,,,,5,,,
CompleteGumtreeMatcher,114,26,100,11,0,3,0,0,591,3,0,0.5,,1500,,,,,1,,,
CompleteGumtreeMatcher,87,15,71,11,0,5,0,0,588,3,0,0.5,,1500,,,,,2,,,
CompleteGumtreeMatcher,79,13,63,11,0,5,0,0,586,3,0,0.5,,1500,,,,,3,,,
CompleteGumtreeMatcher,79,13,63,11,0,5,0,0,587,3,0,0.5,,1500,,,,,4,,,
CompleteGumtreeMatcher,63,11,47,11,0,5,0,0,586,3,0,0.5,,1500,,,,,5,,,
CompleteGumtreeMatcher,114,26,100,11,0,3,0,0,588,3,0,0.6,,1500,,,,,1,,,
CompleteGumtreeMatcher,87,15,71,11,0,5,0,0,586,3,0,0.6,,1500,,,,,2,,,
CompleteGumtreeMatcher,79,13,63,11,0,5,0,0,586,3,0,0.6,,1500,,,,,3,,,
CompleteGumtreeMatcher,79,13,63,11,0,5,0,0,586,3,0,0.6,,1500,,,,,4,,,
CompleteGumtreeMatcher,63,11,47,11,0,5,0,0,590,3,0,0.6,,1500,,,,,5,,,
CompleteGumtreeMatcher,114,26,100,11,0,3,0,0,587,3,0,0.7,,1500,,,,,1,,,
CompleteGumtreeMatcher,87,15,71,11,0,5,0,0,587,3,0,0.7,,1500,,,,,2,,,
CompleteGumtreeMatcher,79,13,63,11,0,5,0,0,587,3,0,0.7,,1500,,,,,3,,,
CompleteGumtreeMatcher,79,13,63,11,0,5,0,0,589,3,0,0.7,,1500,,,,,4,,,
CompleteGumtreeMatcher,63,11,47,11,0,5,0,0,586,3,0,0.7,,1500,,,,,5,,,
CompleteGumtreeMatcher,114,26,100,11,0,3,0,0,586,3,0,0.799,,1500,,,,,1,,,
CompleteGumtreeMatcher,87,15,71,11,0,5,0,0,586,3,0,0.799,,1500,,,,,2,,,
CompleteGumtreeMatcher,79,13,63,11,0,5,0,0,588,3,0,0.799,,1500,,,,,3,,,
CompleteGumtreeMatcher,79,13,63,11,0,5,0,0,587,3,0,0.799,,1500,,,,,4,,,
CompleteGumtreeMatcher,63,11,47,11,0,5,0,0,587,3,0,0.799,,1500,,,,,5,,,
CompleteGumtreeMatcher,114,26,100,11,0,3,0,0,586,3,0,0.899,,1500,,,,,1,,,
CompleteGumtreeMatcher,87,15,71,11,0,5,0,0,586,3,0,0.899,,1500,,,,,2,,,
CompleteGumtreeMatcher,79,13,63,11,0,5,0,0,586,3,0,0.899,,1500,,,,,3,,,
CompleteGumtreeMatcher,79,13,63,11,0,5,0,0,586,3,0,0.899,,1500,,,,,4,,,
CompleteGumtreeMatcher,63,11,47,11,0,5,0,0,586,3,0,0.899,,1500,,,,,5,,,
CompleteGumtreeMatcher,114,26,100,11,0,3,0,0,587,3,0,0.999,,1500,,,,,1,,,
CompleteGumtreeMatcher,87,15,71,11,0,5,0,0,586,3,0,0.999,,1500,,,,,2,,,
CompleteGumtreeMatcher,79,13,63,11,0,5,0,0,587,3,0,0.999,,1500,,,,,3,,,
CompleteGumtreeMatcher,79,13,63,11,0,5,0,0,586,3,0,0.999,,1500,,,,,4,,,
CompleteGumtreeMatcher,63,11,47,11,0,5,0,0,588,3,0,0.999,,1500,,,,,5,,,
CompleteGumtreeMatcher,114,26,100,11,0,3,0,0,587,3,0,0.1,,1600,,,,,1,,,
CompleteGumtreeMatcher,87,15,71,11,0,5,0,0,587,3,0,0.1,,1600,,,,,2,,,
CompleteGumtreeMatcher,79,13,63,11,0,5,0,0,587,3,0,0.1,,1600,,,,,3,,,
CompleteGumtreeMatcher,79,13,63,11,0,5,0,0,586,3,0,0.1,,1600,,,,,4,,,
CompleteGumtreeMatcher,63,11,47,11,0,5,0,0,587,3,0,0.1,,1600,,,,,5,,,
CompleteGumtreeMatcher,114,26,100,11,0,3,0,0,589,3,0,0.2,,1600,,,,,1,,,
CompleteGumtreeMatcher,87,15,71,11,0,5,0,0,588,3,0,0.2,,1600,,,,,2,,,
CompleteGumtreeMatcher,79,13,63,11,0,5,0,0,587,3,0,0.2,,1600,,,,,3,,,
CompleteGumtreeMatcher,79,13,63,11,0,5,0,0,587,3,0,0.2,,1600,,,,,4,,,
CompleteGumtreeMatcher,63,11,47,11,0,5,0,0,589,3,0,0.2,,1600,,,,,5,,,
CompleteGumtreeMatcher,114,26,100,11,0,3,0,0,587,3,0,0.3,,1600,,,,,1,,,
CompleteGumtreeMatcher,87,15,71,11,0,5,0,0,586,3,0,0.3,,1600,,,,,2,,,
CompleteGumtreeMatcher,79,13,63,11,0,5,0,0,586,3,0,0.3,,1600,,,,,3,,,
CompleteGumtreeMatcher,79,13,63,11,0,5,0,0,586,3,0,0.3,,1600,,,,,4,,,
CompleteGumtreeMatcher,63,11,47,11,0,5,0,0,585,3,0,0.3,,1600,,,,,5,,,
CompleteGumtreeMatcher,114,26,100,11,0,3,0,0,588,3,0,0.4,,1600,,,,,1,,,
CompleteGumtreeMatcher,87,15,71,11,0,5,0,0,587,3,0,0.4,,1600,,,,,2,,,
CompleteGumtreeMatcher,79,13,63,11,0,5,0,0,586,3,0,0.4,,1600,,,,,3,,,
CompleteGumtreeMatcher,79,13,63,11,0,5,0,0,587,3,0,0.4,,1600,,,,,4,,,
CompleteGumtreeMatcher,63,11,47,11,0,5,0,0,587,3,0,0.4,,1600,,,,,5,,,
CompleteGumtreeMatcher,114,26,100,11,0,3,0,0,593,3,0,0.5,,1600,,,,,1,,,
CompleteGumtreeMatcher,87,15,71,11,0,5,0,0,594,3,0,0.5,,1600,,,,,2,,,
CompleteGumtreeMatcher,79,13,63,11,0,5,0,0,593,3,0,0.5,,1600,,,,,3,,,
CompleteGumtreeMatcher,79,13,63,11,0,5,0,0,601,3,0,0.5,,1600,,,,,4,,,
CompleteGumtreeMatcher,63,11,47,11,0,5,0,0,594,3,0,0.5,,1600,,,,,5,,,
CompleteGumtreeMatcher,114,26,100,11,0,3,0,0,594,3,0,0.6,,1600,,,,,1,,,
CompleteGumtreeMatcher,87,15,71,11,0,5,0,0,594,3,0,0.6,,1600,,,,,2,,,
CompleteGumtreeMatcher,79,13,63,11,0,5,0,0,593,3,0,0.6,,1600,,,,,3,,,
CompleteGumtreeMatcher,79,13,63,11,0,5,0,0,594,3,0,0.6,,1600,,,,,4,,,
CompleteGumtreeMatcher,63,11,47,11,0,5,0,0,595,3,0,0.6,,1600,,,,,5,,,
CompleteGumtreeMatcher,114,26,100,11,0,3,0,0,587,3,0,0.7,,1600,,,,,1,,,
CompleteGumtreeMatcher,87,15,71,11,0,5,0,0,586,3,0,0.7,,1600,,,,,2,,,
CompleteGumtreeMatcher,79,13,63,11,0,5,0,0,586,3,0,0.7,,1600,,,,,3,,,
CompleteGumtreeMatcher,79,13,63,11,0,5,0,0,586,3,0,0.7,,1600,,,,,4,,,
CompleteGumtreeMatcher,63,11,47,11,0,5,0,0,586,3,0,0.7,,1600,,,,,5,,,
CompleteGumtreeMatcher,114,26,100,11,0,3,0,0,587,3,0,0.799,,1600,,,,,1,,,
CompleteGumtreeMatcher,87,15,71,11,0,5,0,0,587,3,0,0.799,,1600,,,,,2,,,
CompleteGumtreeMatcher,79,13,63,11,0,5,0,0,586,3,0,0.799,,1600,,,,,3,,,
CompleteGumtreeMatcher,79,13,63,11,0,5,0,0,591,3,0,0.799,,1600,,,,,4,,,
CompleteGumtreeMatcher,63,11,47,11,0,5,0,0,588,3,0,0.799,,1600,,,,,5,,,
CompleteGumtreeMatcher,114,26,100,11,0,3,0,0,586,3,0,0.899,,1600,,,,,1,,,
CompleteGumtreeMatcher,87,15,71,11,0,5,0,0,587,3,0,0.899,,1600,,,,,2,,,
CompleteGumtreeMatcher,79,13,63,11,0,5,0,0,586,3,0,0.899,,1600,,,,,3,,,
CompleteGumtreeMatcher,79,13,63,11,0,5,0,0,585,3,0,0.899,,1600,,,,,4,,,
CompleteGumtreeMatcher,63,11,47,11,0,5,0,0,586,3,0,0.899,,1600,,,,,5,,,
CompleteGumtreeMatcher,114,26,100,11,0,3,0,0,589,3,0,0.999,,1600,,,,,1,,,
CompleteGumtreeMatcher,87,15,71,11,0,5,0,0,586,3,0,0.999,,1600,,,,,2,,,
CompleteGumtreeMatcher,79,13,63,11,0,5,0,0,587,3,0,0.999,,1600,,,,,3,,,
CompleteGumtreeMatcher,79,13,63,11,0,5,0,0,587,3,0,0.999,,1600,,,,,4,,,
CompleteGumtreeMatcher,63,11,47,11,0,5,0,0,588,3,0,0.999,,1600,,,,,5,,,
CompleteGumtreeMatcher,114,26,100,11,0,3,0,0,587,3,0,0.1,,1700,,,,,1,,,
CompleteGumtreeMatcher,87,15,71,11,0,5,0,0,586,3,0,0.1,,1700,,,,,2,,,
CompleteGumtreeMatcher,79,13,63,11,0,5,0,0,587,3,0,0.1,,1700,,,,,3,,,
CompleteGumtreeMatcher,79,13,63,11,0,5,0,0,586,3,0,0.1,,1700,,,,,4,,,
CompleteGumtreeMatcher,63,11,47,11,0,5,0,0,586,3,0,0.1,,1700,,,,,5,,,
CompleteGumtreeMatcher,114,26,100,11,0,3,0,0,587,3,0,0.2,,1700,,,,,1,,,
CompleteGumtreeMatcher,87,15,71,11,0,5,0,0,586,3,0,0.2,,1700,,,,,2,,,
CompleteGumtreeMatcher,79,13,63,11,0,5,0,0,587,3,0,0.2,,1700,,,,,3,,,
CompleteGumtreeMatcher,79,13,63,11,0,5,0,0,586,3,0,0.2,,1700,,,,,4,,,
CompleteGumtreeMatcher,63,11,47,11,0,5,0,0,587,3,0,0.2,,1700,,,,,5,,,
CompleteGumtreeMatcher,114,26,100,11,0,3,0,0,587,3,0,0.3,,1700,,,,,1,,,
CompleteGumtreeMatcher,87,15,71,11,0,5,0,0,587,3,0,0.3,,1700,,,,,2,,,
CompleteGumtreeMatcher,79,13,63,11,0,5,0,0,586,3,0,0.3,,1700,,,,,3,,,
CompleteGumtreeMatcher,79,13,63,11,0,5,0,0,586,3,0,0.3,,1700,,,,,4,,,
CompleteGumtreeMatcher,63,11,47,11,0,5,0,0,586,3,0,0.3,,1700,,,,,5,,,
CompleteGumtreeMatcher,114,26,100,11,0,3,0,0,586,3,0,0.4,,1700,,,,,1,,,
CompleteGumtreeMatcher,87,15,71,11,0,5,0,0,587,3,0,0.4,,1700,,,,,2,,,
CompleteGumtreeMatcher,79,13,63,11,0,5,0,0,587,3,0,0.4,,1700,,,,,3,,,
CompleteGumtreeMatcher,79,13,63,11,0,5,0,0,592,3,0,0.4,,1700,,,,,4,,,
CompleteGumtreeMatcher,63,11,47,11,0,5,0,0,589,3,0,0.4,,1700,,,,,5,,,
CompleteGumtreeMatcher,114,26,100,11,0,3,0,0,587,3,0,0.5,,1700,,,,,1,,,
CompleteGumtreeMatcher,87,15,71,11,0,5,0,0,587,3,0,0.5,,1700,,,,,2,,,
CompleteGumtreeMatcher,79,13,63,11,0,5,0,0,586,3,0,0.5,,1700,,,,,3,,,
CompleteGumtreeMatcher,79,13,63,11,0,5,0,0,587,3,0,0.5,,1700,,,,,4,,,
CompleteGumtreeMatcher,63,11,47,11,0,5,0,0,586,3,0,0.5,,1700,,,,,5,,,
CompleteGumtreeMatcher,114,26,100,11,0,3,0,0,587,3,0,0.6,,1700,,,,,1,,,
CompleteGumtreeMatcher,87,15,71,11,0,5,0,0,587,3,0,0.6,,1700,,,,,2,,,
CompleteGumtreeMatcher,79,13,63,11,0,5,0,0,588,3,0,0.6,,1700,,,,,3,,,
CompleteGumtreeMatcher,79,13,63,11,0,5,0,0,587,3,0,0.6,,1700,,,,,4,,,
CompleteGumtreeMatcher,63,11,47,11,0,5,0,0,588,3,0,0.6,,1700,,,,,5,,,
CompleteGumtreeMatcher,114,26,100,11,0,3,0,0,587,3,0,0.7,,1700,,,,,1,,,
CompleteGumtreeMatcher,87,15,71,11,0,5,0,0,587,3,0,0.7,,1700,,,,,2,,,
CompleteGumtreeMatcher,79,13,63,11,0,5,0,0,587,3,0,0.7,,1700,,,,,3,,,
CompleteGumtreeMatcher,79,13,63,11,0,5,0,0,592,3,0,0.7,,1700,,,,,4,,,
CompleteGumtreeMatcher,63,11,47,11,0,5,0,0,587,3,0,0.7,,1700,,,,,5,,,
CompleteGumtreeMatcher,114,26,100,11,0,3,0,0,592,3,0,0.799,,1700,,,,,1,,,
CompleteGumtreeMatcher,87,15,71,11,0,5,0,0,587,3,0,0.799,,1700,,,,,2,,,
CompleteGumtreeMatcher,79,13,63,11,0,5,0,0,588,3,0,0.799,,1700,,,,,3,,,
CompleteGumtreeMatcher,79,13,63,11,0,5,0,0,587,3,0,0.799,,1700,,,,,4,,,
CompleteGumtreeMatcher,63,11,47,11,0,5,0,0,588,3,0,0.799,,1700,,,,,5,,,
CompleteGumtreeMatcher,114,26,100,11,0,3,0,0,594,3,0,0.899,,1700,,,,,1,,,
CompleteGumtreeMatcher,87,15,71,11,0,5,0,0,593,3,0,0.899,,1700,,,,,2,,,
CompleteGumtreeMatcher,79,13,63,11,0,5,0,0,593,3,0,0.899,,1700,,,,,3,,,
CompleteGumtreeMatcher,79,13,63,11,0,5,0,0,601,3,0,0.899,,1700,,,,,4,,,
CompleteGumtreeMatcher,63,11,47,11,0,5,0,0,602,3,0,0.899,,1700,,,,,5,,,
CompleteGumtreeMatcher,114,26,100,11,0,3,0,0,594,3,0,0.999,,1700,,,,,1,,,
CompleteGumtreeMatcher,87,15,71,11,0,5,0,0,593,3,0,0.999,,1700,,,,,2,,,
CompleteGumtreeMatcher,79,13,63,11,0,5,0,0,594,3,0,0.999,,1700,,,,,3,,,
CompleteGumtreeMatcher,79,13,63,11,0,5,0,0,595,3,0,0.999,,1700,,,,,4,,,
CompleteGumtreeMatcher,63,11,47,11,0,5,0,0,595,3,0,0.999,,1700,,,,,5,,,
CompleteGumtreeMatcher,114,26,100,11,0,3,0,0,586,3,0,0.1,,1800,,,,,1,,,
CompleteGumtreeMatcher,87,15,71,11,0,5,0,0,586,3,0,0.1,,1800,,,,,2,,,
CompleteGumtreeMatcher,79,13,63,11,0,5,0,0,586,3,0,0.1,,1800,,,,,3,,,
CompleteGumtreeMatcher,79,13,63,11,0,5,0,0,590,3,0,0.1,,1800,,,,,4,,,
CompleteGumtreeMatcher,63,11,47,11,0,5,0,0,586,3,0,0.1,,1800,,,,,5,,,
CompleteGumtreeMatcher,114,26,100,11,0,3,0,0,587,3,0,0.2,,1800,,,,,1,,,
CompleteGumtreeMatcher,87,15,71,11,0,5,0,0,586,3,0,0.2,,1800,,,,,2,,,
CompleteGumtreeMatcher,79,13,63,11,0,5,0,0,587,3,0,0.2,,1800,,,,,3,,,
CompleteGumtreeMatcher,79,13,63,11,0,5,0,0,587,3,0,0.2,,1800,,,,,4,,,
CompleteGumtreeMatcher,63,11,47,11,0,5,0,0,589,3,0,0.2,,1800,,,,,5,,,
CompleteGumtreeMatcher,114,26,100,11,0,3,0,0,587,3,0,0.3,,1800,,,,,1,,,
CompleteGumtreeMatcher,87,15,71,11,0,5,0,0,587,3,0,0.3,,1800,,,,,2,,,
CompleteGumtreeMatcher,79,13,63,11,0,5,0,0,587,3,0,0.3,,1800,,,,,3,,,
CompleteGumtreeMatcher,79,13,63,11,0,5,0,0,588,3,0,0.3,,1800,,,,,4,,,
CompleteGumtreeMatcher,63,11,47,11,0,5,0,0,587,3,0,0.3,,1800,,,,,5,,,
CompleteGumtreeMatcher,114,26,100,11,0,3,0,0,588,3,0,0.4,,1800,,,,,1,,,
CompleteGumtreeMatcher,87,15,71,11,0,5,0,0,587,3,0,0.4,,1800,,,,,2,,,
CompleteGumtreeMatcher,79,13,63,11,0,5,0,0,588,3,0,0.4,,1800,,,,,3,,,
CompleteGumtreeMatcher,79,13,63,11,0,5,0,0,586,3,0,0.4,,1800,,,,,4,,,
CompleteGumtreeMatcher,63,11,47,11,0,5,0,0,588,3,0,0.4,,1800,,,,,5,,,
CompleteGumtreeMatcher,114,26,100,11,0,3,0,0,587,3,0,0.5,,1800,,,,,1,,,
CompleteGumtreeMatcher,87,15,71,11,0,5,0,0,587,3,0,0.5,,1800,,,,,2,,,
CompleteGumtreeMatcher,79,13,63,11,0,5,0,0,587,3,0,0.5,,1800,,,,,3,,,
CompleteGumtreeMatcher,79,13,63,11,0,5,0,0,587,3,0,0.5,,1800,,,,,4,,,
CompleteGumtreeMatcher,63,11,47,11,0,5,0,0,587,3,0,0.5,,1800,,,,,5,,,
CompleteGumtreeMatcher,114,26,100,11,0,3,0,0,589,3,0,0.6,,1800,,,,,1,,,
CompleteGumtreeMatcher,87,15,71,11,0,5,0,0,590,3,0,0.6,,1800,,,,,2,,,
CompleteGumtreeMatcher,79,13,63,11,0,5,0,0,590,3,0,0.6,,1800,,,,,3,,,
CompleteGumtreeMatcher,79,13,63,11,0,5,0,0,589,3,0,0.6,,1800,,,,,4,,,
CompleteGumtreeMatcher,63,11,47,11,0,5,0,0,588,3,0,0.6,,1800,,,,,5,,,
CompleteGumtreeMatcher,114,26,100,11,0,3,0,0,587,3,0,0.7,,1800,,,,,1,,,
CompleteGumtreeMatcher,87,15,71,11,0,5,0,0,587,3,0,0.7,,1800,,,,,2,,,
CompleteGumtreeMatcher,79,13,63,11,0,5,0,0,587,3,0,0.7,,1800,,,,,3,,,
CompleteGumtreeMatcher,79,13,63,11,0,5,0,0,588,3,0,0.7,,1800,,,,,4,,,
CompleteGumtreeMatcher,63,11,47,11,0,5,0,0,587,3,0,0.7,,1800,,,,,5,,,
CompleteGumtreeMatcher,114,26,100,11,0,3,0,0,592,3,0,0.799,,1800,,,,,1,,,
CompleteGumtreeMatcher,87,15,71,11,0,5,0,0,588,3,0,0.799,,1800,,,,,2,,,
CompleteGumtreeMatcher,79,13,63,11,0,5,0,0,589,3,0,0.799,,1800,,,,,3,,,
CompleteGumtreeMatcher,79,13,63,11,0,5,0,0,587,3,0,0.799,,1800,,,,,4,,,
CompleteGumtreeMatcher,63,11,47,11,0,5,0,0,590,3,0,0.799,,1800,,,,,5,,,
CompleteGumtreeMatcher,114,26,100,11,0,3,0,0,588,3,0,0.899,,1800,,,,,1,,,
CompleteGumtreeMatcher,87,15,71,11,0,5,0,0,587,3,0,0.899,,1800,,,,,2,,,
CompleteGumtreeMatcher,79,13,63,11,0,5,0,0,587,3,0,0.899,,1800,,,,,3,,,
CompleteGumtreeMatcher,79,13,63,11,0,5,0,0,587,3,0,0.899,,1800,,,,,4,,,
CompleteGumtreeMatcher,63,11,47,11,0,5,0,0,587,3,0,0.899,,1800,,,,,5,,,
CompleteGumtreeMatcher,114,26,100,11,0,3,0,0,587,3,0,0.999,,1800,,,,,1,,,
CompleteGumtreeMatcher,87,15,71,11,0,5,0,0,586,3,0,0.999,,1800,,,,,2,,,
CompleteGumtreeMatcher,79,13,63,11,0,5,0,0,588,3,0,0.999,,1800,,,,,3,,,
CompleteGumtreeMatcher,79,13,63,11,0,5,0,0,586,3,0,0.999,,1800,,,,,4,,,
CompleteGumtreeMatcher,63,11,47,11,0,5,0,0,588,3,0,0.999,,1800,,,,,5,,,
CompleteGumtreeMatcher,114,26,100,11,0,3,0,0,593,3,0,0.1,,1900,,,,,1,,,
CompleteGumtreeMatcher,87,15,71,11,0,5,0,0,593,3,0,0.1,,1900,,,,,2,,,
CompleteGumtreeMatcher,79,13,63,11,0,5,0,0,593,3,0,0.1,,1900,,,,,3,,,
CompleteGumtreeMatcher,79,13,63,11,0,5,0,0,593,3,0,0.1,,1900,,,,,4,,,
CompleteGumtreeMatcher,63,11,47,11,0,5,0,0,593,3,0,0.1,,1900,,,,,5,,,
CompleteGumtreeMatcher,114,26,100,11,0,3,0,0,592,3,0,0.2,,1900,,,,,1,,,
CompleteGumtreeMatcher,87,15,71,11,0,5,0,0,593,3,0,0.2,,1900,,,,,2,,,
CompleteGumtreeMatcher,79,13,63,11,0,5,0,0,593,3,0,0.2,,1900,,,,,3,,,
CompleteGumtreeMatcher,79,13,63,11,0,5,0,0,593,3,0,0.2,,1900,,,,,4,,,
CompleteGumtreeMatcher,63,11,47,11,0,5,0,0,594,3,0,0.2,,1900,,,,,5,,,
CompleteGumtreeMatcher,114,26,100,11,0,3,0,0,586,3,0,0.3,,1900,,,,,1,,,
CompleteGumtreeMatcher,87,15,71,11,0,5,0,0,586,3,0,0.3,,1900,,,,,2,,,
CompleteGumtreeMatcher,79,13,63,11,0,5,0,0,586,3,0,0.3,,1900,,,,,3,,,
CompleteGumtreeMatcher,79,13,63,11,0,5,0,0,586,3,0,0.3,,1900,,,,,4,,,
CompleteGumtreeMatcher,63,11,47,11,0,5,0,0,586,3,0,0.3,,1900,,,,,5,,,
CompleteGumtreeMatcher,114,26,100,11,0,3,0,0,589,3,0,0.4,,1900,,,,,1,,,
CompleteGumtreeMatcher,87,15,71,11,0,5,0,0,586,3,0,0.4,,1900,,,,,2,,,
CompleteGumtreeMatcher,79,13,63,11,0,5,0,0,586,3,0,0.4,,1900,,,,,3,,,
CompleteGumtreeMatcher,79,13,63,11,0,5,0,0,586,3,0,0.4,,1900,,,,,4,,,
CompleteGumtreeMatcher,63,11,47,11,0,5,0,0,588,3,0,0.4,,1900,,,,,5,,,
CompleteGumtreeMatcher,114,26,100,11,0,3,0,0,587,3,0,0.5,,1900,,,,,1,,,
CompleteGumtreeMatcher,87,15,71,11,0,5,0,0,587,3,0,0.5,,1900,,,,,2,,,
CompleteGumtreeMatcher,79,13,63,11,0,5,0,0,586,3,0,0.5,,1900,,,,,3,,,
CompleteGumtreeMatcher,79,13,63,11,0,5,0,0,586,3,0,0.5,,1900,,,,,4,,,
CompleteGumtreeMatcher,63,11,47,11,0,5,0,0,591,3,0,0.5,,1900,,,,,5,,,
CompleteGumtreeMatcher,114,26,100,11,0,3,0,0,586,3,0,0.6,,1900,,,,,1,,,
CompleteGumtreeMatcher,87,15,71,11,0,5,0,0,586,3,0,0.6,,1900,,,,,2,,,
CompleteGumtreeMatcher,79,13,63,11,0,5,0,0,587,3,0,0.6,,1900,,,,,3,,,
CompleteGumtreeMatcher,79,13,63,11,0,5,0,0,587,3,0,0.6,,1900,,,,,4,,,
CompleteGumtreeMatcher,63,11,47,11,0,5,0,0,588,3,0,0.6,,1900,,,,,5,,,
CompleteGumtreeMatcher,114,26,100,11,0,3,0,0,586,3,0,0.7,,1900,,,,,1,,,
CompleteGumtreeMatcher,87,15,71,11,0,5,0,0,586,3,0,0.7,,1900,,,,,2,,,
CompleteGumtreeMatcher,79,13,63,11,0,5,0,0,586,3,0,0.7,,1900,,,,,3,,,
CompleteGumtreeMatcher,79,13,63,11,0,5,0,0,586,3,0,0.7,,1900,,,,,4,,,
CompleteGumtreeMatcher,63,11,47,11,0,5,0,0,586,3,0,0.7,,1900,,,,,5,,,
CompleteGumtreeMatcher,114,26,100,11,0,3,0,0,586,3,0,0.799,,1900,,,,,1,,,
CompleteGumtreeMatcher,87,15,71,11,0,5,0,0,590,3,0,0.799,,1900,,,,,2,,,
CompleteGumtreeMatcher,79,13,63,11,0,5,0,0,586,3,0,0.799,,1900,,,,,3,,,
CompleteGumtreeMatcher,79,13,63,11,0,5,0,0,585,3,0,0.799,,1900,,,,,4,,,
CompleteGumtreeMatcher,63,11,47,11,0,5,0,0,587,3,0,0.799,,1900,,,,,5,,,
CompleteGumtreeMatcher,114,26,100,11,0,3,0,0,587,3,0,0.899,,1900,,,,,1,,,
CompleteGumtreeMatcher,87,15,71,11,0,5,0,0,586,3,0,0.899,,1900,,,,,2,,,
CompleteGumtreeMatcher,79,13,63,11,0,5,0,0,586,3,0,0.899,,1900,,,,,3,,,
CompleteGumtreeMatcher,79,13,63,11,0,5,0,0,586,3,0,0.899,,1900,,,,,4,,,
CompleteGumtreeMatcher,63,11,47,11,0,5,0,0,586,3,0,0.899,,1900,,,,,5,,,
CompleteGumtreeMatcher,114,26,100,11,0,3,0,0,586,3,0,0.999,,1900,,,,,1,,,
CompleteGumtreeMatcher,87,15,71,11,0,5,0,0,586,3,0,0.999,,1900,,,,,2,,,
CompleteGumtreeMatcher,79,13,63,11,0,5,0,0,587,3,0,0.999,,1900,,,,,3,,,
CompleteGumtreeMatcher,79,13,63,11,0,5,0,0,586,3,0,0.999,,1900,,,,,4,,,
CompleteGumtreeMatcher,63,11,47,11,0,5,0,0,588,3,0,0.999,,1900,,,,,5,,,
CompleteGumtreeMatcher,114,26,100,11,0,3,0,0,586,3,0,0.1,,2000,,,,,1,,,
CompleteGumtreeMatcher,87,15,71,11,0,5,0,0,587,3,0,0.1,,2000,,,,,2,,,
CompleteGumtreeMatcher,79,13,63,11,0,5,0,0,588,3,0,0.1,,2000,,,,,3,,,
CompleteGumtreeMatcher,79,13,63,11,0,5,0,0,586,3,0,0.1,,2000,,,,,4,,,
CompleteGumtreeMatcher,63,11,47,11,0,5,0,0,587,3,0,0.1,,2000,,,,,5,,,
CompleteGumtreeMatcher,114,26,100,11,0,3,0,0,586,3,0,0.2,,2000,,,,,1,,,
CompleteGumtreeMatcher,87,15,71,11,0,5,0,0,586,3,0,0.2,,2000,,,,,2,,,
CompleteGumtreeMatcher,79,13,63,11,0,5,0,0,590,3,0,0.2,,2000,,,,,3,,,
CompleteGumtreeMatcher,79,13,63,11,0,5,0,0,592,3,0,0.2,,2000,,,,,4,,,
CompleteGumtreeMatcher,63,11,47,11,0,5,0,0,588,3,0,0.2,,2000,,,,,5,,,
CompleteGumtreeMatcher,114,26,100,11,0,3,0,0,588,3,0,0.3,,2000,,,,,1,,,
CompleteGumtreeMatcher,87,15,71,11,0,5,0,0,594,3,0,0.3,,2000,,,,,2,,,
CompleteGumtreeMatcher,79,13,63,11,0,5,0,0,587,3,0,0.3,,2000,,,,,3,,,
CompleteGumtreeMatcher,79,13,63,11,0,5,0,0,588,3,0,0.3,,2000,,,,,4,,,
CompleteGumtreeMatcher,63,11,47,11,0,5,0,0,588,3,0,0.3,,2000,,,,,5,,,
CompleteGumtreeMatcher,114,26,100,11,0,3,0,0,587,3,0,0.4,,2000,,,,,1,,,
CompleteGumtreeMatcher,87,15,71,11,0,5,0,0,587,3,0,0.4,,2000,,,,,2,,,
CompleteGumtreeMatcher,79,13,63,11,0,5,0,0,588,3,0,0.4,,2000,,,,,3,,,
CompleteGumtreeMatcher,79,13,63,11,0,5,0,0,594,3,0,0.4,,2000,,,,,4,,,
CompleteGumtreeMatcher,63,11,47,11,0,5,0,0,589,3,0,0.4,,2000,,,,,5,,,
CompleteGumtreeMatcher,114,26,100,11,0,3,0,0,596,3,0,0.5,,2000,,,,,1,,,
CompleteGumtreeMatcher,87,15,71,11,0,5,0,0,596,3,0,0.5,,2000,,,,,2,,,
CompleteGumtreeMatcher,79,13,63,11,0,5,0,0,595,3,0,0.5,,2000,,,,,3,,,
CompleteGumtreeMatcher,79,13,63,11,0,5,0,0,595,3,0,0.5,,2000,,,,,4,,,
CompleteGumtreeMatcher,63,11,47,11,0,5,0,0,596,3,0,0.5,,2000,,,,,5,,,
CompleteGumtreeMatcher,114,26,100,11,0,3,0,0,595,3,0,0.6,,2000,,,,,1,,,
CompleteGumtreeMatcher,87,15,71,11,0,5,0,0,595,3,0,0.6,,2000,,,,,2,,,
CompleteGumtreeMatcher,79,13,63,11,0,5,0,0,596,3,0,0.6,,2000,,,,,3,,,
CompleteGumtreeMatcher,79,13,63,11,0,5,0,0,601,3,0,0.6,,2000,,,,,4,,,
CompleteGumtreeMatcher,63,11,47,11,0,5,0,0,597,3,0,0.6,,2000,,,,,5,,,
CompleteGumtreeMatcher,114,26,100,11,0,3,0,0,587,3,0,0.7,,2000,,,,,1,,,
CompleteGumtreeMatcher,87,15,71,11,0,5,0,0,587,3,0,0.7,,2000,,,,,2,,,
CompleteGumtreeMatcher,79,13,63,11,0,5,0,0,587,3,0,0.7,,2000,,,,,3,,,
CompleteGumtreeMatcher,79,13,63,11,0,5,0,0,587,3,0,0.7,,2000,,,,,4,,,
CompleteGumtreeMatcher,63,11,47,11,0,5,0,0,587,3,0,0.7,,2000,,,,,5,,,
CompleteGumtreeMatcher,114,26,100,11,0,3,0,0,588,3,0,0.799,,2000,,,,,1,,,
CompleteGumtreeMatcher,87,15,71,11,0,5,0,0,587,3,0,0.799,,2000,,,,,2,,,
CompleteGumtreeMatcher,79,13,63,11,0,5,0,0,588,3,0,0.799,,2000,,,,,3,,,
CompleteGumtreeMatcher,79,13,63,11,0,5,0,0,593,3,0,0.799,,2000,,,,,4,,,
CompleteGumtreeMatcher,63,11,47,11,0,5,0,0,588,3,0,0.799,,2000,,,,,5,,,
CompleteGumtreeMatcher,114,26,100,11,0,3,0,0,588,3,0,0.899,,2000,,,,,1,,,
CompleteGumtreeMatcher,87,15,71,11,0,5,0,0,587,3,0,0.899,,2000,,,,,2,,,
CompleteGumtreeMatcher,79,13,63,11,0,5,0,0,588,3,0,0.899,,2000,,,,,3,,,
CompleteGumtreeMatcher,79,13,63,11,0,5,0,0,587,3,0,0.899,,2000,,,,,4,,,
CompleteGumtreeMatcher,63,11,47,11,0,5,0,0,586,3,0,0.899,,2000,,,,,5,,,
CompleteGumtreeMatcher,114,26,100,11,0,3,0,0,585,3,0,0.999,,2000,,,,,1,,,
CompleteGumtreeMatcher,87,15,71,11,0,5,0,0,585,3,0,0.999,,2000,,,,,2,,,
CompleteGumtreeMatcher,79,13,63,11,0,5,0,0,585,3,0,0.999,,2000,,,,,3,,,
CompleteGumtreeMatcher,79,13,63,11,0,5,0,0,585,3,0,0.999,,2000,,,,,4,,,
CompleteGumtreeMatcher,63,11,47,11,0,5,0,0,578,3,0,0.999,,2000,,,,,5,,,
ChangeDistiller,814,625,168,158,207,281,0,0,3274,4,0,,,,0.1,2,0.2,0.1,,,,
ChangeDistiller,793,624,158,148,207,280,0,0,3328,4,0,,,,0.1,4,0.2,0.1,,,,
ChangeDistiller,787,621,153,143,209,282,0,0,3282,4,0,,,,0.1,6,0.2,0.1,,,,
ChangeDistiller,599,489,119,109,147,224,0,0,2489,4,0,,,,0.3,2,0.2,0.1,,,,
ChangeDistiller,599,491,118,108,148,225,0,0,2489,4,0,,,,0.3,4,0.2,0.1,,,,
ChangeDistiller,583,478,111,101,148,223,0,0,2490,4,0,,,,0.3,6,0.2,0.1,,,,
ChangeDistiller,208,189,36,26,56,90,0,0,1120,4,0,,,,0.5,2,0.2,0.1,,,,
ChangeDistiller,208,190,36,26,56,90,0,0,1121,4,0,,,,0.5,4,0.2,0.1,,,,
ChangeDistiller,209,191,36,26,56,91,0,0,1119,4,0,,,,0.5,6,0.2,0.1,,,,
ChangeDistiller,135,117,24,14,29,68,0,0,831,4,0,,,,0.7,2,0.2,0.1,,,,
ChangeDistiller,135,118,24,14,29,68,0,0,826,4,0,,,,0.7,4,0.2,0.1,,,,
ChangeDistiller,136,119,24,14,29,69,0,0,827,4,0,,,,0.7,6,0.2,0.1,,,,
ChangeDistiller,83,64,21,11,5,46,0,0,746,4,0,,,,0.899,2,0.2,0.1,,,,
ChangeDistiller,83,65,21,11,5,46,0,0,745,4,0,,,,0.899,4,0.2,0.1,,,,
ChangeDistiller,84,66,21,11,5,47,0,0,745,4,0,,,,0.899,6,0.2,0.1,,,,
ChangeDistiller,914,612,212,202,202,298,0,0,3267,4,0,,,,0.1,2,0.4,0.1,,,,
ChangeDistiller,864,622,185,175,206,298,0,0,3322,4,0,,,,0.1,4,0.4,0.1,,,,
ChangeDistiller,812,619,163,153,209,287,0,0,3269,4,0,,,,0.1,6,0.4,0.1,,,,
ChangeDistiller,701,502,155,145,143,258,0,0,2488,4,0,,,,0.3,2,0.4,0.1,,,,
ChangeDistiller,660,514,135,125,147,253,0,0,2487,4,0,,,,0.3,4,0.4,0.1,,,,
ChangeDistiller,621,491,122,112,148,239,0,0,2489,4,0,,,,0.3,6,0.4,0.1,,,,
ChangeDistiller,219,194,39,29,55,96,0,0,1117,4,0,,,,0.5,2,0.4,0.1,,,,
ChangeDistiller,218,196,38,28,56,96,0,0,1115,4,0,,,,0.5,4,0.4,0.1,,,,
ChangeDistiller,209,191,36,26,56,91,0,0,1114,4,0,,,,0.5,6,0.4,0.1,,,,
ChangeDistiller,147,127,27,17,28,75,0,0,827,4,0,,,,0.7,2,0.4,0.1,,,,
ChangeDistiller,143,126,25,15,29,74,0,0,826,4,0,,,,0.7,4,0.4,0.1,,,,
ChangeDistiller,136,119,24,14,29,69,0,0,826,4,0,,,,0.7,6,0.4,0.1,,,,
ChangeDistiller,86,67,22,12,5,47,0,0,744,4,0,,,,0.899,2,0.4,0.1,,,,
ChangeDistiller,83,65,21,11,5,46,0,0,744,4,0,,,,0.899,4,0.4,0.1,,,,
ChangeDistiller,84,66,21,11,5,47,0,0,745,4,0,,,,0.899,6,0.4,0.1,,,,
ChangeDistiller,1004,589,245,235,202,322,0,0,3279,4,0,,,,0.1,2,0.6,0.1,,,,
ChangeDistiller,951,616,211,201,209,330,0,0,3274,4,0,,,,0.1,4,0.6,0.1,,,,
ChangeDistiller,891,604,190,180,209,312,0,0,3275,4,0,,,,0.1,6,0.6,0.1,,,,
ChangeDistiller,762,502,175,165,144,278,0,0,2492,4,0,,,,0.3,2,0.6,0.1,,,,
ChangeDistiller,721,510,154,144,147,276,0,0,2491,4,0,,,,0.3,4,0.6,0.1,,,,
ChangeDistiller,676,494,137,127,148,264,0,0,2490,4,0,,,,0.3,6,0.6,0.1,,,,
ChangeDistiller,246,202,49,39,55,103,0,0,1115,4,0,,,,0.5,2,0.6,0.1,,,,
ChangeDistiller,245,204,48,38,56,103,0,0,1115,4,0,,,,0.5,4,0.6,0.1,,,,
ChangeDistiller,221,194,40,30,56,95,0,0,1116,4,0,,,,0.5,6,0.6,0.1,,,,
ChangeDistiller,177,136,38,28,28,83,0,0,827,4,0,,,,0.7,2,0.6,0.1,,,,
ChangeDistiller,173,135,36,26,29,82,0,0,829,4,0,,,,0.7,4,0.6,0.1,,,,
ChangeDistiller,145,123,27,17,29,72,0,0,829,4,0,,,,0.7,6,0.6,0.1,,,,
ChangeDistiller,94,73,24,14,5,51,0,0,747,4,0,,,,0.899,2,0.6,0.1,,,,
ChangeDistiller,91,72,23,13,5,50,0,0,747,4,0,,,,0.899,4,0.6,0.1,,,,
ChangeDistiller,84,66,21,11,5,47,0,0,746,4,0,,,,0.899,6,0.6,0.1,,,,
ChangeDistiller,1018,541,258,227,202,331,0,0,3275,4,0,,,,0.1,2,0.8,0.1,,,,
ChangeDistiller,939,566,224,162,209,344,0,0,3275,4,0,,,,0.1,4,0.8,0.1,,,,
ChangeDistiller,882,561,204,139,209,330,0,0,3274,4,0,,,,0.1,6,0.8,0.1,,,,
ChangeDistiller,890,478,225,195,144,326,0,0,2492,4,0,,,,0.3,2,0.8,0.1,,,,
ChangeDistiller,787,491,183,133,148,323,0,0,2491,4,0,,,,0.3,4,0.8,0.1,,,,
ChangeDistiller,712,478,159,100,148,305,0,0,2488,4,0,,,,0.3,6,0.8,0.1,,,,
ChangeDistiller,357,250,81,71,55,150,0,0,1118,4,0,,,,0.5,2,0.8,0.1,,,,
ChangeDistiller,291,224,60,50,56,125,0,0,1117,4,0,,,,0.5,4,0.8,0.1,,,,
ChangeDistiller,254,206,47,37,56,114,0,0,1117,4,0,,,,0.5,6,0.8,0.1,,,,
ChangeDistiller,265,189,62,52,28,123,0,0,829,4,0,,,,0.7,2,0.8,0.1,,,,
ChangeDistiller,219,165,46,36,29,108,0,0,827,4,0,,,,0.7,4,0.8,0.1,,,,
ChangeDistiller,173,138,33,23,29,88,0,0,827,4,0,,,,0.7,6,0.8,0.1,,,,
ChangeDistiller,208,141,56,46,5,101,0,0,747,4,0,,,,0.899,2,0.8,0.1,,,,
ChangeDistiller,168,115,42,32,5,89,0,0,746,4,0,,,,0.899,4,0.8,0.1,,,,
ChangeDistiller,116,86,28,18,5,65,0,0,744,4,0,,,,0.899,6,0.8,0.1,,,,
ChangeDistiller,1033,548,262,231,202,338,0,0,3284,4,0,,,,0.1,2,1.0,0.1,,,,
ChangeDistiller,958,573,229,168,209,352,0,0,3270,4,0,,,,0.1,4,1.0,0.1,,,,
ChangeDistiller,898,567,208,144,209,337,0,0,3269,4,0,,,,0.1,6,1.0,0.1,,,,
ChangeDistiller,902,484,228,198,144,332,0,0,2489,4,0,,,,0.3,2,1.0,0.1,,,,
ChangeDistiller,815,499,191,143,148,333,0,0,2489,4,0,,,,0.3,4,1.0,0.1,,,,
ChangeDistiller,740,484,167,111,148,314,0,0,2489,4,0,,,,0.3,6,1.0,0.1,,,,
ChangeDistiller,523,296,122,110,59,232,0,0,1122,4,0,,,,0.5,2,1.0,0.1,,,,
ChangeDistiller,456,273,100,86,56,214,0,0,1121,4,0,,,,0.5,4,1.0,0.1,,,,
ChangeDistiller,413,267,85,66,56,206,0,0,1121,4,0,,,,0.5,6,1.0,0.1,,,,
ChangeDistiller,460,256,110,98,30,222,0,0,833,4,0,,,,0.7,2,1.0,0.1,,,,
ChangeDistiller,398,239,88,74,29,207,0,0,829,4,0,,,,0.7,4,1.0,0.1,,,,
ChangeDistiller,351,229,73,54,29,195,0,0,828,4,0,,,,0.7,6,1.0,0.1,,,,
ChangeDistiller,332,183,82,70,5,175,0,0,747,4,0,,,,0.899,2,1.0,0.1,,,,
ChangeDistiller,295,178,67,53,5,170,0,0,746,4,0,,,,0.899,4,1.0,0.1,,,,
ChangeDistiller,259,169,57,38,5,159,0,0,746,4,0,,,,0.899,6,1.0,0.1,,,,
ChangeDistiller,816,614,179,169,198,270,0,0,3279,4,0,,,,0.1,2,0.2,0.3,,,,
ChangeDistiller,836,613,190,180,194,272,0,0,3270,4,0,,,,0.1,4,0.2,0.3,,,,
ChangeDistiller,846,619,194,184,193,275,0,0,3276,4,0,,,,0.1,6,0.2,0.3,,,,
ChangeDistiller,599,469,130,120,138,211,0,0,2488,4,0,,,,0.3,2,0.2,0.3,,,,
ChangeDistiller,608,468,137,127,134,210,0,0,2487,4,0,,,,0.3,4,0.2,0.3,,,,
ChangeDistiller,611,467,138,128,134,211,0,0,2490,4,0,,,,0.3,6,0.2,0.3,,,,
ChangeDistiller,209,189,37,27,55,90,0,0,1116,4,0,,,,0.5,2,0.2,0.3,,,,
ChangeDistiller,205,184,37,27,54,87,0,0,1115,4,0,,,,0.5,4,0.2,0.3,,,,
ChangeDistiller,205,184,37,27,54,87,0,0,1114,4,0,,,,0.5,6,0.2,0.3,,,,
ChangeDistiller,136,117,25,15,28,68,0,0,827,4,0,,,,0.7,2,0.2,0.3,,,,
ChangeDistiller,135,115,26,16,27,66,0,0,826,4,0,,,,0.7,4,0.2,0.3,,,,
ChangeDistiller,135,115,26,16,27,66,0,0,830,4,0,,,,0.7,6,0.2,0.3,,,,
ChangeDistiller,83,64,21,11,5,46,0,0,748,4,0,,,,0.899,2,0.2,0.3,,,,
ChangeDistiller,86,67,22,12,5,47,0,0,748,4,0,,,,0.899,4,0.2,0.3,,,,
ChangeDistiller,86,67,22,12,5,47,0,0,748,4,0,,,,0.899,6,0.2,0.3,,,,
ChangeDistiller,927,592,228,218,191,290,0,0,3270,4,0,,,,0.1,2,0.4,0.3,,,,
ChangeDistiller,917,600,221,211,192,293,0,0,3275,4,0,,,,0.1,4,0.4,0.3,,,,
ChangeDistiller,877,599,207,197,193,280,0,0,3269,4,0,,,,0.1,6,0.4,0.3,,,,
ChangeDistiller,709,475,171,161,133,244,0,0,2488,4,0,,,,0.3,2,0.4,0.3,,,,
ChangeDistiller,680,482,159,149,133,239,0,0,2488,4,0,,,,0.3,4,0.4,0.3,,,,
ChangeDistiller,656,469,152,142,134,228,0,0,2486,4,0,,,,0.3,6,0.4,0.3,,,,
ChangeDistiller,215,189,39,29,54,93,0,0,1115,4,0,,,,0.5,2,0.4,0.3,,,,
ChangeDistiller,215,189,39,29,54,93,0,0,1124,4,0,,,,0.5,4,0.4,0.3,,,,
ChangeDistiller,205,184,37,27,54,87,0,0,1115,4,0,,,,0.5,6,0.4,0.3,,,,
ChangeDistiller,143,122,27,17,27,72,0,0,827,4,0,,,,0.7,2,0.4,0.3,,,,
ChangeDistiller,143,122,27,17,27,72,0,0,827,4,0,,,,0.7,4,0.4,0.3,,,,
ChangeDistiller,135,115,26,16,27,66,0,0,826,4,0,,,,0.7,6,0.4,0.3,,,,
ChangeDistiller,86,67,22,12,5,47,0,0,745,4,0,,,,0.899,2,0.4,0.3,,,,
ChangeDistiller,86,67,22,12,5,47,0,0,744,4,0,,,,0.899,4,0.4,0.3,,,,
ChangeDistiller,86,67,22,12,5,47,0,0,747,4,0,,,,0.899,6,0.4,0.3,,,,
ChangeDistiller,1026,565,266,256,191,313,0,0,3282,4,0,,,,0.1,2,0.6,0.3,,,,
ChangeDistiller,984,574,246,236,192,310,0,0,3281,4,0,,,,0.1,4,0.6,0.3,,,,
ChangeDistiller,950,576,233,223,193,301,0,0,3281,4,0,,,,0.1,6,0.6,0.3,,,,
ChangeDistiller,766,467,191,181,133,261,0,0,2500,4,0,,,,0.3,2,0.6,0.3,,,,
ChangeDistiller,734,463,178,168,133,255,0,0,2496,4,0,,,,0.3,4,0.6,0.3,,,,
ChangeDistiller,703,458,166,156,134,247,0,0,2494,4,0,,,,0.3,6,0.6,0.3,,,,
ChangeDistiller,242,197,49,39,54,100,0,0,1119,4,0,,,,0.5,2,0.6,0.3,,,,
ChangeDistiller,242,197,49,39,54,100,0,0,1124,4,0,,,,0.5,4,0.6,0.3,,,,
ChangeDistiller,217,187,41,31,54,91,0,0,1123,4,0,,,,0.5,6,0.6,0.3,,,,
ChangeDistiller,173,131,38,28,27,80,0,0,832,4,0,,,,0.7,2,0.6,0.3,,,,
ChangeDistiller,173,131,38,28,27,80,0,0,833,4,0,,,,0.7,4,0.6,0.3,,,,
ChangeDistiller,144,119,29,19,27,69,0,0,831,4,0,,,,0.7,6,0.6,0.3,,,,
ChangeDistiller,94,73,24,14,5,51,0,0,746,4,0,,,,0.899,2,0.6,0.3,,,,
ChangeDistiller,94,73,24,14,5,51,0,0,746,4,0,,,,0.899,4,0.6,0.3,,,,
ChangeDistiller,86,67,22,12,5,47,0,0,746,4,0,,,,0.899,6,0.6,0.3,,,,
ChangeDistiller,1039,517,278,249,191,321,0,0,3276,4,0,,,,0.1,2,0.8,0.3,,,,
ChangeDistiller,984,523,259,211,192,322,0,0,3278,4,0,,,,0.1,4,0.8,0.3,,,,
ChangeDistiller,943,523,246,190,193,314,0,0,3275,4,0,,,,0.1,6,0.8,0.3,,,,
ChangeDistiller,893,446,238,213,133,309,0,0,2489,4,0,,,,0.3,2,0.8,0.3,,,,
ChangeDistiller,768,437,194,152,133,289,0,0,2488,4,0,,,,0.3,4,0.8,0.3,,,,
ChangeDistiller,717,429,179,128,134,276,0,0,2487,4,0,,,,0.3,6,0.8,0.3,,,,
ChangeDistiller,341,242,77,67,54,143,0,0,1116,4,0,,,,0.5,2,0.8,0.3,,,,
ChangeDistiller,290,218,62,52,54,122,0,0,1114,4,0,,,,0.5,4,0.8,0.3,,,,
ChangeDistiller,250,199,48,38,54,110,0,0,1115,4,0,,,,0.5,6,0.8,0.3,,,,
ChangeDistiller,253,183,60,50,27,116,0,0,827,4,0,,,,0.7,2,0.8,0.3,,,,
ChangeDistiller,217,156,48,38,27,104,0,0,827,4,0,,,,0.7,4,0.8,0.3,,,,
ChangeDistiller,171,131,35,25,27,84,0,0,827,4,0,,,,0.7,6,0.8,0.3,,,,
ChangeDistiller,208,141,56,46,5,101,0,0,746,4,0,,,,0.899,2,0.8,0.3,,,,
ChangeDistiller,172,114,44,34,5,89,0,0,749,4,0,,,,0.899,4,0.8,0.3,,,,
ChangeDistiller,117,84,29,19,5,64,0,0,749,4,0,,,,0.899,6,0.8,0.3,,,,
ChangeDistiller,1054,524,282,253,191,328,0,0,3307,4,0,,,,0.1,2,1.0,0.3,,,,
ChangeDistiller,1003,530,264,217,192,330,0,0,3308,4,0,,,,0.1,4,1.0,0.3,,,,
ChangeDistiller,959,529,250,195,193,321,0,0,3308,4,0,,,,0.1,6,1.0,0.3,,,,
ChangeDistiller,919,456,245,221,133,320,0,0,2511,4,0,,,,0.3,2,1.0,0.3,,,,
ChangeDistiller,841,456,216,179,133,313,0,0,2511,4,0,,,,0.3,4,1.0,0.3,,,,
ChangeDistiller,776,442,197,151,134,294,0,0,2513,4,0,,,,0.3,6,1.0,0.3,,,,
ChangeDistiller,516,285,123,111,54,228,0,0,1126,4,0,,,,0.5,2,1.0,0.3,,,,
ChangeDistiller,456,268,102,89,54,211,0,0,1128,4,0,,,,0.5,4,1.0,0.3,,,,
ChangeDistiller,409,262,86,66,54,203,0,0,1129,4,0,,,,0.5,6,1.0,0.3,,,,
ChangeDistiller,457,250,111,99,27,220,0,0,838,4,0,,,,0.7,2,1.0,0.3,,,,
ChangeDistiller,401,235,91,78,27,205,0,0,840,4,0,,,,0.7,4,1.0,0.3,,,,
ChangeDistiller,349,224,75,55,27,192,0,0,839,4,0,,,,0.7,6,1.0,0.3,,,,
ChangeDistiller,332,183,82,70,5,175,0,0,760,4,0,,,,0.899,2,1.0,0.3,,,,
ChangeDistiller,300,178,69,56,5,170,0,0,760,4,0,,,,0.899,4,1.0,0.3,,,,
ChangeDistiller,260,169,58,38,5,159,0,0,762,4,0,,,,0.899,6,1.0,0.3,,,,
ChangeDistiller,833,621,187,177,196,273,0,0,3297,4,0,,,,0.1,2,0.2,0.5,,,,
ChangeDistiller,873,618,210,200,191,272,0,0,3297,4,0,,,,0.1,4,0.2,0.5,,,,
ChangeDistiller,909,628,223,213,189,284,0,0,3298,4,0,,,,0.1,6,0.2,0.5,,,,
ChangeDistiller,610,474,137,127,134,212,0,0,2511,4,0,,,,0.3,2,0.2,0.5,,,,
ChangeDistiller,646,476,155,145,131,215,0,0,2510,4,0,,,,0.3,4,0.2,0.5,,,,
ChangeDistiller,662,473,162,152,129,219,0,0,2509,4,0,,,,0.3,6,0.2,0.5,,,,
ChangeDistiller,209,189,37,27,55,90,0,0,1124,4,0,,,,0.5,2,0.2,0.5,,,,
ChangeDistiller,205,184,37,27,54,87,0,0,1124,4,0,,,,0.5,4,0.2,0.5,,,,
ChangeDistiller,214,191,39,29,54,92,0,0,1123,4,0,,,,0.5,6,0.2,0.5,,,,
ChangeDistiller,139,118,26,16,28,69,0,0,834,4,0,,,,0.7,2,0.2,0.5,,,,
ChangeDistiller,138,116,27,17,27,67,0,0,830,4,0,,,,0.7,4,0.2,0.5,,,,
ChangeDistiller,144,121,28,18,27,71,0,0,833,4,0,,,,0.7,6,0.2,0.5,,,,
ChangeDistiller,86,65,22,12,5,47,0,0,751,4,0,,,,0.899,2,0.2,0.5,,,,
ChangeDistiller,89,68,23,13,5,48,0,0,751,4,0,,,,0.899,4,0.2,0.5,,,,
ChangeDistiller,89,68,23,13,5,48,0,0,747,4,0,,,,0.899,6,0.2,0.5,,,,
ChangeDistiller,943,595,236,226,189,292,0,0,3273,4,0,,,,0.1,2,0.4,0.5,,,,
ChangeDistiller,961,588,243,233,189,296,0,0,3274,4,0,,,,0.1,4,0.4,0.5,,,,
ChangeDistiller,961,588,243,233,189,296,0,0,3273,4,0,,,,0.1,6,0.4,0.5,,,,
ChangeDistiller,721,474,179,169,129,244,0,0,2496,4,0,,,,0.3,2,0.4,0.5,,,,
ChangeDistiller,723,472,180,170,129,244,0,0,2491,4,0,,,,0.3,4,0.4,0.5,,,,
ChangeDistiller,723,472,180,170,129,244,0,0,2490,4,0,,,,0.3,6,0.4,0.5,,,,
ChangeDistiller,215,189,39,29,54,93,0,0,1117,4,0,,,,0.5,2,0.4,0.5,,,,
ChangeDistiller,215,189,39,29,54,93,0,0,1118,4,0,,,,0.5,4,0.4,0.5,,,,
ChangeDistiller,218,191,40,30,54,94,0,0,1117,4,0,,,,0.5,6,0.4,0.5,,,,
ChangeDistiller,146,123,28,18,27,73,0,0,829,4,0,,,,0.7,2,0.4,0.5,,,,
ChangeDistiller,146,123,28,18,27,73,0,0,827,4,0,,,,0.7,4,0.4,0.5,,,,
ChangeDistiller,146,123,28,18,27,73,0,0,828,4,0,,,,0.7,6,0.4,0.5,,,,
ChangeDistiller,89,68,23,13,5,48,0,0,745,4,0,,,,0.899,2,0.4,0.5,,,,
ChangeDistiller,89,68,23,13,5,48,0,0,751,4,0,,,,0.899,4,0.4,0.5,,,,
ChangeDistiller,89,68,23,13,5,48,0,0,747,4,0,,,,0.899,6,0.4,0.5,,,,
ChangeDistiller,1035,556,273,263,189,310,0,0,3278,4,0,,,,0.1,2,0.6,0.5,,,,
ChangeDistiller,1013,553,265,255,189,304,0,0,3277,4,0,,,,0.1,4,0.6,0.5,,,,
ChangeDistiller,1013,553,265,255,189,304,0,0,3271,4,0,,,,0.1,6,0.6,0.5,,,,
ChangeDistiller,788,469,201,191,129,267,0,0,2489,4,0,,,,0.3,2,0.6,0.5,,,,
ChangeDistiller,773,461,197,187,129,260,0,0,2487,4,0,,,,0.3,4,0.6,0.5,,,,
ChangeDistiller,762,458,193,183,129,257,0,0,2488,4,0,,,,0.3,6,0.6,0.5,,,,
ChangeDistiller,242,197,49,39,54,100,0,0,1119,4,0,,,,0.5,2,0.6,0.5,,,,
ChangeDistiller,242,197,49,39,54,100,0,0,1120,4,0,,,,0.5,4,0.6,0.5,,,,
ChangeDistiller,238,198,47,37,54,100,0,0,1117,4,0,,,,0.5,6,0.6,0.5,,,,
ChangeDistiller,176,132,39,29,27,81,0,0,829,4,0,,,,0.7,2,0.6,0.5,,,,
ChangeDistiller,176,132,39,29,27,81,0,0,839,4,0,,,,0.7,4,0.6,0.5,,,,
ChangeDistiller,168,130,36,26,27,79,0,0,829,4,0,,,,0.7,6,0.6,0.5,,,,
ChangeDistiller,97,74,25,15,5,52,0,0,756,4,0,,,,0.899,2,0.6,0.5,,,,
ChangeDistiller,97,74,25,15,5,52,0,0,745,4,0,,,,0.899,4,0.6,0.5,,,,
ChangeDistiller,89,68,23,13,5,48,0,0,744,4,0,,,,0.899,6,0.6,0.5,,,,
ChangeDistiller,1062,512,286,268,189,319,0,0,3273,4,0,,,,0.1,2,0.8,0.5,,,,
ChangeDistiller,1040,509,278,258,189,315,0,0,3283,4,0,,,,0.1,4,0.8,0.5,,,,
ChangeDistiller,1031,506,275,255,189,312,0,0,3274,4,0,,,,0.1,6,0.8,0.5,,,,
ChangeDistiller,909,438,245,229,129,306,0,0,2490,4,0,,,,0.3,2,0.8,0.5,,,,
ChangeDistiller,809,425,211,184,129,285,0,0,2486,4,0,,,,0.3,4,0.8,0.5,,,,
ChangeDistiller,781,417,202,174,129,276,0,0,2488,4,0,,,,0.3,6,0.8,0.5,,,,
ChangeDistiller,341,242,77,67,54,143,0,0,1115,4,0,,,,0.5,2,0.8,0.5,,,,
ChangeDistiller,290,218,62,52,54,122,0,0,1114,4,0,,,,0.5,4,0.8,0.5,,,,
ChangeDistiller,257,204,50,40,54,113,0,0,1119,4,0,,,,0.5,6,0.8,0.5,,,,
ChangeDistiller,255,181,61,51,27,116,0,0,827,4,0,,,,0.7,2,0.8,0.5,,,,
ChangeDistiller,219,154,49,39,27,104,0,0,827,4,0,,,,0.7,4,0.8,0.5,,,,
ChangeDistiller,178,135,37,27,27,87,0,0,828,4,0,,,,0.7,6,0.8,0.5,,,,
ChangeDistiller,210,139,57,47,5,101,0,0,746,4,0,,,,0.899,2,0.8,0.5,,,,
ChangeDistiller,174,112,45,35,5,89,0,0,754,4,0,,,,0.899,4,0.8,0.5,,,,
ChangeDistiller,120,85,30,20,5,65,0,0,749,4,0,,,,0.899,6,0.8,0.5,,,,
ChangeDistiller,1077,519,290,272,189,326,0,0,3282,4,0,,,,0.1,2,1.0,0.5,,,,
ChangeDistiller,1059,516,283,264,189,323,0,0,3277,4,0,,,,0.1,4,1.0,0.5,,,,
ChangeDistiller,1047,512,279,260,189,319,0,0,3285,4,0,,,,0.1,6,1.0,0.5,,,,
ChangeDistiller,935,448,252,237,129,317,0,0,2494,4,0,,,,0.3,2,1.0,0.5,,,,
ChangeDistiller,883,442,233,213,129,308,0,0,2499,4,0,,,,0.3,4,1.0,0.5,,,,
ChangeDistiller,841,428,220,199,129,293,0,0,2494,4,0,,,,0.3,6,1.0,0.5,,,,
ChangeDistiller,516,285,123,111,54,228,0,0,1119,4,0,,,,0.5,2,1.0,0.5,,,,
ChangeDistiller,456,268,102,89,54,211,0,0,1117,4,0,,,,0.5,4,1.0,0.5,,,,
ChangeDistiller,419,263,88,73,54,204,0,0,1118,4,0,,,,0.5,6,1.0,0.5,,,,
ChangeDistiller,460,249,112,101,27,220,0,0,830,4,0,,,,0.7,2,1.0,0.5,,,,
ChangeDistiller,404,234,92,80,27,205,0,0,832,4,0,,,,0.7,4,1.0,0.5,,,,
ChangeDistiller,356,226,77,58,27,194,0,0,830,4,0,,,,0.7,6,1.0,0.5,,,,
ChangeDistiller,335,182,83,72,5,175,0,0,749,4,0,,,,0.899,2,1.0,0.5,,,,
ChangeDistiller,303,177,70,58,5,170,0,0,748,4,0,,,,0.899,4,1.0,0.5,,,,
ChangeDistiller,262,170,59,38,5,160,0,0,747,4,0,,,,0.899,6,1.0,0.5,,,,
ChangeDistiller,901,639,226,216,181,278,0,0,3270,4,0,,,,0.1,2,0.2,0.7,,,,
ChangeDistiller,949,631,253,243,176,277,0,0,3271,4,0,,,,0.1,4,0.2,0.7,,,,
ChangeDistiller,987,636,267,257,174,289,0,0,3275,4,0,,,,0.1,6,0.2,0.7,,,,
ChangeDistiller,686,515,180,170,116,220,0,0,2488,4,0,,,,0.3,2,0.2,0.7,,,,
ChangeDistiller,765,514,215,205,113,232,0,0,2489,4,0,,,,0.3,4,0.2,0.7,,,,
ChangeDistiller,821,523,235,225,111,250,0,0,2488,4,0,,,,0.3,6,0.2,0.7,,,,
ChangeDistiller,265,239,60,50,53,102,0,0,1118,4,0,,,,0.5,2,0.2,0.7,,,,
ChangeDistiller,260,231,61,51,51,97,0,0,1118,4,0,,,,0.5,4,0.2,0.7,,,,
ChangeDistiller,291,245,71,61,51,108,0,0,1119,4,0,,,,0.5,6,0.2,0.7,,,,
ChangeDistiller,185,160,44,34,28,79,0,0,829,4,0,,,,0.7,2,0.2,0.7,,,,
ChangeDistiller,183,155,46,36,26,75,0,0,826,4,0,,,,0.7,4,0.2,0.7,,,,
ChangeDistiller,213,172,55,45,26,87,0,0,827,4,0,,,,0.7,6,0.2,0.7,,,,
ChangeDistiller,125,100,39,29,4,53,0,0,744,4,0,,,,0.899,2,0.2,0.7,,,,
ChangeDistiller,128,103,40,30,4,54,0,0,744,4,0,,,,0.899,4,0.2,0.7,,,,
ChangeDistiller,159,117,49,39,4,67,0,0,745,4,0,,,,0.899,6,0.2,0.7,,,,
ChangeDistiller,1029,573,286,276,174,293,0,0,3274,4,0,,,,0.1,2,0.4,0.7,,,,
ChangeDistiller,1040,578,289,279,174,298,0,0,3275,4,0,,,,0.1,4,0.4,0.7,,,,
ChangeDistiller,1053,577,294,284,174,301,0,0,3273,4,0,,,,0.1,6,0.4,0.7,,,,
ChangeDistiller,794,488,223,213,111,247,0,0,2486,4,0,,,,0.3,2,0.4,0.7,,,,
ChangeDistiller,852,487,244,234,111,263,0,0,2488,4,0,,,,0.3,4,0.4,0.7,,,,
ChangeDistiller,894,502,257,247,111,279,0,0,2487,4,0,,,,0.3,6,0.4,0.7,,,,
ChangeDistiller,270,235,63,53,51,103,0,0,1119,4,0,,,,0.5,2,0.4,0.7,,,,
ChangeDistiller,273,236,64,54,51,104,0,0,1116,4,0,,,,0.5,4,0.4,0.7,,,,
ChangeDistiller,297,246,73,63,51,110,0,0,1116,4,0,,,,0.5,6,0.4,0.7,,,,
ChangeDistiller,188,160,46,36,26,80,0,0,827,4,0,,,,0.7,2,0.4,0.7,,,,
ChangeDistiller,191,161,47,37,26,81,0,0,827,4,0,,,,0.7,4,0.4,0.7,,,,
ChangeDistiller,219,175,57,47,26,89,0,0,826,4,0,,,,0.7,6,0.4,0.7,,,,
ChangeDistiller,128,103,40,30,4,54,0,0,745,4,0,,,,0.899,2,0.4,0.7,,,,
ChangeDistiller,128,103,40,30,4,54,0,0,746,4,0,,,,0.899,4,0.4,0.7,,,,
ChangeDistiller,159,117,49,39,4,67,0,0,748,4,0,,,,0.899,6,0.4,0.7,,,,
ChangeDistiller,1096,489,315,298,174,309,0,0,3287,4,0,,,,0.1,2,0.6,0.7,,,,
ChangeDistiller,1099,490,316,299,174,310,0,0,3287,4,0,,,,0.1,4,0.6,0.7,,,,
ChangeDistiller,1099,490,316,299,174,310,0,0,3286,4,0,,,,0.1,6,0.6,0.7,,,,
ChangeDistiller,885,483,252,242,111,280,0,0,2499,4,0,,,,0.3,2,0.6,0.7,,,,
ChangeDistiller,906,478,262,252,111,281,0,0,2500,4,0,,,,0.3,4,0.6,0.7,,,,
ChangeDistiller,933,487,270,260,111,292,0,0,2499,4,0,,,,0.3,6,0.6,0.7,,,,
ChangeDistiller,294,241,72,62,51,109,0,0,1117,4,0,,,,0.5,2,0.6,0.7,,,,
ChangeDistiller,297,242,73,63,51,110,0,0,1118,4,0,,,,0.5,4,0.6,0.7,,,,
ChangeDistiller,320,247,80,70,51,119,0,0,1118,4,0,,,,0.5,6,0.6,0.7,,,,
ChangeDistiller,218,168,57,47,26,88,0,0,827,4,0,,,,0.7,2,0.6,0.7,,,,
ChangeDistiller,221,169,58,48,26,89,0,0,833,4,0,,,,0.7,4,0.6,0.7,,,,
ChangeDistiller,237,177,63,53,26,95,0,0,835,4,0,,,,0.7,6,0.6,0.7,,,,
ChangeDistiller,172,115,54,44,4,70,0,0,752,4,0,,,,0.899,2,0.6,0.7,,,,
ChangeDistiller,172,115,54,44,4,70,0,0,752,4,0,,,,0.899,4,0.6,0.7,,,,
ChangeDistiller,183,122,57,47,4,75,0,0,751,4,0,,,,0.899,6,0.6,0.7,,,,
ChangeDistiller,1120,488,323,312,174,311,0,0,3283,4,0,,,,0.1,2,0.8,0.7,,,,
ChangeDistiller,1112,488,320,308,174,310,0,0,3284,4,0,,,,0.1,4,0.8,0.7,,,,
ChangeDistiller,1112,488,320,308,174,310,0,0,3282,4,0,,,,0.1,6,0.8,0.7,,,,
ChangeDistiller,994,420,294,283,111,306,0,0,2498,4,0,,,,0.3,2,0.8,0.7,,,,
ChangeDistiller,988,422,292,279,111,306,0,0,2500,4,0,,,,0.3,4,0.8,0.7,,,,
ChangeDistiller,988,422,292,279,111,306,0,0,2497,4,0,,,,0.3,6,0.8,0.7,,,,
ChangeDistiller,407,265,105,95,51,156,0,0,1118,4,0,,,,0.5,2,0.8,0.7,,,,
ChangeDistiller,348,256,88,78,51,131,0,0,1117,4,0,,,,0.5,4,0.8,0.7,,,,
ChangeDistiller,337,249,84,74,51,128,0,0,1117,4,0,,,,0.5,6,0.8,0.7,,,,
ChangeDistiller,325,204,85,75,26,139,0,0,828,4,0,,,,0.7,2,0.8,0.7,,,,
ChangeDistiller,263,186,68,58,26,111,0,0,831,4,0,,,,0.7,4,0.8,0.7,,,,
ChangeDistiller,259,192,66,56,26,111,0,0,831,4,0,,,,0.7,6,0.8,0.7,,,,
ChangeDistiller,248,144,75,65,4,104,0,0,750,4,0,,,,0.899,2,0.8,0.7,,,,
ChangeDistiller,210,134,62,52,4,92,0,0,750,4,0,,,,0.899,4,0.8,0.7,,,,
ChangeDistiller,206,140,60,50,4,92,0,0,747,4,0,,,,0.899,6,0.8,0.7,,,,
ChangeDistiller,1135,493,327,317,174,317,0,0,3311,4,0,,,,0.1,2,1.0,0.7,,,,
ChangeDistiller,1131,493,325,315,174,317,0,0,3306,4,0,,,,0.1,4,1.0,0.7,,,,
ChangeDistiller,1125,491,323,313,174,315,0,0,3307,4,0,,,,0.1,6,1.0,0.7,,,,
ChangeDistiller,1000,422,295,285,111,309,0,0,2510,4,0,,,,0.3,2,1.0,0.7,,,,
ChangeDistiller,994,424,293,281,111,309,0,0,2510,4,0,,,,0.3,4,1.0,0.7,,,,
ChangeDistiller,994,424,293,281,111,309,0,0,2510,4,0,,,,0.3,6,1.0,0.7,,,,
ChangeDistiller,560,280,146,136,51,227,0,0,1127,4,0,,,,0.5,2,1.0,0.7,,,,
ChangeDistiller,496,274,126,107,51,212,0,0,1128,4,0,,,,0.5,4,1.0,0.7,,,,
ChangeDistiller,481,273,120,100,51,210,0,0,1127,4,0,,,,0.5,6,1.0,0.7,,,,
ChangeDistiller,496,248,130,120,26,220,0,0,838,4,0,,,,0.7,2,1.0,0.7,,,,
ChangeDistiller,436,244,111,92,26,207,0,0,838,4,0,,,,0.7,4,1.0,0.7,,,,
ChangeDistiller,413,242,104,81,26,202,0,0,840,4,0,,,,0.7,6,1.0,0.7,,,,
ChangeDistiller,369,181,100,90,4,175,0,0,758,4,0,,,,0.899,2,1.0,0.7,,,,
ChangeDistiller,330,186,87,68,4,171,0,0,757,4,0,,,,0.899,4,1.0,0.7,,,,
ChangeDistiller,322,189,85,62,4,171,0,0,762,4,0,,,,0.899,6,1.0,0.7,,,,
ChangeDistiller,901,639,226,216,181,278,0,0,3300,4,0,,,,0.1,2,0.2,0.899,,,,
ChangeDistiller,954,634,255,245,176,278,0,0,3297,4,0,,,,0.1,4,0.2,0.899,,,,
ChangeDistiller,999,644,271,261,174,293,0,0,3298,4,0,,,,0.1,6,0.2,0.899,,,,
ChangeDistiller,686,515,180,170,116,220,0,0,2513,4,0,,,,0.3,2,0.2,0.899,,,,
ChangeDistiller,771,516,217,207,113,234,0,0,2513,4,0,,,,0.3,4,0.2,0.899,,,,
ChangeDistiller,827,525,237,227,111,252,0,0,2514,4,0,,,,0.3,6,0.2,0.899,,,,
ChangeDistiller,293,255,70,60,54,109,0,0,1127,4,0,,,,0.5,2,0.2,0.899,,,,
ChangeDistiller,353,282,91,81,51,130,0,0,1125,4,0,,,,0.5,4,0.2,0.899,,,,
ChangeDistiller,397,294,107,97,51,142,0,0,1126,4,0,,,,0.5,6,0.2,0.899,,,,
ChangeDistiller,199,170,48,38,29,84,0,0,835,4,0,,,,0.7,2,0.2,0.899,,,,
ChangeDistiller,258,198,69,59,26,104,0,0,830,4,0,,,,0.7,4,0.2,0.899,,,,
ChangeDistiller,308,218,85,75,26,122,0,0,832,4,0,,,,0.7,6,0.2,0.899,,,,
ChangeDistiller,125,100,39,29,4,53,0,0,749,4,0,,,,0.899,2,0.2,0.899,,,,
ChangeDistiller,167,116,53,43,4,67,0,0,749,4,0,,,,0.899,4,0.2,0.899,,,,
ChangeDistiller,203,128,64,54,4,81,0,0,750,4,0,,,,0.899,6,0.2,0.899,,,,
ChangeDistiller,1029,573,286,276,174,293,0,0,3275,4,0,,,,0.1,2,0.4,0.899,,,,
ChangeDistiller,1045,581,291,281,174,299,0,0,3278,4,0,,,,0.1,4,0.4,0.899,,,,
ChangeDistiller,1078,584,303,293,174,308,0,0,3272,4,0,,,,0.1,6,0.4,0.899,,,,
ChangeDistiller,794,488,223,213,111,247,0,0,2487,4,0,,,,0.3,2,0.4,0.899,,,,
ChangeDistiller,857,486,246,236,111,264,0,0,2488,4,0,,,,0.3,4,0.4,0.899,,,,
ChangeDistiller,899,501,259,249,111,280,0,0,2488,4,0,,,,0.3,6,0.4,0.899,,,,
ChangeDistiller,298,245,75,65,51,107,0,0,1114,4,0,,,,0.5,2,0.4,0.899,,,,
ChangeDistiller,370,285,96,86,51,137,0,0,1115,4,0,,,,0.5,4,0.4,0.899,,,,
ChangeDistiller,407,291,111,101,51,144,0,0,1115,4,0,,,,0.5,6,0.4,0.899,,,,
ChangeDistiller,200,166,51,41,26,82,0,0,826,4,0,,,,0.7,2,0.4,0.899,,,,
ChangeDistiller,268,204,71,61,26,110,0,0,827,4,0,,,,0.7,4,0.4,0.899,,,,
ChangeDistiller,316,219,88,78,26,124,0,0,828,4,0,,,,0.7,6,0.4,0.899,,,,
ChangeDistiller,128,103,40,30,4,54,0,0,745,4,0,,,,0.899,2,0.4,0.899,,,,
ChangeDistiller,167,116,53,43,4,67,0,0,745,4,0,,,,0.899,4,0.4,0.899,,,,
ChangeDistiller,203,128,64,54,4,81,0,0,748,4,0,,,,0.899,6,0.4,0.899,,,,
ChangeDistiller,1096,489,315,298,174,309,0,0,3275,4,0,,,,0.1,2,0.6,0.899,,,,
ChangeDistiller,1115,490,322,308,174,311,0,0,3305,4,0,,,,0.1,4,0.6,0.899,,,,
ChangeDistiller,1120,494,324,308,174,314,0,0,3284,4,0,,,,0.1,6,0.6,0.899,,,,
ChangeDistiller,885,483,252,242,111,280,0,0,2494,4,0,,,,0.3,2,0.6,0.899,,,,
ChangeDistiller,910,474,264,254,111,281,0,0,2493,4,0,,,,0.3,4,0.6,0.899,,,,
ChangeDistiller,937,483,272,262,111,292,0,0,2499,4,0,,,,0.3,6,0.6,0.899,,,,
ChangeDistiller,322,245,84,74,51,113,0,0,1116,4,0,,,,0.5,2,0.6,0.899,,,,
ChangeDistiller,400,285,108,98,51,143,0,0,1116,4,0,,,,0.5,4,0.6,0.899,,,,
ChangeDistiller,428,292,117,107,51,153,0,0,1120,4,0,,,,0.5,6,0.6,0.899,,,,
ChangeDistiller,227,171,61,51,26,89,0,0,827,4,0,,,,0.7,2,0.6,0.899,,,,
ChangeDistiller,295,209,81,71,26,117,0,0,826,4,0,,,,0.7,4,0.6,0.899,,,,
ChangeDistiller,331,220,93,83,26,129,0,0,827,4,0,,,,0.7,6,0.6,0.899,,,,
ChangeDistiller,172,115,54,44,4,70,0,0,744,4,0,,,,0.899,2,0.6,0.899,,,,
ChangeDistiller,211,128,67,57,4,83,0,0,745,4,0,,,,0.899,4,0.6,0.899,,,,
ChangeDistiller,227,133,72,62,4,89,0,0,746,4,0,,,,0.899,6,0.6,0.899,,,,
ChangeDistiller,1120,488,323,312,174,311,0,0,3274,4,0,,,,0.1,2,0.8,0.899,,,,
ChangeDistiller,1120,488,323,312,174,311,0,0,3274,4,0,,,,0.1,4,0.8,0.899,,,,
ChangeDistiller,1129,491,326,315,174,314,0,0,3273,4,0,,,,0.1,6,0.8,0.899,,,,
ChangeDistiller,994,420,294,283,111,306,0,0,2493,4,0,,,,0.3,2,0.8,0.899,,,,
ChangeDistiller,994,420,294,283,111,306,0,0,2491,4,0,,,,0.3,4,0.8,0.899,,,,
ChangeDistiller,994,420,294,283,111,306,0,0,2496,4,0,,,,0.3,6,0.8,0.899,,,,
ChangeDistiller,431,269,116,106,51,158,0,0,1120,4,0,,,,0.5,2,0.8,0.899,,,,
ChangeDistiller,467,285,126,116,51,174,0,0,1120,4,0,,,,0.5,4,0.8,0.899,,,,
ChangeDistiller,467,285,126,116,51,174,0,0,1120,4,0,,,,0.5,6,0.8,0.899,,,,
ChangeDistiller,337,208,90,80,26,141,0,0,834,4,0,,,,0.7,2,0.8,0.899,,,,
ChangeDistiller,368,223,99,89,26,154,0,0,832,4,0,,,,0.7,4,0.8,0.899,,,,
ChangeDistiller,374,223,101,91,26,156,0,0,827,4,0,,,,0.7,6,0.8,0.899,,,,
ChangeDistiller,248,144,75,65,4,104,0,0,745,4,0,,,,0.899,2,0.8,0.899,,,,
ChangeDistiller,248,144,75,65,4,104,0,0,746,4,0,,,,0.899,4,0.8,0.899,,,,
ChangeDistiller,248,144,75,65,4,104,0,0,746,4,0,,,,0.899,6,0.8,0.899,,,,
ChangeDistiller,1135,493,327,317,174,317,0,0,3174,4,0,,,,0.1,2,1.0,0.899,,,,
ChangeDistiller,1135,493,327,317,174,317,0,0,3159,4,0,,,,0.1,4,1.0,0.899,,,,
ChangeDistiller,1135,493,327,317,174,317,0,0,3170,4,0,,,,0.1,6,1.0,0.899,,,,
ChangeDistiller,1000,422,295,285,111,309,0,0,2493,4,0,,,,0.3,2,1.0,0.899,,,,
ChangeDistiller,1000,422,295,285,111,309,0,0,2489,4,0,,,,0.3,4,1.0,0.899,,,,
ChangeDistiller,1000,422,295,285,111,309,0,0,2487,4,0,,,,0.3,6,1.0,0.899,,,,
ChangeDistiller,580,280,156,146,51,227,0,0,1135,4,0,,,,0.5,2,1.0,0.899,,,,
ChangeDistiller,580,280,156,146,51,227,0,0,1118,4,0,,,,0.5,4,1.0,0.899,,,,
ChangeDistiller,580,280,156,146,51,227,0,0,1118,4,0,,,,0.5,6,1.0,0.899,,,,
ChangeDistiller,504,248,134,124,26,220,0,0,830,4,0,,,,0.7,2,1.0,0.899,,,,
ChangeDistiller,504,248,134,124,26,220,0,0,829,4,0,,,,0.7,4,1.0,0.899,,,,
ChangeDistiller,504,248,134,124,26,220,0,0,823,4,0,,,,0.7,6,1.0,0.899,,,,
ChangeDistiller,369,181,100,90,4,175,0,0,745,4,0,,,,0.899,2,1.0,0.899,,,,
ChangeDistiller,369,181,100,90,4,175,0,0,744,4,0,,,,0.899,4,1.0,0.899,,,,
ChangeDistiller,369,181,100,90,4,175,0,0,662,4,0,,,,0.899,6,1.0,0.899,,,,
