MATCHER,NRACTIONS,NRROOTS,NR_INSERT,NR_DELETE,NR_UPDATE,NR_MOVE,NR_TREEINSERT,NR_TREEDELETE,TIME,NROPTIONS,TIMEOUT,GT_BUM_SMT,GT_BUM_SMT_SBUP,GT_BUM_SZT,GT_CD_LSIM,GT_CD_ML,GT_CD_SSIM1,GT_CD_SSIM2,GT_STM_MH,GT_XYM_SIM,GUMTREE_MATCH_GT_MINH,
SimpleGumtree,76,12,4,68,0,4,0,0,9,2,0,,0.1,,,,,,1,,,
SimpleGumtree,109,9,22,86,0,1,0,0,6,2,0,,0.1,,,,,,2,,,
SimpleGumtree,138,10,36,100,0,2,0,0,6,2,0,,0.1,,,,,,3,,,
SimpleGumtree,160,8,48,112,0,0,0,0,7,2,0,,0.1,,,,,,4,,,
SimpleGumtree,208,8,72,136,0,0,0,0,7,2,0,,0.1,,,,,,5,,,
SimpleGumtree,76,12,4,68,0,4,0,0,8,2,0,,0.3,,,,,,1,,,
SimpleGumtree,109,9,22,86,0,1,0,0,8,2,0,,0.3,,,,,,2,,,
SimpleGumtree,138,10,36,100,0,2,0,0,8,2,0,,0.3,,,,,,3,,,
SimpleGumtree,160,8,48,112,0,0,0,0,9,2,0,,0.3,,,,,,4,,,
SimpleGumtree,208,8,72,136,0,0,0,0,8,2,0,,0.3,,,,,,5,,,
SimpleGumtree,76,12,4,68,0,4,0,0,6,2,0,,0.5,,,,,,1,,,
SimpleGumtree,109,9,22,86,0,1,0,0,6,2,0,,0.5,,,,,,2,,,
SimpleGumtree,138,10,36,100,0,2,0,0,5,2,0,,0.5,,,,,,3,,,
SimpleGumtree,160,8,48,112,0,0,0,0,5,2,0,,0.5,,,,,,4,,,
SimpleGumtree,208,8,72,136,0,0,0,0,8,2,0,,0.5,,,,,,5,,,
SimpleGumtree,76,12,4,68,0,4,0,0,9,2,0,,0.7,,,,,,1,,,
SimpleGumtree,109,9,22,86,0,1,0,0,9,2,0,,0.7,,,,,,2,,,
SimpleGumtree,138,10,36,100,0,2,0,0,9,2,0,,0.7,,,,,,3,,,
SimpleGumtree,160,8,48,112,0,0,0,0,8,2,0,,0.7,,,,,,4,,,
SimpleGumtree,208,8,72,136,0,0,0,0,8,2,0,,0.7,,,,,,5,,,
SimpleGumtree,76,12,4,68,0,4,0,0,6,2,0,,0.899,,,,,,1,,,
SimpleGumtree,109,9,22,86,0,1,0,0,6,2,0,,0.899,,,,,,2,,,
SimpleGumtree,138,10,36,100,0,2,0,0,6,2,0,,0.899,,,,,,3,,,
SimpleGumtree,160,8,48,112,0,0,0,0,6,2,0,,0.899,,,,,,4,,,
SimpleGumtree,208,8,72,136,0,0,0,0,5,2,0,,0.899,,,,,,5,,,
ClassicGumtree,78,14,5,69,0,4,0,0,10,3,0,0.1,,100,,,,,1,,,
ClassicGumtree,130,32,31,95,0,4,0,0,10,3,0,0.1,,100,,,,,2,,,
ClassicGumtree,174,40,53,117,0,4,0,0,10,3,0,0.1,,100,,,,,3,,,
ClassicGumtree,508,58,221,285,0,2,0,0,9,3,0,0.1,,100,,,,,4,,,
ClassicGumtree,1015,73,475,539,0,1,0,0,12,3,0,0.1,,100,,,,,5,,,
ClassicGumtree,78,14,5,69,0,4,0,0,17,3,0,0.2,,100,,,,,1,,,
ClassicGumtree,130,32,31,95,0,4,0,0,16,3,0,0.2,,100,,,,,2,,,
ClassicGumtree,174,40,53,117,0,4,0,0,17,3,0,0.2,,100,,,,,3,,,
ClassicGumtree,508,58,221,285,0,2,0,0,13,3,0,0.2,,100,,,,,4,,,
ClassicGumtree,1015,73,475,539,0,1,0,0,11,3,0,0.2,,100,,,,,5,,,
ClassicGumtree,78,14,5,69,0,4,0,0,9,3,0,0.3,,100,,,,,1,,,
ClassicGumtree,154,32,43,107,0,4,0,0,9,3,0,0.3,,100,,,,,2,,,
ClassicGumtree,230,40,81,145,0,4,0,0,8,3,0,0.3,,100,,,,,3,,,
ClassicGumtree,542,58,238,302,0,2,0,0,7,3,0,0.3,,100,,,,,4,,,
ClassicGumtree,1015,73,475,539,0,1,0,0,11,3,0,0.3,,100,,,,,5,,,
ClassicGumtree,78,14,5,69,0,4,0,0,16,3,0,0.4,,100,,,,,1,,,
ClassicGumtree,177,33,54,118,0,5,0,0,14,3,0,0.4,,100,,,,,2,,,
ClassicGumtree,230,40,81,145,0,4,0,0,13,3,0,0.4,,100,,,,,3,,,
ClassicGumtree,576,58,255,319,0,2,0,0,7,3,0,0.4,,100,,,,,4,,,
ClassicGumtree,1049,73,492,556,0,1,0,0,7,3,0,0.4,,100,,,,,5,,,
ClassicGumtree,78,14,5,69,0,4,0,0,10,3,0,0.5,,100,,,,,1,,,
ClassicGumtree,200,34,65,129,0,6,0,0,7,3,0,0.5,,100,,,,,2,,,
ClassicGumtree,253,41,92,156,0,5,0,0,7,3,0,0.5,,100,,,,,3,,,
ClassicGumtree,576,58,255,319,0,2,0,0,5,3,0,0.5,,100,,,,,4,,,
ClassicGumtree,1049,73,492,556,0,1,0,0,7,3,0,0.5,,100,,,,,5,,,
ClassicGumtree,86,18,7,71,0,8,0,0,15,3,0,0.6,,100,,,,,1,,,
ClassicGumtree,223,35,76,140,0,7,0,0,4,3,0,0.6,,100,,,,,2,,,
ClassicGumtree,276,42,103,167,0,6,0,0,7,3,0,0.6,,100,,,,,3,,,
ClassicGumtree,576,58,255,319,0,2,0,0,5,3,0,0.6,,100,,,,,4,,,
ClassicGumtree,1049,73,492,556,0,1,0,0,5,3,0,0.6,,100,,,,,5,,,
ClassicGumtree,104,28,11,75,0,18,0,0,6,3,0,0.7,,100,,,,,1,,,
ClassicGumtree,223,35,76,140,0,7,0,0,6,3,0,0.7,,100,,,,,2,,,
ClassicGumtree,276,42,103,167,0,6,0,0,5,3,0,0.7,,100,,,,,3,,,
ClassicGumtree,576,58,255,319,0,2,0,0,7,3,0,0.7,,100,,,,,4,,,
ClassicGumtree,1049,73,492,556,0,1,0,0,4,3,0,0.7,,100,,,,,5,,,
ClassicGumtree,113,33,13,77,0,23,0,0,5,3,0,0.799,,100,,,,,1,,,
ClassicGumtree,223,35,76,140,0,7,0,0,7,3,0,0.799,,100,,,,,2,,,
ClassicGumtree,276,42,103,167,0,6,0,0,6,3,0,0.799,,100,,,,,3,,,
ClassicGumtree,576,58,255,319,0,2,0,0,7,3,0,0.799,,100,,,,,4,,,
ClassicGumtree,1075,27,493,557,0,25,0,0,5,3,0,0.799,,100,,,,,5,,,
ClassicGumtree,113,33,13,77,0,23,0,0,4,3,0,0.899,,100,,,,,1,,,
ClassicGumtree,223,35,76,140,0,7,0,0,5,3,0,0.899,,100,,,,,2,,,
ClassicGumtree,276,42,103,167,0,6,0,0,6,3,0,0.899,,100,,,,,3,,,
ClassicGumtree,610,36,256,320,0,34,0,0,4,3,0,0.899,,100,,,,,4,,,
ClassicGumtree,1075,27,493,557,0,25,0,0,8,3,0,0.899,,100,,,,,5,,,
ClassicGumtree,170,80,14,78,0,78,0,0,7,3,0,0.999,,100,,,,,1,,,
ClassicGumtree,271,55,77,141,0,53,0,0,7,3,0,0.999,,100,,,,,2,,,
ClassicGumtree,320,50,104,168,0,48,0,0,4,3,0,0.999,,100,,,,,3,,,
ClassicGumtree,610,36,256,320,0,34,0,0,7,3,0,0.999,,100,,,,,4,,,
ClassicGumtree,1075,27,493,557,0,25,0,0,5,3,0,0.999,,100,,,,,5,,,
ClassicGumtree,78,14,5,69,0,4,0,0,25,3,0,0.1,,200,,,,,1,,,
ClassicGumtree,130,32,31,95,0,4,0,0,10,3,0,0.1,,200,,,,,2,,,
ClassicGumtree,174,40,53,117,0,4,0,0,10,3,0,0.1,,200,,,,,3,,,
ClassicGumtree,508,58,221,285,0,2,0,0,21,3,0,0.1,,200,,,,,4,,,
ClassicGumtree,1015,73,475,539,0,1,0,0,7,3,0,0.1,,200,,,,,5,,,
ClassicGumtree,78,14,5,69,0,4,0,0,18,3,0,0.2,,200,,,,,1,,,
ClassicGumtree,130,32,31,95,0,4,0,0,24,3,0,0.2,,200,,,,,2,,,
ClassicGumtree,174,40,53,117,0,4,0,0,24,3,0,0.2,,200,,,,,3,,,
ClassicGumtree,508,58,221,285,0,2,0,0,20,3,0,0.2,,200,,,,,4,,,
ClassicGumtree,1015,73,475,539,0,1,0,0,20,3,0,0.2,,200,,,,,5,,,
ClassicGumtree,78,14,5,69,0,4,0,0,18,3,0,0.3,,200,,,,,1,,,
ClassicGumtree,154,32,43,107,0,4,0,0,18,3,0,0.3,,200,,,,,2,,,
ClassicGumtree,230,40,81,145,0,4,0,0,16,3,0,0.3,,200,,,,,3,,,
ClassicGumtree,542,58,238,302,0,2,0,0,7,3,0,0.3,,200,,,,,4,,,
ClassicGumtree,1015,73,475,539,0,1,0,0,7,3,0,0.3,,200,,,,,5,,,
ClassicGumtree,78,14,5,69,0,4,0,0,9,3,0,0.4,,200,,,,,1,,,
ClassicGumtree,177,33,54,118,0,5,0,0,13,3,0,0.4,,200,,,,,2,,,
ClassicGumtree,230,40,81,145,0,4,0,0,13,3,0,0.4,,200,,,,,3,,,
ClassicGumtree,576,58,255,319,0,2,0,0,4,3,0,0.4,,200,,,,,4,,,
ClassicGumtree,1049,73,492,556,0,1,0,0,4,3,0,0.4,,200,,,,,5,,,
ClassicGumtree,78,14,5,69,0,4,0,0,9,3,0,0.5,,200,,,,,1,,,
ClassicGumtree,200,34,65,129,0,6,0,0,11,3,0,0.5,,200,,,,,2,,,
ClassicGumtree,253,41,92,156,0,5,0,0,7,3,0,0.5,,200,,,,,3,,,
ClassicGumtree,576,58,255,319,0,2,0,0,7,3,0,0.5,,200,,,,,4,,,
ClassicGumtree,1049,73,492,556,0,1,0,0,5,3,0,0.5,,200,,,,,5,,,
ClassicGumtree,86,18,7,71,0,8,0,0,9,3,0,0.6,,200,,,,,1,,,
ClassicGumtree,223,35,76,140,0,7,0,0,4,3,0,0.6,,200,,,,,2,,,
ClassicGumtree,276,42,103,167,0,6,0,0,4,3,0,0.6,,200,,,,,3,,,
ClassicGumtree,576,58,255,319,0,2,0,0,4,3,0,0.6,,200,,,,,4,,,
ClassicGumtree,1049,73,492,556,0,1,0,0,4,3,0,0.6,,200,,,,,5,,,
ClassicGumtree,104,28,11,75,0,18,0,0,9,3,0,0.7,,200,,,,,1,,,
ClassicGumtree,223,35,76,140,0,7,0,0,5,3,0,0.7,,200,,,,,2,,,
ClassicGumtree,276,42,103,167,0,6,0,0,4,3,0,0.7,,200,,,,,3,,,
ClassicGumtree,576,58,255,319,0,2,0,0,6,3,0,0.7,,200,,,,,4,,,
ClassicGumtree,1049,73,492,556,0,1,0,0,5,3,0,0.7,,200,,,,,5,,,
ClassicGumtree,113,33,13,77,0,23,0,0,4,3,0,0.799,,200,,,,,1,,,
ClassicGumtree,223,35,76,140,0,7,0,0,6,3,0,0.799,,200,,,,,2,,,
ClassicGumtree,276,42,103,167,0,6,0,0,6,3,0,0.799,,200,,,,,3,,,
ClassicGumtree,576,58,255,319,0,2,0,0,4,3,0,0.799,,200,,,,,4,,,
ClassicGumtree,1075,27,493,557,0,25,0,0,5,3,0,0.799,,200,,,,,5,,,
ClassicGumtree,113,33,13,77,0,23,0,0,4,3,0,0.899,,200,,,,,1,,,
ClassicGumtree,223,35,76,140,0,7,0,0,5,3,0,0.899,,200,,,,,2,,,
ClassicGumtree,276,42,103,167,0,6,0,0,4,3,0,0.899,,200,,,,,3,,,
ClassicGumtree,610,36,256,320,0,34,0,0,5,3,0,0.899,,200,,,,,4,,,
ClassicGumtree,1075,27,493,557,0,25,0,0,5,3,0,0.899,,200,,,,,5,,,
ClassicGumtree,170,80,14,78,0,78,0,0,6,3,0,0.999,,200,,,,,1,,,
ClassicGumtree,271,55,77,141,0,53,0,0,4,3,0,0.999,,200,,,,,2,,,
ClassicGumtree,320,50,104,168,0,48,0,0,7,3,0,0.999,,200,,,,,3,,,
ClassicGumtree,610,36,256,320,0,34,0,0,5,3,0,0.999,,200,,,,,4,,,
ClassicGumtree,1075,27,493,557,0,25,0,0,7,3,0,0.999,,200,,,,,5,,,
ClassicGumtree,78,14,5,69,0,4,0,0,16,3,0,0.1,,300,,,,,1,,,
ClassicGumtree,130,32,31,95,0,4,0,0,9,3,0,0.1,,300,,,,,2,,,
ClassicGumtree,174,40,53,117,0,4,0,0,9,3,0,0.1,,300,,,,,3,,,
ClassicGumtree,508,58,221,285,0,2,0,0,8,3,0,0.1,,300,,,,,4,,,
ClassicGumtree,1015,73,475,539,0,1,0,0,7,3,0,0.1,,300,,,,,5,,,
ClassicGumtree,78,14,5,69,0,4,0,0,10,3,0,0.2,,300,,,,,1,,,
ClassicGumtree,130,32,31,95,0,4,0,0,9,3,0,0.2,,300,,,,,2,,,
ClassicGumtree,174,40,53,117,0,4,0,0,16,3,0,0.2,,300,,,,,3,,,
ClassicGumtree,508,58,221,285,0,2,0,0,13,3,0,0.2,,300,,,,,4,,,
ClassicGumtree,1015,73,475,539,0,1,0,0,10,3,0,0.2,,300,,,,,5,,,
ClassicGumtree,78,14,5,69,0,4,0,0,9,3,0,0.3,,300,,,,,1,,,
ClassicGumtree,154,32,43,107,0,4,0,0,8,3,0,0.3,,300,,,,,2,,,
ClassicGumtree,230,40,81,145,0,4,0,0,8,3,0,0.3,,300,,,,,3,,,
ClassicGumtree,542,58,238,302,0,2,0,0,7,3,0,0.3,,300,,,,,4,,,
ClassicGumtree,1015,73,475,539,0,1,0,0,6,3,0,0.3,,300,,,,,5,,,
ClassicGumtree,78,14,5,69,0,4,0,0,9,3,0,0.4,,300,,,,,1,,,
ClassicGumtree,177,33,54,118,0,5,0,0,13,3,0,0.4,,300,,,,,2,,,
ClassicGumtree,230,40,81,145,0,4,0,0,7,3,0,0.4,,300,,,,,3,,,
ClassicGumtree,576,58,255,319,0,2,0,0,7,3,0,0.4,,300,,,,,4,,,
ClassicGumtree,1049,73,492,556,0,1,0,0,4,3,0,0.4,,300,,,,,5,,,
ClassicGumtree,78,14,5,69,0,4,0,0,9,3,0,0.5,,300,,,,,1,,,
ClassicGumtree,200,34,65,129,0,6,0,0,7,3,0,0.5,,300,,,,,2,,,
ClassicGumtree,253,41,92,156,0,5,0,0,10,3,0,0.5,,300,,,,,3,,,
ClassicGumtree,576,58,255,319,0,2,0,0,5,3,0,0.5,,300,,,,,4,,,
ClassicGumtree,1049,73,492,556,0,1,0,0,7,3,0,0.5,,300,,,,,5,,,
ClassicGumtree,86,18,7,71,0,8,0,0,9,3,0,0.6,,300,,,,,1,,,
ClassicGumtree,223,35,76,140,0,7,0,0,4,3,0,0.6,,300,,,,,2,,,
ClassicGumtree,276,42,103,167,0,6,0,0,4,3,0,0.6,,300,,,,,3,,,
ClassicGumtree,576,58,255,319,0,2,0,0,7,3,0,0.6,,300,,,,,4,,,
ClassicGumtree,1049,73,492,556,0,1,0,0,5,3,0,0.6,,300,,,,,5,,,
ClassicGumtree,104,28,11,75,0,18,0,0,5,3,0,0.7,,300,,,,,1,,,
ClassicGumtree,223,35,76,140,0,7,0,0,5,3,0,0.7,,300,,,,,2,,,
ClassicGumtree,276,42,103,167,0,6,0,0,5,3,0,0.7,,300,,,,,3,,,
ClassicGumtree,576,58,255,319,0,2,0,0,4,3,0,0.7,,300,,,,,4,,,
ClassicGumtree,1049,73,492,556,0,1,0,0,7,3,0,0.7,,300,,,,,5,,,
ClassicGumtree,113,33,13,77,0,23,0,0,7,3,0,0.799,,300,,,,,1,,,
ClassicGumtree,223,35,76,140,0,7,0,0,4,3,0,0.799,,300,,,,,2,,,
ClassicGumtree,276,42,103,167,0,6,0,0,7,3,0,0.799,,300,,,,,3,,,
ClassicGumtree,576,58,255,319,0,2,0,0,5,3,0,0.799,,300,,,,,4,,,
ClassicGumtree,1075,27,493,557,0,25,0,0,7,3,0,0.799,,300,,,,,5,,,
ClassicGumtree,113,33,13,77,0,23,0,0,4,3,0,0.899,,300,,,,,1,,,
ClassicGumtree,223,35,76,140,0,7,0,0,4,3,0,0.899,,300,,,,,2,,,
ClassicGumtree,276,42,103,167,0,6,0,0,4,3,0,0.899,,300,,,,,3,,,
ClassicGumtree,610,36,256,320,0,34,0,0,4,3,0,0.899,,300,,,,,4,,,
ClassicGumtree,1075,27,493,557,0,25,0,0,5,3,0,0.899,,300,,,,,5,,,
ClassicGumtree,170,80,14,78,0,78,0,0,4,3,0,0.999,,300,,,,,1,,,
ClassicGumtree,271,55,77,141,0,53,0,0,6,3,0,0.999,,300,,,,,2,,,
ClassicGumtree,320,50,104,168,0,48,0,0,6,3,0,0.999,,300,,,,,3,,,
ClassicGumtree,610,36,256,320,0,34,0,0,5,3,0,0.999,,300,,,,,4,,,
ClassicGumtree,1075,27,493,557,0,25,0,0,5,3,0,0.999,,300,,,,,5,,,
ClassicGumtree,78,14,5,69,0,4,0,0,9,3,0,0.1,,400,,,,,1,,,
ClassicGumtree,130,32,31,95,0,4,0,0,15,3,0,0.1,,400,,,,,2,,,
ClassicGumtree,174,40,53,117,0,4,0,0,10,3,0,0.1,,400,,,,,3,,,
ClassicGumtree,508,58,221,285,0,2,0,0,8,3,0,0.1,,400,,,,,4,,,
ClassicGumtree,1015,73,475,539,0,1,0,0,11,3,0,0.1,,400,,,,,5,,,
ClassicGumtree,78,14,5,69,0,4,0,0,10,3,0,0.2,,400,,,,,1,,,
ClassicGumtree,130,32,31,95,0,4,0,0,9,3,0,0.2,,400,,,,,2,,,
ClassicGumtree,174,40,53,117,0,4,0,0,9,3,0,0.2,,400,,,,,3,,,
ClassicGumtree,508,58,221,285,0,2,0,0,14,3,0,0.2,,400,,,,,4,,,
ClassicGumtree,1015,73,475,539,0,1,0,0,10,3,0,0.2,,400,,,,,5,,,
ClassicGumtree,78,14,5,69,0,4,0,0,10,3,0,0.3,,400,,,,,1,,,
ClassicGumtree,154,32,43,107,0,4,0,0,8,3,0,0.3,,400,,,,,2,,,
ClassicGumtree,230,40,81,145,0,4,0,0,8,3,0,0.3,,400,,,,,3,,,
ClassicGumtree,542,58,238,302,0,2,0,0,6,3,0,0.3,,400,,,,,4,,,
ClassicGumtree,1015,73,475,539,0,1,0,0,11,3,0,0.3,,400,,,,,5,,,
ClassicGumtree,78,14,5,69,0,4,0,0,9,3,0,0.4,,400,,,,,1,,,
ClassicGumtree,177,33,54,118,0,5,0,0,8,3,0,0.4,,400,,,,,2,,,
ClassicGumtree,230,40,81,145,0,4,0,0,12,3,0,0.4,,400,,,,,3,,,
ClassicGumtree,576,58,255,319,0,2,0,0,6,3,0,0.4,,400,,,,,4,,,
ClassicGumtree,1049,73,492,556,0,1,0,0,4,3,0,0.4,,400,,,,,5,,,
ClassicGumtree,78,14,5,69,0,4,0,0,10,3,0,0.5,,400,,,,,1,,,
ClassicGumtree,200,34,65,129,0,6,0,0,10,3,0,0.5,,400,,,,,2,,,
ClassicGumtree,253,41,92,156,0,5,0,0,6,3,0,0.5,,400,,,,,3,,,
ClassicGumtree,576,58,255,319,0,2,0,0,4,3,0,0.5,,400,,,,,4,,,
ClassicGumtree,1049,73,492,556,0,1,0,0,5,3,0,0.5,,400,,,,,5,,,
ClassicGumtree,86,18,7,71,0,8,0,0,9,3,0,0.6,,400,,,,,1,,,
ClassicGumtree,223,35,76,140,0,7,0,0,5,3,0,0.6,,400,,,,,2,,,
ClassicGumtree,276,42,103,167,0,6,0,0,7,3,0,0.6,,400,,,,,3,,,
ClassicGumtree,576,58,255,319,0,2,0,0,4,3,0,0.6,,400,,,,,4,,,
ClassicGumtree,1049,73,492,556,0,1,0,0,7,3,0,0.6,,400,,,,,5,,,
ClassicGumtree,104,28,11,75,0,18,0,0,6,3,0,0.7,,400,,,,,1,,,
ClassicGumtree,223,35,76,140,0,7,0,0,4,3,0,0.7,,400,,,,,2,,,
ClassicGumtree,276,42,103,167,0,6,0,0,4,3,0,0.7,,400,,,,,3,,,
ClassicGumtree,576,58,255,319,0,2,0,0,4,3,0,0.7,,400,,,,,4,,,
ClassicGumtree,1049,73,492,556,0,1,0,0,4,3,0,0.7,,400,,,,,5,,,
ClassicGumtree,113,33,13,77,0,23,0,0,7,3,0,0.799,,400,,,,,1,,,
ClassicGumtree,223,35,76,140,0,7,0,0,7,3,0,0.799,,400,,,,,2,,,
ClassicGumtree,276,42,103,167,0,6,0,0,6,3,0,0.799,,400,,,,,3,,,
ClassicGumtree,576,58,255,319,0,2,0,0,4,3,0,0.799,,400,,,,,4,,,
ClassicGumtree,1075,27,493,557,0,25,0,0,4,3,0,0.799,,400,,,,,5,,,
ClassicGumtree,113,33,13,77,0,23,0,0,4,3,0,0.899,,400,,,,,1,,,
ClassicGumtree,223,35,76,140,0,7,0,0,4,3,0,0.899,,400,,,,,2,,,
ClassicGumtree,276,42,103,167,0,6,0,0,7,3,0,0.899,,400,,,,,3,,,
ClassicGumtree,610,36,256,320,0,34,0,0,5,3,0,0.899,,400,,,,,4,,,
ClassicGumtree,1075,27,493,557,0,25,0,0,5,3,0,0.899,,400,,,,,5,,,
ClassicGumtree,170,80,14,78,0,78,0,0,5,3,0,0.999,,400,,,,,1,,,
ClassicGumtree,271,55,77,141,0,53,0,0,7,3,0,0.999,,400,,,,,2,,,
ClassicGumtree,320,50,104,168,0,48,0,0,5,3,0,0.999,,400,,,,,3,,,
ClassicGumtree,610,36,256,320,0,34,0,0,5,3,0,0.999,,400,,,,,4,,,
ClassicGumtree,1075,27,493,557,0,25,0,0,4,3,0,0.999,,400,,,,,5,,,
ClassicGumtree,78,14,5,69,0,4,0,0,15,3,0,0.1,,500,,,,,1,,,
ClassicGumtree,130,32,31,95,0,4,0,0,16,3,0,0.1,,500,,,,,2,,,
ClassicGumtree,174,40,53,117,0,4,0,0,9,3,0,0.1,,500,,,,,3,,,
ClassicGumtree,508,58,221,285,0,2,0,0,8,3,0,0.1,,500,,,,,4,,,
ClassicGumtree,1015,73,475,539,0,1,0,0,10,3,0,0.1,,500,,,,,5,,,
ClassicGumtree,78,14,5,69,0,4,0,0,9,3,0,0.2,,500,,,,,1,,,
ClassicGumtree,130,32,31,95,0,4,0,0,9,3,0,0.2,,500,,,,,2,,,
ClassicGumtree,174,40,53,117,0,4,0,0,9,3,0,0.2,,500,,,,,3,,,
ClassicGumtree,508,58,221,285,0,2,0,0,8,3,0,0.2,,500,,,,,4,,,
ClassicGumtree,1015,73,475,539,0,1,0,0,11,3,0,0.2,,500,,,,,5,,,
ClassicGumtree,78,14,5,69,0,4,0,0,9,3,0,0.3,,500,,,,,1,,,
ClassicGumtree,154,32,43,107,0,4,0,0,9,3,0,0.3,,500,,,,,2,,,
ClassicGumtree,230,40,81,145,0,4,0,0,8,3,0,0.3,,500,,,,,3,,,
ClassicGumtree,542,58,238,302,0,2,0,0,7,3,0,0.3,,500,,,,,4,,,
ClassicGumtree,1015,73,475,539,0,1,0,0,17,3,0,0.3,,500,,,,,5,,,
ClassicGumtree,78,14,5,69,0,4,0,0,17,3,0,0.4,,500,,,,,1,,,
ClassicGumtree,177,33,54,118,0,5,0,0,8,3,0,0.4,,500,,,,,2,,,
ClassicGumtree,230,40,81,145,0,4,0,0,21,3,0,0.4,,500,,,,,3,,,
ClassicGumtree,576,58,255,319,0,2,0,0,14,3,0,0.4,,500,,,,,4,,,
ClassicGumtree,1049,73,492,556,0,1,0,0,14,3,0,0.4,,500,,,,,5,,,
ClassicGumtree,78,14,5,69,0,4,0,0,17,3,0,0.5,,500,,,,,1,,,
ClassicGumtree,200,34,65,129,0,6,0,0,14,3,0,0.5,,500,,,,,2,,,
ClassicGumtree,253,41,92,156,0,5,0,0,14,3,0,0.5,,500,,,,,3,,,
ClassicGumtree,576,58,255,319,0,2,0,0,12,3,0,0.5,,500,,,,,4,,,
ClassicGumtree,1049,73,492,556,0,1,0,0,12,3,0,0.5,,500,,,,,5,,,
ClassicGumtree,86,18,7,71,0,8,0,0,9,3,0,0.6,,500,,,,,1,,,
ClassicGumtree,223,35,76,140,0,7,0,0,5,3,0,0.6,,500,,,,,2,,,
ClassicGumtree,276,42,103,167,0,6,0,0,7,3,0,0.6,,500,,,,,3,,,
ClassicGumtree,576,58,255,319,0,2,0,0,5,3,0,0.6,,500,,,,,4,,,
ClassicGumtree,1049,73,492,556,0,1,0,0,5,3,0,0.6,,500,,,,,5,,,
ClassicGumtree,104,28,11,75,0,18,0,0,6,3,0,0.7,,500,,,,,1,,,
ClassicGumtree,223,35,76,140,0,7,0,0,4,3,0,0.7,,500,,,,,2,,,
ClassicGumtree,276,42,103,167,0,6,0,0,4,3,0,0.7,,500,,,,,3,,,
ClassicGumtree,576,58,255,319,0,2,0,0,4,3,0,0.7,,500,,,,,4,,,
ClassicGumtree,1049,73,492,556,0,1,0,0,5,3,0,0.7,,500,,,,,5,,,
ClassicGumtree,113,33,13,77,0,23,0,0,7,3,0,0.799,,500,,,,,1,,,
ClassicGumtree,223,35,76,140,0,7,0,0,4,3,0,0.799,,500,,,,,2,,,
ClassicGumtree,276,42,103,167,0,6,0,0,4,3,0,0.799,,500,,,,,3,,,
ClassicGumtree,576,58,255,319,0,2,0,0,7,3,0,0.799,,500,,,,,4,,,
ClassicGumtree,1075,27,493,557,0,25,0,0,5,3,0,0.799,,500,,,,,5,,,
ClassicGumtree,113,33,13,77,0,23,0,0,5,3,0,0.899,,500,,,,,1,,,
ClassicGumtree,223,35,76,140,0,7,0,0,4,3,0,0.899,,500,,,,,2,,,
ClassicGumtree,276,42,103,167,0,6,0,0,5,3,0,0.899,,500,,,,,3,,,
ClassicGumtree,610,36,256,320,0,34,0,0,5,3,0,0.899,,500,,,,,4,,,
ClassicGumtree,1075,27,493,557,0,25,0,0,5,3,0,0.899,,500,,,,,5,,,
ClassicGumtree,170,80,14,78,0,78,0,0,5,3,0,0.999,,500,,,,,1,,,
ClassicGumtree,271,55,77,141,0,53,0,0,4,3,0,0.999,,500,,,,,2,,,
ClassicGumtree,320,50,104,168,0,48,0,0,4,3,0,0.999,,500,,,,,3,,,
ClassicGumtree,610,36,256,320,0,34,0,0,5,3,0,0.999,,500,,,,,4,,,
ClassicGumtree,1075,27,493,557,0,25,0,0,5,3,0,0.999,,500,,,,,5,,,
ClassicGumtree,78,14,5,69,0,4,0,0,16,3,0,0.1,,600,,,,,1,,,
ClassicGumtree,130,32,31,95,0,4,0,0,9,3,0,0.1,,600,,,,,2,,,
ClassicGumtree,174,40,53,117,0,4,0,0,16,3,0,0.1,,600,,,,,3,,,
ClassicGumtree,508,58,221,285,0,2,0,0,8,3,0,0.1,,600,,,,,4,,,
ClassicGumtree,1015,73,475,539,0,1,0,0,6,3,0,0.1,,600,,,,,5,,,
ClassicGumtree,78,14,5,69,0,4,0,0,10,3,0,0.2,,600,,,,,1,,,
ClassicGumtree,130,32,31,95,0,4,0,0,10,3,0,0.2,,600,,,,,2,,,
ClassicGumtree,174,40,53,117,0,4,0,0,10,3,0,0.2,,600,,,,,3,,,
ClassicGumtree,508,58,221,285,0,2,0,0,8,3,0,0.2,,600,,,,,4,,,
ClassicGumtree,1015,73,475,539,0,1,0,0,7,3,0,0.2,,600,,,,,5,,,
ClassicGumtree,78,14,5,69,0,4,0,0,10,3,0,0.3,,600,,,,,1,,,
ClassicGumtree,154,32,43,107,0,4,0,0,9,3,0,0.3,,600,,,,,2,,,
ClassicGumtree,230,40,81,145,0,4,0,0,8,3,0,0.3,,600,,,,,3,,,
ClassicGumtree,542,58,238,302,0,2,0,0,6,3,0,0.3,,600,,,,,4,,,
ClassicGumtree,1015,73,475,539,0,1,0,0,7,3,0,0.3,,600,,,,,5,,,
ClassicGumtree,78,14,5,69,0,4,0,0,10,3,0,0.4,,600,,,,,1,,,
ClassicGumtree,177,33,54,118,0,5,0,0,8,3,0,0.4,,600,,,,,2,,,
ClassicGumtree,230,40,81,145,0,4,0,0,8,3,0,0.4,,600,,,,,3,,,
ClassicGumtree,576,58,255,319,0,2,0,0,7,3,0,0.4,,600,,,,,4,,,
ClassicGumtree,1049,73,492,556,0,1,0,0,7,3,0,0.4,,600,,,,,5,,,
ClassicGumtree,78,14,5,69,0,4,0,0,10,3,0,0.5,,600,,,,,1,,,
ClassicGumtree,200,34,65,129,0,6,0,0,7,3,0,0.5,,600,,,,,2,,,
ClassicGumtree,253,41,92,156,0,5,0,0,7,3,0,0.5,,600,,,,,3,,,
ClassicGumtree,576,58,255,319,0,2,0,0,5,3,0,0.5,,600,,,,,4,,,
ClassicGumtree,1049,73,492,556,0,1,0,0,4,3,0,0.5,,600,,,,,5,,,
ClassicGumtree,86,18,7,71,0,8,0,0,9,3,0,0.6,,600,,,,,1,,,
ClassicGumtree,223,35,76,140,0,7,0,0,4,3,0,0.6,,600,,,,,2,,,
ClassicGumtree,276,42,103,167,0,6,0,0,4,3,0,0.6,,600,,,,,3,,,
ClassicGumtree,576,58,255,319,0,2,0,0,4,3,0,0.6,,600,,,,,4,,,
ClassicGumtree,1049,73,492,556,0,1,0,0,7,3,0,0.6,,600,,,,,5,,,
ClassicGumtree,104,28,11,75,0,18,0,0,6,3,0,0.7,,600,,,,,1,,,
ClassicGumtree,223,35,76,140,0,7,0,0,7,3,0,0.7,,600,,,,,2,,,
ClassicGumtree,276,42,103,167,0,6,0,0,4,3,0,0.7,,600,,,,,3,,,
ClassicGumtree,576,58,255,319,0,2,0,0,4,3,0,0.7,,600,,,,,4,,,
ClassicGumtree,1049,73,492,556,0,1,0,0,5,3,0,0.7,,600,,,,,5,,,
ClassicGumtree,113,33,13,77,0,23,0,0,4,3,0,0.799,,600,,,,,1,,,
ClassicGumtree,223,35,76,140,0,7,0,0,5,3,0,0.799,,600,,,,,2,,,
ClassicGumtree,276,42,103,167,0,6,0,0,4,3,0,0.799,,600,,,,,3,,,
ClassicGumtree,576,58,255,319,0,2,0,0,4,3,0,0.799,,600,,,,,4,,,
ClassicGumtree,1075,27,493,557,0,25,0,0,5,3,0,0.799,,600,,,,,5,,,
ClassicGumtree,113,33,13,77,0,23,0,0,5,3,0,0.899,,600,,,,,1,,,
ClassicGumtree,223,35,76,140,0,7,0,0,5,3,0,0.899,,600,,,,,2,,,
ClassicGumtree,276,42,103,167,0,6,0,0,4,3,0,0.899,,600,,,,,3,,,
ClassicGumtree,610,36,256,320,0,34,0,0,7,3,0,0.899,,600,,,,,4,,,
ClassicGumtree,1075,27,493,557,0,25,0,0,5,3,0,0.899,,600,,,,,5,,,
ClassicGumtree,170,80,14,78,0,78,0,0,7,3,0,0.999,,600,,,,,1,,,
ClassicGumtree,271,55,77,141,0,53,0,0,4,3,0,0.999,,600,,,,,2,,,
ClassicGumtree,320,50,104,168,0,48,0,0,4,3,0,0.999,,600,,,,,3,,,
ClassicGumtree,610,36,256,320,0,34,0,0,5,3,0,0.999,,600,,,,,4,,,
ClassicGumtree,1075,27,493,557,0,25,0,0,4,3,0,0.999,,600,,,,,5,,,
ClassicGumtree,78,14,5,69,0,4,0,0,9,3,0,0.1,,700,,,,,1,,,
ClassicGumtree,130,32,31,95,0,4,0,0,9,3,0,0.1,,700,,,,,2,,,
ClassicGumtree,174,40,53,117,0,4,0,0,10,3,0,0.1,,700,,,,,3,,,
ClassicGumtree,508,58,221,285,0,2,0,0,8,3,0,0.1,,700,,,,,4,,,
ClassicGumtree,1015,73,475,539,0,1,0,0,7,3,0,0.1,,700,,,,,5,,,
ClassicGumtree,78,14,5,69,0,4,0,0,10,3,0,0.2,,700,,,,,1,,,
ClassicGumtree,130,32,31,95,0,4,0,0,16,3,0,0.2,,700,,,,,2,,,
ClassicGumtree,174,40,53,117,0,4,0,0,9,3,0,0.2,,700,,,,,3,,,
ClassicGumtree,508,58,221,285,0,2,0,0,14,3,0,0.2,,700,,,,,4,,,
ClassicGumtree,1015,73,475,539,0,1,0,0,7,3,0,0.2,,700,,,,,5,,,
ClassicGumtree,78,14,5,69,0,4,0,0,10,3,0,0.3,,700,,,,,1,,,
ClassicGumtree,154,32,43,107,0,4,0,0,9,3,0,0.3,,700,,,,,2,,,
ClassicGumtree,230,40,81,145,0,4,0,0,8,3,0,0.3,,700,,,,,3,,,
ClassicGumtree,542,58,238,302,0,2,0,0,7,3,0,0.3,,700,,,,,4,,,
ClassicGumtree,1015,73,475,539,0,1,0,0,7,3,0,0.3,,700,,,,,5,,,
ClassicGumtree,78,14,5,69,0,4,0,0,10,3,0,0.4,,700,,,,,1,,,
ClassicGumtree,177,33,54,118,0,5,0,0,8,3,0,0.4,,700,,,,,2,,,
ClassicGumtree,230,40,81,145,0,4,0,0,9,3,0,0.4,,700,,,,,3,,,
ClassicGumtree,576,58,255,319,0,2,0,0,5,3,0,0.4,,700,,,,,4,,,
ClassicGumtree,1049,73,492,556,0,1,0,0,4,3,0,0.4,,700,,,,,5,,,
ClassicGumtree,78,14,5,69,0,4,0,0,9,3,0,0.5,,700,,,,,1,,,
ClassicGumtree,200,34,65,129,0,6,0,0,10,3,0,0.5,,700,,,,,2,,,
ClassicGumtree,253,41,92,156,0,5,0,0,7,3,0,0.5,,700,,,,,3,,,
ClassicGumtree,576,58,255,319,0,2,0,0,4,3,0,0.5,,700,,,,,4,,,
ClassicGumtree,1049,73,492,556,0,1,0,0,7,3,0,0.5,,700,,,,,5,,,
ClassicGumtree,86,18,7,71,0,8,0,0,9,3,0,0.6,,700,,,,,1,,,
ClassicGumtree,223,35,76,140,0,7,0,0,4,3,0,0.6,,700,,,,,2,,,
ClassicGumtree,276,42,103,167,0,6,0,0,4,3,0,0.6,,700,,,,,3,,,
ClassicGumtree,576,58,255,319,0,2,0,0,5,3,0,0.6,,700,,,,,4,,,
ClassicGumtree,1049,73,492,556,0,1,0,0,4,3,0,0.6,,700,,,,,5,,,
ClassicGumtree,104,28,11,75,0,18,0,0,6,3,0,0.7,,700,,,,,1,,,
ClassicGumtree,223,35,76,140,0,7,0,0,4,3,0,0.7,,700,,,,,2,,,
ClassicGumtree,276,42,103,167,0,6,0,0,4,3,0,0.7,,700,,,,,3,,,
ClassicGumtree,576,58,255,319,0,2,0,0,5,3,0,0.7,,700,,,,,4,,,
ClassicGumtree,1049,73,492,556,0,1,0,0,4,3,0,0.7,,700,,,,,5,,,
ClassicGumtree,113,33,13,77,0,23,0,0,5,3,0,0.799,,700,,,,,1,,,
ClassicGumtree,223,35,76,140,0,7,0,0,6,3,0,0.799,,700,,,,,2,,,
ClassicGumtree,276,42,103,167,0,6,0,0,5,3,0,0.799,,700,,,,,3,,,
ClassicGumtree,576,58,255,319,0,2,0,0,7,3,0,0.799,,700,,,,,4,,,
ClassicGumtree,1075,27,493,557,0,25,0,0,5,3,0,0.799,,700,,,,,5,,,
ClassicGumtree,113,33,13,77,0,23,0,0,5,3,0,0.899,,700,,,,,1,,,
ClassicGumtree,223,35,76,140,0,7,0,0,5,3,0,0.899,,700,,,,,2,,,
ClassicGumtree,276,42,103,167,0,6,0,0,5,3,0,0.899,,700,,,,,3,,,
ClassicGumtree,610,36,256,320,0,34,0,0,4,3,0,0.899,,700,,,,,4,,,
ClassicGumtree,1075,27,493,557,0,25,0,0,5,3,0,0.899,,700,,,,,5,,,
ClassicGumtree,170,80,14,78,0,78,0,0,4,3,0,0.999,,700,,,,,1,,,
ClassicGumtree,271,55,77,141,0,53,0,0,4,3,0,0.999,,700,,,,,2,,,
ClassicGumtree,320,50,104,168,0,48,0,0,7,3,0,0.999,,700,,,,,3,,,
ClassicGumtree,610,36,256,320,0,34,0,0,4,3,0,0.999,,700,,,,,4,,,
ClassicGumtree,1075,27,493,557,0,25,0,0,4,3,0,0.999,,700,,,,,5,,,
ClassicGumtree,78,14,5,69,0,4,0,0,9,3,0,0.1,,800,,,,,1,,,
ClassicGumtree,130,32,31,95,0,4,0,0,9,3,0,0.1,,800,,,,,2,,,
ClassicGumtree,174,40,53,117,0,4,0,0,10,3,0,0.1,,800,,,,,3,,,
ClassicGumtree,508,58,221,285,0,2,0,0,8,3,0,0.1,,800,,,,,4,,,
ClassicGumtree,1015,73,475,539,0,1,0,0,7,3,0,0.1,,800,,,,,5,,,
ClassicGumtree,78,14,5,69,0,4,0,0,17,3,0,0.2,,800,,,,,1,,,
ClassicGumtree,130,32,31,95,0,4,0,0,10,3,0,0.2,,800,,,,,2,,,
ClassicGumtree,174,40,53,117,0,4,0,0,10,3,0,0.2,,800,,,,,3,,,
ClassicGumtree,508,58,221,285,0,2,0,0,8,3,0,0.2,,800,,,,,4,,,
ClassicGumtree,1015,73,475,539,0,1,0,0,11,3,0,0.2,,800,,,,,5,,,
ClassicGumtree,78,14,5,69,0,4,0,0,10,3,0,0.3,,800,,,,,1,,,
ClassicGumtree,154,32,43,107,0,4,0,0,9,3,0,0.3,,800,,,,,2,,,
ClassicGumtree,230,40,81,145,0,4,0,0,8,3,0,0.3,,800,,,,,3,,,
ClassicGumtree,542,58,238,302,0,2,0,0,7,3,0,0.3,,800,,,,,4,,,
ClassicGumtree,1015,73,475,539,0,1,0,0,7,3,0,0.3,,800,,,,,5,,,
ClassicGumtree,78,14,5,69,0,4,0,0,9,3,0,0.4,,800,,,,,1,,,
ClassicGumtree,177,33,54,118,0,5,0,0,8,3,0,0.4,,800,,,,,2,,,
ClassicGumtree,230,40,81,145,0,4,0,0,8,3,0,0.4,,800,,,,,3,,,
ClassicGumtree,576,58,255,319,0,2,0,0,5,3,0,0.4,,800,,,,,4,,,
ClassicGumtree,1049,73,492,556,0,1,0,0,4,3,0,0.4,,800,,,,,5,,,
ClassicGumtree,78,14,5,69,0,4,0,0,24,3,0,0.5,,800,,,,,1,,,
ClassicGumtree,200,34,65,129,0,6,0,0,7,3,0,0.5,,800,,,,,2,,,
ClassicGumtree,253,41,92,156,0,5,0,0,10,3,0,0.5,,800,,,,,3,,,
ClassicGumtree,576,58,255,319,0,2,0,0,4,3,0,0.5,,800,,,,,4,,,
ClassicGumtree,1049,73,492,556,0,1,0,0,5,3,0,0.5,,800,,,,,5,,,
ClassicGumtree,86,18,7,71,0,8,0,0,16,3,0,0.6,,800,,,,,1,,,
ClassicGumtree,223,35,76,140,0,7,0,0,4,3,0,0.6,,800,,,,,2,,,
ClassicGumtree,276,42,103,167,0,6,0,0,5,3,0,0.6,,800,,,,,3,,,
ClassicGumtree,576,58,255,319,0,2,0,0,4,3,0,0.6,,800,,,,,4,,,
ClassicGumtree,1049,73,492,556,0,1,0,0,4,3,0,0.6,,800,,,,,5,,,
ClassicGumtree,104,28,11,75,0,18,0,0,6,3,0,0.7,,800,,,,,1,,,
ClassicGumtree,223,35,76,140,0,7,0,0,4,3,0,0.7,,800,,,,,2,,,
ClassicGumtree,276,42,103,167,0,6,0,0,4,3,0,0.7,,800,,,,,3,,,
ClassicGumtree,576,58,255,319,0,2,0,0,12,3,0,0.7,,800,,,,,4,,,
ClassicGumtree,1049,73,492,556,0,1,0,0,12,3,0,0.7,,800,,,,,5,,,
ClassicGumtree,113,33,13,77,0,23,0,0,12,3,0,0.799,,800,,,,,1,,,
ClassicGumtree,223,35,76,140,0,7,0,0,12,3,0,0.799,,800,,,,,2,,,
ClassicGumtree,276,42,103,167,0,6,0,0,12,3,0,0.799,,800,,,,,3,,,
ClassicGumtree,576,58,255,319,0,2,0,0,12,3,0,0.799,,800,,,,,4,,,
ClassicGumtree,1075,27,493,557,0,25,0,0,15,3,0,0.799,,800,,,,,5,,,
ClassicGumtree,113,33,13,77,0,23,0,0,12,3,0,0.899,,800,,,,,1,,,
ClassicGumtree,223,35,76,140,0,7,0,0,4,3,0,0.899,,800,,,,,2,,,
ClassicGumtree,276,42,103,167,0,6,0,0,4,3,0,0.899,,800,,,,,3,,,
ClassicGumtree,610,36,256,320,0,34,0,0,4,3,0,0.899,,800,,,,,4,,,
ClassicGumtree,1075,27,493,557,0,25,0,0,5,3,0,0.899,,800,,,,,5,,,
ClassicGumtree,170,80,14,78,0,78,0,0,5,3,0,0.999,,800,,,,,1,,,
ClassicGumtree,271,55,77,141,0,53,0,0,5,3,0,0.999,,800,,,,,2,,,
ClassicGumtree,320,50,104,168,0,48,0,0,5,3,0,0.999,,800,,,,,3,,,
ClassicGumtree,610,36,256,320,0,34,0,0,5,3,0,0.999,,800,,,,,4,,,
ClassicGumtree,1075,27,493,557,0,25,0,0,7,3,0,0.999,,800,,,,,5,,,
ClassicGumtree,78,14,5,69,0,4,0,0,10,3,0,0.1,,900,,,,,1,,,
ClassicGumtree,130,32,31,95,0,4,0,0,10,3,0,0.1,,900,,,,,2,,,
ClassicGumtree,174,40,53,117,0,4,0,0,10,3,0,0.1,,900,,,,,3,,,
ClassicGumtree,508,58,221,285,0,2,0,0,8,3,0,0.1,,900,,,,,4,,,
ClassicGumtree,1015,73,475,539,0,1,0,0,7,3,0,0.1,,900,,,,,5,,,
ClassicGumtree,78,14,5,69,0,4,0,0,17,3,0,0.2,,900,,,,,1,,,
ClassicGumtree,130,32,31,95,0,4,0,0,9,3,0,0.2,,900,,,,,2,,,
ClassicGumtree,174,40,53,117,0,4,0,0,9,3,0,0.2,,900,,,,,3,,,
ClassicGumtree,508,58,221,285,0,2,0,0,8,3,0,0.2,,900,,,,,4,,,
ClassicGumtree,1015,73,475,539,0,1,0,0,12,3,0,0.2,,900,,,,,5,,,
ClassicGumtree,78,14,5,69,0,4,0,0,9,3,0,0.3,,900,,,,,1,,,
ClassicGumtree,154,32,43,107,0,4,0,0,9,3,0,0.3,,900,,,,,2,,,
ClassicGumtree,230,40,81,145,0,4,0,0,8,3,0,0.3,,900,,,,,3,,,
ClassicGumtree,542,58,238,302,0,2,0,0,7,3,0,0.3,,900,,,,,4,,,
ClassicGumtree,1015,73,475,539,0,1,0,0,7,3,0,0.3,,900,,,,,5,,,
ClassicGumtree,78,14,5,69,0,4,0,0,10,3,0,0.4,,900,,,,,1,,,
ClassicGumtree,177,33,54,118,0,5,0,0,8,3,0,0.4,,900,,,,,2,,,
ClassicGumtree,230,40,81,145,0,4,0,0,8,3,0,0.4,,900,,,,,3,,,
ClassicGumtree,576,58,255,319,0,2,0,0,4,3,0,0.4,,900,,,,,4,,,
ClassicGumtree,1049,73,492,556,0,1,0,0,4,3,0,0.4,,900,,,,,5,,,
ClassicGumtree,78,14,5,69,0,4,0,0,10,3,0,0.5,,900,,,,,1,,,
ClassicGumtree,200,34,65,129,0,6,0,0,7,3,0,0.5,,900,,,,,2,,,
ClassicGumtree,253,41,92,156,0,5,0,0,10,3,0,0.5,,900,,,,,3,,,
ClassicGumtree,576,58,255,319,0,2,0,0,6,3,0,0.5,,900,,,,,4,,,
ClassicGumtree,1049,73,492,556,0,1,0,0,4,3,0,0.5,,900,,,,,5,,,
ClassicGumtree,86,18,7,71,0,8,0,0,9,3,0,0.6,,900,,,,,1,,,
ClassicGumtree,223,35,76,140,0,7,0,0,5,3,0,0.6,,900,,,,,2,,,
ClassicGumtree,276,42,103,167,0,6,0,0,5,3,0,0.6,,900,,,,,3,,,
ClassicGumtree,576,58,255,319,0,2,0,0,4,3,0,0.6,,900,,,,,4,,,
ClassicGumtree,1049,73,492,556,0,1,0,0,5,3,0,0.6,,900,,,,,5,,,
ClassicGumtree,104,28,11,75,0,18,0,0,6,3,0,0.7,,900,,,,,1,,,
ClassicGumtree,223,35,76,140,0,7,0,0,4,3,0,0.7,,900,,,,,2,,,
ClassicGumtree,276,42,103,167,0,6,0,0,4,3,0,0.7,,900,,,,,3,,,
ClassicGumtree,576,58,255,319,0,2,0,0,6,3,0,0.7,,900,,,,,4,,,
ClassicGumtree,1049,73,492,556,0,1,0,0,4,3,0,0.7,,900,,,,,5,,,
ClassicGumtree,113,33,13,77,0,23,0,0,5,3,0,0.799,,900,,,,,1,,,
ClassicGumtree,223,35,76,140,0,7,0,0,4,3,0,0.799,,900,,,,,2,,,
ClassicGumtree,276,42,103,167,0,6,0,0,4,3,0,0.799,,900,,,,,3,,,
ClassicGumtree,576,58,255,319,0,2,0,0,5,3,0,0.799,,900,,,,,4,,,
ClassicGumtree,1075,27,493,557,0,25,0,0,5,3,0,0.799,,900,,,,,5,,,
ClassicGumtree,113,33,13,77,0,23,0,0,4,3,0,0.899,,900,,,,,1,,,
ClassicGumtree,223,35,76,140,0,7,0,0,6,3,0,0.899,,900,,,,,2,,,
ClassicGumtree,276,42,103,167,0,6,0,0,4,3,0,0.899,,900,,,,,3,,,
ClassicGumtree,610,36,256,320,0,34,0,0,5,3,0,0.899,,900,,,,,4,,,
ClassicGumtree,1075,27,493,557,0,25,0,0,4,3,0,0.899,,900,,,,,5,,,
ClassicGumtree,170,80,14,78,0,78,0,0,5,3,0,0.999,,900,,,,,1,,,
ClassicGumtree,271,55,77,141,0,53,0,0,5,3,0,0.999,,900,,,,,2,,,
ClassicGumtree,320,50,104,168,0,48,0,0,7,3,0,0.999,,900,,,,,3,,,
ClassicGumtree,610,36,256,320,0,34,0,0,4,3,0,0.999,,900,,,,,4,,,
ClassicGumtree,1075,27,493,557,0,25,0,0,5,3,0,0.999,,900,,,,,5,,,
ClassicGumtree,78,14,5,69,0,4,0,0,10,3,0,0.1,,1000,,,,,1,,,
ClassicGumtree,130,32,31,95,0,4,0,0,10,3,0,0.1,,1000,,,,,2,,,
ClassicGumtree,174,40,53,117,0,4,0,0,10,3,0,0.1,,1000,,,,,3,,,
ClassicGumtree,508,58,221,285,0,2,0,0,8,3,0,0.1,,1000,,,,,4,,,
ClassicGumtree,1015,73,475,539,0,1,0,0,7,3,0,0.1,,1000,,,,,5,,,
ClassicGumtree,78,14,5,69,0,4,0,0,16,3,0,0.2,,1000,,,,,1,,,
ClassicGumtree,130,32,31,95,0,4,0,0,9,3,0,0.2,,1000,,,,,2,,,
ClassicGumtree,174,40,53,117,0,4,0,0,10,3,0,0.2,,1000,,,,,3,,,
ClassicGumtree,508,58,221,285,0,2,0,0,8,3,0,0.2,,1000,,,,,4,,,
ClassicGumtree,1015,73,475,539,0,1,0,0,11,3,0,0.2,,1000,,,,,5,,,
ClassicGumtree,78,14,5,69,0,4,0,0,10,3,0,0.3,,1000,,,,,1,,,
ClassicGumtree,154,32,43,107,0,4,0,0,9,3,0,0.3,,1000,,,,,2,,,
ClassicGumtree,230,40,81,145,0,4,0,0,8,3,0,0.3,,1000,,,,,3,,,
ClassicGumtree,542,58,238,302,0,2,0,0,7,3,0,0.3,,1000,,,,,4,,,
ClassicGumtree,1015,73,475,539,0,1,0,0,6,3,0,0.3,,1000,,,,,5,,,
ClassicGumtree,78,14,5,69,0,4,0,0,10,3,0,0.4,,1000,,,,,1,,,
ClassicGumtree,177,33,54,118,0,5,0,0,8,3,0,0.4,,1000,,,,,2,,,
ClassicGumtree,230,40,81,145,0,4,0,0,8,3,0,0.4,,1000,,,,,3,,,
ClassicGumtree,576,58,255,319,0,2,0,0,6,3,0,0.4,,1000,,,,,4,,,
ClassicGumtree,1049,73,492,556,0,1,0,0,4,3,0,0.4,,1000,,,,,5,,,
ClassicGumtree,78,14,5,69,0,4,0,0,9,3,0,0.5,,1000,,,,,1,,,
ClassicGumtree,200,34,65,129,0,6,0,0,7,3,0,0.5,,1000,,,,,2,,,
ClassicGumtree,253,41,92,156,0,5,0,0,7,3,0,0.5,,1000,,,,,3,,,
ClassicGumtree,576,58,255,319,0,2,0,0,7,3,0,0.5,,1000,,,,,4,,,
ClassicGumtree,1049,73,492,556,0,1,0,0,4,3,0,0.5,,1000,,,,,5,,,
ClassicGumtree,86,18,7,71,0,8,0,0,9,3,0,0.6,,1000,,,,,1,,,
ClassicGumtree,223,35,76,140,0,7,0,0,5,3,0,0.6,,1000,,,,,2,,,
ClassicGumtree,276,42,103,167,0,6,0,0,4,3,0,0.6,,1000,,,,,3,,,
ClassicGumtree,576,58,255,319,0,2,0,0,4,3,0,0.6,,1000,,,,,4,,,
ClassicGumtree,1049,73,492,556,0,1,0,0,5,3,0,0.6,,1000,,,,,5,,,
ClassicGumtree,104,28,11,75,0,18,0,0,10,3,0,0.7,,1000,,,,,1,,,
ClassicGumtree,223,35,76,140,0,7,0,0,4,3,0,0.7,,1000,,,,,2,,,
ClassicGumtree,276,42,103,167,0,6,0,0,4,3,0,0.7,,1000,,,,,3,,,
ClassicGumtree,576,58,255,319,0,2,0,0,7,3,0,0.7,,1000,,,,,4,,,
ClassicGumtree,1049,73,492,556,0,1,0,0,4,3,0,0.7,,1000,,,,,5,,,
ClassicGumtree,113,33,13,77,0,23,0,0,5,3,0,0.799,,1000,,,,,1,,,
ClassicGumtree,223,35,76,140,0,7,0,0,5,3,0,0.799,,1000,,,,,2,,,
ClassicGumtree,276,42,103,167,0,6,0,0,5,3,0,0.799,,1000,,,,,3,,,
ClassicGumtree,576,58,255,319,0,2,0,0,4,3,0,0.799,,1000,,,,,4,,,
ClassicGumtree,1075,27,493,557,0,25,0,0,5,3,0,0.799,,1000,,,,,5,,,
ClassicGumtree,113,33,13,77,0,23,0,0,5,3,0,0.899,,1000,,,,,1,,,
ClassicGumtree,223,35,76,140,0,7,0,0,4,3,0,0.899,,1000,,,,,2,,,
ClassicGumtree,276,42,103,167,0,6,0,0,5,3,0,0.899,,1000,,,,,3,,,
ClassicGumtree,610,36,256,320,0,34,0,0,4,3,0,0.899,,1000,,,,,4,,,
ClassicGumtree,1075,27,493,557,0,25,0,0,5,3,0,0.899,,1000,,,,,5,,,
ClassicGumtree,170,80,14,78,0,78,0,0,4,3,0,0.999,,1000,,,,,1,,,
ClassicGumtree,271,55,77,141,0,53,0,0,7,3,0,0.999,,1000,,,,,2,,,
ClassicGumtree,320,50,104,168,0,48,0,0,5,3,0,0.999,,1000,,,,,3,,,
ClassicGumtree,610,36,256,320,0,34,0,0,7,3,0,0.999,,1000,,,,,4,,,
ClassicGumtree,1075,27,493,557,0,25,0,0,5,3,0,0.999,,1000,,,,,5,,,
ClassicGumtree,78,14,5,69,0,4,0,0,9,3,0,0.1,,1100,,,,,1,,,
ClassicGumtree,130,32,31,95,0,4,0,0,10,3,0,0.1,,1100,,,,,2,,,
ClassicGumtree,174,40,53,117,0,4,0,0,9,3,0,0.1,,1100,,,,,3,,,
ClassicGumtree,508,58,221,285,0,2,0,0,8,3,0,0.1,,1100,,,,,4,,,
ClassicGumtree,1015,73,475,539,0,1,0,0,6,3,0,0.1,,1100,,,,,5,,,
ClassicGumtree,78,14,5,69,0,4,0,0,10,3,0,0.2,,1100,,,,,1,,,
ClassicGumtree,130,32,31,95,0,4,0,0,9,3,0,0.2,,1100,,,,,2,,,
ClassicGumtree,174,40,53,117,0,4,0,0,9,3,0,0.2,,1100,,,,,3,,,
ClassicGumtree,508,58,221,285,0,2,0,0,13,3,0,0.2,,1100,,,,,4,,,
ClassicGumtree,1015,73,475,539,0,1,0,0,11,3,0,0.2,,1100,,,,,5,,,
ClassicGumtree,78,14,5,69,0,4,0,0,9,3,0,0.3,,1100,,,,,1,,,
ClassicGumtree,154,32,43,107,0,4,0,0,9,3,0,0.3,,1100,,,,,2,,,
ClassicGumtree,230,40,81,145,0,4,0,0,8,3,0,0.3,,1100,,,,,3,,,
ClassicGumtree,542,58,238,302,0,2,0,0,7,3,0,0.3,,1100,,,,,4,,,
ClassicGumtree,1015,73,475,539,0,1,0,0,7,3,0,0.3,,1100,,,,,5,,,
ClassicGumtree,78,14,5,69,0,4,0,0,10,3,0,0.4,,1100,,,,,1,,,
ClassicGumtree,177,33,54,118,0,5,0,0,8,3,0,0.4,,1100,,,,,2,,,
ClassicGumtree,230,40,81,145,0,4,0,0,8,3,0,0.4,,1100,,,,,3,,,
ClassicGumtree,576,58,255,319,0,2,0,0,4,3,0,0.4,,1100,,,,,4,,,
ClassicGumtree,1049,73,492,556,0,1,0,0,5,3,0,0.4,,1100,,,,,5,,,
ClassicGumtree,78,14,5,69,0,4,0,0,17,3,0,0.5,,1100,,,,,1,,,
ClassicGumtree,200,34,65,129,0,6,0,0,7,3,0,0.5,,1100,,,,,2,,,
ClassicGumtree,253,41,92,156,0,5,0,0,7,3,0,0.5,,1100,,,,,3,,,
ClassicGumtree,576,58,255,319,0,2,0,0,5,3,0,0.5,,1100,,,,,4,,,
ClassicGumtree,1049,73,492,556,0,1,0,0,7,3,0,0.5,,1100,,,,,5,,,
ClassicGumtree,86,18,7,71,0,8,0,0,9,3,0,0.6,,1100,,,,,1,,,
ClassicGumtree,223,35,76,140,0,7,0,0,4,3,0,0.6,,1100,,,,,2,,,
ClassicGumtree,276,42,103,167,0,6,0,0,4,3,0,0.6,,1100,,,,,3,,,
ClassicGumtree,576,58,255,319,0,2,0,0,4,3,0,0.6,,1100,,,,,4,,,
ClassicGumtree,1049,73,492,556,0,1,0,0,5,3,0,0.6,,1100,,,,,5,,,
ClassicGumtree,104,28,11,75,0,18,0,0,6,3,0,0.7,,1100,,,,,1,,,
ClassicGumtree,223,35,76,140,0,7,0,0,4,3,0,0.7,,1100,,,,,2,,,
ClassicGumtree,276,42,103,167,0,6,0,0,4,3,0,0.7,,1100,,,,,3,,,
ClassicGumtree,576,58,255,319,0,2,0,0,5,3,0,0.7,,1100,,,,,4,,,
ClassicGumtree,1049,73,492,556,0,1,0,0,7,3,0,0.7,,1100,,,,,5,,,
ClassicGumtree,113,33,13,77,0,23,0,0,4,3,0,0.799,,1100,,,,,1,,,
ClassicGumtree,223,35,76,140,0,7,0,0,5,3,0,0.799,,1100,,,,,2,,,
ClassicGumtree,276,42,103,167,0,6,0,0,4,3,0,0.799,,1100,,,,,3,,,
ClassicGumtree,576,58,255,319,0,2,0,0,5,3,0,0.799,,1100,,,,,4,,,
ClassicGumtree,1075,27,493,557,0,25,0,0,4,3,0,0.799,,1100,,,,,5,,,
ClassicGumtree,113,33,13,77,0,23,0,0,5,3,0,0.899,,1100,,,,,1,,,
ClassicGumtree,223,35,76,140,0,7,0,0,4,3,0,0.899,,1100,,,,,2,,,
ClassicGumtree,276,42,103,167,0,6,0,0,4,3,0,0.899,,1100,,,,,3,,,
ClassicGumtree,610,36,256,320,0,34,0,0,4,3,0,0.899,,1100,,,,,4,,,
ClassicGumtree,1075,27,493,557,0,25,0,0,5,3,0,0.899,,1100,,,,,5,,,
ClassicGumtree,170,80,14,78,0,78,0,0,5,3,0,0.999,,1100,,,,,1,,,
ClassicGumtree,271,55,77,141,0,53,0,0,4,3,0,0.999,,1100,,,,,2,,,
ClassicGumtree,320,50,104,168,0,48,0,0,7,3,0,0.999,,1100,,,,,3,,,
ClassicGumtree,610,36,256,320,0,34,0,0,5,3,0,0.999,,1100,,,,,4,,,
ClassicGumtree,1075,27,493,557,0,25,0,0,4,3,0,0.999,,1100,,,,,5,,,
ClassicGumtree,78,14,5,69,0,4,0,0,23,3,0,0.1,,1200,,,,,1,,,
ClassicGumtree,130,32,31,95,0,4,0,0,16,3,0,0.1,,1200,,,,,2,,,
ClassicGumtree,174,40,53,117,0,4,0,0,16,3,0,0.1,,1200,,,,,3,,,
ClassicGumtree,508,58,221,285,0,2,0,0,15,3,0,0.1,,1200,,,,,4,,,
ClassicGumtree,1015,73,475,539,0,1,0,0,13,3,0,0.1,,1200,,,,,5,,,
ClassicGumtree,78,14,5,69,0,4,0,0,16,3,0,0.2,,1200,,,,,1,,,
ClassicGumtree,130,32,31,95,0,4,0,0,16,3,0,0.2,,1200,,,,,2,,,
ClassicGumtree,174,40,53,117,0,4,0,0,16,3,0,0.2,,1200,,,,,3,,,
ClassicGumtree,508,58,221,285,0,2,0,0,15,3,0,0.2,,1200,,,,,4,,,
ClassicGumtree,1015,73,475,539,0,1,0,0,18,3,0,0.2,,1200,,,,,5,,,
ClassicGumtree,78,14,5,69,0,4,0,0,9,3,0,0.3,,1200,,,,,1,,,
ClassicGumtree,154,32,43,107,0,4,0,0,9,3,0,0.3,,1200,,,,,2,,,
ClassicGumtree,230,40,81,145,0,4,0,0,8,3,0,0.3,,1200,,,,,3,,,
ClassicGumtree,542,58,238,302,0,2,0,0,7,3,0,0.3,,1200,,,,,4,,,
ClassicGumtree,1015,73,475,539,0,1,0,0,7,3,0,0.3,,1200,,,,,5,,,
ClassicGumtree,78,14,5,69,0,4,0,0,10,3,0,0.4,,1200,,,,,1,,,
ClassicGumtree,177,33,54,118,0,5,0,0,8,3,0,0.4,,1200,,,,,2,,,
ClassicGumtree,230,40,81,145,0,4,0,0,8,3,0,0.4,,1200,,,,,3,,,
ClassicGumtree,576,58,255,319,0,2,0,0,6,3,0,0.4,,1200,,,,,4,,,
ClassicGumtree,1049,73,492,556,0,1,0,0,5,3,0,0.4,,1200,,,,,5,,,
ClassicGumtree,78,14,5,69,0,4,0,0,16,3,0,0.5,,1200,,,,,1,,,
ClassicGumtree,200,34,65,129,0,6,0,0,7,3,0,0.5,,1200,,,,,2,,,
ClassicGumtree,253,41,92,156,0,5,0,0,7,3,0,0.5,,1200,,,,,3,,,
ClassicGumtree,576,58,255,319,0,2,0,0,5,3,0,0.5,,1200,,,,,4,,,
ClassicGumtree,1049,73,492,556,0,1,0,0,5,3,0,0.5,,1200,,,,,5,,,
ClassicGumtree,86,18,7,71,0,8,0,0,9,3,0,0.6,,1200,,,,,1,,,
ClassicGumtree,223,35,76,140,0,7,0,0,4,3,0,0.6,,1200,,,,,2,,,
ClassicGumtree,276,42,103,167,0,6,0,0,5,3,0,0.6,,1200,,,,,3,,,
ClassicGumtree,576,58,255,319,0,2,0,0,4,3,0,0.6,,1200,,,,,4,,,
ClassicGumtree,1049,73,492,556,0,1,0,0,8,3,0,0.6,,1200,,,,,5,,,
ClassicGumtree,104,28,11,75,0,18,0,0,6,3,0,0.7,,1200,,,,,1,,,
ClassicGumtree,223,35,76,140,0,7,0,0,4,3,0,0.7,,1200,,,,,2,,,
ClassicGumtree,276,42,103,167,0,6,0,0,4,3,0,0.7,,1200,,,,,3,,,
ClassicGumtree,576,58,255,319,0,2,0,0,4,3,0,0.7,,1200,,,,,4,,,
ClassicGumtree,1049,73,492,556,0,1,0,0,5,3,0,0.7,,1200,,,,,5,,,
ClassicGumtree,113,33,13,77,0,23,0,0,4,3,0,0.799,,1200,,,,,1,,,
ClassicGumtree,223,35,76,140,0,7,0,0,5,3,0,0.799,,1200,,,,,2,,,
ClassicGumtree,276,42,103,167,0,6,0,0,5,3,0,0.799,,1200,,,,,3,,,
ClassicGumtree,576,58,255,319,0,2,0,0,5,3,0,0.799,,1200,,,,,4,,,
ClassicGumtree,1075,27,493,557,0,25,0,0,4,3,0,0.799,,1200,,,,,5,,,
ClassicGumtree,113,33,13,77,0,23,0,0,5,3,0,0.899,,1200,,,,,1,,,
ClassicGumtree,223,35,76,140,0,7,0,0,5,3,0,0.899,,1200,,,,,2,,,
ClassicGumtree,276,42,103,167,0,6,0,0,6,3,0,0.899,,1200,,,,,3,,,
ClassicGumtree,610,36,256,320,0,34,0,0,4,3,0,0.899,,1200,,,,,4,,,
ClassicGumtree,1075,27,493,557,0,25,0,0,5,3,0,0.899,,1200,,,,,5,,,
ClassicGumtree,170,80,14,78,0,78,0,0,4,3,0,0.999,,1200,,,,,1,,,
ClassicGumtree,271,55,77,141,0,53,0,0,4,3,0,0.999,,1200,,,,,2,,,
ClassicGumtree,320,50,104,168,0,48,0,0,4,3,0,0.999,,1200,,,,,3,,,
ClassicGumtree,610,36,256,320,0,34,0,0,7,3,0,0.999,,1200,,,,,4,,,
ClassicGumtree,1075,27,493,557,0,25,0,0,4,3,0,0.999,,1200,,,,,5,,,
ClassicGumtree,78,14,5,69,0,4,0,0,9,3,0,0.1,,1300,,,,,1,,,
ClassicGumtree,130,32,31,95,0,4,0,0,9,3,0,0.1,,1300,,,,,2,,,
ClassicGumtree,174,40,53,117,0,4,0,0,10,3,0,0.1,,1300,,,,,3,,,
ClassicGumtree,508,58,221,285,0,2,0,0,8,3,0,0.1,,1300,,,,,4,,,
ClassicGumtree,1015,73,475,539,0,1,0,0,7,3,0,0.1,,1300,,,,,5,,,
ClassicGumtree,78,14,5,69,0,4,0,0,17,3,0,0.2,,1300,,,,,1,,,
ClassicGumtree,130,32,31,95,0,4,0,0,10,3,0,0.2,,1300,,,,,2,,,
ClassicGumtree,174,40,53,117,0,4,0,0,9,3,0,0.2,,1300,,,,,3,,,
ClassicGumtree,508,58,221,285,0,2,0,0,8,3,0,0.2,,1300,,,,,4,,,
ClassicGumtree,1015,73,475,539,0,1,0,0,12,3,0,0.2,,1300,,,,,5,,,
ClassicGumtree,78,14,5,69,0,4,0,0,10,3,0,0.3,,1300,,,,,1,,,
ClassicGumtree,154,32,43,107,0,4,0,0,9,3,0,0.3,,1300,,,,,2,,,
ClassicGumtree,230,40,81,145,0,4,0,0,8,3,0,0.3,,1300,,,,,3,,,
ClassicGumtree,542,58,238,302,0,2,0,0,7,3,0,0.3,,1300,,,,,4,,,
ClassicGumtree,1015,73,475,539,0,1,0,0,7,3,0,0.3,,1300,,,,,5,,,
ClassicGumtree,78,14,5,69,0,4,0,0,10,3,0,0.4,,1300,,,,,1,,,
ClassicGumtree,177,33,54,118,0,5,0,0,8,3,0,0.4,,1300,,,,,2,,,
ClassicGumtree,230,40,81,145,0,4,0,0,8,3,0,0.4,,1300,,,,,3,,,
ClassicGumtree,576,58,255,319,0,2,0,0,4,3,0,0.4,,1300,,,,,4,,,
ClassicGumtree,1049,73,492,556,0,1,0,0,5,3,0,0.4,,1300,,,,,5,,,
ClassicGumtree,78,14,5,69,0,4,0,0,10,3,0,0.5,,1300,,,,,1,,,
ClassicGumtree,200,34,65,129,0,6,0,0,6,3,0,0.5,,1300,,,,,2,,,
ClassicGumtree,253,41,92,156,0,5,0,0,10,3,0,0.5,,1300,,,,,3,,,
ClassicGumtree,576,58,255,319,0,2,0,0,4,3,0,0.5,,1300,,,,,4,,,
ClassicGumtree,1049,73,492,556,0,1,0,0,7,3,0,0.5,,1300,,,,,5,,,
ClassicGumtree,86,18,7,71,0,8,0,0,9,3,0,0.6,,1300,,,,,1,,,
ClassicGumtree,223,35,76,140,0,7,0,0,4,3,0,0.6,,1300,,,,,2,,,
ClassicGumtree,276,42,103,167,0,6,0,0,5,3,0,0.6,,1300,,,,,3,,,
ClassicGumtree,576,58,255,319,0,2,0,0,4,3,0,0.6,,1300,,,,,4,,,
ClassicGumtree,1049,73,492,556,0,1,0,0,4,3,0,0.6,,1300,,,,,5,,,
ClassicGumtree,104,28,11,75,0,18,0,0,6,3,0,0.7,,1300,,,,,1,,,
ClassicGumtree,223,35,76,140,0,7,0,0,5,3,0,0.7,,1300,,,,,2,,,
ClassicGumtree,276,42,103,167,0,6,0,0,4,3,0,0.7,,1300,,,,,3,,,
ClassicGumtree,576,58,255,319,0,2,0,0,4,3,0,0.7,,1300,,,,,4,,,
ClassicGumtree,1049,73,492,556,0,1,0,0,7,3,0,0.7,,1300,,,,,5,,,
ClassicGumtree,113,33,13,77,0,23,0,0,4,3,0,0.799,,1300,,,,,1,,,
ClassicGumtree,223,35,76,140,0,7,0,0,5,3,0,0.799,,1300,,,,,2,,,
ClassicGumtree,276,42,103,167,0,6,0,0,4,3,0,0.799,,1300,,,,,3,,,
ClassicGumtree,576,58,255,319,0,2,0,0,5,3,0,0.799,,1300,,,,,4,,,
ClassicGumtree,1075,27,493,557,0,25,0,0,7,3,0,0.799,,1300,,,,,5,,,
ClassicGumtree,113,33,13,77,0,23,0,0,4,3,0,0.899,,1300,,,,,1,,,
ClassicGumtree,223,35,76,140,0,7,0,0,5,3,0,0.899,,1300,,,,,2,,,
ClassicGumtree,276,42,103,167,0,6,0,0,5,3,0,0.899,,1300,,,,,3,,,
ClassicGumtree,610,36,256,320,0,34,0,0,5,3,0,0.899,,1300,,,,,4,,,
ClassicGumtree,1075,27,493,557,0,25,0,0,5,3,0,0.899,,1300,,,,,5,,,
ClassicGumtree,170,80,14,78,0,78,0,0,4,3,0,0.999,,1300,,,,,1,,,
ClassicGumtree,271,55,77,141,0,53,0,0,5,3,0,0.999,,1300,,,,,2,,,
ClassicGumtree,320,50,104,168,0,48,0,0,4,3,0,0.999,,1300,,,,,3,,,
ClassicGumtree,610,36,256,320,0,34,0,0,7,3,0,0.999,,1300,,,,,4,,,
ClassicGumtree,1075,27,493,557,0,25,0,0,5,3,0,0.999,,1300,,,,,5,,,
ClassicGumtree,78,14,5,69,0,4,0,0,9,3,0,0.1,,1400,,,,,1,,,
ClassicGumtree,130,32,31,95,0,4,0,0,9,3,0,0.1,,1400,,,,,2,,,
ClassicGumtree,174,40,53,117,0,4,0,0,9,3,0,0.1,,1400,,,,,3,,,
ClassicGumtree,508,58,221,285,0,2,0,0,8,3,0,0.1,,1400,,,,,4,,,
ClassicGumtree,1015,73,475,539,0,1,0,0,7,3,0,0.1,,1400,,,,,5,,,
ClassicGumtree,78,14,5,69,0,4,0,0,10,3,0,0.2,,1400,,,,,1,,,
ClassicGumtree,130,32,31,95,0,4,0,0,16,3,0,0.2,,1400,,,,,2,,,
ClassicGumtree,174,40,53,117,0,4,0,0,10,3,0,0.2,,1400,,,,,3,,,
ClassicGumtree,508,58,221,285,0,2,0,0,8,3,0,0.2,,1400,,,,,4,,,
ClassicGumtree,1015,73,475,539,0,1,0,0,11,3,0,0.2,,1400,,,,,5,,,
ClassicGumtree,78,14,5,69,0,4,0,0,10,3,0,0.3,,1400,,,,,1,,,
ClassicGumtree,154,32,43,107,0,4,0,0,9,3,0,0.3,,1400,,,,,2,,,
ClassicGumtree,230,40,81,145,0,4,0,0,8,3,0,0.3,,1400,,,,,3,,,
ClassicGumtree,542,58,238,302,0,2,0,0,7,3,0,0.3,,1400,,,,,4,,,
ClassicGumtree,1015,73,475,539,0,1,0,0,7,3,0,0.3,,1400,,,,,5,,,
ClassicGumtree,78,14,5,69,0,4,0,0,9,3,0,0.4,,1400,,,,,1,,,
ClassicGumtree,177,33,54,118,0,5,0,0,8,3,0,0.4,,1400,,,,,2,,,
ClassicGumtree,230,40,81,145,0,4,0,0,8,3,0,0.4,,1400,,,,,3,,,
ClassicGumtree,576,58,255,319,0,2,0,0,5,3,0,0.4,,1400,,,,,4,,,
ClassicGumtree,1049,73,492,556,0,1,0,0,5,3,0,0.4,,1400,,,,,5,,,
ClassicGumtree,78,14,5,69,0,4,0,0,17,3,0,0.5,,1400,,,,,1,,,
ClassicGumtree,200,34,65,129,0,6,0,0,7,3,0,0.5,,1400,,,,,2,,,
ClassicGumtree,253,41,92,156,0,5,0,0,6,3,0,0.5,,1400,,,,,3,,,
ClassicGumtree,576,58,255,319,0,2,0,0,7,3,0,0.5,,1400,,,,,4,,,
ClassicGumtree,1049,73,492,556,0,1,0,0,5,3,0,0.5,,1400,,,,,5,,,
ClassicGumtree,86,18,7,71,0,8,0,0,9,3,0,0.6,,1400,,,,,1,,,
ClassicGumtree,223,35,76,140,0,7,0,0,4,3,0,0.6,,1400,,,,,2,,,
ClassicGumtree,276,42,103,167,0,6,0,0,4,3,0,0.6,,1400,,,,,3,,,
ClassicGumtree,576,58,255,319,0,2,0,0,5,3,0,0.6,,1400,,,,,4,,,
ClassicGumtree,1049,73,492,556,0,1,0,0,4,3,0,0.6,,1400,,,,,5,,,
ClassicGumtree,104,28,11,75,0,18,0,0,6,3,0,0.7,,1400,,,,,1,,,
ClassicGumtree,223,35,76,140,0,7,0,0,4,3,0,0.7,,1400,,,,,2,,,
ClassicGumtree,276,42,103,167,0,6,0,0,5,3,0,0.7,,1400,,,,,3,,,
ClassicGumtree,576,58,255,319,0,2,0,0,4,3,0,0.7,,1400,,,,,4,,,
ClassicGumtree,1049,73,492,556,0,1,0,0,7,3,0,0.7,,1400,,,,,5,,,
ClassicGumtree,113,33,13,77,0,23,0,0,5,3,0,0.799,,1400,,,,,1,,,
ClassicGumtree,223,35,76,140,0,7,0,0,4,3,0,0.799,,1400,,,,,2,,,
ClassicGumtree,276,42,103,167,0,6,0,0,5,3,0,0.799,,1400,,,,,3,,,
ClassicGumtree,576,58,255,319,0,2,0,0,5,3,0,0.799,,1400,,,,,4,,,
ClassicGumtree,1075,27,493,557,0,25,0,0,5,3,0,0.799,,1400,,,,,5,,,
ClassicGumtree,113,33,13,77,0,23,0,0,4,3,0,0.899,,1400,,,,,1,,,
ClassicGumtree,223,35,76,140,0,7,0,0,5,3,0,0.899,,1400,,,,,2,,,
ClassicGumtree,276,42,103,167,0,6,0,0,5,3,0,0.899,,1400,,,,,3,,,
ClassicGumtree,610,36,256,320,0,34,0,0,4,3,0,0.899,,1400,,,,,4,,,
ClassicGumtree,1075,27,493,557,0,25,0,0,5,3,0,0.899,,1400,,,,,5,,,
ClassicGumtree,170,80,14,78,0,78,0,0,4,3,0,0.999,,1400,,,,,1,,,
ClassicGumtree,271,55,77,141,0,53,0,0,7,3,0,0.999,,1400,,,,,2,,,
ClassicGumtree,320,50,104,168,0,48,0,0,4,3,0,0.999,,1400,,,,,3,,,
ClassicGumtree,610,36,256,320,0,34,0,0,5,3,0,0.999,,1400,,,,,4,,,
ClassicGumtree,1075,27,493,557,0,25,0,0,7,3,0,0.999,,1400,,,,,5,,,
ClassicGumtree,78,14,5,69,0,4,0,0,9,3,0,0.1,,1500,,,,,1,,,
ClassicGumtree,130,32,31,95,0,4,0,0,9,3,0,0.1,,1500,,,,,2,,,
ClassicGumtree,174,40,53,117,0,4,0,0,9,3,0,0.1,,1500,,,,,3,,,
ClassicGumtree,508,58,221,285,0,2,0,0,8,3,0,0.1,,1500,,,,,4,,,
ClassicGumtree,1015,73,475,539,0,1,0,0,7,3,0,0.1,,1500,,,,,5,,,
ClassicGumtree,78,14,5,69,0,4,0,0,10,3,0,0.2,,1500,,,,,1,,,
ClassicGumtree,130,32,31,95,0,4,0,0,10,3,0,0.2,,1500,,,,,2,,,
ClassicGumtree,174,40,53,117,0,4,0,0,10,3,0,0.2,,1500,,,,,3,,,
ClassicGumtree,508,58,221,285,0,2,0,0,21,3,0,0.2,,1500,,,,,4,,,
ClassicGumtree,1015,73,475,539,0,1,0,0,18,3,0,0.2,,1500,,,,,5,,,
ClassicGumtree,78,14,5,69,0,4,0,0,17,3,0,0.3,,1500,,,,,1,,,
ClassicGumtree,154,32,43,107,0,4,0,0,17,3,0,0.3,,1500,,,,,2,,,
ClassicGumtree,230,40,81,145,0,4,0,0,16,3,0,0.3,,1500,,,,,3,,,
ClassicGumtree,542,58,238,302,0,2,0,0,14,3,0,0.3,,1500,,,,,4,,,
ClassicGumtree,1015,73,475,539,0,1,0,0,15,3,0,0.3,,1500,,,,,5,,,
ClassicGumtree,78,14,5,69,0,4,0,0,17,3,0,0.4,,1500,,,,,1,,,
ClassicGumtree,177,33,54,118,0,5,0,0,15,3,0,0.4,,1500,,,,,2,,,
ClassicGumtree,230,40,81,145,0,4,0,0,15,3,0,0.4,,1500,,,,,3,,,
ClassicGumtree,576,58,255,319,0,2,0,0,5,3,0,0.4,,1500,,,,,4,,,
ClassicGumtree,1049,73,492,556,0,1,0,0,4,3,0,0.4,,1500,,,,,5,,,
ClassicGumtree,78,14,5,69,0,4,0,0,9,3,0,0.5,,1500,,,,,1,,,
ClassicGumtree,200,34,65,129,0,6,0,0,6,3,0,0.5,,1500,,,,,2,,,
ClassicGumtree,253,41,92,156,0,5,0,0,6,3,0,0.5,,1500,,,,,3,,,
ClassicGumtree,576,58,255,319,0,2,0,0,6,3,0,0.5,,1500,,,,,4,,,
ClassicGumtree,1049,73,492,556,0,1,0,0,7,3,0,0.5,,1500,,,,,5,,,
ClassicGumtree,86,18,7,71,0,8,0,0,9,3,0,0.6,,1500,,,,,1,,,
ClassicGumtree,223,35,76,140,0,7,0,0,4,3,0,0.6,,1500,,,,,2,,,
ClassicGumtree,276,42,103,167,0,6,0,0,4,3,0,0.6,,1500,,,,,3,,,
ClassicGumtree,576,58,255,319,0,2,0,0,5,3,0,0.6,,1500,,,,,4,,,
ClassicGumtree,1049,73,492,556,0,1,0,0,5,3,0,0.6,,1500,,,,,5,,,
ClassicGumtree,104,28,11,75,0,18,0,0,6,3,0,0.7,,1500,,,,,1,,,
ClassicGumtree,223,35,76,140,0,7,0,0,4,3,0,0.7,,1500,,,,,2,,,
ClassicGumtree,276,42,103,167,0,6,0,0,4,3,0,0.7,,1500,,,,,3,,,
ClassicGumtree,576,58,255,319,0,2,0,0,5,3,0,0.7,,1500,,,,,4,,,
ClassicGumtree,1049,73,492,556,0,1,0,0,7,3,0,0.7,,1500,,,,,5,,,
ClassicGumtree,113,33,13,77,0,23,0,0,4,3,0,0.799,,1500,,,,,1,,,
ClassicGumtree,223,35,76,140,0,7,0,0,7,3,0,0.799,,1500,,,,,2,,,
ClassicGumtree,276,42,103,167,0,6,0,0,4,3,0,0.799,,1500,,,,,3,,,
ClassicGumtree,576,58,255,319,0,2,0,0,5,3,0,0.799,,1500,,,,,4,,,
ClassicGumtree,1075,27,493,557,0,25,0,0,5,3,0,0.799,,1500,,,,,5,,,
ClassicGumtree,113,33,13,77,0,23,0,0,4,3,0,0.899,,1500,,,,,1,,,
ClassicGumtree,223,35,76,140,0,7,0,0,4,3,0,0.899,,1500,,,,,2,,,
ClassicGumtree,276,42,103,167,0,6,0,0,4,3,0,0.899,,1500,,,,,3,,,
ClassicGumtree,610,36,256,320,0,34,0,0,5,3,0,0.899,,1500,,,,,4,,,
ClassicGumtree,1075,27,493,557,0,25,0,0,5,3,0,0.899,,1500,,,,,5,,,
ClassicGumtree,170,80,14,78,0,78,0,0,5,3,0,0.999,,1500,,,,,1,,,
ClassicGumtree,271,55,77,141,0,53,0,0,4,3,0,0.999,,1500,,,,,2,,,
ClassicGumtree,320,50,104,168,0,48,0,0,6,3,0,0.999,,1500,,,,,3,,,
ClassicGumtree,610,36,256,320,0,34,0,0,7,3,0,0.999,,1500,,,,,4,,,
ClassicGumtree,1075,27,493,557,0,25,0,0,5,3,0,0.999,,1500,,,,,5,,,
ClassicGumtree,78,14,5,69,0,4,0,0,10,3,0,0.1,,1600,,,,,1,,,
ClassicGumtree,130,32,31,95,0,4,0,0,10,3,0,0.1,,1600,,,,,2,,,
ClassicGumtree,174,40,53,117,0,4,0,0,10,3,0,0.1,,1600,,,,,3,,,
ClassicGumtree,508,58,221,285,0,2,0,0,8,3,0,0.1,,1600,,,,,4,,,
ClassicGumtree,1015,73,475,539,0,1,0,0,7,3,0,0.1,,1600,,,,,5,,,
ClassicGumtree,78,14,5,69,0,4,0,0,9,3,0,0.2,,1600,,,,,1,,,
ClassicGumtree,130,32,31,95,0,4,0,0,10,3,0,0.2,,1600,,,,,2,,,
ClassicGumtree,174,40,53,117,0,4,0,0,9,3,0,0.2,,1600,,,,,3,,,
ClassicGumtree,508,58,221,285,0,2,0,0,13,3,0,0.2,,1600,,,,,4,,,
ClassicGumtree,1015,73,475,539,0,1,0,0,11,3,0,0.2,,1600,,,,,5,,,
ClassicGumtree,78,14,5,69,0,4,0,0,10,3,0,0.3,,1600,,,,,1,,,
ClassicGumtree,154,32,43,107,0,4,0,0,9,3,0,0.3,,1600,,,,,2,,,
ClassicGumtree,230,40,81,145,0,4,0,0,8,3,0,0.3,,1600,,,,,3,,,
ClassicGumtree,542,58,238,302,0,2,0,0,6,3,0,0.3,,1600,,,,,4,,,
ClassicGumtree,1015,73,475,539,0,1,0,0,7,3,0,0.3,,1600,,,,,5,,,
ClassicGumtree,78,14,5,69,0,4,0,0,10,3,0,0.4,,1600,,,,,1,,,
ClassicGumtree,177,33,54,118,0,5,0,0,8,3,0,0.4,,1600,,,,,2,,,
ClassicGumtree,230,40,81,145,0,4,0,0,8,3,0,0.4,,1600,,,,,3,,,
ClassicGumtree,576,58,255,319,0,2,0,0,5,3,0,0.4,,1600,,,,,4,,,
ClassicGumtree,1049,73,492,556,0,1,0,0,4,3,0,0.4,,1600,,,,,5,,,
ClassicGumtree,78,14,5,69,0,4,0,0,17,3,0,0.5,,1600,,,,,1,,,
ClassicGumtree,200,34,65,129,0,6,0,0,6,3,0,0.5,,1600,,,,,2,,,
ClassicGumtree,253,41,92,156,0,5,0,0,6,3,0,0.5,,1600,,,,,3,,,
ClassicGumtree,576,58,255,319,0,2,0,0,4,3,0,0.5,,1600,,,,,4,,,
ClassicGumtree,1049,73,492,556,0,1,0,0,7,3,0,0.5,,1600,,,,,5,,,
ClassicGumtree,86,18,7,71,0,8,0,0,9,3,0,0.6,,1600,,,,,1,,,
ClassicGumtree,223,35,76,140,0,7,0,0,4,3,0,0.6,,1600,,,,,2,,,
ClassicGumtree,276,42,103,167,0,6,0,0,4,3,0,0.6,,1600,,,,,3,,,
ClassicGumtree,576,58,255,319,0,2,0,0,4,3,0,0.6,,1600,,,,,4,,,
ClassicGumtree,1049,73,492,556,0,1,0,0,5,3,0,0.6,,1600,,,,,5,,,
ClassicGumtree,104,28,11,75,0,18,0,0,6,3,0,0.7,,1600,,,,,1,,,
ClassicGumtree,223,35,76,140,0,7,0,0,5,3,0,0.7,,1600,,,,,2,,,
ClassicGumtree,276,42,103,167,0,6,0,0,4,3,0,0.7,,1600,,,,,3,,,
ClassicGumtree,576,58,255,319,0,2,0,0,5,3,0,0.7,,1600,,,,,4,,,
ClassicGumtree,1049,73,492,556,0,1,0,0,5,3,0,0.7,,1600,,,,,5,,,
ClassicGumtree,113,33,13,77,0,23,0,0,4,3,0,0.799,,1600,,,,,1,,,
ClassicGumtree,223,35,76,140,0,7,0,0,7,3,0,0.799,,1600,,,,,2,,,
ClassicGumtree,276,42,103,167,0,6,0,0,4,3,0,0.799,,1600,,,,,3,,,
ClassicGumtree,576,58,255,319,0,2,0,0,5,3,0,0.799,,1600,,,,,4,,,
ClassicGumtree,1075,27,493,557,0,25,0,0,4,3,0,0.799,,1600,,,,,5,,,
ClassicGumtree,113,33,13,77,0,23,0,0,4,3,0,0.899,,1600,,,,,1,,,
ClassicGumtree,223,35,76,140,0,7,0,0,4,3,0,0.899,,1600,,,,,2,,,
ClassicGumtree,276,42,103,167,0,6,0,0,4,3,0,0.899,,1600,,,,,3,,,
ClassicGumtree,610,36,256,320,0,34,0,0,5,3,0,0.899,,1600,,,,,4,,,
ClassicGumtree,1075,27,493,557,0,25,0,0,5,3,0,0.899,,1600,,,,,5,,,
ClassicGumtree,170,80,14,78,0,78,0,0,5,3,0,0.999,,1600,,,,,1,,,
ClassicGumtree,271,55,77,141,0,53,0,0,4,3,0,0.999,,1600,,,,,2,,,
ClassicGumtree,320,50,104,168,0,48,0,0,7,3,0,0.999,,1600,,,,,3,,,
ClassicGumtree,610,36,256,320,0,34,0,0,5,3,0,0.999,,1600,,,,,4,,,
ClassicGumtree,1075,27,493,557,0,25,0,0,5,3,0,0.999,,1600,,,,,5,,,
ClassicGumtree,78,14,5,69,0,4,0,0,10,3,0,0.1,,1700,,,,,1,,,
ClassicGumtree,130,32,31,95,0,4,0,0,16,3,0,0.1,,1700,,,,,2,,,
ClassicGumtree,174,40,53,117,0,4,0,0,10,3,0,0.1,,1700,,,,,3,,,
ClassicGumtree,508,58,221,285,0,2,0,0,8,3,0,0.1,,1700,,,,,4,,,
ClassicGumtree,1015,73,475,539,0,1,0,0,7,3,0,0.1,,1700,,,,,5,,,
ClassicGumtree,78,14,5,69,0,4,0,0,10,3,0,0.2,,1700,,,,,1,,,
ClassicGumtree,130,32,31,95,0,4,0,0,10,3,0,0.2,,1700,,,,,2,,,
ClassicGumtree,174,40,53,117,0,4,0,0,9,3,0,0.2,,1700,,,,,3,,,
ClassicGumtree,508,58,221,285,0,2,0,0,8,3,0,0.2,,1700,,,,,4,,,
ClassicGumtree,1015,73,475,539,0,1,0,0,11,3,0,0.2,,1700,,,,,5,,,
ClassicGumtree,78,14,5,69,0,4,0,0,10,3,0,0.3,,1700,,,,,1,,,
ClassicGumtree,154,32,43,107,0,4,0,0,9,3,0,0.3,,1700,,,,,2,,,
ClassicGumtree,230,40,81,145,0,4,0,0,8,3,0,0.3,,1700,,,,,3,,,
ClassicGumtree,542,58,238,302,0,2,0,0,6,3,0,0.3,,1700,,,,,4,,,
ClassicGumtree,1015,73,475,539,0,1,0,0,7,3,0,0.3,,1700,,,,,5,,,
ClassicGumtree,78,14,5,69,0,4,0,0,10,3,0,0.4,,1700,,,,,1,,,
ClassicGumtree,177,33,54,118,0,5,0,0,8,3,0,0.4,,1700,,,,,2,,,
ClassicGumtree,230,40,81,145,0,4,0,0,9,3,0,0.4,,1700,,,,,3,,,
ClassicGumtree,576,58,255,319,0,2,0,0,7,3,0,0.4,,1700,,,,,4,,,
ClassicGumtree,1049,73,492,556,0,1,0,0,5,3,0,0.4,,1700,,,,,5,,,
ClassicGumtree,78,14,5,69,0,4,0,0,10,3,0,0.5,,1700,,,,,1,,,
ClassicGumtree,200,34,65,129,0,6,0,0,11,3,0,0.5,,1700,,,,,2,,,
ClassicGumtree,253,41,92,156,0,5,0,0,6,3,0,0.5,,1700,,,,,3,,,
ClassicGumtree,576,58,255,319,0,2,0,0,4,3,0,0.5,,1700,,,,,4,,,
ClassicGumtree,1049,73,492,556,0,1,0,0,4,3,0,0.5,,1700,,,,,5,,,
ClassicGumtree,86,18,7,71,0,8,0,0,9,3,0,0.6,,1700,,,,,1,,,
ClassicGumtree,223,35,76,140,0,7,0,0,4,3,0,0.6,,1700,,,,,2,,,
ClassicGumtree,276,42,103,167,0,6,0,0,4,3,0,0.6,,1700,,,,,3,,,
ClassicGumtree,576,58,255,319,0,2,0,0,4,3,0,0.6,,1700,,,,,4,,,
ClassicGumtree,1049,73,492,556,0,1,0,0,4,3,0,0.6,,1700,,,,,5,,,
ClassicGumtree,104,28,11,75,0,18,0,0,9,3,0,0.7,,1700,,,,,1,,,
ClassicGumtree,223,35,76,140,0,7,0,0,5,3,0,0.7,,1700,,,,,2,,,
ClassicGumtree,276,42,103,167,0,6,0,0,5,3,0,0.7,,1700,,,,,3,,,
ClassicGumtree,576,58,255,319,0,2,0,0,5,3,0,0.7,,1700,,,,,4,,,
ClassicGumtree,1049,73,492,556,0,1,0,0,4,3,0,0.7,,1700,,,,,5,,,
ClassicGumtree,113,33,13,77,0,23,0,0,5,3,0,0.799,,1700,,,,,1,,,
ClassicGumtree,223,35,76,140,0,7,0,0,4,3,0,0.799,,1700,,,,,2,,,
ClassicGumtree,276,42,103,167,0,6,0,0,5,3,0,0.799,,1700,,,,,3,,,
ClassicGumtree,576,58,255,319,0,2,0,0,4,3,0,0.799,,1700,,,,,4,,,
ClassicGumtree,1075,27,493,557,0,25,0,0,7,3,0,0.799,,1700,,,,,5,,,
ClassicGumtree,113,33,13,77,0,23,0,0,4,3,0,0.899,,1700,,,,,1,,,
ClassicGumtree,223,35,76,140,0,7,0,0,4,3,0,0.899,,1700,,,,,2,,,
ClassicGumtree,276,42,103,167,0,6,0,0,4,3,0,0.899,,1700,,,,,3,,,
ClassicGumtree,610,36,256,320,0,34,0,0,4,3,0,0.899,,1700,,,,,4,,,
ClassicGumtree,1075,27,493,557,0,25,0,0,5,3,0,0.899,,1700,,,,,5,,,
ClassicGumtree,170,80,14,78,0,78,0,0,5,3,0,0.999,,1700,,,,,1,,,
ClassicGumtree,271,55,77,141,0,53,0,0,4,3,0,0.999,,1700,,,,,2,,,
ClassicGumtree,320,50,104,168,0,48,0,0,5,3,0,0.999,,1700,,,,,3,,,
ClassicGumtree,610,36,256,320,0,34,0,0,7,3,0,0.999,,1700,,,,,4,,,
ClassicGumtree,1075,27,493,557,0,25,0,0,5,3,0,0.999,,1700,,,,,5,,,
ClassicGumtree,78,14,5,69,0,4,0,0,10,3,0,0.1,,1800,,,,,1,,,
ClassicGumtree,130,32,31,95,0,4,0,0,10,3,0,0.1,,1800,,,,,2,,,
ClassicGumtree,174,40,53,117,0,4,0,0,10,3,0,0.1,,1800,,,,,3,,,
ClassicGumtree,508,58,221,285,0,2,0,0,13,3,0,0.1,,1800,,,,,4,,,
ClassicGumtree,1015,73,475,539,0,1,0,0,7,3,0,0.1,,1800,,,,,5,,,
ClassicGumtree,78,14,5,69,0,4,0,0,9,3,0,0.2,,1800,,,,,1,,,
ClassicGumtree,130,32,31,95,0,4,0,0,10,3,0,0.2,,1800,,,,,2,,,
ClassicGumtree,174,40,53,117,0,4,0,0,9,3,0,0.2,,1800,,,,,3,,,
ClassicGumtree,508,58,221,285,0,2,0,0,8,3,0,0.2,,1800,,,,,4,,,
ClassicGumtree,1015,73,475,539,0,1,0,0,11,3,0,0.2,,1800,,,,,5,,,
ClassicGumtree,78,14,5,69,0,4,0,0,9,3,0,0.3,,1800,,,,,1,,,
ClassicGumtree,154,32,43,107,0,4,0,0,9,3,0,0.3,,1800,,,,,2,,,
ClassicGumtree,230,40,81,145,0,4,0,0,8,3,0,0.3,,1800,,,,,3,,,
ClassicGumtree,542,58,238,302,0,2,0,0,6,3,0,0.3,,1800,,,,,4,,,
ClassicGumtree,1015,73,475,539,0,1,0,0,7,3,0,0.3,,1800,,,,,5,,,
ClassicGumtree,78,14,5,69,0,4,0,0,9,3,0,0.4,,1800,,,,,1,,,
ClassicGumtree,177,33,54,118,0,5,0,0,8,3,0,0.4,,1800,,,,,2,,,
ClassicGumtree,230,40,81,145,0,4,0,0,8,3,0,0.4,,1800,,,,,3,,,
ClassicGumtree,576,58,255,319,0,2,0,0,7,3,0,0.4,,1800,,,,,4,,,
ClassicGumtree,1049,73,492,556,0,1,0,0,13,3,0,0.4,,1800,,,,,5,,,
ClassicGumtree,78,14,5,69,0,4,0,0,17,3,0,0.5,,1800,,,,,1,,,
ClassicGumtree,200,34,65,129,0,6,0,0,13,3,0,0.5,,1800,,,,,2,,,
ClassicGumtree,253,41,92,156,0,5,0,0,13,3,0,0.5,,1800,,,,,3,,,
ClassicGumtree,576,58,255,319,0,2,0,0,5,3,0,0.5,,1800,,,,,4,,,
ClassicGumtree,1049,73,492,556,0,1,0,0,4,3,0,0.5,,1800,,,,,5,,,
ClassicGumtree,86,18,7,71,0,8,0,0,15,3,0,0.6,,1800,,,,,1,,,
ClassicGumtree,223,35,76,140,0,7,0,0,11,3,0,0.6,,1800,,,,,2,,,
ClassicGumtree,276,42,103,167,0,6,0,0,11,3,0,0.6,,1800,,,,,3,,,
ClassicGumtree,576,58,255,319,0,2,0,0,13,3,0,0.6,,1800,,,,,4,,,
ClassicGumtree,1049,73,492,556,0,1,0,0,11,3,0,0.6,,1800,,,,,5,,,
ClassicGumtree,104,28,11,75,0,18,0,0,13,3,0,0.7,,1800,,,,,1,,,
ClassicGumtree,223,35,76,140,0,7,0,0,7,3,0,0.7,,1800,,,,,2,,,
ClassicGumtree,276,42,103,167,0,6,0,0,4,3,0,0.7,,1800,,,,,3,,,
ClassicGumtree,576,58,255,319,0,2,0,0,5,3,0,0.7,,1800,,,,,4,,,
ClassicGumtree,1049,73,492,556,0,1,0,0,5,3,0,0.7,,1800,,,,,5,,,
ClassicGumtree,113,33,13,77,0,23,0,0,5,3,0,0.799,,1800,,,,,1,,,
ClassicGumtree,223,35,76,140,0,7,0,0,4,3,0,0.799,,1800,,,,,2,,,
ClassicGumtree,276,42,103,167,0,6,0,0,4,3,0,0.799,,1800,,,,,3,,,
ClassicGumtree,576,58,255,319,0,2,0,0,7,3,0,0.799,,1800,,,,,4,,,
ClassicGumtree,1075,27,493,557,0,25,0,0,5,3,0,0.799,,1800,,,,,5,,,
ClassicGumtree,113,33,13,77,0,23,0,0,5,3,0,0.899,,1800,,,,,1,,,
ClassicGumtree,223,35,76,140,0,7,0,0,4,3,0,0.899,,1800,,,,,2,,,
ClassicGumtree,276,42,103,167,0,6,0,0,4,3,0,0.899,,1800,,,,,3,,,
ClassicGumtree,610,36,256,320,0,34,0,0,5,3,0,0.899,,1800,,,,,4,,,
ClassicGumtree,1075,27,493,557,0,25,0,0,5,3,0,0.899,,1800,,,,,5,,,
ClassicGumtree,170,80,14,78,0,78,0,0,7,3,0,0.999,,1800,,,,,1,,,
ClassicGumtree,271,55,77,141,0,53,0,0,4,3,0,0.999,,1800,,,,,2,,,
ClassicGumtree,320,50,104,168,0,48,0,0,5,3,0,0.999,,1800,,,,,3,,,
ClassicGumtree,610,36,256,320,0,34,0,0,4,3,0,0.999,,1800,,,,,4,,,
ClassicGumtree,1075,27,493,557,0,25,0,0,5,3,0,0.999,,1800,,,,,5,,,
ClassicGumtree,78,14,5,69,0,4,0,0,10,3,0,0.1,,1900,,,,,1,,,
ClassicGumtree,130,32,31,95,0,4,0,0,10,3,0,0.1,,1900,,,,,2,,,
ClassicGumtree,174,40,53,117,0,4,0,0,9,3,0,0.1,,1900,,,,,3,,,
ClassicGumtree,508,58,221,285,0,2,0,0,8,3,0,0.1,,1900,,,,,4,,,
ClassicGumtree,1015,73,475,539,0,1,0,0,11,3,0,0.1,,1900,,,,,5,,,
ClassicGumtree,78,14,5,69,0,4,0,0,10,3,0,0.2,,1900,,,,,1,,,
ClassicGumtree,130,32,31,95,0,4,0,0,9,3,0,0.2,,1900,,,,,2,,,
ClassicGumtree,174,40,53,117,0,4,0,0,16,3,0,0.2,,1900,,,,,3,,,
ClassicGumtree,508,58,221,285,0,2,0,0,8,3,0,0.2,,1900,,,,,4,,,
ClassicGumtree,1015,73,475,539,0,1,0,0,7,3,0,0.2,,1900,,,,,5,,,
ClassicGumtree,78,14,5,69,0,4,0,0,9,3,0,0.3,,1900,,,,,1,,,
ClassicGumtree,154,32,43,107,0,4,0,0,9,3,0,0.3,,1900,,,,,2,,,
ClassicGumtree,230,40,81,145,0,4,0,0,8,3,0,0.3,,1900,,,,,3,,,
ClassicGumtree,542,58,238,302,0,2,0,0,7,3,0,0.3,,1900,,,,,4,,,
ClassicGumtree,1015,73,475,539,0,1,0,0,7,3,0,0.3,,1900,,,,,5,,,
ClassicGumtree,78,14,5,69,0,4,0,0,10,3,0,0.4,,1900,,,,,1,,,
ClassicGumtree,177,33,54,118,0,5,0,0,8,3,0,0.4,,1900,,,,,2,,,
ClassicGumtree,230,40,81,145,0,4,0,0,8,3,0,0.4,,1900,,,,,3,,,
ClassicGumtree,576,58,255,319,0,2,0,0,7,3,0,0.4,,1900,,,,,4,,,
ClassicGumtree,1049,73,492,556,0,1,0,0,4,3,0,0.4,,1900,,,,,5,,,
ClassicGumtree,78,14,5,69,0,4,0,0,10,3,0,0.5,,1900,,,,,1,,,
ClassicGumtree,200,34,65,129,0,6,0,0,6,3,0,0.5,,1900,,,,,2,,,
ClassicGumtree,253,41,92,156,0,5,0,0,6,3,0,0.5,,1900,,,,,3,,,
ClassicGumtree,576,58,255,319,0,2,0,0,5,3,0,0.5,,1900,,,,,4,,,
ClassicGumtree,1049,73,492,556,0,1,0,0,7,3,0,0.5,,1900,,,,,5,,,
ClassicGumtree,86,18,7,71,0,8,0,0,15,3,0,0.6,,1900,,,,,1,,,
ClassicGumtree,223,35,76,140,0,7,0,0,5,3,0,0.6,,1900,,,,,2,,,
ClassicGumtree,276,42,103,167,0,6,0,0,4,3,0,0.6,,1900,,,,,3,,,
ClassicGumtree,576,58,255,319,0,2,0,0,5,3,0,0.6,,1900,,,,,4,,,
ClassicGumtree,1049,73,492,556,0,1,0,0,4,3,0,0.6,,1900,,,,,5,,,
ClassicGumtree,104,28,11,75,0,18,0,0,6,3,0,0.7,,1900,,,,,1,,,
ClassicGumtree,223,35,76,140,0,7,0,0,4,3,0,0.7,,1900,,,,,2,,,
ClassicGumtree,276,42,103,167,0,6,0,0,5,3,0,0.7,,1900,,,,,3,,,
ClassicGumtree,576,58,255,319,0,2,0,0,5,3,0,0.7,,1900,,,,,4,,,
ClassicGumtree,1049,73,492,556,0,1,0,0,5,3,0,0.7,,1900,,,,,5,,,
ClassicGumtree,113,33,13,77,0,23,0,0,4,3,0,0.799,,1900,,,,,1,,,
ClassicGumtree,223,35,76,140,0,7,0,0,5,3,0,0.799,,1900,,,,,2,,,
ClassicGumtree,276,42,103,167,0,6,0,0,7,3,0,0.799,,1900,,,,,3,,,
ClassicGumtree,576,58,255,319,0,2,0,0,4,3,0,0.799,,1900,,,,,4,,,
ClassicGumtree,1075,27,493,557,0,25,0,0,5,3,0,0.799,,1900,,,,,5,,,
ClassicGumtree,113,33,13,77,0,23,0,0,4,3,0,0.899,,1900,,,,,1,,,
ClassicGumtree,223,35,76,140,0,7,0,0,4,3,0,0.899,,1900,,,,,2,,,
ClassicGumtree,276,42,103,167,0,6,0,0,4,3,0,0.899,,1900,,,,,3,,,
ClassicGumtree,610,36,256,320,0,34,0,0,5,3,0,0.899,,1900,,,,,4,,,
ClassicGumtree,1075,27,493,557,0,25,0,0,5,3,0,0.899,,1900,,,,,5,,,
ClassicGumtree,170,80,14,78,0,78,0,0,4,3,0,0.999,,1900,,,,,1,,,
ClassicGumtree,271,55,77,141,0,53,0,0,5,3,0,0.999,,1900,,,,,2,,,
ClassicGumtree,320,50,104,168,0,48,0,0,5,3,0,0.999,,1900,,,,,3,,,
ClassicGumtree,610,36,256,320,0,34,0,0,7,3,0,0.999,,1900,,,,,4,,,
ClassicGumtree,1075,27,493,557,0,25,0,0,5,3,0,0.999,,1900,,,,,5,,,
ClassicGumtree,78,14,5,69,0,4,0,0,10,3,0,0.1,,2000,,,,,1,,,
ClassicGumtree,130,32,31,95,0,4,0,0,10,3,0,0.1,,2000,,,,,2,,,
ClassicGumtree,174,40,53,117,0,4,0,0,9,3,0,0.1,,2000,,,,,3,,,
ClassicGumtree,508,58,221,285,0,2,0,0,8,3,0,0.1,,2000,,,,,4,,,
ClassicGumtree,1015,73,475,539,0,1,0,0,7,3,0,0.1,,2000,,,,,5,,,
ClassicGumtree,78,14,5,69,0,4,0,0,16,3,0,0.2,,2000,,,,,1,,,
ClassicGumtree,130,32,31,95,0,4,0,0,9,3,0,0.2,,2000,,,,,2,,,
ClassicGumtree,174,40,53,117,0,4,0,0,9,3,0,0.2,,2000,,,,,3,,,
ClassicGumtree,508,58,221,285,0,2,0,0,8,3,0,0.2,,2000,,,,,4,,,
ClassicGumtree,1015,73,475,539,0,1,0,0,11,3,0,0.2,,2000,,,,,5,,,
ClassicGumtree,78,14,5,69,0,4,0,0,10,3,0,0.3,,2000,,,,,1,,,
ClassicGumtree,154,32,43,107,0,4,0,0,9,3,0,0.3,,2000,,,,,2,,,
ClassicGumtree,230,40,81,145,0,4,0,0,8,3,0,0.3,,2000,,,,,3,,,
ClassicGumtree,542,58,238,302,0,2,0,0,7,3,0,0.3,,2000,,,,,4,,,
ClassicGumtree,1015,73,475,539,0,1,0,0,7,3,0,0.3,,2000,,,,,5,,,
ClassicGumtree,78,14,5,69,0,4,0,0,10,3,0,0.4,,2000,,,,,1,,,
ClassicGumtree,177,33,54,118,0,5,0,0,8,3,0,0.4,,2000,,,,,2,,,
ClassicGumtree,230,40,81,145,0,4,0,0,8,3,0,0.4,,2000,,,,,3,,,
ClassicGumtree,576,58,255,319,0,2,0,0,4,3,0,0.4,,2000,,,,,4,,,
ClassicGumtree,1049,73,492,556,0,1,0,0,5,3,0,0.4,,2000,,,,,5,,,
ClassicGumtree,78,14,5,69,0,4,0,0,17,3,0,0.5,,2000,,,,,1,,,
ClassicGumtree,200,34,65,129,0,6,0,0,6,3,0,0.5,,2000,,,,,2,,,
ClassicGumtree,253,41,92,156,0,5,0,0,7,3,0,0.5,,2000,,,,,3,,,
ClassicGumtree,576,58,255,319,0,2,0,0,4,3,0,0.5,,2000,,,,,4,,,
ClassicGumtree,1049,73,492,556,0,1,0,0,7,3,0,0.5,,2000,,,,,5,,,
ClassicGumtree,86,18,7,71,0,8,0,0,9,3,0,0.6,,2000,,,,,1,,,
ClassicGumtree,223,35,76,140,0,7,0,0,5,3,0,0.6,,2000,,,,,2,,,
ClassicGumtree,276,42,103,167,0,6,0,0,4,3,0,0.6,,2000,,,,,3,,,
ClassicGumtree,576,58,255,319,0,2,0,0,4,3,0,0.6,,2000,,,,,4,,,
ClassicGumtree,1049,73,492,556,0,1,0,0,5,3,0,0.6,,2000,,,,,5,,,
ClassicGumtree,104,28,11,75,0,18,0,0,6,3,0,0.7,,2000,,,,,1,,,
ClassicGumtree,223,35,76,140,0,7,0,0,5,3,0,0.7,,2000,,,,,2,,,
ClassicGumtree,276,42,103,167,0,6,0,0,4,3,0,0.7,,2000,,,,,3,,,
ClassicGumtree,576,58,255,319,0,2,0,0,4,3,0,0.7,,2000,,,,,4,,,
ClassicGumtree,1049,73,492,556,0,1,0,0,7,3,0,0.7,,2000,,,,,5,,,
ClassicGumtree,113,33,13,77,0,23,0,0,5,3,0,0.799,,2000,,,,,1,,,
ClassicGumtree,223,35,76,140,0,7,0,0,5,3,0,0.799,,2000,,,,,2,,,
ClassicGumtree,276,42,103,167,0,6,0,0,4,3,0,0.799,,2000,,,,,3,,,
ClassicGumtree,576,58,255,319,0,2,0,0,5,3,0,0.799,,2000,,,,,4,,,
ClassicGumtree,1075,27,493,557,0,25,0,0,5,3,0,0.799,,2000,,,,,5,,,
ClassicGumtree,113,33,13,77,0,23,0,0,4,3,0,0.899,,2000,,,,,1,,,
ClassicGumtree,223,35,76,140,0,7,0,0,4,3,0,0.899,,2000,,,,,2,,,
ClassicGumtree,276,42,103,167,0,6,0,0,5,3,0,0.899,,2000,,,,,3,,,
ClassicGumtree,610,36,256,320,0,34,0,0,4,3,0,0.899,,2000,,,,,4,,,
ClassicGumtree,1075,27,493,557,0,25,0,0,5,3,0,0.899,,2000,,,,,5,,,
ClassicGumtree,170,80,14,78,0,78,0,0,5,3,0,0.999,,2000,,,,,1,,,
ClassicGumtree,271,55,77,141,0,53,0,0,4,3,0,0.999,,2000,,,,,2,,,
ClassicGumtree,320,50,104,168,0,48,0,0,7,3,0,0.999,,2000,,,,,3,,,
ClassicGumtree,610,36,256,320,0,34,0,0,5,3,0,0.999,,2000,,,,,4,,,
ClassicGumtree,1075,27,493,557,0,25,0,0,7,3,0,0.999,,2000,,,,,5,,,
CompleteGumtreeMatcher,208,62,70,78,0,60,0,0,5,3,0,0.1,,100,,,,,1,,,
CompleteGumtreeMatcher,291,51,101,141,0,49,0,0,5,3,0,0.1,,100,,,,,2,,,
CompleteGumtreeMatcher,340,46,128,168,0,44,0,0,5,3,0,0.1,,100,,,,,3,,,
CompleteGumtreeMatcher,610,36,256,320,0,34,0,0,5,3,0,0.1,,100,,,,,4,,,
CompleteGumtreeMatcher,1075,27,493,557,0,25,0,0,5,3,0,0.1,,100,,,,,5,,,
CompleteGumtreeMatcher,208,62,70,78,0,60,0,0,5,3,0,0.2,,100,,,,,1,,,
CompleteGumtreeMatcher,291,51,101,141,0,49,0,0,5,3,0,0.2,,100,,,,,2,,,
CompleteGumtreeMatcher,340,46,128,168,0,44,0,0,5,3,0,0.2,,100,,,,,3,,,
CompleteGumtreeMatcher,610,36,256,320,0,34,0,0,7,3,0,0.2,,100,,,,,4,,,
CompleteGumtreeMatcher,1075,27,493,557,0,25,0,0,7,3,0,0.2,,100,,,,,5,,,
CompleteGumtreeMatcher,208,62,70,78,0,60,0,0,5,3,0,0.3,,100,,,,,1,,,
CompleteGumtreeMatcher,291,51,101,141,0,49,0,0,4,3,0,0.3,,100,,,,,2,,,
CompleteGumtreeMatcher,340,46,128,168,0,44,0,0,4,3,0,0.3,,100,,,,,3,,,
CompleteGumtreeMatcher,610,36,256,320,0,34,0,0,4,3,0,0.3,,100,,,,,4,,,
CompleteGumtreeMatcher,1075,27,493,557,0,25,0,0,5,3,0,0.3,,100,,,,,5,,,
CompleteGumtreeMatcher,208,62,70,78,0,60,0,0,5,3,0,0.4,,100,,,,,1,,,
CompleteGumtreeMatcher,291,51,101,141,0,49,0,0,5,3,0,0.4,,100,,,,,2,,,
CompleteGumtreeMatcher,340,46,128,168,0,44,0,0,5,3,0,0.4,,100,,,,,3,,,
CompleteGumtreeMatcher,610,36,256,320,0,34,0,0,7,3,0,0.4,,100,,,,,4,,,
CompleteGumtreeMatcher,1075,27,493,557,0,25,0,0,7,3,0,0.4,,100,,,,,5,,,
CompleteGumtreeMatcher,208,62,70,78,0,60,0,0,5,3,0,0.5,,100,,,,,1,,,
CompleteGumtreeMatcher,291,51,101,141,0,49,0,0,5,3,0,0.5,,100,,,,,2,,,
CompleteGumtreeMatcher,340,46,128,168,0,44,0,0,5,3,0,0.5,,100,,,,,3,,,
CompleteGumtreeMatcher,610,36,256,320,0,34,0,0,4,3,0,0.5,,100,,,,,4,,,
CompleteGumtreeMatcher,1075,27,493,557,0,25,0,0,4,3,0,0.5,,100,,,,,5,,,
CompleteGumtreeMatcher,208,62,70,78,0,60,0,0,5,3,0,0.6,,100,,,,,1,,,
CompleteGumtreeMatcher,291,51,101,141,0,49,0,0,4,3,0,0.6,,100,,,,,2,,,
CompleteGumtreeMatcher,340,46,128,168,0,44,0,0,4,3,0,0.6,,100,,,,,3,,,
CompleteGumtreeMatcher,610,36,256,320,0,34,0,0,4,3,0,0.6,,100,,,,,4,,,
CompleteGumtreeMatcher,1075,27,493,557,0,25,0,0,5,3,0,0.6,,100,,,,,5,,,
CompleteGumtreeMatcher,208,62,70,78,0,60,0,0,8,3,0,0.7,,100,,,,,1,,,
CompleteGumtreeMatcher,291,51,101,141,0,49,0,0,5,3,0,0.7,,100,,,,,2,,,
CompleteGumtreeMatcher,340,46,128,168,0,44,0,0,5,3,0,0.7,,100,,,,,3,,,
CompleteGumtreeMatcher,610,36,256,320,0,34,0,0,5,3,0,0.7,,100,,,,,4,,,
CompleteGumtreeMatcher,1075,27,493,557,0,25,0,0,5,3,0,0.7,,100,,,,,5,,,
CompleteGumtreeMatcher,208,62,70,78,0,60,0,0,5,3,0,0.799,,100,,,,,1,,,
CompleteGumtreeMatcher,291,51,101,141,0,49,0,0,4,3,0,0.799,,100,,,,,2,,,
CompleteGumtreeMatcher,340,46,128,168,0,44,0,0,7,3,0,0.799,,100,,,,,3,,,
CompleteGumtreeMatcher,610,36,256,320,0,34,0,0,4,3,0,0.799,,100,,,,,4,,,
CompleteGumtreeMatcher,1075,27,493,557,0,25,0,0,4,3,0,0.799,,100,,,,,5,,,
CompleteGumtreeMatcher,208,62,70,78,0,60,0,0,5,3,0,0.899,,100,,,,,1,,,
CompleteGumtreeMatcher,291,51,101,141,0,49,0,0,4,3,0,0.899,,100,,,,,2,,,
CompleteGumtreeMatcher,340,46,128,168,0,44,0,0,4,3,0,0.899,,100,,,,,3,,,
CompleteGumtreeMatcher,610,36,256,320,0,34,0,0,4,3,0,0.899,,100,,,,,4,,,
CompleteGumtreeMatcher,1075,27,493,557,0,25,0,0,12,3,0,0.899,,100,,,,,5,,,
CompleteGumtreeMatcher,208,62,70,78,0,60,0,0,12,3,0,0.999,,100,,,,,1,,,
CompleteGumtreeMatcher,291,51,101,141,0,49,0,0,14,3,0,0.999,,100,,,,,2,,,
CompleteGumtreeMatcher,340,46,128,168,0,44,0,0,14,3,0,0.999,,100,,,,,3,,,
CompleteGumtreeMatcher,610,36,256,320,0,34,0,0,11,3,0,0.999,,100,,,,,4,,,
CompleteGumtreeMatcher,1075,27,493,557,0,25,0,0,12,3,0,0.999,,100,,,,,5,,,
CompleteGumtreeMatcher,208,62,70,78,0,60,0,0,12,3,0,0.1,,200,,,,,1,,,
CompleteGumtreeMatcher,291,51,101,141,0,49,0,0,12,3,0,0.1,,200,,,,,2,,,
CompleteGumtreeMatcher,340,46,128,168,0,44,0,0,11,3,0,0.1,,200,,,,,3,,,
CompleteGumtreeMatcher,610,36,256,320,0,34,0,0,11,3,0,0.1,,200,,,,,4,,,
CompleteGumtreeMatcher,1075,27,493,557,0,25,0,0,4,3,0,0.1,,200,,,,,5,,,
CompleteGumtreeMatcher,208,62,70,78,0,60,0,0,5,3,0,0.2,,200,,,,,1,,,
CompleteGumtreeMatcher,291,51,101,141,0,49,0,0,4,3,0,0.2,,200,,,,,2,,,
CompleteGumtreeMatcher,340,46,128,168,0,44,0,0,4,3,0,0.2,,200,,,,,3,,,
CompleteGumtreeMatcher,610,36,256,320,0,34,0,0,4,3,0,0.2,,200,,,,,4,,,
CompleteGumtreeMatcher,1075,27,493,557,0,25,0,0,4,3,0,0.2,,200,,,,,5,,,
CompleteGumtreeMatcher,208,62,70,78,0,60,0,0,5,3,0,0.3,,200,,,,,1,,,
CompleteGumtreeMatcher,291,51,101,141,0,49,0,0,5,3,0,0.3,,200,,,,,2,,,
CompleteGumtreeMatcher,340,46,128,168,0,44,0,0,4,3,0,0.3,,200,,,,,3,,,
CompleteGumtreeMatcher,610,36,256,320,0,34,0,0,6,3,0,0.3,,200,,,,,4,,,
CompleteGumtreeMatcher,1075,27,493,557,0,25,0,0,7,3,0,0.3,,200,,,,,5,,,
CompleteGumtreeMatcher,208,62,70,78,0,60,0,0,5,3,0,0.4,,200,,,,,1,,,
CompleteGumtreeMatcher,291,51,101,141,0,49,0,0,5,3,0,0.4,,200,,,,,2,,,
CompleteGumtreeMatcher,340,46,128,168,0,44,0,0,5,3,0,0.4,,200,,,,,3,,,
CompleteGumtreeMatcher,610,36,256,320,0,34,0,0,5,3,0,0.4,,200,,,,,4,,,
CompleteGumtreeMatcher,1075,27,493,557,0,25,0,0,4,3,0,0.4,,200,,,,,5,,,
CompleteGumtreeMatcher,208,62,70,78,0,60,0,0,5,3,0,0.5,,200,,,,,1,,,
CompleteGumtreeMatcher,291,51,101,141,0,49,0,0,4,3,0,0.5,,200,,,,,2,,,
CompleteGumtreeMatcher,340,46,128,168,0,44,0,0,5,3,0,0.5,,200,,,,,3,,,
CompleteGumtreeMatcher,610,36,256,320,0,34,0,0,5,3,0,0.5,,200,,,,,4,,,
CompleteGumtreeMatcher,1075,27,493,557,0,25,0,0,7,3,0,0.5,,200,,,,,5,,,
CompleteGumtreeMatcher,208,62,70,78,0,60,0,0,5,3,0,0.6,,200,,,,,1,,,
CompleteGumtreeMatcher,291,51,101,141,0,49,0,0,7,3,0,0.6,,200,,,,,2,,,
CompleteGumtreeMatcher,340,46,128,168,0,44,0,0,4,3,0,0.6,,200,,,,,3,,,
CompleteGumtreeMatcher,610,36,256,320,0,34,0,0,4,3,0,0.6,,200,,,,,4,,,
CompleteGumtreeMatcher,1075,27,493,557,0,25,0,0,5,3,0,0.6,,200,,,,,5,,,
CompleteGumtreeMatcher,208,62,70,78,0,60,0,0,5,3,0,0.7,,200,,,,,1,,,
CompleteGumtreeMatcher,291,51,101,141,0,49,0,0,4,3,0,0.7,,200,,,,,2,,,
CompleteGumtreeMatcher,340,46,128,168,0,44,0,0,4,3,0,0.7,,200,,,,,3,,,
CompleteGumtreeMatcher,610,36,256,320,0,34,0,0,4,3,0,0.7,,200,,,,,4,,,
CompleteGumtreeMatcher,1075,27,493,557,0,25,0,0,4,3,0,0.7,,200,,,,,5,,,
CompleteGumtreeMatcher,208,62,70,78,0,60,0,0,5,3,0,0.799,,200,,,,,1,,,
CompleteGumtreeMatcher,291,51,101,141,0,49,0,0,5,3,0,0.799,,200,,,,,2,,,
CompleteGumtreeMatcher,340,46,128,168,0,44,0,0,4,3,0,0.799,,200,,,,,3,,,
CompleteGumtreeMatcher,610,36,256,320,0,34,0,0,4,3,0,0.799,,200,,,,,4,,,
CompleteGumtreeMatcher,1075,27,493,557,0,25,0,0,5,3,0,0.799,,200,,,,,5,,,
CompleteGumtreeMatcher,208,62,70,78,0,60,0,0,5,3,0,0.899,,200,,,,,1,,,
CompleteGumtreeMatcher,291,51,101,141,0,49,0,0,7,3,0,0.899,,200,,,,,2,,,
CompleteGumtreeMatcher,340,46,128,168,0,44,0,0,7,3,0,0.899,,200,,,,,3,,,
CompleteGumtreeMatcher,610,36,256,320,0,34,0,0,4,3,0,0.899,,200,,,,,4,,,
CompleteGumtreeMatcher,1075,27,493,557,0,25,0,0,5,3,0,0.899,,200,,,,,5,,,
CompleteGumtreeMatcher,208,62,70,78,0,60,0,0,5,3,0,0.999,,200,,,,,1,,,
CompleteGumtreeMatcher,291,51,101,141,0,49,0,0,5,3,0,0.999,,200,,,,,2,,,
CompleteGumtreeMatcher,340,46,128,168,0,44,0,0,5,3,0,0.999,,200,,,,,3,,,
CompleteGumtreeMatcher,610,36,256,320,0,34,0,0,4,3,0,0.999,,200,,,,,4,,,
CompleteGumtreeMatcher,1075,27,493,557,0,25,0,0,4,3,0,0.999,,200,,,,,5,,,
CompleteGumtreeMatcher,208,62,70,78,0,60,0,0,5,3,0,0.1,,300,,,,,1,,,
CompleteGumtreeMatcher,291,51,101,141,0,49,0,0,4,3,0,0.1,,300,,,,,2,,,
CompleteGumtreeMatcher,340,46,128,168,0,44,0,0,7,3,0,0.1,,300,,,,,3,,,
CompleteGumtreeMatcher,610,36,256,320,0,34,0,0,7,3,0,0.1,,300,,,,,4,,,
CompleteGumtreeMatcher,1075,27,493,557,0,25,0,0,5,3,0,0.1,,300,,,,,5,,,
CompleteGumtreeMatcher,208,62,70,78,0,60,0,0,5,3,0,0.2,,300,,,,,1,,,
CompleteGumtreeMatcher,291,51,101,141,0,49,0,0,4,3,0,0.2,,300,,,,,2,,,
CompleteGumtreeMatcher,340,46,128,168,0,44,0,0,4,3,0,0.2,,300,,,,,3,,,
CompleteGumtreeMatcher,610,36,256,320,0,34,0,0,4,3,0,0.2,,300,,,,,4,,,
CompleteGumtreeMatcher,1075,27,493,557,0,25,0,0,4,3,0,0.2,,300,,,,,5,,,
CompleteGumtreeMatcher,208,62,70,78,0,60,0,0,5,3,0,0.3,,300,,,,,1,,,
CompleteGumtreeMatcher,291,51,101,141,0,49,0,0,5,3,0,0.3,,300,,,,,2,,,
CompleteGumtreeMatcher,340,46,128,168,0,44,0,0,4,3,0,0.3,,300,,,,,3,,,
CompleteGumtreeMatcher,610,36,256,320,0,34,0,0,4,3,0,0.3,,300,,,,,4,,,
CompleteGumtreeMatcher,1075,27,493,557,0,25,0,0,5,3,0,0.3,,300,,,,,5,,,
CompleteGumtreeMatcher,208,62,70,78,0,60,0,0,5,3,0,0.4,,300,,,,,1,,,
CompleteGumtreeMatcher,291,51,101,141,0,49,0,0,4,3,0,0.4,,300,,,,,2,,,
CompleteGumtreeMatcher,340,46,128,168,0,44,0,0,5,3,0,0.4,,300,,,,,3,,,
CompleteGumtreeMatcher,610,36,256,320,0,34,0,0,6,3,0,0.4,,300,,,,,4,,,
CompleteGumtreeMatcher,1075,27,493,557,0,25,0,0,7,3,0,0.4,,300,,,,,5,,,
CompleteGumtreeMatcher,208,62,70,78,0,60,0,0,5,3,0,0.5,,300,,,,,1,,,
CompleteGumtreeMatcher,291,51,101,141,0,49,0,0,5,3,0,0.5,,300,,,,,2,,,
CompleteGumtreeMatcher,340,46,128,168,0,44,0,0,5,3,0,0.5,,300,,,,,3,,,
CompleteGumtreeMatcher,610,36,256,320,0,34,0,0,5,3,0,0.5,,300,,,,,4,,,
CompleteGumtreeMatcher,1075,27,493,557,0,25,0,0,5,3,0,0.5,,300,,,,,5,,,
CompleteGumtreeMatcher,208,62,70,78,0,60,0,0,5,3,0,0.6,,300,,,,,1,,,
CompleteGumtreeMatcher,291,51,101,141,0,49,0,0,5,3,0,0.6,,300,,,,,2,,,
CompleteGumtreeMatcher,340,46,128,168,0,44,0,0,4,3,0,0.6,,300,,,,,3,,,
CompleteGumtreeMatcher,610,36,256,320,0,34,0,0,4,3,0,0.6,,300,,,,,4,,,
CompleteGumtreeMatcher,1075,27,493,557,0,25,0,0,5,3,0,0.6,,300,,,,,5,,,
CompleteGumtreeMatcher,208,62,70,78,0,60,0,0,8,3,0,0.7,,300,,,,,1,,,
CompleteGumtreeMatcher,291,51,101,141,0,49,0,0,4,3,0,0.7,,300,,,,,2,,,
CompleteGumtreeMatcher,340,46,128,168,0,44,0,0,4,3,0,0.7,,300,,,,,3,,,
CompleteGumtreeMatcher,610,36,256,320,0,34,0,0,7,3,0,0.7,,300,,,,,4,,,
CompleteGumtreeMatcher,1075,27,493,557,0,25,0,0,4,3,0,0.7,,300,,,,,5,,,
CompleteGumtreeMatcher,208,62,70,78,0,60,0,0,5,3,0,0.799,,300,,,,,1,,,
CompleteGumtreeMatcher,291,51,101,141,0,49,0,0,5,3,0,0.799,,300,,,,,2,,,
CompleteGumtreeMatcher,340,46,128,168,0,44,0,0,5,3,0,0.799,,300,,,,,3,,,
CompleteGumtreeMatcher,610,36,256,320,0,34,0,0,4,3,0,0.799,,300,,,,,4,,,
CompleteGumtreeMatcher,1075,27,493,557,0,25,0,0,4,3,0,0.799,,300,,,,,5,,,
CompleteGumtreeMatcher,208,62,70,78,0,60,0,0,5,3,0,0.899,,300,,,,,1,,,
CompleteGumtreeMatcher,291,51,101,141,0,49,0,0,5,3,0,0.899,,300,,,,,2,,,
CompleteGumtreeMatcher,340,46,128,168,0,44,0,0,5,3,0,0.899,,300,,,,,3,,,
CompleteGumtreeMatcher,610,36,256,320,0,34,0,0,4,3,0,0.899,,300,,,,,4,,,
CompleteGumtreeMatcher,1075,27,493,557,0,25,0,0,4,3,0,0.899,,300,,,,,5,,,
CompleteGumtreeMatcher,208,62,70,78,0,60,0,0,5,3,0,0.999,,300,,,,,1,,,
CompleteGumtreeMatcher,291,51,101,141,0,49,0,0,5,3,0,0.999,,300,,,,,2,,,
CompleteGumtreeMatcher,340,46,128,168,0,44,0,0,7,3,0,0.999,,300,,,,,3,,,
CompleteGumtreeMatcher,610,36,256,320,0,34,0,0,7,3,0,0.999,,300,,,,,4,,,
CompleteGumtreeMatcher,1075,27,493,557,0,25,0,0,5,3,0,0.999,,300,,,,,5,,,
CompleteGumtreeMatcher,208,62,70,78,0,60,0,0,5,3,0,0.1,,400,,,,,1,,,
CompleteGumtreeMatcher,291,51,101,141,0,49,0,0,5,3,0,0.1,,400,,,,,2,,,
CompleteGumtreeMatcher,340,46,128,168,0,44,0,0,4,3,0,0.1,,400,,,,,3,,,
CompleteGumtreeMatcher,610,36,256,320,0,34,0,0,4,3,0,0.1,,400,,,,,4,,,
CompleteGumtreeMatcher,1075,27,493,557,0,25,0,0,5,3,0,0.1,,400,,,,,5,,,
CompleteGumtreeMatcher,208,62,70,78,0,60,0,0,5,3,0,0.2,,400,,,,,1,,,
CompleteGumtreeMatcher,291,51,101,141,0,49,0,0,4,3,0,0.2,,400,,,,,2,,,
CompleteGumtreeMatcher,340,46,128,168,0,44,0,0,4,3,0,0.2,,400,,,,,3,,,
CompleteGumtreeMatcher,610,36,256,320,0,34,0,0,4,3,0,0.2,,400,,,,,4,,,
CompleteGumtreeMatcher,1075,27,493,557,0,25,0,0,7,3,0,0.2,,400,,,,,5,,,
CompleteGumtreeMatcher,208,62,70,78,0,60,0,0,5,3,0,0.3,,400,,,,,1,,,
CompleteGumtreeMatcher,291,51,101,141,0,49,0,0,7,3,0,0.3,,400,,,,,2,,,
CompleteGumtreeMatcher,340,46,128,168,0,44,0,0,5,3,0,0.3,,400,,,,,3,,,
CompleteGumtreeMatcher,610,36,256,320,0,34,0,0,5,3,0,0.3,,400,,,,,4,,,
CompleteGumtreeMatcher,1075,27,493,557,0,25,0,0,5,3,0,0.3,,400,,,,,5,,,
CompleteGumtreeMatcher,208,62,70,78,0,60,0,0,5,3,0,0.4,,400,,,,,1,,,
CompleteGumtreeMatcher,291,51,101,141,0,49,0,0,4,3,0,0.4,,400,,,,,2,,,
CompleteGumtreeMatcher,340,46,128,168,0,44,0,0,5,3,0,0.4,,400,,,,,3,,,
CompleteGumtreeMatcher,610,36,256,320,0,34,0,0,4,3,0,0.4,,400,,,,,4,,,
CompleteGumtreeMatcher,1075,27,493,557,0,25,0,0,4,3,0,0.4,,400,,,,,5,,,
CompleteGumtreeMatcher,208,62,70,78,0,60,0,0,5,3,0,0.5,,400,,,,,1,,,
CompleteGumtreeMatcher,291,51,101,141,0,49,0,0,4,3,0,0.5,,400,,,,,2,,,
CompleteGumtreeMatcher,340,46,128,168,0,44,0,0,4,3,0,0.5,,400,,,,,3,,,
CompleteGumtreeMatcher,610,36,256,320,0,34,0,0,5,3,0,0.5,,400,,,,,4,,,
CompleteGumtreeMatcher,1075,27,493,557,0,25,0,0,5,3,0,0.5,,400,,,,,5,,,
CompleteGumtreeMatcher,208,62,70,78,0,60,0,0,5,3,0,0.6,,400,,,,,1,,,
CompleteGumtreeMatcher,291,51,101,141,0,49,0,0,7,3,0,0.6,,400,,,,,2,,,
CompleteGumtreeMatcher,340,46,128,168,0,44,0,0,7,3,0,0.6,,400,,,,,3,,,
CompleteGumtreeMatcher,610,36,256,320,0,34,0,0,5,3,0,0.6,,400,,,,,4,,,
CompleteGumtreeMatcher,1075,27,493,557,0,25,0,0,5,3,0,0.6,,400,,,,,5,,,
CompleteGumtreeMatcher,208,62,70,78,0,60,0,0,5,3,0,0.7,,400,,,,,1,,,
CompleteGumtreeMatcher,291,51,101,141,0,49,0,0,4,3,0,0.7,,400,,,,,2,,,
CompleteGumtreeMatcher,340,46,128,168,0,44,0,0,5,3,0,0.7,,400,,,,,3,,,
CompleteGumtreeMatcher,610,36,256,320,0,34,0,0,4,3,0,0.7,,400,,,,,4,,,
CompleteGumtreeMatcher,1075,27,493,557,0,25,0,0,5,3,0,0.7,,400,,,,,5,,,
CompleteGumtreeMatcher,208,62,70,78,0,60,0,0,5,3,0,0.799,,400,,,,,1,,,
CompleteGumtreeMatcher,291,51,101,141,0,49,0,0,4,3,0,0.799,,400,,,,,2,,,
CompleteGumtreeMatcher,340,46,128,168,0,44,0,0,7,3,0,0.799,,400,,,,,3,,,
CompleteGumtreeMatcher,610,36,256,320,0,34,0,0,7,3,0,0.799,,400,,,,,4,,,
CompleteGumtreeMatcher,1075,27,493,557,0,25,0,0,5,3,0,0.799,,400,,,,,5,,,
CompleteGumtreeMatcher,208,62,70,78,0,60,0,0,5,3,0,0.899,,400,,,,,1,,,
CompleteGumtreeMatcher,291,51,101,141,0,49,0,0,5,3,0,0.899,,400,,,,,2,,,
CompleteGumtreeMatcher,340,46,128,168,0,44,0,0,4,3,0,0.899,,400,,,,,3,,,
CompleteGumtreeMatcher,610,36,256,320,0,34,0,0,5,3,0,0.899,,400,,,,,4,,,
CompleteGumtreeMatcher,1075,27,493,557,0,25,0,0,4,3,0,0.899,,400,,,,,5,,,
CompleteGumtreeMatcher,208,62,70,78,0,60,0,0,5,3,0,0.999,,400,,,,,1,,,
CompleteGumtreeMatcher,291,51,101,141,0,49,0,0,5,3,0,0.999,,400,,,,,2,,,
CompleteGumtreeMatcher,340,46,128,168,0,44,0,0,4,3,0,0.999,,400,,,,,3,,,
CompleteGumtreeMatcher,610,36,256,320,0,34,0,0,4,3,0,0.999,,400,,,,,4,,,
CompleteGumtreeMatcher,1075,27,493,557,0,25,0,0,5,3,0,0.999,,400,,,,,5,,,
CompleteGumtreeMatcher,208,62,70,78,0,60,0,0,5,3,0,0.1,,500,,,,,1,,,
CompleteGumtreeMatcher,291,51,101,141,0,49,0,0,4,3,0,0.1,,500,,,,,2,,,
CompleteGumtreeMatcher,340,46,128,168,0,44,0,0,5,3,0,0.1,,500,,,,,3,,,
CompleteGumtreeMatcher,610,36,256,320,0,34,0,0,6,3,0,0.1,,500,,,,,4,,,
CompleteGumtreeMatcher,1075,27,493,557,0,25,0,0,7,3,0,0.1,,500,,,,,5,,,
CompleteGumtreeMatcher,208,62,70,78,0,60,0,0,5,3,0,0.2,,500,,,,,1,,,
CompleteGumtreeMatcher,291,51,101,141,0,49,0,0,4,3,0,0.2,,500,,,,,2,,,
CompleteGumtreeMatcher,340,46,128,168,0,44,0,0,5,3,0,0.2,,500,,,,,3,,,
CompleteGumtreeMatcher,610,36,256,320,0,34,0,0,5,3,0,0.2,,500,,,,,4,,,
CompleteGumtreeMatcher,1075,27,493,557,0,25,0,0,4,3,0,0.2,,500,,,,,5,,,
CompleteGumtreeMatcher,208,62,70,78,0,60,0,0,5,3,0,0.3,,500,,,,,1,,,
CompleteGumtreeMatcher,291,51,101,141,0,49,0,0,5,3,0,0.3,,500,,,,,2,,,
CompleteGumtreeMatcher,340,46,128,168,0,44,0,0,4,3,0,0.3,,500,,,,,3,,,
CompleteGumtreeMatcher,610,36,256,320,0,34,0,0,5,3,0,0.3,,500,,,,,4,,,
CompleteGumtreeMatcher,1075,27,493,557,0,25,0,0,4,3,0,0.3,,500,,,,,5,,,
CompleteGumtreeMatcher,208,62,70,78,0,60,0,0,7,3,0,0.4,,500,,,,,1,,,
CompleteGumtreeMatcher,291,51,101,141,0,49,0,0,4,3,0,0.4,,500,,,,,2,,,
CompleteGumtreeMatcher,340,46,128,168,0,44,0,0,4,3,0,0.4,,500,,,,,3,,,
CompleteGumtreeMatcher,610,36,256,320,0,34,0,0,7,3,0,0.4,,500,,,,,4,,,
CompleteGumtreeMatcher,1075,27,493,557,0,25,0,0,5,3,0,0.4,,500,,,,,5,,,
CompleteGumtreeMatcher,208,62,70,78,0,60,0,0,5,3,0,0.5,,500,,,,,1,,,
CompleteGumtreeMatcher,291,51,101,141,0,49,0,0,5,3,0,0.5,,500,,,,,2,,,
CompleteGumtreeMatcher,340,46,128,168,0,44,0,0,4,3,0,0.5,,500,,,,,3,,,
CompleteGumtreeMatcher,610,36,256,320,0,34,0,0,4,3,0,0.5,,500,,,,,4,,,
CompleteGumtreeMatcher,1075,27,493,557,0,25,0,0,5,3,0,0.5,,500,,,,,5,,,
CompleteGumtreeMatcher,208,62,70,78,0,60,0,0,5,3,0,0.6,,500,,,,,1,,,
CompleteGumtreeMatcher,291,51,101,141,0,49,0,0,5,3,0,0.6,,500,,,,,2,,,
CompleteGumtreeMatcher,340,46,128,168,0,44,0,0,5,3,0,0.6,,500,,,,,3,,,
CompleteGumtreeMatcher,610,36,256,320,0,34,0,0,4,3,0,0.6,,500,,,,,4,,,
CompleteGumtreeMatcher,1075,27,493,557,0,25,0,0,5,3,0,0.6,,500,,,,,5,,,
CompleteGumtreeMatcher,208,62,70,78,0,60,0,0,5,3,0,0.7,,500,,,,,1,,,
CompleteGumtreeMatcher,291,51,101,141,0,49,0,0,7,3,0,0.7,,500,,,,,2,,,
CompleteGumtreeMatcher,340,46,128,168,0,44,0,0,5,3,0,0.7,,500,,,,,3,,,
CompleteGumtreeMatcher,610,36,256,320,0,34,0,0,7,3,0,0.7,,500,,,,,4,,,
CompleteGumtreeMatcher,1075,27,493,557,0,25,0,0,4,3,0,0.7,,500,,,,,5,,,
CompleteGumtreeMatcher,208,62,70,78,0,60,0,0,5,3,0,0.799,,500,,,,,1,,,
CompleteGumtreeMatcher,291,51,101,141,0,49,0,0,5,3,0,0.799,,500,,,,,2,,,
CompleteGumtreeMatcher,340,46,128,168,0,44,0,0,4,3,0,0.799,,500,,,,,3,,,
CompleteGumtreeMatcher,610,36,256,320,0,34,0,0,5,3,0,0.799,,500,,,,,4,,,
CompleteGumtreeMatcher,1075,27,493,557,0,25,0,0,4,3,0,0.799,,500,,,,,5,,,
CompleteGumtreeMatcher,208,62,70,78,0,60,0,0,5,3,0,0.899,,500,,,,,1,,,
CompleteGumtreeMatcher,291,51,101,141,0,49,0,0,4,3,0,0.899,,500,,,,,2,,,
CompleteGumtreeMatcher,340,46,128,168,0,44,0,0,4,3,0,0.899,,500,,,,,3,,,
CompleteGumtreeMatcher,610,36,256,320,0,34,0,0,4,3,0,0.899,,500,,,,,4,,,
CompleteGumtreeMatcher,1075,27,493,557,0,25,0,0,4,3,0,0.899,,500,,,,,5,,,
CompleteGumtreeMatcher,208,62,70,78,0,60,0,0,15,3,0,0.999,,500,,,,,1,,,
CompleteGumtreeMatcher,291,51,101,141,0,49,0,0,4,3,0,0.999,,500,,,,,2,,,
CompleteGumtreeMatcher,340,46,128,168,0,44,0,0,14,3,0,0.999,,500,,,,,3,,,
CompleteGumtreeMatcher,610,36,256,320,0,34,0,0,4,3,0,0.999,,500,,,,,4,,,
CompleteGumtreeMatcher,1075,27,493,557,0,25,0,0,5,3,0,0.999,,500,,,,,5,,,
CompleteGumtreeMatcher,208,62,70,78,0,60,0,0,12,3,0,0.1,,600,,,,,1,,,
CompleteGumtreeMatcher,291,51,101,141,0,49,0,0,11,3,0,0.1,,600,,,,,2,,,
CompleteGumtreeMatcher,340,46,128,168,0,44,0,0,11,3,0,0.1,,600,,,,,3,,,
CompleteGumtreeMatcher,610,36,256,320,0,34,0,0,11,3,0,0.1,,600,,,,,4,,,
CompleteGumtreeMatcher,1075,27,493,557,0,25,0,0,12,3,0,0.1,,600,,,,,5,,,
CompleteGumtreeMatcher,208,62,70,78,0,60,0,0,11,3,0,0.2,,600,,,,,1,,,
CompleteGumtreeMatcher,291,51,101,141,0,49,0,0,12,3,0,0.2,,600,,,,,2,,,
CompleteGumtreeMatcher,340,46,128,168,0,44,0,0,11,3,0,0.2,,600,,,,,3,,,
CompleteGumtreeMatcher,610,36,256,320,0,34,0,0,4,3,0,0.2,,600,,,,,4,,,
CompleteGumtreeMatcher,1075,27,493,557,0,25,0,0,5,3,0,0.2,,600,,,,,5,,,
CompleteGumtreeMatcher,208,62,70,78,0,60,0,0,8,3,0,0.3,,600,,,,,1,,,
CompleteGumtreeMatcher,291,51,101,141,0,49,0,0,5,3,0,0.3,,600,,,,,2,,,
CompleteGumtreeMatcher,340,46,128,168,0,44,0,0,6,3,0,0.3,,600,,,,,3,,,
CompleteGumtreeMatcher,610,36,256,320,0,34,0,0,4,3,0,0.3,,600,,,,,4,,,
CompleteGumtreeMatcher,1075,27,493,557,0,25,0,0,5,3,0,0.3,,600,,,,,5,,,
CompleteGumtreeMatcher,208,62,70,78,0,60,0,0,5,3,0,0.4,,600,,,,,1,,,
CompleteGumtreeMatcher,291,51,101,141,0,49,0,0,4,3,0,0.4,,600,,,,,2,,,
CompleteGumtreeMatcher,340,46,128,168,0,44,0,0,5,3,0,0.4,,600,,,,,3,,,
CompleteGumtreeMatcher,610,36,256,320,0,34,0,0,4,3,0,0.4,,600,,,,,4,,,
CompleteGumtreeMatcher,1075,27,493,557,0,25,0,0,4,3,0,0.4,,600,,,,,5,,,
CompleteGumtreeMatcher,208,62,70,78,0,60,0,0,5,3,0,0.5,,600,,,,,1,,,
CompleteGumtreeMatcher,291,51,101,141,0,49,0,0,4,3,0,0.5,,600,,,,,2,,,
CompleteGumtreeMatcher,340,46,128,168,0,44,0,0,4,3,0,0.5,,600,,,,,3,,,
CompleteGumtreeMatcher,610,36,256,320,0,34,0,0,4,3,0,0.5,,600,,,,,4,,,
CompleteGumtreeMatcher,1075,27,493,557,0,25,0,0,5,3,0,0.5,,600,,,,,5,,,
CompleteGumtreeMatcher,208,62,70,78,0,60,0,0,8,3,0,0.6,,600,,,,,1,,,
CompleteGumtreeMatcher,291,51,101,141,0,49,0,0,4,3,0,0.6,,600,,,,,2,,,
CompleteGumtreeMatcher,340,46,128,168,0,44,0,0,7,3,0,0.6,,600,,,,,3,,,
CompleteGumtreeMatcher,610,36,256,320,0,34,0,0,5,3,0,0.6,,600,,,,,4,,,
CompleteGumtreeMatcher,1075,27,493,557,0,25,0,0,5,3,0,0.6,,600,,,,,5,,,
CompleteGumtreeMatcher,208,62,70,78,0,60,0,0,5,3,0,0.7,,600,,,,,1,,,
CompleteGumtreeMatcher,291,51,101,141,0,49,0,0,5,3,0,0.7,,600,,,,,2,,,
CompleteGumtreeMatcher,340,46,128,168,0,44,0,0,4,3,0,0.7,,600,,,,,3,,,
CompleteGumtreeMatcher,610,36,256,320,0,34,0,0,4,3,0,0.7,,600,,,,,4,,,
CompleteGumtreeMatcher,1075,27,493,557,0,25,0,0,5,3,0,0.7,,600,,,,,5,,,
CompleteGumtreeMatcher,208,62,70,78,0,60,0,0,5,3,0,0.799,,600,,,,,1,,,
CompleteGumtreeMatcher,291,51,101,141,0,49,0,0,4,3,0,0.799,,600,,,,,2,,,
CompleteGumtreeMatcher,340,46,128,168,0,44,0,0,4,3,0,0.799,,600,,,,,3,,,
CompleteGumtreeMatcher,610,36,256,320,0,34,0,0,6,3,0,0.799,,600,,,,,4,,,
CompleteGumtreeMatcher,1075,27,493,557,0,25,0,0,4,3,0,0.799,,600,,,,,5,,,
CompleteGumtreeMatcher,208,62,70,78,0,60,0,0,5,3,0,0.899,,600,,,,,1,,,
CompleteGumtreeMatcher,291,51,101,141,0,49,0,0,7,3,0,0.899,,600,,,,,2,,,
CompleteGumtreeMatcher,340,46,128,168,0,44,0,0,5,3,0,0.899,,600,,,,,3,,,
CompleteGumtreeMatcher,610,36,256,320,0,34,0,0,4,3,0,0.899,,600,,,,,4,,,
CompleteGumtreeMatcher,1075,27,493,557,0,25,0,0,4,3,0,0.899,,600,,,,,5,,,
CompleteGumtreeMatcher,208,62,70,78,0,60,0,0,5,3,0,0.999,,600,,,,,1,,,
CompleteGumtreeMatcher,291,51,101,141,0,49,0,0,5,3,0,0.999,,600,,,,,2,,,
CompleteGumtreeMatcher,340,46,128,168,0,44,0,0,5,3,0,0.999,,600,,,,,3,,,
CompleteGumtreeMatcher,610,36,256,320,0,34,0,0,5,3,0,0.999,,600,,,,,4,,,
CompleteGumtreeMatcher,1075,27,493,557,0,25,0,0,4,3,0,0.999,,600,,,,,5,,,
CompleteGumtreeMatcher,208,62,70,78,0,60,0,0,5,3,0,0.1,,700,,,,,1,,,
CompleteGumtreeMatcher,291,51,101,141,0,49,0,0,5,3,0,0.1,,700,,,,,2,,,
CompleteGumtreeMatcher,340,46,128,168,0,44,0,0,5,3,0,0.1,,700,,,,,3,,,
CompleteGumtreeMatcher,610,36,256,320,0,34,0,0,7,3,0,0.1,,700,,,,,4,,,
CompleteGumtreeMatcher,1075,27,493,557,0,25,0,0,4,3,0,0.1,,700,,,,,5,,,
CompleteGumtreeMatcher,208,62,70,78,0,60,0,0,5,3,0,0.2,,700,,,,,1,,,
CompleteGumtreeMatcher,291,51,101,141,0,49,0,0,7,3,0,0.2,,700,,,,,2,,,
CompleteGumtreeMatcher,340,46,128,168,0,44,0,0,4,3,0,0.2,,700,,,,,3,,,
CompleteGumtreeMatcher,610,36,256,320,0,34,0,0,4,3,0,0.2,,700,,,,,4,,,
CompleteGumtreeMatcher,1075,27,493,557,0,25,0,0,5,3,0,0.2,,700,,,,,5,,,
CompleteGumtreeMatcher,208,62,70,78,0,60,0,0,5,3,0,0.3,,700,,,,,1,,,
CompleteGumtreeMatcher,291,51,101,141,0,49,0,0,4,3,0,0.3,,700,,,,,2,,,
CompleteGumtreeMatcher,340,46,128,168,0,44,0,0,4,3,0,0.3,,700,,,,,3,,,
CompleteGumtreeMatcher,610,36,256,320,0,34,0,0,5,3,0,0.3,,700,,,,,4,,,
CompleteGumtreeMatcher,1075,27,493,557,0,25,0,0,5,3,0,0.3,,700,,,,,5,,,
CompleteGumtreeMatcher,208,62,70,78,0,60,0,0,5,3,0,0.4,,700,,,,,1,,,
CompleteGumtreeMatcher,291,51,101,141,0,49,0,0,5,3,0,0.4,,700,,,,,2,,,
CompleteGumtreeMatcher,340,46,128,168,0,44,0,0,7,3,0,0.4,,700,,,,,3,,,
CompleteGumtreeMatcher,610,36,256,320,0,34,0,0,7,3,0,0.4,,700,,,,,4,,,
CompleteGumtreeMatcher,1075,27,493,557,0,25,0,0,5,3,0,0.4,,700,,,,,5,,,
CompleteGumtreeMatcher,208,62,70,78,0,60,0,0,5,3,0,0.5,,700,,,,,1,,,
CompleteGumtreeMatcher,291,51,101,141,0,49,0,0,4,3,0,0.5,,700,,,,,2,,,
CompleteGumtreeMatcher,340,46,128,168,0,44,0,0,5,3,0,0.5,,700,,,,,3,,,
CompleteGumtreeMatcher,610,36,256,320,0,34,0,0,4,3,0,0.5,,700,,,,,4,,,
CompleteGumtreeMatcher,1075,27,493,557,0,25,0,0,4,3,0,0.5,,700,,,,,5,,,
CompleteGumtreeMatcher,208,62,70,78,0,60,0,0,5,3,0,0.6,,700,,,,,1,,,
CompleteGumtreeMatcher,291,51,101,141,0,49,0,0,4,3,0,0.6,,700,,,,,2,,,
CompleteGumtreeMatcher,340,46,128,168,0,44,0,0,4,3,0,0.6,,700,,,,,3,,,
CompleteGumtreeMatcher,610,36,256,320,0,34,0,0,5,3,0,0.6,,700,,,,,4,,,
CompleteGumtreeMatcher,1075,27,493,557,0,25,0,0,5,3,0,0.6,,700,,,,,5,,,
CompleteGumtreeMatcher,208,62,70,78,0,60,0,0,5,3,0,0.7,,700,,,,,1,,,
CompleteGumtreeMatcher,291,51,101,141,0,49,0,0,5,3,0,0.7,,700,,,,,2,,,
CompleteGumtreeMatcher,340,46,128,168,0,44,0,0,7,3,0,0.7,,700,,,,,3,,,
CompleteGumtreeMatcher,610,36,256,320,0,34,0,0,7,3,0,0.7,,700,,,,,4,,,
CompleteGumtreeMatcher,1075,27,493,557,0,25,0,0,5,3,0,0.7,,700,,,,,5,,,
CompleteGumtreeMatcher,208,62,70,78,0,60,0,0,5,3,0,0.799,,700,,,,,1,,,
CompleteGumtreeMatcher,291,51,101,141,0,49,0,0,5,3,0,0.799,,700,,,,,2,,,
CompleteGumtreeMatcher,340,46,128,168,0,44,0,0,5,3,0,0.799,,700,,,,,3,,,
CompleteGumtreeMatcher,610,36,256,320,0,34,0,0,4,3,0,0.799,,700,,,,,4,,,
CompleteGumtreeMatcher,1075,27,493,557,0,25,0,0,5,3,0,0.799,,700,,,,,5,,,
CompleteGumtreeMatcher,208,62,70,78,0,60,0,0,4,3,0,0.899,,700,,,,,1,,,
CompleteGumtreeMatcher,291,51,101,141,0,49,0,0,4,3,0,0.899,,700,,,,,2,,,
CompleteGumtreeMatcher,340,46,128,168,0,44,0,0,5,3,0,0.899,,700,,,,,3,,,
CompleteGumtreeMatcher,610,36,256,320,0,34,0,0,4,3,0,0.899,,700,,,,,4,,,
CompleteGumtreeMatcher,1075,27,493,557,0,25,0,0,5,3,0,0.899,,700,,,,,5,,,
CompleteGumtreeMatcher,208,62,70,78,0,60,0,0,8,3,0,0.999,,700,,,,,1,,,
CompleteGumtreeMatcher,291,51,101,141,0,49,0,0,6,3,0,0.999,,700,,,,,2,,,
CompleteGumtreeMatcher,340,46,128,168,0,44,0,0,4,3,0,0.999,,700,,,,,3,,,
CompleteGumtreeMatcher,610,36,256,320,0,34,0,0,4,3,0,0.999,,700,,,,,4,,,
CompleteGumtreeMatcher,1075,27,493,557,0,25,0,0,4,3,0,0.999,,700,,,,,5,,,
CompleteGumtreeMatcher,208,62,70,78,0,60,0,0,5,3,0,0.1,,800,,,,,1,,,
CompleteGumtreeMatcher,291,51,101,141,0,49,0,0,5,3,0,0.1,,800,,,,,2,,,
CompleteGumtreeMatcher,340,46,128,168,0,44,0,0,4,3,0,0.1,,800,,,,,3,,,
CompleteGumtreeMatcher,610,36,256,320,0,34,0,0,5,3,0,0.1,,800,,,,,4,,,
CompleteGumtreeMatcher,1075,27,493,557,0,25,0,0,4,3,0,0.1,,800,,,,,5,,,
CompleteGumtreeMatcher,208,62,70,78,0,60,0,0,5,3,0,0.2,,800,,,,,1,,,
CompleteGumtreeMatcher,291,51,101,141,0,49,0,0,4,3,0,0.2,,800,,,,,2,,,
CompleteGumtreeMatcher,340,46,128,168,0,44,0,0,5,3,0,0.2,,800,,,,,3,,,
CompleteGumtreeMatcher,610,36,256,320,0,34,0,0,4,3,0,0.2,,800,,,,,4,,,
CompleteGumtreeMatcher,1075,27,493,557,0,25,0,0,5,3,0,0.2,,800,,,,,5,,,
CompleteGumtreeMatcher,208,62,70,78,0,60,0,0,7,3,0,0.3,,800,,,,,1,,,
CompleteGumtreeMatcher,291,51,101,141,0,49,0,0,7,3,0,0.3,,800,,,,,2,,,
CompleteGumtreeMatcher,340,46,128,168,0,44,0,0,5,3,0,0.3,,800,,,,,3,,,
CompleteGumtreeMatcher,610,36,256,320,0,34,0,0,4,3,0,0.3,,800,,,,,4,,,
CompleteGumtreeMatcher,1075,27,493,557,0,25,0,0,5,3,0,0.3,,800,,,,,5,,,
CompleteGumtreeMatcher,208,62,70,78,0,60,0,0,5,3,0,0.4,,800,,,,,1,,,
CompleteGumtreeMatcher,291,51,101,141,0,49,0,0,5,3,0,0.4,,800,,,,,2,,,
CompleteGumtreeMatcher,340,46,128,168,0,44,0,0,4,3,0,0.4,,800,,,,,3,,,
CompleteGumtreeMatcher,610,36,256,320,0,34,0,0,5,3,0,0.4,,800,,,,,4,,,
CompleteGumtreeMatcher,1075,27,493,557,0,25,0,0,4,3,0,0.4,,800,,,,,5,,,
CompleteGumtreeMatcher,208,62,70,78,0,60,0,0,5,3,0,0.5,,800,,,,,1,,,
CompleteGumtreeMatcher,291,51,101,141,0,49,0,0,4,3,0,0.5,,800,,,,,2,,,
CompleteGumtreeMatcher,340,46,128,168,0,44,0,0,4,3,0,0.5,,800,,,,,3,,,
CompleteGumtreeMatcher,610,36,256,320,0,34,0,0,4,3,0,0.5,,800,,,,,4,,,
CompleteGumtreeMatcher,1075,27,493,557,0,25,0,0,7,3,0,0.5,,800,,,,,5,,,
CompleteGumtreeMatcher,208,62,70,78,0,60,0,0,5,3,0,0.6,,800,,,,,1,,,
CompleteGumtreeMatcher,291,51,101,141,0,49,0,0,5,3,0,0.6,,800,,,,,2,,,
CompleteGumtreeMatcher,340,46,128,168,0,44,0,0,7,3,0,0.6,,800,,,,,3,,,
CompleteGumtreeMatcher,610,36,256,320,0,34,0,0,4,3,0,0.6,,800,,,,,4,,,
CompleteGumtreeMatcher,1075,27,493,557,0,25,0,0,5,3,0,0.6,,800,,,,,5,,,
CompleteGumtreeMatcher,208,62,70,78,0,60,0,0,5,3,0,0.7,,800,,,,,1,,,
CompleteGumtreeMatcher,291,51,101,141,0,49,0,0,4,3,0,0.7,,800,,,,,2,,,
CompleteGumtreeMatcher,340,46,128,168,0,44,0,0,5,3,0,0.7,,800,,,,,3,,,
CompleteGumtreeMatcher,610,36,256,320,0,34,0,0,4,3,0,0.7,,800,,,,,4,,,
CompleteGumtreeMatcher,1075,27,493,557,0,25,0,0,4,3,0,0.7,,800,,,,,5,,,
CompleteGumtreeMatcher,208,62,70,78,0,60,0,0,5,3,0,0.799,,800,,,,,1,,,
CompleteGumtreeMatcher,291,51,101,141,0,49,0,0,4,3,0,0.799,,800,,,,,2,,,
CompleteGumtreeMatcher,340,46,128,168,0,44,0,0,5,3,0,0.799,,800,,,,,3,,,
CompleteGumtreeMatcher,610,36,256,320,0,34,0,0,7,3,0,0.799,,800,,,,,4,,,
CompleteGumtreeMatcher,1075,27,493,557,0,25,0,0,5,3,0,0.799,,800,,,,,5,,,
CompleteGumtreeMatcher,208,62,70,78,0,60,0,0,8,3,0,0.899,,800,,,,,1,,,
CompleteGumtreeMatcher,291,51,101,141,0,49,0,0,4,3,0,0.899,,800,,,,,2,,,
CompleteGumtreeMatcher,340,46,128,168,0,44,0,0,4,3,0,0.899,,800,,,,,3,,,
CompleteGumtreeMatcher,610,36,256,320,0,34,0,0,5,3,0,0.899,,800,,,,,4,,,
CompleteGumtreeMatcher,1075,27,493,557,0,25,0,0,5,3,0,0.899,,800,,,,,5,,,
CompleteGumtreeMatcher,208,62,70,78,0,60,0,0,4,3,0,0.999,,800,,,,,1,,,
CompleteGumtreeMatcher,291,51,101,141,0,49,0,0,4,3,0,0.999,,800,,,,,2,,,
CompleteGumtreeMatcher,340,46,128,168,0,44,0,0,4,3,0,0.999,,800,,,,,3,,,
CompleteGumtreeMatcher,610,36,256,320,0,34,0,0,4,3,0,0.999,,800,,,,,4,,,
CompleteGumtreeMatcher,1075,27,493,557,0,25,0,0,5,3,0,0.999,,800,,,,,5,,,
CompleteGumtreeMatcher,208,62,70,78,0,60,0,0,5,3,0,0.1,,900,,,,,1,,,
CompleteGumtreeMatcher,291,51,101,141,0,49,0,0,4,3,0,0.1,,900,,,,,2,,,
CompleteGumtreeMatcher,340,46,128,168,0,44,0,0,7,3,0,0.1,,900,,,,,3,,,
CompleteGumtreeMatcher,610,36,256,320,0,34,0,0,4,3,0,0.1,,900,,,,,4,,,
CompleteGumtreeMatcher,1075,27,493,557,0,25,0,0,5,3,0,0.1,,900,,,,,5,,,
CompleteGumtreeMatcher,208,62,70,78,0,60,0,0,4,3,0,0.2,,900,,,,,1,,,
CompleteGumtreeMatcher,291,51,101,141,0,49,0,0,4,3,0,0.2,,900,,,,,2,,,
CompleteGumtreeMatcher,340,46,128,168,0,44,0,0,7,3,0,0.2,,900,,,,,3,,,
CompleteGumtreeMatcher,610,36,256,320,0,34,0,0,5,3,0,0.2,,900,,,,,4,,,
CompleteGumtreeMatcher,1075,27,493,557,0,25,0,0,4,3,0,0.2,,900,,,,,5,,,
CompleteGumtreeMatcher,208,62,70,78,0,60,0,0,5,3,0,0.3,,900,,,,,1,,,
CompleteGumtreeMatcher,291,51,101,141,0,49,0,0,5,3,0,0.3,,900,,,,,2,,,
CompleteGumtreeMatcher,340,46,128,168,0,44,0,0,5,3,0,0.3,,900,,,,,3,,,
CompleteGumtreeMatcher,610,36,256,320,0,34,0,0,4,3,0,0.3,,900,,,,,4,,,
CompleteGumtreeMatcher,1075,27,493,557,0,25,0,0,5,3,0,0.3,,900,,,,,5,,,
CompleteGumtreeMatcher,208,62,70,78,0,60,0,0,5,3,0,0.4,,900,,,,,1,,,
CompleteGumtreeMatcher,291,51,101,141,0,49,0,0,4,3,0,0.4,,900,,,,,2,,,
CompleteGumtreeMatcher,340,46,128,168,0,44,0,0,7,3,0,0.4,,900,,,,,3,,,
CompleteGumtreeMatcher,610,36,256,320,0,34,0,0,5,3,0,0.4,,900,,,,,4,,,
CompleteGumtreeMatcher,1075,27,493,557,0,25,0,0,4,3,0,0.4,,900,,,,,5,,,
CompleteGumtreeMatcher,208,62,70,78,0,60,0,0,8,3,0,0.5,,900,,,,,1,,,
CompleteGumtreeMatcher,291,51,101,141,0,49,0,0,5,3,0,0.5,,900,,,,,2,,,
CompleteGumtreeMatcher,340,46,128,168,0,44,0,0,4,3,0,0.5,,900,,,,,3,,,
CompleteGumtreeMatcher,610,36,256,320,0,34,0,0,5,3,0,0.5,,900,,,,,4,,,
CompleteGumtreeMatcher,1075,27,493,557,0,25,0,0,5,3,0,0.5,,900,,,,,5,,,
CompleteGumtreeMatcher,208,62,70,78,0,60,0,0,5,3,0,0.6,,900,,,,,1,,,
CompleteGumtreeMatcher,291,51,101,141,0,49,0,0,4,3,0,0.6,,900,,,,,2,,,
CompleteGumtreeMatcher,340,46,128,168,0,44,0,0,4,3,0,0.6,,900,,,,,3,,,
CompleteGumtreeMatcher,610,36,256,320,0,34,0,0,5,3,0,0.6,,900,,,,,4,,,
CompleteGumtreeMatcher,1075,27,493,557,0,25,0,0,4,3,0,0.6,,900,,,,,5,,,
CompleteGumtreeMatcher,208,62,70,78,0,60,0,0,5,3,0,0.7,,900,,,,,1,,,
CompleteGumtreeMatcher,291,51,101,141,0,49,0,0,7,3,0,0.7,,900,,,,,2,,,
CompleteGumtreeMatcher,340,46,128,168,0,44,0,0,4,3,0,0.7,,900,,,,,3,,,
CompleteGumtreeMatcher,610,36,256,320,0,34,0,0,4,3,0,0.7,,900,,,,,4,,,
CompleteGumtreeMatcher,1075,27,493,557,0,25,0,0,5,3,0,0.7,,900,,,,,5,,,
CompleteGumtreeMatcher,208,62,70,78,0,60,0,0,5,3,0,0.799,,900,,,,,1,,,
CompleteGumtreeMatcher,291,51,101,141,0,49,0,0,7,3,0,0.799,,900,,,,,2,,,
CompleteGumtreeMatcher,340,46,128,168,0,44,0,0,5,3,0,0.799,,900,,,,,3,,,
CompleteGumtreeMatcher,610,36,256,320,0,34,0,0,4,3,0,0.799,,900,,,,,4,,,
CompleteGumtreeMatcher,1075,27,493,557,0,25,0,0,5,3,0,0.799,,900,,,,,5,,,
CompleteGumtreeMatcher,208,62,70,78,0,60,0,0,5,3,0,0.899,,900,,,,,1,,,
CompleteGumtreeMatcher,291,51,101,141,0,49,0,0,5,3,0,0.899,,900,,,,,2,,,
CompleteGumtreeMatcher,340,46,128,168,0,44,0,0,5,3,0,0.899,,900,,,,,3,,,
CompleteGumtreeMatcher,610,36,256,320,0,34,0,0,4,3,0,0.899,,900,,,,,4,,,
CompleteGumtreeMatcher,1075,27,493,557,0,25,0,0,5,3,0,0.899,,900,,,,,5,,,
CompleteGumtreeMatcher,208,62,70,78,0,60,0,0,7,3,0,0.999,,900,,,,,1,,,
CompleteGumtreeMatcher,291,51,101,141,0,49,0,0,4,3,0,0.999,,900,,,,,2,,,
CompleteGumtreeMatcher,340,46,128,168,0,44,0,0,5,3,0,0.999,,900,,,,,3,,,
CompleteGumtreeMatcher,610,36,256,320,0,34,0,0,4,3,0,0.999,,900,,,,,4,,,
CompleteGumtreeMatcher,1075,27,493,557,0,25,0,0,7,3,0,0.999,,900,,,,,5,,,
CompleteGumtreeMatcher,208,62,70,78,0,60,0,0,5,3,0,0.1,,1000,,,,,1,,,
CompleteGumtreeMatcher,291,51,101,141,0,49,0,0,5,3,0,0.1,,1000,,,,,2,,,
CompleteGumtreeMatcher,340,46,128,168,0,44,0,0,4,3,0,0.1,,1000,,,,,3,,,
CompleteGumtreeMatcher,610,36,256,320,0,34,0,0,5,3,0,0.1,,1000,,,,,4,,,
CompleteGumtreeMatcher,1075,27,493,557,0,25,0,0,5,3,0,0.1,,1000,,,,,5,,,
CompleteGumtreeMatcher,208,62,70,78,0,60,0,0,5,3,0,0.2,,1000,,,,,1,,,
CompleteGumtreeMatcher,291,51,101,141,0,49,0,0,4,3,0,0.2,,1000,,,,,2,,,
CompleteGumtreeMatcher,340,46,128,168,0,44,0,0,5,3,0,0.2,,1000,,,,,3,,,
CompleteGumtreeMatcher,610,36,256,320,0,34,0,0,11,3,0,0.2,,1000,,,,,4,,,
CompleteGumtreeMatcher,1075,27,493,557,0,25,0,0,12,3,0,0.2,,1000,,,,,5,,,
CompleteGumtreeMatcher,208,62,70,78,0,60,0,0,12,3,0,0.3,,1000,,,,,1,,,
CompleteGumtreeMatcher,291,51,101,141,0,49,0,0,15,3,0,0.3,,1000,,,,,2,,,
CompleteGumtreeMatcher,340,46,128,168,0,44,0,0,12,3,0,0.3,,1000,,,,,3,,,
CompleteGumtreeMatcher,610,36,256,320,0,34,0,0,12,3,0,0.3,,1000,,,,,4,,,
CompleteGumtreeMatcher,1075,27,493,557,0,25,0,0,14,3,0,0.3,,1000,,,,,5,,,
CompleteGumtreeMatcher,208,62,70,78,0,60,0,0,12,3,0,0.4,,1000,,,,,1,,,
CompleteGumtreeMatcher,291,51,101,141,0,49,0,0,12,3,0,0.4,,1000,,,,,2,,,
CompleteGumtreeMatcher,340,46,128,168,0,44,0,0,11,3,0,0.4,,1000,,,,,3,,,
CompleteGumtreeMatcher,610,36,256,320,0,34,0,0,5,3,0,0.4,,1000,,,,,4,,,
CompleteGumtreeMatcher,1075,27,493,557,0,25,0,0,4,3,0,0.4,,1000,,,,,5,,,
CompleteGumtreeMatcher,208,62,70,78,0,60,0,0,5,3,0,0.5,,1000,,,,,1,,,
CompleteGumtreeMatcher,291,51,101,141,0,49,0,0,4,3,0,0.5,,1000,,,,,2,,,
CompleteGumtreeMatcher,340,46,128,168,0,44,0,0,4,3,0,0.5,,1000,,,,,3,,,
CompleteGumtreeMatcher,610,36,256,320,0,34,0,0,4,3,0,0.5,,1000,,,,,4,,,
CompleteGumtreeMatcher,1075,27,493,557,0,25,0,0,5,3,0,0.5,,1000,,,,,5,,,
CompleteGumtreeMatcher,208,62,70,78,0,60,0,0,5,3,0,0.6,,1000,,,,,1,,,
CompleteGumtreeMatcher,291,51,101,141,0,49,0,0,6,3,0,0.6,,1000,,,,,2,,,
CompleteGumtreeMatcher,340,46,128,168,0,44,0,0,4,3,0,0.6,,1000,,,,,3,,,
CompleteGumtreeMatcher,610,36,256,320,0,34,0,0,4,3,0,0.6,,1000,,,,,4,,,
CompleteGumtreeMatcher,1075,27,493,557,0,25,0,0,7,3,0,0.6,,1000,,,,,5,,,
CompleteGumtreeMatcher,208,62,70,78,0,60,0,0,5,3,0,0.7,,1000,,,,,1,,,
CompleteGumtreeMatcher,291,51,101,141,0,49,0,0,5,3,0,0.7,,1000,,,,,2,,,
CompleteGumtreeMatcher,340,46,128,168,0,44,0,0,5,3,0,0.7,,1000,,,,,3,,,
CompleteGumtreeMatcher,610,36,256,320,0,34,0,0,5,3,0,0.7,,1000,,,,,4,,,
CompleteGumtreeMatcher,1075,27,493,557,0,25,0,0,4,3,0,0.7,,1000,,,,,5,,,
CompleteGumtreeMatcher,208,62,70,78,0,60,0,0,5,3,0,0.799,,1000,,,,,1,,,
CompleteGumtreeMatcher,291,51,101,141,0,49,0,0,5,3,0,0.799,,1000,,,,,2,,,
CompleteGumtreeMatcher,340,46,128,168,0,44,0,0,4,3,0,0.799,,1000,,,,,3,,,
CompleteGumtreeMatcher,610,36,256,320,0,34,0,0,7,3,0,0.799,,1000,,,,,4,,,
CompleteGumtreeMatcher,1075,27,493,557,0,25,0,0,5,3,0,0.799,,1000,,,,,5,,,
CompleteGumtreeMatcher,208,62,70,78,0,60,0,0,5,3,0,0.899,,1000,,,,,1,,,
CompleteGumtreeMatcher,291,51,101,141,0,49,0,0,4,3,0,0.899,,1000,,,,,2,,,
CompleteGumtreeMatcher,340,46,128,168,0,44,0,0,4,3,0,0.899,,1000,,,,,3,,,
CompleteGumtreeMatcher,610,36,256,320,0,34,0,0,5,3,0,0.899,,1000,,,,,4,,,
CompleteGumtreeMatcher,1075,27,493,557,0,25,0,0,7,3,0,0.899,,1000,,,,,5,,,
CompleteGumtreeMatcher,208,62,70,78,0,60,0,0,5,3,0,0.999,,1000,,,,,1,,,
CompleteGumtreeMatcher,291,51,101,141,0,49,0,0,4,3,0,0.999,,1000,,,,,2,,,
CompleteGumtreeMatcher,340,46,128,168,0,44,0,0,5,3,0,0.999,,1000,,,,,3,,,
CompleteGumtreeMatcher,610,36,256,320,0,34,0,0,4,3,0,0.999,,1000,,,,,4,,,
CompleteGumtreeMatcher,1075,27,493,557,0,25,0,0,5,3,0,0.999,,1000,,,,,5,,,
CompleteGumtreeMatcher,208,62,70,78,0,60,0,0,5,3,0,0.1,,1100,,,,,1,,,
CompleteGumtreeMatcher,291,51,101,141,0,49,0,0,5,3,0,0.1,,1100,,,,,2,,,
CompleteGumtreeMatcher,340,46,128,168,0,44,0,0,4,3,0,0.1,,1100,,,,,3,,,
CompleteGumtreeMatcher,610,36,256,320,0,34,0,0,7,3,0,0.1,,1100,,,,,4,,,
CompleteGumtreeMatcher,1075,27,493,557,0,25,0,0,5,3,0,0.1,,1100,,,,,5,,,
CompleteGumtreeMatcher,208,62,70,78,0,60,0,0,5,3,0,0.2,,1100,,,,,1,,,
CompleteGumtreeMatcher,291,51,101,141,0,49,0,0,4,3,0,0.2,,1100,,,,,2,,,
CompleteGumtreeMatcher,340,46,128,168,0,44,0,0,7,3,0,0.2,,1100,,,,,3,,,
CompleteGumtreeMatcher,610,36,256,320,0,34,0,0,4,3,0,0.2,,1100,,,,,4,,,
CompleteGumtreeMatcher,1075,27,493,557,0,25,0,0,4,3,0,0.2,,1100,,,,,5,,,
CompleteGumtreeMatcher,208,62,70,78,0,60,0,0,5,3,0,0.3,,1100,,,,,1,,,
CompleteGumtreeMatcher,291,51,101,141,0,49,0,0,4,3,0,0.3,,1100,,,,,2,,,
CompleteGumtreeMatcher,340,46,128,168,0,44,0,0,5,3,0,0.3,,1100,,,,,3,,,
CompleteGumtreeMatcher,610,36,256,320,0,34,0,0,4,3,0,0.3,,1100,,,,,4,,,
CompleteGumtreeMatcher,1075,27,493,557,0,25,0,0,5,3,0,0.3,,1100,,,,,5,,,
CompleteGumtreeMatcher,208,62,70,78,0,60,0,0,5,3,0,0.4,,1100,,,,,1,,,
CompleteGumtreeMatcher,291,51,101,141,0,49,0,0,7,3,0,0.4,,1100,,,,,2,,,
CompleteGumtreeMatcher,340,46,128,168,0,44,0,0,5,3,0,0.4,,1100,,,,,3,,,
CompleteGumtreeMatcher,610,36,256,320,0,34,0,0,5,3,0,0.4,,1100,,,,,4,,,
CompleteGumtreeMatcher,1075,27,493,557,0,25,0,0,5,3,0,0.4,,1100,,,,,5,,,
CompleteGumtreeMatcher,208,62,70,78,0,60,0,0,5,3,0,0.5,,1100,,,,,1,,,
CompleteGumtreeMatcher,291,51,101,141,0,49,0,0,4,3,0,0.5,,1100,,,,,2,,,
CompleteGumtreeMatcher,340,46,128,168,0,44,0,0,7,3,0,0.5,,1100,,,,,3,,,
CompleteGumtreeMatcher,610,36,256,320,0,34,0,0,4,3,0,0.5,,1100,,,,,4,,,
CompleteGumtreeMatcher,1075,27,493,557,0,25,0,0,5,3,0,0.5,,1100,,,,,5,,,
CompleteGumtreeMatcher,208,62,70,78,0,60,0,0,5,3,0,0.6,,1100,,,,,1,,,
CompleteGumtreeMatcher,291,51,101,141,0,49,0,0,4,3,0,0.6,,1100,,,,,2,,,
CompleteGumtreeMatcher,340,46,128,168,0,44,0,0,4,3,0,0.6,,1100,,,,,3,,,
CompleteGumtreeMatcher,610,36,256,320,0,34,0,0,4,3,0,0.6,,1100,,,,,4,,,
CompleteGumtreeMatcher,1075,27,493,557,0,25,0,0,5,3,0,0.6,,1100,,,,,5,,,
CompleteGumtreeMatcher,208,62,70,78,0,60,0,0,5,3,0,0.7,,1100,,,,,1,,,
CompleteGumtreeMatcher,291,51,101,141,0,49,0,0,7,3,0,0.7,,1100,,,,,2,,,
CompleteGumtreeMatcher,340,46,128,168,0,44,0,0,4,3,0,0.7,,1100,,,,,3,,,
CompleteGumtreeMatcher,610,36,256,320,0,34,0,0,4,3,0,0.7,,1100,,,,,4,,,
CompleteGumtreeMatcher,1075,27,493,557,0,25,0,0,5,3,0,0.7,,1100,,,,,5,,,
CompleteGumtreeMatcher,208,62,70,78,0,60,0,0,5,3,0,0.799,,1100,,,,,1,,,
CompleteGumtreeMatcher,291,51,101,141,0,49,0,0,7,3,0,0.799,,1100,,,,,2,,,
CompleteGumtreeMatcher,340,46,128,168,0,44,0,0,5,3,0,0.799,,1100,,,,,3,,,
CompleteGumtreeMatcher,610,36,256,320,0,34,0,0,4,3,0,0.799,,1100,,,,,4,,,
CompleteGumtreeMatcher,1075,27,493,557,0,25,0,0,5,3,0,0.799,,1100,,,,,5,,,
CompleteGumtreeMatcher,208,62,70,78,0,60,0,0,5,3,0,0.899,,1100,,,,,1,,,
CompleteGumtreeMatcher,291,51,101,141,0,49,0,0,4,3,0,0.899,,1100,,,,,2,,,
CompleteGumtreeMatcher,340,46,128,168,0,44,0,0,5,3,0,0.899,,1100,,,,,3,,,
CompleteGumtreeMatcher,610,36,256,320,0,34,0,0,6,3,0,0.899,,1100,,,,,4,,,
CompleteGumtreeMatcher,1075,27,493,557,0,25,0,0,5,3,0,0.899,,1100,,,,,5,,,
CompleteGumtreeMatcher,208,62,70,78,0,60,0,0,5,3,0,0.999,,1100,,,,,1,,,
CompleteGumtreeMatcher,291,51,101,141,0,49,0,0,4,3,0,0.999,,1100,,,,,2,,,
CompleteGumtreeMatcher,340,46,128,168,0,44,0,0,4,3,0,0.999,,1100,,,,,3,,,
CompleteGumtreeMatcher,610,36,256,320,0,34,0,0,4,3,0,0.999,,1100,,,,,4,,,
CompleteGumtreeMatcher,1075,27,493,557,0,25,0,0,5,3,0,0.999,,1100,,,,,5,,,
CompleteGumtreeMatcher,208,62,70,78,0,60,0,0,4,3,0,0.1,,1200,,,,,1,,,
CompleteGumtreeMatcher,291,51,101,141,0,49,0,0,7,3,0,0.1,,1200,,,,,2,,,
CompleteGumtreeMatcher,340,46,128,168,0,44,0,0,4,3,0,0.1,,1200,,,,,3,,,
CompleteGumtreeMatcher,610,36,256,320,0,34,0,0,4,3,0,0.1,,1200,,,,,4,,,
CompleteGumtreeMatcher,1075,27,493,557,0,25,0,0,5,3,0,0.1,,1200,,,,,5,,,
CompleteGumtreeMatcher,208,62,70,78,0,60,0,0,5,3,0,0.2,,1200,,,,,1,,,
CompleteGumtreeMatcher,291,51,101,141,0,49,0,0,5,3,0,0.2,,1200,,,,,2,,,
CompleteGumtreeMatcher,340,46,128,168,0,44,0,0,4,3,0,0.2,,1200,,,,,3,,,
CompleteGumtreeMatcher,610,36,256,320,0,34,0,0,6,3,0,0.2,,1200,,,,,4,,,
CompleteGumtreeMatcher,1075,27,493,557,0,25,0,0,5,3,0,0.2,,1200,,,,,5,,,
CompleteGumtreeMatcher,208,62,70,78,0,60,0,0,4,3,0,0.3,,1200,,,,,1,,,
CompleteGumtreeMatcher,291,51,101,141,0,49,0,0,5,3,0,0.3,,1200,,,,,2,,,
CompleteGumtreeMatcher,340,46,128,168,0,44,0,0,4,3,0,0.3,,1200,,,,,3,,,
CompleteGumtreeMatcher,610,36,256,320,0,34,0,0,6,3,0,0.3,,1200,,,,,4,,,
CompleteGumtreeMatcher,1075,27,493,557,0,25,0,0,4,3,0,0.3,,1200,,,,,5,,,
CompleteGumtreeMatcher,208,62,70,78,0,60,0,0,5,3,0,0.4,,1200,,,,,1,,,
CompleteGumtreeMatcher,291,51,101,141,0,49,0,0,5,3,0,0.4,,1200,,,,,2,,,
CompleteGumtreeMatcher,340,46,128,168,0,44,0,0,5,3,0,0.4,,1200,,,,,3,,,
CompleteGumtreeMatcher,610,36,256,320,0,34,0,0,4,3,0,0.4,,1200,,,,,4,,,
CompleteGumtreeMatcher,1075,27,493,557,0,25,0,0,5,3,0,0.4,,1200,,,,,5,,,
CompleteGumtreeMatcher,208,62,70,78,0,60,0,0,4,3,0,0.5,,1200,,,,,1,,,
CompleteGumtreeMatcher,291,51,101,141,0,49,0,0,7,3,0,0.5,,1200,,,,,2,,,
CompleteGumtreeMatcher,340,46,128,168,0,44,0,0,5,3,0,0.5,,1200,,,,,3,,,
CompleteGumtreeMatcher,610,36,256,320,0,34,0,0,5,3,0,0.5,,1200,,,,,4,,,
CompleteGumtreeMatcher,1075,27,493,557,0,25,0,0,4,3,0,0.5,,1200,,,,,5,,,
CompleteGumtreeMatcher,208,62,70,78,0,60,0,0,5,3,0,0.6,,1200,,,,,1,,,
CompleteGumtreeMatcher,291,51,101,141,0,49,0,0,4,3,0,0.6,,1200,,,,,2,,,
CompleteGumtreeMatcher,340,46,128,168,0,44,0,0,4,3,0,0.6,,1200,,,,,3,,,
CompleteGumtreeMatcher,610,36,256,320,0,34,0,0,7,3,0,0.6,,1200,,,,,4,,,
CompleteGumtreeMatcher,1075,27,493,557,0,25,0,0,5,3,0,0.6,,1200,,,,,5,,,
CompleteGumtreeMatcher,208,62,70,78,0,60,0,0,5,3,0,0.7,,1200,,,,,1,,,
CompleteGumtreeMatcher,291,51,101,141,0,49,0,0,4,3,0,0.7,,1200,,,,,2,,,
CompleteGumtreeMatcher,340,46,128,168,0,44,0,0,4,3,0,0.7,,1200,,,,,3,,,
CompleteGumtreeMatcher,610,36,256,320,0,34,0,0,5,3,0,0.7,,1200,,,,,4,,,
CompleteGumtreeMatcher,1075,27,493,557,0,25,0,0,5,3,0,0.7,,1200,,,,,5,,,
CompleteGumtreeMatcher,208,62,70,78,0,60,0,0,5,3,0,0.799,,1200,,,,,1,,,
CompleteGumtreeMatcher,291,51,101,141,0,49,0,0,7,3,0,0.799,,1200,,,,,2,,,
CompleteGumtreeMatcher,340,46,128,168,0,44,0,0,5,3,0,0.799,,1200,,,,,3,,,
CompleteGumtreeMatcher,610,36,256,320,0,34,0,0,4,3,0,0.799,,1200,,,,,4,,,
CompleteGumtreeMatcher,1075,27,493,557,0,25,0,0,5,3,0,0.799,,1200,,,,,5,,,
CompleteGumtreeMatcher,208,62,70,78,0,60,0,0,5,3,0,0.899,,1200,,,,,1,,,
CompleteGumtreeMatcher,291,51,101,141,0,49,0,0,4,3,0,0.899,,1200,,,,,2,,,
CompleteGumtreeMatcher,340,46,128,168,0,44,0,0,7,3,0,0.899,,1200,,,,,3,,,
CompleteGumtreeMatcher,610,36,256,320,0,34,0,0,4,3,0,0.899,,1200,,,,,4,,,
CompleteGumtreeMatcher,1075,27,493,557,0,25,0,0,5,3,0,0.899,,1200,,,,,5,,,
CompleteGumtreeMatcher,208,62,70,78,0,60,0,0,5,3,0,0.999,,1200,,,,,1,,,
CompleteGumtreeMatcher,291,51,101,141,0,49,0,0,4,3,0,0.999,,1200,,,,,2,,,
CompleteGumtreeMatcher,340,46,128,168,0,44,0,0,4,3,0,0.999,,1200,,,,,3,,,
CompleteGumtreeMatcher,610,36,256,320,0,34,0,0,4,3,0,0.999,,1200,,,,,4,,,
CompleteGumtreeMatcher,1075,27,493,557,0,25,0,0,7,3,0,0.999,,1200,,,,,5,,,
CompleteGumtreeMatcher,208,62,70,78,0,60,0,0,5,3,0,0.1,,1300,,,,,1,,,
CompleteGumtreeMatcher,291,51,101,141,0,49,0,0,4,3,0,0.1,,1300,,,,,2,,,
CompleteGumtreeMatcher,340,46,128,168,0,44,0,0,5,3,0,0.1,,1300,,,,,3,,,
CompleteGumtreeMatcher,610,36,256,320,0,34,0,0,4,3,0,0.1,,1300,,,,,4,,,
CompleteGumtreeMatcher,1075,27,493,557,0,25,0,0,5,3,0,0.1,,1300,,,,,5,,,
CompleteGumtreeMatcher,208,62,70,78,0,60,0,0,5,3,0,0.2,,1300,,,,,1,,,
CompleteGumtreeMatcher,291,51,101,141,0,49,0,0,7,3,0,0.2,,1300,,,,,2,,,
CompleteGumtreeMatcher,340,46,128,168,0,44,0,0,5,3,0,0.2,,1300,,,,,3,,,
CompleteGumtreeMatcher,610,36,256,320,0,34,0,0,5,3,0,0.2,,1300,,,,,4,,,
CompleteGumtreeMatcher,1075,27,493,557,0,25,0,0,5,3,0,0.2,,1300,,,,,5,,,
CompleteGumtreeMatcher,208,62,70,78,0,60,0,0,5,3,0,0.3,,1300,,,,,1,,,
CompleteGumtreeMatcher,291,51,101,141,0,49,0,0,4,3,0,0.3,,1300,,,,,2,,,
CompleteGumtreeMatcher,340,46,128,168,0,44,0,0,5,3,0,0.3,,1300,,,,,3,,,
CompleteGumtreeMatcher,610,36,256,320,0,34,0,0,4,3,0,0.3,,1300,,,,,4,,,
CompleteGumtreeMatcher,1075,27,493,557,0,25,0,0,7,3,0,0.3,,1300,,,,,5,,,
CompleteGumtreeMatcher,208,62,70,78,0,60,0,0,5,3,0,0.4,,1300,,,,,1,,,
CompleteGumtreeMatcher,291,51,101,141,0,49,0,0,4,3,0,0.4,,1300,,,,,2,,,
CompleteGumtreeMatcher,340,46,128,168,0,44,0,0,4,3,0,0.4,,1300,,,,,3,,,
CompleteGumtreeMatcher,610,36,256,320,0,34,0,0,4,3,0,0.4,,1300,,,,,4,,,
CompleteGumtreeMatcher,1075,27,493,557,0,25,0,0,7,3,0,0.4,,1300,,,,,5,,,
CompleteGumtreeMatcher,208,62,70,78,0,60,0,0,5,3,0,0.5,,1300,,,,,1,,,
CompleteGumtreeMatcher,291,51,101,141,0,49,0,0,5,3,0,0.5,,1300,,,,,2,,,
CompleteGumtreeMatcher,340,46,128,168,0,44,0,0,4,3,0,0.5,,1300,,,,,3,,,
CompleteGumtreeMatcher,610,36,256,320,0,34,0,0,5,3,0,0.5,,1300,,,,,4,,,
CompleteGumtreeMatcher,1075,27,493,557,0,25,0,0,5,3,0,0.5,,1300,,,,,5,,,
CompleteGumtreeMatcher,208,62,70,78,0,60,0,0,5,3,0,0.6,,1300,,,,,1,,,
CompleteGumtreeMatcher,291,51,101,141,0,49,0,0,5,3,0,0.6,,1300,,,,,2,,,
CompleteGumtreeMatcher,340,46,128,168,0,44,0,0,4,3,0,0.6,,1300,,,,,3,,,
CompleteGumtreeMatcher,610,36,256,320,0,34,0,0,6,3,0,0.6,,1300,,,,,4,,,
CompleteGumtreeMatcher,1075,27,493,557,0,25,0,0,4,3,0,0.6,,1300,,,,,5,,,
CompleteGumtreeMatcher,208,62,70,78,0,60,0,0,5,3,0,0.7,,1300,,,,,1,,,
CompleteGumtreeMatcher,291,51,101,141,0,49,0,0,5,3,0,0.7,,1300,,,,,2,,,
CompleteGumtreeMatcher,340,46,128,168,0,44,0,0,4,3,0,0.7,,1300,,,,,3,,,
CompleteGumtreeMatcher,610,36,256,320,0,34,0,0,4,3,0,0.7,,1300,,,,,4,,,
CompleteGumtreeMatcher,1075,27,493,557,0,25,0,0,7,3,0,0.7,,1300,,,,,5,,,
CompleteGumtreeMatcher,208,62,70,78,0,60,0,0,5,3,0,0.799,,1300,,,,,1,,,
CompleteGumtreeMatcher,291,51,101,141,0,49,0,0,4,3,0,0.799,,1300,,,,,2,,,
CompleteGumtreeMatcher,340,46,128,168,0,44,0,0,4,3,0,0.799,,1300,,,,,3,,,
CompleteGumtreeMatcher,610,36,256,320,0,34,0,0,5,3,0,0.799,,1300,,,,,4,,,
CompleteGumtreeMatcher,1075,27,493,557,0,25,0,0,4,3,0,0.799,,1300,,,,,5,,,
CompleteGumtreeMatcher,208,62,70,78,0,60,0,0,5,3,0,0.899,,1300,,,,,1,,,
CompleteGumtreeMatcher,291,51,101,141,0,49,0,0,5,3,0,0.899,,1300,,,,,2,,,
CompleteGumtreeMatcher,340,46,128,168,0,44,0,0,5,3,0,0.899,,1300,,,,,3,,,
CompleteGumtreeMatcher,610,36,256,320,0,34,0,0,7,3,0,0.899,,1300,,,,,4,,,
CompleteGumtreeMatcher,1075,27,493,557,0,25,0,0,5,3,0,0.899,,1300,,,,,5,,,
CompleteGumtreeMatcher,208,62,70,78,0,60,0,0,5,3,0,0.999,,1300,,,,,1,,,
CompleteGumtreeMatcher,291,51,101,141,0,49,0,0,4,3,0,0.999,,1300,,,,,2,,,
CompleteGumtreeMatcher,340,46,128,168,0,44,0,0,4,3,0,0.999,,1300,,,,,3,,,
CompleteGumtreeMatcher,610,36,256,320,0,34,0,0,5,3,0,0.999,,1300,,,,,4,,,
CompleteGumtreeMatcher,1075,27,493,557,0,25,0,0,8,3,0,0.999,,1300,,,,,5,,,
CompleteGumtreeMatcher,208,62,70,78,0,60,0,0,5,3,0,0.1,,1400,,,,,1,,,
CompleteGumtreeMatcher,291,51,101,141,0,49,0,0,4,3,0,0.1,,1400,,,,,2,,,
CompleteGumtreeMatcher,340,46,128,168,0,44,0,0,4,3,0,0.1,,1400,,,,,3,,,
CompleteGumtreeMatcher,610,36,256,320,0,34,0,0,4,3,0,0.1,,1400,,,,,4,,,
CompleteGumtreeMatcher,1075,27,493,557,0,25,0,0,5,3,0,0.1,,1400,,,,,5,,,
CompleteGumtreeMatcher,208,62,70,78,0,60,0,0,5,3,0,0.2,,1400,,,,,1,,,
CompleteGumtreeMatcher,291,51,101,141,0,49,0,0,5,3,0,0.2,,1400,,,,,2,,,
CompleteGumtreeMatcher,340,46,128,168,0,44,0,0,7,3,0,0.2,,1400,,,,,3,,,
CompleteGumtreeMatcher,610,36,256,320,0,34,0,0,4,3,0,0.2,,1400,,,,,4,,,
CompleteGumtreeMatcher,1075,27,493,557,0,25,0,0,5,3,0,0.2,,1400,,,,,5,,,
CompleteGumtreeMatcher,208,62,70,78,0,60,0,0,5,3,0,0.3,,1400,,,,,1,,,
CompleteGumtreeMatcher,291,51,101,141,0,49,0,0,5,3,0,0.3,,1400,,,,,2,,,
CompleteGumtreeMatcher,340,46,128,168,0,44,0,0,5,3,0,0.3,,1400,,,,,3,,,
CompleteGumtreeMatcher,610,36,256,320,0,34,0,0,6,3,0,0.3,,1400,,,,,4,,,
CompleteGumtreeMatcher,1075,27,493,557,0,25,0,0,5,3,0,0.3,,1400,,,,,5,,,
CompleteGumtreeMatcher,208,62,70,78,0,60,0,0,5,3,0,0.4,,1400,,,,,1,,,
CompleteGumtreeMatcher,291,51,101,141,0,49,0,0,4,3,0,0.4,,1400,,,,,2,,,
CompleteGumtreeMatcher,340,46,128,168,0,44,0,0,5,3,0,0.4,,1400,,,,,3,,,
CompleteGumtreeMatcher,610,36,256,320,0,34,0,0,4,3,0,0.4,,1400,,,,,4,,,
CompleteGumtreeMatcher,1075,27,493,557,0,25,0,0,4,3,0,0.4,,1400,,,,,5,,,
CompleteGumtreeMatcher,208,62,70,78,0,60,0,0,12,3,0,0.5,,1400,,,,,1,,,
CompleteGumtreeMatcher,291,51,101,141,0,49,0,0,15,3,0,0.5,,1400,,,,,2,,,
CompleteGumtreeMatcher,340,46,128,168,0,44,0,0,12,3,0,0.5,,1400,,,,,3,,,
CompleteGumtreeMatcher,610,36,256,320,0,34,0,0,12,3,0,0.5,,1400,,,,,4,,,
CompleteGumtreeMatcher,1075,27,493,557,0,25,0,0,12,3,0,0.5,,1400,,,,,5,,,
CompleteGumtreeMatcher,208,62,70,78,0,60,0,0,12,3,0,0.6,,1400,,,,,1,,,
CompleteGumtreeMatcher,291,51,101,141,0,49,0,0,12,3,0,0.6,,1400,,,,,2,,,
CompleteGumtreeMatcher,340,46,128,168,0,44,0,0,12,3,0,0.6,,1400,,,,,3,,,
CompleteGumtreeMatcher,610,36,256,320,0,34,0,0,15,3,0,0.6,,1400,,,,,4,,,
CompleteGumtreeMatcher,1075,27,493,557,0,25,0,0,4,3,0,0.6,,1400,,,,,5,,,
CompleteGumtreeMatcher,208,62,70,78,0,60,0,0,5,3,0,0.7,,1400,,,,,1,,,
CompleteGumtreeMatcher,291,51,101,141,0,49,0,0,4,3,0,0.7,,1400,,,,,2,,,
CompleteGumtreeMatcher,340,46,128,168,0,44,0,0,4,3,0,0.7,,1400,,,,,3,,,
CompleteGumtreeMatcher,610,36,256,320,0,34,0,0,5,3,0,0.7,,1400,,,,,4,,,
CompleteGumtreeMatcher,1075,27,493,557,0,25,0,0,7,3,0,0.7,,1400,,,,,5,,,
CompleteGumtreeMatcher,208,62,70,78,0,60,0,0,5,3,0,0.799,,1400,,,,,1,,,
CompleteGumtreeMatcher,291,51,101,141,0,49,0,0,5,3,0,0.799,,1400,,,,,2,,,
CompleteGumtreeMatcher,340,46,128,168,0,44,0,0,5,3,0,0.799,,1400,,,,,3,,,
CompleteGumtreeMatcher,610,36,256,320,0,34,0,0,5,3,0,0.799,,1400,,,,,4,,,
CompleteGumtreeMatcher,1075,27,493,557,0,25,0,0,5,3,0,0.799,,1400,,,,,5,,,
CompleteGumtreeMatcher,208,62,70,78,0,60,0,0,5,3,0,0.899,,1400,,,,,1,,,
CompleteGumtreeMatcher,291,51,101,141,0,49,0,0,7,3,0,0.899,,1400,,,,,2,,,
CompleteGumtreeMatcher,340,46,128,168,0,44,0,0,5,3,0,0.899,,1400,,,,,3,,,
CompleteGumtreeMatcher,610,36,256,320,0,34,0,0,4,3,0,0.899,,1400,,,,,4,,,
CompleteGumtreeMatcher,1075,27,493,557,0,25,0,0,4,3,0,0.899,,1400,,,,,5,,,
CompleteGumtreeMatcher,208,62,70,78,0,60,0,0,5,3,0,0.999,,1400,,,,,1,,,
CompleteGumtreeMatcher,291,51,101,141,0,49,0,0,4,3,0,0.999,,1400,,,,,2,,,
CompleteGumtreeMatcher,340,46,128,168,0,44,0,0,4,3,0,0.999,,1400,,,,,3,,,
CompleteGumtreeMatcher,610,36,256,320,0,34,0,0,4,3,0,0.999,,1400,,,,,4,,,
CompleteGumtreeMatcher,1075,27,493,557,0,25,0,0,7,3,0,0.999,,1400,,,,,5,,,
CompleteGumtreeMatcher,208,62,70,78,0,60,0,0,5,3,0,0.1,,1500,,,,,1,,,
CompleteGumtreeMatcher,291,51,101,141,0,49,0,0,4,3,0,0.1,,1500,,,,,2,,,
CompleteGumtreeMatcher,340,46,128,168,0,44,0,0,5,3,0,0.1,,1500,,,,,3,,,
CompleteGumtreeMatcher,610,36,256,320,0,34,0,0,5,3,0,0.1,,1500,,,,,4,,,
CompleteGumtreeMatcher,1075,27,493,557,0,25,0,0,5,3,0,0.1,,1500,,,,,5,,,
CompleteGumtreeMatcher,208,62,70,78,0,60,0,0,5,3,0,0.2,,1500,,,,,1,,,
CompleteGumtreeMatcher,291,51,101,141,0,49,0,0,7,3,0,0.2,,1500,,,,,2,,,
CompleteGumtreeMatcher,340,46,128,168,0,44,0,0,5,3,0,0.2,,1500,,,,,3,,,
CompleteGumtreeMatcher,610,36,256,320,0,34,0,0,4,3,0,0.2,,1500,,,,,4,,,
CompleteGumtreeMatcher,1075,27,493,557,0,25,0,0,5,3,0,0.2,,1500,,,,,5,,,
CompleteGumtreeMatcher,208,62,70,78,0,60,0,0,5,3,0,0.3,,1500,,,,,1,,,
CompleteGumtreeMatcher,291,51,101,141,0,49,0,0,4,3,0,0.3,,1500,,,,,2,,,
CompleteGumtreeMatcher,340,46,128,168,0,44,0,0,4,3,0,0.3,,1500,,,,,3,,,
CompleteGumtreeMatcher,610,36,256,320,0,34,0,0,4,3,0,0.3,,1500,,,,,4,,,
CompleteGumtreeMatcher,1075,27,493,557,0,25,0,0,7,3,0,0.3,,1500,,,,,5,,,
CompleteGumtreeMatcher,208,62,70,78,0,60,0,0,5,3,0,0.4,,1500,,,,,1,,,
CompleteGumtreeMatcher,291,51,101,141,0,49,0,0,4,3,0,0.4,,1500,,,,,2,,,
CompleteGumtreeMatcher,340,46,128,168,0,44,0,0,4,3,0,0.4,,1500,,,,,3,,,
CompleteGumtreeMatcher,610,36,256,320,0,34,0,0,6,3,0,0.4,,1500,,,,,4,,,
CompleteGumtreeMatcher,1075,27,493,557,0,25,0,0,5,3,0,0.4,,1500,,,,,5,,,
CompleteGumtreeMatcher,208,62,70,78,0,60,0,0,5,3,0,0.5,,1500,,,,,1,,,
CompleteGumtreeMatcher,291,51,101,141,0,49,0,0,4,3,0,0.5,,1500,,,,,2,,,
CompleteGumtreeMatcher,340,46,128,168,0,44,0,0,4,3,0,0.5,,1500,,,,,3,,,
CompleteGumtreeMatcher,610,36,256,320,0,34,0,0,5,3,0,0.5,,1500,,,,,4,,,
CompleteGumtreeMatcher,1075,27,493,557,0,25,0,0,5,3,0,0.5,,1500,,,,,5,,,
CompleteGumtreeMatcher,208,62,70,78,0,60,0,0,5,3,0,0.6,,1500,,,,,1,,,
CompleteGumtreeMatcher,291,51,101,141,0,49,0,0,4,3,0,0.6,,1500,,,,,2,,,
CompleteGumtreeMatcher,340,46,128,168,0,44,0,0,7,3,0,0.6,,1500,,,,,3,,,
CompleteGumtreeMatcher,610,36,256,320,0,34,0,0,4,3,0,0.6,,1500,,,,,4,,,
CompleteGumtreeMatcher,1075,27,493,557,0,25,0,0,5,3,0,0.6,,1500,,,,,5,,,
CompleteGumtreeMatcher,208,62,70,78,0,60,0,0,5,3,0,0.7,,1500,,,,,1,,,
CompleteGumtreeMatcher,291,51,101,141,0,49,0,0,5,3,0,0.7,,1500,,,,,2,,,
CompleteGumtreeMatcher,340,46,128,168,0,44,0,0,4,3,0,0.7,,1500,,,,,3,,,
CompleteGumtreeMatcher,610,36,256,320,0,34,0,0,7,3,0,0.7,,1500,,,,,4,,,
CompleteGumtreeMatcher,1075,27,493,557,0,25,0,0,4,3,0,0.7,,1500,,,,,5,,,
CompleteGumtreeMatcher,208,62,70,78,0,60,0,0,5,3,0,0.799,,1500,,,,,1,,,
CompleteGumtreeMatcher,291,51,101,141,0,49,0,0,4,3,0,0.799,,1500,,,,,2,,,
CompleteGumtreeMatcher,340,46,128,168,0,44,0,0,4,3,0,0.799,,1500,,,,,3,,,
CompleteGumtreeMatcher,610,36,256,320,0,34,0,0,4,3,0,0.799,,1500,,,,,4,,,
CompleteGumtreeMatcher,1075,27,493,557,0,25,0,0,4,3,0,0.799,,1500,,,,,5,,,
CompleteGumtreeMatcher,208,62,70,78,0,60,0,0,5,3,0,0.899,,1500,,,,,1,,,
CompleteGumtreeMatcher,291,51,101,141,0,49,0,0,5,3,0,0.899,,1500,,,,,2,,,
CompleteGumtreeMatcher,340,46,128,168,0,44,0,0,7,3,0,0.899,,1500,,,,,3,,,
CompleteGumtreeMatcher,610,36,256,320,0,34,0,0,5,3,0,0.899,,1500,,,,,4,,,
CompleteGumtreeMatcher,1075,27,493,557,0,25,0,0,5,3,0,0.899,,1500,,,,,5,,,
CompleteGumtreeMatcher,208,62,70,78,0,60,0,0,5,3,0,0.999,,1500,,,,,1,,,
CompleteGumtreeMatcher,291,51,101,141,0,49,0,0,7,3,0,0.999,,1500,,,,,2,,,
CompleteGumtreeMatcher,340,46,128,168,0,44,0,0,5,3,0,0.999,,1500,,,,,3,,,
CompleteGumtreeMatcher,610,36,256,320,0,34,0,0,4,3,0,0.999,,1500,,,,,4,,,
CompleteGumtreeMatcher,1075,27,493,557,0,25,0,0,4,3,0,0.999,,1500,,,,,5,,,
CompleteGumtreeMatcher,208,62,70,78,0,60,0,0,5,3,0,0.1,,1600,,,,,1,,,
CompleteGumtreeMatcher,291,51,101,141,0,49,0,0,4,3,0,0.1,,1600,,,,,2,,,
CompleteGumtreeMatcher,340,46,128,168,0,44,0,0,4,3,0,0.1,,1600,,,,,3,,,
CompleteGumtreeMatcher,610,36,256,320,0,34,0,0,4,3,0,0.1,,1600,,,,,4,,,
CompleteGumtreeMatcher,1075,27,493,557,0,25,0,0,5,3,0,0.1,,1600,,,,,5,,,
CompleteGumtreeMatcher,208,62,70,78,0,60,0,0,5,3,0,0.2,,1600,,,,,1,,,
CompleteGumtreeMatcher,291,51,101,141,0,49,0,0,7,3,0,0.2,,1600,,,,,2,,,
CompleteGumtreeMatcher,340,46,128,168,0,44,0,0,5,3,0,0.2,,1600,,,,,3,,,
CompleteGumtreeMatcher,610,36,256,320,0,34,0,0,4,3,0,0.2,,1600,,,,,4,,,
CompleteGumtreeMatcher,1075,27,493,557,0,25,0,0,5,3,0,0.2,,1600,,,,,5,,,
CompleteGumtreeMatcher,208,62,70,78,0,60,0,0,5,3,0,0.3,,1600,,,,,1,,,
CompleteGumtreeMatcher,291,51,101,141,0,49,0,0,7,3,0,0.3,,1600,,,,,2,,,
CompleteGumtreeMatcher,340,46,128,168,0,44,0,0,5,3,0,0.3,,1600,,,,,3,,,
CompleteGumtreeMatcher,610,36,256,320,0,34,0,0,5,3,0,0.3,,1600,,,,,4,,,
CompleteGumtreeMatcher,1075,27,493,557,0,25,0,0,5,3,0,0.3,,1600,,,,,5,,,
CompleteGumtreeMatcher,208,62,70,78,0,60,0,0,5,3,0,0.4,,1600,,,,,1,,,
CompleteGumtreeMatcher,291,51,101,141,0,49,0,0,4,3,0,0.4,,1600,,,,,2,,,
CompleteGumtreeMatcher,340,46,128,168,0,44,0,0,4,3,0,0.4,,1600,,,,,3,,,
CompleteGumtreeMatcher,610,36,256,320,0,34,0,0,5,3,0,0.4,,1600,,,,,4,,,
CompleteGumtreeMatcher,1075,27,493,557,0,25,0,0,4,3,0,0.4,,1600,,,,,5,,,
CompleteGumtreeMatcher,208,62,70,78,0,60,0,0,5,3,0,0.5,,1600,,,,,1,,,
CompleteGumtreeMatcher,291,51,101,141,0,49,0,0,7,3,0,0.5,,1600,,,,,2,,,
CompleteGumtreeMatcher,340,46,128,168,0,44,0,0,4,3,0,0.5,,1600,,,,,3,,,
CompleteGumtreeMatcher,610,36,256,320,0,34,0,0,4,3,0,0.5,,1600,,,,,4,,,
CompleteGumtreeMatcher,1075,27,493,557,0,25,0,0,7,3,0,0.5,,1600,,,,,5,,,
CompleteGumtreeMatcher,208,62,70,78,0,60,0,0,5,3,0,0.6,,1600,,,,,1,,,
CompleteGumtreeMatcher,291,51,101,141,0,49,0,0,4,3,0,0.6,,1600,,,,,2,,,
CompleteGumtreeMatcher,340,46,128,168,0,44,0,0,4,3,0,0.6,,1600,,,,,3,,,
CompleteGumtreeMatcher,610,36,256,320,0,34,0,0,4,3,0,0.6,,1600,,,,,4,,,
CompleteGumtreeMatcher,1075,27,493,557,0,25,0,0,5,3,0,0.6,,1600,,,,,5,,,
CompleteGumtreeMatcher,208,62,70,78,0,60,0,0,5,3,0,0.7,,1600,,,,,1,,,
CompleteGumtreeMatcher,291,51,101,141,0,49,0,0,5,3,0,0.7,,1600,,,,,2,,,
CompleteGumtreeMatcher,340,46,128,168,0,44,0,0,4,3,0,0.7,,1600,,,,,3,,,
CompleteGumtreeMatcher,610,36,256,320,0,34,0,0,6,3,0,0.7,,1600,,,,,4,,,
CompleteGumtreeMatcher,1075,27,493,557,0,25,0,0,5,3,0,0.7,,1600,,,,,5,,,
CompleteGumtreeMatcher,208,62,70,78,0,60,0,0,5,3,0,0.799,,1600,,,,,1,,,
CompleteGumtreeMatcher,291,51,101,141,0,49,0,0,5,3,0,0.799,,1600,,,,,2,,,
CompleteGumtreeMatcher,340,46,128,168,0,44,0,0,4,3,0,0.799,,1600,,,,,3,,,
CompleteGumtreeMatcher,610,36,256,320,0,34,0,0,4,3,0,0.799,,1600,,,,,4,,,
CompleteGumtreeMatcher,1075,27,493,557,0,25,0,0,7,3,0,0.799,,1600,,,,,5,,,
CompleteGumtreeMatcher,208,62,70,78,0,60,0,0,5,3,0,0.899,,1600,,,,,1,,,
CompleteGumtreeMatcher,291,51,101,141,0,49,0,0,4,3,0,0.899,,1600,,,,,2,,,
CompleteGumtreeMatcher,340,46,128,168,0,44,0,0,5,3,0,0.899,,1600,,,,,3,,,
CompleteGumtreeMatcher,610,36,256,320,0,34,0,0,4,3,0,0.899,,1600,,,,,4,,,
CompleteGumtreeMatcher,1075,27,493,557,0,25,0,0,5,3,0,0.899,,1600,,,,,5,,,
CompleteGumtreeMatcher,208,62,70,78,0,60,0,0,5,3,0,0.999,,1600,,,,,1,,,
CompleteGumtreeMatcher,291,51,101,141,0,49,0,0,5,3,0,0.999,,1600,,,,,2,,,
CompleteGumtreeMatcher,340,46,128,168,0,44,0,0,5,3,0,0.999,,1600,,,,,3,,,
CompleteGumtreeMatcher,610,36,256,320,0,34,0,0,6,3,0,0.999,,1600,,,,,4,,,
CompleteGumtreeMatcher,1075,27,493,557,0,25,0,0,5,3,0,0.999,,1600,,,,,5,,,
CompleteGumtreeMatcher,208,62,70,78,0,60,0,0,5,3,0,0.1,,1700,,,,,1,,,
CompleteGumtreeMatcher,291,51,101,141,0,49,0,0,4,3,0,0.1,,1700,,,,,2,,,
CompleteGumtreeMatcher,340,46,128,168,0,44,0,0,5,3,0,0.1,,1700,,,,,3,,,
CompleteGumtreeMatcher,610,36,256,320,0,34,0,0,6,3,0,0.1,,1700,,,,,4,,,
CompleteGumtreeMatcher,1075,27,493,557,0,25,0,0,4,3,0,0.1,,1700,,,,,5,,,
CompleteGumtreeMatcher,208,62,70,78,0,60,0,0,5,3,0,0.2,,1700,,,,,1,,,
CompleteGumtreeMatcher,291,51,101,141,0,49,0,0,5,3,0,0.2,,1700,,,,,2,,,
CompleteGumtreeMatcher,340,46,128,168,0,44,0,0,4,3,0,0.2,,1700,,,,,3,,,
CompleteGumtreeMatcher,610,36,256,320,0,34,0,0,4,3,0,0.2,,1700,,,,,4,,,
CompleteGumtreeMatcher,1075,27,493,557,0,25,0,0,5,3,0,0.2,,1700,,,,,5,,,
CompleteGumtreeMatcher,208,62,70,78,0,60,0,0,5,3,0,0.3,,1700,,,,,1,,,
CompleteGumtreeMatcher,291,51,101,141,0,49,0,0,7,3,0,0.3,,1700,,,,,2,,,
CompleteGumtreeMatcher,340,46,128,168,0,44,0,0,4,3,0,0.3,,1700,,,,,3,,,
CompleteGumtreeMatcher,610,36,256,320,0,34,0,0,5,3,0,0.3,,1700,,,,,4,,,
CompleteGumtreeMatcher,1075,27,493,557,0,25,0,0,4,3,0,0.3,,1700,,,,,5,,,
CompleteGumtreeMatcher,208,62,70,78,0,60,0,0,5,3,0,0.4,,1700,,,,,1,,,
CompleteGumtreeMatcher,291,51,101,141,0,49,0,0,5,3,0,0.4,,1700,,,,,2,,,
CompleteGumtreeMatcher,340,46,128,168,0,44,0,0,5,3,0,0.4,,1700,,,,,3,,,
CompleteGumtreeMatcher,610,36,256,320,0,34,0,0,7,3,0,0.4,,1700,,,,,4,,,
CompleteGumtreeMatcher,1075,27,493,557,0,25,0,0,4,3,0,0.4,,1700,,,,,5,,,
CompleteGumtreeMatcher,208,62,70,78,0,60,0,0,5,3,0,0.5,,1700,,,,,1,,,
CompleteGumtreeMatcher,291,51,101,141,0,49,0,0,4,3,0,0.5,,1700,,,,,2,,,
CompleteGumtreeMatcher,340,46,128,168,0,44,0,0,4,3,0,0.5,,1700,,,,,3,,,
CompleteGumtreeMatcher,610,36,256,320,0,34,0,0,4,3,0,0.5,,1700,,,,,4,,,
CompleteGumtreeMatcher,1075,27,493,557,0,25,0,0,4,3,0,0.5,,1700,,,,,5,,,
CompleteGumtreeMatcher,208,62,70,78,0,60,0,0,5,3,0,0.6,,1700,,,,,1,,,
CompleteGumtreeMatcher,291,51,101,141,0,49,0,0,7,3,0,0.6,,1700,,,,,2,,,
CompleteGumtreeMatcher,340,46,128,168,0,44,0,0,4,3,0,0.6,,1700,,,,,3,,,
CompleteGumtreeMatcher,610,36,256,320,0,34,0,0,4,3,0,0.6,,1700,,,,,4,,,
CompleteGumtreeMatcher,1075,27,493,557,0,25,0,0,5,3,0,0.6,,1700,,,,,5,,,
CompleteGumtreeMatcher,208,62,70,78,0,60,0,0,5,3,0,0.7,,1700,,,,,1,,,
CompleteGumtreeMatcher,291,51,101,141,0,49,0,0,4,3,0,0.7,,1700,,,,,2,,,
CompleteGumtreeMatcher,340,46,128,168,0,44,0,0,7,3,0,0.7,,1700,,,,,3,,,
CompleteGumtreeMatcher,610,36,256,320,0,34,0,0,4,3,0,0.7,,1700,,,,,4,,,
CompleteGumtreeMatcher,1075,27,493,557,0,25,0,0,4,3,0,0.7,,1700,,,,,5,,,
CompleteGumtreeMatcher,208,62,70,78,0,60,0,0,5,3,0,0.799,,1700,,,,,1,,,
CompleteGumtreeMatcher,291,51,101,141,0,49,0,0,5,3,0,0.799,,1700,,,,,2,,,
CompleteGumtreeMatcher,340,46,128,168,0,44,0,0,4,3,0,0.799,,1700,,,,,3,,,
CompleteGumtreeMatcher,610,36,256,320,0,34,0,0,7,3,0,0.799,,1700,,,,,4,,,
CompleteGumtreeMatcher,1075,27,493,557,0,25,0,0,5,3,0,0.799,,1700,,,,,5,,,
CompleteGumtreeMatcher,208,62,70,78,0,60,0,0,5,3,0,0.899,,1700,,,,,1,,,
CompleteGumtreeMatcher,291,51,101,141,0,49,0,0,4,3,0,0.899,,1700,,,,,2,,,
CompleteGumtreeMatcher,340,46,128,168,0,44,0,0,5,3,0,0.899,,1700,,,,,3,,,
CompleteGumtreeMatcher,610,36,256,320,0,34,0,0,5,3,0,0.899,,1700,,,,,4,,,
CompleteGumtreeMatcher,1075,27,493,557,0,25,0,0,4,3,0,0.899,,1700,,,,,5,,,
CompleteGumtreeMatcher,208,62,70,78,0,60,0,0,5,3,0,0.999,,1700,,,,,1,,,
CompleteGumtreeMatcher,291,51,101,141,0,49,0,0,7,3,0,0.999,,1700,,,,,2,,,
CompleteGumtreeMatcher,340,46,128,168,0,44,0,0,5,3,0,0.999,,1700,,,,,3,,,
CompleteGumtreeMatcher,610,36,256,320,0,34,0,0,4,3,0,0.999,,1700,,,,,4,,,
CompleteGumtreeMatcher,1075,27,493,557,0,25,0,0,5,3,0,0.999,,1700,,,,,5,,,
CompleteGumtreeMatcher,208,62,70,78,0,60,0,0,5,3,0,0.1,,1800,,,,,1,,,
CompleteGumtreeMatcher,291,51,101,141,0,49,0,0,4,3,0,0.1,,1800,,,,,2,,,
CompleteGumtreeMatcher,340,46,128,168,0,44,0,0,4,3,0,0.1,,1800,,,,,3,,,
CompleteGumtreeMatcher,610,36,256,320,0,34,0,0,7,3,0,0.1,,1800,,,,,4,,,
CompleteGumtreeMatcher,1075,27,493,557,0,25,0,0,5,3,0,0.1,,1800,,,,,5,,,
CompleteGumtreeMatcher,208,62,70,78,0,60,0,0,5,3,0,0.2,,1800,,,,,1,,,
CompleteGumtreeMatcher,291,51,101,141,0,49,0,0,4,3,0,0.2,,1800,,,,,2,,,
CompleteGumtreeMatcher,340,46,128,168,0,44,0,0,5,3,0,0.2,,1800,,,,,3,,,
CompleteGumtreeMatcher,610,36,256,320,0,34,0,0,4,3,0,0.2,,1800,,,,,4,,,
CompleteGumtreeMatcher,1075,27,493,557,0,25,0,0,7,3,0,0.2,,1800,,,,,5,,,
CompleteGumtreeMatcher,208,62,70,78,0,60,0,0,5,3,0,0.3,,1800,,,,,1,,,
CompleteGumtreeMatcher,291,51,101,141,0,49,0,0,5,3,0,0.3,,1800,,,,,2,,,
CompleteGumtreeMatcher,340,46,128,168,0,44,0,0,4,3,0,0.3,,1800,,,,,3,,,
CompleteGumtreeMatcher,610,36,256,320,0,34,0,0,4,3,0,0.3,,1800,,,,,4,,,
CompleteGumtreeMatcher,1075,27,493,557,0,25,0,0,5,3,0,0.3,,1800,,,,,5,,,
CompleteGumtreeMatcher,208,62,70,78,0,60,0,0,5,3,0,0.4,,1800,,,,,1,,,
CompleteGumtreeMatcher,291,51,101,141,0,49,0,0,4,3,0,0.4,,1800,,,,,2,,,
CompleteGumtreeMatcher,340,46,128,168,0,44,0,0,6,3,0,0.4,,1800,,,,,3,,,
CompleteGumtreeMatcher,610,36,256,320,0,34,0,0,4,3,0,0.4,,1800,,,,,4,,,
CompleteGumtreeMatcher,1075,27,493,557,0,25,0,0,4,3,0,0.4,,1800,,,,,5,,,
CompleteGumtreeMatcher,208,62,70,78,0,60,0,0,5,3,0,0.5,,1800,,,,,1,,,
CompleteGumtreeMatcher,291,51,101,141,0,49,0,0,5,3,0,0.5,,1800,,,,,2,,,
CompleteGumtreeMatcher,340,46,128,168,0,44,0,0,5,3,0,0.5,,1800,,,,,3,,,
CompleteGumtreeMatcher,610,36,256,320,0,34,0,0,13,3,0,0.5,,1800,,,,,4,,,
CompleteGumtreeMatcher,1075,27,493,557,0,25,0,0,5,3,0,0.5,,1800,,,,,5,,,
CompleteGumtreeMatcher,208,62,70,78,0,60,0,0,5,3,0,0.6,,1800,,,,,1,,,
CompleteGumtreeMatcher,291,51,101,141,0,49,0,0,4,3,0,0.6,,1800,,,,,2,,,
CompleteGumtreeMatcher,340,46,128,168,0,44,0,0,5,3,0,0.6,,1800,,,,,3,,,
CompleteGumtreeMatcher,610,36,256,320,0,34,0,0,11,3,0,0.6,,1800,,,,,4,,,
CompleteGumtreeMatcher,1075,27,493,557,0,25,0,0,11,3,0,0.6,,1800,,,,,5,,,
CompleteGumtreeMatcher,208,62,70,78,0,60,0,0,11,3,0,0.7,,1800,,,,,1,,,
CompleteGumtreeMatcher,291,51,101,141,0,49,0,0,13,3,0,0.7,,1800,,,,,2,,,
CompleteGumtreeMatcher,340,46,128,168,0,44,0,0,10,3,0,0.7,,1800,,,,,3,,,
CompleteGumtreeMatcher,610,36,256,320,0,34,0,0,10,3,0,0.7,,1800,,,,,4,,,
CompleteGumtreeMatcher,1075,27,493,557,0,25,0,0,11,3,0,0.7,,1800,,,,,5,,,
CompleteGumtreeMatcher,208,62,70,78,0,60,0,0,11,3,0,0.799,,1800,,,,,1,,,
CompleteGumtreeMatcher,291,51,101,141,0,49,0,0,10,3,0,0.799,,1800,,,,,2,,,
CompleteGumtreeMatcher,340,46,128,168,0,44,0,0,4,3,0,0.799,,1800,,,,,3,,,
CompleteGumtreeMatcher,610,36,256,320,0,34,0,0,7,3,0,0.799,,1800,,,,,4,,,
CompleteGumtreeMatcher,1075,27,493,557,0,25,0,0,4,3,0,0.799,,1800,,,,,5,,,
CompleteGumtreeMatcher,208,62,70,78,0,60,0,0,5,3,0,0.899,,1800,,,,,1,,,
CompleteGumtreeMatcher,291,51,101,141,0,49,0,0,4,3,0,0.899,,1800,,,,,2,,,
CompleteGumtreeMatcher,340,46,128,168,0,44,0,0,5,3,0,0.899,,1800,,,,,3,,,
CompleteGumtreeMatcher,610,36,256,320,0,34,0,0,5,3,0,0.899,,1800,,,,,4,,,
CompleteGumtreeMatcher,1075,27,493,557,0,25,0,0,5,3,0,0.899,,1800,,,,,5,,,
CompleteGumtreeMatcher,208,62,70,78,0,60,0,0,5,3,0,0.999,,1800,,,,,1,,,
CompleteGumtreeMatcher,291,51,101,141,0,49,0,0,6,3,0,0.999,,1800,,,,,2,,,
CompleteGumtreeMatcher,340,46,128,168,0,44,0,0,5,3,0,0.999,,1800,,,,,3,,,
CompleteGumtreeMatcher,610,36,256,320,0,34,0,0,5,3,0,0.999,,1800,,,,,4,,,
CompleteGumtreeMatcher,1075,27,493,557,0,25,0,0,5,3,0,0.999,,1800,,,,,5,,,
CompleteGumtreeMatcher,208,62,70,78,0,60,0,0,5,3,0,0.1,,1900,,,,,1,,,
CompleteGumtreeMatcher,291,51,101,141,0,49,0,0,7,3,0,0.1,,1900,,,,,2,,,
CompleteGumtreeMatcher,340,46,128,168,0,44,0,0,4,3,0,0.1,,1900,,,,,3,,,
CompleteGumtreeMatcher,610,36,256,320,0,34,0,0,4,3,0,0.1,,1900,,,,,4,,,
CompleteGumtreeMatcher,1075,27,493,557,0,25,0,0,5,3,0,0.1,,1900,,,,,5,,,
CompleteGumtreeMatcher,208,62,70,78,0,60,0,0,4,3,0,0.2,,1900,,,,,1,,,
CompleteGumtreeMatcher,291,51,101,141,0,49,0,0,4,3,0,0.2,,1900,,,,,2,,,
CompleteGumtreeMatcher,340,46,128,168,0,44,0,0,4,3,0,0.2,,1900,,,,,3,,,
CompleteGumtreeMatcher,610,36,256,320,0,34,0,0,7,3,0,0.2,,1900,,,,,4,,,
CompleteGumtreeMatcher,1075,27,493,557,0,25,0,0,4,3,0,0.2,,1900,,,,,5,,,
CompleteGumtreeMatcher,208,62,70,78,0,60,0,0,5,3,0,0.3,,1900,,,,,1,,,
CompleteGumtreeMatcher,291,51,101,141,0,49,0,0,5,3,0,0.3,,1900,,,,,2,,,
CompleteGumtreeMatcher,340,46,128,168,0,44,0,0,4,3,0,0.3,,1900,,,,,3,,,
CompleteGumtreeMatcher,610,36,256,320,0,34,0,0,4,3,0,0.3,,1900,,,,,4,,,
CompleteGumtreeMatcher,1075,27,493,557,0,25,0,0,5,3,0,0.3,,1900,,,,,5,,,
CompleteGumtreeMatcher,208,62,70,78,0,60,0,0,5,3,0,0.4,,1900,,,,,1,,,
CompleteGumtreeMatcher,291,51,101,141,0,49,0,0,6,3,0,0.4,,1900,,,,,2,,,
CompleteGumtreeMatcher,340,46,128,168,0,44,0,0,5,3,0,0.4,,1900,,,,,3,,,
CompleteGumtreeMatcher,610,36,256,320,0,34,0,0,5,3,0,0.4,,1900,,,,,4,,,
CompleteGumtreeMatcher,1075,27,493,557,0,25,0,0,4,3,0,0.4,,1900,,,,,5,,,
CompleteGumtreeMatcher,208,62,70,78,0,60,0,0,5,3,0,0.5,,1900,,,,,1,,,
CompleteGumtreeMatcher,291,51,101,141,0,49,0,0,5,3,0,0.5,,1900,,,,,2,,,
CompleteGumtreeMatcher,340,46,128,168,0,44,0,0,4,3,0,0.5,,1900,,,,,3,,,
CompleteGumtreeMatcher,610,36,256,320,0,34,0,0,7,3,0,0.5,,1900,,,,,4,,,
CompleteGumtreeMatcher,1075,27,493,557,0,25,0,0,5,3,0,0.5,,1900,,,,,5,,,
CompleteGumtreeMatcher,208,62,70,78,0,60,0,0,5,3,0,0.6,,1900,,,,,1,,,
CompleteGumtreeMatcher,291,51,101,141,0,49,0,0,4,3,0,0.6,,1900,,,,,2,,,
CompleteGumtreeMatcher,340,46,128,168,0,44,0,0,4,3,0,0.6,,1900,,,,,3,,,
CompleteGumtreeMatcher,610,36,256,320,0,34,0,0,7,3,0,0.6,,1900,,,,,4,,,
CompleteGumtreeMatcher,1075,27,493,557,0,25,0,0,5,3,0,0.6,,1900,,,,,5,,,
CompleteGumtreeMatcher,208,62,70,78,0,60,0,0,5,3,0,0.7,,1900,,,,,1,,,
CompleteGumtreeMatcher,291,51,101,141,0,49,0,0,5,3,0,0.7,,1900,,,,,2,,,
CompleteGumtreeMatcher,340,46,128,168,0,44,0,0,5,3,0,0.7,,1900,,,,,3,,,
CompleteGumtreeMatcher,610,36,256,320,0,34,0,0,4,3,0,0.7,,1900,,,,,4,,,
CompleteGumtreeMatcher,1075,27,493,557,0,25,0,0,5,3,0,0.7,,1900,,,,,5,,,
CompleteGumtreeMatcher,208,62,70,78,0,60,0,0,5,3,0,0.799,,1900,,,,,1,,,
CompleteGumtreeMatcher,291,51,101,141,0,49,0,0,7,3,0,0.799,,1900,,,,,2,,,
CompleteGumtreeMatcher,340,46,128,168,0,44,0,0,5,3,0,0.799,,1900,,,,,3,,,
CompleteGumtreeMatcher,610,36,256,320,0,34,0,0,4,3,0,0.799,,1900,,,,,4,,,
CompleteGumtreeMatcher,1075,27,493,557,0,25,0,0,4,3,0,0.799,,1900,,,,,5,,,
CompleteGumtreeMatcher,208,62,70,78,0,60,0,0,5,3,0,0.899,,1900,,,,,1,,,
CompleteGumtreeMatcher,291,51,101,141,0,49,0,0,4,3,0,0.899,,1900,,,,,2,,,
CompleteGumtreeMatcher,340,46,128,168,0,44,0,0,4,3,0,0.899,,1900,,,,,3,,,
CompleteGumtreeMatcher,610,36,256,320,0,34,0,0,7,3,0,0.899,,1900,,,,,4,,,
CompleteGumtreeMatcher,1075,27,493,557,0,25,0,0,4,3,0,0.899,,1900,,,,,5,,,
CompleteGumtreeMatcher,208,62,70,78,0,60,0,0,5,3,0,0.999,,1900,,,,,1,,,
CompleteGumtreeMatcher,291,51,101,141,0,49,0,0,4,3,0,0.999,,1900,,,,,2,,,
CompleteGumtreeMatcher,340,46,128,168,0,44,0,0,5,3,0,0.999,,1900,,,,,3,,,
CompleteGumtreeMatcher,610,36,256,320,0,34,0,0,4,3,0,0.999,,1900,,,,,4,,,
CompleteGumtreeMatcher,1075,27,493,557,0,25,0,0,5,3,0,0.999,,1900,,,,,5,,,
CompleteGumtreeMatcher,208,62,70,78,0,60,0,0,5,3,0,0.1,,2000,,,,,1,,,
CompleteGumtreeMatcher,291,51,101,141,0,49,0,0,7,3,0,0.1,,2000,,,,,2,,,
CompleteGumtreeMatcher,340,46,128,168,0,44,0,0,5,3,0,0.1,,2000,,,,,3,,,
CompleteGumtreeMatcher,610,36,256,320,0,34,0,0,5,3,0,0.1,,2000,,,,,4,,,
CompleteGumtreeMatcher,1075,27,493,557,0,25,0,0,5,3,0,0.1,,2000,,,,,5,,,
CompleteGumtreeMatcher,208,62,70,78,0,60,0,0,5,3,0,0.2,,2000,,,,,1,,,
CompleteGumtreeMatcher,291,51,101,141,0,49,0,0,4,3,0,0.2,,2000,,,,,2,,,
CompleteGumtreeMatcher,340,46,128,168,0,44,0,0,7,3,0,0.2,,2000,,,,,3,,,
CompleteGumtreeMatcher,610,36,256,320,0,34,0,0,4,3,0,0.2,,2000,,,,,4,,,
CompleteGumtreeMatcher,1075,27,493,557,0,25,0,0,5,3,0,0.2,,2000,,,,,5,,,
CompleteGumtreeMatcher,208,62,70,78,0,60,0,0,5,3,0,0.3,,2000,,,,,1,,,
CompleteGumtreeMatcher,291,51,101,141,0,49,0,0,4,3,0,0.3,,2000,,,,,2,,,
CompleteGumtreeMatcher,340,46,128,168,0,44,0,0,4,3,0,0.3,,2000,,,,,3,,,
CompleteGumtreeMatcher,610,36,256,320,0,34,0,0,4,3,0,0.3,,2000,,,,,4,,,
CompleteGumtreeMatcher,1075,27,493,557,0,25,0,0,7,3,0,0.3,,2000,,,,,5,,,
CompleteGumtreeMatcher,208,62,70,78,0,60,0,0,5,3,0,0.4,,2000,,,,,1,,,
CompleteGumtreeMatcher,291,51,101,141,0,49,0,0,5,3,0,0.4,,2000,,,,,2,,,
CompleteGumtreeMatcher,340,46,128,168,0,44,0,0,4,3,0,0.4,,2000,,,,,3,,,
CompleteGumtreeMatcher,610,36,256,320,0,34,0,0,4,3,0,0.4,,2000,,,,,4,,,
CompleteGumtreeMatcher,1075,27,493,557,0,25,0,0,5,3,0,0.4,,2000,,,,,5,,,
CompleteGumtreeMatcher,208,62,70,78,0,60,0,0,8,3,0,0.5,,2000,,,,,1,,,
CompleteGumtreeMatcher,291,51,101,141,0,49,0,0,4,3,0,0.5,,2000,,,,,2,,,
CompleteGumtreeMatcher,340,46,128,168,0,44,0,0,5,3,0,0.5,,2000,,,,,3,,,
CompleteGumtreeMatcher,610,36,256,320,0,34,0,0,5,3,0,0.5,,2000,,,,,4,,,
CompleteGumtreeMatcher,1075,27,493,557,0,25,0,0,4,3,0,0.5,,2000,,,,,5,,,
CompleteGumtreeMatcher,208,62,70,78,0,60,0,0,5,3,0,0.6,,2000,,,,,1,,,
CompleteGumtreeMatcher,291,51,101,141,0,49,0,0,5,3,0,0.6,,2000,,,,,2,,,
CompleteGumtreeMatcher,340,46,128,168,0,44,0,0,4,3,0,0.6,,2000,,,,,3,,,
CompleteGumtreeMatcher,610,36,256,320,0,34,0,0,4,3,0,0.6,,2000,,,,,4,,,
CompleteGumtreeMatcher,1075,27,493,557,0,25,0,0,7,3,0,0.6,,2000,,,,,5,,,
CompleteGumtreeMatcher,208,62,70,78,0,60,0,0,5,3,0,0.7,,2000,,,,,1,,,
CompleteGumtreeMatcher,291,51,101,141,0,49,0,0,4,3,0,0.7,,2000,,,,,2,,,
CompleteGumtreeMatcher,340,46,128,168,0,44,0,0,4,3,0,0.7,,2000,,,,,3,,,
CompleteGumtreeMatcher,610,36,256,320,0,34,0,0,4,3,0,0.7,,2000,,,,,4,,,
CompleteGumtreeMatcher,1075,27,493,557,0,25,0,0,4,3,0,0.7,,2000,,,,,5,,,
CompleteGumtreeMatcher,208,62,70,78,0,60,0,0,5,3,0,0.799,,2000,,,,,1,,,
CompleteGumtreeMatcher,291,51,101,141,0,49,0,0,4,3,0,0.799,,2000,,,,,2,,,
CompleteGumtreeMatcher,340,46,128,168,0,44,0,0,6,3,0,0.799,,2000,,,,,3,,,
CompleteGumtreeMatcher,610,36,256,320,0,34,0,0,5,3,0,0.799,,2000,,,,,4,,,
CompleteGumtreeMatcher,1075,27,493,557,0,25,0,0,5,3,0,0.799,,2000,,,,,5,,,
CompleteGumtreeMatcher,208,62,70,78,0,60,0,0,5,3,0,0.899,,2000,,,,,1,,,
CompleteGumtreeMatcher,291,51,101,141,0,49,0,0,5,3,0,0.899,,2000,,,,,2,,,
CompleteGumtreeMatcher,340,46,128,168,0,44,0,0,4,3,0,0.899,,2000,,,,,3,,,
CompleteGumtreeMatcher,610,36,256,320,0,34,0,0,5,3,0,0.899,,2000,,,,,4,,,
CompleteGumtreeMatcher,1075,27,493,557,0,25,0,0,7,3,0,0.899,,2000,,,,,5,,,
CompleteGumtreeMatcher,208,62,70,78,0,60,0,0,5,3,0,0.999,,2000,,,,,1,,,
CompleteGumtreeMatcher,291,51,101,141,0,49,0,0,5,3,0,0.999,,2000,,,,,2,,,
CompleteGumtreeMatcher,340,46,128,168,0,44,0,0,4,3,0,0.999,,2000,,,,,3,,,
CompleteGumtreeMatcher,610,36,256,320,0,34,0,0,4,3,0,0.999,,2000,,,,,4,,,
CompleteGumtreeMatcher,1075,27,493,557,0,25,0,0,5,3,0,0.999,,2000,,,,,5,,,
ChangeDistiller,2330,1942,298,362,864,806,0,0,38674,4,0,,,,0.1,2,0.2,0.1,,,,
ChangeDistiller,2257,1957,255,319,870,813,0,0,38654,4,0,,,,0.1,4,0.2,0.1,,,,
ChangeDistiller,2246,1955,249,313,871,813,0,0,38530,4,0,,,,0.1,6,0.2,0.1,,,,
ChangeDistiller,1651,1538,138,202,645,666,0,0,27976,4,0,,,,0.3,2,0.2,0.1,,,,
ChangeDistiller,1642,1535,134,198,644,666,0,0,14392,4,0,,,,0.3,4,0.2,0.1,,,,
ChangeDistiller,1648,1521,144,208,644,652,0,0,14397,4,0,,,,0.3,6,0.2,0.1,,,,
ChangeDistiller,1135,1007,95,159,458,423,0,0,11125,4,0,,,,0.5,2,0.2,0.1,,,,
ChangeDistiller,1129,1001,95,159,456,419,0,0,11125,4,0,,,,0.5,4,0.2,0.1,,,,
ChangeDistiller,1129,1001,95,159,456,419,0,0,21365,4,0,,,,0.5,6,0.2,0.1,,,,
ChangeDistiller,557,493,28,92,232,205,0,0,15262,4,0,,,,0.7,2,0.2,0.1,,,,
ChangeDistiller,557,493,28,92,232,205,0,0,7927,4,0,,,,0.7,4,0.2,0.1,,,,
ChangeDistiller,557,493,28,92,232,205,0,0,7928,4,0,,,,0.7,6,0.2,0.1,,,,
ChangeDistiller,140,82,4,68,24,44,0,0,5504,4,0,,,,0.899,2,0.2,0.1,,,,
ChangeDistiller,140,82,4,68,24,44,0,0,5500,4,0,,,,0.899,4,0.2,0.1,,,,
ChangeDistiller,140,82,4,68,24,44,0,0,10769,4,0,,,,0.899,6,0.2,0.1,,,,
ChangeDistiller,2506,1987,341,405,871,889,0,0,42016,4,0,,,,0.1,4,0.4,0.1,,,,
ChangeDistiller,2467,1989,322,386,872,887,0,0,42109,4,0,,,,0.1,6,0.4,0.1,,,,
ChangeDistiller,1837,1600,195,259,642,741,0,0,15462,4,0,,,,0.3,2,0.4,0.1,,,,
ChangeDistiller,1781,1577,173,237,644,727,0,0,31351,4,0,,,,0.3,4,0.4,0.1,,,,
ChangeDistiller,1777,1581,169,233,644,731,0,0,31981,4,0,,,,0.3,6,0.4,0.1,,,,
ChangeDistiller,1250,1040,135,199,457,459,0,0,24732,4,0,,,,0.5,2,0.4,0.1,,,,
ChangeDistiller,1214,1018,123,187,457,447,0,0,12763,4,0,,,,0.5,4,0.4,0.1,,,,
ChangeDistiller,1202,1015,119,183,456,444,0,0,13131,4,0,,,,0.5,6,0.4,0.1,,,,
ChangeDistiller,599,506,43,107,232,217,0,0,9167,4,0,,,,0.7,2,0.4,0.1,,,,
ChangeDistiller,557,493,28,92,232,205,0,0,9195,4,0,,,,0.7,4,0.4,0.1,,,,
ChangeDistiller,557,493,28,92,232,205,0,0,9716,4,0,,,,0.7,6,0.4,0.1,,,,
ChangeDistiller,134,74,4,68,24,38,0,0,6753,4,0,,,,0.899,2,0.4,0.1,,,,
ChangeDistiller,140,82,4,68,24,44,0,0,6877,4,0,,,,0.899,4,0.4,0.1,,,,
ChangeDistiller,140,82,4,68,24,44,0,0,6602,4,0,,,,0.899,6,0.4,0.1,,,,
ChangeDistiller,2962,1992,513,577,855,1017,0,0,85686,4,0,,,,0.1,2,0.6,0.1,,,,
ChangeDistiller,2780,2027,420,484,872,1004,0,0,85678,4,0,,,,0.1,4,0.6,0.1,,,,
ChangeDistiller,2735,2024,401,465,872,997,0,0,45582,4,0,,,,0.1,6,0.6,0.1,,,,
ChangeDistiller,2313,1628,393,457,638,825,0,0,16340,4,0,,,,0.3,2,0.6,0.1,,,,
ChangeDistiller,2158,1628,314,378,646,820,0,0,16305,4,0,,,,0.3,4,0.6,0.1,,,,
ChangeDistiller,2097,1624,290,354,644,809,0,0,33275,4,0,,,,0.3,6,0.6,0.1,,,,
ChangeDistiller,1497,1143,210,274,456,557,0,0,12520,4,0,,,,0.5,2,0.6,0.1,,,,
ChangeDistiller,1347,1095,151,215,457,524,0,0,12479,4,0,,,,0.5,4,0.6,0.1,,,,
ChangeDistiller,1315,1085,142,206,456,511,0,0,12466,4,0,,,,0.5,6,0.6,0.1,,,,
ChangeDistiller,837,611,115,179,232,311,0,0,8938,4,0,,,,0.7,2,0.6,0.1,,,,
ChangeDistiller,683,552,62,126,232,263,0,0,9865,4,0,,,,0.7,4,0.6,0.1,,,,
ChangeDistiller,668,546,58,122,232,256,0,0,9846,4,0,,,,0.7,6,0.6,0.1,,,,
ChangeDistiller,157,91,7,71,24,55,0,0,6786,4,0,,,,0.899,2,0.6,0.1,,,,
ChangeDistiller,163,99,7,71,24,61,0,0,7122,4,0,,,,0.899,4,0.6,0.1,,,,
ChangeDistiller,163,99,7,71,24,61,0,0,7118,4,0,,,,0.899,6,0.6,0.1,,,,
ChangeDistiller,3025,1933,533,582,855,1055,0,0,48537,4,0,,,,0.1,2,0.8,0.1,,,,
ChangeDistiller,2809,1956,435,451,872,1051,0,0,48249,4,0,,,,0.1,4,0.8,0.1,,,,
ChangeDistiller,2731,1947,408,412,872,1039,0,0,48438,4,0,,,,0.1,6,0.8,0.1,,,,
ChangeDistiller,2564,1631,453,501,639,971,0,0,18762,4,0,,,,0.3,2,0.8,0.1,,,,
ChangeDistiller,2365,1723,358,422,646,939,0,0,18742,4,0,,,,0.3,4,0.8,0.1,,,,
ChangeDistiller,2273,1709,322,386,644,921,0,0,18804,4,0,,,,0.3,6,0.8,0.1,,,,
ChangeDistiller,1990,1343,352,416,458,764,0,0,27832,4,0,,,,0.5,2,0.8,0.1,,,,
ChangeDistiller,1730,1294,248,312,458,712,0,0,13779,4,0,,,,0.5,4,0.8,0.1,,,,
ChangeDistiller,1690,1279,237,301,457,695,0,0,13795,4,0,,,,0.5,6,0.8,0.1,,,,
ChangeDistiller,1186,804,202,266,234,484,0,0,9340,4,0,,,,0.7,2,0.8,0.1,,,,
ChangeDistiller,967,708,135,199,232,401,0,0,9349,4,0,,,,0.7,4,0.8,0.1,,,,
ChangeDistiller,915,698,116,180,232,387,0,0,10871,4,0,,,,0.7,6,0.8,0.1,,,,
ChangeDistiller,414,204,84,148,24,158,0,0,7360,4,0,,,,0.899,2,0.8,0.1,,,,
ChangeDistiller,272,148,38,102,24,108,0,0,7587,4,0,,,,0.899,4,0.8,0.1,,,,
ChangeDistiller,171,105,8,72,24,67,0,0,7573,4,0,,,,0.899,6,0.8,0.1,,,,
ChangeDistiller,3062,1939,548,597,856,1061,0,0,60966,4,0,,,,0.1,2,1.0,0.1,,,,
ChangeDistiller,2818,1959,437,454,872,1055,0,0,120870,4,0,,,,0.1,4,1.0,0.1,,,,
ChangeDistiller,2731,1947,408,412,872,1039,0,0,60358,4,0,,,,0.1,6,1.0,0.1,,,,
ChangeDistiller,2669,1671,482,535,643,1009,0,0,21693,4,0,,,,0.3,2,1.0,0.1,,,,
ChangeDistiller,2412,1665,371,400,646,995,0,0,21682,4,0,,,,0.3,4,1.0,0.1,,,,
ChangeDistiller,2289,1645,330,344,644,971,0,0,21195,4,0,,,,0.3,6,1.0,0.1,,,,
ChangeDistiller,2218,1363,406,457,458,897,0,0,17332,4,0,,,,0.5,2,1.0,0.1,,,,
ChangeDistiller,1979,1335,310,349,458,862,0,0,18752,4,0,,,,0.5,4,1.0,0.1,,,,
ChangeDistiller,1869,1305,276,307,457,829,0,0,18018,4,0,,,,0.5,6,1.0,0.1,,,,
ChangeDistiller,1642,977,304,365,236,737,0,0,13366,4,0,,,,0.7,2,1.0,0.1,,,,
ChangeDistiller,1444,938,231,281,233,699,0,0,13315,4,0,,,,0.7,4,1.0,0.1,,,,
ChangeDistiller,1381,925,211,255,233,682,0,0,13305,4,0,,,,0.7,6,1.0,0.1,,,,
ChangeDistiller,776,395,160,223,25,368,0,0,9642,4,0,,,,0.899,2,1.0,0.1,,,,
ChangeDistiller,724,388,142,196,24,362,0,0,9607,4,0,,,,0.899,4,1.0,0.1,,,,
ChangeDistiller,690,376,131,185,24,350,0,0,8335,4,0,,,,0.899,6,1.0,0.1,,,,
ChangeDistiller,2344,1938,314,378,851,801,0,0,65170,4,0,,,,0.1,2,0.2,0.3,,,,
ChangeDistiller,2339,1927,325,389,838,787,0,0,64947,4,0,,,,0.1,4,0.2,0.3,,,,
ChangeDistiller,2373,1922,343,407,836,787,0,0,64887,4,0,,,,0.1,6,0.2,0.3,,,,
ChangeDistiller,1636,1522,140,204,639,653,0,0,24872,4,0,,,,0.3,2,0.2,0.3,,,,
ChangeDistiller,1645,1530,146,210,636,653,0,0,24869,4,0,,,,0.3,4,0.2,0.3,,,,
ChangeDistiller,1645,1530,146,210,636,653,0,0,24664,4,0,,,,0.3,6,0.2,0.3,,,,
ChangeDistiller,1139,1009,102,166,451,420,0,0,19215,4,0,,,,0.5,2,0.2,0.3,,,,
ChangeDistiller,1143,1013,105,169,448,421,0,0,20450,4,0,,,,0.5,4,0.2,0.3,,,,
ChangeDistiller,1143,1013,105,169,448,421,0,0,20223,4,0,,,,0.5,6,0.2,0.3,,,,
ChangeDistiller,556,492,28,92,232,204,0,0,14840,4,0,,,,0.7,2,0.2,0.3,,,,
ChangeDistiller,565,499,30,94,232,209,0,0,15066,4,0,,,,0.7,4,0.2,0.3,,,,
ChangeDistiller,565,499,30,94,232,209,0,0,15066,4,0,,,,0.7,6,0.2,0.3,,,,
ChangeDistiller,140,82,4,68,24,44,0,0,10500,4,0,,,,0.899,2,0.2,0.3,,,,
ChangeDistiller,140,82,4,68,24,44,0,0,10617,4,0,,,,0.899,4,0.2,0.3,,,,
ChangeDistiller,140,82,4,68,24,44,0,0,10489,4,0,,,,0.899,6,0.2,0.3,,,,
ChangeDistiller,2566,1923,400,464,833,869,0,0,69560,4,0,,,,0.1,2,0.4,0.3,,,,
ChangeDistiller,2528,1930,383,447,836,862,0,0,69552,4,0,,,,0.1,4,0.4,0.3,,,,
ChangeDistiller,2525,1929,382,446,836,861,0,0,69646,4,0,,,,0.1,6,0.4,0.3,,,,
ChangeDistiller,1816,1569,198,262,633,723,0,0,24572,4,0,,,,0.3,2,0.4,0.3,,,,
ChangeDistiller,1786,1565,186,250,636,714,0,0,23325,4,0,,,,0.3,4,0.4,0.3,,,,
ChangeDistiller,1779,1564,183,247,636,713,0,0,22179,4,0,,,,0.3,6,0.4,0.3,,,,
ChangeDistiller,1243,1030,139,203,448,453,0,0,17730,4,0,,,,0.5,2,0.4,0.3,,,,
ChangeDistiller,1223,1022,132,196,448,447,0,0,19080,4,0,,,,0.5,4,0.4,0.3,,,,
ChangeDistiller,1220,1021,131,195,448,446,0,0,19062,4,0,,,,0.5,6,0.4,0.3,,,,
ChangeDistiller,598,505,43,107,232,216,0,0,13329,4,0,,,,0.7,2,0.4,0.3,,,,
ChangeDistiller,568,502,31,95,232,210,0,0,14871,4,0,,,,0.7,4,0.4,0.3,,,,
ChangeDistiller,565,499,30,94,232,209,0,0,16266,4,0,,,,0.7,6,0.4,0.3,,,,
ChangeDistiller,134,74,4,68,24,38,0,0,11280,4,0,,,,0.899,2,0.4,0.3,,,,
ChangeDistiller,140,82,4,68,24,44,0,0,11685,4,0,,,,0.899,4,0.4,0.3,,,,
ChangeDistiller,140,82,4,68,24,44,0,0,12535,4,0,,,,0.899,6,0.4,0.3,,,,
ChangeDistiller,2958,1931,535,599,829,995,0,0,70956,4,0,,,,0.1,2,0.6,0.3,,,,
ChangeDistiller,2809,1955,466,530,836,977,0,0,133616,4,0,,,,0.1,4,0.6,0.3,,,,
ChangeDistiller,2791,1957,458,522,836,975,0,0,71755,4,0,,,,0.1,6,0.6,0.3,,,,
ChangeDistiller,2298,1603,399,463,628,808,0,0,30543,4,0,,,,0.3,2,0.6,0.3,,,,
ChangeDistiller,2160,1617,328,392,636,804,0,0,30319,4,0,,,,0.3,4,0.6,0.3,,,,
ChangeDistiller,2101,1613,304,368,636,793,0,0,29202,4,0,,,,0.3,6,0.6,0.3,,,,
ChangeDistiller,1494,1131,216,280,446,552,0,0,22453,4,0,,,,0.5,2,0.6,0.3,,,,
ChangeDistiller,1354,1096,160,224,448,522,0,0,18466,4,0,,,,0.5,4,0.6,0.3,,,,
ChangeDistiller,1338,1092,155,219,448,516,0,0,18481,4,0,,,,0.5,6,0.6,0.3,,,,
ChangeDistiller,833,607,115,179,230,309,0,0,13858,4,0,,,,0.7,2,0.6,0.3,,,,
ChangeDistiller,696,563,65,129,232,270,0,0,12584,4,0,,,,0.7,4,0.6,0.3,,,,
ChangeDistiller,686,559,62,126,232,266,0,0,11932,4,0,,,,0.7,6,0.6,0.3,,,,
ChangeDistiller,157,91,7,71,24,55,0,0,8285,4,0,,,,0.899,2,0.6,0.3,,,,
ChangeDistiller,163,99,7,71,24,61,0,0,8183,4,0,,,,0.899,4,0.6,0.3,,,,
ChangeDistiller,163,99,7,71,24,61,0,0,8213,4,0,,,,0.899,6,0.6,0.3,,,,
ChangeDistiller,3033,1882,557,607,829,1040,0,0,70011,4,0,,,,0.1,2,0.8,0.3,,,,
ChangeDistiller,2859,1886,481,517,836,1025,0,0,70019,4,0,,,,0.1,4,0.8,0.3,,,,
ChangeDistiller,2813,1878,465,497,836,1015,0,0,69840,4,0,,,,0.1,6,0.8,0.3,,,,
ChangeDistiller,2566,1607,464,509,628,965,0,0,30075,4,0,,,,0.3,2,0.8,0.3,,,,
ChangeDistiller,2356,1615,376,396,636,948,0,0,28744,4,0,,,,0.3,4,0.8,0.3,,,,
ChangeDistiller,2288,1694,339,403,636,910,0,0,29079,4,0,,,,0.3,6,0.8,0.3,,,,
ChangeDistiller,1994,1328,361,425,447,761,0,0,23112,4,0,,,,0.5,2,0.8,0.3,,,,
ChangeDistiller,1747,1279,264,328,448,707,0,0,22736,4,0,,,,0.5,4,0.8,0.3,,,,
ChangeDistiller,1704,1268,249,313,448,694,0,0,21870,4,0,,,,0.5,6,0.8,0.3,,,,
ChangeDistiller,1151,772,201,265,230,455,0,0,15067,4,0,,,,0.7,2,0.8,0.3,,,,
ChangeDistiller,974,713,137,201,232,404,0,0,15299,4,0,,,,0.7,4,0.8,0.3,,,,
ChangeDistiller,922,703,118,182,232,390,0,0,19770,4,0,,,,0.7,6,0.8,0.3,,,,
ChangeDistiller,414,204,84,148,24,158,0,0,9660,4,0,,,,0.899,2,0.8,0.3,,,,
ChangeDistiller,272,148,38,102,24,108,0,0,11824,4,0,,,,0.899,4,0.8,0.3,,,,
ChangeDistiller,171,105,8,72,24,67,0,0,11270,4,0,,,,0.899,6,0.8,0.3,,,,
ChangeDistiller,3087,1892,578,629,829,1051,0,0,70364,4,0,,,,0.1,2,1.0,0.3,,,,
ChangeDistiller,2875,1892,485,522,836,1032,0,0,69452,4,0,,,,0.1,4,1.0,0.3,,,,
ChangeDistiller,2813,1878,465,497,836,1015,0,0,68842,4,0,,,,0.1,6,1.0,0.3,,,,
ChangeDistiller,2666,1641,493,544,628,1001,0,0,30249,4,0,,,,0.3,2,1.0,0.3,,,,
ChangeDistiller,2424,1642,387,419,636,982,0,0,24934,4,0,,,,0.3,4,1.0,0.3,,,,
ChangeDistiller,2310,1628,347,367,636,960,0,0,24713,4,0,,,,0.3,6,1.0,0.3,,,,
ChangeDistiller,2225,1348,415,469,447,894,0,0,19268,4,0,,,,0.5,2,1.0,0.3,,,,
ChangeDistiller,2003,1319,327,371,448,857,0,0,19258,4,0,,,,0.5,4,1.0,0.3,,,,
ChangeDistiller,1889,1296,288,324,448,829,0,0,19110,4,0,,,,0.5,6,1.0,0.3,,,,
ChangeDistiller,1635,970,304,365,230,736,0,0,13770,4,0,,,,0.7,2,1.0,0.3,,,,
ChangeDistiller,1446,937,233,282,232,699,0,0,14104,4,0,,,,0.7,4,1.0,0.3,,,,
ChangeDistiller,1383,924,213,256,232,682,0,0,20933,4,0,,,,0.7,6,1.0,0.3,,,,
ChangeDistiller,775,394,160,223,24,368,0,0,12698,4,0,,,,0.899,2,1.0,0.3,,,,
ChangeDistiller,724,388,142,196,24,362,0,0,12703,4,0,,,,0.899,4,1.0,0.3,,,,
ChangeDistiller,690,376,131,185,24,350,0,0,12952,4,0,,,,0.899,6,1.0,0.3,,,,
ChangeDistiller,2399,1959,349,413,827,810,0,0,106469,4,0,,,,0.1,2,0.2,0.5,,,,
ChangeDistiller,2485,1956,402,466,806,811,0,0,71156,4,0,,,,0.1,4,0.2,0.5,,,,
ChangeDistiller,2521,1941,422,486,803,810,0,0,71468,4,0,,,,0.1,6,0.2,0.5,,,,
ChangeDistiller,1698,1556,174,238,616,670,0,0,27156,4,0,,,,0.3,2,0.2,0.5,,,,
ChangeDistiller,1726,1540,200,264,603,659,0,0,27158,4,0,,,,0.3,4,0.2,0.5,,,,
ChangeDistiller,1766,1559,209,273,603,681,0,0,34453,4,0,,,,0.3,6,0.2,0.5,,,,
ChangeDistiller,1163,1022,114,178,445,426,0,0,21851,4,0,,,,0.5,2,0.2,0.5,,,,
ChangeDistiller,1198,1034,133,197,438,430,0,0,20302,4,0,,,,0.5,4,0.2,0.5,,,,
ChangeDistiller,1213,1035,138,202,438,435,0,0,20636,4,0,,,,0.5,6,0.2,0.5,,,,
ChangeDistiller,573,504,34,98,232,209,0,0,15308,4,0,,,,0.7,2,0.2,0.5,,,,
ChangeDistiller,589,512,39,103,228,219,0,0,14087,4,0,,,,0.7,4,0.2,0.5,,,,
ChangeDistiller,597,512,42,106,228,221,0,0,14875,4,0,,,,0.7,6,0.2,0.5,,,,
ChangeDistiller,140,82,4,68,24,44,0,0,10272,4,0,,,,0.899,2,0.2,0.5,,,,
ChangeDistiller,134,74,4,68,24,38,0,0,9880,4,0,,,,0.899,4,0.2,0.5,,,,
ChangeDistiller,134,74,4,68,24,38,0,0,9594,4,0,,,,0.899,6,0.2,0.5,,,,
ChangeDistiller,2638,1909,439,503,810,886,0,0,87587,4,0,,,,0.1,2,0.4,0.5,,,,
ChangeDistiller,2689,1901,463,527,803,896,0,0,70675,4,0,,,,0.1,4,0.4,0.5,,,,
ChangeDistiller,2691,1899,464,528,803,896,0,0,70854,4,0,,,,0.1,6,0.4,0.5,,,,
ChangeDistiller,1884,1560,241,305,609,729,0,0,26857,4,0,,,,0.3,2,0.4,0.5,,,,
ChangeDistiller,1892,1553,250,314,603,725,0,0,25644,4,0,,,,0.3,4,0.4,0.5,,,,
ChangeDistiller,1900,1556,252,316,603,729,0,0,26174,4,0,,,,0.3,6,0.4,0.5,,,,
ChangeDistiller,1267,1042,151,215,443,458,0,0,20940,4,0,,,,0.5,2,0.4,0.5,,,,
ChangeDistiller,1283,1042,162,226,438,457,0,0,24630,4,0,,,,0.5,4,0.4,0.5,,,,
ChangeDistiller,1290,1043,164,228,438,460,0,0,24477,4,0,,,,0.5,6,0.4,0.5,,,,
ChangeDistiller,612,514,49,113,231,219,0,0,18074,4,0,,,,0.7,2,0.4,0.5,,,,
ChangeDistiller,605,505,50,114,228,213,0,0,18383,4,0,,,,0.7,4,0.4,0.5,,,,
ChangeDistiller,609,505,51,115,228,215,0,0,19002,4,0,,,,0.7,6,0.4,0.5,,,,
ChangeDistiller,134,74,4,68,24,38,0,0,14196,4,0,,,,0.899,2,0.4,0.5,,,,
ChangeDistiller,134,74,4,68,24,38,0,0,10390,4,0,,,,0.899,4,0.4,0.5,,,,
ChangeDistiller,134,74,4,68,24,38,0,0,10389,4,0,,,,0.899,6,0.4,0.5,,,,
ChangeDistiller,3007,1886,574,638,803,992,0,0,66015,4,0,,,,0.1,2,0.6,0.5,,,,
ChangeDistiller,2937,1884,542,606,803,986,0,0,67315,4,0,,,,0.1,4,0.6,0.5,,,,
ChangeDistiller,2927,1886,537,601,803,986,0,0,67319,4,0,,,,0.1,6,0.6,0.5,,,,
ChangeDistiller,2361,1595,432,496,603,830,0,0,26494,4,0,,,,0.3,2,0.6,0.5,,,,
ChangeDistiller,2256,1585,384,448,603,821,0,0,26566,4,0,,,,0.3,4,0.6,0.5,,,,
ChangeDistiller,2234,1583,374,438,603,819,0,0,26564,4,0,,,,0.3,6,0.6,0.5,,,,
ChangeDistiller,1500,1120,225,289,438,548,0,0,24464,4,0,,,,0.5,2,0.6,0.5,,,,
ChangeDistiller,1409,1099,189,253,438,529,0,0,20605,4,0,,,,0.5,4,0.6,0.5,,,,
ChangeDistiller,1409,1099,189,253,438,529,0,0,21060,4,0,,,,0.5,6,0.6,0.5,,,,
ChangeDistiller,838,607,119,183,228,308,0,0,14326,4,0,,,,0.7,2,0.6,0.5,,,,
ChangeDistiller,699,549,73,137,228,261,0,0,13476,4,0,,,,0.7,4,0.6,0.5,,,,
ChangeDistiller,699,549,73,137,228,261,0,0,13074,4,0,,,,0.7,6,0.6,0.5,,,,
ChangeDistiller,157,91,7,71,24,55,0,0,9454,4,0,,,,0.899,2,0.6,0.5,,,,
ChangeDistiller,157,91,7,71,24,55,0,0,11173,4,0,,,,0.899,4,0.6,0.5,,,,
ChangeDistiller,157,91,7,71,24,55,0,0,9614,4,0,,,,0.899,6,0.6,0.5,,,,
ChangeDistiller,3078,1837,593,651,803,1031,0,0,76453,4,0,,,,0.1,2,0.8,0.5,,,,
ChangeDistiller,2984,1827,554,608,803,1019,0,0,76733,4,0,,,,0.1,4,0.8,0.5,,,,
ChangeDistiller,2951,1822,542,593,803,1013,0,0,76792,4,0,,,,0.1,6,0.8,0.5,,,,
ChangeDistiller,2606,1569,493,548,603,962,0,0,27176,4,0,,,,0.3,2,0.8,0.5,,,,
ChangeDistiller,2455,1567,429,473,603,950,0,0,27300,4,0,,,,0.3,4,0.8,0.5,,,,
ChangeDistiller,2393,1563,403,444,603,943,0,0,33322,4,0,,,,0.3,6,0.8,0.5,,,,
ChangeDistiller,2008,1311,373,437,438,760,0,0,21312,4,0,,,,0.5,2,0.8,0.5,,,,
ChangeDistiller,1793,1263,292,356,438,707,0,0,20989,4,0,,,,0.5,4,0.8,0.5,,,,
ChangeDistiller,1765,1253,282,346,438,699,0,0,19910,4,0,,,,0.5,6,0.8,0.5,,,,
ChangeDistiller,1197,798,210,274,228,485,0,0,13797,4,0,,,,0.7,2,0.8,0.5,,,,
ChangeDistiller,1017,730,148,212,228,429,0,0,13243,4,0,,,,0.7,4,0.8,0.5,,,,
ChangeDistiller,975,724,132,196,228,419,0,0,13781,4,0,,,,0.7,6,0.8,0.5,,,,
ChangeDistiller,414,204,84,148,24,158,0,0,9016,4,0,,,,0.899,2,0.8,0.5,,,,
ChangeDistiller,267,141,38,102,24,103,0,0,13906,4,0,,,,0.899,4,0.8,0.5,,,,
ChangeDistiller,165,97,8,72,24,61,0,0,11615,4,0,,,,0.899,6,0.8,0.5,,,,
ChangeDistiller,3143,1854,616,675,803,1049,0,0,76271,4,0,,,,0.1,2,1.0,0.5,,,,
ChangeDistiller,3011,1840,560,615,803,1033,0,0,76279,4,0,,,,0.1,4,1.0,0.5,,,,
ChangeDistiller,2957,1826,543,594,803,1017,0,0,76095,4,0,,,,0.1,6,1.0,0.5,,,,
ChangeDistiller,2715,1607,526,585,603,1001,0,0,35995,4,0,,,,0.3,2,1.0,0.5,,,,
ChangeDistiller,2503,1589,439,487,603,974,0,0,38464,4,0,,,,0.3,4,1.0,0.5,,,,
ChangeDistiller,2419,1576,408,451,603,957,0,0,36361,4,0,,,,0.3,6,1.0,0.5,,,,
ChangeDistiller,2242,1332,427,485,438,892,0,0,35773,4,0,,,,0.5,2,1.0,0.5,,,,
ChangeDistiller,2052,1302,355,404,438,855,0,0,19260,4,0,,,,0.5,4,1.0,0.5,,,,
ChangeDistiller,1956,1280,321,366,438,831,0,0,19012,4,0,,,,0.5,6,1.0,0.5,,,,
ChangeDistiller,1649,966,311,374,228,736,0,0,14701,4,0,,,,0.7,2,1.0,0.5,,,,
ChangeDistiller,1465,927,242,299,228,696,0,0,13955,4,0,,,,0.7,4,1.0,0.5,,,,
ChangeDistiller,1412,916,225,277,228,682,0,0,11486,4,0,,,,0.7,6,1.0,0.5,,,,
ChangeDistiller,775,394,160,223,24,368,0,0,8084,4,0,,,,0.899,2,1.0,0.5,,,,
ChangeDistiller,728,388,142,200,24,362,0,0,10430,4,0,,,,0.899,4,1.0,0.5,,,,
ChangeDistiller,694,376,131,189,24,350,0,0,8359,4,0,,,,0.899,6,1.0,0.5,,,,
ChangeDistiller,2833,2246,522,586,807,918,0,0,68843,4,0,,,,0.1,2,0.2,0.7,,,,
ChangeDistiller,3063,2173,654,718,778,913,0,0,68865,4,0,,,,0.1,4,0.2,0.7,,,,
ChangeDistiller,3161,2157,699,763,775,924,0,0,68863,4,0,,,,0.1,6,0.2,0.7,,,,
ChangeDistiller,2152,1900,340,404,601,807,0,0,25363,4,0,,,,0.3,2,0.2,0.7,,,,
ChangeDistiller,2371,1889,458,522,580,811,0,0,26516,4,0,,,,0.3,4,0.2,0.7,,,,
ChangeDistiller,2599,1890,570,634,577,818,0,0,35671,4,0,,,,0.3,6,0.2,0.7,,,,
ChangeDistiller,1540,1357,237,301,438,564,0,0,20303,4,0,,,,0.5,2,0.2,0.7,,,,
ChangeDistiller,1722,1415,315,379,429,599,0,0,23250,4,0,,,,0.5,4,0.2,0.7,,,,
ChangeDistiller,1774,1417,336,400,428,610,0,0,23452,4,0,,,,0.5,6,0.2,0.7,,,,
ChangeDistiller,809,720,104,168,232,305,0,0,16996,4,0,,,,0.7,2,0.2,0.7,,,,
ChangeDistiller,928,769,154,218,228,328,0,0,17739,4,0,,,,0.7,4,0.2,0.7,,,,
ChangeDistiller,952,771,164,228,228,332,0,0,18136,4,0,,,,0.7,6,0.2,0.7,,,,
ChangeDistiller,214,153,19,83,24,88,0,0,11792,4,0,,,,0.899,2,0.2,0.7,,,,
ChangeDistiller,237,164,30,94,24,89,0,0,14897,4,0,,,,0.899,4,0.2,0.7,,,,
ChangeDistiller,245,164,34,98,24,89,0,0,11830,4,0,,,,0.899,6,0.2,0.7,,,,
ChangeDistiller,3254,1933,711,775,782,986,0,0,69359,4,0,,,,0.1,2,0.4,0.7,,,,
ChangeDistiller,3341,1928,749,813,775,1004,0,0,68020,4,0,,,,0.1,4,0.4,0.7,,,,
ChangeDistiller,3349,1930,751,815,775,1008,0,0,67840,4,0,,,,0.1,6,0.4,0.7,,,,
ChangeDistiller,2644,1785,574,638,584,848,0,0,24988,4,0,,,,0.3,2,0.4,0.7,,,,
ChangeDistiller,2776,1757,632,696,577,871,0,0,24971,4,0,,,,0.3,4,0.4,0.7,,,,
ChangeDistiller,2812,1753,643,707,577,885,0,0,22889,4,0,,,,0.3,6,0.4,0.7,,,,
ChangeDistiller,1711,1330,323,387,434,567,0,0,21615,4,0,,,,0.5,2,0.4,0.7,,,,
ChangeDistiller,1848,1373,376,440,428,604,0,0,20980,4,0,,,,0.5,4,0.4,0.7,,,,
ChangeDistiller,1959,1392,415,479,428,637,0,0,20984,4,0,,,,0.5,6,0.4,0.7,,,,
ChangeDistiller,923,715,161,225,231,306,0,0,11299,4,0,,,,0.7,2,0.4,0.7,,,,
ChangeDistiller,1029,774,199,263,228,339,0,0,12746,4,0,,,,0.7,4,0.4,0.7,,,,
ChangeDistiller,1033,774,200,264,228,341,0,0,15482,4,0,,,,0.7,6,0.4,0.7,,,,
ChangeDistiller,178,115,19,83,24,52,0,0,10349,4,0,,,,0.899,2,0.4,0.7,,,,
ChangeDistiller,215,136,32,96,24,63,0,0,15047,4,0,,,,0.899,4,0.4,0.7,,,,
ChangeDistiller,221,138,34,98,24,65,0,0,13412,4,0,,,,0.899,6,0.4,0.7,,,,
ChangeDistiller,3363,1911,752,816,775,1020,0,0,85046,4,0,,,,0.1,2,0.6,0.7,,,,
ChangeDistiller,3374,1916,756,820,775,1023,0,0,83920,4,0,,,,0.1,4,0.6,0.7,,,,
ChangeDistiller,3378,1918,757,821,775,1025,0,0,82372,4,0,,,,0.1,6,0.6,0.7,,,,
ChangeDistiller,2807,1689,629,693,577,908,0,0,26023,4,0,,,,0.3,2,0.6,0.7,,,,
ChangeDistiller,2896,1665,665,729,577,925,0,0,26025,4,0,,,,0.3,4,0.6,0.7,,,,
ChangeDistiller,2899,1666,666,730,577,926,0,0,41003,4,0,,,,0.3,6,0.6,0.7,,,,
ChangeDistiller,2053,1362,438,502,428,685,0,0,21039,4,0,,,,0.5,2,0.6,0.7,,,,
ChangeDistiller,2132,1365,467,531,428,706,0,0,25770,4,0,,,,0.5,4,0.6,0.7,,,,
ChangeDistiller,2134,1363,468,532,428,706,0,0,27780,4,0,,,,0.5,6,0.6,0.7,,,,
ChangeDistiller,1071,774,203,267,228,373,0,0,21006,4,0,,,,0.7,2,0.6,0.7,,,,
ChangeDistiller,1150,817,227,291,228,404,0,0,21406,4,0,,,,0.7,4,0.6,0.7,,,,
ChangeDistiller,1150,817,227,291,228,404,0,0,23173,4,0,,,,0.7,6,0.6,0.7,,,,
ChangeDistiller,321,176,58,122,24,117,0,0,17581,4,0,,,,0.899,2,0.6,0.7,,,,
ChangeDistiller,338,189,64,128,24,122,0,0,14291,4,0,,,,0.899,4,0.6,0.7,,,,
ChangeDistiller,338,189,64,128,24,122,0,0,14268,4,0,,,,0.899,6,0.6,0.7,,,,
ChangeDistiller,3410,1820,765,828,775,1042,0,0,83758,4,0,,,,0.1,2,0.8,0.7,,,,
ChangeDistiller,3404,1818,763,826,775,1040,0,0,83455,4,0,,,,0.1,4,0.8,0.7,,,,
ChangeDistiller,3399,1817,762,824,775,1038,0,0,83485,4,0,,,,0.1,6,0.8,0.7,,,,
ChangeDistiller,2985,1562,685,742,577,981,0,0,32036,4,0,,,,0.3,2,0.8,0.7,,,,
ChangeDistiller,2978,1563,682,738,577,981,0,0,31958,4,0,,,,0.3,4,0.8,0.7,,,,
ChangeDistiller,2967,1562,678,734,577,978,0,0,28476,4,0,,,,0.3,6,0.8,0.7,,,,
ChangeDistiller,2399,1300,526,581,428,864,0,0,23207,4,0,,,,0.5,2,0.8,0.7,,,,
ChangeDistiller,2364,1291,513,568,428,855,0,0,26628,4,0,,,,0.5,4,0.8,0.7,,,,
ChangeDistiller,2355,1291,511,563,428,853,0,0,26722,4,0,,,,0.5,6,0.8,0.7,,,,
ChangeDistiller,1458,917,303,367,228,560,0,0,20163,4,0,,,,0.7,2,0.8,0.7,,,,
ChangeDistiller,1425,910,290,354,228,553,0,0,20054,4,0,,,,0.7,4,0.8,0.7,,,,
ChangeDistiller,1392,907,278,342,228,544,0,0,20660,4,0,,,,0.7,6,0.8,0.7,,,,
ChangeDistiller,463,240,101,165,24,173,0,0,8787,4,0,,,,0.899,2,0.8,0.7,,,,
ChangeDistiller,343,192,65,129,24,125,0,0,16126,4,0,,,,0.899,4,0.8,0.7,,,,
ChangeDistiller,343,192,65,129,24,125,0,0,17820,4,0,,,,0.899,6,0.8,0.7,,,,
ChangeDistiller,3448,1824,781,845,775,1047,0,0,66105,4,0,,,,0.1,2,1.0,0.7,,,,
ChangeDistiller,3416,1822,766,830,775,1045,0,0,65553,4,0,,,,0.1,4,1.0,0.7,,,,
ChangeDistiller,3399,1817,762,824,775,1038,0,0,65670,4,0,,,,0.1,6,1.0,0.7,,,,
ChangeDistiller,3031,1577,697,759,577,998,0,0,28790,4,0,,,,0.3,2,1.0,0.7,,,,
ChangeDistiller,3009,1576,688,748,577,996,0,0,27791,4,0,,,,0.3,4,1.0,0.7,,,,
ChangeDistiller,2987,1571,682,740,577,988,0,0,28589,4,0,,,,0.3,6,1.0,0.7,,,,
ChangeDistiller,2491,1323,553,617,428,893,0,0,22772,4,0,,,,0.5,2,1.0,0.7,,,,
ChangeDistiller,2444,1313,535,598,428,883,0,0,19651,4,0,,,,0.5,4,1.0,0.7,,,,
ChangeDistiller,2387,1298,518,576,428,865,0,0,19700,4,0,,,,0.5,6,1.0,0.7,,,,
ChangeDistiller,1790,966,381,445,228,736,0,0,14927,4,0,,,,0.7,2,1.0,0.7,,,,
ChangeDistiller,1733,954,359,422,228,724,0,0,15065,4,0,,,,0.7,4,1.0,0.7,,,,
ChangeDistiller,1695,952,348,403,228,716,0,0,14820,4,0,,,,0.7,6,1.0,0.7,,,,
ChangeDistiller,806,394,175,239,24,368,0,0,11033,4,0,,,,0.899,2,1.0,0.7,,,,
ChangeDistiller,788,391,168,231,24,365,0,0,10446,4,0,,,,0.899,4,1.0,0.7,,,,
ChangeDistiller,766,385,161,223,24,358,0,0,8746,4,0,,,,0.899,6,1.0,0.7,,,,
ChangeDistiller,2858,2262,530,594,808,926,0,0,46990,4,0,,,,0.1,2,0.2,0.899,,,,
ChangeDistiller,3138,2201,680,744,778,936,0,0,46902,4,0,,,,0.1,4,0.2,0.899,,,,
ChangeDistiller,3259,2196,730,794,775,960,0,0,46930,4,0,,,,0.1,6,0.2,0.899,,,,
ChangeDistiller,2176,1922,348,412,601,815,0,0,20908,4,0,,,,0.3,2,0.2,0.899,,,,
ChangeDistiller,2421,1926,475,539,580,827,0,0,20653,4,0,,,,0.3,4,0.2,0.899,,,,
ChangeDistiller,2672,1941,593,657,577,845,0,0,20004,4,0,,,,0.3,6,0.2,0.899,,,,
ChangeDistiller,1558,1375,243,307,438,570,0,0,15363,4,0,,,,0.5,2,0.2,0.899,,,,
ChangeDistiller,1796,1472,339,403,429,625,0,0,13071,4,0,,,,0.5,4,0.2,0.899,,,,
ChangeDistiller,1885,1500,369,433,428,655,0,0,13055,4,0,,,,0.5,6,0.2,0.899,,,,
ChangeDistiller,809,720,104,168,232,305,0,0,9633,4,0,,,,0.7,2,0.2,0.899,,,,
ChangeDistiller,998,828,168,232,228,370,0,0,9640,4,0,,,,0.7,4,0.2,0.899,,,,
ChangeDistiller,1073,856,191,255,228,399,0,0,9528,4,0,,,,0.7,6,0.2,0.899,,,,
ChangeDistiller,214,153,19,83,24,88,0,0,6717,4,0,,,,0.899,2,0.2,0.899,,,,
ChangeDistiller,284,204,37,101,24,122,0,0,6846,4,0,,,,0.899,4,0.2,0.899,,,,
ChangeDistiller,325,225,48,112,24,141,0,0,6148,4,0,,,,0.899,6,0.2,0.899,,,,
ChangeDistiller,3276,1936,720,784,782,990,0,0,41619,4,0,,,,0.1,2,0.4,0.899,,,,
ChangeDistiller,3396,1936,773,837,775,1011,0,0,41614,4,0,,,,0.1,4,0.4,0.899,,,,
ChangeDistiller,3421,1947,779,843,775,1024,0,0,41630,4,0,,,,0.1,6,0.4,0.899,,,,
ChangeDistiller,2667,1804,582,646,584,855,0,0,16115,4,0,,,,0.3,2,0.4,0.899,,,,
ChangeDistiller,2833,1781,653,717,577,886,0,0,15989,4,0,,,,0.3,4,0.4,0.899,,,,
ChangeDistiller,2897,1776,672,736,577,912,0,0,15956,4,0,,,,0.3,6,0.4,0.899,,,,
ChangeDistiller,1729,1348,329,393,434,573,0,0,12549,4,0,,,,0.5,2,0.4,0.899,,,,
ChangeDistiller,1932,1413,403,467,428,634,0,0,13910,4,0,,,,0.5,4,0.4,0.899,,,,
ChangeDistiller,2073,1459,449,513,428,683,0,0,13934,4,0,,,,0.5,6,0.4,0.899,,,,
ChangeDistiller,923,715,161,225,231,306,0,0,8415,4,0,,,,0.7,2,0.4,0.899,,,,
ChangeDistiller,1099,835,213,277,228,381,0,0,8419,4,0,,,,0.7,4,0.4,0.899,,,,
ChangeDistiller,1141,848,227,291,228,395,0,0,8416,4,0,,,,0.7,6,0.4,0.899,,,,
ChangeDistiller,178,115,19,83,24,52,0,0,5948,4,0,,,,0.899,2,0.4,0.899,,,,
ChangeDistiller,262,178,39,103,24,96,0,0,5928,4,0,,,,0.899,4,0.4,0.899,,,,
ChangeDistiller,301,201,48,112,24,117,0,0,7627,4,0,,,,0.899,6,0.4,0.899,,,,
ChangeDistiller,3377,1911,759,823,775,1020,0,0,40018,4,0,,,,0.1,2,0.6,0.899,,,,
ChangeDistiller,3425,1922,779,843,775,1028,0,0,40054,4,0,,,,0.1,4,0.6,0.899,,,,
ChangeDistiller,3446,1933,784,848,775,1039,0,0,40046,4,0,,,,0.1,6,0.6,0.899,,,,
ChangeDistiller,2834,1694,639,703,577,915,0,0,16847,4,0,,,,0.3,2,0.6,0.899,,,,
ChangeDistiller,2964,1657,688,752,577,947,0,0,14887,4,0,,,,0.3,4,0.6,0.899,,,,
ChangeDistiller,2986,1670,693,757,577,959,0,0,14850,4,0,,,,0.3,6,0.6,0.899,,,,
ChangeDistiller,2073,1374,445,509,428,691,0,0,11594,4,0,,,,0.5,2,0.6,0.899,,,,
ChangeDistiller,2239,1401,504,568,428,739,0,0,11314,4,0,,,,0.5,4,0.6,0.899,,,,
ChangeDistiller,2278,1413,515,579,428,756,0,0,11294,4,0,,,,0.5,6,0.6,0.899,,,,
ChangeDistiller,1071,774,203,267,228,373,0,0,8078,4,0,,,,0.7,2,0.6,0.899,,,,
ChangeDistiller,1247,866,257,321,228,441,0,0,8084,4,0,,,,0.7,4,0.6,0.899,,,,
ChangeDistiller,1314,887,280,344,228,462,0,0,7978,4,0,,,,0.7,6,0.6,0.899,,,,
ChangeDistiller,321,176,58,122,24,117,0,0,5589,4,0,,,,0.899,2,0.6,0.899,,,,
ChangeDistiller,359,203,71,135,24,129,0,0,5595,4,0,,,,0.899,4,0.6,0.899,,,,
ChangeDistiller,466,251,102,166,24,174,0,0,5507,4,0,,,,0.899,6,0.6,0.899,,,,
ChangeDistiller,3424,1820,772,835,775,1042,0,0,37080,4,0,,,,0.1,2,0.8,0.899,,,,
ChangeDistiller,3450,1820,785,848,775,1042,0,0,37029,4,0,,,,0.1,4,0.8,0.899,,,,
ChangeDistiller,3462,1824,788,852,775,1047,0,0,37059,4,0,,,,0.1,6,0.8,0.899,,,,
ChangeDistiller,3008,1563,694,754,577,983,0,0,14949,4,0,,,,0.3,2,0.8,0.899,,,,
ChangeDistiller,3023,1565,700,761,577,985,0,0,14844,4,0,,,,0.3,4,0.8,0.899,,,,
ChangeDistiller,3034,1569,702,765,577,990,0,0,14835,4,0,,,,0.3,6,0.8,0.899,,,,
ChangeDistiller,2411,1304,532,585,428,866,0,0,11606,4,0,,,,0.5,2,0.8,0.899,,,,
ChangeDistiller,2426,1306,538,592,428,868,0,0,10898,4,0,,,,0.5,4,0.8,0.899,,,,
ChangeDistiller,2452,1315,545,601,428,878,0,0,10896,4,0,,,,0.5,6,0.8,0.899,,,,
ChangeDistiller,1458,917,303,367,228,560,0,0,7843,4,0,,,,0.7,2,0.8,0.899,,,,
ChangeDistiller,1489,931,314,378,228,569,0,0,7840,4,0,,,,0.7,4,0.8,0.899,,,,
ChangeDistiller,1537,941,329,393,228,587,0,0,7866,4,0,,,,0.7,6,0.8,0.899,,,,
ChangeDistiller,463,240,101,165,24,173,0,0,5438,4,0,,,,0.899,2,0.8,0.899,,,,
ChangeDistiller,472,246,104,168,24,176,0,0,5434,4,0,,,,0.899,4,0.8,0.899,,,,
ChangeDistiller,542,276,124,188,24,206,0,0,5423,4,0,,,,0.899,6,0.8,0.899,,,,
ChangeDistiller,3462,1824,788,852,775,1047,0,0,34024,4,0,,,,0.1,2,1.0,0.899,,,,
ChangeDistiller,3462,1824,788,852,775,1047,0,0,33953,4,0,,,,0.1,4,1.0,0.899,,,,
ChangeDistiller,3462,1824,788,852,775,1047,0,0,33693,4,0,,,,0.1,6,1.0,0.899,,,,
ChangeDistiller,3049,1577,705,769,577,998,0,0,14118,4,0,,,,0.3,2,1.0,0.899,,,,
ChangeDistiller,3049,1577,705,769,577,998,0,0,14061,4,0,,,,0.3,4,1.0,0.899,,,,
ChangeDistiller,3049,1577,705,769,577,998,0,0,14074,4,0,,,,0.3,6,1.0,0.899,,,,
ChangeDistiller,2503,1323,559,623,428,893,0,0,10833,4,0,,,,0.5,2,1.0,0.899,,,,
ChangeDistiller,2503,1323,559,623,428,893,0,0,10818,4,0,,,,0.5,4,1.0,0.899,,,,
ChangeDistiller,2481,1317,551,615,428,887,0,0,10815,4,0,,,,0.5,6,1.0,0.899,,,,
ChangeDistiller,1790,966,381,445,228,736,0,0,7920,4,0,,,,0.7,2,1.0,0.899,,,,
ChangeDistiller,1790,966,381,445,228,736,0,0,7934,4,0,,,,0.7,4,1.0,0.899,,,,
ChangeDistiller,1790,966,381,445,228,736,0,0,7877,4,0,,,,0.7,6,1.0,0.899,,,,
ChangeDistiller,806,394,175,239,24,368,0,0,5621,4,0,,,,0.899,2,1.0,0.899,,,,
ChangeDistiller,806,394,175,239,24,368,0,0,5613,4,0,,,,0.899,4,1.0,0.899,,,,
ChangeDistiller,806,394,175,239,24,368,0,0,4871,4,0,,,,0.899,6,1.0,0.899,,,,
