MATCHER,NRACTIONS,NRROOTS,NR_INSERT,NR_DELETE,NR_UPDATE,NR_MOVE,NR_TREEINSERT,NR_TREEDELETE,TIME,NROPTIONS,TIMEOUT,GT_BUM_SMT,GT_BUM_SMT_SBUP,GT_BUM_SZT,GT_CD_LSIM,GT_CD_ML,GT_CD_SSIM1,GT_CD_SSIM2,GT_STM_MH,GT_XYM_SIM,GUMTREE_MATCH_GT_MINH,
SimpleGumtree,11,1,11,0,0,0,0,0,9,2,0,,0.1,,,,,,1,,,
SimpleGumtree,11,1,11,0,0,0,0,0,9,2,0,,0.3,,,,,,1,,,
SimpleGumtree,11,1,11,0,0,0,0,0,9,2,0,,0.5,,,,,,1,,,
SimpleGumtree,11,1,11,0,0,0,0,0,9,2,0,,0.7,,,,,,1,,,
SimpleGumtree,11,1,11,0,0,0,0,0,9,2,0,,0.899,,,,,,1,,,
SimpleGumtree,11,1,11,0,0,0,0,0,9,2,0,,0.1,,,,,,2,,,
SimpleGumtree,11,1,11,0,0,0,0,0,8,2,0,,0.3,,,,,,2,,,
SimpleGumtree,11,1,11,0,0,0,0,0,8,2,0,,0.5,,,,,,2,,,
SimpleGumtree,11,1,11,0,0,0,0,0,8,2,0,,0.7,,,,,,2,,,
SimpleGumtree,11,1,11,0,0,0,0,0,8,2,0,,0.899,,,,,,2,,,
SimpleGumtree,11,1,11,0,0,0,0,0,8,2,0,,0.1,,,,,,3,,,
SimpleGumtree,11,1,11,0,0,0,0,0,8,2,0,,0.3,,,,,,3,,,
SimpleGumtree,11,1,11,0,0,0,0,0,8,2,0,,0.5,,,,,,3,,,
SimpleGumtree,11,1,11,0,0,0,0,0,8,2,0,,0.7,,,,,,3,,,
SimpleGumtree,11,1,11,0,0,0,0,0,8,2,0,,0.899,,,,,,3,,,
SimpleGumtree,11,1,11,0,0,0,0,0,8,2,0,,0.1,,,,,,4,,,
SimpleGumtree,11,1,11,0,0,0,0,0,8,2,0,,0.3,,,,,,4,,,
SimpleGumtree,11,1,11,0,0,0,0,0,8,2,0,,0.5,,,,,,4,,,
SimpleGumtree,11,1,11,0,0,0,0,0,8,2,0,,0.7,,,,,,4,,,
SimpleGumtree,11,1,11,0,0,0,0,0,9,2,0,,0.899,,,,,,4,,,
SimpleGumtree,240,3,125,114,0,1,0,0,7,2,0,,0.1,,,,,,5,,,
SimpleGumtree,240,3,125,114,0,1,0,0,7,2,0,,0.3,,,,,,5,,,
SimpleGumtree,240,3,125,114,0,1,0,0,7,2,0,,0.5,,,,,,5,,,
SimpleGumtree,240,3,125,114,0,1,0,0,7,2,0,,0.7,,,,,,5,,,
SimpleGumtree,240,3,125,114,0,1,0,0,7,2,0,,0.899,,,,,,5,,,
ClassicGumtree,13,3,12,1,0,0,0,0,152,3,0,0.1,,100,,,,,1,,,
ClassicGumtree,13,3,12,1,0,0,0,0,152,3,0,0.2,,100,,,,,1,,,
ClassicGumtree,13,3,12,1,0,0,0,0,152,3,0,0.3,,100,,,,,1,,,
ClassicGumtree,13,3,12,1,0,0,0,0,152,3,0,0.4,,100,,,,,1,,,
ClassicGumtree,13,3,12,1,0,0,0,0,151,3,0,0.5,,100,,,,,1,,,
ClassicGumtree,13,3,12,1,0,0,0,0,151,3,0,0.6,,100,,,,,1,,,
ClassicGumtree,13,3,12,1,0,0,0,0,150,3,0,0.7,,100,,,,,1,,,
ClassicGumtree,73,24,32,21,0,20,0,0,7,3,0,0.799,,100,,,,,1,,,
ClassicGumtree,85,30,34,23,0,28,0,0,7,3,0,0.899,,100,,,,,1,,,
ClassicGumtree,145,88,35,24,0,86,0,0,8,3,0,0.999,,100,,,,,1,,,
ClassicGumtree,105,47,58,47,0,0,0,0,152,3,0,0.1,,100,,,,,2,,,
ClassicGumtree,105,47,58,47,0,0,0,0,152,3,0,0.2,,100,,,,,2,,,
ClassicGumtree,105,47,58,47,0,0,0,0,151,3,0,0.3,,100,,,,,2,,,
ClassicGumtree,105,47,58,47,0,0,0,0,151,3,0,0.4,,100,,,,,2,,,
ClassicGumtree,105,47,58,47,0,0,0,0,143,3,0,0.5,,100,,,,,2,,,
ClassicGumtree,212,55,106,95,0,11,0,0,7,3,0,0.6,,100,,,,,2,,,
ClassicGumtree,217,50,107,96,0,14,0,0,7,3,0,0.7,,100,,,,,2,,,
ClassicGumtree,217,50,107,96,0,14,0,0,8,3,0,0.799,,100,,,,,2,,,
ClassicGumtree,217,50,107,96,0,14,0,0,8,3,0,0.899,,100,,,,,2,,,
ClassicGumtree,260,57,108,97,0,55,0,0,8,3,0,0.999,,100,,,,,2,,,
ClassicGumtree,451,95,231,220,0,0,0,0,152,3,0,0.1,,100,,,,,3,,,
ClassicGumtree,451,95,231,220,0,0,0,0,152,3,0,0.2,,100,,,,,3,,,
ClassicGumtree,451,95,231,220,0,0,0,0,151,3,0,0.3,,100,,,,,3,,,
ClassicGumtree,451,95,231,220,0,0,0,0,151,3,0,0.4,,100,,,,,3,,,
ClassicGumtree,451,95,231,220,0,0,0,0,143,3,0,0.5,,100,,,,,3,,,
ClassicGumtree,558,103,279,268,0,11,0,0,8,3,0,0.6,,100,,,,,3,,,
ClassicGumtree,563,98,280,269,0,14,0,0,8,3,0,0.7,,100,,,,,3,,,
ClassicGumtree,563,98,280,269,0,14,0,0,8,3,0,0.799,,100,,,,,3,,,
ClassicGumtree,582,33,281,270,0,31,0,0,7,3,0,0.899,,100,,,,,3,,,
ClassicGumtree,582,33,281,270,0,31,0,0,8,3,0,0.999,,100,,,,,3,,,
ClassicGumtree,485,99,248,237,0,0,0,0,152,3,0,0.1,,100,,,,,4,,,
ClassicGumtree,485,99,248,237,0,0,0,0,151,3,0,0.2,,100,,,,,4,,,
ClassicGumtree,485,99,248,237,0,0,0,0,152,3,0,0.3,,100,,,,,4,,,
ClassicGumtree,485,99,248,237,0,0,0,0,151,3,0,0.4,,100,,,,,4,,,
ClassicGumtree,485,99,248,237,0,0,0,0,143,3,0,0.5,,100,,,,,4,,,
ClassicGumtree,596,99,297,286,0,13,0,0,8,3,0,0.6,,100,,,,,4,,,
ClassicGumtree,596,99,297,286,0,13,0,0,7,3,0,0.7,,100,,,,,4,,,
ClassicGumtree,596,99,297,286,0,13,0,0,7,3,0,0.799,,100,,,,,4,,,
ClassicGumtree,614,31,298,287,0,29,0,0,8,3,0,0.899,,100,,,,,4,,,
ClassicGumtree,614,31,298,287,0,29,0,0,8,3,0,0.999,,100,,,,,4,,,
ClassicGumtree,823,104,417,406,0,0,0,0,6,3,0,0.1,,100,,,,,5,,,
ClassicGumtree,829,92,419,408,0,2,0,0,6,3,0,0.2,,100,,,,,5,,,
ClassicGumtree,829,92,419,408,0,2,0,0,6,3,0,0.3,,100,,,,,5,,,
ClassicGumtree,829,92,419,408,0,2,0,0,6,3,0,0.4,,100,,,,,5,,,
ClassicGumtree,829,92,419,408,0,2,0,0,6,3,0,0.5,,100,,,,,5,,,
ClassicGumtree,829,92,419,408,0,2,0,0,6,3,0,0.6,,100,,,,,5,,,
ClassicGumtree,829,92,419,408,0,2,0,0,6,3,0,0.7,,100,,,,,5,,,
ClassicGumtree,829,92,419,408,0,2,0,0,7,3,0,0.799,,100,,,,,5,,,
ClassicGumtree,845,18,420,409,0,16,0,0,7,3,0,0.899,,100,,,,,5,,,
ClassicGumtree,845,18,420,409,0,16,0,0,7,3,0,0.999,,100,,,,,5,,,
ClassicGumtree,11,1,11,0,0,0,0,0,291,3,0,0.1,,200,,,,,1,,,
ClassicGumtree,11,1,11,0,0,0,0,0,291,3,0,0.2,,200,,,,,1,,,
ClassicGumtree,11,1,11,0,0,0,0,0,291,3,0,0.3,,200,,,,,1,,,
ClassicGumtree,11,1,11,0,0,0,0,0,291,3,0,0.4,,200,,,,,1,,,
ClassicGumtree,11,1,11,0,0,0,0,0,291,3,0,0.5,,200,,,,,1,,,
ClassicGumtree,11,1,11,0,0,0,0,0,291,3,0,0.6,,200,,,,,1,,,
ClassicGumtree,11,1,11,0,0,0,0,0,290,3,0,0.7,,200,,,,,1,,,
ClassicGumtree,11,1,11,0,0,0,0,0,96,3,0,0.799,,200,,,,,1,,,
ClassicGumtree,85,30,34,23,0,28,0,0,7,3,0,0.899,,200,,,,,1,,,
ClassicGumtree,145,88,35,24,0,86,0,0,8,3,0,0.999,,200,,,,,1,,,
ClassicGumtree,79,35,45,34,0,0,0,0,291,3,0,0.1,,200,,,,,2,,,
ClassicGumtree,79,35,45,34,0,0,0,0,291,3,0,0.2,,200,,,,,2,,,
ClassicGumtree,79,35,45,34,0,0,0,0,291,3,0,0.3,,200,,,,,2,,,
ClassicGumtree,79,35,45,34,0,0,0,0,290,3,0,0.4,,200,,,,,2,,,
ClassicGumtree,79,35,45,34,0,0,0,0,283,3,0,0.5,,200,,,,,2,,,
ClassicGumtree,79,35,45,34,0,0,0,0,60,3,0,0.6,,200,,,,,2,,,
ClassicGumtree,217,50,107,96,0,14,0,0,7,3,0,0.7,,200,,,,,2,,,
ClassicGumtree,217,50,107,96,0,14,0,0,8,3,0,0.799,,200,,,,,2,,,
ClassicGumtree,217,50,107,96,0,14,0,0,7,3,0,0.899,,200,,,,,2,,,
ClassicGumtree,260,57,108,97,0,55,0,0,7,3,0,0.999,,200,,,,,2,,,
ClassicGumtree,425,83,218,207,0,0,0,0,291,3,0,0.1,,200,,,,,3,,,
ClassicGumtree,425,83,218,207,0,0,0,0,290,3,0,0.2,,200,,,,,3,,,
ClassicGumtree,425,83,218,207,0,0,0,0,291,3,0,0.3,,200,,,,,3,,,
ClassicGumtree,425,83,218,207,0,0,0,0,291,3,0,0.4,,200,,,,,3,,,
ClassicGumtree,425,83,218,207,0,0,0,0,282,3,0,0.5,,200,,,,,3,,,
ClassicGumtree,425,83,218,207,0,0,0,0,60,3,0,0.6,,200,,,,,3,,,
ClassicGumtree,563,98,280,269,0,14,0,0,6,3,0,0.7,,200,,,,,3,,,
ClassicGumtree,563,98,280,269,0,14,0,0,6,3,0,0.799,,200,,,,,3,,,
ClassicGumtree,582,33,281,270,0,31,0,0,6,3,0,0.899,,200,,,,,3,,,
ClassicGumtree,582,33,281,270,0,31,0,0,7,3,0,0.999,,200,,,,,3,,,
ClassicGumtree,449,85,230,219,0,0,0,0,290,3,0,0.1,,200,,,,,4,,,
ClassicGumtree,449,85,230,219,0,0,0,0,290,3,0,0.2,,200,,,,,4,,,
ClassicGumtree,449,85,230,219,0,0,0,0,290,3,0,0.3,,200,,,,,4,,,
ClassicGumtree,449,85,230,219,0,0,0,0,290,3,0,0.4,,200,,,,,4,,,
ClassicGumtree,449,85,230,219,0,0,0,0,282,3,0,0.5,,200,,,,,4,,,
ClassicGumtree,596,99,297,286,0,13,0,0,7,3,0,0.6,,200,,,,,4,,,
ClassicGumtree,596,99,297,286,0,13,0,0,7,3,0,0.7,,200,,,,,4,,,
ClassicGumtree,596,99,297,286,0,13,0,0,6,3,0,0.799,,200,,,,,4,,,
ClassicGumtree,614,31,298,287,0,29,0,0,7,3,0,0.899,,200,,,,,4,,,
ClassicGumtree,614,31,298,287,0,29,0,0,6,3,0,0.999,,200,,,,,4,,,
ClassicGumtree,551,89,281,270,0,0,0,0,93,3,0,0.1,,200,,,,,5,,,
ClassicGumtree,829,92,419,408,0,2,0,0,6,3,0,0.2,,200,,,,,5,,,
ClassicGumtree,829,92,419,408,0,2,0,0,5,3,0,0.3,,200,,,,,5,,,
ClassicGumtree,829,92,419,408,0,2,0,0,6,3,0,0.4,,200,,,,,5,,,
ClassicGumtree,829,92,419,408,0,2,0,0,5,3,0,0.5,,200,,,,,5,,,
ClassicGumtree,829,92,419,408,0,2,0,0,5,3,0,0.6,,200,,,,,5,,,
ClassicGumtree,829,92,419,408,0,2,0,0,5,3,0,0.7,,200,,,,,5,,,
ClassicGumtree,829,92,419,408,0,2,0,0,5,3,0,0.799,,200,,,,,5,,,
ClassicGumtree,845,18,420,409,0,16,0,0,6,3,0,0.899,,200,,,,,5,,,
ClassicGumtree,845,18,420,409,0,16,0,0,6,3,0,0.999,,200,,,,,5,,,
ClassicGumtree,11,1,11,0,0,0,0,0,290,3,0,0.1,,300,,,,,1,,,
ClassicGumtree,11,1,11,0,0,0,0,0,289,3,0,0.2,,300,,,,,1,,,
ClassicGumtree,11,1,11,0,0,0,0,0,289,3,0,0.3,,300,,,,,1,,,
ClassicGumtree,11,1,11,0,0,0,0,0,290,3,0,0.4,,300,,,,,1,,,
ClassicGumtree,11,1,11,0,0,0,0,0,290,3,0,0.5,,300,,,,,1,,,
ClassicGumtree,11,1,11,0,0,0,0,0,290,3,0,0.6,,300,,,,,1,,,
ClassicGumtree,11,1,11,0,0,0,0,0,289,3,0,0.7,,300,,,,,1,,,
ClassicGumtree,11,1,11,0,0,0,0,0,94,3,0,0.799,,300,,,,,1,,,
ClassicGumtree,85,30,34,23,0,28,0,0,7,3,0,0.899,,300,,,,,1,,,
ClassicGumtree,145,88,35,24,0,86,0,0,7,3,0,0.999,,300,,,,,1,,,
ClassicGumtree,79,35,45,34,0,0,0,0,290,3,0,0.1,,300,,,,,2,,,
ClassicGumtree,79,35,45,34,0,0,0,0,290,3,0,0.2,,300,,,,,2,,,
ClassicGumtree,79,35,45,34,0,0,0,0,290,3,0,0.3,,300,,,,,2,,,
ClassicGumtree,79,35,45,34,0,0,0,0,290,3,0,0.4,,300,,,,,2,,,
ClassicGumtree,79,35,45,34,0,0,0,0,282,3,0,0.5,,300,,,,,2,,,
ClassicGumtree,79,35,45,34,0,0,0,0,60,3,0,0.6,,300,,,,,2,,,
ClassicGumtree,217,50,107,96,0,14,0,0,6,3,0,0.7,,300,,,,,2,,,
ClassicGumtree,217,50,107,96,0,14,0,0,6,3,0,0.799,,300,,,,,2,,,
ClassicGumtree,217,50,107,96,0,14,0,0,6,3,0,0.899,,300,,,,,2,,,
ClassicGumtree,260,57,108,97,0,55,0,0,7,3,0,0.999,,300,,,,,2,,,
ClassicGumtree,425,83,218,207,0,0,0,0,290,3,0,0.1,,300,,,,,3,,,
ClassicGumtree,425,83,218,207,0,0,0,0,290,3,0,0.2,,300,,,,,3,,,
ClassicGumtree,425,83,218,207,0,0,0,0,290,3,0,0.3,,300,,,,,3,,,
ClassicGumtree,425,83,218,207,0,0,0,0,291,3,0,0.4,,300,,,,,3,,,
ClassicGumtree,425,83,218,207,0,0,0,0,282,3,0,0.5,,300,,,,,3,,,
ClassicGumtree,425,83,218,207,0,0,0,0,60,3,0,0.6,,300,,,,,3,,,
ClassicGumtree,563,98,280,269,0,14,0,0,6,3,0,0.7,,300,,,,,3,,,
ClassicGumtree,563,98,280,269,0,14,0,0,6,3,0,0.799,,300,,,,,3,,,
ClassicGumtree,582,33,281,270,0,31,0,0,7,3,0,0.899,,300,,,,,3,,,
ClassicGumtree,582,33,281,270,0,31,0,0,7,3,0,0.999,,300,,,,,3,,,
ClassicGumtree,449,85,230,219,0,0,0,0,290,3,0,0.1,,300,,,,,4,,,
ClassicGumtree,449,85,230,219,0,0,0,0,290,3,0,0.2,,300,,,,,4,,,
ClassicGumtree,449,85,230,219,0,0,0,0,290,3,0,0.3,,300,,,,,4,,,
ClassicGumtree,449,85,230,219,0,0,0,0,290,3,0,0.4,,300,,,,,4,,,
ClassicGumtree,449,85,230,219,0,0,0,0,282,3,0,0.5,,300,,,,,4,,,
ClassicGumtree,596,99,297,286,0,13,0,0,6,3,0,0.6,,300,,,,,4,,,
ClassicGumtree,596,99,297,286,0,13,0,0,7,3,0,0.7,,300,,,,,4,,,
ClassicGumtree,596,99,297,286,0,13,0,0,6,3,0,0.799,,300,,,,,4,,,
ClassicGumtree,614,31,298,287,0,29,0,0,7,3,0,0.899,,300,,,,,4,,,
ClassicGumtree,614,31,298,287,0,29,0,0,7,3,0,0.999,,300,,,,,4,,,
ClassicGumtree,551,89,281,270,0,0,0,0,93,3,0,0.1,,300,,,,,5,,,
ClassicGumtree,829,92,419,408,0,2,0,0,5,3,0,0.2,,300,,,,,5,,,
ClassicGumtree,829,92,419,408,0,2,0,0,5,3,0,0.3,,300,,,,,5,,,
ClassicGumtree,829,92,419,408,0,2,0,0,6,3,0,0.4,,300,,,,,5,,,
ClassicGumtree,829,92,419,408,0,2,0,0,6,3,0,0.5,,300,,,,,5,,,
ClassicGumtree,829,92,419,408,0,2,0,0,5,3,0,0.6,,300,,,,,5,,,
ClassicGumtree,829,92,419,408,0,2,0,0,5,3,0,0.7,,300,,,,,5,,,
ClassicGumtree,829,92,419,408,0,2,0,0,5,3,0,0.799,,300,,,,,5,,,
ClassicGumtree,845,18,420,409,0,16,0,0,5,3,0,0.899,,300,,,,,5,,,
ClassicGumtree,845,18,420,409,0,16,0,0,5,3,0,0.999,,300,,,,,5,,,
ClassicGumtree,11,1,11,0,0,0,0,0,290,3,0,0.1,,400,,,,,1,,,
ClassicGumtree,11,1,11,0,0,0,0,0,291,3,0,0.2,,400,,,,,1,,,
ClassicGumtree,11,1,11,0,0,0,0,0,291,3,0,0.3,,400,,,,,1,,,
ClassicGumtree,11,1,11,0,0,0,0,0,290,3,0,0.4,,400,,,,,1,,,
ClassicGumtree,11,1,11,0,0,0,0,0,291,3,0,0.5,,400,,,,,1,,,
ClassicGumtree,11,1,11,0,0,0,0,0,290,3,0,0.6,,400,,,,,1,,,
ClassicGumtree,11,1,11,0,0,0,0,0,289,3,0,0.7,,400,,,,,1,,,
ClassicGumtree,11,1,11,0,0,0,0,0,95,3,0,0.799,,400,,,,,1,,,
ClassicGumtree,85,30,34,23,0,28,0,0,6,3,0,0.899,,400,,,,,1,,,
ClassicGumtree,145,88,35,24,0,86,0,0,6,3,0,0.999,,400,,,,,1,,,
ClassicGumtree,79,35,45,34,0,0,0,0,290,3,0,0.1,,400,,,,,2,,,
ClassicGumtree,79,35,45,34,0,0,0,0,291,3,0,0.2,,400,,,,,2,,,
ClassicGumtree,79,35,45,34,0,0,0,0,289,3,0,0.3,,400,,,,,2,,,
ClassicGumtree,79,35,45,34,0,0,0,0,290,3,0,0.4,,400,,,,,2,,,
ClassicGumtree,79,35,45,34,0,0,0,0,281,3,0,0.5,,400,,,,,2,,,
ClassicGumtree,79,35,45,34,0,0,0,0,59,3,0,0.6,,400,,,,,2,,,
ClassicGumtree,217,50,107,96,0,14,0,0,6,3,0,0.7,,400,,,,,2,,,
ClassicGumtree,217,50,107,96,0,14,0,0,6,3,0,0.799,,400,,,,,2,,,
ClassicGumtree,217,50,107,96,0,14,0,0,7,3,0,0.899,,400,,,,,2,,,
ClassicGumtree,260,57,108,97,0,55,0,0,6,3,0,0.999,,400,,,,,2,,,
ClassicGumtree,425,83,218,207,0,0,0,0,290,3,0,0.1,,400,,,,,3,,,
ClassicGumtree,425,83,218,207,0,0,0,0,290,3,0,0.2,,400,,,,,3,,,
ClassicGumtree,425,83,218,207,0,0,0,0,290,3,0,0.3,,400,,,,,3,,,
ClassicGumtree,425,83,218,207,0,0,0,0,290,3,0,0.4,,400,,,,,3,,,
ClassicGumtree,425,83,218,207,0,0,0,0,282,3,0,0.5,,400,,,,,3,,,
ClassicGumtree,425,83,218,207,0,0,0,0,60,3,0,0.6,,400,,,,,3,,,
ClassicGumtree,563,98,280,269,0,14,0,0,6,3,0,0.7,,400,,,,,3,,,
ClassicGumtree,563,98,280,269,0,14,0,0,7,3,0,0.799,,400,,,,,3,,,
ClassicGumtree,582,33,281,270,0,31,0,0,6,3,0,0.899,,400,,,,,3,,,
ClassicGumtree,582,33,281,270,0,31,0,0,7,3,0,0.999,,400,,,,,3,,,
ClassicGumtree,449,85,230,219,0,0,0,0,290,3,0,0.1,,400,,,,,4,,,
ClassicGumtree,449,85,230,219,0,0,0,0,290,3,0,0.2,,400,,,,,4,,,
ClassicGumtree,449,85,230,219,0,0,0,0,297,3,0,0.3,,400,,,,,4,,,
ClassicGumtree,449,85,230,219,0,0,0,0,296,3,0,0.4,,400,,,,,4,,,
ClassicGumtree,449,85,230,219,0,0,0,0,289,3,0,0.5,,400,,,,,4,,,
ClassicGumtree,596,99,297,286,0,13,0,0,6,3,0,0.6,,400,,,,,4,,,
ClassicGumtree,596,99,297,286,0,13,0,0,7,3,0,0.7,,400,,,,,4,,,
ClassicGumtree,596,99,297,286,0,13,0,0,6,3,0,0.799,,400,,,,,4,,,
ClassicGumtree,614,31,298,287,0,29,0,0,7,3,0,0.899,,400,,,,,4,,,
ClassicGumtree,614,31,298,287,0,29,0,0,6,3,0,0.999,,400,,,,,4,,,
ClassicGumtree,551,89,281,270,0,0,0,0,93,3,0,0.1,,400,,,,,5,,,
ClassicGumtree,829,92,419,408,0,2,0,0,6,3,0,0.2,,400,,,,,5,,,
ClassicGumtree,829,92,419,408,0,2,0,0,5,3,0,0.3,,400,,,,,5,,,
ClassicGumtree,829,92,419,408,0,2,0,0,5,3,0,0.4,,400,,,,,5,,,
ClassicGumtree,829,92,419,408,0,2,0,0,5,3,0,0.5,,400,,,,,5,,,
ClassicGumtree,829,92,419,408,0,2,0,0,5,3,0,0.6,,400,,,,,5,,,
ClassicGumtree,829,92,419,408,0,2,0,0,5,3,0,0.7,,400,,,,,5,,,
ClassicGumtree,829,92,419,408,0,2,0,0,5,3,0,0.799,,400,,,,,5,,,
ClassicGumtree,845,18,420,409,0,16,0,0,6,3,0,0.899,,400,,,,,5,,,
ClassicGumtree,845,18,420,409,0,16,0,0,6,3,0,0.999,,400,,,,,5,,,
ClassicGumtree,11,1,11,0,0,0,0,0,296,3,0,0.1,,500,,,,,1,,,
ClassicGumtree,11,1,11,0,0,0,0,0,296,3,0,0.2,,500,,,,,1,,,
ClassicGumtree,11,1,11,0,0,0,0,0,296,3,0,0.3,,500,,,,,1,,,
ClassicGumtree,11,1,11,0,0,0,0,0,297,3,0,0.4,,500,,,,,1,,,
ClassicGumtree,11,1,11,0,0,0,0,0,296,3,0,0.5,,500,,,,,1,,,
ClassicGumtree,11,1,11,0,0,0,0,0,296,3,0,0.6,,500,,,,,1,,,
ClassicGumtree,11,1,11,0,0,0,0,0,296,3,0,0.7,,500,,,,,1,,,
ClassicGumtree,11,1,11,0,0,0,0,0,94,3,0,0.799,,500,,,,,1,,,
ClassicGumtree,85,30,34,23,0,28,0,0,6,3,0,0.899,,500,,,,,1,,,
ClassicGumtree,145,88,35,24,0,86,0,0,7,3,0,0.999,,500,,,,,1,,,
ClassicGumtree,79,35,45,34,0,0,0,0,289,3,0,0.1,,500,,,,,2,,,
ClassicGumtree,79,35,45,34,0,0,0,0,289,3,0,0.2,,500,,,,,2,,,
ClassicGumtree,79,35,45,34,0,0,0,0,289,3,0,0.3,,500,,,,,2,,,
ClassicGumtree,79,35,45,34,0,0,0,0,289,3,0,0.4,,500,,,,,2,,,
ClassicGumtree,79,35,45,34,0,0,0,0,281,3,0,0.5,,500,,,,,2,,,
ClassicGumtree,79,35,45,34,0,0,0,0,59,3,0,0.6,,500,,,,,2,,,
ClassicGumtree,217,50,107,96,0,14,0,0,6,3,0,0.7,,500,,,,,2,,,
ClassicGumtree,217,50,107,96,0,14,0,0,5,3,0,0.799,,500,,,,,2,,,
ClassicGumtree,217,50,107,96,0,14,0,0,6,3,0,0.899,,500,,,,,2,,,
ClassicGumtree,260,57,108,97,0,55,0,0,7,3,0,0.999,,500,,,,,2,,,
ClassicGumtree,425,83,218,207,0,0,0,0,290,3,0,0.1,,500,,,,,3,,,
ClassicGumtree,425,83,218,207,0,0,0,0,289,3,0,0.2,,500,,,,,3,,,
ClassicGumtree,425,83,218,207,0,0,0,0,289,3,0,0.3,,500,,,,,3,,,
ClassicGumtree,425,83,218,207,0,0,0,0,290,3,0,0.4,,500,,,,,3,,,
ClassicGumtree,425,83,218,207,0,0,0,0,281,3,0,0.5,,500,,,,,3,,,
ClassicGumtree,425,83,218,207,0,0,0,0,59,3,0,0.6,,500,,,,,3,,,
ClassicGumtree,563,98,280,269,0,14,0,0,6,3,0,0.7,,500,,,,,3,,,
ClassicGumtree,563,98,280,269,0,14,0,0,6,3,0,0.799,,500,,,,,3,,,
ClassicGumtree,582,33,281,270,0,31,0,0,6,3,0,0.899,,500,,,,,3,,,
ClassicGumtree,582,33,281,270,0,31,0,0,6,3,0,0.999,,500,,,,,3,,,
ClassicGumtree,449,85,230,219,0,0,0,0,290,3,0,0.1,,500,,,,,4,,,
ClassicGumtree,449,85,230,219,0,0,0,0,289,3,0,0.2,,500,,,,,4,,,
ClassicGumtree,449,85,230,219,0,0,0,0,290,3,0,0.3,,500,,,,,4,,,
ClassicGumtree,449,85,230,219,0,0,0,0,289,3,0,0.4,,500,,,,,4,,,
ClassicGumtree,449,85,230,219,0,0,0,0,281,3,0,0.5,,500,,,,,4,,,
ClassicGumtree,596,99,297,286,0,13,0,0,6,3,0,0.6,,500,,,,,4,,,
ClassicGumtree,596,99,297,286,0,13,0,0,6,3,0,0.7,,500,,,,,4,,,
ClassicGumtree,596,99,297,286,0,13,0,0,6,3,0,0.799,,500,,,,,4,,,
ClassicGumtree,614,31,298,287,0,29,0,0,6,3,0,0.899,,500,,,,,4,,,
ClassicGumtree,614,31,298,287,0,29,0,0,6,3,0,0.999,,500,,,,,4,,,
ClassicGumtree,551,89,281,270,0,0,0,0,93,3,0,0.1,,500,,,,,5,,,
ClassicGumtree,829,92,419,408,0,2,0,0,5,3,0,0.2,,500,,,,,5,,,
ClassicGumtree,829,92,419,408,0,2,0,0,5,3,0,0.3,,500,,,,,5,,,
ClassicGumtree,829,92,419,408,0,2,0,0,5,3,0,0.4,,500,,,,,5,,,
ClassicGumtree,829,92,419,408,0,2,0,0,5,3,0,0.5,,500,,,,,5,,,
ClassicGumtree,829,92,419,408,0,2,0,0,5,3,0,0.6,,500,,,,,5,,,
ClassicGumtree,829,92,419,408,0,2,0,0,5,3,0,0.7,,500,,,,,5,,,
ClassicGumtree,829,92,419,408,0,2,0,0,4,3,0,0.799,,500,,,,,5,,,
ClassicGumtree,845,18,420,409,0,16,0,0,5,3,0,0.899,,500,,,,,5,,,
ClassicGumtree,845,18,420,409,0,16,0,0,6,3,0,0.999,,500,,,,,5,,,
ClassicGumtree,11,1,11,0,0,0,0,0,289,3,0,0.1,,600,,,,,1,,,
ClassicGumtree,11,1,11,0,0,0,0,0,289,3,0,0.2,,600,,,,,1,,,
ClassicGumtree,11,1,11,0,0,0,0,0,289,3,0,0.3,,600,,,,,1,,,
ClassicGumtree,11,1,11,0,0,0,0,0,289,3,0,0.4,,600,,,,,1,,,
ClassicGumtree,11,1,11,0,0,0,0,0,290,3,0,0.5,,600,,,,,1,,,
ClassicGumtree,11,1,11,0,0,0,0,0,289,3,0,0.6,,600,,,,,1,,,
ClassicGumtree,11,1,11,0,0,0,0,0,288,3,0,0.7,,600,,,,,1,,,
ClassicGumtree,11,1,11,0,0,0,0,0,94,3,0,0.799,,600,,,,,1,,,
ClassicGumtree,85,30,34,23,0,28,0,0,6,3,0,0.899,,600,,,,,1,,,
ClassicGumtree,145,88,35,24,0,86,0,0,7,3,0,0.999,,600,,,,,1,,,
ClassicGumtree,79,35,45,34,0,0,0,0,289,3,0,0.1,,600,,,,,2,,,
ClassicGumtree,79,35,45,34,0,0,0,0,289,3,0,0.2,,600,,,,,2,,,
ClassicGumtree,79,35,45,34,0,0,0,0,289,3,0,0.3,,600,,,,,2,,,
ClassicGumtree,79,35,45,34,0,0,0,0,290,3,0,0.4,,600,,,,,2,,,
ClassicGumtree,79,35,45,34,0,0,0,0,281,3,0,0.5,,600,,,,,2,,,
ClassicGumtree,79,35,45,34,0,0,0,0,60,3,0,0.6,,600,,,,,2,,,
ClassicGumtree,217,50,107,96,0,14,0,0,5,3,0,0.7,,600,,,,,2,,,
ClassicGumtree,217,50,107,96,0,14,0,0,6,3,0,0.799,,600,,,,,2,,,
ClassicGumtree,217,50,107,96,0,14,0,0,6,3,0,0.899,,600,,,,,2,,,
ClassicGumtree,260,57,108,97,0,55,0,0,6,3,0,0.999,,600,,,,,2,,,
ClassicGumtree,425,83,218,207,0,0,0,0,289,3,0,0.1,,600,,,,,3,,,
ClassicGumtree,425,83,218,207,0,0,0,0,289,3,0,0.2,,600,,,,,3,,,
ClassicGumtree,425,83,218,207,0,0,0,0,289,3,0,0.3,,600,,,,,3,,,
ClassicGumtree,425,83,218,207,0,0,0,0,289,3,0,0.4,,600,,,,,3,,,
ClassicGumtree,425,83,218,207,0,0,0,0,282,3,0,0.5,,600,,,,,3,,,
ClassicGumtree,425,83,218,207,0,0,0,0,60,3,0,0.6,,600,,,,,3,,,
ClassicGumtree,563,98,280,269,0,14,0,0,6,3,0,0.7,,600,,,,,3,,,
ClassicGumtree,563,98,280,269,0,14,0,0,6,3,0,0.799,,600,,,,,3,,,
ClassicGumtree,582,33,281,270,0,31,0,0,6,3,0,0.899,,600,,,,,3,,,
ClassicGumtree,582,33,281,270,0,31,0,0,7,3,0,0.999,,600,,,,,3,,,
ClassicGumtree,449,85,230,219,0,0,0,0,289,3,0,0.1,,600,,,,,4,,,
ClassicGumtree,449,85,230,219,0,0,0,0,289,3,0,0.2,,600,,,,,4,,,
ClassicGumtree,449,85,230,219,0,0,0,0,289,3,0,0.3,,600,,,,,4,,,
ClassicGumtree,449,85,230,219,0,0,0,0,290,3,0,0.4,,600,,,,,4,,,
ClassicGumtree,449,85,230,219,0,0,0,0,281,3,0,0.5,,600,,,,,4,,,
ClassicGumtree,596,99,297,286,0,13,0,0,6,3,0,0.6,,600,,,,,4,,,
ClassicGumtree,596,99,297,286,0,13,0,0,6,3,0,0.7,,600,,,,,4,,,
ClassicGumtree,596,99,297,286,0,13,0,0,6,3,0,0.799,,600,,,,,4,,,
ClassicGumtree,614,31,298,287,0,29,0,0,7,3,0,0.899,,600,,,,,4,,,
ClassicGumtree,614,31,298,287,0,29,0,0,6,3,0,0.999,,600,,,,,4,,,
ClassicGumtree,551,89,281,270,0,0,0,0,93,3,0,0.1,,600,,,,,5,,,
ClassicGumtree,829,92,419,408,0,2,0,0,5,3,0,0.2,,600,,,,,5,,,
ClassicGumtree,829,92,419,408,0,2,0,0,5,3,0,0.3,,600,,,,,5,,,
ClassicGumtree,829,92,419,408,0,2,0,0,4,3,0,0.4,,600,,,,,5,,,
ClassicGumtree,829,92,419,408,0,2,0,0,5,3,0,0.5,,600,,,,,5,,,
ClassicGumtree,829,92,419,408,0,2,0,0,5,3,0,0.6,,600,,,,,5,,,
ClassicGumtree,829,92,419,408,0,2,0,0,5,3,0,0.7,,600,,,,,5,,,
ClassicGumtree,829,92,419,408,0,2,0,0,5,3,0,0.799,,600,,,,,5,,,
ClassicGumtree,845,18,420,409,0,16,0,0,5,3,0,0.899,,600,,,,,5,,,
ClassicGumtree,845,18,420,409,0,16,0,0,5,3,0,0.999,,600,,,,,5,,,
ClassicGumtree,11,1,11,0,0,0,0,0,290,3,0,0.1,,700,,,,,1,,,
ClassicGumtree,11,1,11,0,0,0,0,0,290,3,0,0.2,,700,,,,,1,,,
ClassicGumtree,11,1,11,0,0,0,0,0,289,3,0,0.3,,700,,,,,1,,,
ClassicGumtree,11,1,11,0,0,0,0,0,290,3,0,0.4,,700,,,,,1,,,
ClassicGumtree,11,1,11,0,0,0,0,0,289,3,0,0.5,,700,,,,,1,,,
ClassicGumtree,11,1,11,0,0,0,0,0,290,3,0,0.6,,700,,,,,1,,,
ClassicGumtree,11,1,11,0,0,0,0,0,289,3,0,0.7,,700,,,,,1,,,
ClassicGumtree,11,1,11,0,0,0,0,0,94,3,0,0.799,,700,,,,,1,,,
ClassicGumtree,85,30,34,23,0,28,0,0,6,3,0,0.899,,700,,,,,1,,,
ClassicGumtree,145,88,35,24,0,86,0,0,6,3,0,0.999,,700,,,,,1,,,
ClassicGumtree,79,35,45,34,0,0,0,0,289,3,0,0.1,,700,,,,,2,,,
ClassicGumtree,79,35,45,34,0,0,0,0,290,3,0,0.2,,700,,,,,2,,,
ClassicGumtree,79,35,45,34,0,0,0,0,291,3,0,0.3,,700,,,,,2,,,
ClassicGumtree,79,35,45,34,0,0,0,0,290,3,0,0.4,,700,,,,,2,,,
ClassicGumtree,79,35,45,34,0,0,0,0,281,3,0,0.5,,700,,,,,2,,,
ClassicGumtree,79,35,45,34,0,0,0,0,60,3,0,0.6,,700,,,,,2,,,
ClassicGumtree,217,50,107,96,0,14,0,0,6,3,0,0.7,,700,,,,,2,,,
ClassicGumtree,217,50,107,96,0,14,0,0,6,3,0,0.799,,700,,,,,2,,,
ClassicGumtree,217,50,107,96,0,14,0,0,6,3,0,0.899,,700,,,,,2,,,
ClassicGumtree,260,57,108,97,0,55,0,0,6,3,0,0.999,,700,,,,,2,,,
ClassicGumtree,425,83,218,207,0,0,0,0,290,3,0,0.1,,700,,,,,3,,,
ClassicGumtree,425,83,218,207,0,0,0,0,289,3,0,0.2,,700,,,,,3,,,
ClassicGumtree,425,83,218,207,0,0,0,0,290,3,0,0.3,,700,,,,,3,,,
ClassicGumtree,425,83,218,207,0,0,0,0,289,3,0,0.4,,700,,,,,3,,,
ClassicGumtree,425,83,218,207,0,0,0,0,282,3,0,0.5,,700,,,,,3,,,
ClassicGumtree,425,83,218,207,0,0,0,0,60,3,0,0.6,,700,,,,,3,,,
ClassicGumtree,563,98,280,269,0,14,0,0,6,3,0,0.7,,700,,,,,3,,,
ClassicGumtree,563,98,280,269,0,14,0,0,6,3,0,0.799,,700,,,,,3,,,
ClassicGumtree,582,33,281,270,0,31,0,0,6,3,0,0.899,,700,,,,,3,,,
ClassicGumtree,582,33,281,270,0,31,0,0,7,3,0,0.999,,700,,,,,3,,,
ClassicGumtree,449,85,230,219,0,0,0,0,289,3,0,0.1,,700,,,,,4,,,
ClassicGumtree,449,85,230,219,0,0,0,0,290,3,0,0.2,,700,,,,,4,,,
ClassicGumtree,449,85,230,219,0,0,0,0,290,3,0,0.3,,700,,,,,4,,,
ClassicGumtree,449,85,230,219,0,0,0,0,290,3,0,0.4,,700,,,,,4,,,
ClassicGumtree,449,85,230,219,0,0,0,0,282,3,0,0.5,,700,,,,,4,,,
ClassicGumtree,596,99,297,286,0,13,0,0,6,3,0,0.6,,700,,,,,4,,,
ClassicGumtree,596,99,297,286,0,13,0,0,6,3,0,0.7,,700,,,,,4,,,
ClassicGumtree,596,99,297,286,0,13,0,0,6,3,0,0.799,,700,,,,,4,,,
ClassicGumtree,614,31,298,287,0,29,0,0,7,3,0,0.899,,700,,,,,4,,,
ClassicGumtree,614,31,298,287,0,29,0,0,6,3,0,0.999,,700,,,,,4,,,
ClassicGumtree,551,89,281,270,0,0,0,0,93,3,0,0.1,,700,,,,,5,,,
ClassicGumtree,829,92,419,408,0,2,0,0,5,3,0,0.2,,700,,,,,5,,,
ClassicGumtree,829,92,419,408,0,2,0,0,5,3,0,0.3,,700,,,,,5,,,
ClassicGumtree,829,92,419,408,0,2,0,0,5,3,0,0.4,,700,,,,,5,,,
ClassicGumtree,829,92,419,408,0,2,0,0,5,3,0,0.5,,700,,,,,5,,,
ClassicGumtree,829,92,419,408,0,2,0,0,5,3,0,0.6,,700,,,,,5,,,
ClassicGumtree,829,92,419,408,0,2,0,0,5,3,0,0.7,,700,,,,,5,,,
ClassicGumtree,829,92,419,408,0,2,0,0,4,3,0,0.799,,700,,,,,5,,,
ClassicGumtree,845,18,420,409,0,16,0,0,5,3,0,0.899,,700,,,,,5,,,
ClassicGumtree,845,18,420,409,0,16,0,0,6,3,0,0.999,,700,,,,,5,,,
ClassicGumtree,11,1,11,0,0,0,0,0,290,3,0,0.1,,800,,,,,1,,,
ClassicGumtree,11,1,11,0,0,0,0,0,290,3,0,0.2,,800,,,,,1,,,
ClassicGumtree,11,1,11,0,0,0,0,0,289,3,0,0.3,,800,,,,,1,,,
ClassicGumtree,11,1,11,0,0,0,0,0,289,3,0,0.4,,800,,,,,1,,,
ClassicGumtree,11,1,11,0,0,0,0,0,289,3,0,0.5,,800,,,,,1,,,
ClassicGumtree,11,1,11,0,0,0,0,0,291,3,0,0.6,,800,,,,,1,,,
ClassicGumtree,11,1,11,0,0,0,0,0,288,3,0,0.7,,800,,,,,1,,,
ClassicGumtree,11,1,11,0,0,0,0,0,94,3,0,0.799,,800,,,,,1,,,
ClassicGumtree,85,30,34,23,0,28,0,0,6,3,0,0.899,,800,,,,,1,,,
ClassicGumtree,145,88,35,24,0,86,0,0,6,3,0,0.999,,800,,,,,1,,,
ClassicGumtree,79,35,45,34,0,0,0,0,289,3,0,0.1,,800,,,,,2,,,
ClassicGumtree,79,35,45,34,0,0,0,0,290,3,0,0.2,,800,,,,,2,,,
ClassicGumtree,79,35,45,34,0,0,0,0,289,3,0,0.3,,800,,,,,2,,,
ClassicGumtree,79,35,45,34,0,0,0,0,290,3,0,0.4,,800,,,,,2,,,
ClassicGumtree,79,35,45,34,0,0,0,0,281,3,0,0.5,,800,,,,,2,,,
ClassicGumtree,79,35,45,34,0,0,0,0,60,3,0,0.6,,800,,,,,2,,,
ClassicGumtree,217,50,107,96,0,14,0,0,6,3,0,0.7,,800,,,,,2,,,
ClassicGumtree,217,50,107,96,0,14,0,0,6,3,0,0.799,,800,,,,,2,,,
ClassicGumtree,217,50,107,96,0,14,0,0,6,3,0,0.899,,800,,,,,2,,,
ClassicGumtree,260,57,108,97,0,55,0,0,6,3,0,0.999,,800,,,,,2,,,
ClassicGumtree,425,83,218,207,0,0,0,0,290,3,0,0.1,,800,,,,,3,,,
ClassicGumtree,425,83,218,207,0,0,0,0,290,3,0,0.2,,800,,,,,3,,,
ClassicGumtree,425,83,218,207,0,0,0,0,290,3,0,0.3,,800,,,,,3,,,
ClassicGumtree,425,83,218,207,0,0,0,0,290,3,0,0.4,,800,,,,,3,,,
ClassicGumtree,425,83,218,207,0,0,0,0,282,3,0,0.5,,800,,,,,3,,,
ClassicGumtree,425,83,218,207,0,0,0,0,60,3,0,0.6,,800,,,,,3,,,
ClassicGumtree,563,98,280,269,0,14,0,0,6,3,0,0.7,,800,,,,,3,,,
ClassicGumtree,563,98,280,269,0,14,0,0,6,3,0,0.799,,800,,,,,3,,,
ClassicGumtree,582,33,281,270,0,31,0,0,6,3,0,0.899,,800,,,,,3,,,
ClassicGumtree,582,33,281,270,0,31,0,0,6,3,0,0.999,,800,,,,,3,,,
ClassicGumtree,449,85,230,219,0,0,0,0,290,3,0,0.1,,800,,,,,4,,,
ClassicGumtree,449,85,230,219,0,0,0,0,289,3,0,0.2,,800,,,,,4,,,
ClassicGumtree,449,85,230,219,0,0,0,0,290,3,0,0.3,,800,,,,,4,,,
ClassicGumtree,449,85,230,219,0,0,0,0,290,3,0,0.4,,800,,,,,4,,,
ClassicGumtree,449,85,230,219,0,0,0,0,281,3,0,0.5,,800,,,,,4,,,
ClassicGumtree,596,99,297,286,0,13,0,0,6,3,0,0.6,,800,,,,,4,,,
ClassicGumtree,596,99,297,286,0,13,0,0,6,3,0,0.7,,800,,,,,4,,,
ClassicGumtree,596,99,297,286,0,13,0,0,6,3,0,0.799,,800,,,,,4,,,
ClassicGumtree,614,31,298,287,0,29,0,0,6,3,0,0.899,,800,,,,,4,,,
ClassicGumtree,614,31,298,287,0,29,0,0,7,3,0,0.999,,800,,,,,4,,,
ClassicGumtree,551,89,281,270,0,0,0,0,93,3,0,0.1,,800,,,,,5,,,
ClassicGumtree,829,92,419,408,0,2,0,0,5,3,0,0.2,,800,,,,,5,,,
ClassicGumtree,829,92,419,408,0,2,0,0,5,3,0,0.3,,800,,,,,5,,,
ClassicGumtree,829,92,419,408,0,2,0,0,5,3,0,0.4,,800,,,,,5,,,
ClassicGumtree,829,92,419,408,0,2,0,0,4,3,0,0.5,,800,,,,,5,,,
ClassicGumtree,829,92,419,408,0,2,0,0,5,3,0,0.6,,800,,,,,5,,,
ClassicGumtree,829,92,419,408,0,2,0,0,4,3,0,0.7,,800,,,,,5,,,
ClassicGumtree,829,92,419,408,0,2,0,0,5,3,0,0.799,,800,,,,,5,,,
ClassicGumtree,845,18,420,409,0,16,0,0,6,3,0,0.899,,800,,,,,5,,,
ClassicGumtree,845,18,420,409,0,16,0,0,5,3,0,0.999,,800,,,,,5,,,
ClassicGumtree,11,1,11,0,0,0,0,0,289,3,0,0.1,,900,,,,,1,,,
ClassicGumtree,11,1,11,0,0,0,0,0,289,3,0,0.2,,900,,,,,1,,,
ClassicGumtree,11,1,11,0,0,0,0,0,289,3,0,0.3,,900,,,,,1,,,
ClassicGumtree,11,1,11,0,0,0,0,0,289,3,0,0.4,,900,,,,,1,,,
ClassicGumtree,11,1,11,0,0,0,0,0,290,3,0,0.5,,900,,,,,1,,,
ClassicGumtree,11,1,11,0,0,0,0,0,290,3,0,0.6,,900,,,,,1,,,
ClassicGumtree,11,1,11,0,0,0,0,0,289,3,0,0.7,,900,,,,,1,,,
ClassicGumtree,11,1,11,0,0,0,0,0,94,3,0,0.799,,900,,,,,1,,,
ClassicGumtree,85,30,34,23,0,28,0,0,6,3,0,0.899,,900,,,,,1,,,
ClassicGumtree,145,88,35,24,0,86,0,0,6,3,0,0.999,,900,,,,,1,,,
ClassicGumtree,79,35,45,34,0,0,0,0,290,3,0,0.1,,900,,,,,2,,,
ClassicGumtree,79,35,45,34,0,0,0,0,290,3,0,0.2,,900,,,,,2,,,
ClassicGumtree,79,35,45,34,0,0,0,0,290,3,0,0.3,,900,,,,,2,,,
ClassicGumtree,79,35,45,34,0,0,0,0,290,3,0,0.4,,900,,,,,2,,,
ClassicGumtree,79,35,45,34,0,0,0,0,282,3,0,0.5,,900,,,,,2,,,
ClassicGumtree,79,35,45,34,0,0,0,0,60,3,0,0.6,,900,,,,,2,,,
ClassicGumtree,217,50,107,96,0,14,0,0,6,3,0,0.7,,900,,,,,2,,,
ClassicGumtree,217,50,107,96,0,14,0,0,6,3,0,0.799,,900,,,,,2,,,
ClassicGumtree,217,50,107,96,0,14,0,0,6,3,0,0.899,,900,,,,,2,,,
ClassicGumtree,260,57,108,97,0,55,0,0,7,3,0,0.999,,900,,,,,2,,,
ClassicGumtree,425,83,218,207,0,0,0,0,289,3,0,0.1,,900,,,,,3,,,
ClassicGumtree,425,83,218,207,0,0,0,0,289,3,0,0.2,,900,,,,,3,,,
ClassicGumtree,425,83,218,207,0,0,0,0,290,3,0,0.3,,900,,,,,3,,,
ClassicGumtree,425,83,218,207,0,0,0,0,290,3,0,0.4,,900,,,,,3,,,
ClassicGumtree,425,83,218,207,0,0,0,0,282,3,0,0.5,,900,,,,,3,,,
ClassicGumtree,425,83,218,207,0,0,0,0,59,3,0,0.6,,900,,,,,3,,,
ClassicGumtree,563,98,280,269,0,14,0,0,6,3,0,0.7,,900,,,,,3,,,
ClassicGumtree,563,98,280,269,0,14,0,0,6,3,0,0.799,,900,,,,,3,,,
ClassicGumtree,582,33,281,270,0,31,0,0,7,3,0,0.899,,900,,,,,3,,,
ClassicGumtree,582,33,281,270,0,31,0,0,6,3,0,0.999,,900,,,,,3,,,
ClassicGumtree,449,85,230,219,0,0,0,0,290,3,0,0.1,,900,,,,,4,,,
ClassicGumtree,449,85,230,219,0,0,0,0,289,3,0,0.2,,900,,,,,4,,,
ClassicGumtree,449,85,230,219,0,0,0,0,290,3,0,0.3,,900,,,,,4,,,
ClassicGumtree,449,85,230,219,0,0,0,0,289,3,0,0.4,,900,,,,,4,,,
ClassicGumtree,449,85,230,219,0,0,0,0,282,3,0,0.5,,900,,,,,4,,,
ClassicGumtree,596,99,297,286,0,13,0,0,6,3,0,0.6,,900,,,,,4,,,
ClassicGumtree,596,99,297,286,0,13,0,0,6,3,0,0.7,,900,,,,,4,,,
ClassicGumtree,596,99,297,286,0,13,0,0,6,3,0,0.799,,900,,,,,4,,,
ClassicGumtree,614,31,298,287,0,29,0,0,7,3,0,0.899,,900,,,,,4,,,
ClassicGumtree,614,31,298,287,0,29,0,0,6,3,0,0.999,,900,,,,,4,,,
ClassicGumtree,551,89,281,270,0,0,0,0,93,3,0,0.1,,900,,,,,5,,,
ClassicGumtree,829,92,419,408,0,2,0,0,5,3,0,0.2,,900,,,,,5,,,
ClassicGumtree,829,92,419,408,0,2,0,0,5,3,0,0.3,,900,,,,,5,,,
ClassicGumtree,829,92,419,408,0,2,0,0,5,3,0,0.4,,900,,,,,5,,,
ClassicGumtree,829,92,419,408,0,2,0,0,5,3,0,0.5,,900,,,,,5,,,
ClassicGumtree,829,92,419,408,0,2,0,0,5,3,0,0.6,,900,,,,,5,,,
ClassicGumtree,829,92,419,408,0,2,0,0,5,3,0,0.7,,900,,,,,5,,,
ClassicGumtree,829,92,419,408,0,2,0,0,4,3,0,0.799,,900,,,,,5,,,
ClassicGumtree,845,18,420,409,0,16,0,0,5,3,0,0.899,,900,,,,,5,,,
ClassicGumtree,845,18,420,409,0,16,0,0,5,3,0,0.999,,900,,,,,5,,,
ClassicGumtree,11,1,11,0,0,0,0,0,289,3,0,0.1,,1000,,,,,1,,,
ClassicGumtree,11,1,11,0,0,0,0,0,290,3,0,0.2,,1000,,,,,1,,,
ClassicGumtree,11,1,11,0,0,0,0,0,291,3,0,0.3,,1000,,,,,1,,,
ClassicGumtree,11,1,11,0,0,0,0,0,289,3,0,0.4,,1000,,,,,1,,,
ClassicGumtree,11,1,11,0,0,0,0,0,289,3,0,0.5,,1000,,,,,1,,,
ClassicGumtree,11,1,11,0,0,0,0,0,289,3,0,0.6,,1000,,,,,1,,,
ClassicGumtree,11,1,11,0,0,0,0,0,292,3,0,0.7,,1000,,,,,1,,,
ClassicGumtree,11,1,11,0,0,0,0,0,94,3,0,0.799,,1000,,,,,1,,,
ClassicGumtree,85,30,34,23,0,28,0,0,6,3,0,0.899,,1000,,,,,1,,,
ClassicGumtree,145,88,35,24,0,86,0,0,7,3,0,0.999,,1000,,,,,1,,,
ClassicGumtree,79,35,45,34,0,0,0,0,289,3,0,0.1,,1000,,,,,2,,,
ClassicGumtree,79,35,45,34,0,0,0,0,289,3,0,0.2,,1000,,,,,2,,,
ClassicGumtree,79,35,45,34,0,0,0,0,289,3,0,0.3,,1000,,,,,2,,,
ClassicGumtree,79,35,45,34,0,0,0,0,290,3,0,0.4,,1000,,,,,2,,,
ClassicGumtree,79,35,45,34,0,0,0,0,281,3,0,0.5,,1000,,,,,2,,,
ClassicGumtree,79,35,45,34,0,0,0,0,59,3,0,0.6,,1000,,,,,2,,,
ClassicGumtree,217,50,107,96,0,14,0,0,6,3,0,0.7,,1000,,,,,2,,,
ClassicGumtree,217,50,107,96,0,14,0,0,6,3,0,0.799,,1000,,,,,2,,,
ClassicGumtree,217,50,107,96,0,14,0,0,6,3,0,0.899,,1000,,,,,2,,,
ClassicGumtree,260,57,108,97,0,55,0,0,6,3,0,0.999,,1000,,,,,2,,,
ClassicGumtree,425,83,218,207,0,0,0,0,289,3,0,0.1,,1000,,,,,3,,,
ClassicGumtree,425,83,218,207,0,0,0,0,289,3,0,0.2,,1000,,,,,3,,,
ClassicGumtree,425,83,218,207,0,0,0,0,290,3,0,0.3,,1000,,,,,3,,,
ClassicGumtree,425,83,218,207,0,0,0,0,289,3,0,0.4,,1000,,,,,3,,,
ClassicGumtree,425,83,218,207,0,0,0,0,281,3,0,0.5,,1000,,,,,3,,,
ClassicGumtree,425,83,218,207,0,0,0,0,60,3,0,0.6,,1000,,,,,3,,,
ClassicGumtree,563,98,280,269,0,14,0,0,6,3,0,0.7,,1000,,,,,3,,,
ClassicGumtree,563,98,280,269,0,14,0,0,6,3,0,0.799,,1000,,,,,3,,,
ClassicGumtree,582,33,281,270,0,31,0,0,6,3,0,0.899,,1000,,,,,3,,,
ClassicGumtree,582,33,281,270,0,31,0,0,6,3,0,0.999,,1000,,,,,3,,,
ClassicGumtree,449,85,230,219,0,0,0,0,290,3,0,0.1,,1000,,,,,4,,,
ClassicGumtree,449,85,230,219,0,0,0,0,289,3,0,0.2,,1000,,,,,4,,,
ClassicGumtree,449,85,230,219,0,0,0,0,290,3,0,0.3,,1000,,,,,4,,,
ClassicGumtree,449,85,230,219,0,0,0,0,289,3,0,0.4,,1000,,,,,4,,,
ClassicGumtree,449,85,230,219,0,0,0,0,281,3,0,0.5,,1000,,,,,4,,,
ClassicGumtree,596,99,297,286,0,13,0,0,6,3,0,0.6,,1000,,,,,4,,,
ClassicGumtree,596,99,297,286,0,13,0,0,6,3,0,0.7,,1000,,,,,4,,,
ClassicGumtree,596,99,297,286,0,13,0,0,6,3,0,0.799,,1000,,,,,4,,,
ClassicGumtree,614,31,298,287,0,29,0,0,7,3,0,0.899,,1000,,,,,4,,,
ClassicGumtree,614,31,298,287,0,29,0,0,7,3,0,0.999,,1000,,,,,4,,,
ClassicGumtree,551,89,281,270,0,0,0,0,93,3,0,0.1,,1000,,,,,5,,,
ClassicGumtree,829,92,419,408,0,2,0,0,5,3,0,0.2,,1000,,,,,5,,,
ClassicGumtree,829,92,419,408,0,2,0,0,5,3,0,0.3,,1000,,,,,5,,,
ClassicGumtree,829,92,419,408,0,2,0,0,4,3,0,0.4,,1000,,,,,5,,,
ClassicGumtree,829,92,419,408,0,2,0,0,4,3,0,0.5,,1000,,,,,5,,,
ClassicGumtree,829,92,419,408,0,2,0,0,4,3,0,0.6,,1000,,,,,5,,,
ClassicGumtree,829,92,419,408,0,2,0,0,4,3,0,0.7,,1000,,,,,5,,,
ClassicGumtree,829,92,419,408,0,2,0,0,4,3,0,0.799,,1000,,,,,5,,,
ClassicGumtree,845,18,420,409,0,16,0,0,6,3,0,0.899,,1000,,,,,5,,,
ClassicGumtree,845,18,420,409,0,16,0,0,6,3,0,0.999,,1000,,,,,5,,,
ClassicGumtree,11,1,11,0,0,0,0,0,289,3,0,0.1,,1100,,,,,1,,,
ClassicGumtree,11,1,11,0,0,0,0,0,289,3,0,0.2,,1100,,,,,1,,,
ClassicGumtree,11,1,11,0,0,0,0,0,290,3,0,0.3,,1100,,,,,1,,,
ClassicGumtree,11,1,11,0,0,0,0,0,290,3,0,0.4,,1100,,,,,1,,,
ClassicGumtree,11,1,11,0,0,0,0,0,289,3,0,0.5,,1100,,,,,1,,,
ClassicGumtree,11,1,11,0,0,0,0,0,294,3,0,0.6,,1100,,,,,1,,,
ClassicGumtree,11,1,11,0,0,0,0,0,293,3,0,0.7,,1100,,,,,1,,,
ClassicGumtree,11,1,11,0,0,0,0,0,93,3,0,0.799,,1100,,,,,1,,,
ClassicGumtree,85,30,34,23,0,28,0,0,6,3,0,0.899,,1100,,,,,1,,,
ClassicGumtree,145,88,35,24,0,86,0,0,6,3,0,0.999,,1100,,,,,1,,,
ClassicGumtree,79,35,45,34,0,0,0,0,294,3,0,0.1,,1100,,,,,2,,,
ClassicGumtree,79,35,45,34,0,0,0,0,295,3,0,0.2,,1100,,,,,2,,,
ClassicGumtree,79,35,45,34,0,0,0,0,295,3,0,0.3,,1100,,,,,2,,,
ClassicGumtree,79,35,45,34,0,0,0,0,294,3,0,0.4,,1100,,,,,2,,,
ClassicGumtree,79,35,45,34,0,0,0,0,286,3,0,0.5,,1100,,,,,2,,,
ClassicGumtree,79,35,45,34,0,0,0,0,59,3,0,0.6,,1100,,,,,2,,,
ClassicGumtree,217,50,107,96,0,14,0,0,6,3,0,0.7,,1100,,,,,2,,,
ClassicGumtree,217,50,107,96,0,14,0,0,6,3,0,0.799,,1100,,,,,2,,,
ClassicGumtree,217,50,107,96,0,14,0,0,6,3,0,0.899,,1100,,,,,2,,,
ClassicGumtree,260,57,108,97,0,55,0,0,6,3,0,0.999,,1100,,,,,2,,,
ClassicGumtree,425,83,218,207,0,0,0,0,294,3,0,0.1,,1100,,,,,3,,,
ClassicGumtree,425,83,218,207,0,0,0,0,295,3,0,0.2,,1100,,,,,3,,,
ClassicGumtree,425,83,218,207,0,0,0,0,294,3,0,0.3,,1100,,,,,3,,,
ClassicGumtree,425,83,218,207,0,0,0,0,290,3,0,0.4,,1100,,,,,3,,,
ClassicGumtree,425,83,218,207,0,0,0,0,284,3,0,0.5,,1100,,,,,3,,,
ClassicGumtree,425,83,218,207,0,0,0,0,60,3,0,0.6,,1100,,,,,3,,,
ClassicGumtree,563,98,280,269,0,14,0,0,6,3,0,0.7,,1100,,,,,3,,,
ClassicGumtree,563,98,280,269,0,14,0,0,6,3,0,0.799,,1100,,,,,3,,,
ClassicGumtree,582,33,281,270,0,31,0,0,6,3,0,0.899,,1100,,,,,3,,,
ClassicGumtree,582,33,281,270,0,31,0,0,6,3,0,0.999,,1100,,,,,3,,,
ClassicGumtree,449,85,230,219,0,0,0,0,290,3,0,0.1,,1100,,,,,4,,,
ClassicGumtree,449,85,230,219,0,0,0,0,291,3,0,0.2,,1100,,,,,4,,,
ClassicGumtree,449,85,230,219,0,0,0,0,289,3,0,0.3,,1100,,,,,4,,,
ClassicGumtree,449,85,230,219,0,0,0,0,290,3,0,0.4,,1100,,,,,4,,,
ClassicGumtree,449,85,230,219,0,0,0,0,282,3,0,0.5,,1100,,,,,4,,,
ClassicGumtree,596,99,297,286,0,13,0,0,6,3,0,0.6,,1100,,,,,4,,,
ClassicGumtree,596,99,297,286,0,13,0,0,6,3,0,0.7,,1100,,,,,4,,,
ClassicGumtree,596,99,297,286,0,13,0,0,6,3,0,0.799,,1100,,,,,4,,,
ClassicGumtree,614,31,298,287,0,29,0,0,7,3,0,0.899,,1100,,,,,4,,,
ClassicGumtree,614,31,298,287,0,29,0,0,6,3,0,0.999,,1100,,,,,4,,,
ClassicGumtree,551,89,281,270,0,0,0,0,93,3,0,0.1,,1100,,,,,5,,,
ClassicGumtree,829,92,419,408,0,2,0,0,5,3,0,0.2,,1100,,,,,5,,,
ClassicGumtree,829,92,419,408,0,2,0,0,5,3,0,0.3,,1100,,,,,5,,,
ClassicGumtree,829,92,419,408,0,2,0,0,5,3,0,0.4,,1100,,,,,5,,,
ClassicGumtree,829,92,419,408,0,2,0,0,5,3,0,0.5,,1100,,,,,5,,,
ClassicGumtree,829,92,419,408,0,2,0,0,4,3,0,0.6,,1100,,,,,5,,,
ClassicGumtree,829,92,419,408,0,2,0,0,5,3,0,0.7,,1100,,,,,5,,,
ClassicGumtree,829,92,419,408,0,2,0,0,5,3,0,0.799,,1100,,,,,5,,,
ClassicGumtree,845,18,420,409,0,16,0,0,5,3,0,0.899,,1100,,,,,5,,,
ClassicGumtree,845,18,420,409,0,16,0,0,5,3,0,0.999,,1100,,,,,5,,,
ClassicGumtree,11,1,11,0,0,0,0,0,290,3,0,0.1,,1200,,,,,1,,,
ClassicGumtree,11,1,11,0,0,0,0,0,289,3,0,0.2,,1200,,,,,1,,,
ClassicGumtree,11,1,11,0,0,0,0,0,290,3,0,0.3,,1200,,,,,1,,,
ClassicGumtree,11,1,11,0,0,0,0,0,289,3,0,0.4,,1200,,,,,1,,,
ClassicGumtree,11,1,11,0,0,0,0,0,289,3,0,0.5,,1200,,,,,1,,,
ClassicGumtree,11,1,11,0,0,0,0,0,289,3,0,0.6,,1200,,,,,1,,,
ClassicGumtree,11,1,11,0,0,0,0,0,288,3,0,0.7,,1200,,,,,1,,,
ClassicGumtree,11,1,11,0,0,0,0,0,94,3,0,0.799,,1200,,,,,1,,,
ClassicGumtree,85,30,34,23,0,28,0,0,6,3,0,0.899,,1200,,,,,1,,,
ClassicGumtree,145,88,35,24,0,86,0,0,6,3,0,0.999,,1200,,,,,1,,,
ClassicGumtree,79,35,45,34,0,0,0,0,289,3,0,0.1,,1200,,,,,2,,,
ClassicGumtree,79,35,45,34,0,0,0,0,290,3,0,0.2,,1200,,,,,2,,,
ClassicGumtree,79,35,45,34,0,0,0,0,289,3,0,0.3,,1200,,,,,2,,,
ClassicGumtree,79,35,45,34,0,0,0,0,289,3,0,0.4,,1200,,,,,2,,,
ClassicGumtree,79,35,45,34,0,0,0,0,282,3,0,0.5,,1200,,,,,2,,,
ClassicGumtree,79,35,45,34,0,0,0,0,59,3,0,0.6,,1200,,,,,2,,,
ClassicGumtree,217,50,107,96,0,14,0,0,6,3,0,0.7,,1200,,,,,2,,,
ClassicGumtree,217,50,107,96,0,14,0,0,6,3,0,0.799,,1200,,,,,2,,,
ClassicGumtree,217,50,107,96,0,14,0,0,6,3,0,0.899,,1200,,,,,2,,,
ClassicGumtree,260,57,108,97,0,55,0,0,6,3,0,0.999,,1200,,,,,2,,,
ClassicGumtree,425,83,218,207,0,0,0,0,290,3,0,0.1,,1200,,,,,3,,,
ClassicGumtree,425,83,218,207,0,0,0,0,289,3,0,0.2,,1200,,,,,3,,,
ClassicGumtree,425,83,218,207,0,0,0,0,290,3,0,0.3,,1200,,,,,3,,,
ClassicGumtree,425,83,218,207,0,0,0,0,290,3,0,0.4,,1200,,,,,3,,,
ClassicGumtree,425,83,218,207,0,0,0,0,281,3,0,0.5,,1200,,,,,3,,,
ClassicGumtree,425,83,218,207,0,0,0,0,60,3,0,0.6,,1200,,,,,3,,,
ClassicGumtree,563,98,280,269,0,14,0,0,6,3,0,0.7,,1200,,,,,3,,,
ClassicGumtree,563,98,280,269,0,14,0,0,6,3,0,0.799,,1200,,,,,3,,,
ClassicGumtree,582,33,281,270,0,31,0,0,6,3,0,0.899,,1200,,,,,3,,,
ClassicGumtree,582,33,281,270,0,31,0,0,6,3,0,0.999,,1200,,,,,3,,,
ClassicGumtree,449,85,230,219,0,0,0,0,290,3,0,0.1,,1200,,,,,4,,,
ClassicGumtree,449,85,230,219,0,0,0,0,290,3,0,0.2,,1200,,,,,4,,,
ClassicGumtree,449,85,230,219,0,0,0,0,289,3,0,0.3,,1200,,,,,4,,,
ClassicGumtree,449,85,230,219,0,0,0,0,289,3,0,0.4,,1200,,,,,4,,,
ClassicGumtree,449,85,230,219,0,0,0,0,281,3,0,0.5,,1200,,,,,4,,,
ClassicGumtree,596,99,297,286,0,13,0,0,6,3,0,0.6,,1200,,,,,4,,,
ClassicGumtree,596,99,297,286,0,13,0,0,6,3,0,0.7,,1200,,,,,4,,,
ClassicGumtree,596,99,297,286,0,13,0,0,6,3,0,0.799,,1200,,,,,4,,,
ClassicGumtree,614,31,298,287,0,29,0,0,6,3,0,0.899,,1200,,,,,4,,,
ClassicGumtree,614,31,298,287,0,29,0,0,7,3,0,0.999,,1200,,,,,4,,,
ClassicGumtree,551,89,281,270,0,0,0,0,93,3,0,0.1,,1200,,,,,5,,,
ClassicGumtree,829,92,419,408,0,2,0,0,5,3,0,0.2,,1200,,,,,5,,,
ClassicGumtree,829,92,419,408,0,2,0,0,5,3,0,0.3,,1200,,,,,5,,,
ClassicGumtree,829,92,419,408,0,2,0,0,5,3,0,0.4,,1200,,,,,5,,,
ClassicGumtree,829,92,419,408,0,2,0,0,5,3,0,0.5,,1200,,,,,5,,,
ClassicGumtree,829,92,419,408,0,2,0,0,5,3,0,0.6,,1200,,,,,5,,,
ClassicGumtree,829,92,419,408,0,2,0,0,5,3,0,0.7,,1200,,,,,5,,,
ClassicGumtree,829,92,419,408,0,2,0,0,5,3,0,0.799,,1200,,,,,5,,,
ClassicGumtree,845,18,420,409,0,16,0,0,5,3,0,0.899,,1200,,,,,5,,,
ClassicGumtree,845,18,420,409,0,16,0,0,5,3,0,0.999,,1200,,,,,5,,,
ClassicGumtree,11,1,11,0,0,0,0,0,289,3,0,0.1,,1300,,,,,1,,,
ClassicGumtree,11,1,11,0,0,0,0,0,289,3,0,0.2,,1300,,,,,1,,,
ClassicGumtree,11,1,11,0,0,0,0,0,290,3,0,0.3,,1300,,,,,1,,,
ClassicGumtree,11,1,11,0,0,0,0,0,290,3,0,0.4,,1300,,,,,1,,,
ClassicGumtree,11,1,11,0,0,0,0,0,290,3,0,0.5,,1300,,,,,1,,,
ClassicGumtree,11,1,11,0,0,0,0,0,290,3,0,0.6,,1300,,,,,1,,,
ClassicGumtree,11,1,11,0,0,0,0,0,289,3,0,0.7,,1300,,,,,1,,,
ClassicGumtree,11,1,11,0,0,0,0,0,94,3,0,0.799,,1300,,,,,1,,,
ClassicGumtree,85,30,34,23,0,28,0,0,6,3,0,0.899,,1300,,,,,1,,,
ClassicGumtree,145,88,35,24,0,86,0,0,7,3,0,0.999,,1300,,,,,1,,,
ClassicGumtree,79,35,45,34,0,0,0,0,290,3,0,0.1,,1300,,,,,2,,,
ClassicGumtree,79,35,45,34,0,0,0,0,289,3,0,0.2,,1300,,,,,2,,,
ClassicGumtree,79,35,45,34,0,0,0,0,290,3,0,0.3,,1300,,,,,2,,,
ClassicGumtree,79,35,45,34,0,0,0,0,290,3,0,0.4,,1300,,,,,2,,,
ClassicGumtree,79,35,45,34,0,0,0,0,282,3,0,0.5,,1300,,,,,2,,,
ClassicGumtree,79,35,45,34,0,0,0,0,60,3,0,0.6,,1300,,,,,2,,,
ClassicGumtree,217,50,107,96,0,14,0,0,5,3,0,0.7,,1300,,,,,2,,,
ClassicGumtree,217,50,107,96,0,14,0,0,5,3,0,0.799,,1300,,,,,2,,,
ClassicGumtree,217,50,107,96,0,14,0,0,6,3,0,0.899,,1300,,,,,2,,,
ClassicGumtree,260,57,108,97,0,55,0,0,6,3,0,0.999,,1300,,,,,2,,,
ClassicGumtree,425,83,218,207,0,0,0,0,290,3,0,0.1,,1300,,,,,3,,,
ClassicGumtree,425,83,218,207,0,0,0,0,289,3,0,0.2,,1300,,,,,3,,,
ClassicGumtree,425,83,218,207,0,0,0,0,289,3,0,0.3,,1300,,,,,3,,,
ClassicGumtree,425,83,218,207,0,0,0,0,290,3,0,0.4,,1300,,,,,3,,,
ClassicGumtree,425,83,218,207,0,0,0,0,281,3,0,0.5,,1300,,,,,3,,,
ClassicGumtree,425,83,218,207,0,0,0,0,59,3,0,0.6,,1300,,,,,3,,,
ClassicGumtree,563,98,280,269,0,14,0,0,6,3,0,0.7,,1300,,,,,3,,,
ClassicGumtree,563,98,280,269,0,14,0,0,6,3,0,0.799,,1300,,,,,3,,,
ClassicGumtree,582,33,281,270,0,31,0,0,7,3,0,0.899,,1300,,,,,3,,,
ClassicGumtree,582,33,281,270,0,31,0,0,6,3,0,0.999,,1300,,,,,3,,,
ClassicGumtree,449,85,230,219,0,0,0,0,289,3,0,0.1,,1300,,,,,4,,,
ClassicGumtree,449,85,230,219,0,0,0,0,289,3,0,0.2,,1300,,,,,4,,,
ClassicGumtree,449,85,230,219,0,0,0,0,292,3,0,0.3,,1300,,,,,4,,,
ClassicGumtree,449,85,230,219,0,0,0,0,289,3,0,0.4,,1300,,,,,4,,,
ClassicGumtree,449,85,230,219,0,0,0,0,281,3,0,0.5,,1300,,,,,4,,,
ClassicGumtree,596,99,297,286,0,13,0,0,6,3,0,0.6,,1300,,,,,4,,,
ClassicGumtree,596,99,297,286,0,13,0,0,6,3,0,0.7,,1300,,,,,4,,,
ClassicGumtree,596,99,297,286,0,13,0,0,6,3,0,0.799,,1300,,,,,4,,,
ClassicGumtree,614,31,298,287,0,29,0,0,6,3,0,0.899,,1300,,,,,4,,,
ClassicGumtree,614,31,298,287,0,29,0,0,7,3,0,0.999,,1300,,,,,4,,,
ClassicGumtree,551,89,281,270,0,0,0,0,93,3,0,0.1,,1300,,,,,5,,,
ClassicGumtree,829,92,419,408,0,2,0,0,5,3,0,0.2,,1300,,,,,5,,,
ClassicGumtree,829,92,419,408,0,2,0,0,5,3,0,0.3,,1300,,,,,5,,,
ClassicGumtree,829,92,419,408,0,2,0,0,5,3,0,0.4,,1300,,,,,5,,,
ClassicGumtree,829,92,419,408,0,2,0,0,5,3,0,0.5,,1300,,,,,5,,,
ClassicGumtree,829,92,419,408,0,2,0,0,5,3,0,0.6,,1300,,,,,5,,,
ClassicGumtree,829,92,419,408,0,2,0,0,5,3,0,0.7,,1300,,,,,5,,,
ClassicGumtree,829,92,419,408,0,2,0,0,4,3,0,0.799,,1300,,,,,5,,,
ClassicGumtree,845,18,420,409,0,16,0,0,5,3,0,0.899,,1300,,,,,5,,,
ClassicGumtree,845,18,420,409,0,16,0,0,6,3,0,0.999,,1300,,,,,5,,,
ClassicGumtree,11,1,11,0,0,0,0,0,290,3,0,0.1,,1400,,,,,1,,,
ClassicGumtree,11,1,11,0,0,0,0,0,289,3,0,0.2,,1400,,,,,1,,,
ClassicGumtree,11,1,11,0,0,0,0,0,289,3,0,0.3,,1400,,,,,1,,,
ClassicGumtree,11,1,11,0,0,0,0,0,290,3,0,0.4,,1400,,,,,1,,,
ClassicGumtree,11,1,11,0,0,0,0,0,290,3,0,0.5,,1400,,,,,1,,,
ClassicGumtree,11,1,11,0,0,0,0,0,290,3,0,0.6,,1400,,,,,1,,,
ClassicGumtree,11,1,11,0,0,0,0,0,289,3,0,0.7,,1400,,,,,1,,,
ClassicGumtree,11,1,11,0,0,0,0,0,94,3,0,0.799,,1400,,,,,1,,,
ClassicGumtree,85,30,34,23,0,28,0,0,7,3,0,0.899,,1400,,,,,1,,,
ClassicGumtree,145,88,35,24,0,86,0,0,7,3,0,0.999,,1400,,,,,1,,,
ClassicGumtree,79,35,45,34,0,0,0,0,289,3,0,0.1,,1400,,,,,2,,,
ClassicGumtree,79,35,45,34,0,0,0,0,291,3,0,0.2,,1400,,,,,2,,,
ClassicGumtree,79,35,45,34,0,0,0,0,290,3,0,0.3,,1400,,,,,2,,,
ClassicGumtree,79,35,45,34,0,0,0,0,289,3,0,0.4,,1400,,,,,2,,,
ClassicGumtree,79,35,45,34,0,0,0,0,281,3,0,0.5,,1400,,,,,2,,,
ClassicGumtree,79,35,45,34,0,0,0,0,60,3,0,0.6,,1400,,,,,2,,,
ClassicGumtree,217,50,107,96,0,14,0,0,6,3,0,0.7,,1400,,,,,2,,,
ClassicGumtree,217,50,107,96,0,14,0,0,6,3,0,0.799,,1400,,,,,2,,,
ClassicGumtree,217,50,107,96,0,14,0,0,6,3,0,0.899,,1400,,,,,2,,,
ClassicGumtree,260,57,108,97,0,55,0,0,6,3,0,0.999,,1400,,,,,2,,,
ClassicGumtree,425,83,218,207,0,0,0,0,290,3,0,0.1,,1400,,,,,3,,,
ClassicGumtree,425,83,218,207,0,0,0,0,289,3,0,0.2,,1400,,,,,3,,,
ClassicGumtree,425,83,218,207,0,0,0,0,289,3,0,0.3,,1400,,,,,3,,,
ClassicGumtree,425,83,218,207,0,0,0,0,289,3,0,0.4,,1400,,,,,3,,,
ClassicGumtree,425,83,218,207,0,0,0,0,281,3,0,0.5,,1400,,,,,3,,,
ClassicGumtree,425,83,218,207,0,0,0,0,60,3,0,0.6,,1400,,,,,3,,,
ClassicGumtree,563,98,280,269,0,14,0,0,6,3,0,0.7,,1400,,,,,3,,,
ClassicGumtree,563,98,280,269,0,14,0,0,6,3,0,0.799,,1400,,,,,3,,,
ClassicGumtree,582,33,281,270,0,31,0,0,6,3,0,0.899,,1400,,,,,3,,,
ClassicGumtree,582,33,281,270,0,31,0,0,6,3,0,0.999,,1400,,,,,3,,,
ClassicGumtree,449,85,230,219,0,0,0,0,290,3,0,0.1,,1400,,,,,4,,,
ClassicGumtree,449,85,230,219,0,0,0,0,289,3,0,0.2,,1400,,,,,4,,,
ClassicGumtree,449,85,230,219,0,0,0,0,289,3,0,0.3,,1400,,,,,4,,,
ClassicGumtree,449,85,230,219,0,0,0,0,290,3,0,0.4,,1400,,,,,4,,,
ClassicGumtree,449,85,230,219,0,0,0,0,281,3,0,0.5,,1400,,,,,4,,,
ClassicGumtree,596,99,297,286,0,13,0,0,6,3,0,0.6,,1400,,,,,4,,,
ClassicGumtree,596,99,297,286,0,13,0,0,6,3,0,0.7,,1400,,,,,4,,,
ClassicGumtree,596,99,297,286,0,13,0,0,5,3,0,0.799,,1400,,,,,4,,,
ClassicGumtree,614,31,298,287,0,29,0,0,6,3,0,0.899,,1400,,,,,4,,,
ClassicGumtree,614,31,298,287,0,29,0,0,6,3,0,0.999,,1400,,,,,4,,,
ClassicGumtree,551,89,281,270,0,0,0,0,93,3,0,0.1,,1400,,,,,5,,,
ClassicGumtree,829,92,419,408,0,2,0,0,5,3,0,0.2,,1400,,,,,5,,,
ClassicGumtree,829,92,419,408,0,2,0,0,5,3,0,0.3,,1400,,,,,5,,,
ClassicGumtree,829,92,419,408,0,2,0,0,4,3,0,0.4,,1400,,,,,5,,,
ClassicGumtree,829,92,419,408,0,2,0,0,5,3,0,0.5,,1400,,,,,5,,,
ClassicGumtree,829,92,419,408,0,2,0,0,5,3,0,0.6,,1400,,,,,5,,,
ClassicGumtree,829,92,419,408,0,2,0,0,5,3,0,0.7,,1400,,,,,5,,,
ClassicGumtree,829,92,419,408,0,2,0,0,5,3,0,0.799,,1400,,,,,5,,,
ClassicGumtree,845,18,420,409,0,16,0,0,5,3,0,0.899,,1400,,,,,5,,,
ClassicGumtree,845,18,420,409,0,16,0,0,5,3,0,0.999,,1400,,,,,5,,,
ClassicGumtree,11,1,11,0,0,0,0,0,290,3,0,0.1,,1500,,,,,1,,,
ClassicGumtree,11,1,11,0,0,0,0,0,290,3,0,0.2,,1500,,,,,1,,,
ClassicGumtree,11,1,11,0,0,0,0,0,290,3,0,0.3,,1500,,,,,1,,,
ClassicGumtree,11,1,11,0,0,0,0,0,290,3,0,0.4,,1500,,,,,1,,,
ClassicGumtree,11,1,11,0,0,0,0,0,289,3,0,0.5,,1500,,,,,1,,,
ClassicGumtree,11,1,11,0,0,0,0,0,289,3,0,0.6,,1500,,,,,1,,,
ClassicGumtree,11,1,11,0,0,0,0,0,289,3,0,0.7,,1500,,,,,1,,,
ClassicGumtree,11,1,11,0,0,0,0,0,94,3,0,0.799,,1500,,,,,1,,,
ClassicGumtree,85,30,34,23,0,28,0,0,6,3,0,0.899,,1500,,,,,1,,,
ClassicGumtree,145,88,35,24,0,86,0,0,6,3,0,0.999,,1500,,,,,1,,,
ClassicGumtree,79,35,45,34,0,0,0,0,290,3,0,0.1,,1500,,,,,2,,,
ClassicGumtree,79,35,45,34,0,0,0,0,289,3,0,0.2,,1500,,,,,2,,,
ClassicGumtree,79,35,45,34,0,0,0,0,289,3,0,0.3,,1500,,,,,2,,,
ClassicGumtree,79,35,45,34,0,0,0,0,289,3,0,0.4,,1500,,,,,2,,,
ClassicGumtree,79,35,45,34,0,0,0,0,281,3,0,0.5,,1500,,,,,2,,,
ClassicGumtree,79,35,45,34,0,0,0,0,59,3,0,0.6,,1500,,,,,2,,,
ClassicGumtree,217,50,107,96,0,14,0,0,5,3,0,0.7,,1500,,,,,2,,,
ClassicGumtree,217,50,107,96,0,14,0,0,6,3,0,0.799,,1500,,,,,2,,,
ClassicGumtree,217,50,107,96,0,14,0,0,6,3,0,0.899,,1500,,,,,2,,,
ClassicGumtree,260,57,108,97,0,55,0,0,6,3,0,0.999,,1500,,,,,2,,,
ClassicGumtree,425,83,218,207,0,0,0,0,290,3,0,0.1,,1500,,,,,3,,,
ClassicGumtree,425,83,218,207,0,0,0,0,290,3,0,0.2,,1500,,,,,3,,,
ClassicGumtree,425,83,218,207,0,0,0,0,290,3,0,0.3,,1500,,,,,3,,,
ClassicGumtree,425,83,218,207,0,0,0,0,290,3,0,0.4,,1500,,,,,3,,,
ClassicGumtree,425,83,218,207,0,0,0,0,281,3,0,0.5,,1500,,,,,3,,,
ClassicGumtree,425,83,218,207,0,0,0,0,59,3,0,0.6,,1500,,,,,3,,,
ClassicGumtree,563,98,280,269,0,14,0,0,6,3,0,0.7,,1500,,,,,3,,,
ClassicGumtree,563,98,280,269,0,14,0,0,6,3,0,0.799,,1500,,,,,3,,,
ClassicGumtree,582,33,281,270,0,31,0,0,7,3,0,0.899,,1500,,,,,3,,,
ClassicGumtree,582,33,281,270,0,31,0,0,6,3,0,0.999,,1500,,,,,3,,,
ClassicGumtree,449,85,230,219,0,0,0,0,290,3,0,0.1,,1500,,,,,4,,,
ClassicGumtree,449,85,230,219,0,0,0,0,290,3,0,0.2,,1500,,,,,4,,,
ClassicGumtree,449,85,230,219,0,0,0,0,290,3,0,0.3,,1500,,,,,4,,,
ClassicGumtree,449,85,230,219,0,0,0,0,290,3,0,0.4,,1500,,,,,4,,,
ClassicGumtree,449,85,230,219,0,0,0,0,282,3,0,0.5,,1500,,,,,4,,,
ClassicGumtree,596,99,297,286,0,13,0,0,6,3,0,0.6,,1500,,,,,4,,,
ClassicGumtree,596,99,297,286,0,13,0,0,6,3,0,0.7,,1500,,,,,4,,,
ClassicGumtree,596,99,297,286,0,13,0,0,6,3,0,0.799,,1500,,,,,4,,,
ClassicGumtree,614,31,298,287,0,29,0,0,6,3,0,0.899,,1500,,,,,4,,,
ClassicGumtree,614,31,298,287,0,29,0,0,6,3,0,0.999,,1500,,,,,4,,,
ClassicGumtree,551,89,281,270,0,0,0,0,93,3,0,0.1,,1500,,,,,5,,,
ClassicGumtree,829,92,419,408,0,2,0,0,5,3,0,0.2,,1500,,,,,5,,,
ClassicGumtree,829,92,419,408,0,2,0,0,5,3,0,0.3,,1500,,,,,5,,,
ClassicGumtree,829,92,419,408,0,2,0,0,5,3,0,0.4,,1500,,,,,5,,,
ClassicGumtree,829,92,419,408,0,2,0,0,5,3,0,0.5,,1500,,,,,5,,,
ClassicGumtree,829,92,419,408,0,2,0,0,4,3,0,0.6,,1500,,,,,5,,,
ClassicGumtree,829,92,419,408,0,2,0,0,4,3,0,0.7,,1500,,,,,5,,,
ClassicGumtree,829,92,419,408,0,2,0,0,5,3,0,0.799,,1500,,,,,5,,,
ClassicGumtree,845,18,420,409,0,16,0,0,6,3,0,0.899,,1500,,,,,5,,,
ClassicGumtree,845,18,420,409,0,16,0,0,5,3,0,0.999,,1500,,,,,5,,,
ClassicGumtree,11,1,11,0,0,0,0,0,289,3,0,0.1,,1600,,,,,1,,,
ClassicGumtree,11,1,11,0,0,0,0,0,290,3,0,0.2,,1600,,,,,1,,,
ClassicGumtree,11,1,11,0,0,0,0,0,290,3,0,0.3,,1600,,,,,1,,,
ClassicGumtree,11,1,11,0,0,0,0,0,290,3,0,0.4,,1600,,,,,1,,,
ClassicGumtree,11,1,11,0,0,0,0,0,291,3,0,0.5,,1600,,,,,1,,,
ClassicGumtree,11,1,11,0,0,0,0,0,289,3,0,0.6,,1600,,,,,1,,,
ClassicGumtree,11,1,11,0,0,0,0,0,288,3,0,0.7,,1600,,,,,1,,,
ClassicGumtree,11,1,11,0,0,0,0,0,94,3,0,0.799,,1600,,,,,1,,,
ClassicGumtree,85,30,34,23,0,28,0,0,6,3,0,0.899,,1600,,,,,1,,,
ClassicGumtree,145,88,35,24,0,86,0,0,6,3,0,0.999,,1600,,,,,1,,,
ClassicGumtree,79,35,45,34,0,0,0,0,289,3,0,0.1,,1600,,,,,2,,,
ClassicGumtree,79,35,45,34,0,0,0,0,289,3,0,0.2,,1600,,,,,2,,,
ClassicGumtree,79,35,45,34,0,0,0,0,289,3,0,0.3,,1600,,,,,2,,,
ClassicGumtree,79,35,45,34,0,0,0,0,289,3,0,0.4,,1600,,,,,2,,,
ClassicGumtree,79,35,45,34,0,0,0,0,281,3,0,0.5,,1600,,,,,2,,,
ClassicGumtree,79,35,45,34,0,0,0,0,59,3,0,0.6,,1600,,,,,2,,,
ClassicGumtree,217,50,107,96,0,14,0,0,6,3,0,0.7,,1600,,,,,2,,,
ClassicGumtree,217,50,107,96,0,14,0,0,6,3,0,0.799,,1600,,,,,2,,,
ClassicGumtree,217,50,107,96,0,14,0,0,6,3,0,0.899,,1600,,,,,2,,,
ClassicGumtree,260,57,108,97,0,55,0,0,6,3,0,0.999,,1600,,,,,2,,,
ClassicGumtree,425,83,218,207,0,0,0,0,290,3,0,0.1,,1600,,,,,3,,,
ClassicGumtree,425,83,218,207,0,0,0,0,290,3,0,0.2,,1600,,,,,3,,,
ClassicGumtree,425,83,218,207,0,0,0,0,289,3,0,0.3,,1600,,,,,3,,,
ClassicGumtree,425,83,218,207,0,0,0,0,290,3,0,0.4,,1600,,,,,3,,,
ClassicGumtree,425,83,218,207,0,0,0,0,282,3,0,0.5,,1600,,,,,3,,,
ClassicGumtree,425,83,218,207,0,0,0,0,59,3,0,0.6,,1600,,,,,3,,,
ClassicGumtree,563,98,280,269,0,14,0,0,6,3,0,0.7,,1600,,,,,3,,,
ClassicGumtree,563,98,280,269,0,14,0,0,6,3,0,0.799,,1600,,,,,3,,,
ClassicGumtree,582,33,281,270,0,31,0,0,7,3,0,0.899,,1600,,,,,3,,,
ClassicGumtree,582,33,281,270,0,31,0,0,6,3,0,0.999,,1600,,,,,3,,,
ClassicGumtree,449,85,230,219,0,0,0,0,290,3,0,0.1,,1600,,,,,4,,,
ClassicGumtree,449,85,230,219,0,0,0,0,290,3,0,0.2,,1600,,,,,4,,,
ClassicGumtree,449,85,230,219,0,0,0,0,289,3,0,0.3,,1600,,,,,4,,,
ClassicGumtree,449,85,230,219,0,0,0,0,290,3,0,0.4,,1600,,,,,4,,,
ClassicGumtree,449,85,230,219,0,0,0,0,282,3,0,0.5,,1600,,,,,4,,,
ClassicGumtree,596,99,297,286,0,13,0,0,6,3,0,0.6,,1600,,,,,4,,,
ClassicGumtree,596,99,297,286,0,13,0,0,6,3,0,0.7,,1600,,,,,4,,,
ClassicGumtree,596,99,297,286,0,13,0,0,6,3,0,0.799,,1600,,,,,4,,,
ClassicGumtree,614,31,298,287,0,29,0,0,6,3,0,0.899,,1600,,,,,4,,,
ClassicGumtree,614,31,298,287,0,29,0,0,6,3,0,0.999,,1600,,,,,4,,,
ClassicGumtree,551,89,281,270,0,0,0,0,93,3,0,0.1,,1600,,,,,5,,,
ClassicGumtree,829,92,419,408,0,2,0,0,4,3,0,0.2,,1600,,,,,5,,,
ClassicGumtree,829,92,419,408,0,2,0,0,5,3,0,0.3,,1600,,,,,5,,,
ClassicGumtree,829,92,419,408,0,2,0,0,5,3,0,0.4,,1600,,,,,5,,,
ClassicGumtree,829,92,419,408,0,2,0,0,5,3,0,0.5,,1600,,,,,5,,,
ClassicGumtree,829,92,419,408,0,2,0,0,5,3,0,0.6,,1600,,,,,5,,,
ClassicGumtree,829,92,419,408,0,2,0,0,5,3,0,0.7,,1600,,,,,5,,,
ClassicGumtree,829,92,419,408,0,2,0,0,5,3,0,0.799,,1600,,,,,5,,,
ClassicGumtree,845,18,420,409,0,16,0,0,5,3,0,0.899,,1600,,,,,5,,,
ClassicGumtree,845,18,420,409,0,16,0,0,5,3,0,0.999,,1600,,,,,5,,,
ClassicGumtree,11,1,11,0,0,0,0,0,289,3,0,0.1,,1700,,,,,1,,,
ClassicGumtree,11,1,11,0,0,0,0,0,290,3,0,0.2,,1700,,,,,1,,,
ClassicGumtree,11,1,11,0,0,0,0,0,290,3,0,0.3,,1700,,,,,1,,,
ClassicGumtree,11,1,11,0,0,0,0,0,289,3,0,0.4,,1700,,,,,1,,,
ClassicGumtree,11,1,11,0,0,0,0,0,290,3,0,0.5,,1700,,,,,1,,,
ClassicGumtree,11,1,11,0,0,0,0,0,289,3,0,0.6,,1700,,,,,1,,,
ClassicGumtree,11,1,11,0,0,0,0,0,289,3,0,0.7,,1700,,,,,1,,,
ClassicGumtree,11,1,11,0,0,0,0,0,94,3,0,0.799,,1700,,,,,1,,,
ClassicGumtree,85,30,34,23,0,28,0,0,6,3,0,0.899,,1700,,,,,1,,,
ClassicGumtree,145,88,35,24,0,86,0,0,6,3,0,0.999,,1700,,,,,1,,,
ClassicGumtree,79,35,45,34,0,0,0,0,289,3,0,0.1,,1700,,,,,2,,,
ClassicGumtree,79,35,45,34,0,0,0,0,289,3,0,0.2,,1700,,,,,2,,,
ClassicGumtree,79,35,45,34,0,0,0,0,290,3,0,0.3,,1700,,,,,2,,,
ClassicGumtree,79,35,45,34,0,0,0,0,290,3,0,0.4,,1700,,,,,2,,,
ClassicGumtree,79,35,45,34,0,0,0,0,281,3,0,0.5,,1700,,,,,2,,,
ClassicGumtree,79,35,45,34,0,0,0,0,59,3,0,0.6,,1700,,,,,2,,,
ClassicGumtree,217,50,107,96,0,14,0,0,6,3,0,0.7,,1700,,,,,2,,,
ClassicGumtree,217,50,107,96,0,14,0,0,6,3,0,0.799,,1700,,,,,2,,,
ClassicGumtree,217,50,107,96,0,14,0,0,6,3,0,0.899,,1700,,,,,2,,,
ClassicGumtree,260,57,108,97,0,55,0,0,6,3,0,0.999,,1700,,,,,2,,,
ClassicGumtree,425,83,218,207,0,0,0,0,295,3,0,0.1,,1700,,,,,3,,,
ClassicGumtree,425,83,218,207,0,0,0,0,294,3,0,0.2,,1700,,,,,3,,,
ClassicGumtree,425,83,218,207,0,0,0,0,294,3,0,0.3,,1700,,,,,3,,,
ClassicGumtree,425,83,218,207,0,0,0,0,295,3,0,0.4,,1700,,,,,3,,,
ClassicGumtree,425,83,218,207,0,0,0,0,286,3,0,0.5,,1700,,,,,3,,,
ClassicGumtree,425,83,218,207,0,0,0,0,60,3,0,0.6,,1700,,,,,3,,,
ClassicGumtree,563,98,280,269,0,14,0,0,6,3,0,0.7,,1700,,,,,3,,,
ClassicGumtree,563,98,280,269,0,14,0,0,6,3,0,0.799,,1700,,,,,3,,,
ClassicGumtree,582,33,281,270,0,31,0,0,7,3,0,0.899,,1700,,,,,3,,,
ClassicGumtree,582,33,281,270,0,31,0,0,6,3,0,0.999,,1700,,,,,3,,,
ClassicGumtree,449,85,230,219,0,0,0,0,294,3,0,0.1,,1700,,,,,4,,,
ClassicGumtree,449,85,230,219,0,0,0,0,294,3,0,0.2,,1700,,,,,4,,,
ClassicGumtree,449,85,230,219,0,0,0,0,294,3,0,0.3,,1700,,,,,4,,,
ClassicGumtree,449,85,230,219,0,0,0,0,294,3,0,0.4,,1700,,,,,4,,,
ClassicGumtree,449,85,230,219,0,0,0,0,286,3,0,0.5,,1700,,,,,4,,,
ClassicGumtree,596,99,297,286,0,13,0,0,6,3,0,0.6,,1700,,,,,4,,,
ClassicGumtree,596,99,297,286,0,13,0,0,6,3,0,0.7,,1700,,,,,4,,,
ClassicGumtree,596,99,297,286,0,13,0,0,6,3,0,0.799,,1700,,,,,4,,,
ClassicGumtree,614,31,298,287,0,29,0,0,7,3,0,0.899,,1700,,,,,4,,,
ClassicGumtree,614,31,298,287,0,29,0,0,6,3,0,0.999,,1700,,,,,4,,,
ClassicGumtree,551,89,281,270,0,0,0,0,93,3,0,0.1,,1700,,,,,5,,,
ClassicGumtree,829,92,419,408,0,2,0,0,5,3,0,0.2,,1700,,,,,5,,,
ClassicGumtree,829,92,419,408,0,2,0,0,5,3,0,0.3,,1700,,,,,5,,,
ClassicGumtree,829,92,419,408,0,2,0,0,4,3,0,0.4,,1700,,,,,5,,,
ClassicGumtree,829,92,419,408,0,2,0,0,5,3,0,0.5,,1700,,,,,5,,,
ClassicGumtree,829,92,419,408,0,2,0,0,5,3,0,0.6,,1700,,,,,5,,,
ClassicGumtree,829,92,419,408,0,2,0,0,5,3,0,0.7,,1700,,,,,5,,,
ClassicGumtree,829,92,419,408,0,2,0,0,5,3,0,0.799,,1700,,,,,5,,,
ClassicGumtree,845,18,420,409,0,16,0,0,5,3,0,0.899,,1700,,,,,5,,,
ClassicGumtree,845,18,420,409,0,16,0,0,5,3,0,0.999,,1700,,,,,5,,,
ClassicGumtree,11,1,11,0,0,0,0,0,292,3,0,0.1,,1800,,,,,1,,,
ClassicGumtree,11,1,11,0,0,0,0,0,292,3,0,0.2,,1800,,,,,1,,,
ClassicGumtree,11,1,11,0,0,0,0,0,291,3,0,0.3,,1800,,,,,1,,,
ClassicGumtree,11,1,11,0,0,0,0,0,292,3,0,0.4,,1800,,,,,1,,,
ClassicGumtree,11,1,11,0,0,0,0,0,292,3,0,0.5,,1800,,,,,1,,,
ClassicGumtree,11,1,11,0,0,0,0,0,292,3,0,0.6,,1800,,,,,1,,,
ClassicGumtree,11,1,11,0,0,0,0,0,291,3,0,0.7,,1800,,,,,1,,,
ClassicGumtree,11,1,11,0,0,0,0,0,96,3,0,0.799,,1800,,,,,1,,,
ClassicGumtree,85,30,34,23,0,28,0,0,6,3,0,0.899,,1800,,,,,1,,,
ClassicGumtree,145,88,35,24,0,86,0,0,7,3,0,0.999,,1800,,,,,1,,,
ClassicGumtree,79,35,45,34,0,0,0,0,292,3,0,0.1,,1800,,,,,2,,,
ClassicGumtree,79,35,45,34,0,0,0,0,291,3,0,0.2,,1800,,,,,2,,,
ClassicGumtree,79,35,45,34,0,0,0,0,290,3,0,0.3,,1800,,,,,2,,,
ClassicGumtree,79,35,45,34,0,0,0,0,290,3,0,0.4,,1800,,,,,2,,,
ClassicGumtree,79,35,45,34,0,0,0,0,282,3,0,0.5,,1800,,,,,2,,,
ClassicGumtree,79,35,45,34,0,0,0,0,60,3,0,0.6,,1800,,,,,2,,,
ClassicGumtree,217,50,107,96,0,14,0,0,6,3,0,0.7,,1800,,,,,2,,,
ClassicGumtree,217,50,107,96,0,14,0,0,6,3,0,0.799,,1800,,,,,2,,,
ClassicGumtree,217,50,107,96,0,14,0,0,6,3,0,0.899,,1800,,,,,2,,,
ClassicGumtree,260,57,108,97,0,55,0,0,6,3,0,0.999,,1800,,,,,2,,,
ClassicGumtree,425,83,218,207,0,0,0,0,290,3,0,0.1,,1800,,,,,3,,,
ClassicGumtree,425,83,218,207,0,0,0,0,290,3,0,0.2,,1800,,,,,3,,,
ClassicGumtree,425,83,218,207,0,0,0,0,290,3,0,0.3,,1800,,,,,3,,,
ClassicGumtree,425,83,218,207,0,0,0,0,289,3,0,0.4,,1800,,,,,3,,,
ClassicGumtree,425,83,218,207,0,0,0,0,281,3,0,0.5,,1800,,,,,3,,,
ClassicGumtree,425,83,218,207,0,0,0,0,59,3,0,0.6,,1800,,,,,3,,,
ClassicGumtree,563,98,280,269,0,14,0,0,6,3,0,0.7,,1800,,,,,3,,,
ClassicGumtree,563,98,280,269,0,14,0,0,6,3,0,0.799,,1800,,,,,3,,,
ClassicGumtree,582,33,281,270,0,31,0,0,6,3,0,0.899,,1800,,,,,3,,,
ClassicGumtree,582,33,281,270,0,31,0,0,7,3,0,0.999,,1800,,,,,3,,,
ClassicGumtree,449,85,230,219,0,0,0,0,289,3,0,0.1,,1800,,,,,4,,,
ClassicGumtree,449,85,230,219,0,0,0,0,290,3,0,0.2,,1800,,,,,4,,,
ClassicGumtree,449,85,230,219,0,0,0,0,290,3,0,0.3,,1800,,,,,4,,,
ClassicGumtree,449,85,230,219,0,0,0,0,290,3,0,0.4,,1800,,,,,4,,,
ClassicGumtree,449,85,230,219,0,0,0,0,281,3,0,0.5,,1800,,,,,4,,,
ClassicGumtree,596,99,297,286,0,13,0,0,6,3,0,0.6,,1800,,,,,4,,,
ClassicGumtree,596,99,297,286,0,13,0,0,6,3,0,0.7,,1800,,,,,4,,,
ClassicGumtree,596,99,297,286,0,13,0,0,6,3,0,0.799,,1800,,,,,4,,,
ClassicGumtree,614,31,298,287,0,29,0,0,6,3,0,0.899,,1800,,,,,4,,,
ClassicGumtree,614,31,298,287,0,29,0,0,6,3,0,0.999,,1800,,,,,4,,,
ClassicGumtree,551,89,281,270,0,0,0,0,93,3,0,0.1,,1800,,,,,5,,,
ClassicGumtree,829,92,419,408,0,2,0,0,5,3,0,0.2,,1800,,,,,5,,,
ClassicGumtree,829,92,419,408,0,2,0,0,5,3,0,0.3,,1800,,,,,5,,,
ClassicGumtree,829,92,419,408,0,2,0,0,4,3,0,0.4,,1800,,,,,5,,,
ClassicGumtree,829,92,419,408,0,2,0,0,5,3,0,0.5,,1800,,,,,5,,,
ClassicGumtree,829,92,419,408,0,2,0,0,4,3,0,0.6,,1800,,,,,5,,,
ClassicGumtree,829,92,419,408,0,2,0,0,5,3,0,0.7,,1800,,,,,5,,,
ClassicGumtree,829,92,419,408,0,2,0,0,5,3,0,0.799,,1800,,,,,5,,,
ClassicGumtree,845,18,420,409,0,16,0,0,5,3,0,0.899,,1800,,,,,5,,,
ClassicGumtree,845,18,420,409,0,16,0,0,5,3,0,0.999,,1800,,,,,5,,,
ClassicGumtree,11,1,11,0,0,0,0,0,290,3,0,0.1,,1900,,,,,1,,,
ClassicGumtree,11,1,11,0,0,0,0,0,290,3,0,0.2,,1900,,,,,1,,,
ClassicGumtree,11,1,11,0,0,0,0,0,290,3,0,0.3,,1900,,,,,1,,,
ClassicGumtree,11,1,11,0,0,0,0,0,292,3,0,0.4,,1900,,,,,1,,,
ClassicGumtree,11,1,11,0,0,0,0,0,291,3,0,0.5,,1900,,,,,1,,,
ClassicGumtree,11,1,11,0,0,0,0,0,290,3,0,0.6,,1900,,,,,1,,,
ClassicGumtree,11,1,11,0,0,0,0,0,288,3,0,0.7,,1900,,,,,1,,,
ClassicGumtree,11,1,11,0,0,0,0,0,95,3,0,0.799,,1900,,,,,1,,,
ClassicGumtree,85,30,34,23,0,28,0,0,6,3,0,0.899,,1900,,,,,1,,,
ClassicGumtree,145,88,35,24,0,86,0,0,6,3,0,0.999,,1900,,,,,1,,,
ClassicGumtree,79,35,45,34,0,0,0,0,290,3,0,0.1,,1900,,,,,2,,,
ClassicGumtree,79,35,45,34,0,0,0,0,290,3,0,0.2,,1900,,,,,2,,,
ClassicGumtree,79,35,45,34,0,0,0,0,289,3,0,0.3,,1900,,,,,2,,,
ClassicGumtree,79,35,45,34,0,0,0,0,290,3,0,0.4,,1900,,,,,2,,,
ClassicGumtree,79,35,45,34,0,0,0,0,281,3,0,0.5,,1900,,,,,2,,,
ClassicGumtree,79,35,45,34,0,0,0,0,60,3,0,0.6,,1900,,,,,2,,,
ClassicGumtree,217,50,107,96,0,14,0,0,6,3,0,0.7,,1900,,,,,2,,,
ClassicGumtree,217,50,107,96,0,14,0,0,6,3,0,0.799,,1900,,,,,2,,,
ClassicGumtree,217,50,107,96,0,14,0,0,6,3,0,0.899,,1900,,,,,2,,,
ClassicGumtree,260,57,108,97,0,55,0,0,6,3,0,0.999,,1900,,,,,2,,,
ClassicGumtree,425,83,218,207,0,0,0,0,290,3,0,0.1,,1900,,,,,3,,,
ClassicGumtree,425,83,218,207,0,0,0,0,290,3,0,0.2,,1900,,,,,3,,,
ClassicGumtree,425,83,218,207,0,0,0,0,289,3,0,0.3,,1900,,,,,3,,,
ClassicGumtree,425,83,218,207,0,0,0,0,289,3,0,0.4,,1900,,,,,3,,,
ClassicGumtree,425,83,218,207,0,0,0,0,281,3,0,0.5,,1900,,,,,3,,,
ClassicGumtree,425,83,218,207,0,0,0,0,60,3,0,0.6,,1900,,,,,3,,,
ClassicGumtree,563,98,280,269,0,14,0,0,6,3,0,0.7,,1900,,,,,3,,,
ClassicGumtree,563,98,280,269,0,14,0,0,6,3,0,0.799,,1900,,,,,3,,,
ClassicGumtree,582,33,281,270,0,31,0,0,6,3,0,0.899,,1900,,,,,3,,,
ClassicGumtree,582,33,281,270,0,31,0,0,6,3,0,0.999,,1900,,,,,3,,,
ClassicGumtree,449,85,230,219,0,0,0,0,290,3,0,0.1,,1900,,,,,4,,,
ClassicGumtree,449,85,230,219,0,0,0,0,290,3,0,0.2,,1900,,,,,4,,,
ClassicGumtree,449,85,230,219,0,0,0,0,289,3,0,0.3,,1900,,,,,4,,,
ClassicGumtree,449,85,230,219,0,0,0,0,290,3,0,0.4,,1900,,,,,4,,,
ClassicGumtree,449,85,230,219,0,0,0,0,281,3,0,0.5,,1900,,,,,4,,,
ClassicGumtree,596,99,297,286,0,13,0,0,6,3,0,0.6,,1900,,,,,4,,,
ClassicGumtree,596,99,297,286,0,13,0,0,6,3,0,0.7,,1900,,,,,4,,,
ClassicGumtree,596,99,297,286,0,13,0,0,6,3,0,0.799,,1900,,,,,4,,,
ClassicGumtree,614,31,298,287,0,29,0,0,6,3,0,0.899,,1900,,,,,4,,,
ClassicGumtree,614,31,298,287,0,29,0,0,6,3,0,0.999,,1900,,,,,4,,,
ClassicGumtree,551,89,281,270,0,0,0,0,93,3,0,0.1,,1900,,,,,5,,,
ClassicGumtree,829,92,419,408,0,2,0,0,5,3,0,0.2,,1900,,,,,5,,,
ClassicGumtree,829,92,419,408,0,2,0,0,5,3,0,0.3,,1900,,,,,5,,,
ClassicGumtree,829,92,419,408,0,2,0,0,5,3,0,0.4,,1900,,,,,5,,,
ClassicGumtree,829,92,419,408,0,2,0,0,5,3,0,0.5,,1900,,,,,5,,,
ClassicGumtree,829,92,419,408,0,2,0,0,5,3,0,0.6,,1900,,,,,5,,,
ClassicGumtree,829,92,419,408,0,2,0,0,5,3,0,0.7,,1900,,,,,5,,,
ClassicGumtree,829,92,419,408,0,2,0,0,5,3,0,0.799,,1900,,,,,5,,,
ClassicGumtree,845,18,420,409,0,16,0,0,5,3,0,0.899,,1900,,,,,5,,,
ClassicGumtree,845,18,420,409,0,16,0,0,5,3,0,0.999,,1900,,,,,5,,,
ClassicGumtree,11,1,11,0,0,0,0,0,290,3,0,0.1,,2000,,,,,1,,,
ClassicGumtree,11,1,11,0,0,0,0,0,290,3,0,0.2,,2000,,,,,1,,,
ClassicGumtree,11,1,11,0,0,0,0,0,289,3,0,0.3,,2000,,,,,1,,,
ClassicGumtree,11,1,11,0,0,0,0,0,289,3,0,0.4,,2000,,,,,1,,,
ClassicGumtree,11,1,11,0,0,0,0,0,289,3,0,0.5,,2000,,,,,1,,,
ClassicGumtree,11,1,11,0,0,0,0,0,289,3,0,0.6,,2000,,,,,1,,,
ClassicGumtree,11,1,11,0,0,0,0,0,288,3,0,0.7,,2000,,,,,1,,,
ClassicGumtree,11,1,11,0,0,0,0,0,94,3,0,0.799,,2000,,,,,1,,,
ClassicGumtree,85,30,34,23,0,28,0,0,6,3,0,0.899,,2000,,,,,1,,,
ClassicGumtree,145,88,35,24,0,86,0,0,6,3,0,0.999,,2000,,,,,1,,,
ClassicGumtree,79,35,45,34,0,0,0,0,290,3,0,0.1,,2000,,,,,2,,,
ClassicGumtree,79,35,45,34,0,0,0,0,290,3,0,0.2,,2000,,,,,2,,,
ClassicGumtree,79,35,45,34,0,0,0,0,289,3,0,0.3,,2000,,,,,2,,,
ClassicGumtree,79,35,45,34,0,0,0,0,289,3,0,0.4,,2000,,,,,2,,,
ClassicGumtree,79,35,45,34,0,0,0,0,281,3,0,0.5,,2000,,,,,2,,,
ClassicGumtree,79,35,45,34,0,0,0,0,59,3,0,0.6,,2000,,,,,2,,,
ClassicGumtree,217,50,107,96,0,14,0,0,6,3,0,0.7,,2000,,,,,2,,,
ClassicGumtree,217,50,107,96,0,14,0,0,6,3,0,0.799,,2000,,,,,2,,,
ClassicGumtree,217,50,107,96,0,14,0,0,6,3,0,0.899,,2000,,,,,2,,,
ClassicGumtree,260,57,108,97,0,55,0,0,6,3,0,0.999,,2000,,,,,2,,,
ClassicGumtree,425,83,218,207,0,0,0,0,289,3,0,0.1,,2000,,,,,3,,,
ClassicGumtree,425,83,218,207,0,0,0,0,290,3,0,0.2,,2000,,,,,3,,,
ClassicGumtree,425,83,218,207,0,0,0,0,290,3,0,0.3,,2000,,,,,3,,,
ClassicGumtree,425,83,218,207,0,0,0,0,289,3,0,0.4,,2000,,,,,3,,,
ClassicGumtree,425,83,218,207,0,0,0,0,279,3,0,0.5,,2000,,,,,3,,,
ClassicGumtree,425,83,218,207,0,0,0,0,59,3,0,0.6,,2000,,,,,3,,,
ClassicGumtree,563,98,280,269,0,14,0,0,6,3,0,0.7,,2000,,,,,3,,,
ClassicGumtree,563,98,280,269,0,14,0,0,6,3,0,0.799,,2000,,,,,3,,,
ClassicGumtree,582,33,281,270,0,31,0,0,6,3,0,0.899,,2000,,,,,3,,,
ClassicGumtree,582,33,281,270,0,31,0,0,7,3,0,0.999,,2000,,,,,3,,,
ClassicGumtree,449,85,230,219,0,0,0,0,275,3,0,0.1,,2000,,,,,4,,,
ClassicGumtree,449,85,230,219,0,0,0,0,272,3,0,0.2,,2000,,,,,4,,,
ClassicGumtree,449,85,230,219,0,0,0,0,270,3,0,0.3,,2000,,,,,4,,,
ClassicGumtree,449,85,230,219,0,0,0,0,263,3,0,0.4,,2000,,,,,4,,,
ClassicGumtree,449,85,230,219,0,0,0,0,256,3,0,0.5,,2000,,,,,4,,,
ClassicGumtree,596,99,297,286,0,13,0,0,6,3,0,0.6,,2000,,,,,4,,,
ClassicGumtree,596,99,297,286,0,13,0,0,6,3,0,0.7,,2000,,,,,4,,,
ClassicGumtree,596,99,297,286,0,13,0,0,6,3,0,0.799,,2000,,,,,4,,,
ClassicGumtree,614,31,298,287,0,29,0,0,6,3,0,0.899,,2000,,,,,4,,,
ClassicGumtree,614,31,298,287,0,29,0,0,6,3,0,0.999,,2000,,,,,4,,,
ClassicGumtree,551,89,281,270,0,0,0,0,84,3,0,0.1,,2000,,,,,5,,,
ClassicGumtree,829,92,419,408,0,2,0,0,5,3,0,0.2,,2000,,,,,5,,,
ClassicGumtree,829,92,419,408,0,2,0,0,5,3,0,0.3,,2000,,,,,5,,,
ClassicGumtree,829,92,419,408,0,2,0,0,5,3,0,0.4,,2000,,,,,5,,,
ClassicGumtree,829,92,419,408,0,2,0,0,5,3,0,0.5,,2000,,,,,5,,,
ClassicGumtree,829,92,419,408,0,2,0,0,5,3,0,0.6,,2000,,,,,5,,,
ClassicGumtree,829,92,419,408,0,2,0,0,5,3,0,0.7,,2000,,,,,5,,,
ClassicGumtree,829,92,419,408,0,2,0,0,5,3,0,0.799,,2000,,,,,5,,,
ClassicGumtree,845,18,420,409,0,16,0,0,5,3,0,0.899,,2000,,,,,5,,,
ClassicGumtree,845,18,420,409,0,16,0,0,5,3,0,0.999,,2000,,,,,5,,,
CompleteGumtreeMatcher,91,74,16,5,0,70,0,0,27,3,0,0.1,,100,,,,,1,,,
CompleteGumtreeMatcher,91,74,16,5,0,70,0,0,27,3,0,0.2,,100,,,,,1,,,
CompleteGumtreeMatcher,91,74,16,5,0,70,0,0,27,3,0,0.3,,100,,,,,1,,,
CompleteGumtreeMatcher,91,74,16,5,0,70,0,0,27,3,0,0.4,,100,,,,,1,,,
CompleteGumtreeMatcher,91,74,16,5,0,70,0,0,27,3,0,0.5,,100,,,,,1,,,
CompleteGumtreeMatcher,91,74,16,5,0,70,0,0,27,3,0,0.6,,100,,,,,1,,,
CompleteGumtreeMatcher,145,88,35,24,0,86,0,0,11,3,0,0.7,,100,,,,,1,,,
CompleteGumtreeMatcher,145,88,35,24,0,86,0,0,11,3,0,0.799,,100,,,,,1,,,
CompleteGumtreeMatcher,145,88,35,24,0,86,0,0,12,3,0,0.899,,100,,,,,1,,,
CompleteGumtreeMatcher,145,88,35,24,0,86,0,0,11,3,0,0.999,,100,,,,,1,,,
CompleteGumtreeMatcher,161,54,62,51,0,48,0,0,27,3,0,0.1,,100,,,,,2,,,
CompleteGumtreeMatcher,161,54,62,51,0,48,0,0,27,3,0,0.2,,100,,,,,2,,,
CompleteGumtreeMatcher,161,54,62,51,0,48,0,0,27,3,0,0.3,,100,,,,,2,,,
CompleteGumtreeMatcher,258,61,107,96,0,55,0,0,10,3,0,0.4,,100,,,,,2,,,
CompleteGumtreeMatcher,260,57,108,97,0,55,0,0,11,3,0,0.5,,100,,,,,2,,,
CompleteGumtreeMatcher,260,57,108,97,0,55,0,0,10,3,0,0.6,,100,,,,,2,,,
CompleteGumtreeMatcher,260,57,108,97,0,55,0,0,10,3,0,0.7,,100,,,,,2,,,
CompleteGumtreeMatcher,260,57,108,97,0,55,0,0,10,3,0,0.799,,100,,,,,2,,,
CompleteGumtreeMatcher,260,57,108,97,0,55,0,0,10,3,0,0.899,,100,,,,,2,,,
CompleteGumtreeMatcher,260,57,108,97,0,55,0,0,10,3,0,0.999,,100,,,,,2,,,
CompleteGumtreeMatcher,483,30,235,224,0,24,0,0,26,3,0,0.1,,100,,,,,3,,,
CompleteGumtreeMatcher,483,30,235,224,0,24,0,0,26,3,0,0.2,,100,,,,,3,,,
CompleteGumtreeMatcher,483,30,235,224,0,24,0,0,27,3,0,0.3,,100,,,,,3,,,
CompleteGumtreeMatcher,580,37,280,269,0,31,0,0,10,3,0,0.4,,100,,,,,3,,,
CompleteGumtreeMatcher,582,33,281,270,0,31,0,0,11,3,0,0.5,,100,,,,,3,,,
CompleteGumtreeMatcher,582,33,281,270,0,31,0,0,11,3,0,0.6,,100,,,,,3,,,
CompleteGumtreeMatcher,582,33,281,270,0,31,0,0,10,3,0,0.7,,100,,,,,3,,,
CompleteGumtreeMatcher,582,33,281,270,0,31,0,0,10,3,0,0.799,,100,,,,,3,,,
CompleteGumtreeMatcher,582,33,281,270,0,31,0,0,10,3,0,0.899,,100,,,,,3,,,
CompleteGumtreeMatcher,582,33,281,270,0,31,0,0,11,3,0,0.999,,100,,,,,3,,,
CompleteGumtreeMatcher,515,28,252,241,0,22,0,0,26,3,0,0.1,,100,,,,,4,,,
CompleteGumtreeMatcher,515,28,252,241,0,22,0,0,26,3,0,0.2,,100,,,,,4,,,
CompleteGumtreeMatcher,515,28,252,241,0,22,0,0,26,3,0,0.3,,100,,,,,4,,,
CompleteGumtreeMatcher,612,35,297,286,0,29,0,0,10,3,0,0.4,,100,,,,,4,,,
CompleteGumtreeMatcher,614,31,298,287,0,29,0,0,11,3,0,0.5,,100,,,,,4,,,
CompleteGumtreeMatcher,614,31,298,287,0,29,0,0,11,3,0,0.6,,100,,,,,4,,,
CompleteGumtreeMatcher,614,31,298,287,0,29,0,0,11,3,0,0.7,,100,,,,,4,,,
CompleteGumtreeMatcher,614,31,298,287,0,29,0,0,11,3,0,0.799,,100,,,,,4,,,
CompleteGumtreeMatcher,614,31,298,287,0,29,0,0,11,3,0,0.899,,100,,,,,4,,,
CompleteGumtreeMatcher,614,31,298,287,0,29,0,0,10,3,0,0.999,,100,,,,,4,,,
CompleteGumtreeMatcher,845,18,420,409,0,16,0,0,5,3,0,0.1,,100,,,,,5,,,
CompleteGumtreeMatcher,845,18,420,409,0,16,0,0,5,3,0,0.2,,100,,,,,5,,,
CompleteGumtreeMatcher,845,18,420,409,0,16,0,0,5,3,0,0.3,,100,,,,,5,,,
CompleteGumtreeMatcher,845,18,420,409,0,16,0,0,5,3,0,0.4,,100,,,,,5,,,
CompleteGumtreeMatcher,845,18,420,409,0,16,0,0,5,3,0,0.5,,100,,,,,5,,,
CompleteGumtreeMatcher,845,18,420,409,0,16,0,0,5,3,0,0.6,,100,,,,,5,,,
CompleteGumtreeMatcher,845,18,420,409,0,16,0,0,5,3,0,0.7,,100,,,,,5,,,
CompleteGumtreeMatcher,845,18,420,409,0,16,0,0,5,3,0,0.799,,100,,,,,5,,,
CompleteGumtreeMatcher,845,18,420,409,0,16,0,0,5,3,0,0.899,,100,,,,,5,,,
CompleteGumtreeMatcher,845,18,420,409,0,16,0,0,5,3,0,0.999,,100,,,,,5,,,
CompleteGumtreeMatcher,82,68,14,3,0,65,0,0,40,3,0,0.1,,200,,,,,1,,,
CompleteGumtreeMatcher,82,68,14,3,0,65,0,0,40,3,0,0.2,,200,,,,,1,,,
CompleteGumtreeMatcher,82,68,14,3,0,65,0,0,40,3,0,0.3,,200,,,,,1,,,
CompleteGumtreeMatcher,82,68,14,3,0,65,0,0,40,3,0,0.4,,200,,,,,1,,,
CompleteGumtreeMatcher,82,68,14,3,0,65,0,0,39,3,0,0.5,,200,,,,,1,,,
CompleteGumtreeMatcher,82,68,14,3,0,65,0,0,39,3,0,0.6,,200,,,,,1,,,
CompleteGumtreeMatcher,145,88,35,24,0,86,0,0,10,3,0,0.7,,200,,,,,1,,,
CompleteGumtreeMatcher,145,88,35,24,0,86,0,0,11,3,0,0.799,,200,,,,,1,,,
CompleteGumtreeMatcher,145,88,35,24,0,86,0,0,11,3,0,0.899,,200,,,,,1,,,
CompleteGumtreeMatcher,145,88,35,24,0,86,0,0,10,3,0,0.999,,200,,,,,1,,,
CompleteGumtreeMatcher,142,48,54,43,0,45,0,0,40,3,0,0.1,,200,,,,,2,,,
CompleteGumtreeMatcher,142,48,54,43,0,45,0,0,39,3,0,0.2,,200,,,,,2,,,
CompleteGumtreeMatcher,142,48,54,43,0,45,0,0,40,3,0,0.3,,200,,,,,2,,,
CompleteGumtreeMatcher,142,48,54,43,0,45,0,0,40,3,0,0.4,,200,,,,,2,,,
CompleteGumtreeMatcher,260,57,108,97,0,55,0,0,10,3,0,0.5,,200,,,,,2,,,
CompleteGumtreeMatcher,260,57,108,97,0,55,0,0,10,3,0,0.6,,200,,,,,2,,,
CompleteGumtreeMatcher,260,57,108,97,0,55,0,0,10,3,0,0.7,,200,,,,,2,,,
CompleteGumtreeMatcher,260,57,108,97,0,55,0,0,10,3,0,0.799,,200,,,,,2,,,
CompleteGumtreeMatcher,260,57,108,97,0,55,0,0,11,3,0,0.899,,200,,,,,2,,,
CompleteGumtreeMatcher,260,57,108,97,0,55,0,0,11,3,0,0.999,,200,,,,,2,,,
CompleteGumtreeMatcher,464,24,227,216,0,21,0,0,40,3,0,0.1,,200,,,,,3,,,
CompleteGumtreeMatcher,464,24,227,216,0,21,0,0,40,3,0,0.2,,200,,,,,3,,,
CompleteGumtreeMatcher,464,24,227,216,0,21,0,0,40,3,0,0.3,,200,,,,,3,,,
CompleteGumtreeMatcher,464,24,227,216,0,21,0,0,40,3,0,0.4,,200,,,,,3,,,
CompleteGumtreeMatcher,582,33,281,270,0,31,0,0,10,3,0,0.5,,200,,,,,3,,,
CompleteGumtreeMatcher,582,33,281,270,0,31,0,0,10,3,0,0.6,,200,,,,,3,,,
CompleteGumtreeMatcher,582,33,281,270,0,31,0,0,10,3,0,0.7,,200,,,,,3,,,
CompleteGumtreeMatcher,582,33,281,270,0,31,0,0,11,3,0,0.799,,200,,,,,3,,,
CompleteGumtreeMatcher,582,33,281,270,0,31,0,0,10,3,0,0.899,,200,,,,,3,,,
CompleteGumtreeMatcher,582,33,281,270,0,31,0,0,10,3,0,0.999,,200,,,,,3,,,
CompleteGumtreeMatcher,496,22,244,233,0,19,0,0,40,3,0,0.1,,200,,,,,4,,,
CompleteGumtreeMatcher,496,22,244,233,0,19,0,0,40,3,0,0.2,,200,,,,,4,,,
CompleteGumtreeMatcher,496,22,244,233,0,19,0,0,40,3,0,0.3,,200,,,,,4,,,
CompleteGumtreeMatcher,496,22,244,233,0,19,0,0,40,3,0,0.4,,200,,,,,4,,,
CompleteGumtreeMatcher,614,31,298,287,0,29,0,0,11,3,0,0.5,,200,,,,,4,,,
CompleteGumtreeMatcher,614,31,298,287,0,29,0,0,11,3,0,0.6,,200,,,,,4,,,
CompleteGumtreeMatcher,614,31,298,287,0,29,0,0,10,3,0,0.7,,200,,,,,4,,,
CompleteGumtreeMatcher,614,31,298,287,0,29,0,0,11,3,0,0.799,,200,,,,,4,,,
CompleteGumtreeMatcher,614,31,298,287,0,29,0,0,11,3,0,0.899,,200,,,,,4,,,
CompleteGumtreeMatcher,614,31,298,287,0,29,0,0,10,3,0,0.999,,200,,,,,4,,,
CompleteGumtreeMatcher,845,18,420,409,0,16,0,0,4,3,0,0.1,,200,,,,,5,,,
CompleteGumtreeMatcher,845,18,420,409,0,16,0,0,5,3,0,0.2,,200,,,,,5,,,
CompleteGumtreeMatcher,845,18,420,409,0,16,0,0,5,3,0,0.3,,200,,,,,5,,,
CompleteGumtreeMatcher,845,18,420,409,0,16,0,0,5,3,0,0.4,,200,,,,,5,,,
CompleteGumtreeMatcher,845,18,420,409,0,16,0,0,4,3,0,0.5,,200,,,,,5,,,
CompleteGumtreeMatcher,845,18,420,409,0,16,0,0,5,3,0,0.6,,200,,,,,5,,,
CompleteGumtreeMatcher,845,18,420,409,0,16,0,0,5,3,0,0.7,,200,,,,,5,,,
CompleteGumtreeMatcher,845,18,420,409,0,16,0,0,5,3,0,0.799,,200,,,,,5,,,
CompleteGumtreeMatcher,845,18,420,409,0,16,0,0,5,3,0,0.899,,200,,,,,5,,,
CompleteGumtreeMatcher,845,18,420,409,0,16,0,0,5,3,0,0.999,,200,,,,,5,,,
CompleteGumtreeMatcher,82,68,14,3,0,65,0,0,40,3,0,0.1,,300,,,,,1,,,
CompleteGumtreeMatcher,82,68,14,3,0,65,0,0,39,3,0,0.2,,300,,,,,1,,,
CompleteGumtreeMatcher,82,68,14,3,0,65,0,0,40,3,0,0.3,,300,,,,,1,,,
CompleteGumtreeMatcher,82,68,14,3,0,65,0,0,40,3,0,0.4,,300,,,,,1,,,
CompleteGumtreeMatcher,82,68,14,3,0,65,0,0,40,3,0,0.5,,300,,,,,1,,,
CompleteGumtreeMatcher,82,68,14,3,0,65,0,0,40,3,0,0.6,,300,,,,,1,,,
CompleteGumtreeMatcher,145,88,35,24,0,86,0,0,11,3,0,0.7,,300,,,,,1,,,
CompleteGumtreeMatcher,145,88,35,24,0,86,0,0,11,3,0,0.799,,300,,,,,1,,,
CompleteGumtreeMatcher,145,88,35,24,0,86,0,0,11,3,0,0.899,,300,,,,,1,,,
CompleteGumtreeMatcher,145,88,35,24,0,86,0,0,10,3,0,0.999,,300,,,,,1,,,
CompleteGumtreeMatcher,142,48,54,43,0,45,0,0,39,3,0,0.1,,300,,,,,2,,,
CompleteGumtreeMatcher,142,48,54,43,0,45,0,0,39,3,0,0.2,,300,,,,,2,,,
CompleteGumtreeMatcher,142,48,54,43,0,45,0,0,40,3,0,0.3,,300,,,,,2,,,
CompleteGumtreeMatcher,142,48,54,43,0,45,0,0,40,3,0,0.4,,300,,,,,2,,,
CompleteGumtreeMatcher,260,57,108,97,0,55,0,0,10,3,0,0.5,,300,,,,,2,,,
CompleteGumtreeMatcher,260,57,108,97,0,55,0,0,11,3,0,0.6,,300,,,,,2,,,
CompleteGumtreeMatcher,260,57,108,97,0,55,0,0,10,3,0,0.7,,300,,,,,2,,,
CompleteGumtreeMatcher,260,57,108,97,0,55,0,0,11,3,0,0.799,,300,,,,,2,,,
CompleteGumtreeMatcher,260,57,108,97,0,55,0,0,10,3,0,0.899,,300,,,,,2,,,
CompleteGumtreeMatcher,260,57,108,97,0,55,0,0,10,3,0,0.999,,300,,,,,2,,,
CompleteGumtreeMatcher,464,24,227,216,0,21,0,0,40,3,0,0.1,,300,,,,,3,,,
CompleteGumtreeMatcher,464,24,227,216,0,21,0,0,39,3,0,0.2,,300,,,,,3,,,
CompleteGumtreeMatcher,464,24,227,216,0,21,0,0,40,3,0,0.3,,300,,,,,3,,,
CompleteGumtreeMatcher,464,24,227,216,0,21,0,0,40,3,0,0.4,,300,,,,,3,,,
CompleteGumtreeMatcher,582,33,281,270,0,31,0,0,11,3,0,0.5,,300,,,,,3,,,
CompleteGumtreeMatcher,582,33,281,270,0,31,0,0,11,3,0,0.6,,300,,,,,3,,,
CompleteGumtreeMatcher,582,33,281,270,0,31,0,0,11,3,0,0.7,,300,,,,,3,,,
CompleteGumtreeMatcher,582,33,281,270,0,31,0,0,10,3,0,0.799,,300,,,,,3,,,
CompleteGumtreeMatcher,582,33,281,270,0,31,0,0,10,3,0,0.899,,300,,,,,3,,,
CompleteGumtreeMatcher,582,33,281,270,0,31,0,0,11,3,0,0.999,,300,,,,,3,,,
CompleteGumtreeMatcher,496,22,244,233,0,19,0,0,40,3,0,0.1,,300,,,,,4,,,
CompleteGumtreeMatcher,496,22,244,233,0,19,0,0,39,3,0,0.2,,300,,,,,4,,,
CompleteGumtreeMatcher,496,22,244,233,0,19,0,0,40,3,0,0.3,,300,,,,,4,,,
CompleteGumtreeMatcher,496,22,244,233,0,19,0,0,40,3,0,0.4,,300,,,,,4,,,
CompleteGumtreeMatcher,614,31,298,287,0,29,0,0,11,3,0,0.5,,300,,,,,4,,,
CompleteGumtreeMatcher,614,31,298,287,0,29,0,0,10,3,0,0.6,,300,,,,,4,,,
CompleteGumtreeMatcher,614,31,298,287,0,29,0,0,10,3,0,0.7,,300,,,,,4,,,
CompleteGumtreeMatcher,614,31,298,287,0,29,0,0,11,3,0,0.799,,300,,,,,4,,,
CompleteGumtreeMatcher,614,31,298,287,0,29,0,0,11,3,0,0.899,,300,,,,,4,,,
CompleteGumtreeMatcher,614,31,298,287,0,29,0,0,10,3,0,0.999,,300,,,,,4,,,
CompleteGumtreeMatcher,845,18,420,409,0,16,0,0,5,3,0,0.1,,300,,,,,5,,,
CompleteGumtreeMatcher,845,18,420,409,0,16,0,0,4,3,0,0.2,,300,,,,,5,,,
CompleteGumtreeMatcher,845,18,420,409,0,16,0,0,5,3,0,0.3,,300,,,,,5,,,
CompleteGumtreeMatcher,845,18,420,409,0,16,0,0,5,3,0,0.4,,300,,,,,5,,,
CompleteGumtreeMatcher,845,18,420,409,0,16,0,0,5,3,0,0.5,,300,,,,,5,,,
CompleteGumtreeMatcher,845,18,420,409,0,16,0,0,5,3,0,0.6,,300,,,,,5,,,
CompleteGumtreeMatcher,845,18,420,409,0,16,0,0,4,3,0,0.7,,300,,,,,5,,,
CompleteGumtreeMatcher,845,18,420,409,0,16,0,0,4,3,0,0.799,,300,,,,,5,,,
CompleteGumtreeMatcher,845,18,420,409,0,16,0,0,5,3,0,0.899,,300,,,,,5,,,
CompleteGumtreeMatcher,845,18,420,409,0,16,0,0,5,3,0,0.999,,300,,,,,5,,,
CompleteGumtreeMatcher,82,68,14,3,0,65,0,0,39,3,0,0.1,,400,,,,,1,,,
CompleteGumtreeMatcher,82,68,14,3,0,65,0,0,40,3,0,0.2,,400,,,,,1,,,
CompleteGumtreeMatcher,82,68,14,3,0,65,0,0,40,3,0,0.3,,400,,,,,1,,,
CompleteGumtreeMatcher,82,68,14,3,0,65,0,0,39,3,0,0.4,,400,,,,,1,,,
CompleteGumtreeMatcher,82,68,14,3,0,65,0,0,39,3,0,0.5,,400,,,,,1,,,
CompleteGumtreeMatcher,82,68,14,3,0,65,0,0,39,3,0,0.6,,400,,,,,1,,,
CompleteGumtreeMatcher,145,88,35,24,0,86,0,0,11,3,0,0.7,,400,,,,,1,,,
CompleteGumtreeMatcher,145,88,35,24,0,86,0,0,10,3,0,0.799,,400,,,,,1,,,
CompleteGumtreeMatcher,145,88,35,24,0,86,0,0,10,3,0,0.899,,400,,,,,1,,,
CompleteGumtreeMatcher,145,88,35,24,0,86,0,0,10,3,0,0.999,,400,,,,,1,,,
CompleteGumtreeMatcher,142,48,54,43,0,45,0,0,40,3,0,0.1,,400,,,,,2,,,
CompleteGumtreeMatcher,142,48,54,43,0,45,0,0,40,3,0,0.2,,400,,,,,2,,,
CompleteGumtreeMatcher,142,48,54,43,0,45,0,0,40,3,0,0.3,,400,,,,,2,,,
CompleteGumtreeMatcher,142,48,54,43,0,45,0,0,40,3,0,0.4,,400,,,,,2,,,
CompleteGumtreeMatcher,260,57,108,97,0,55,0,0,11,3,0,0.5,,400,,,,,2,,,
CompleteGumtreeMatcher,260,57,108,97,0,55,0,0,11,3,0,0.6,,400,,,,,2,,,
CompleteGumtreeMatcher,260,57,108,97,0,55,0,0,10,3,0,0.7,,400,,,,,2,,,
CompleteGumtreeMatcher,260,57,108,97,0,55,0,0,11,3,0,0.799,,400,,,,,2,,,
CompleteGumtreeMatcher,260,57,108,97,0,55,0,0,11,3,0,0.899,,400,,,,,2,,,
CompleteGumtreeMatcher,260,57,108,97,0,55,0,0,11,3,0,0.999,,400,,,,,2,,,
CompleteGumtreeMatcher,464,24,227,216,0,21,0,0,39,3,0,0.1,,400,,,,,3,,,
CompleteGumtreeMatcher,464,24,227,216,0,21,0,0,40,3,0,0.2,,400,,,,,3,,,
CompleteGumtreeMatcher,464,24,227,216,0,21,0,0,39,3,0,0.3,,400,,,,,3,,,
CompleteGumtreeMatcher,464,24,227,216,0,21,0,0,40,3,0,0.4,,400,,,,,3,,,
CompleteGumtreeMatcher,582,33,281,270,0,31,0,0,10,3,0,0.5,,400,,,,,3,,,
CompleteGumtreeMatcher,582,33,281,270,0,31,0,0,10,3,0,0.6,,400,,,,,3,,,
CompleteGumtreeMatcher,582,33,281,270,0,31,0,0,10,3,0,0.7,,400,,,,,3,,,
CompleteGumtreeMatcher,582,33,281,270,0,31,0,0,10,3,0,0.799,,400,,,,,3,,,
CompleteGumtreeMatcher,582,33,281,270,0,31,0,0,10,3,0,0.899,,400,,,,,3,,,
CompleteGumtreeMatcher,582,33,281,270,0,31,0,0,11,3,0,0.999,,400,,,,,3,,,
CompleteGumtreeMatcher,496,22,244,233,0,19,0,0,39,3,0,0.1,,400,,,,,4,,,
CompleteGumtreeMatcher,496,22,244,233,0,19,0,0,40,3,0,0.2,,400,,,,,4,,,
CompleteGumtreeMatcher,496,22,244,233,0,19,0,0,40,3,0,0.3,,400,,,,,4,,,
CompleteGumtreeMatcher,496,22,244,233,0,19,0,0,40,3,0,0.4,,400,,,,,4,,,
CompleteGumtreeMatcher,614,31,298,287,0,29,0,0,10,3,0,0.5,,400,,,,,4,,,
CompleteGumtreeMatcher,614,31,298,287,0,29,0,0,10,3,0,0.6,,400,,,,,4,,,
CompleteGumtreeMatcher,614,31,298,287,0,29,0,0,11,3,0,0.7,,400,,,,,4,,,
CompleteGumtreeMatcher,614,31,298,287,0,29,0,0,11,3,0,0.799,,400,,,,,4,,,
CompleteGumtreeMatcher,614,31,298,287,0,29,0,0,10,3,0,0.899,,400,,,,,4,,,
CompleteGumtreeMatcher,614,31,298,287,0,29,0,0,10,3,0,0.999,,400,,,,,4,,,
CompleteGumtreeMatcher,845,18,420,409,0,16,0,0,5,3,0,0.1,,400,,,,,5,,,
CompleteGumtreeMatcher,845,18,420,409,0,16,0,0,5,3,0,0.2,,400,,,,,5,,,
CompleteGumtreeMatcher,845,18,420,409,0,16,0,0,5,3,0,0.3,,400,,,,,5,,,
CompleteGumtreeMatcher,845,18,420,409,0,16,0,0,5,3,0,0.4,,400,,,,,5,,,
CompleteGumtreeMatcher,845,18,420,409,0,16,0,0,5,3,0,0.5,,400,,,,,5,,,
CompleteGumtreeMatcher,845,18,420,409,0,16,0,0,5,3,0,0.6,,400,,,,,5,,,
CompleteGumtreeMatcher,845,18,420,409,0,16,0,0,5,3,0,0.7,,400,,,,,5,,,
CompleteGumtreeMatcher,845,18,420,409,0,16,0,0,5,3,0,0.799,,400,,,,,5,,,
CompleteGumtreeMatcher,845,18,420,409,0,16,0,0,5,3,0,0.899,,400,,,,,5,,,
CompleteGumtreeMatcher,845,18,420,409,0,16,0,0,5,3,0,0.999,,400,,,,,5,,,
CompleteGumtreeMatcher,82,68,14,3,0,65,0,0,40,3,0,0.1,,500,,,,,1,,,
CompleteGumtreeMatcher,82,68,14,3,0,65,0,0,40,3,0,0.2,,500,,,,,1,,,
CompleteGumtreeMatcher,82,68,14,3,0,65,0,0,40,3,0,0.3,,500,,,,,1,,,
CompleteGumtreeMatcher,82,68,14,3,0,65,0,0,39,3,0,0.4,,500,,,,,1,,,
CompleteGumtreeMatcher,82,68,14,3,0,65,0,0,40,3,0,0.5,,500,,,,,1,,,
CompleteGumtreeMatcher,82,68,14,3,0,65,0,0,40,3,0,0.6,,500,,,,,1,,,
CompleteGumtreeMatcher,145,88,35,24,0,86,0,0,11,3,0,0.7,,500,,,,,1,,,
CompleteGumtreeMatcher,145,88,35,24,0,86,0,0,11,3,0,0.799,,500,,,,,1,,,
CompleteGumtreeMatcher,145,88,35,24,0,86,0,0,11,3,0,0.899,,500,,,,,1,,,
CompleteGumtreeMatcher,145,88,35,24,0,86,0,0,11,3,0,0.999,,500,,,,,1,,,
CompleteGumtreeMatcher,142,48,54,43,0,45,0,0,39,3,0,0.1,,500,,,,,2,,,
CompleteGumtreeMatcher,142,48,54,43,0,45,0,0,40,3,0,0.2,,500,,,,,2,,,
CompleteGumtreeMatcher,142,48,54,43,0,45,0,0,40,3,0,0.3,,500,,,,,2,,,
CompleteGumtreeMatcher,142,48,54,43,0,45,0,0,40,3,0,0.4,,500,,,,,2,,,
CompleteGumtreeMatcher,260,57,108,97,0,55,0,0,10,3,0,0.5,,500,,,,,2,,,
CompleteGumtreeMatcher,260,57,108,97,0,55,0,0,10,3,0,0.6,,500,,,,,2,,,
CompleteGumtreeMatcher,260,57,108,97,0,55,0,0,10,3,0,0.7,,500,,,,,2,,,
CompleteGumtreeMatcher,260,57,108,97,0,55,0,0,10,3,0,0.799,,500,,,,,2,,,
CompleteGumtreeMatcher,260,57,108,97,0,55,0,0,10,3,0,0.899,,500,,,,,2,,,
CompleteGumtreeMatcher,260,57,108,97,0,55,0,0,11,3,0,0.999,,500,,,,,2,,,
CompleteGumtreeMatcher,464,24,227,216,0,21,0,0,40,3,0,0.1,,500,,,,,3,,,
CompleteGumtreeMatcher,464,24,227,216,0,21,0,0,40,3,0,0.2,,500,,,,,3,,,
CompleteGumtreeMatcher,464,24,227,216,0,21,0,0,40,3,0,0.3,,500,,,,,3,,,
CompleteGumtreeMatcher,464,24,227,216,0,21,0,0,40,3,0,0.4,,500,,,,,3,,,
CompleteGumtreeMatcher,582,33,281,270,0,31,0,0,11,3,0,0.5,,500,,,,,3,,,
CompleteGumtreeMatcher,582,33,281,270,0,31,0,0,10,3,0,0.6,,500,,,,,3,,,
CompleteGumtreeMatcher,582,33,281,270,0,31,0,0,11,3,0,0.7,,500,,,,,3,,,
CompleteGumtreeMatcher,582,33,281,270,0,31,0,0,10,3,0,0.799,,500,,,,,3,,,
CompleteGumtreeMatcher,582,33,281,270,0,31,0,0,10,3,0,0.899,,500,,,,,3,,,
CompleteGumtreeMatcher,582,33,281,270,0,31,0,0,10,3,0,0.999,,500,,,,,3,,,
CompleteGumtreeMatcher,496,22,244,233,0,19,0,0,39,3,0,0.1,,500,,,,,4,,,
CompleteGumtreeMatcher,496,22,244,233,0,19,0,0,40,3,0,0.2,,500,,,,,4,,,
CompleteGumtreeMatcher,496,22,244,233,0,19,0,0,40,3,0,0.3,,500,,,,,4,,,
CompleteGumtreeMatcher,496,22,244,233,0,19,0,0,40,3,0,0.4,,500,,,,,4,,,
CompleteGumtreeMatcher,614,31,298,287,0,29,0,0,11,3,0,0.5,,500,,,,,4,,,
CompleteGumtreeMatcher,614,31,298,287,0,29,0,0,11,3,0,0.6,,500,,,,,4,,,
CompleteGumtreeMatcher,614,31,298,287,0,29,0,0,10,3,0,0.7,,500,,,,,4,,,
CompleteGumtreeMatcher,614,31,298,287,0,29,0,0,11,3,0,0.799,,500,,,,,4,,,
CompleteGumtreeMatcher,614,31,298,287,0,29,0,0,11,3,0,0.899,,500,,,,,4,,,
CompleteGumtreeMatcher,614,31,298,287,0,29,0,0,10,3,0,0.999,,500,,,,,4,,,
CompleteGumtreeMatcher,845,18,420,409,0,16,0,0,5,3,0,0.1,,500,,,,,5,,,
CompleteGumtreeMatcher,845,18,420,409,0,16,0,0,5,3,0,0.2,,500,,,,,5,,,
CompleteGumtreeMatcher,845,18,420,409,0,16,0,0,5,3,0,0.3,,500,,,,,5,,,
CompleteGumtreeMatcher,845,18,420,409,0,16,0,0,4,3,0,0.4,,500,,,,,5,,,
CompleteGumtreeMatcher,845,18,420,409,0,16,0,0,5,3,0,0.5,,500,,,,,5,,,
CompleteGumtreeMatcher,845,18,420,409,0,16,0,0,5,3,0,0.6,,500,,,,,5,,,
CompleteGumtreeMatcher,845,18,420,409,0,16,0,0,5,3,0,0.7,,500,,,,,5,,,
CompleteGumtreeMatcher,845,18,420,409,0,16,0,0,5,3,0,0.799,,500,,,,,5,,,
CompleteGumtreeMatcher,845,18,420,409,0,16,0,0,5,3,0,0.899,,500,,,,,5,,,
CompleteGumtreeMatcher,845,18,420,409,0,16,0,0,5,3,0,0.999,,500,,,,,5,,,
CompleteGumtreeMatcher,82,68,14,3,0,65,0,0,40,3,0,0.1,,600,,,,,1,,,
CompleteGumtreeMatcher,82,68,14,3,0,65,0,0,39,3,0,0.2,,600,,,,,1,,,
CompleteGumtreeMatcher,82,68,14,3,0,65,0,0,40,3,0,0.3,,600,,,,,1,,,
CompleteGumtreeMatcher,82,68,14,3,0,65,0,0,40,3,0,0.4,,600,,,,,1,,,
CompleteGumtreeMatcher,82,68,14,3,0,65,0,0,40,3,0,0.5,,600,,,,,1,,,
CompleteGumtreeMatcher,82,68,14,3,0,65,0,0,39,3,0,0.6,,600,,,,,1,,,
CompleteGumtreeMatcher,145,88,35,24,0,86,0,0,11,3,0,0.7,,600,,,,,1,,,
CompleteGumtreeMatcher,145,88,35,24,0,86,0,0,11,3,0,0.799,,600,,,,,1,,,
CompleteGumtreeMatcher,145,88,35,24,0,86,0,0,10,3,0,0.899,,600,,,,,1,,,
CompleteGumtreeMatcher,145,88,35,24,0,86,0,0,10,3,0,0.999,,600,,,,,1,,,
CompleteGumtreeMatcher,142,48,54,43,0,45,0,0,39,3,0,0.1,,600,,,,,2,,,
CompleteGumtreeMatcher,142,48,54,43,0,45,0,0,39,3,0,0.2,,600,,,,,2,,,
CompleteGumtreeMatcher,142,48,54,43,0,45,0,0,40,3,0,0.3,,600,,,,,2,,,
CompleteGumtreeMatcher,142,48,54,43,0,45,0,0,40,3,0,0.4,,600,,,,,2,,,
CompleteGumtreeMatcher,260,57,108,97,0,55,0,0,10,3,0,0.5,,600,,,,,2,,,
CompleteGumtreeMatcher,260,57,108,97,0,55,0,0,11,3,0,0.6,,600,,,,,2,,,
CompleteGumtreeMatcher,260,57,108,97,0,55,0,0,10,3,0,0.7,,600,,,,,2,,,
CompleteGumtreeMatcher,260,57,108,97,0,55,0,0,11,3,0,0.799,,600,,,,,2,,,
CompleteGumtreeMatcher,260,57,108,97,0,55,0,0,11,3,0,0.899,,600,,,,,2,,,
CompleteGumtreeMatcher,260,57,108,97,0,55,0,0,11,3,0,0.999,,600,,,,,2,,,
CompleteGumtreeMatcher,464,24,227,216,0,21,0,0,40,3,0,0.1,,600,,,,,3,,,
CompleteGumtreeMatcher,464,24,227,216,0,21,0,0,39,3,0,0.2,,600,,,,,3,,,
CompleteGumtreeMatcher,464,24,227,216,0,21,0,0,40,3,0,0.3,,600,,,,,3,,,
CompleteGumtreeMatcher,464,24,227,216,0,21,0,0,39,3,0,0.4,,600,,,,,3,,,
CompleteGumtreeMatcher,582,33,281,270,0,31,0,0,10,3,0,0.5,,600,,,,,3,,,
CompleteGumtreeMatcher,582,33,281,270,0,31,0,0,10,3,0,0.6,,600,,,,,3,,,
CompleteGumtreeMatcher,582,33,281,270,0,31,0,0,11,3,0,0.7,,600,,,,,3,,,
CompleteGumtreeMatcher,582,33,281,270,0,31,0,0,11,3,0,0.799,,600,,,,,3,,,
CompleteGumtreeMatcher,582,33,281,270,0,31,0,0,10,3,0,0.899,,600,,,,,3,,,
CompleteGumtreeMatcher,582,33,281,270,0,31,0,0,11,3,0,0.999,,600,,,,,3,,,
CompleteGumtreeMatcher,496,22,244,233,0,19,0,0,40,3,0,0.1,,600,,,,,4,,,
CompleteGumtreeMatcher,496,22,244,233,0,19,0,0,40,3,0,0.2,,600,,,,,4,,,
CompleteGumtreeMatcher,496,22,244,233,0,19,0,0,40,3,0,0.3,,600,,,,,4,,,
CompleteGumtreeMatcher,496,22,244,233,0,19,0,0,40,3,0,0.4,,600,,,,,4,,,
CompleteGumtreeMatcher,614,31,298,287,0,29,0,0,11,3,0,0.5,,600,,,,,4,,,
CompleteGumtreeMatcher,614,31,298,287,0,29,0,0,10,3,0,0.6,,600,,,,,4,,,
CompleteGumtreeMatcher,614,31,298,287,0,29,0,0,10,3,0,0.7,,600,,,,,4,,,
CompleteGumtreeMatcher,614,31,298,287,0,29,0,0,11,3,0,0.799,,600,,,,,4,,,
CompleteGumtreeMatcher,614,31,298,287,0,29,0,0,11,3,0,0.899,,600,,,,,4,,,
CompleteGumtreeMatcher,614,31,298,287,0,29,0,0,10,3,0,0.999,,600,,,,,4,,,
CompleteGumtreeMatcher,845,18,420,409,0,16,0,0,5,3,0,0.1,,600,,,,,5,,,
CompleteGumtreeMatcher,845,18,420,409,0,16,0,0,5,3,0,0.2,,600,,,,,5,,,
CompleteGumtreeMatcher,845,18,420,409,0,16,0,0,5,3,0,0.3,,600,,,,,5,,,
CompleteGumtreeMatcher,845,18,420,409,0,16,0,0,5,3,0,0.4,,600,,,,,5,,,
CompleteGumtreeMatcher,845,18,420,409,0,16,0,0,5,3,0,0.5,,600,,,,,5,,,
CompleteGumtreeMatcher,845,18,420,409,0,16,0,0,5,3,0,0.6,,600,,,,,5,,,
CompleteGumtreeMatcher,845,18,420,409,0,16,0,0,5,3,0,0.7,,600,,,,,5,,,
CompleteGumtreeMatcher,845,18,420,409,0,16,0,0,5,3,0,0.799,,600,,,,,5,,,
CompleteGumtreeMatcher,845,18,420,409,0,16,0,0,5,3,0,0.899,,600,,,,,5,,,
CompleteGumtreeMatcher,845,18,420,409,0,16,0,0,5,3,0,0.999,,600,,,,,5,,,
CompleteGumtreeMatcher,82,68,14,3,0,65,0,0,40,3,0,0.1,,700,,,,,1,,,
CompleteGumtreeMatcher,82,68,14,3,0,65,0,0,40,3,0,0.2,,700,,,,,1,,,
CompleteGumtreeMatcher,82,68,14,3,0,65,0,0,39,3,0,0.3,,700,,,,,1,,,
CompleteGumtreeMatcher,82,68,14,3,0,65,0,0,39,3,0,0.4,,700,,,,,1,,,
CompleteGumtreeMatcher,82,68,14,3,0,65,0,0,40,3,0,0.5,,700,,,,,1,,,
CompleteGumtreeMatcher,82,68,14,3,0,65,0,0,40,3,0,0.6,,700,,,,,1,,,
CompleteGumtreeMatcher,145,88,35,24,0,86,0,0,11,3,0,0.7,,700,,,,,1,,,
CompleteGumtreeMatcher,145,88,35,24,0,86,0,0,11,3,0,0.799,,700,,,,,1,,,
CompleteGumtreeMatcher,145,88,35,24,0,86,0,0,11,3,0,0.899,,700,,,,,1,,,
CompleteGumtreeMatcher,145,88,35,24,0,86,0,0,11,3,0,0.999,,700,,,,,1,,,
CompleteGumtreeMatcher,142,48,54,43,0,45,0,0,40,3,0,0.1,,700,,,,,2,,,
CompleteGumtreeMatcher,142,48,54,43,0,45,0,0,39,3,0,0.2,,700,,,,,2,,,
CompleteGumtreeMatcher,142,48,54,43,0,45,0,0,39,3,0,0.3,,700,,,,,2,,,
CompleteGumtreeMatcher,142,48,54,43,0,45,0,0,39,3,0,0.4,,700,,,,,2,,,
CompleteGumtreeMatcher,260,57,108,97,0,55,0,0,10,3,0,0.5,,700,,,,,2,,,
CompleteGumtreeMatcher,260,57,108,97,0,55,0,0,10,3,0,0.6,,700,,,,,2,,,
CompleteGumtreeMatcher,260,57,108,97,0,55,0,0,11,3,0,0.7,,700,,,,,2,,,
CompleteGumtreeMatcher,260,57,108,97,0,55,0,0,11,3,0,0.799,,700,,,,,2,,,
CompleteGumtreeMatcher,260,57,108,97,0,55,0,0,11,3,0,0.899,,700,,,,,2,,,
CompleteGumtreeMatcher,260,57,108,97,0,55,0,0,11,3,0,0.999,,700,,,,,2,,,
CompleteGumtreeMatcher,464,24,227,216,0,21,0,0,40,3,0,0.1,,700,,,,,3,,,
CompleteGumtreeMatcher,464,24,227,216,0,21,0,0,40,3,0,0.2,,700,,,,,3,,,
CompleteGumtreeMatcher,464,24,227,216,0,21,0,0,40,3,0,0.3,,700,,,,,3,,,
CompleteGumtreeMatcher,464,24,227,216,0,21,0,0,39,3,0,0.4,,700,,,,,3,,,
CompleteGumtreeMatcher,582,33,281,270,0,31,0,0,10,3,0,0.5,,700,,,,,3,,,
CompleteGumtreeMatcher,582,33,281,270,0,31,0,0,10,3,0,0.6,,700,,,,,3,,,
CompleteGumtreeMatcher,582,33,281,270,0,31,0,0,10,3,0,0.7,,700,,,,,3,,,
CompleteGumtreeMatcher,582,33,281,270,0,31,0,0,11,3,0,0.799,,700,,,,,3,,,
CompleteGumtreeMatcher,582,33,281,270,0,31,0,0,10,3,0,0.899,,700,,,,,3,,,
CompleteGumtreeMatcher,582,33,281,270,0,31,0,0,11,3,0,0.999,,700,,,,,3,,,
CompleteGumtreeMatcher,496,22,244,233,0,19,0,0,40,3,0,0.1,,700,,,,,4,,,
CompleteGumtreeMatcher,496,22,244,233,0,19,0,0,40,3,0,0.2,,700,,,,,4,,,
CompleteGumtreeMatcher,496,22,244,233,0,19,0,0,40,3,0,0.3,,700,,,,,4,,,
CompleteGumtreeMatcher,496,22,244,233,0,19,0,0,40,3,0,0.4,,700,,,,,4,,,
CompleteGumtreeMatcher,614,31,298,287,0,29,0,0,11,3,0,0.5,,700,,,,,4,,,
CompleteGumtreeMatcher,614,31,298,287,0,29,0,0,11,3,0,0.6,,700,,,,,4,,,
CompleteGumtreeMatcher,614,31,298,287,0,29,0,0,10,3,0,0.7,,700,,,,,4,,,
CompleteGumtreeMatcher,614,31,298,287,0,29,0,0,10,3,0,0.799,,700,,,,,4,,,
CompleteGumtreeMatcher,614,31,298,287,0,29,0,0,11,3,0,0.899,,700,,,,,4,,,
CompleteGumtreeMatcher,614,31,298,287,0,29,0,0,11,3,0,0.999,,700,,,,,4,,,
CompleteGumtreeMatcher,845,18,420,409,0,16,0,0,5,3,0,0.1,,700,,,,,5,,,
CompleteGumtreeMatcher,845,18,420,409,0,16,0,0,5,3,0,0.2,,700,,,,,5,,,
CompleteGumtreeMatcher,845,18,420,409,0,16,0,0,5,3,0,0.3,,700,,,,,5,,,
CompleteGumtreeMatcher,845,18,420,409,0,16,0,0,5,3,0,0.4,,700,,,,,5,,,
CompleteGumtreeMatcher,845,18,420,409,0,16,0,0,5,3,0,0.5,,700,,,,,5,,,
CompleteGumtreeMatcher,845,18,420,409,0,16,0,0,5,3,0,0.6,,700,,,,,5,,,
CompleteGumtreeMatcher,845,18,420,409,0,16,0,0,4,3,0,0.7,,700,,,,,5,,,
CompleteGumtreeMatcher,845,18,420,409,0,16,0,0,5,3,0,0.799,,700,,,,,5,,,
CompleteGumtreeMatcher,845,18,420,409,0,16,0,0,5,3,0,0.899,,700,,,,,5,,,
CompleteGumtreeMatcher,845,18,420,409,0,16,0,0,5,3,0,0.999,,700,,,,,5,,,
CompleteGumtreeMatcher,82,68,14,3,0,65,0,0,40,3,0,0.1,,800,,,,,1,,,
CompleteGumtreeMatcher,82,68,14,3,0,65,0,0,39,3,0,0.2,,800,,,,,1,,,
CompleteGumtreeMatcher,82,68,14,3,0,65,0,0,40,3,0,0.3,,800,,,,,1,,,
CompleteGumtreeMatcher,82,68,14,3,0,65,0,0,40,3,0,0.4,,800,,,,,1,,,
CompleteGumtreeMatcher,82,68,14,3,0,65,0,0,39,3,0,0.5,,800,,,,,1,,,
CompleteGumtreeMatcher,82,68,14,3,0,65,0,0,40,3,0,0.6,,800,,,,,1,,,
CompleteGumtreeMatcher,145,88,35,24,0,86,0,0,11,3,0,0.7,,800,,,,,1,,,
CompleteGumtreeMatcher,145,88,35,24,0,86,0,0,11,3,0,0.799,,800,,,,,1,,,
CompleteGumtreeMatcher,145,88,35,24,0,86,0,0,11,3,0,0.899,,800,,,,,1,,,
CompleteGumtreeMatcher,145,88,35,24,0,86,0,0,11,3,0,0.999,,800,,,,,1,,,
CompleteGumtreeMatcher,142,48,54,43,0,45,0,0,39,3,0,0.1,,800,,,,,2,,,
CompleteGumtreeMatcher,142,48,54,43,0,45,0,0,39,3,0,0.2,,800,,,,,2,,,
CompleteGumtreeMatcher,142,48,54,43,0,45,0,0,39,3,0,0.3,,800,,,,,2,,,
CompleteGumtreeMatcher,142,48,54,43,0,45,0,0,39,3,0,0.4,,800,,,,,2,,,
CompleteGumtreeMatcher,260,57,108,97,0,55,0,0,11,3,0,0.5,,800,,,,,2,,,
CompleteGumtreeMatcher,260,57,108,97,0,55,0,0,10,3,0,0.6,,800,,,,,2,,,
CompleteGumtreeMatcher,260,57,108,97,0,55,0,0,11,3,0,0.7,,800,,,,,2,,,
CompleteGumtreeMatcher,260,57,108,97,0,55,0,0,10,3,0,0.799,,800,,,,,2,,,
CompleteGumtreeMatcher,260,57,108,97,0,55,0,0,11,3,0,0.899,,800,,,,,2,,,
CompleteGumtreeMatcher,260,57,108,97,0,55,0,0,10,3,0,0.999,,800,,,,,2,,,
CompleteGumtreeMatcher,464,24,227,216,0,21,0,0,39,3,0,0.1,,800,,,,,3,,,
CompleteGumtreeMatcher,464,24,227,216,0,21,0,0,40,3,0,0.2,,800,,,,,3,,,
CompleteGumtreeMatcher,464,24,227,216,0,21,0,0,39,3,0,0.3,,800,,,,,3,,,
CompleteGumtreeMatcher,464,24,227,216,0,21,0,0,40,3,0,0.4,,800,,,,,3,,,
CompleteGumtreeMatcher,582,33,281,270,0,31,0,0,10,3,0,0.5,,800,,,,,3,,,
CompleteGumtreeMatcher,582,33,281,270,0,31,0,0,11,3,0,0.6,,800,,,,,3,,,
CompleteGumtreeMatcher,582,33,281,270,0,31,0,0,11,3,0,0.7,,800,,,,,3,,,
CompleteGumtreeMatcher,582,33,281,270,0,31,0,0,11,3,0,0.799,,800,,,,,3,,,
CompleteGumtreeMatcher,582,33,281,270,0,31,0,0,11,3,0,0.899,,800,,,,,3,,,
CompleteGumtreeMatcher,582,33,281,270,0,31,0,0,11,3,0,0.999,,800,,,,,3,,,
CompleteGumtreeMatcher,496,22,244,233,0,19,0,0,39,3,0,0.1,,800,,,,,4,,,
CompleteGumtreeMatcher,496,22,244,233,0,19,0,0,39,3,0,0.2,,800,,,,,4,,,
CompleteGumtreeMatcher,496,22,244,233,0,19,0,0,40,3,0,0.3,,800,,,,,4,,,
CompleteGumtreeMatcher,496,22,244,233,0,19,0,0,40,3,0,0.4,,800,,,,,4,,,
CompleteGumtreeMatcher,614,31,298,287,0,29,0,0,10,3,0,0.5,,800,,,,,4,,,
CompleteGumtreeMatcher,614,31,298,287,0,29,0,0,10,3,0,0.6,,800,,,,,4,,,
CompleteGumtreeMatcher,614,31,298,287,0,29,0,0,11,3,0,0.7,,800,,,,,4,,,
CompleteGumtreeMatcher,614,31,298,287,0,29,0,0,11,3,0,0.799,,800,,,,,4,,,
CompleteGumtreeMatcher,614,31,298,287,0,29,0,0,10,3,0,0.899,,800,,,,,4,,,
CompleteGumtreeMatcher,614,31,298,287,0,29,0,0,11,3,0,0.999,,800,,,,,4,,,
CompleteGumtreeMatcher,845,18,420,409,0,16,0,0,5,3,0,0.1,,800,,,,,5,,,
CompleteGumtreeMatcher,845,18,420,409,0,16,0,0,5,3,0,0.2,,800,,,,,5,,,
CompleteGumtreeMatcher,845,18,420,409,0,16,0,0,5,3,0,0.3,,800,,,,,5,,,
CompleteGumtreeMatcher,845,18,420,409,0,16,0,0,5,3,0,0.4,,800,,,,,5,,,
CompleteGumtreeMatcher,845,18,420,409,0,16,0,0,5,3,0,0.5,,800,,,,,5,,,
CompleteGumtreeMatcher,845,18,420,409,0,16,0,0,5,3,0,0.6,,800,,,,,5,,,
CompleteGumtreeMatcher,845,18,420,409,0,16,0,0,5,3,0,0.7,,800,,,,,5,,,
CompleteGumtreeMatcher,845,18,420,409,0,16,0,0,5,3,0,0.799,,800,,,,,5,,,
CompleteGumtreeMatcher,845,18,420,409,0,16,0,0,5,3,0,0.899,,800,,,,,5,,,
CompleteGumtreeMatcher,845,18,420,409,0,16,0,0,5,3,0,0.999,,800,,,,,5,,,
CompleteGumtreeMatcher,82,68,14,3,0,65,0,0,40,3,0,0.1,,900,,,,,1,,,
CompleteGumtreeMatcher,82,68,14,3,0,65,0,0,39,3,0,0.2,,900,,,,,1,,,
CompleteGumtreeMatcher,82,68,14,3,0,65,0,0,40,3,0,0.3,,900,,,,,1,,,
CompleteGumtreeMatcher,82,68,14,3,0,65,0,0,40,3,0,0.4,,900,,,,,1,,,
CompleteGumtreeMatcher,82,68,14,3,0,65,0,0,40,3,0,0.5,,900,,,,,1,,,
CompleteGumtreeMatcher,82,68,14,3,0,65,0,0,40,3,0,0.6,,900,,,,,1,,,
CompleteGumtreeMatcher,145,88,35,24,0,86,0,0,10,3,0,0.7,,900,,,,,1,,,
CompleteGumtreeMatcher,145,88,35,24,0,86,0,0,10,3,0,0.799,,900,,,,,1,,,
CompleteGumtreeMatcher,145,88,35,24,0,86,0,0,10,3,0,0.899,,900,,,,,1,,,
CompleteGumtreeMatcher,145,88,35,24,0,86,0,0,10,3,0,0.999,,900,,,,,1,,,
CompleteGumtreeMatcher,142,48,54,43,0,45,0,0,40,3,0,0.1,,900,,,,,2,,,
CompleteGumtreeMatcher,142,48,54,43,0,45,0,0,40,3,0,0.2,,900,,,,,2,,,
CompleteGumtreeMatcher,142,48,54,43,0,45,0,0,40,3,0,0.3,,900,,,,,2,,,
CompleteGumtreeMatcher,142,48,54,43,0,45,0,0,40,3,0,0.4,,900,,,,,2,,,
CompleteGumtreeMatcher,260,57,108,97,0,55,0,0,10,3,0,0.5,,900,,,,,2,,,
CompleteGumtreeMatcher,260,57,108,97,0,55,0,0,11,3,0,0.6,,900,,,,,2,,,
CompleteGumtreeMatcher,260,57,108,97,0,55,0,0,10,3,0,0.7,,900,,,,,2,,,
CompleteGumtreeMatcher,260,57,108,97,0,55,0,0,10,3,0,0.799,,900,,,,,2,,,
CompleteGumtreeMatcher,260,57,108,97,0,55,0,0,10,3,0,0.899,,900,,,,,2,,,
CompleteGumtreeMatcher,260,57,108,97,0,55,0,0,10,3,0,0.999,,900,,,,,2,,,
CompleteGumtreeMatcher,464,24,227,216,0,21,0,0,40,3,0,0.1,,900,,,,,3,,,
CompleteGumtreeMatcher,464,24,227,216,0,21,0,0,39,3,0,0.2,,900,,,,,3,,,
CompleteGumtreeMatcher,464,24,227,216,0,21,0,0,40,3,0,0.3,,900,,,,,3,,,
CompleteGumtreeMatcher,464,24,227,216,0,21,0,0,40,3,0,0.4,,900,,,,,3,,,
CompleteGumtreeMatcher,582,33,281,270,0,31,0,0,11,3,0,0.5,,900,,,,,3,,,
CompleteGumtreeMatcher,582,33,281,270,0,31,0,0,11,3,0,0.6,,900,,,,,3,,,
CompleteGumtreeMatcher,582,33,281,270,0,31,0,0,11,3,0,0.7,,900,,,,,3,,,
CompleteGumtreeMatcher,582,33,281,270,0,31,0,0,10,3,0,0.799,,900,,,,,3,,,
CompleteGumtreeMatcher,582,33,281,270,0,31,0,0,11,3,0,0.899,,900,,,,,3,,,
CompleteGumtreeMatcher,582,33,281,270,0,31,0,0,11,3,0,0.999,,900,,,,,3,,,
CompleteGumtreeMatcher,496,22,244,233,0,19,0,0,39,3,0,0.1,,900,,,,,4,,,
CompleteGumtreeMatcher,496,22,244,233,0,19,0,0,40,3,0,0.2,,900,,,,,4,,,
CompleteGumtreeMatcher,496,22,244,233,0,19,0,0,40,3,0,0.3,,900,,,,,4,,,
CompleteGumtreeMatcher,496,22,244,233,0,19,0,0,40,3,0,0.4,,900,,,,,4,,,
CompleteGumtreeMatcher,614,31,298,287,0,29,0,0,10,3,0,0.5,,900,,,,,4,,,
CompleteGumtreeMatcher,614,31,298,287,0,29,0,0,11,3,0,0.6,,900,,,,,4,,,
CompleteGumtreeMatcher,614,31,298,287,0,29,0,0,11,3,0,0.7,,900,,,,,4,,,
CompleteGumtreeMatcher,614,31,298,287,0,29,0,0,10,3,0,0.799,,900,,,,,4,,,
CompleteGumtreeMatcher,614,31,298,287,0,29,0,0,10,3,0,0.899,,900,,,,,4,,,
CompleteGumtreeMatcher,614,31,298,287,0,29,0,0,11,3,0,0.999,,900,,,,,4,,,
CompleteGumtreeMatcher,845,18,420,409,0,16,0,0,5,3,0,0.1,,900,,,,,5,,,
CompleteGumtreeMatcher,845,18,420,409,0,16,0,0,5,3,0,0.2,,900,,,,,5,,,
CompleteGumtreeMatcher,845,18,420,409,0,16,0,0,5,3,0,0.3,,900,,,,,5,,,
CompleteGumtreeMatcher,845,18,420,409,0,16,0,0,5,3,0,0.4,,900,,,,,5,,,
CompleteGumtreeMatcher,845,18,420,409,0,16,0,0,5,3,0,0.5,,900,,,,,5,,,
CompleteGumtreeMatcher,845,18,420,409,0,16,0,0,5,3,0,0.6,,900,,,,,5,,,
CompleteGumtreeMatcher,845,18,420,409,0,16,0,0,5,3,0,0.7,,900,,,,,5,,,
CompleteGumtreeMatcher,845,18,420,409,0,16,0,0,5,3,0,0.799,,900,,,,,5,,,
CompleteGumtreeMatcher,845,18,420,409,0,16,0,0,5,3,0,0.899,,900,,,,,5,,,
CompleteGumtreeMatcher,845,18,420,409,0,16,0,0,5,3,0,0.999,,900,,,,,5,,,
CompleteGumtreeMatcher,82,68,14,3,0,65,0,0,39,3,0,0.1,,1000,,,,,1,,,
CompleteGumtreeMatcher,82,68,14,3,0,65,0,0,40,3,0,0.2,,1000,,,,,1,,,
CompleteGumtreeMatcher,82,68,14,3,0,65,0,0,39,3,0,0.3,,1000,,,,,1,,,
CompleteGumtreeMatcher,82,68,14,3,0,65,0,0,39,3,0,0.4,,1000,,,,,1,,,
CompleteGumtreeMatcher,82,68,14,3,0,65,0,0,40,3,0,0.5,,1000,,,,,1,,,
CompleteGumtreeMatcher,82,68,14,3,0,65,0,0,40,3,0,0.6,,1000,,,,,1,,,
CompleteGumtreeMatcher,145,88,35,24,0,86,0,0,11,3,0,0.7,,1000,,,,,1,,,
CompleteGumtreeMatcher,145,88,35,24,0,86,0,0,11,3,0,0.799,,1000,,,,,1,,,
CompleteGumtreeMatcher,145,88,35,24,0,86,0,0,10,3,0,0.899,,1000,,,,,1,,,
CompleteGumtreeMatcher,145,88,35,24,0,86,0,0,11,3,0,0.999,,1000,,,,,1,,,
CompleteGumtreeMatcher,142,48,54,43,0,45,0,0,39,3,0,0.1,,1000,,,,,2,,,
CompleteGumtreeMatcher,142,48,54,43,0,45,0,0,39,3,0,0.2,,1000,,,,,2,,,
CompleteGumtreeMatcher,142,48,54,43,0,45,0,0,40,3,0,0.3,,1000,,,,,2,,,
CompleteGumtreeMatcher,142,48,54,43,0,45,0,0,40,3,0,0.4,,1000,,,,,2,,,
CompleteGumtreeMatcher,260,57,108,97,0,55,0,0,11,3,0,0.5,,1000,,,,,2,,,
CompleteGumtreeMatcher,260,57,108,97,0,55,0,0,10,3,0,0.6,,1000,,,,,2,,,
CompleteGumtreeMatcher,260,57,108,97,0,55,0,0,11,3,0,0.7,,1000,,,,,2,,,
CompleteGumtreeMatcher,260,57,108,97,0,55,0,0,11,3,0,0.799,,1000,,,,,2,,,
CompleteGumtreeMatcher,260,57,108,97,0,55,0,0,10,3,0,0.899,,1000,,,,,2,,,
CompleteGumtreeMatcher,260,57,108,97,0,55,0,0,11,3,0,0.999,,1000,,,,,2,,,
CompleteGumtreeMatcher,464,24,227,216,0,21,0,0,40,3,0,0.1,,1000,,,,,3,,,
CompleteGumtreeMatcher,464,24,227,216,0,21,0,0,40,3,0,0.2,,1000,,,,,3,,,
CompleteGumtreeMatcher,464,24,227,216,0,21,0,0,40,3,0,0.3,,1000,,,,,3,,,
CompleteGumtreeMatcher,464,24,227,216,0,21,0,0,40,3,0,0.4,,1000,,,,,3,,,
CompleteGumtreeMatcher,582,33,281,270,0,31,0,0,11,3,0,0.5,,1000,,,,,3,,,
CompleteGumtreeMatcher,582,33,281,270,0,31,0,0,10,3,0,0.6,,1000,,,,,3,,,
CompleteGumtreeMatcher,582,33,281,270,0,31,0,0,11,3,0,0.7,,1000,,,,,3,,,
CompleteGumtreeMatcher,582,33,281,270,0,31,0,0,11,3,0,0.799,,1000,,,,,3,,,
CompleteGumtreeMatcher,582,33,281,270,0,31,0,0,11,3,0,0.899,,1000,,,,,3,,,
CompleteGumtreeMatcher,582,33,281,270,0,31,0,0,10,3,0,0.999,,1000,,,,,3,,,
CompleteGumtreeMatcher,496,22,244,233,0,19,0,0,40,3,0,0.1,,1000,,,,,4,,,
CompleteGumtreeMatcher,496,22,244,233,0,19,0,0,40,3,0,0.2,,1000,,,,,4,,,
CompleteGumtreeMatcher,496,22,244,233,0,19,0,0,40,3,0,0.3,,1000,,,,,4,,,
CompleteGumtreeMatcher,496,22,244,233,0,19,0,0,40,3,0,0.4,,1000,,,,,4,,,
CompleteGumtreeMatcher,614,31,298,287,0,29,0,0,10,3,0,0.5,,1000,,,,,4,,,
CompleteGumtreeMatcher,614,31,298,287,0,29,0,0,11,3,0,0.6,,1000,,,,,4,,,
CompleteGumtreeMatcher,614,31,298,287,0,29,0,0,11,3,0,0.7,,1000,,,,,4,,,
CompleteGumtreeMatcher,614,31,298,287,0,29,0,0,10,3,0,0.799,,1000,,,,,4,,,
CompleteGumtreeMatcher,614,31,298,287,0,29,0,0,11,3,0,0.899,,1000,,,,,4,,,
CompleteGumtreeMatcher,614,31,298,287,0,29,0,0,11,3,0,0.999,,1000,,,,,4,,,
CompleteGumtreeMatcher,845,18,420,409,0,16,0,0,4,3,0,0.1,,1000,,,,,5,,,
CompleteGumtreeMatcher,845,18,420,409,0,16,0,0,5,3,0,0.2,,1000,,,,,5,,,
CompleteGumtreeMatcher,845,18,420,409,0,16,0,0,5,3,0,0.3,,1000,,,,,5,,,
CompleteGumtreeMatcher,845,18,420,409,0,16,0,0,4,3,0,0.4,,1000,,,,,5,,,
CompleteGumtreeMatcher,845,18,420,409,0,16,0,0,5,3,0,0.5,,1000,,,,,5,,,
CompleteGumtreeMatcher,845,18,420,409,0,16,0,0,5,3,0,0.6,,1000,,,,,5,,,
CompleteGumtreeMatcher,845,18,420,409,0,16,0,0,4,3,0,0.7,,1000,,,,,5,,,
CompleteGumtreeMatcher,845,18,420,409,0,16,0,0,5,3,0,0.799,,1000,,,,,5,,,
CompleteGumtreeMatcher,845,18,420,409,0,16,0,0,4,3,0,0.899,,1000,,,,,5,,,
CompleteGumtreeMatcher,845,18,420,409,0,16,0,0,5,3,0,0.999,,1000,,,,,5,,,
CompleteGumtreeMatcher,82,68,14,3,0,65,0,0,40,3,0,0.1,,1100,,,,,1,,,
CompleteGumtreeMatcher,82,68,14,3,0,65,0,0,40,3,0,0.2,,1100,,,,,1,,,
CompleteGumtreeMatcher,82,68,14,3,0,65,0,0,40,3,0,0.3,,1100,,,,,1,,,
CompleteGumtreeMatcher,82,68,14,3,0,65,0,0,40,3,0,0.4,,1100,,,,,1,,,
CompleteGumtreeMatcher,82,68,14,3,0,65,0,0,39,3,0,0.5,,1100,,,,,1,,,
CompleteGumtreeMatcher,82,68,14,3,0,65,0,0,39,3,0,0.6,,1100,,,,,1,,,
CompleteGumtreeMatcher,145,88,35,24,0,86,0,0,10,3,0,0.7,,1100,,,,,1,,,
CompleteGumtreeMatcher,145,88,35,24,0,86,0,0,11,3,0,0.799,,1100,,,,,1,,,
CompleteGumtreeMatcher,145,88,35,24,0,86,0,0,10,3,0,0.899,,1100,,,,,1,,,
CompleteGumtreeMatcher,145,88,35,24,0,86,0,0,10,3,0,0.999,,1100,,,,,1,,,
CompleteGumtreeMatcher,142,48,54,43,0,45,0,0,40,3,0,0.1,,1100,,,,,2,,,
CompleteGumtreeMatcher,142,48,54,43,0,45,0,0,39,3,0,0.2,,1100,,,,,2,,,
CompleteGumtreeMatcher,142,48,54,43,0,45,0,0,40,3,0,0.3,,1100,,,,,2,,,
CompleteGumtreeMatcher,142,48,54,43,0,45,0,0,40,3,0,0.4,,1100,,,,,2,,,
CompleteGumtreeMatcher,260,57,108,97,0,55,0,0,11,3,0,0.5,,1100,,,,,2,,,
CompleteGumtreeMatcher,260,57,108,97,0,55,0,0,10,3,0,0.6,,1100,,,,,2,,,
CompleteGumtreeMatcher,260,57,108,97,0,55,0,0,10,3,0,0.7,,1100,,,,,2,,,
CompleteGumtreeMatcher,260,57,108,97,0,55,0,0,11,3,0,0.799,,1100,,,,,2,,,
CompleteGumtreeMatcher,260,57,108,97,0,55,0,0,11,3,0,0.899,,1100,,,,,2,,,
CompleteGumtreeMatcher,260,57,108,97,0,55,0,0,11,3,0,0.999,,1100,,,,,2,,,
CompleteGumtreeMatcher,464,24,227,216,0,21,0,0,40,3,0,0.1,,1100,,,,,3,,,
CompleteGumtreeMatcher,464,24,227,216,0,21,0,0,40,3,0,0.2,,1100,,,,,3,,,
CompleteGumtreeMatcher,464,24,227,216,0,21,0,0,40,3,0,0.3,,1100,,,,,3,,,
CompleteGumtreeMatcher,464,24,227,216,0,21,0,0,39,3,0,0.4,,1100,,,,,3,,,
CompleteGumtreeMatcher,582,33,281,270,0,31,0,0,10,3,0,0.5,,1100,,,,,3,,,
CompleteGumtreeMatcher,582,33,281,270,0,31,0,0,10,3,0,0.6,,1100,,,,,3,,,
CompleteGumtreeMatcher,582,33,281,270,0,31,0,0,11,3,0,0.7,,1100,,,,,3,,,
CompleteGumtreeMatcher,582,33,281,270,0,31,0,0,11,3,0,0.799,,1100,,,,,3,,,
CompleteGumtreeMatcher,582,33,281,270,0,31,0,0,11,3,0,0.899,,1100,,,,,3,,,
CompleteGumtreeMatcher,582,33,281,270,0,31,0,0,11,3,0,0.999,,1100,,,,,3,,,
CompleteGumtreeMatcher,496,22,244,233,0,19,0,0,40,3,0,0.1,,1100,,,,,4,,,
CompleteGumtreeMatcher,496,22,244,233,0,19,0,0,39,3,0,0.2,,1100,,,,,4,,,
CompleteGumtreeMatcher,496,22,244,233,0,19,0,0,39,3,0,0.3,,1100,,,,,4,,,
CompleteGumtreeMatcher,496,22,244,233,0,19,0,0,39,3,0,0.4,,1100,,,,,4,,,
CompleteGumtreeMatcher,614,31,298,287,0,29,0,0,10,3,0,0.5,,1100,,,,,4,,,
CompleteGumtreeMatcher,614,31,298,287,0,29,0,0,10,3,0,0.6,,1100,,,,,4,,,
CompleteGumtreeMatcher,614,31,298,287,0,29,0,0,11,3,0,0.7,,1100,,,,,4,,,
CompleteGumtreeMatcher,614,31,298,287,0,29,0,0,11,3,0,0.799,,1100,,,,,4,,,
CompleteGumtreeMatcher,614,31,298,287,0,29,0,0,10,3,0,0.899,,1100,,,,,4,,,
CompleteGumtreeMatcher,614,31,298,287,0,29,0,0,10,3,0,0.999,,1100,,,,,4,,,
CompleteGumtreeMatcher,845,18,420,409,0,16,0,0,5,3,0,0.1,,1100,,,,,5,,,
CompleteGumtreeMatcher,845,18,420,409,0,16,0,0,5,3,0,0.2,,1100,,,,,5,,,
CompleteGumtreeMatcher,845,18,420,409,0,16,0,0,5,3,0,0.3,,1100,,,,,5,,,
CompleteGumtreeMatcher,845,18,420,409,0,16,0,0,5,3,0,0.4,,1100,,,,,5,,,
CompleteGumtreeMatcher,845,18,420,409,0,16,0,0,5,3,0,0.5,,1100,,,,,5,,,
CompleteGumtreeMatcher,845,18,420,409,0,16,0,0,5,3,0,0.6,,1100,,,,,5,,,
CompleteGumtreeMatcher,845,18,420,409,0,16,0,0,5,3,0,0.7,,1100,,,,,5,,,
CompleteGumtreeMatcher,845,18,420,409,0,16,0,0,5,3,0,0.799,,1100,,,,,5,,,
CompleteGumtreeMatcher,845,18,420,409,0,16,0,0,5,3,0,0.899,,1100,,,,,5,,,
CompleteGumtreeMatcher,845,18,420,409,0,16,0,0,5,3,0,0.999,,1100,,,,,5,,,
CompleteGumtreeMatcher,82,68,14,3,0,65,0,0,39,3,0,0.1,,1200,,,,,1,,,
CompleteGumtreeMatcher,82,68,14,3,0,65,0,0,39,3,0,0.2,,1200,,,,,1,,,
CompleteGumtreeMatcher,82,68,14,3,0,65,0,0,40,3,0,0.3,,1200,,,,,1,,,
CompleteGumtreeMatcher,82,68,14,3,0,65,0,0,40,3,0,0.4,,1200,,,,,1,,,
CompleteGumtreeMatcher,82,68,14,3,0,65,0,0,40,3,0,0.5,,1200,,,,,1,,,
CompleteGumtreeMatcher,82,68,14,3,0,65,0,0,40,3,0,0.6,,1200,,,,,1,,,
CompleteGumtreeMatcher,145,88,35,24,0,86,0,0,11,3,0,0.7,,1200,,,,,1,,,
CompleteGumtreeMatcher,145,88,35,24,0,86,0,0,11,3,0,0.799,,1200,,,,,1,,,
CompleteGumtreeMatcher,145,88,35,24,0,86,0,0,11,3,0,0.899,,1200,,,,,1,,,
CompleteGumtreeMatcher,145,88,35,24,0,86,0,0,10,3,0,0.999,,1200,,,,,1,,,
CompleteGumtreeMatcher,142,48,54,43,0,45,0,0,39,3,0,0.1,,1200,,,,,2,,,
CompleteGumtreeMatcher,142,48,54,43,0,45,0,0,40,3,0,0.2,,1200,,,,,2,,,
CompleteGumtreeMatcher,142,48,54,43,0,45,0,0,40,3,0,0.3,,1200,,,,,2,,,
CompleteGumtreeMatcher,142,48,54,43,0,45,0,0,40,3,0,0.4,,1200,,,,,2,,,
CompleteGumtreeMatcher,260,57,108,97,0,55,0,0,11,3,0,0.5,,1200,,,,,2,,,
CompleteGumtreeMatcher,260,57,108,97,0,55,0,0,11,3,0,0.6,,1200,,,,,2,,,
CompleteGumtreeMatcher,260,57,108,97,0,55,0,0,10,3,0,0.7,,1200,,,,,2,,,
CompleteGumtreeMatcher,260,57,108,97,0,55,0,0,10,3,0,0.799,,1200,,,,,2,,,
CompleteGumtreeMatcher,260,57,108,97,0,55,0,0,11,3,0,0.899,,1200,,,,,2,,,
CompleteGumtreeMatcher,260,57,108,97,0,55,0,0,10,3,0,0.999,,1200,,,,,2,,,
CompleteGumtreeMatcher,464,24,227,216,0,21,0,0,40,3,0,0.1,,1200,,,,,3,,,
CompleteGumtreeMatcher,464,24,227,216,0,21,0,0,40,3,0,0.2,,1200,,,,,3,,,
CompleteGumtreeMatcher,464,24,227,216,0,21,0,0,40,3,0,0.3,,1200,,,,,3,,,
CompleteGumtreeMatcher,464,24,227,216,0,21,0,0,40,3,0,0.4,,1200,,,,,3,,,
CompleteGumtreeMatcher,582,33,281,270,0,31,0,0,10,3,0,0.5,,1200,,,,,3,,,
CompleteGumtreeMatcher,582,33,281,270,0,31,0,0,11,3,0,0.6,,1200,,,,,3,,,
CompleteGumtreeMatcher,582,33,281,270,0,31,0,0,11,3,0,0.7,,1200,,,,,3,,,
CompleteGumtreeMatcher,582,33,281,270,0,31,0,0,10,3,0,0.799,,1200,,,,,3,,,
CompleteGumtreeMatcher,582,33,281,270,0,31,0,0,10,3,0,0.899,,1200,,,,,3,,,
CompleteGumtreeMatcher,582,33,281,270,0,31,0,0,11,3,0,0.999,,1200,,,,,3,,,
CompleteGumtreeMatcher,496,22,244,233,0,19,0,0,40,3,0,0.1,,1200,,,,,4,,,
CompleteGumtreeMatcher,496,22,244,233,0,19,0,0,40,3,0,0.2,,1200,,,,,4,,,
CompleteGumtreeMatcher,496,22,244,233,0,19,0,0,40,3,0,0.3,,1200,,,,,4,,,
CompleteGumtreeMatcher,496,22,244,233,0,19,0,0,40,3,0,0.4,,1200,,,,,4,,,
CompleteGumtreeMatcher,614,31,298,287,0,29,0,0,11,3,0,0.5,,1200,,,,,4,,,
CompleteGumtreeMatcher,614,31,298,287,0,29,0,0,10,3,0,0.6,,1200,,,,,4,,,
CompleteGumtreeMatcher,614,31,298,287,0,29,0,0,10,3,0,0.7,,1200,,,,,4,,,
CompleteGumtreeMatcher,614,31,298,287,0,29,0,0,11,3,0,0.799,,1200,,,,,4,,,
CompleteGumtreeMatcher,614,31,298,287,0,29,0,0,11,3,0,0.899,,1200,,,,,4,,,
CompleteGumtreeMatcher,614,31,298,287,0,29,0,0,10,3,0,0.999,,1200,,,,,4,,,
CompleteGumtreeMatcher,845,18,420,409,0,16,0,0,4,3,0,0.1,,1200,,,,,5,,,
CompleteGumtreeMatcher,845,18,420,409,0,16,0,0,5,3,0,0.2,,1200,,,,,5,,,
CompleteGumtreeMatcher,845,18,420,409,0,16,0,0,5,3,0,0.3,,1200,,,,,5,,,
CompleteGumtreeMatcher,845,18,420,409,0,16,0,0,5,3,0,0.4,,1200,,,,,5,,,
CompleteGumtreeMatcher,845,18,420,409,0,16,0,0,5,3,0,0.5,,1200,,,,,5,,,
CompleteGumtreeMatcher,845,18,420,409,0,16,0,0,5,3,0,0.6,,1200,,,,,5,,,
CompleteGumtreeMatcher,845,18,420,409,0,16,0,0,5,3,0,0.7,,1200,,,,,5,,,
CompleteGumtreeMatcher,845,18,420,409,0,16,0,0,5,3,0,0.799,,1200,,,,,5,,,
CompleteGumtreeMatcher,845,18,420,409,0,16,0,0,5,3,0,0.899,,1200,,,,,5,,,
CompleteGumtreeMatcher,845,18,420,409,0,16,0,0,5,3,0,0.999,,1200,,,,,5,,,
CompleteGumtreeMatcher,82,68,14,3,0,65,0,0,40,3,0,0.1,,1300,,,,,1,,,
CompleteGumtreeMatcher,82,68,14,3,0,65,0,0,39,3,0,0.2,,1300,,,,,1,,,
CompleteGumtreeMatcher,82,68,14,3,0,65,0,0,39,3,0,0.3,,1300,,,,,1,,,
CompleteGumtreeMatcher,82,68,14,3,0,65,0,0,40,3,0,0.4,,1300,,,,,1,,,
CompleteGumtreeMatcher,82,68,14,3,0,65,0,0,40,3,0,0.5,,1300,,,,,1,,,
CompleteGumtreeMatcher,82,68,14,3,0,65,0,0,40,3,0,0.6,,1300,,,,,1,,,
CompleteGumtreeMatcher,145,88,35,24,0,86,0,0,11,3,0,0.7,,1300,,,,,1,,,
CompleteGumtreeMatcher,145,88,35,24,0,86,0,0,11,3,0,0.799,,1300,,,,,1,,,
CompleteGumtreeMatcher,145,88,35,24,0,86,0,0,10,3,0,0.899,,1300,,,,,1,,,
CompleteGumtreeMatcher,145,88,35,24,0,86,0,0,11,3,0,0.999,,1300,,,,,1,,,
CompleteGumtreeMatcher,142,48,54,43,0,45,0,0,40,3,0,0.1,,1300,,,,,2,,,
CompleteGumtreeMatcher,142,48,54,43,0,45,0,0,39,3,0,0.2,,1300,,,,,2,,,
CompleteGumtreeMatcher,142,48,54,43,0,45,0,0,40,3,0,0.3,,1300,,,,,2,,,
CompleteGumtreeMatcher,142,48,54,43,0,45,0,0,39,3,0,0.4,,1300,,,,,2,,,
CompleteGumtreeMatcher,260,57,108,97,0,55,0,0,11,3,0,0.5,,1300,,,,,2,,,
CompleteGumtreeMatcher,260,57,108,97,0,55,0,0,11,3,0,0.6,,1300,,,,,2,,,
CompleteGumtreeMatcher,260,57,108,97,0,55,0,0,11,3,0,0.7,,1300,,,,,2,,,
CompleteGumtreeMatcher,260,57,108,97,0,55,0,0,10,3,0,0.799,,1300,,,,,2,,,
CompleteGumtreeMatcher,260,57,108,97,0,55,0,0,10,3,0,0.899,,1300,,,,,2,,,
CompleteGumtreeMatcher,260,57,108,97,0,55,0,0,11,3,0,0.999,,1300,,,,,2,,,
CompleteGumtreeMatcher,464,24,227,216,0,21,0,0,39,3,0,0.1,,1300,,,,,3,,,
CompleteGumtreeMatcher,464,24,227,216,0,21,0,0,40,3,0,0.2,,1300,,,,,3,,,
CompleteGumtreeMatcher,464,24,227,216,0,21,0,0,40,3,0,0.3,,1300,,,,,3,,,
CompleteGumtreeMatcher,464,24,227,216,0,21,0,0,40,3,0,0.4,,1300,,,,,3,,,
CompleteGumtreeMatcher,582,33,281,270,0,31,0,0,11,3,0,0.5,,1300,,,,,3,,,
CompleteGumtreeMatcher,582,33,281,270,0,31,0,0,10,3,0,0.6,,1300,,,,,3,,,
CompleteGumtreeMatcher,582,33,281,270,0,31,0,0,10,3,0,0.7,,1300,,,,,3,,,
CompleteGumtreeMatcher,582,33,281,270,0,31,0,0,11,3,0,0.799,,1300,,,,,3,,,
CompleteGumtreeMatcher,582,33,281,270,0,31,0,0,10,3,0,0.899,,1300,,,,,3,,,
CompleteGumtreeMatcher,582,33,281,270,0,31,0,0,11,3,0,0.999,,1300,,,,,3,,,
CompleteGumtreeMatcher,496,22,244,233,0,19,0,0,45,3,0,0.1,,1300,,,,,4,,,
CompleteGumtreeMatcher,496,22,244,233,0,19,0,0,45,3,0,0.2,,1300,,,,,4,,,
CompleteGumtreeMatcher,496,22,244,233,0,19,0,0,45,3,0,0.3,,1300,,,,,4,,,
CompleteGumtreeMatcher,496,22,244,233,0,19,0,0,45,3,0,0.4,,1300,,,,,4,,,
CompleteGumtreeMatcher,614,31,298,287,0,29,0,0,11,3,0,0.5,,1300,,,,,4,,,
CompleteGumtreeMatcher,614,31,298,287,0,29,0,0,10,3,0,0.6,,1300,,,,,4,,,
CompleteGumtreeMatcher,614,31,298,287,0,29,0,0,10,3,0,0.7,,1300,,,,,4,,,
CompleteGumtreeMatcher,614,31,298,287,0,29,0,0,11,3,0,0.799,,1300,,,,,4,,,
CompleteGumtreeMatcher,614,31,298,287,0,29,0,0,16,3,0,0.899,,1300,,,,,4,,,
CompleteGumtreeMatcher,614,31,298,287,0,29,0,0,16,3,0,0.999,,1300,,,,,4,,,
CompleteGumtreeMatcher,845,18,420,409,0,16,0,0,5,3,0,0.1,,1300,,,,,5,,,
CompleteGumtreeMatcher,845,18,420,409,0,16,0,0,10,3,0,0.2,,1300,,,,,5,,,
CompleteGumtreeMatcher,845,18,420,409,0,16,0,0,10,3,0,0.3,,1300,,,,,5,,,
CompleteGumtreeMatcher,845,18,420,409,0,16,0,0,10,3,0,0.4,,1300,,,,,5,,,
CompleteGumtreeMatcher,845,18,420,409,0,16,0,0,5,3,0,0.5,,1300,,,,,5,,,
CompleteGumtreeMatcher,845,18,420,409,0,16,0,0,5,3,0,0.6,,1300,,,,,5,,,
CompleteGumtreeMatcher,845,18,420,409,0,16,0,0,5,3,0,0.7,,1300,,,,,5,,,
CompleteGumtreeMatcher,845,18,420,409,0,16,0,0,5,3,0,0.799,,1300,,,,,5,,,
CompleteGumtreeMatcher,845,18,420,409,0,16,0,0,5,3,0,0.899,,1300,,,,,5,,,
CompleteGumtreeMatcher,845,18,420,409,0,16,0,0,5,3,0,0.999,,1300,,,,,5,,,
CompleteGumtreeMatcher,82,68,14,3,0,65,0,0,40,3,0,0.1,,1400,,,,,1,,,
CompleteGumtreeMatcher,82,68,14,3,0,65,0,0,39,3,0,0.2,,1400,,,,,1,,,
CompleteGumtreeMatcher,82,68,14,3,0,65,0,0,39,3,0,0.3,,1400,,,,,1,,,
CompleteGumtreeMatcher,82,68,14,3,0,65,0,0,39,3,0,0.4,,1400,,,,,1,,,
CompleteGumtreeMatcher,82,68,14,3,0,65,0,0,40,3,0,0.5,,1400,,,,,1,,,
CompleteGumtreeMatcher,82,68,14,3,0,65,0,0,39,3,0,0.6,,1400,,,,,1,,,
CompleteGumtreeMatcher,145,88,35,24,0,86,0,0,10,3,0,0.7,,1400,,,,,1,,,
CompleteGumtreeMatcher,145,88,35,24,0,86,0,0,11,3,0,0.799,,1400,,,,,1,,,
CompleteGumtreeMatcher,145,88,35,24,0,86,0,0,11,3,0,0.899,,1400,,,,,1,,,
CompleteGumtreeMatcher,145,88,35,24,0,86,0,0,10,3,0,0.999,,1400,,,,,1,,,
CompleteGumtreeMatcher,142,48,54,43,0,45,0,0,40,3,0,0.1,,1400,,,,,2,,,
CompleteGumtreeMatcher,142,48,54,43,0,45,0,0,40,3,0,0.2,,1400,,,,,2,,,
CompleteGumtreeMatcher,142,48,54,43,0,45,0,0,39,3,0,0.3,,1400,,,,,2,,,
CompleteGumtreeMatcher,142,48,54,43,0,45,0,0,40,3,0,0.4,,1400,,,,,2,,,
CompleteGumtreeMatcher,260,57,108,97,0,55,0,0,10,3,0,0.5,,1400,,,,,2,,,
CompleteGumtreeMatcher,260,57,108,97,0,55,0,0,11,3,0,0.6,,1400,,,,,2,,,
CompleteGumtreeMatcher,260,57,108,97,0,55,0,0,11,3,0,0.7,,1400,,,,,2,,,
CompleteGumtreeMatcher,260,57,108,97,0,55,0,0,11,3,0,0.799,,1400,,,,,2,,,
CompleteGumtreeMatcher,260,57,108,97,0,55,0,0,10,3,0,0.899,,1400,,,,,2,,,
CompleteGumtreeMatcher,260,57,108,97,0,55,0,0,11,3,0,0.999,,1400,,,,,2,,,
CompleteGumtreeMatcher,464,24,227,216,0,21,0,0,40,3,0,0.1,,1400,,,,,3,,,
CompleteGumtreeMatcher,464,24,227,216,0,21,0,0,39,3,0,0.2,,1400,,,,,3,,,
CompleteGumtreeMatcher,464,24,227,216,0,21,0,0,40,3,0,0.3,,1400,,,,,3,,,
CompleteGumtreeMatcher,464,24,227,216,0,21,0,0,39,3,0,0.4,,1400,,,,,3,,,
CompleteGumtreeMatcher,582,33,281,270,0,31,0,0,11,3,0,0.5,,1400,,,,,3,,,
CompleteGumtreeMatcher,582,33,281,270,0,31,0,0,10,3,0,0.6,,1400,,,,,3,,,
CompleteGumtreeMatcher,582,33,281,270,0,31,0,0,11,3,0,0.7,,1400,,,,,3,,,
CompleteGumtreeMatcher,582,33,281,270,0,31,0,0,10,3,0,0.799,,1400,,,,,3,,,
CompleteGumtreeMatcher,582,33,281,270,0,31,0,0,11,3,0,0.899,,1400,,,,,3,,,
CompleteGumtreeMatcher,582,33,281,270,0,31,0,0,10,3,0,0.999,,1400,,,,,3,,,
CompleteGumtreeMatcher,496,22,244,233,0,19,0,0,40,3,0,0.1,,1400,,,,,4,,,
CompleteGumtreeMatcher,496,22,244,233,0,19,0,0,40,3,0,0.2,,1400,,,,,4,,,
CompleteGumtreeMatcher,496,22,244,233,0,19,0,0,39,3,0,0.3,,1400,,,,,4,,,
CompleteGumtreeMatcher,496,22,244,233,0,19,0,0,40,3,0,0.4,,1400,,,,,4,,,
CompleteGumtreeMatcher,614,31,298,287,0,29,0,0,11,3,0,0.5,,1400,,,,,4,,,
CompleteGumtreeMatcher,614,31,298,287,0,29,0,0,10,3,0,0.6,,1400,,,,,4,,,
CompleteGumtreeMatcher,614,31,298,287,0,29,0,0,10,3,0,0.7,,1400,,,,,4,,,
CompleteGumtreeMatcher,614,31,298,287,0,29,0,0,11,3,0,0.799,,1400,,,,,4,,,
CompleteGumtreeMatcher,614,31,298,287,0,29,0,0,11,3,0,0.899,,1400,,,,,4,,,
CompleteGumtreeMatcher,614,31,298,287,0,29,0,0,10,3,0,0.999,,1400,,,,,4,,,
CompleteGumtreeMatcher,845,18,420,409,0,16,0,0,5,3,0,0.1,,1400,,,,,5,,,
CompleteGumtreeMatcher,845,18,420,409,0,16,0,0,4,3,0,0.2,,1400,,,,,5,,,
CompleteGumtreeMatcher,845,18,420,409,0,16,0,0,5,3,0,0.3,,1400,,,,,5,,,
CompleteGumtreeMatcher,845,18,420,409,0,16,0,0,5,3,0,0.4,,1400,,,,,5,,,
CompleteGumtreeMatcher,845,18,420,409,0,16,0,0,5,3,0,0.5,,1400,,,,,5,,,
CompleteGumtreeMatcher,845,18,420,409,0,16,0,0,5,3,0,0.6,,1400,,,,,5,,,
CompleteGumtreeMatcher,845,18,420,409,0,16,0,0,4,3,0,0.7,,1400,,,,,5,,,
CompleteGumtreeMatcher,845,18,420,409,0,16,0,0,5,3,0,0.799,,1400,,,,,5,,,
CompleteGumtreeMatcher,845,18,420,409,0,16,0,0,5,3,0,0.899,,1400,,,,,5,,,
CompleteGumtreeMatcher,845,18,420,409,0,16,0,0,5,3,0,0.999,,1400,,,,,5,,,
CompleteGumtreeMatcher,82,68,14,3,0,65,0,0,40,3,0,0.1,,1500,,,,,1,,,
CompleteGumtreeMatcher,82,68,14,3,0,65,0,0,40,3,0,0.2,,1500,,,,,1,,,
CompleteGumtreeMatcher,82,68,14,3,0,65,0,0,39,3,0,0.3,,1500,,,,,1,,,
CompleteGumtreeMatcher,82,68,14,3,0,65,0,0,40,3,0,0.4,,1500,,,,,1,,,
CompleteGumtreeMatcher,82,68,14,3,0,65,0,0,39,3,0,0.5,,1500,,,,,1,,,
CompleteGumtreeMatcher,82,68,14,3,0,65,0,0,40,3,0,0.6,,1500,,,,,1,,,
CompleteGumtreeMatcher,145,88,35,24,0,86,0,0,10,3,0,0.7,,1500,,,,,1,,,
CompleteGumtreeMatcher,145,88,35,24,0,86,0,0,11,3,0,0.799,,1500,,,,,1,,,
CompleteGumtreeMatcher,145,88,35,24,0,86,0,0,11,3,0,0.899,,1500,,,,,1,,,
CompleteGumtreeMatcher,145,88,35,24,0,86,0,0,11,3,0,0.999,,1500,,,,,1,,,
CompleteGumtreeMatcher,142,48,54,43,0,45,0,0,40,3,0,0.1,,1500,,,,,2,,,
CompleteGumtreeMatcher,142,48,54,43,0,45,0,0,39,3,0,0.2,,1500,,,,,2,,,
CompleteGumtreeMatcher,142,48,54,43,0,45,0,0,40,3,0,0.3,,1500,,,,,2,,,
CompleteGumtreeMatcher,142,48,54,43,0,45,0,0,40,3,0,0.4,,1500,,,,,2,,,
CompleteGumtreeMatcher,260,57,108,97,0,55,0,0,10,3,0,0.5,,1500,,,,,2,,,
CompleteGumtreeMatcher,260,57,108,97,0,55,0,0,10,3,0,0.6,,1500,,,,,2,,,
CompleteGumtreeMatcher,260,57,108,97,0,55,0,0,11,3,0,0.7,,1500,,,,,2,,,
CompleteGumtreeMatcher,260,57,108,97,0,55,0,0,10,3,0,0.799,,1500,,,,,2,,,
CompleteGumtreeMatcher,260,57,108,97,0,55,0,0,11,3,0,0.899,,1500,,,,,2,,,
CompleteGumtreeMatcher,260,57,108,97,0,55,0,0,10,3,0,0.999,,1500,,,,,2,,,
CompleteGumtreeMatcher,464,24,227,216,0,21,0,0,40,3,0,0.1,,1500,,,,,3,,,
CompleteGumtreeMatcher,464,24,227,216,0,21,0,0,40,3,0,0.2,,1500,,,,,3,,,
CompleteGumtreeMatcher,464,24,227,216,0,21,0,0,39,3,0,0.3,,1500,,,,,3,,,
CompleteGumtreeMatcher,464,24,227,216,0,21,0,0,40,3,0,0.4,,1500,,,,,3,,,
CompleteGumtreeMatcher,582,33,281,270,0,31,0,0,10,3,0,0.5,,1500,,,,,3,,,
CompleteGumtreeMatcher,582,33,281,270,0,31,0,0,11,3,0,0.6,,1500,,,,,3,,,
CompleteGumtreeMatcher,582,33,281,270,0,31,0,0,10,3,0,0.7,,1500,,,,,3,,,
CompleteGumtreeMatcher,582,33,281,270,0,31,0,0,11,3,0,0.799,,1500,,,,,3,,,
CompleteGumtreeMatcher,582,33,281,270,0,31,0,0,10,3,0,0.899,,1500,,,,,3,,,
CompleteGumtreeMatcher,582,33,281,270,0,31,0,0,11,3,0,0.999,,1500,,,,,3,,,
CompleteGumtreeMatcher,496,22,244,233,0,19,0,0,40,3,0,0.1,,1500,,,,,4,,,
CompleteGumtreeMatcher,496,22,244,233,0,19,0,0,40,3,0,0.2,,1500,,,,,4,,,
CompleteGumtreeMatcher,496,22,244,233,0,19,0,0,40,3,0,0.3,,1500,,,,,4,,,
CompleteGumtreeMatcher,496,22,244,233,0,19,0,0,39,3,0,0.4,,1500,,,,,4,,,
CompleteGumtreeMatcher,614,31,298,287,0,29,0,0,11,3,0,0.5,,1500,,,,,4,,,
CompleteGumtreeMatcher,614,31,298,287,0,29,0,0,10,3,0,0.6,,1500,,,,,4,,,
CompleteGumtreeMatcher,614,31,298,287,0,29,0,0,10,3,0,0.7,,1500,,,,,4,,,
CompleteGumtreeMatcher,614,31,298,287,0,29,0,0,11,3,0,0.799,,1500,,,,,4,,,
CompleteGumtreeMatcher,614,31,298,287,0,29,0,0,11,3,0,0.899,,1500,,,,,4,,,
CompleteGumtreeMatcher,614,31,298,287,0,29,0,0,10,3,0,0.999,,1500,,,,,4,,,
CompleteGumtreeMatcher,845,18,420,409,0,16,0,0,5,3,0,0.1,,1500,,,,,5,,,
CompleteGumtreeMatcher,845,18,420,409,0,16,0,0,5,3,0,0.2,,1500,,,,,5,,,
CompleteGumtreeMatcher,845,18,420,409,0,16,0,0,5,3,0,0.3,,1500,,,,,5,,,
CompleteGumtreeMatcher,845,18,420,409,0,16,0,0,5,3,0,0.4,,1500,,,,,5,,,
CompleteGumtreeMatcher,845,18,420,409,0,16,0,0,5,3,0,0.5,,1500,,,,,5,,,
CompleteGumtreeMatcher,845,18,420,409,0,16,0,0,5,3,0,0.6,,1500,,,,,5,,,
CompleteGumtreeMatcher,845,18,420,409,0,16,0,0,5,3,0,0.7,,1500,,,,,5,,,
CompleteGumtreeMatcher,845,18,420,409,0,16,0,0,4,3,0,0.799,,1500,,,,,5,,,
CompleteGumtreeMatcher,845,18,420,409,0,16,0,0,5,3,0,0.899,,1500,,,,,5,,,
CompleteGumtreeMatcher,845,18,420,409,0,16,0,0,5,3,0,0.999,,1500,,,,,5,,,
CompleteGumtreeMatcher,82,68,14,3,0,65,0,0,39,3,0,0.1,,1600,,,,,1,,,
CompleteGumtreeMatcher,82,68,14,3,0,65,0,0,40,3,0,0.2,,1600,,,,,1,,,
CompleteGumtreeMatcher,82,68,14,3,0,65,0,0,40,3,0,0.3,,1600,,,,,1,,,
CompleteGumtreeMatcher,82,68,14,3,0,65,0,0,39,3,0,0.4,,1600,,,,,1,,,
CompleteGumtreeMatcher,82,68,14,3,0,65,0,0,39,3,0,0.5,,1600,,,,,1,,,
CompleteGumtreeMatcher,82,68,14,3,0,65,0,0,40,3,0,0.6,,1600,,,,,1,,,
CompleteGumtreeMatcher,145,88,35,24,0,86,0,0,11,3,0,0.7,,1600,,,,,1,,,
CompleteGumtreeMatcher,145,88,35,24,0,86,0,0,10,3,0,0.799,,1600,,,,,1,,,
CompleteGumtreeMatcher,145,88,35,24,0,86,0,0,11,3,0,0.899,,1600,,,,,1,,,
CompleteGumtreeMatcher,145,88,35,24,0,86,0,0,10,3,0,0.999,,1600,,,,,1,,,
CompleteGumtreeMatcher,142,48,54,43,0,45,0,0,40,3,0,0.1,,1600,,,,,2,,,
CompleteGumtreeMatcher,142,48,54,43,0,45,0,0,40,3,0,0.2,,1600,,,,,2,,,
CompleteGumtreeMatcher,142,48,54,43,0,45,0,0,39,3,0,0.3,,1600,,,,,2,,,
CompleteGumtreeMatcher,142,48,54,43,0,45,0,0,40,3,0,0.4,,1600,,,,,2,,,
CompleteGumtreeMatcher,260,57,108,97,0,55,0,0,11,3,0,0.5,,1600,,,,,2,,,
CompleteGumtreeMatcher,260,57,108,97,0,55,0,0,10,3,0,0.6,,1600,,,,,2,,,
CompleteGumtreeMatcher,260,57,108,97,0,55,0,0,10,3,0,0.7,,1600,,,,,2,,,
CompleteGumtreeMatcher,260,57,108,97,0,55,0,0,11,3,0,0.799,,1600,,,,,2,,,
CompleteGumtreeMatcher,260,57,108,97,0,55,0,0,11,3,0,0.899,,1600,,,,,2,,,
CompleteGumtreeMatcher,260,57,108,97,0,55,0,0,10,3,0,0.999,,1600,,,,,2,,,
CompleteGumtreeMatcher,464,24,227,216,0,21,0,0,39,3,0,0.1,,1600,,,,,3,,,
CompleteGumtreeMatcher,464,24,227,216,0,21,0,0,40,3,0,0.2,,1600,,,,,3,,,
CompleteGumtreeMatcher,464,24,227,216,0,21,0,0,40,3,0,0.3,,1600,,,,,3,,,
CompleteGumtreeMatcher,464,24,227,216,0,21,0,0,39,3,0,0.4,,1600,,,,,3,,,
CompleteGumtreeMatcher,582,33,281,270,0,31,0,0,11,3,0,0.5,,1600,,,,,3,,,
CompleteGumtreeMatcher,582,33,281,270,0,31,0,0,11,3,0,0.6,,1600,,,,,3,,,
CompleteGumtreeMatcher,582,33,281,270,0,31,0,0,10,3,0,0.7,,1600,,,,,3,,,
CompleteGumtreeMatcher,582,33,281,270,0,31,0,0,10,3,0,0.799,,1600,,,,,3,,,
CompleteGumtreeMatcher,582,33,281,270,0,31,0,0,11,3,0,0.899,,1600,,,,,3,,,
CompleteGumtreeMatcher,582,33,281,270,0,31,0,0,10,3,0,0.999,,1600,,,,,3,,,
CompleteGumtreeMatcher,496,22,244,233,0,19,0,0,40,3,0,0.1,,1600,,,,,4,,,
CompleteGumtreeMatcher,496,22,244,233,0,19,0,0,40,3,0,0.2,,1600,,,,,4,,,
CompleteGumtreeMatcher,496,22,244,233,0,19,0,0,40,3,0,0.3,,1600,,,,,4,,,
CompleteGumtreeMatcher,496,22,244,233,0,19,0,0,39,3,0,0.4,,1600,,,,,4,,,
CompleteGumtreeMatcher,614,31,298,287,0,29,0,0,10,3,0,0.5,,1600,,,,,4,,,
CompleteGumtreeMatcher,614,31,298,287,0,29,0,0,11,3,0,0.6,,1600,,,,,4,,,
CompleteGumtreeMatcher,614,31,298,287,0,29,0,0,11,3,0,0.7,,1600,,,,,4,,,
CompleteGumtreeMatcher,614,31,298,287,0,29,0,0,10,3,0,0.799,,1600,,,,,4,,,
CompleteGumtreeMatcher,614,31,298,287,0,29,0,0,11,3,0,0.899,,1600,,,,,4,,,
CompleteGumtreeMatcher,614,31,298,287,0,29,0,0,11,3,0,0.999,,1600,,,,,4,,,
CompleteGumtreeMatcher,845,18,420,409,0,16,0,0,5,3,0,0.1,,1600,,,,,5,,,
CompleteGumtreeMatcher,845,18,420,409,0,16,0,0,5,3,0,0.2,,1600,,,,,5,,,
CompleteGumtreeMatcher,845,18,420,409,0,16,0,0,5,3,0,0.3,,1600,,,,,5,,,
CompleteGumtreeMatcher,845,18,420,409,0,16,0,0,4,3,0,0.4,,1600,,,,,5,,,
CompleteGumtreeMatcher,845,18,420,409,0,16,0,0,5,3,0,0.5,,1600,,,,,5,,,
CompleteGumtreeMatcher,845,18,420,409,0,16,0,0,5,3,0,0.6,,1600,,,,,5,,,
CompleteGumtreeMatcher,845,18,420,409,0,16,0,0,5,3,0,0.7,,1600,,,,,5,,,
CompleteGumtreeMatcher,845,18,420,409,0,16,0,0,5,3,0,0.799,,1600,,,,,5,,,
CompleteGumtreeMatcher,845,18,420,409,0,16,0,0,4,3,0,0.899,,1600,,,,,5,,,
CompleteGumtreeMatcher,845,18,420,409,0,16,0,0,5,3,0,0.999,,1600,,,,,5,,,
CompleteGumtreeMatcher,82,68,14,3,0,65,0,0,40,3,0,0.1,,1700,,,,,1,,,
CompleteGumtreeMatcher,82,68,14,3,0,65,0,0,40,3,0,0.2,,1700,,,,,1,,,
CompleteGumtreeMatcher,82,68,14,3,0,65,0,0,40,3,0,0.3,,1700,,,,,1,,,
CompleteGumtreeMatcher,82,68,14,3,0,65,0,0,40,3,0,0.4,,1700,,,,,1,,,
CompleteGumtreeMatcher,82,68,14,3,0,65,0,0,40,3,0,0.5,,1700,,,,,1,,,
CompleteGumtreeMatcher,82,68,14,3,0,65,0,0,40,3,0,0.6,,1700,,,,,1,,,
CompleteGumtreeMatcher,145,88,35,24,0,86,0,0,10,3,0,0.7,,1700,,,,,1,,,
CompleteGumtreeMatcher,145,88,35,24,0,86,0,0,10,3,0,0.799,,1700,,,,,1,,,
CompleteGumtreeMatcher,145,88,35,24,0,86,0,0,11,3,0,0.899,,1700,,,,,1,,,
CompleteGumtreeMatcher,145,88,35,24,0,86,0,0,11,3,0,0.999,,1700,,,,,1,,,
CompleteGumtreeMatcher,142,48,54,43,0,45,0,0,40,3,0,0.1,,1700,,,,,2,,,
CompleteGumtreeMatcher,142,48,54,43,0,45,0,0,40,3,0,0.2,,1700,,,,,2,,,
CompleteGumtreeMatcher,142,48,54,43,0,45,0,0,40,3,0,0.3,,1700,,,,,2,,,
CompleteGumtreeMatcher,142,48,54,43,0,45,0,0,40,3,0,0.4,,1700,,,,,2,,,
CompleteGumtreeMatcher,260,57,108,97,0,55,0,0,10,3,0,0.5,,1700,,,,,2,,,
CompleteGumtreeMatcher,260,57,108,97,0,55,0,0,10,3,0,0.6,,1700,,,,,2,,,
CompleteGumtreeMatcher,260,57,108,97,0,55,0,0,10,3,0,0.7,,1700,,,,,2,,,
CompleteGumtreeMatcher,260,57,108,97,0,55,0,0,10,3,0,0.799,,1700,,,,,2,,,
CompleteGumtreeMatcher,260,57,108,97,0,55,0,0,11,3,0,0.899,,1700,,,,,2,,,
CompleteGumtreeMatcher,260,57,108,97,0,55,0,0,11,3,0,0.999,,1700,,,,,2,,,
CompleteGumtreeMatcher,464,24,227,216,0,21,0,0,40,3,0,0.1,,1700,,,,,3,,,
CompleteGumtreeMatcher,464,24,227,216,0,21,0,0,40,3,0,0.2,,1700,,,,,3,,,
CompleteGumtreeMatcher,464,24,227,216,0,21,0,0,40,3,0,0.3,,1700,,,,,3,,,
CompleteGumtreeMatcher,464,24,227,216,0,21,0,0,39,3,0,0.4,,1700,,,,,3,,,
CompleteGumtreeMatcher,582,33,281,270,0,31,0,0,10,3,0,0.5,,1700,,,,,3,,,
CompleteGumtreeMatcher,582,33,281,270,0,31,0,0,10,3,0,0.6,,1700,,,,,3,,,
CompleteGumtreeMatcher,582,33,281,270,0,31,0,0,11,3,0,0.7,,1700,,,,,3,,,
CompleteGumtreeMatcher,582,33,281,270,0,31,0,0,11,3,0,0.799,,1700,,,,,3,,,
CompleteGumtreeMatcher,582,33,281,270,0,31,0,0,10,3,0,0.899,,1700,,,,,3,,,
CompleteGumtreeMatcher,582,33,281,270,0,31,0,0,10,3,0,0.999,,1700,,,,,3,,,
CompleteGumtreeMatcher,496,22,244,233,0,19,0,0,40,3,0,0.1,,1700,,,,,4,,,
CompleteGumtreeMatcher,496,22,244,233,0,19,0,0,40,3,0,0.2,,1700,,,,,4,,,
CompleteGumtreeMatcher,496,22,244,233,0,19,0,0,39,3,0,0.3,,1700,,,,,4,,,
CompleteGumtreeMatcher,496,22,244,233,0,19,0,0,40,3,0,0.4,,1700,,,,,4,,,
CompleteGumtreeMatcher,614,31,298,287,0,29,0,0,11,3,0,0.5,,1700,,,,,4,,,
CompleteGumtreeMatcher,614,31,298,287,0,29,0,0,11,3,0,0.6,,1700,,,,,4,,,
CompleteGumtreeMatcher,614,31,298,287,0,29,0,0,10,3,0,0.7,,1700,,,,,4,,,
CompleteGumtreeMatcher,614,31,298,287,0,29,0,0,11,3,0,0.799,,1700,,,,,4,,,
CompleteGumtreeMatcher,614,31,298,287,0,29,0,0,11,3,0,0.899,,1700,,,,,4,,,
CompleteGumtreeMatcher,614,31,298,287,0,29,0,0,10,3,0,0.999,,1700,,,,,4,,,
CompleteGumtreeMatcher,845,18,420,409,0,16,0,0,5,3,0,0.1,,1700,,,,,5,,,
CompleteGumtreeMatcher,845,18,420,409,0,16,0,0,5,3,0,0.2,,1700,,,,,5,,,
CompleteGumtreeMatcher,845,18,420,409,0,16,0,0,5,3,0,0.3,,1700,,,,,5,,,
CompleteGumtreeMatcher,845,18,420,409,0,16,0,0,5,3,0,0.4,,1700,,,,,5,,,
CompleteGumtreeMatcher,845,18,420,409,0,16,0,0,5,3,0,0.5,,1700,,,,,5,,,
CompleteGumtreeMatcher,845,18,420,409,0,16,0,0,5,3,0,0.6,,1700,,,,,5,,,
CompleteGumtreeMatcher,845,18,420,409,0,16,0,0,5,3,0,0.7,,1700,,,,,5,,,
CompleteGumtreeMatcher,845,18,420,409,0,16,0,0,5,3,0,0.799,,1700,,,,,5,,,
CompleteGumtreeMatcher,845,18,420,409,0,16,0,0,5,3,0,0.899,,1700,,,,,5,,,
CompleteGumtreeMatcher,845,18,420,409,0,16,0,0,5,3,0,0.999,,1700,,,,,5,,,
CompleteGumtreeMatcher,82,68,14,3,0,65,0,0,40,3,0,0.1,,1800,,,,,1,,,
CompleteGumtreeMatcher,82,68,14,3,0,65,0,0,39,3,0,0.2,,1800,,,,,1,,,
CompleteGumtreeMatcher,82,68,14,3,0,65,0,0,39,3,0,0.3,,1800,,,,,1,,,
CompleteGumtreeMatcher,82,68,14,3,0,65,0,0,40,3,0,0.4,,1800,,,,,1,,,
CompleteGumtreeMatcher,82,68,14,3,0,65,0,0,40,3,0,0.5,,1800,,,,,1,,,
CompleteGumtreeMatcher,82,68,14,3,0,65,0,0,40,3,0,0.6,,1800,,,,,1,,,
CompleteGumtreeMatcher,145,88,35,24,0,86,0,0,11,3,0,0.7,,1800,,,,,1,,,
CompleteGumtreeMatcher,145,88,35,24,0,86,0,0,11,3,0,0.799,,1800,,,,,1,,,
CompleteGumtreeMatcher,145,88,35,24,0,86,0,0,11,3,0,0.899,,1800,,,,,1,,,
CompleteGumtreeMatcher,145,88,35,24,0,86,0,0,10,3,0,0.999,,1800,,,,,1,,,
CompleteGumtreeMatcher,142,48,54,43,0,45,0,0,40,3,0,0.1,,1800,,,,,2,,,
CompleteGumtreeMatcher,142,48,54,43,0,45,0,0,39,3,0,0.2,,1800,,,,,2,,,
CompleteGumtreeMatcher,142,48,54,43,0,45,0,0,40,3,0,0.3,,1800,,,,,2,,,
CompleteGumtreeMatcher,142,48,54,43,0,45,0,0,40,3,0,0.4,,1800,,,,,2,,,
CompleteGumtreeMatcher,260,57,108,97,0,55,0,0,10,3,0,0.5,,1800,,,,,2,,,
CompleteGumtreeMatcher,260,57,108,97,0,55,0,0,11,3,0,0.6,,1800,,,,,2,,,
CompleteGumtreeMatcher,260,57,108,97,0,55,0,0,11,3,0,0.7,,1800,,,,,2,,,
CompleteGumtreeMatcher,260,57,108,97,0,55,0,0,10,3,0,0.799,,1800,,,,,2,,,
CompleteGumtreeMatcher,260,57,108,97,0,55,0,0,10,3,0,0.899,,1800,,,,,2,,,
CompleteGumtreeMatcher,260,57,108,97,0,55,0,0,10,3,0,0.999,,1800,,,,,2,,,
CompleteGumtreeMatcher,464,24,227,216,0,21,0,0,40,3,0,0.1,,1800,,,,,3,,,
CompleteGumtreeMatcher,464,24,227,216,0,21,0,0,39,3,0,0.2,,1800,,,,,3,,,
CompleteGumtreeMatcher,464,24,227,216,0,21,0,0,39,3,0,0.3,,1800,,,,,3,,,
CompleteGumtreeMatcher,464,24,227,216,0,21,0,0,40,3,0,0.4,,1800,,,,,3,,,
CompleteGumtreeMatcher,582,33,281,270,0,31,0,0,10,3,0,0.5,,1800,,,,,3,,,
CompleteGumtreeMatcher,582,33,281,270,0,31,0,0,11,3,0,0.6,,1800,,,,,3,,,
CompleteGumtreeMatcher,582,33,281,270,0,31,0,0,10,3,0,0.7,,1800,,,,,3,,,
CompleteGumtreeMatcher,582,33,281,270,0,31,0,0,11,3,0,0.799,,1800,,,,,3,,,
CompleteGumtreeMatcher,582,33,281,270,0,31,0,0,10,3,0,0.899,,1800,,,,,3,,,
CompleteGumtreeMatcher,582,33,281,270,0,31,0,0,11,3,0,0.999,,1800,,,,,3,,,
CompleteGumtreeMatcher,496,22,244,233,0,19,0,0,40,3,0,0.1,,1800,,,,,4,,,
CompleteGumtreeMatcher,496,22,244,233,0,19,0,0,39,3,0,0.2,,1800,,,,,4,,,
CompleteGumtreeMatcher,496,22,244,233,0,19,0,0,40,3,0,0.3,,1800,,,,,4,,,
CompleteGumtreeMatcher,496,22,244,233,0,19,0,0,40,3,0,0.4,,1800,,,,,4,,,
CompleteGumtreeMatcher,614,31,298,287,0,29,0,0,11,3,0,0.5,,1800,,,,,4,,,
CompleteGumtreeMatcher,614,31,298,287,0,29,0,0,10,3,0,0.6,,1800,,,,,4,,,
CompleteGumtreeMatcher,614,31,298,287,0,29,0,0,10,3,0,0.7,,1800,,,,,4,,,
CompleteGumtreeMatcher,614,31,298,287,0,29,0,0,11,3,0,0.799,,1800,,,,,4,,,
CompleteGumtreeMatcher,614,31,298,287,0,29,0,0,11,3,0,0.899,,1800,,,,,4,,,
CompleteGumtreeMatcher,614,31,298,287,0,29,0,0,10,3,0,0.999,,1800,,,,,4,,,
CompleteGumtreeMatcher,845,18,420,409,0,16,0,0,5,3,0,0.1,,1800,,,,,5,,,
CompleteGumtreeMatcher,845,18,420,409,0,16,0,0,5,3,0,0.2,,1800,,,,,5,,,
CompleteGumtreeMatcher,845,18,420,409,0,16,0,0,5,3,0,0.3,,1800,,,,,5,,,
CompleteGumtreeMatcher,845,18,420,409,0,16,0,0,5,3,0,0.4,,1800,,,,,5,,,
CompleteGumtreeMatcher,845,18,420,409,0,16,0,0,5,3,0,0.5,,1800,,,,,5,,,
CompleteGumtreeMatcher,845,18,420,409,0,16,0,0,5,3,0,0.6,,1800,,,,,5,,,
CompleteGumtreeMatcher,845,18,420,409,0,16,0,0,5,3,0,0.7,,1800,,,,,5,,,
CompleteGumtreeMatcher,845,18,420,409,0,16,0,0,5,3,0,0.799,,1800,,,,,5,,,
CompleteGumtreeMatcher,845,18,420,409,0,16,0,0,5,3,0,0.899,,1800,,,,,5,,,
CompleteGumtreeMatcher,845,18,420,409,0,16,0,0,5,3,0,0.999,,1800,,,,,5,,,
CompleteGumtreeMatcher,82,68,14,3,0,65,0,0,39,3,0,0.1,,1900,,,,,1,,,
CompleteGumtreeMatcher,82,68,14,3,0,65,0,0,40,3,0,0.2,,1900,,,,,1,,,
CompleteGumtreeMatcher,82,68,14,3,0,65,0,0,40,3,0,0.3,,1900,,,,,1,,,
CompleteGumtreeMatcher,82,68,14,3,0,65,0,0,39,3,0,0.4,,1900,,,,,1,,,
CompleteGumtreeMatcher,82,68,14,3,0,65,0,0,39,3,0,0.5,,1900,,,,,1,,,
CompleteGumtreeMatcher,82,68,14,3,0,65,0,0,40,3,0,0.6,,1900,,,,,1,,,
CompleteGumtreeMatcher,145,88,35,24,0,86,0,0,11,3,0,0.7,,1900,,,,,1,,,
CompleteGumtreeMatcher,145,88,35,24,0,86,0,0,11,3,0,0.799,,1900,,,,,1,,,
CompleteGumtreeMatcher,145,88,35,24,0,86,0,0,11,3,0,0.899,,1900,,,,,1,,,
CompleteGumtreeMatcher,145,88,35,24,0,86,0,0,10,3,0,0.999,,1900,,,,,1,,,
CompleteGumtreeMatcher,142,48,54,43,0,45,0,0,40,3,0,0.1,,1900,,,,,2,,,
CompleteGumtreeMatcher,142,48,54,43,0,45,0,0,40,3,0,0.2,,1900,,,,,2,,,
CompleteGumtreeMatcher,142,48,54,43,0,45,0,0,40,3,0,0.3,,1900,,,,,2,,,
CompleteGumtreeMatcher,142,48,54,43,0,45,0,0,40,3,0,0.4,,1900,,,,,2,,,
CompleteGumtreeMatcher,260,57,108,97,0,55,0,0,11,3,0,0.5,,1900,,,,,2,,,
CompleteGumtreeMatcher,260,57,108,97,0,55,0,0,10,3,0,0.6,,1900,,,,,2,,,
CompleteGumtreeMatcher,260,57,108,97,0,55,0,0,10,3,0,0.7,,1900,,,,,2,,,
CompleteGumtreeMatcher,260,57,108,97,0,55,0,0,11,3,0,0.799,,1900,,,,,2,,,
CompleteGumtreeMatcher,260,57,108,97,0,55,0,0,11,3,0,0.899,,1900,,,,,2,,,
CompleteGumtreeMatcher,260,57,108,97,0,55,0,0,10,3,0,0.999,,1900,,,,,2,,,
CompleteGumtreeMatcher,464,24,227,216,0,21,0,0,39,3,0,0.1,,1900,,,,,3,,,
CompleteGumtreeMatcher,464,24,227,216,0,21,0,0,40,3,0,0.2,,1900,,,,,3,,,
CompleteGumtreeMatcher,464,24,227,216,0,21,0,0,40,3,0,0.3,,1900,,,,,3,,,
CompleteGumtreeMatcher,464,24,227,216,0,21,0,0,39,3,0,0.4,,1900,,,,,3,,,
CompleteGumtreeMatcher,582,33,281,270,0,31,0,0,10,3,0,0.5,,1900,,,,,3,,,
CompleteGumtreeMatcher,582,33,281,270,0,31,0,0,11,3,0,0.6,,1900,,,,,3,,,
CompleteGumtreeMatcher,582,33,281,270,0,31,0,0,10,3,0,0.7,,1900,,,,,3,,,
CompleteGumtreeMatcher,582,33,281,270,0,31,0,0,10,3,0,0.799,,1900,,,,,3,,,
CompleteGumtreeMatcher,582,33,281,270,0,31,0,0,10,3,0,0.899,,1900,,,,,3,,,
CompleteGumtreeMatcher,582,33,281,270,0,31,0,0,10,3,0,0.999,,1900,,,,,3,,,
CompleteGumtreeMatcher,496,22,244,233,0,19,0,0,40,3,0,0.1,,1900,,,,,4,,,
CompleteGumtreeMatcher,496,22,244,233,0,19,0,0,40,3,0,0.2,,1900,,,,,4,,,
CompleteGumtreeMatcher,496,22,244,233,0,19,0,0,40,3,0,0.3,,1900,,,,,4,,,
CompleteGumtreeMatcher,496,22,244,233,0,19,0,0,40,3,0,0.4,,1900,,,,,4,,,
CompleteGumtreeMatcher,614,31,298,287,0,29,0,0,11,3,0,0.5,,1900,,,,,4,,,
CompleteGumtreeMatcher,614,31,298,287,0,29,0,0,10,3,0,0.6,,1900,,,,,4,,,
CompleteGumtreeMatcher,614,31,298,287,0,29,0,0,10,3,0,0.7,,1900,,,,,4,,,
CompleteGumtreeMatcher,614,31,298,287,0,29,0,0,10,3,0,0.799,,1900,,,,,4,,,
CompleteGumtreeMatcher,614,31,298,287,0,29,0,0,11,3,0,0.899,,1900,,,,,4,,,
CompleteGumtreeMatcher,614,31,298,287,0,29,0,0,10,3,0,0.999,,1900,,,,,4,,,
CompleteGumtreeMatcher,845,18,420,409,0,16,0,0,5,3,0,0.1,,1900,,,,,5,,,
CompleteGumtreeMatcher,845,18,420,409,0,16,0,0,5,3,0,0.2,,1900,,,,,5,,,
CompleteGumtreeMatcher,845,18,420,409,0,16,0,0,5,3,0,0.3,,1900,,,,,5,,,
CompleteGumtreeMatcher,845,18,420,409,0,16,0,0,5,3,0,0.4,,1900,,,,,5,,,
CompleteGumtreeMatcher,845,18,420,409,0,16,0,0,5,3,0,0.5,,1900,,,,,5,,,
CompleteGumtreeMatcher,845,18,420,409,0,16,0,0,5,3,0,0.6,,1900,,,,,5,,,
CompleteGumtreeMatcher,845,18,420,409,0,16,0,0,5,3,0,0.7,,1900,,,,,5,,,
CompleteGumtreeMatcher,845,18,420,409,0,16,0,0,5,3,0,0.799,,1900,,,,,5,,,
CompleteGumtreeMatcher,845,18,420,409,0,16,0,0,5,3,0,0.899,,1900,,,,,5,,,
CompleteGumtreeMatcher,845,18,420,409,0,16,0,0,5,3,0,0.999,,1900,,,,,5,,,
CompleteGumtreeMatcher,82,68,14,3,0,65,0,0,40,3,0,0.1,,2000,,,,,1,,,
CompleteGumtreeMatcher,82,68,14,3,0,65,0,0,40,3,0,0.2,,2000,,,,,1,,,
CompleteGumtreeMatcher,82,68,14,3,0,65,0,0,40,3,0,0.3,,2000,,,,,1,,,
CompleteGumtreeMatcher,82,68,14,3,0,65,0,0,40,3,0,0.4,,2000,,,,,1,,,
CompleteGumtreeMatcher,82,68,14,3,0,65,0,0,40,3,0,0.5,,2000,,,,,1,,,
CompleteGumtreeMatcher,82,68,14,3,0,65,0,0,40,3,0,0.6,,2000,,,,,1,,,
CompleteGumtreeMatcher,145,88,35,24,0,86,0,0,11,3,0,0.7,,2000,,,,,1,,,
CompleteGumtreeMatcher,145,88,35,24,0,86,0,0,10,3,0,0.799,,2000,,,,,1,,,
CompleteGumtreeMatcher,145,88,35,24,0,86,0,0,11,3,0,0.899,,2000,,,,,1,,,
CompleteGumtreeMatcher,145,88,35,24,0,86,0,0,11,3,0,0.999,,2000,,,,,1,,,
CompleteGumtreeMatcher,142,48,54,43,0,45,0,0,39,3,0,0.1,,2000,,,,,2,,,
CompleteGumtreeMatcher,142,48,54,43,0,45,0,0,40,3,0,0.2,,2000,,,,,2,,,
CompleteGumtreeMatcher,142,48,54,43,0,45,0,0,40,3,0,0.3,,2000,,,,,2,,,
CompleteGumtreeMatcher,142,48,54,43,0,45,0,0,40,3,0,0.4,,2000,,,,,2,,,
CompleteGumtreeMatcher,260,57,108,97,0,55,0,0,10,3,0,0.5,,2000,,,,,2,,,
CompleteGumtreeMatcher,260,57,108,97,0,55,0,0,10,3,0,0.6,,2000,,,,,2,,,
CompleteGumtreeMatcher,260,57,108,97,0,55,0,0,10,3,0,0.7,,2000,,,,,2,,,
CompleteGumtreeMatcher,260,57,108,97,0,55,0,0,10,3,0,0.799,,2000,,,,,2,,,
CompleteGumtreeMatcher,260,57,108,97,0,55,0,0,10,3,0,0.899,,2000,,,,,2,,,
CompleteGumtreeMatcher,260,57,108,97,0,55,0,0,10,3,0,0.999,,2000,,,,,2,,,
CompleteGumtreeMatcher,464,24,227,216,0,21,0,0,40,3,0,0.1,,2000,,,,,3,,,
CompleteGumtreeMatcher,464,24,227,216,0,21,0,0,40,3,0,0.2,,2000,,,,,3,,,
CompleteGumtreeMatcher,464,24,227,216,0,21,0,0,40,3,0,0.3,,2000,,,,,3,,,
CompleteGumtreeMatcher,464,24,227,216,0,21,0,0,40,3,0,0.4,,2000,,,,,3,,,
CompleteGumtreeMatcher,582,33,281,270,0,31,0,0,11,3,0,0.5,,2000,,,,,3,,,
CompleteGumtreeMatcher,582,33,281,270,0,31,0,0,11,3,0,0.6,,2000,,,,,3,,,
CompleteGumtreeMatcher,582,33,281,270,0,31,0,0,11,3,0,0.7,,2000,,,,,3,,,
CompleteGumtreeMatcher,582,33,281,270,0,31,0,0,10,3,0,0.799,,2000,,,,,3,,,
CompleteGumtreeMatcher,582,33,281,270,0,31,0,0,10,3,0,0.899,,2000,,,,,3,,,
CompleteGumtreeMatcher,582,33,281,270,0,31,0,0,11,3,0,0.999,,2000,,,,,3,,,
CompleteGumtreeMatcher,496,22,244,233,0,19,0,0,39,3,0,0.1,,2000,,,,,4,,,
CompleteGumtreeMatcher,496,22,244,233,0,19,0,0,40,3,0,0.2,,2000,,,,,4,,,
CompleteGumtreeMatcher,496,22,244,233,0,19,0,0,39,3,0,0.3,,2000,,,,,4,,,
CompleteGumtreeMatcher,496,22,244,233,0,19,0,0,40,3,0,0.4,,2000,,,,,4,,,
CompleteGumtreeMatcher,614,31,298,287,0,29,0,0,11,3,0,0.5,,2000,,,,,4,,,
CompleteGumtreeMatcher,614,31,298,287,0,29,0,0,10,3,0,0.6,,2000,,,,,4,,,
CompleteGumtreeMatcher,614,31,298,287,0,29,0,0,10,3,0,0.7,,2000,,,,,4,,,
CompleteGumtreeMatcher,614,31,298,287,0,29,0,0,11,3,0,0.799,,2000,,,,,4,,,
CompleteGumtreeMatcher,614,31,298,287,0,29,0,0,11,3,0,0.899,,2000,,,,,4,,,
CompleteGumtreeMatcher,614,31,298,287,0,29,0,0,10,3,0,0.999,,2000,,,,,4,,,
CompleteGumtreeMatcher,845,18,420,409,0,16,0,0,5,3,0,0.1,,2000,,,,,5,,,
CompleteGumtreeMatcher,845,18,420,409,0,16,0,0,5,3,0,0.2,,2000,,,,,5,,,
CompleteGumtreeMatcher,845,18,420,409,0,16,0,0,5,3,0,0.3,,2000,,,,,5,,,
CompleteGumtreeMatcher,845,18,420,409,0,16,0,0,5,3,0,0.4,,2000,,,,,5,,,
CompleteGumtreeMatcher,845,18,420,409,0,16,0,0,5,3,0,0.5,,2000,,,,,5,,,
CompleteGumtreeMatcher,845,18,420,409,0,16,0,0,5,3,0,0.6,,2000,,,,,5,,,
CompleteGumtreeMatcher,845,18,420,409,0,16,0,0,5,3,0,0.7,,2000,,,,,5,,,
CompleteGumtreeMatcher,845,18,420,409,0,16,0,0,5,3,0,0.799,,2000,,,,,5,,,
CompleteGumtreeMatcher,845,18,420,409,0,16,0,0,5,3,0,0.899,,2000,,,,,5,,,
CompleteGumtreeMatcher,845,18,420,409,0,16,0,0,5,3,0,0.999,,2000,,,,,5,,,
ChangeDistiller,1578,1483,171,160,622,625,0,0,25160,4,0,,,,0.1,2,0.2,0.1,,,,
ChangeDistiller,1580,1484,169,158,625,628,0,0,25159,4,0,,,,0.1,4,0.2,0.1,,,,
ChangeDistiller,1590,1486,167,156,630,637,0,0,25171,4,0,,,,0.1,6,0.2,0.1,,,,
ChangeDistiller,1744,1524,230,219,618,677,0,0,25172,4,0,,,,0.1,2,0.4,0.1,,,,
ChangeDistiller,1647,1492,190,179,624,654,0,0,25162,4,0,,,,0.1,4,0.4,0.1,,,,
ChangeDistiller,1640,1488,182,171,630,657,0,0,25024,4,0,,,,0.1,6,0.4,0.1,,,,
ChangeDistiller,2169,1632,360,349,624,836,0,0,25246,4,0,,,,0.1,2,0.6,0.1,,,,
ChangeDistiller,1955,1595,280,269,629,777,0,0,25213,4,0,,,,0.1,4,0.6,0.1,,,,
ChangeDistiller,1877,1558,253,242,630,752,0,0,25212,4,0,,,,0.1,6,0.6,0.1,,,,
ChangeDistiller,2788,1786,535,494,639,1120,0,0,25277,4,0,,,,0.1,2,0.8,0.1,,,,
ChangeDistiller,2352,1807,370,359,636,987,0,0,25237,4,0,,,,0.1,4,0.8,0.1,,,,
ChangeDistiller,2035,1626,287,276,630,842,0,0,25210,4,0,,,,0.1,6,0.8,0.1,,,,
ChangeDistiller,3019,1887,598,562,646,1213,0,0,25283,4,0,,,,0.1,2,1.0,0.1,,,,
ChangeDistiller,2556,1802,426,371,643,1116,0,0,25131,4,0,,,,0.1,4,1.0,0.1,,,,
ChangeDistiller,2227,1674,330,265,630,1002,0,0,25243,4,0,,,,0.1,6,1.0,0.1,,,,
ChangeDistiller,943,898,80,69,391,403,0,0,15492,4,0,,,,0.3,2,0.2,0.1,,,,
ChangeDistiller,949,901,80,69,393,407,0,0,15519,4,0,,,,0.3,4,0.2,0.1,,,,
ChangeDistiller,961,906,78,67,398,418,0,0,15513,4,0,,,,0.3,6,0.2,0.1,,,,
ChangeDistiller,963,900,97,86,386,394,0,0,15452,4,0,,,,0.3,2,0.4,0.1,,,,
ChangeDistiller,945,889,86,75,392,392,0,0,15527,4,0,,,,0.3,4,0.4,0.1,,,,
ChangeDistiller,962,899,83,72,399,408,0,0,15422,4,0,,,,0.3,6,0.4,0.1,,,,
ChangeDistiller,1144,999,148,137,388,471,0,0,15529,4,0,,,,0.3,2,0.6,0.1,,,,
ChangeDistiller,1042,940,114,103,393,432,0,0,15506,4,0,,,,0.3,4,0.6,0.1,,,,
ChangeDistiller,1034,929,104,93,399,438,0,0,15518,4,0,,,,0.3,6,0.6,0.1,,,,
ChangeDistiller,1884,1296,349,338,402,795,0,0,15512,4,0,,,,0.3,2,0.8,0.1,,,,
ChangeDistiller,1448,1137,217,206,399,626,0,0,15552,4,0,,,,0.3,4,0.8,0.1,,,,
ChangeDistiller,1326,1070,174,163,401,588,0,0,15552,4,0,,,,0.3,6,0.8,0.1,,,,
ChangeDistiller,2335,1458,462,432,408,1033,0,0,15606,4,0,,,,0.3,2,1.0,0.1,,,,
ChangeDistiller,1948,1352,328,288,407,925,0,0,15610,4,0,,,,0.3,4,1.0,0.1,,,,
ChangeDistiller,1674,1259,241,194,401,838,0,0,15589,4,0,,,,0.3,6,1.0,0.1,,,,
ChangeDistiller,683,649,67,56,276,284,0,0,12637,4,0,,,,0.5,2,0.2,0.1,,,,
ChangeDistiller,685,652,66,55,277,287,0,0,12586,4,0,,,,0.5,4,0.2,0.1,,,,
ChangeDistiller,697,657,64,53,282,298,0,0,12657,4,0,,,,0.5,6,0.2,0.1,,,,
ChangeDistiller,701,659,73,62,276,290,0,0,12660,4,0,,,,0.5,2,0.4,0.1,,,,
ChangeDistiller,685,652,66,55,277,287,0,0,12651,4,0,,,,0.5,4,0.4,0.1,,,,
ChangeDistiller,697,657,64,53,282,298,0,0,12597,4,0,,,,0.5,6,0.4,0.1,,,,
ChangeDistiller,839,733,115,104,280,340,0,0,12654,4,0,,,,0.5,2,0.6,0.1,,,,
ChangeDistiller,767,716,83,72,279,333,0,0,12646,4,0,,,,0.5,4,0.6,0.1,,,,
ChangeDistiller,747,695,74,63,282,328,0,0,12561,4,0,,,,0.5,6,0.6,0.1,,,,
ChangeDistiller,1384,1029,254,243,288,599,0,0,12681,4,0,,,,0.5,2,0.8,0.1,,,,
ChangeDistiller,1135,918,176,165,291,503,0,0,12661,4,0,,,,0.5,4,0.8,0.1,,,,
ChangeDistiller,970,801,133,122,286,429,0,0,12678,4,0,,,,0.5,6,0.8,0.1,,,,
ChangeDistiller,1903,1200,376,344,290,893,0,0,12760,4,0,,,,0.5,2,1.0,0.1,,,,
ChangeDistiller,1617,1133,278,233,294,812,0,0,12669,4,0,,,,0.5,4,1.0,0.1,,,,
ChangeDistiller,1381,1034,209,163,286,723,0,0,12721,4,0,,,,0.5,6,1.0,0.1,,,,
ChangeDistiller,437,401,59,48,156,174,0,0,10453,4,0,,,,0.7,2,0.2,0.1,,,,
ChangeDistiller,456,420,57,46,157,196,0,0,10462,4,0,,,,0.7,4,0.2,0.1,,,,
ChangeDistiller,468,425,55,44,162,207,0,0,10388,4,0,,,,0.7,6,0.2,0.1,,,,
ChangeDistiller,456,416,61,50,154,191,0,0,10389,4,0,,,,0.7,2,0.4,0.1,,,,
ChangeDistiller,456,420,57,46,157,196,0,0,10451,4,0,,,,0.7,4,0.4,0.1,,,,
ChangeDistiller,468,425,55,44,162,207,0,0,10451,4,0,,,,0.7,6,0.4,0.1,,,,
ChangeDistiller,502,432,78,67,154,203,0,0,10410,4,0,,,,0.7,2,0.6,0.1,,,,
ChangeDistiller,460,410,65,54,157,184,0,0,10406,4,0,,,,0.7,4,0.6,0.1,,,,
ChangeDistiller,472,415,63,52,162,195,0,0,10460,4,0,,,,0.7,6,0.6,0.1,,,,
ChangeDistiller,781,560,157,146,160,318,0,0,10476,4,0,,,,0.7,2,0.8,0.1,,,,
ChangeDistiller,673,508,122,111,163,277,0,0,10452,4,0,,,,0.7,4,0.8,0.1,,,,
ChangeDistiller,602,470,100,89,166,247,0,0,10465,4,0,,,,0.7,6,0.8,0.1,,,,
ChangeDistiller,1453,893,298,273,163,719,0,0,10532,4,0,,,,0.7,2,1.0,0.1,,,,
ChangeDistiller,1257,834,234,205,168,650,0,0,10527,4,0,,,,0.7,4,1.0,0.1,,,,
ChangeDistiller,1132,786,194,164,167,607,0,0,10443,4,0,,,,0.7,6,1.0,0.1,,,,
ChangeDistiller,170,151,34,23,29,84,0,0,9215,4,0,,,,0.899,2,0.2,0.1,,,,
ChangeDistiller,174,155,33,22,30,89,0,0,9220,4,0,,,,0.899,4,0.2,0.1,,,,
ChangeDistiller,186,160,31,20,35,100,0,0,9220,4,0,,,,0.899,6,0.2,0.1,,,,
ChangeDistiller,169,146,35,24,27,83,0,0,9218,4,0,,,,0.899,2,0.4,0.1,,,,
ChangeDistiller,174,155,33,22,30,89,0,0,9158,4,0,,,,0.899,4,0.4,0.1,,,,
ChangeDistiller,186,160,31,20,35,100,0,0,9183,4,0,,,,0.899,6,0.4,0.1,,,,
ChangeDistiller,196,164,43,32,27,94,0,0,9239,4,0,,,,0.899,2,0.6,0.1,,,,
ChangeDistiller,174,155,33,22,30,89,0,0,9183,4,0,,,,0.899,4,0.6,0.1,,,,
ChangeDistiller,186,160,31,20,35,100,0,0,9241,4,0,,,,0.899,6,0.6,0.1,,,,
ChangeDistiller,450,267,114,103,32,201,0,0,9233,4,0,,,,0.899,2,0.8,0.1,,,,
ChangeDistiller,369,237,89,78,34,168,0,0,9236,4,0,,,,0.899,4,0.8,0.1,,,,
ChangeDistiller,326,216,73,62,38,153,0,0,9188,4,0,,,,0.899,6,0.8,0.1,,,,
ChangeDistiller,784,485,166,142,32,444,0,0,9301,4,0,,,,0.899,2,1.0,0.1,,,,
ChangeDistiller,675,446,136,107,35,397,0,0,9279,4,0,,,,0.899,4,1.0,0.1,,,,
ChangeDistiller,662,452,126,96,39,401,0,0,9277,4,0,,,,0.899,6,1.0,0.1,,,,
ChangeDistiller,1584,1484,179,168,615,622,0,0,25156,4,0,,,,0.1,2,0.2,0.3,,,,
ChangeDistiller,1609,1490,192,181,611,625,0,0,25151,4,0,,,,0.1,4,0.2,0.3,,,,
ChangeDistiller,1617,1491,197,186,608,626,0,0,25167,4,0,,,,0.1,6,0.2,0.3,,,,
ChangeDistiller,1750,1514,240,229,609,672,0,0,25160,4,0,,,,0.1,2,0.4,0.3,,,,
ChangeDistiller,1666,1484,212,201,608,645,0,0,25002,4,0,,,,0.1,4,0.4,0.3,,,,
ChangeDistiller,1666,1484,212,201,608,645,0,0,25013,4,0,,,,0.1,6,0.4,0.3,,,,
ChangeDistiller,2183,1601,377,366,609,831,0,0,25227,4,0,,,,0.1,2,0.6,0.3,,,,
ChangeDistiller,1962,1561,304,293,608,757,0,0,25187,4,0,,,,0.1,4,0.6,0.3,,,,
ChangeDistiller,1896,1530,283,272,608,733,0,0,25195,4,0,,,,0.1,6,0.6,0.3,,,,
ChangeDistiller,2774,1733,552,513,609,1100,0,0,25123,4,0,,,,0.1,2,0.8,0.3,,,,
ChangeDistiller,2343,1735,396,385,608,954,0,0,25212,4,0,,,,0.1,4,0.8,0.3,,,,
ChangeDistiller,2052,1583,317,306,608,821,0,0,25201,4,0,,,,0.1,6,0.8,0.3,,,,
ChangeDistiller,2995,1819,616,582,609,1188,0,0,25263,4,0,,,,0.1,2,1.0,0.3,,,,
ChangeDistiller,2550,1714,454,411,608,1077,0,0,25248,4,0,,,,0.1,4,1.0,0.3,,,,
ChangeDistiller,2255,1624,360,309,608,978,0,0,25235,4,0,,,,0.1,6,1.0,0.3,,,,
ChangeDistiller,932,880,86,75,389,382,0,0,15498,4,0,,,,0.3,2,0.2,0.3,,,,
ChangeDistiller,935,880,89,78,386,382,0,0,15502,4,0,,,,0.3,4,0.2,0.3,,,,
ChangeDistiller,935,879,90,79,385,381,0,0,15503,4,0,,,,0.3,6,0.2,0.3,,,,
ChangeDistiller,966,896,101,90,384,391,0,0,15430,4,0,,,,0.3,2,0.4,0.3,,,,
ChangeDistiller,938,880,91,80,385,382,0,0,15502,4,0,,,,0.3,4,0.4,0.3,,,,
ChangeDistiller,938,880,91,80,385,382,0,0,15496,4,0,,,,0.3,6,0.4,0.3,,,,
ChangeDistiller,1119,985,142,131,384,462,0,0,15521,4,0,,,,0.3,2,0.6,0.3,,,,
ChangeDistiller,1022,928,115,104,385,418,0,0,15435,4,0,,,,0.3,4,0.6,0.3,,,,
ChangeDistiller,999,909,108,97,385,409,0,0,15517,4,0,,,,0.3,6,0.6,0.3,,,,
ChangeDistiller,1876,1276,358,347,385,786,0,0,15554,4,0,,,,0.3,2,0.8,0.3,,,,
ChangeDistiller,1440,1115,228,217,385,610,0,0,15541,4,0,,,,0.3,4,0.8,0.3,,,,
ChangeDistiller,1295,1042,182,171,385,557,0,0,15455,4,0,,,,0.3,6,0.8,0.3,,,,
ChangeDistiller,2321,1426,472,442,385,1022,0,0,15544,4,0,,,,0.3,2,1.0,0.3,,,,
ChangeDistiller,1937,1315,340,305,385,907,0,0,15519,4,0,,,,0.3,4,1.0,0.3,,,,
ChangeDistiller,1657,1221,252,212,385,808,0,0,15570,4,0,,,,0.3,6,1.0,0.3,,,,
ChangeDistiller,694,651,71,60,277,286,0,0,12635,4,0,,,,0.5,2,0.2,0.3,,,,
ChangeDistiller,709,661,74,63,279,293,0,0,12586,4,0,,,,0.5,4,0.2,0.3,,,,
ChangeDistiller,705,657,74,63,278,290,0,0,12569,4,0,,,,0.5,6,0.2,0.3,,,,
ChangeDistiller,711,658,78,67,276,290,0,0,12565,4,0,,,,0.5,2,0.4,0.3,,,,
ChangeDistiller,705,657,74,63,278,290,0,0,12632,4,0,,,,0.5,4,0.4,0.3,,,,
ChangeDistiller,705,657,74,63,278,290,0,0,12648,4,0,,,,0.5,6,0.4,0.3,,,,
ChangeDistiller,818,722,110,99,274,335,0,0,12664,4,0,,,,0.5,2,0.6,0.3,,,,
ChangeDistiller,791,723,94,83,278,336,0,0,12657,4,0,,,,0.5,4,0.6,0.3,,,,
ChangeDistiller,755,695,84,73,278,320,0,0,12648,4,0,,,,0.5,6,0.6,0.3,,,,
ChangeDistiller,1363,992,261,250,274,578,0,0,12691,4,0,,,,0.5,2,0.8,0.3,,,,
ChangeDistiller,1117,871,187,176,278,476,0,0,12662,4,0,,,,0.5,4,0.8,0.3,,,,
ChangeDistiller,971,785,145,134,278,414,0,0,12717,4,0,,,,0.5,6,0.8,0.3,,,,
ChangeDistiller,1884,1162,383,355,274,872,0,0,12762,4,0,,,,0.5,2,1.0,0.3,,,,
ChangeDistiller,1603,1083,289,254,278,782,0,0,12745,4,0,,,,0.5,4,1.0,0.3,,,,
ChangeDistiller,1381,1005,220,182,278,701,0,0,12728,4,0,,,,0.5,6,1.0,0.3,,,,
ChangeDistiller,445,404,62,51,157,175,0,0,10457,4,0,,,,0.7,2,0.2,0.3,,,,
ChangeDistiller,451,405,64,53,157,177,0,0,10457,4,0,,,,0.7,4,0.2,0.3,,,,
ChangeDistiller,447,401,64,53,156,174,0,0,10445,4,0,,,,0.7,6,0.2,0.3,,,,
ChangeDistiller,464,416,65,54,154,191,0,0,10450,4,0,,,,0.7,2,0.4,0.3,,,,
ChangeDistiller,447,401,64,53,156,174,0,0,10440,4,0,,,,0.7,4,0.4,0.3,,,,
ChangeDistiller,447,401,64,53,156,174,0,0,10383,4,0,,,,0.7,6,0.4,0.3,,,,
ChangeDistiller,502,429,79,68,154,201,0,0,10395,4,0,,,,0.7,2,0.6,0.3,,,,
ChangeDistiller,466,420,64,53,156,193,0,0,10436,4,0,,,,0.7,4,0.6,0.3,,,,
ChangeDistiller,466,420,64,53,156,193,0,0,10435,4,0,,,,0.7,6,0.6,0.3,,,,
ChangeDistiller,767,543,160,149,154,304,0,0,10448,4,0,,,,0.7,2,0.8,0.3,,,,
ChangeDistiller,660,483,127,116,156,261,0,0,10452,4,0,,,,0.7,4,0.8,0.3,,,,
ChangeDistiller,614,465,115,104,156,239,0,0,10456,4,0,,,,0.7,6,0.8,0.3,,,,
ChangeDistiller,1445,872,304,280,154,707,0,0,10533,4,0,,,,0.7,2,1.0,0.3,,,,
ChangeDistiller,1242,801,242,214,156,630,0,0,10520,4,0,,,,0.7,4,1.0,0.3,,,,
ChangeDistiller,1109,754,202,171,156,580,0,0,10506,4,0,,,,0.7,6,1.0,0.3,,,,
ChangeDistiller,190,165,39,28,30,93,0,0,9225,4,0,,,,0.899,2,0.2,0.3,,,,
ChangeDistiller,193,164,40,29,30,94,0,0,9230,4,0,,,,0.899,4,0.2,0.3,,,,
ChangeDistiller,189,160,40,29,29,91,0,0,9167,4,0,,,,0.899,6,0.2,0.3,,,,
ChangeDistiller,183,150,41,30,27,85,0,0,9235,4,0,,,,0.899,2,0.4,0.3,,,,
ChangeDistiller,189,160,40,29,29,91,0,0,9230,4,0,,,,0.899,4,0.4,0.3,,,,
ChangeDistiller,189,160,40,29,29,91,0,0,9215,4,0,,,,0.899,6,0.4,0.3,,,,
ChangeDistiller,207,162,49,38,27,93,0,0,9232,4,0,,,,0.899,2,0.6,0.3,,,,
ChangeDistiller,186,156,40,29,29,88,0,0,9226,4,0,,,,0.899,4,0.6,0.3,,,,
ChangeDistiller,186,156,40,29,29,88,0,0,9200,4,0,,,,0.899,6,0.6,0.3,,,,
ChangeDistiller,441,246,121,110,27,183,0,0,9242,4,0,,,,0.899,2,0.8,0.3,,,,
ChangeDistiller,363,215,97,86,29,151,0,0,9232,4,0,,,,0.899,4,0.8,0.3,,,,
ChangeDistiller,332,204,88,77,29,138,0,0,9185,4,0,,,,0.899,6,0.8,0.3,,,,
ChangeDistiller,777,464,173,151,27,426,0,0,9221,4,0,,,,0.899,2,1.0,0.3,,,,
ChangeDistiller,664,420,144,115,29,376,0,0,9272,4,0,,,,0.899,4,1.0,0.3,,,,
ChangeDistiller,631,413,134,102,29,366,0,0,9216,4,0,,,,0.899,6,1.0,0.3,,,,
ChangeDistiller,1630,1482,205,194,602,629,0,0,25161,4,0,,,,0.1,2,0.2,0.5,,,,
ChangeDistiller,1776,1573,249,238,592,697,0,0,25187,4,0,,,,0.1,4,0.2,0.5,,,,
ChangeDistiller,1817,1569,267,256,588,706,0,0,25153,4,0,,,,0.1,6,0.2,0.5,,,,
ChangeDistiller,1784,1493,268,257,588,671,0,0,25015,4,0,,,,0.1,2,0.4,0.5,,,,
ChangeDistiller,1810,1501,277,266,588,679,0,0,25156,4,0,,,,0.1,4,0.4,0.5,,,,
ChangeDistiller,1840,1494,288,277,588,687,0,0,25164,4,0,,,,0.1,6,0.4,0.5,,,,
ChangeDistiller,2200,1562,400,389,588,823,0,0,25095,4,0,,,,0.1,2,0.6,0.5,,,,
ChangeDistiller,2146,1546,379,368,588,811,0,0,25191,4,0,,,,0.1,4,0.6,0.5,,,,
ChangeDistiller,2105,1517,366,355,588,796,0,0,25189,4,0,,,,0.1,6,0.6,0.5,,,,
ChangeDistiller,2816,1685,578,560,588,1090,0,0,25266,4,0,,,,0.1,2,0.8,0.5,,,,
ChangeDistiller,2443,1689,454,443,588,958,0,0,25226,4,0,,,,0.1,4,0.8,0.5,,,,
ChangeDistiller,2189,1549,387,376,588,838,0,0,25115,4,0,,,,0.1,6,0.8,0.5,,,,
ChangeDistiller,3037,1771,642,629,588,1178,0,0,25211,4,0,,,,0.1,2,1.0,0.5,,,,
ChangeDistiller,2665,1675,511,489,588,1077,0,0,25162,4,0,,,,0.1,4,1.0,0.5,,,,
ChangeDistiller,2405,1591,429,400,588,988,0,0,25240,4,0,,,,0.1,6,1.0,0.5,,,,
ChangeDistiller,971,888,104,93,383,391,0,0,15508,4,0,,,,0.3,2,0.2,0.5,,,,
ChangeDistiller,1049,947,119,108,379,443,0,0,15534,4,0,,,,0.3,4,0.2,0.5,,,,
ChangeDistiller,1056,947,123,112,378,443,0,0,15519,4,0,,,,0.3,6,0.2,0.5,,,,
ChangeDistiller,1004,902,119,108,378,399,0,0,15433,4,0,,,,0.3,2,0.4,0.5,,,,
ChangeDistiller,1018,906,124,113,378,403,0,0,15513,4,0,,,,0.3,4,0.4,0.5,,,,
ChangeDistiller,1023,907,126,115,378,404,0,0,15501,4,0,,,,0.3,6,0.4,0.5,,,,
ChangeDistiller,1156,973,163,152,378,463,0,0,15541,4,0,,,,0.3,2,0.6,0.5,,,,
ChangeDistiller,1131,959,154,143,378,456,0,0,15521,4,0,,,,0.3,4,0.6,0.5,,,,
ChangeDistiller,1108,948,147,136,378,447,0,0,15513,4,0,,,,0.3,6,0.6,0.5,,,,
ChangeDistiller,1900,1239,376,365,378,781,0,0,15608,4,0,,,,0.3,2,0.8,0.5,,,,
ChangeDistiller,1527,1112,266,255,378,628,0,0,15538,4,0,,,,0.3,4,0.8,0.5,,,,
ChangeDistiller,1397,1048,225,214,378,580,0,0,15546,4,0,,,,0.3,6,0.8,0.5,,,,
ChangeDistiller,2362,1401,490,477,378,1017,0,0,15531,4,0,,,,0.3,2,1.0,0.5,,,,
ChangeDistiller,2010,1299,372,350,378,910,0,0,15605,4,0,,,,0.3,4,1.0,0.5,,,,
ChangeDistiller,1733,1213,287,252,378,816,0,0,15575,4,0,,,,0.3,6,1.0,0.5,,,,
ChangeDistiller,738,664,87,76,276,299,0,0,12643,4,0,,,,0.5,2,0.2,0.5,,,,
ChangeDistiller,805,713,98,87,275,345,0,0,12663,4,0,,,,0.5,4,0.2,0.5,,,,
ChangeDistiller,816,716,103,92,274,347,0,0,12651,4,0,,,,0.5,6,0.2,0.5,,,,
ChangeDistiller,751,665,95,84,274,298,0,0,12660,4,0,,,,0.5,2,0.4,0.5,,,,
ChangeDistiller,789,696,100,89,274,326,0,0,12653,4,0,,,,0.5,4,0.4,0.5,,,,
ChangeDistiller,803,700,105,94,274,330,0,0,12657,4,0,,,,0.5,6,0.4,0.5,,,,
ChangeDistiller,870,724,130,119,272,349,0,0,12667,4,0,,,,0.5,2,0.6,0.5,,,,
ChangeDistiller,854,712,124,113,274,343,0,0,12653,4,0,,,,0.5,4,0.6,0.5,,,,
ChangeDistiller,826,700,116,105,274,331,0,0,12655,4,0,,,,0.5,6,0.6,0.5,,,,
ChangeDistiller,1398,970,279,268,272,579,0,0,12626,4,0,,,,0.5,2,0.8,0.5,,,,
ChangeDistiller,1170,838,215,204,274,477,0,0,12662,4,0,,,,0.5,4,0.8,0.5,,,,
ChangeDistiller,1042,772,177,166,274,425,0,0,12664,4,0,,,,0.5,6,0.8,0.5,,,,
ChangeDistiller,1927,1146,399,386,272,870,0,0,12755,4,0,,,,0.5,2,1.0,0.5,,,,
ChangeDistiller,1665,1059,315,298,274,778,0,0,12657,4,0,,,,0.5,4,1.0,0.5,,,,
ChangeDistiller,1450,995,251,219,274,706,0,0,12707,4,0,,,,0.5,6,1.0,0.5,,,,
ChangeDistiller,478,414,74,63,156,185,0,0,10391,4,0,,,,0.7,2,0.2,0.5,,,,
ChangeDistiller,534,457,82,71,153,228,0,0,10388,4,0,,,,0.7,4,0.2,0.5,,,,
ChangeDistiller,533,455,83,72,152,226,0,0,10385,4,0,,,,0.7,6,0.2,0.5,,,,
ChangeDistiller,495,424,78,67,152,198,0,0,10454,4,0,,,,0.7,2,0.4,0.5,,,,
ChangeDistiller,530,454,82,71,152,225,0,0,10449,4,0,,,,0.7,4,0.4,0.5,,,,
ChangeDistiller,533,455,83,72,152,226,0,0,10455,4,0,,,,0.7,6,0.4,0.5,,,,
ChangeDistiller,564,441,102,91,152,219,0,0,10465,4,0,,,,0.7,2,0.6,0.5,,,,
ChangeDistiller,544,433,96,85,152,211,0,0,10456,4,0,,,,0.7,4,0.6,0.5,,,,
ChangeDistiller,534,433,93,82,152,207,0,0,10465,4,0,,,,0.7,6,0.6,0.5,,,,
ChangeDistiller,800,531,175,164,152,309,0,0,10465,4,0,,,,0.7,2,0.8,0.5,,,,
ChangeDistiller,721,481,153,142,152,274,0,0,10459,4,0,,,,0.7,4,0.8,0.5,,,,
ChangeDistiller,685,477,141,130,152,262,0,0,10468,4,0,,,,0.7,6,0.8,0.5,,,,
ChangeDistiller,1476,860,316,303,152,705,0,0,10481,4,0,,,,0.7,2,1.0,0.5,,,,
ChangeDistiller,1289,789,262,244,152,631,0,0,10478,4,0,,,,0.7,4,1.0,0.5,,,,
ChangeDistiller,1155,747,223,196,152,584,0,0,10526,4,0,,,,0.7,6,1.0,0.5,,,,
ChangeDistiller,220,174,50,39,29,102,0,0,9220,4,0,,,,0.899,2,0.2,0.5,,,,
ChangeDistiller,251,193,57,46,26,122,0,0,9240,4,0,,,,0.899,4,0.2,0.5,,,,
ChangeDistiller,247,190,57,46,25,119,0,0,9221,4,0,,,,0.899,6,0.2,0.5,,,,
ChangeDistiller,209,159,52,41,25,91,0,0,9221,4,0,,,,0.899,2,0.4,0.5,,,,
ChangeDistiller,247,190,57,46,25,119,0,0,9175,4,0,,,,0.899,4,0.4,0.5,,,,
ChangeDistiller,247,190,57,46,25,119,0,0,9233,4,0,,,,0.899,6,0.4,0.5,,,,
ChangeDistiller,265,178,70,59,25,111,0,0,9224,4,0,,,,0.899,2,0.6,0.5,,,,
ChangeDistiller,245,168,64,53,25,103,0,0,9218,4,0,,,,0.899,4,0.6,0.5,,,,
ChangeDistiller,235,168,61,50,25,99,0,0,9222,4,0,,,,0.899,6,0.6,0.5,,,,
ChangeDistiller,473,239,135,124,25,189,0,0,9170,4,0,,,,0.899,2,0.8,0.5,,,,
ChangeDistiller,431,220,123,112,25,171,0,0,9239,4,0,,,,0.899,4,0.8,0.5,,,,
ChangeDistiller,389,212,111,100,25,153,0,0,9238,4,0,,,,0.899,6,0.8,0.5,,,,
ChangeDistiller,805,453,184,172,25,424,0,0,9232,4,0,,,,0.899,2,1.0,0.5,,,,
ChangeDistiller,710,406,163,147,25,375,0,0,9276,4,0,,,,0.899,4,1.0,0.5,,,,
ChangeDistiller,673,403,153,128,25,367,0,0,9268,4,0,,,,0.899,6,1.0,0.5,,,,
ChangeDistiller,2339,1951,458,447,611,823,0,0,25186,4,0,,,,0.1,2,0.2,0.7,,,,
ChangeDistiller,2790,2198,619,608,588,975,0,0,25212,4,0,,,,0.1,4,0.2,0.7,,,,
ChangeDistiller,2973,2192,697,686,577,1013,0,0,25217,4,0,,,,0.1,6,0.2,0.7,,,,
ChangeDistiller,2575,1811,591,580,573,831,0,0,25206,4,0,,,,0.1,2,0.4,0.7,,,,
ChangeDistiller,2962,2007,712,701,574,975,0,0,25105,4,0,,,,0.1,4,0.4,0.7,,,,
ChangeDistiller,3141,1970,772,761,573,1035,0,0,25238,4,0,,,,0.1,6,0.4,0.7,,,,
ChangeDistiller,2913,1746,705,694,573,941,0,0,25273,4,0,,,,0.1,2,0.6,0.7,,,,
ChangeDistiller,3202,1887,794,783,573,1052,0,0,25249,4,0,,,,0.1,4,0.6,0.7,,,,
ChangeDistiller,3231,1888,804,793,573,1061,0,0,25126,4,0,,,,0.1,6,0.6,0.7,,,,
ChangeDistiller,3429,1720,862,850,573,1144,0,0,25306,4,0,,,,0.1,2,0.8,0.7,,,,
ChangeDistiller,3404,1721,853,837,573,1141,0,0,25300,4,0,,,,0.1,4,0.8,0.7,,,,
ChangeDistiller,3361,1711,841,820,573,1127,0,0,25154,4,0,,,,0.1,6,0.8,0.7,,,,
ChangeDistiller,3504,1753,882,871,573,1178,0,0,25306,4,0,,,,0.1,2,1.0,0.7,,,,
ChangeDistiller,3474,1751,872,857,573,1172,0,0,25183,4,0,,,,0.1,4,1.0,0.7,,,,
ChangeDistiller,3386,1718,848,829,573,1136,0,0,25296,4,0,,,,0.1,6,1.0,0.7,,,,
ChangeDistiller,1568,1298,307,296,400,565,0,0,15526,4,0,,,,0.3,2,0.2,0.7,,,,
ChangeDistiller,1893,1477,419,408,384,682,0,0,15588,4,0,,,,0.3,4,0.2,0.7,,,,
ChangeDistiller,2005,1488,470,459,374,702,0,0,15577,4,0,,,,0.3,6,0.2,0.7,,,,
ChangeDistiller,1600,1189,358,347,370,525,0,0,15539,4,0,,,,0.3,2,0.4,0.7,,,,
ChangeDistiller,1938,1365,462,451,373,652,0,0,15487,4,0,,,,0.3,4,0.4,0.7,,,,
ChangeDistiller,2067,1402,509,498,370,690,0,0,15503,4,0,,,,0.3,6,0.4,0.7,,,,
ChangeDistiller,1856,1225,438,427,370,621,0,0,15508,4,0,,,,0.3,2,0.6,0.7,,,,
ChangeDistiller,2101,1334,513,502,370,716,0,0,15591,4,0,,,,0.3,4,0.6,0.7,,,,
ChangeDistiller,2183,1362,540,529,370,744,0,0,15596,4,0,,,,0.3,6,0.6,0.7,,,,
ChangeDistiller,2542,1306,630,612,370,930,0,0,15647,4,0,,,,0.3,2,0.8,0.7,,,,
ChangeDistiller,2485,1298,615,585,370,915,0,0,15656,4,0,,,,0.3,4,0.8,0.7,,,,
ChangeDistiller,2465,1292,610,578,370,907,0,0,15578,4,0,,,,0.3,6,0.8,0.7,,,,
ChangeDistiller,2749,1390,686,675,370,1018,0,0,15662,4,0,,,,0.3,2,1.0,0.7,,,,
ChangeDistiller,2686,1373,666,652,370,998,0,0,15581,4,0,,,,0.3,4,1.0,0.7,,,,
ChangeDistiller,2551,1320,628,611,370,942,0,0,15651,4,0,,,,0.3,6,1.0,0.7,,,,
ChangeDistiller,1203,973,253,242,286,422,0,0,12668,4,0,,,,0.5,2,0.2,0.7,,,,
ChangeDistiller,1394,1070,321,310,275,488,0,0,12698,4,0,,,,0.5,4,0.2,0.7,,,,
ChangeDistiller,1492,1080,362,351,267,512,0,0,12679,4,0,,,,0.5,6,0.2,0.7,,,,
ChangeDistiller,1221,886,291,280,264,386,0,0,12670,4,0,,,,0.5,2,0.4,0.7,,,,
ChangeDistiller,1412,977,352,341,264,455,0,0,12667,4,0,,,,0.5,4,0.4,0.7,,,,
ChangeDistiller,1537,1018,392,381,264,500,0,0,12605,4,0,,,,0.5,6,0.4,0.7,,,,
ChangeDistiller,1419,918,357,346,264,452,0,0,12601,4,0,,,,0.5,2,0.6,0.7,,,,
ChangeDistiller,1516,989,385,374,264,493,0,0,12614,4,0,,,,0.5,4,0.6,0.7,,,,
ChangeDistiller,1593,1014,410,399,264,520,0,0,12682,4,0,,,,0.5,6,0.6,0.7,,,,
ChangeDistiller,1861,1080,477,466,264,654,0,0,12701,4,0,,,,0.5,2,0.8,0.7,,,,
ChangeDistiller,1809,1058,462,451,264,632,0,0,12704,4,0,,,,0.5,4,0.8,0.7,,,,
ChangeDistiller,1782,1045,454,443,264,621,0,0,12715,4,0,,,,0.5,6,0.8,0.7,,,,
ChangeDistiller,2245,1134,562,551,264,868,0,0,12771,4,0,,,,0.5,2,1.0,0.7,,,,
ChangeDistiller,2163,1108,538,523,264,838,0,0,12757,4,0,,,,0.5,4,1.0,0.7,,,,
ChangeDistiller,2066,1075,510,490,264,802,0,0,12764,4,0,,,,0.5,6,1.0,0.7,,,,
ChangeDistiller,796,618,189,178,161,268,0,0,10470,4,0,,,,0.7,2,0.2,0.7,,,,
ChangeDistiller,898,668,226,215,152,305,0,0,10465,4,0,,,,0.7,4,0.2,0.7,,,,
ChangeDistiller,926,661,239,228,150,309,0,0,10477,4,0,,,,0.7,6,0.2,0.7,,,,
ChangeDistiller,790,554,208,197,147,238,0,0,10465,4,0,,,,0.7,2,0.4,0.7,,,,
ChangeDistiller,913,625,242,231,147,293,0,0,10475,4,0,,,,0.7,4,0.4,0.7,,,,
ChangeDistiller,952,634,255,244,147,306,0,0,10475,4,0,,,,0.7,6,0.4,0.7,,,,
ChangeDistiller,934,557,259,248,147,280,0,0,10488,4,0,,,,0.7,2,0.6,0.7,,,,
ChangeDistiller,992,595,276,265,147,304,0,0,10476,4,0,,,,0.7,4,0.6,0.7,,,,
ChangeDistiller,1013,602,283,272,147,311,0,0,10473,4,0,,,,0.7,6,0.6,0.7,,,,
ChangeDistiller,1148,625,320,309,147,372,0,0,10417,4,0,,,,0.7,2,0.8,0.7,,,,
ChangeDistiller,1135,624,315,304,147,369,0,0,10471,4,0,,,,0.7,4,0.8,0.7,,,,
ChangeDistiller,1112,615,309,298,147,358,0,0,10475,4,0,,,,0.7,6,0.8,0.7,,,,
ChangeDistiller,1699,852,430,419,147,703,0,0,10542,4,0,,,,0.7,2,1.0,0.7,,,,
ChangeDistiller,1619,820,408,395,147,669,0,0,10527,4,0,,,,0.7,4,1.0,0.7,,,,
ChangeDistiller,1525,789,381,363,147,634,0,0,10521,4,0,,,,0.7,6,1.0,0.7,,,,
ChangeDistiller,348,244,105,94,28,121,0,0,9220,4,0,,,,0.899,2,0.2,0.7,,,,
ChangeDistiller,405,272,122,111,24,148,0,0,9225,4,0,,,,0.899,4,0.2,0.7,,,,
ChangeDistiller,427,274,131,120,23,153,0,0,9164,4,0,,,,0.899,6,0.2,0.7,,,,
ChangeDistiller,351,203,117,106,23,105,0,0,9230,4,0,,,,0.899,2,0.4,0.7,,,,
ChangeDistiller,418,255,130,119,23,146,0,0,9219,4,0,,,,0.899,4,0.4,0.7,,,,
ChangeDistiller,443,258,139,128,23,153,0,0,9225,4,0,,,,0.899,6,0.4,0.7,,,,
ChangeDistiller,438,193,148,137,23,130,0,0,9231,4,0,,,,0.899,2,0.6,0.7,,,,
ChangeDistiller,459,208,154,143,23,139,0,0,9164,4,0,,,,0.899,4,0.6,0.7,,,,
ChangeDistiller,469,210,158,147,23,141,0,0,9238,4,0,,,,0.899,6,0.6,0.7,,,,
ChangeDistiller,584,237,191,180,23,190,0,0,9237,4,0,,,,0.899,2,0.8,0.7,,,,
ChangeDistiller,584,237,191,180,23,190,0,0,9175,4,0,,,,0.899,4,0.8,0.7,,,,
ChangeDistiller,578,233,190,179,23,186,0,0,9267,4,0,,,,0.899,6,0.8,0.7,,,,
ChangeDistiller,916,449,240,229,23,424,0,0,9233,4,0,,,,0.899,2,1.0,0.7,,,,
ChangeDistiller,850,407,228,217,23,382,0,0,9291,4,0,,,,0.899,4,1.0,0.7,,,,
ChangeDistiller,844,405,227,215,23,379,0,0,9276,4,0,,,,0.899,6,1.0,0.7,,,,
ChangeDistiller,2351,1963,462,451,611,827,0,0,25172,4,0,,,,0.1,2,0.2,0.899,,,,
ChangeDistiller,2846,2225,633,622,593,998,0,0,25072,4,0,,,,0.1,4,0.2,0.899,,,,
ChangeDistiller,3135,2324,735,724,578,1098,0,0,25241,4,0,,,,0.1,6,0.2,0.899,,,,
ChangeDistiller,2594,1816,597,586,573,838,0,0,25096,4,0,,,,0.1,2,0.4,0.899,,,,
ChangeDistiller,3019,2001,727,716,576,1000,0,0,25194,4,0,,,,0.1,4,0.4,0.899,,,,
ChangeDistiller,3289,2065,811,800,574,1104,0,0,25254,4,0,,,,0.1,6,0.4,0.899,,,,
ChangeDistiller,2922,1749,709,698,573,942,0,0,25277,4,0,,,,0.1,2,0.6,0.899,,,,
ChangeDistiller,3259,1898,815,804,573,1067,0,0,25128,4,0,,,,0.1,4,0.6,0.899,,,,
ChangeDistiller,3380,1967,847,836,573,1124,0,0,25276,4,0,,,,0.1,6,0.6,0.899,,,,
ChangeDistiller,3437,1720,866,854,573,1144,0,0,25180,4,0,,,,0.1,2,0.8,0.899,,,,
ChangeDistiller,3448,1725,869,857,573,1149,0,0,25322,4,0,,,,0.1,4,0.8,0.899,,,,
ChangeDistiller,3501,1752,883,870,573,1175,0,0,25271,4,0,,,,0.1,6,0.8,0.899,,,,
ChangeDistiller,3512,1753,886,875,573,1178,0,0,25293,4,0,,,,0.1,2,1.0,0.899,,,,
ChangeDistiller,3512,1753,886,875,573,1178,0,0,25317,4,0,,,,0.1,4,1.0,0.899,,,,
ChangeDistiller,3512,1753,886,875,573,1178,0,0,25305,4,0,,,,0.1,6,1.0,0.899,,,,
ChangeDistiller,1574,1304,309,298,400,567,0,0,15523,4,0,,,,0.3,2,0.2,0.899,,,,
ChangeDistiller,1986,1552,441,430,389,726,0,0,15566,4,0,,,,0.3,4,0.2,0.899,,,,
ChangeDistiller,2263,1719,529,518,375,841,0,0,15589,4,0,,,,0.3,6,0.2,0.899,,,,
ChangeDistiller,1606,1195,360,349,370,527,0,0,15531,4,0,,,,0.3,2,0.4,0.899,,,,
ChangeDistiller,2027,1443,484,473,375,695,0,0,15567,4,0,,,,0.3,4,0.4,0.899,,,,
ChangeDistiller,2318,1628,568,557,371,822,0,0,15585,4,0,,,,0.3,6,0.4,0.899,,,,
ChangeDistiller,1862,1231,440,429,370,623,0,0,15551,4,0,,,,0.3,2,0.6,0.899,,,,
ChangeDistiller,2217,1396,545,534,370,768,0,0,15602,4,0,,,,0.3,4,0.6,0.899,,,,
ChangeDistiller,2465,1570,612,601,370,882,0,0,15611,4,0,,,,0.3,6,0.6,0.899,,,,
ChangeDistiller,2546,1306,632,614,370,930,0,0,15638,4,0,,,,0.3,2,0.8,0.899,,,,
ChangeDistiller,2594,1327,646,628,370,950,0,0,15569,4,0,,,,0.3,4,0.8,0.899,,,,
ChangeDistiller,2732,1387,681,668,370,1013,0,0,15655,4,0,,,,0.3,6,0.8,0.899,,,,
ChangeDistiller,2753,1390,688,677,370,1018,0,0,15665,4,0,,,,0.3,2,1.0,0.899,,,,
ChangeDistiller,2753,1390,688,677,370,1018,0,0,15574,4,0,,,,0.3,4,1.0,0.899,,,,
ChangeDistiller,2749,1388,687,676,370,1016,0,0,15566,4,0,,,,0.3,6,1.0,0.899,,,,
ChangeDistiller,1209,979,255,244,286,424,0,0,12582,4,0,,,,0.5,2,0.2,0.899,,,,
ChangeDistiller,1512,1169,347,336,280,549,0,0,12688,4,0,,,,0.5,4,0.2,0.899,,,,
ChangeDistiller,1721,1282,415,404,268,634,0,0,12718,4,0,,,,0.5,6,0.2,0.899,,,,
ChangeDistiller,1227,892,293,282,264,388,0,0,12655,4,0,,,,0.5,2,0.4,0.899,,,,
ChangeDistiller,1524,1078,378,367,266,513,0,0,12684,4,0,,,,0.5,4,0.4,0.899,,,,
ChangeDistiller,1757,1209,445,434,265,613,0,0,12698,4,0,,,,0.5,6,0.4,0.899,,,,
ChangeDistiller,1425,924,359,348,264,454,0,0,12673,4,0,,,,0.5,2,0.6,0.899,,,,
ChangeDistiller,1632,1087,414,403,264,551,0,0,12706,4,0,,,,0.5,4,0.6,0.899,,,,
ChangeDistiller,1809,1202,463,452,264,630,0,0,12696,4,0,,,,0.5,6,0.6,0.899,,,,
ChangeDistiller,1867,1086,479,468,264,656,0,0,12703,4,0,,,,0.5,2,0.8,0.899,,,,
ChangeDistiller,1950,1133,498,487,264,701,0,0,12718,4,0,,,,0.5,4,0.8,0.899,,,,
ChangeDistiller,1941,1101,532,367,264,778,0,0,12742,4,0,,,,0.5,6,0.8,0.899,,,,
ChangeDistiller,2249,1134,564,553,264,868,0,0,12709,4,0,,,,0.5,2,1.0,0.899,,,,
ChangeDistiller,2249,1134,564,553,264,868,0,0,12775,4,0,,,,0.5,4,1.0,0.899,,,,
ChangeDistiller,2245,1132,563,552,264,866,0,0,12783,4,0,,,,0.5,6,1.0,0.899,,,,
ChangeDistiller,799,621,190,179,161,269,0,0,10467,4,0,,,,0.7,2,0.2,0.899,,,,
ChangeDistiller,1018,773,249,238,159,372,0,0,10475,4,0,,,,0.7,4,0.2,0.899,,,,
ChangeDistiller,1134,838,288,277,151,418,0,0,10488,4,0,,,,0.7,6,0.2,0.899,,,,
ChangeDistiller,793,557,209,198,147,239,0,0,10393,4,0,,,,0.7,2,0.4,0.899,,,,
ChangeDistiller,1028,731,265,254,151,358,0,0,10466,4,0,,,,0.7,4,0.4,0.899,,,,
ChangeDistiller,1160,809,304,293,148,415,0,0,10472,4,0,,,,0.7,6,0.4,0.899,,,,
ChangeDistiller,937,560,260,249,147,281,0,0,10462,4,0,,,,0.7,2,0.6,0.899,,,,
ChangeDistiller,1100,693,301,290,147,362,0,0,10420,4,0,,,,0.7,4,0.6,0.899,,,,
ChangeDistiller,1217,774,332,321,147,417,0,0,10408,4,0,,,,0.7,6,0.6,0.899,,,,
ChangeDistiller,1151,628,321,310,147,373,0,0,10405,4,0,,,,0.7,2,0.8,0.899,,,,
ChangeDistiller,1257,722,345,334,147,431,0,0,10476,4,0,,,,0.7,4,0.8,0.899,,,,
ChangeDistiller,1317,780,359,348,147,463,0,0,10473,4,0,,,,0.7,6,0.8,0.899,,,,
ChangeDistiller,1701,852,431,420,147,703,0,0,10539,4,0,,,,0.7,2,1.0,0.899,,,,
ChangeDistiller,1701,852,431,420,147,703,0,0,10544,4,0,,,,0.7,4,1.0,0.899,,,,
ChangeDistiller,1697,850,430,419,147,701,0,0,10541,4,0,,,,0.7,6,1.0,0.899,,,,
ChangeDistiller,348,244,105,94,28,121,0,0,9228,4,0,,,,0.899,2,0.2,0.899,,,,
ChangeDistiller,445,312,130,119,24,172,0,0,9240,4,0,,,,0.899,4,0.2,0.899,,,,
ChangeDistiller,473,318,140,129,23,181,0,0,9235,4,0,,,,0.899,6,0.2,0.899,,,,
ChangeDistiller,351,203,117,106,23,105,0,0,9237,4,0,,,,0.899,2,0.4,0.899,,,,
ChangeDistiller,458,295,138,127,23,170,0,0,9242,4,0,,,,0.899,4,0.4,0.899,,,,
ChangeDistiller,489,302,148,137,23,181,0,0,9202,4,0,,,,0.899,6,0.4,0.899,,,,
ChangeDistiller,438,193,148,137,23,130,0,0,9240,4,0,,,,0.899,2,0.6,0.899,,,,
ChangeDistiller,499,248,162,151,23,163,0,0,9238,4,0,,,,0.899,4,0.6,0.899,,,,
ChangeDistiller,515,254,167,156,23,169,0,0,9223,4,0,,,,0.899,6,0.6,0.899,,,,
ChangeDistiller,584,237,191,180,23,190,0,0,9192,4,0,,,,0.899,2,0.8,0.899,,,,
ChangeDistiller,624,277,199,188,23,214,0,0,8140,4,0,,,,0.899,4,0.8,0.899,,,,
ChangeDistiller,624,277,199,188,23,214,0,0,8036,4,0,,,,0.899,6,0.8,0.899,,,,
ChangeDistiller,916,449,240,229,23,424,0,0,8078,4,0,,,,0.899,2,1.0,0.899,,,,
ChangeDistiller,916,449,240,229,23,424,0,0,7998,4,0,,,,0.899,4,1.0,0.899,,,,
ChangeDistiller,916,449,240,229,23,424,0,0,8024,4,0,,,,0.899,6,1.0,0.899,,,,
