MATCHER,NRACTIONS,NRROOTS,NR_INSERT,NR_DELETE,NR_UPDATE,NR_MOVE,NR_TREEINSERT,NR_TREEDELETE,TIME,NROPTIONS,TIMEOUT,GT_BUM_SMT,GT_BUM_SMT_SBUP,GT_BUM_SZT,GT_CD_LSIM,GT_CD_ML,GT_CD_SSIM1,GT_CD_SSIM2,GT_STM_MH,GT_XYM_SIM,GUMTREE_MATCH_GT_MINH,
SimpleGumtree,64,5,61,1,2,0,0,0,1,2,0,,0.5,,,,,,1,,,
SimpleGumtree,64,5,61,1,2,0,0,0,0,2,0,,0.7,,,,,,1,,,
SimpleGumtree,64,5,61,1,2,0,0,0,0,2,0,,0.899,,,,,,1,,,
SimpleGumtree,74,5,67,7,0,0,0,0,0,2,0,,0.1,,,,,,2,,,
SimpleGumtree,74,5,67,7,0,0,0,0,0,2,0,,0.3,,,,,,2,,,
SimpleGumtree,74,5,67,7,0,0,0,0,0,2,0,,0.5,,,,,,2,,,
SimpleGumtree,74,5,67,7,0,0,0,0,0,2,0,,0.7,,,,,,2,,,
SimpleGumtree,74,5,67,7,0,0,0,0,0,2,0,,0.899,,,,,,2,,,
SimpleGumtree,74,5,67,7,0,0,0,0,0,2,0,,0.1,,,,,,3,,,
SimpleGumtree,74,5,67,7,0,0,0,0,0,2,0,,0.3,,,,,,3,,,
SimpleGumtree,74,5,67,7,0,0,0,0,0,2,0,,0.5,,,,,,3,,,
SimpleGumtree,74,5,67,7,0,0,0,0,0,2,0,,0.7,,,,,,3,,,
SimpleGumtree,74,5,67,7,0,0,0,0,0,2,0,,0.899,,,,,,3,,,
SimpleGumtree,74,5,67,7,0,0,0,0,1,2,0,,0.1,,,,,,4,,,
SimpleGumtree,74,5,67,7,0,0,0,0,1,2,0,,0.3,,,,,,4,,,
SimpleGumtree,74,5,67,7,0,0,0,0,1,2,0,,0.5,,,,,,4,,,
SimpleGumtree,74,5,67,7,0,0,0,0,1,2,0,,0.7,,,,,,4,,,
SimpleGumtree,74,5,67,7,0,0,0,0,1,2,0,,0.899,,,,,,4,,,
SimpleGumtree,74,5,67,7,0,0,0,0,1,2,0,,0.1,,,,,,5,,,
SimpleGumtree,74,5,67,7,0,0,0,0,1,2,0,,0.3,,,,,,5,,,
SimpleGumtree,74,5,67,7,0,0,0,0,1,2,0,,0.5,,,,,,5,,,
SimpleGumtree,74,5,67,7,0,0,0,0,0,2,0,,0.7,,,,,,5,,,
SimpleGumtree,74,5,67,7,0,0,0,0,0,2,0,,0.899,,,,,,5,,,
ClassicGumtree,64,5,61,1,2,0,0,0,11,3,0,0.1,,100,,,,,1,,,
ClassicGumtree,64,5,61,1,2,0,0,0,11,3,0,0.2,,100,,,,,1,,,
ClassicGumtree,64,5,61,1,2,0,0,0,11,3,0,0.3,,100,,,,,1,,,
ClassicGumtree,64,5,61,1,2,0,0,0,10,3,0,0.4,,100,,,,,1,,,
ClassicGumtree,64,5,61,1,2,0,0,0,10,3,0,0.5,,100,,,,,1,,,
ClassicGumtree,64,5,61,1,2,0,0,0,10,3,0,0.6,,100,,,,,1,,,
ClassicGumtree,64,5,61,1,2,0,0,0,10,3,0,0.7,,100,,,,,1,,,
ClassicGumtree,72,10,62,2,2,6,0,0,10,3,0,0.799,,100,,,,,1,,,
ClassicGumtree,72,10,62,2,2,6,0,0,10,3,0,0.899,,100,,,,,1,,,
ClassicGumtree,91,15,69,9,0,13,0,0,0,3,0,0.999,,100,,,,,1,,,
ClassicGumtree,68,7,63,3,2,0,0,0,10,3,0,0.1,,100,,,,,2,,,
ClassicGumtree,68,7,63,3,2,0,0,0,10,3,0,0.2,,100,,,,,2,,,
ClassicGumtree,68,7,63,3,2,0,0,0,10,3,0,0.3,,100,,,,,2,,,
ClassicGumtree,68,7,63,3,2,0,0,0,10,3,0,0.4,,100,,,,,2,,,
ClassicGumtree,68,7,63,3,2,0,0,0,10,3,0,0.5,,100,,,,,2,,,
ClassicGumtree,68,7,63,3,2,0,0,0,10,3,0,0.6,,100,,,,,2,,,
ClassicGumtree,68,7,63,3,2,0,0,0,10,3,0,0.7,,100,,,,,2,,,
ClassicGumtree,75,9,64,4,2,5,0,0,10,3,0,0.799,,100,,,,,2,,,
ClassicGumtree,108,10,80,20,0,8,0,0,0,3,0,0.899,,100,,,,,2,,,
ClassicGumtree,108,10,80,20,0,8,0,0,0,3,0,0.999,,100,,,,,2,,,
ClassicGumtree,78,9,68,8,2,0,0,0,10,3,0,0.1,,100,,,,,3,,,
ClassicGumtree,78,9,68,8,2,0,0,0,10,3,0,0.2,,100,,,,,3,,,
ClassicGumtree,78,9,68,8,2,0,0,0,10,3,0,0.3,,100,,,,,3,,,
ClassicGumtree,78,9,68,8,2,0,0,0,10,3,0,0.4,,100,,,,,3,,,
ClassicGumtree,78,9,68,8,2,0,0,0,10,3,0,0.5,,100,,,,,3,,,
ClassicGumtree,78,9,68,8,2,0,0,0,10,3,0,0.6,,100,,,,,3,,,
ClassicGumtree,78,9,68,8,2,0,0,0,10,3,0,0.7,,100,,,,,3,,,
ClassicGumtree,131,7,93,33,0,5,0,0,0,3,0,0.799,,100,,,,,3,,,
ClassicGumtree,131,7,93,33,0,5,0,0,0,3,0,0.899,,100,,,,,3,,,
ClassicGumtree,131,7,93,33,0,5,0,0,0,3,0,0.999,,100,,,,,3,,,
ClassicGumtree,98,11,78,18,2,0,0,0,10,3,0,0.1,,100,,,,,4,,,
ClassicGumtree,98,11,78,18,2,0,0,0,10,3,0,0.2,,100,,,,,4,,,
ClassicGumtree,98,11,78,18,2,0,0,0,10,3,0,0.3,,100,,,,,4,,,
ClassicGumtree,98,11,78,18,2,0,0,0,10,3,0,0.4,,100,,,,,4,,,
ClassicGumtree,98,11,78,18,2,0,0,0,10,3,0,0.5,,100,,,,,4,,,
ClassicGumtree,98,11,78,18,2,0,0,0,10,3,0,0.6,,100,,,,,4,,,
ClassicGumtree,103,7,79,19,2,3,0,0,9,3,0,0.7,,100,,,,,4,,,
ClassicGumtree,150,6,103,43,0,4,0,0,0,3,0,0.799,,100,,,,,4,,,
ClassicGumtree,150,6,103,43,0,4,0,0,0,3,0,0.899,,100,,,,,4,,,
ClassicGumtree,150,6,103,43,0,4,0,0,0,3,0,0.999,,100,,,,,4,,,
ClassicGumtree,150,15,104,44,2,0,0,0,9,3,0,0.1,,100,,,,,5,,,
ClassicGumtree,150,15,104,44,2,0,0,0,9,3,0,0.2,,100,,,,,5,,,
ClassicGumtree,150,15,104,44,2,0,0,0,9,3,0,0.3,,100,,,,,5,,,
ClassicGumtree,150,15,104,44,2,0,0,0,9,3,0,0.4,,100,,,,,5,,,
ClassicGumtree,153,5,105,45,2,1,0,0,10,3,0,0.5,,100,,,,,5,,,
ClassicGumtree,219,3,139,79,0,1,0,0,1,3,0,0.6,,100,,,,,5,,,
ClassicGumtree,219,3,139,79,0,1,0,0,1,3,0,0.7,,100,,,,,5,,,
ClassicGumtree,219,3,139,79,0,1,0,0,1,3,0,0.799,,100,,,,,5,,,
ClassicGumtree,219,3,139,79,0,1,0,0,1,3,0,0.899,,100,,,,,5,,,
ClassicGumtree,219,3,139,79,0,1,0,0,0,3,0,0.999,,100,,,,,5,,,
ClassicGumtree,64,5,61,1,2,0,0,0,49,3,0,0.1,,200,,,,,1,,,
ClassicGumtree,64,5,61,1,2,0,0,0,49,3,0,0.2,,200,,,,,1,,,
ClassicGumtree,64,5,61,1,2,0,0,0,49,3,0,0.3,,200,,,,,1,,,
ClassicGumtree,64,5,61,1,2,0,0,0,49,3,0,0.4,,200,,,,,1,,,
ClassicGumtree,64,5,61,1,2,0,0,0,49,3,0,0.5,,200,,,,,1,,,
ClassicGumtree,64,5,61,1,2,0,0,0,49,3,0,0.6,,200,,,,,1,,,
ClassicGumtree,64,5,61,1,2,0,0,0,49,3,0,0.7,,200,,,,,1,,,
ClassicGumtree,64,5,61,1,2,0,0,0,29,3,0,0.799,,200,,,,,1,,,
ClassicGumtree,64,5,61,1,2,0,0,0,29,3,0,0.899,,200,,,,,1,,,
ClassicGumtree,64,5,61,1,2,0,0,0,20,3,0,0.999,,200,,,,,1,,,
ClassicGumtree,64,5,61,1,2,0,0,0,48,3,0,0.1,,200,,,,,2,,,
ClassicGumtree,64,5,61,1,2,0,0,0,49,3,0,0.2,,200,,,,,2,,,
ClassicGumtree,64,5,61,1,2,0,0,0,49,3,0,0.3,,200,,,,,2,,,
ClassicGumtree,64,5,61,1,2,0,0,0,48,3,0,0.4,,200,,,,,2,,,
ClassicGumtree,64,5,61,1,2,0,0,0,48,3,0,0.5,,200,,,,,2,,,
ClassicGumtree,64,5,61,1,2,0,0,0,48,3,0,0.6,,200,,,,,2,,,
ClassicGumtree,64,5,61,1,2,0,0,0,48,3,0,0.7,,200,,,,,2,,,
ClassicGumtree,64,5,61,1,2,0,0,0,28,3,0,0.799,,200,,,,,2,,,
ClassicGumtree,64,5,61,1,2,0,0,0,20,3,0,0.899,,200,,,,,2,,,
ClassicGumtree,64,5,61,1,2,0,0,0,20,3,0,0.999,,200,,,,,2,,,
ClassicGumtree,64,5,61,1,2,0,0,0,48,3,0,0.1,,200,,,,,3,,,
ClassicGumtree,64,5,61,1,2,0,0,0,49,3,0,0.2,,200,,,,,3,,,
ClassicGumtree,64,5,61,1,2,0,0,0,49,3,0,0.3,,200,,,,,3,,,
ClassicGumtree,64,5,61,1,2,0,0,0,49,3,0,0.4,,200,,,,,3,,,
ClassicGumtree,64,5,61,1,2,0,0,0,48,3,0,0.5,,200,,,,,3,,,
ClassicGumtree,64,5,61,1,2,0,0,0,48,3,0,0.6,,200,,,,,3,,,
ClassicGumtree,64,5,61,1,2,0,0,0,49,3,0,0.7,,200,,,,,3,,,
ClassicGumtree,64,5,61,1,2,0,0,0,20,3,0,0.799,,200,,,,,3,,,
ClassicGumtree,64,5,61,1,2,0,0,0,20,3,0,0.899,,200,,,,,3,,,
ClassicGumtree,64,5,61,1,2,0,0,0,20,3,0,0.999,,200,,,,,3,,,
ClassicGumtree,64,5,61,1,2,0,0,0,49,3,0,0.1,,200,,,,,4,,,
ClassicGumtree,64,5,61,1,2,0,0,0,49,3,0,0.2,,200,,,,,4,,,
ClassicGumtree,64,5,61,1,2,0,0,0,49,3,0,0.3,,200,,,,,4,,,
ClassicGumtree,64,5,61,1,2,0,0,0,49,3,0,0.4,,200,,,,,4,,,
ClassicGumtree,64,5,61,1,2,0,0,0,48,3,0,0.5,,200,,,,,4,,,
ClassicGumtree,64,5,61,1,2,0,0,0,49,3,0,0.6,,200,,,,,4,,,
ClassicGumtree,64,5,61,1,2,0,0,0,29,3,0,0.7,,200,,,,,4,,,
ClassicGumtree,64,5,61,1,2,0,0,0,20,3,0,0.799,,200,,,,,4,,,
ClassicGumtree,64,5,61,1,2,0,0,0,20,3,0,0.899,,200,,,,,4,,,
ClassicGumtree,64,5,61,1,2,0,0,0,20,3,0,0.999,,200,,,,,4,,,
ClassicGumtree,64,5,61,1,2,0,0,0,49,3,0,0.1,,200,,,,,5,,,
ClassicGumtree,64,5,61,1,2,0,0,0,49,3,0,0.2,,200,,,,,5,,,
ClassicGumtree,64,5,61,1,2,0,0,0,48,3,0,0.3,,200,,,,,5,,,
ClassicGumtree,64,5,61,1,2,0,0,0,48,3,0,0.4,,200,,,,,5,,,
ClassicGumtree,64,5,61,1,2,0,0,0,29,3,0,0.5,,200,,,,,5,,,
ClassicGumtree,64,5,61,1,2,0,0,0,20,3,0,0.6,,200,,,,,5,,,
ClassicGumtree,64,5,61,1,2,0,0,0,20,3,0,0.7,,200,,,,,5,,,
ClassicGumtree,64,5,61,1,2,0,0,0,20,3,0,0.799,,200,,,,,5,,,
ClassicGumtree,64,5,61,1,2,0,0,0,20,3,0,0.899,,200,,,,,5,,,
ClassicGumtree,64,5,61,1,2,0,0,0,20,3,0,0.999,,200,,,,,5,,,
ClassicGumtree,64,5,61,1,2,0,0,0,49,3,0,0.1,,300,,,,,1,,,
ClassicGumtree,64,5,61,1,2,0,0,0,49,3,0,0.2,,300,,,,,1,,,
ClassicGumtree,64,5,61,1,2,0,0,0,49,3,0,0.3,,300,,,,,1,,,
ClassicGumtree,64,5,61,1,2,0,0,0,49,3,0,0.4,,300,,,,,1,,,
ClassicGumtree,64,5,61,1,2,0,0,0,48,3,0,0.5,,300,,,,,1,,,
ClassicGumtree,64,5,61,1,2,0,0,0,49,3,0,0.6,,300,,,,,1,,,
ClassicGumtree,64,5,61,1,2,0,0,0,48,3,0,0.7,,300,,,,,1,,,
ClassicGumtree,64,5,61,1,2,0,0,0,29,3,0,0.799,,300,,,,,1,,,
ClassicGumtree,64,5,61,1,2,0,0,0,29,3,0,0.899,,300,,,,,1,,,
ClassicGumtree,64,5,61,1,2,0,0,0,20,3,0,0.999,,300,,,,,1,,,
ClassicGumtree,64,5,61,1,2,0,0,0,48,3,0,0.1,,300,,,,,2,,,
ClassicGumtree,64,5,61,1,2,0,0,0,49,3,0,0.2,,300,,,,,2,,,
ClassicGumtree,64,5,61,1,2,0,0,0,48,3,0,0.3,,300,,,,,2,,,
ClassicGumtree,64,5,61,1,2,0,0,0,48,3,0,0.4,,300,,,,,2,,,
ClassicGumtree,64,5,61,1,2,0,0,0,49,3,0,0.5,,300,,,,,2,,,
ClassicGumtree,64,5,61,1,2,0,0,0,48,3,0,0.6,,300,,,,,2,,,
ClassicGumtree,64,5,61,1,2,0,0,0,48,3,0,0.7,,300,,,,,2,,,
ClassicGumtree,64,5,61,1,2,0,0,0,29,3,0,0.799,,300,,,,,2,,,
ClassicGumtree,64,5,61,1,2,0,0,0,20,3,0,0.899,,300,,,,,2,,,
ClassicGumtree,64,5,61,1,2,0,0,0,20,3,0,0.999,,300,,,,,2,,,
ClassicGumtree,64,5,61,1,2,0,0,0,48,3,0,0.1,,300,,,,,3,,,
ClassicGumtree,64,5,61,1,2,0,0,0,49,3,0,0.2,,300,,,,,3,,,
ClassicGumtree,64,5,61,1,2,0,0,0,48,3,0,0.3,,300,,,,,3,,,
ClassicGumtree,64,5,61,1,2,0,0,0,49,3,0,0.4,,300,,,,,3,,,
ClassicGumtree,64,5,61,1,2,0,0,0,48,3,0,0.5,,300,,,,,3,,,
ClassicGumtree,64,5,61,1,2,0,0,0,49,3,0,0.6,,300,,,,,3,,,
ClassicGumtree,64,5,61,1,2,0,0,0,49,3,0,0.7,,300,,,,,3,,,
ClassicGumtree,64,5,61,1,2,0,0,0,20,3,0,0.799,,300,,,,,3,,,
ClassicGumtree,64,5,61,1,2,0,0,0,20,3,0,0.899,,300,,,,,3,,,
ClassicGumtree,64,5,61,1,2,0,0,0,20,3,0,0.999,,300,,,,,3,,,
ClassicGumtree,64,5,61,1,2,0,0,0,48,3,0,0.1,,300,,,,,4,,,
ClassicGumtree,64,5,61,1,2,0,0,0,49,3,0,0.2,,300,,,,,4,,,
ClassicGumtree,64,5,61,1,2,0,0,0,49,3,0,0.3,,300,,,,,4,,,
ClassicGumtree,64,5,61,1,2,0,0,0,49,3,0,0.4,,300,,,,,4,,,
ClassicGumtree,64,5,61,1,2,0,0,0,48,3,0,0.5,,300,,,,,4,,,
ClassicGumtree,64,5,61,1,2,0,0,0,48,3,0,0.6,,300,,,,,4,,,
ClassicGumtree,64,5,61,1,2,0,0,0,28,3,0,0.7,,300,,,,,4,,,
ClassicGumtree,64,5,61,1,2,0,0,0,20,3,0,0.799,,300,,,,,4,,,
ClassicGumtree,64,5,61,1,2,0,0,0,20,3,0,0.899,,300,,,,,4,,,
ClassicGumtree,64,5,61,1,2,0,0,0,20,3,0,0.999,,300,,,,,4,,,
ClassicGumtree,64,5,61,1,2,0,0,0,49,3,0,0.1,,300,,,,,5,,,
ClassicGumtree,64,5,61,1,2,0,0,0,48,3,0,0.2,,300,,,,,5,,,
ClassicGumtree,64,5,61,1,2,0,0,0,48,3,0,0.3,,300,,,,,5,,,
ClassicGumtree,64,5,61,1,2,0,0,0,49,3,0,0.4,,300,,,,,5,,,
ClassicGumtree,64,5,61,1,2,0,0,0,29,3,0,0.5,,300,,,,,5,,,
ClassicGumtree,64,5,61,1,2,0,0,0,20,3,0,0.6,,300,,,,,5,,,
ClassicGumtree,64,5,61,1,2,0,0,0,20,3,0,0.7,,300,,,,,5,,,
ClassicGumtree,64,5,61,1,2,0,0,0,20,3,0,0.799,,300,,,,,5,,,
ClassicGumtree,64,5,61,1,2,0,0,0,20,3,0,0.899,,300,,,,,5,,,
ClassicGumtree,64,5,61,1,2,0,0,0,20,3,0,0.999,,300,,,,,5,,,
ClassicGumtree,64,5,61,1,2,0,0,0,49,3,0,0.1,,400,,,,,1,,,
ClassicGumtree,64,5,61,1,2,0,0,0,49,3,0,0.2,,400,,,,,1,,,
ClassicGumtree,64,5,61,1,2,0,0,0,48,3,0,0.3,,400,,,,,1,,,
ClassicGumtree,64,5,61,1,2,0,0,0,49,3,0,0.4,,400,,,,,1,,,
ClassicGumtree,64,5,61,1,2,0,0,0,49,3,0,0.5,,400,,,,,1,,,
ClassicGumtree,64,5,61,1,2,0,0,0,49,3,0,0.6,,400,,,,,1,,,
ClassicGumtree,64,5,61,1,2,0,0,0,48,3,0,0.7,,400,,,,,1,,,
ClassicGumtree,64,5,61,1,2,0,0,0,29,3,0,0.799,,400,,,,,1,,,
ClassicGumtree,64,5,61,1,2,0,0,0,29,3,0,0.899,,400,,,,,1,,,
ClassicGumtree,64,5,61,1,2,0,0,0,20,3,0,0.999,,400,,,,,1,,,
ClassicGumtree,64,5,61,1,2,0,0,0,48,3,0,0.1,,400,,,,,2,,,
ClassicGumtree,64,5,61,1,2,0,0,0,48,3,0,0.2,,400,,,,,2,,,
ClassicGumtree,64,5,61,1,2,0,0,0,48,3,0,0.3,,400,,,,,2,,,
ClassicGumtree,64,5,61,1,2,0,0,0,49,3,0,0.4,,400,,,,,2,,,
ClassicGumtree,64,5,61,1,2,0,0,0,49,3,0,0.5,,400,,,,,2,,,
ClassicGumtree,64,5,61,1,2,0,0,0,49,3,0,0.6,,400,,,,,2,,,
ClassicGumtree,64,5,61,1,2,0,0,0,49,3,0,0.7,,400,,,,,2,,,
ClassicGumtree,64,5,61,1,2,0,0,0,29,3,0,0.799,,400,,,,,2,,,
ClassicGumtree,64,5,61,1,2,0,0,0,20,3,0,0.899,,400,,,,,2,,,
ClassicGumtree,64,5,61,1,2,0,0,0,20,3,0,0.999,,400,,,,,2,,,
ClassicGumtree,64,5,61,1,2,0,0,0,48,3,0,0.1,,400,,,,,3,,,
ClassicGumtree,64,5,61,1,2,0,0,0,48,3,0,0.2,,400,,,,,3,,,
ClassicGumtree,64,5,61,1,2,0,0,0,49,3,0,0.3,,400,,,,,3,,,
ClassicGumtree,64,5,61,1,2,0,0,0,49,3,0,0.4,,400,,,,,3,,,
ClassicGumtree,64,5,61,1,2,0,0,0,48,3,0,0.5,,400,,,,,3,,,
ClassicGumtree,64,5,61,1,2,0,0,0,49,3,0,0.6,,400,,,,,3,,,
ClassicGumtree,64,5,61,1,2,0,0,0,48,3,0,0.7,,400,,,,,3,,,
ClassicGumtree,64,5,61,1,2,0,0,0,20,3,0,0.799,,400,,,,,3,,,
ClassicGumtree,64,5,61,1,2,0,0,0,20,3,0,0.899,,400,,,,,3,,,
ClassicGumtree,64,5,61,1,2,0,0,0,20,3,0,0.999,,400,,,,,3,,,
ClassicGumtree,64,5,61,1,2,0,0,0,48,3,0,0.1,,400,,,,,4,,,
ClassicGumtree,64,5,61,1,2,0,0,0,48,3,0,0.2,,400,,,,,4,,,
ClassicGumtree,64,5,61,1,2,0,0,0,48,3,0,0.3,,400,,,,,4,,,
ClassicGumtree,64,5,61,1,2,0,0,0,49,3,0,0.4,,400,,,,,4,,,
ClassicGumtree,64,5,61,1,2,0,0,0,49,3,0,0.5,,400,,,,,4,,,
ClassicGumtree,64,5,61,1,2,0,0,0,48,3,0,0.6,,400,,,,,4,,,
ClassicGumtree,64,5,61,1,2,0,0,0,28,3,0,0.7,,400,,,,,4,,,
ClassicGumtree,64,5,61,1,2,0,0,0,20,3,0,0.799,,400,,,,,4,,,
ClassicGumtree,64,5,61,1,2,0,0,0,20,3,0,0.899,,400,,,,,4,,,
ClassicGumtree,64,5,61,1,2,0,0,0,20,3,0,0.999,,400,,,,,4,,,
ClassicGumtree,64,5,61,1,2,0,0,0,48,3,0,0.1,,400,,,,,5,,,
ClassicGumtree,64,5,61,1,2,0,0,0,48,3,0,0.2,,400,,,,,5,,,
ClassicGumtree,64,5,61,1,2,0,0,0,49,3,0,0.3,,400,,,,,5,,,
ClassicGumtree,64,5,61,1,2,0,0,0,49,3,0,0.4,,400,,,,,5,,,
ClassicGumtree,64,5,61,1,2,0,0,0,29,3,0,0.5,,400,,,,,5,,,
ClassicGumtree,64,5,61,1,2,0,0,0,20,3,0,0.6,,400,,,,,5,,,
ClassicGumtree,64,5,61,1,2,0,0,0,20,3,0,0.7,,400,,,,,5,,,
ClassicGumtree,64,5,61,1,2,0,0,0,20,3,0,0.799,,400,,,,,5,,,
ClassicGumtree,64,5,61,1,2,0,0,0,20,3,0,0.899,,400,,,,,5,,,
ClassicGumtree,64,5,61,1,2,0,0,0,20,3,0,0.999,,400,,,,,5,,,
ClassicGumtree,64,5,61,1,2,0,0,0,49,3,0,0.1,,500,,,,,1,,,
ClassicGumtree,64,5,61,1,2,0,0,0,49,3,0,0.2,,500,,,,,1,,,
ClassicGumtree,64,5,61,1,2,0,0,0,48,3,0,0.3,,500,,,,,1,,,
ClassicGumtree,64,5,61,1,2,0,0,0,49,3,0,0.4,,500,,,,,1,,,
ClassicGumtree,64,5,61,1,2,0,0,0,48,3,0,0.5,,500,,,,,1,,,
ClassicGumtree,64,5,61,1,2,0,0,0,49,3,0,0.6,,500,,,,,1,,,
ClassicGumtree,64,5,61,1,2,0,0,0,48,3,0,0.7,,500,,,,,1,,,
ClassicGumtree,64,5,61,1,2,0,0,0,29,3,0,0.799,,500,,,,,1,,,
ClassicGumtree,64,5,61,1,2,0,0,0,28,3,0,0.899,,500,,,,,1,,,
ClassicGumtree,64,5,61,1,2,0,0,0,20,3,0,0.999,,500,,,,,1,,,
ClassicGumtree,64,5,61,1,2,0,0,0,48,3,0,0.1,,500,,,,,2,,,
ClassicGumtree,64,5,61,1,2,0,0,0,48,3,0,0.2,,500,,,,,2,,,
ClassicGumtree,64,5,61,1,2,0,0,0,48,3,0,0.3,,500,,,,,2,,,
ClassicGumtree,64,5,61,1,2,0,0,0,49,3,0,0.4,,500,,,,,2,,,
ClassicGumtree,64,5,61,1,2,0,0,0,49,3,0,0.5,,500,,,,,2,,,
ClassicGumtree,64,5,61,1,2,0,0,0,49,3,0,0.6,,500,,,,,2,,,
ClassicGumtree,64,5,61,1,2,0,0,0,49,3,0,0.7,,500,,,,,2,,,
ClassicGumtree,64,5,61,1,2,0,0,0,29,3,0,0.799,,500,,,,,2,,,
ClassicGumtree,64,5,61,1,2,0,0,0,20,3,0,0.899,,500,,,,,2,,,
ClassicGumtree,64,5,61,1,2,0,0,0,20,3,0,0.999,,500,,,,,2,,,
ClassicGumtree,64,5,61,1,2,0,0,0,48,3,0,0.1,,500,,,,,3,,,
ClassicGumtree,64,5,61,1,2,0,0,0,49,3,0,0.2,,500,,,,,3,,,
ClassicGumtree,64,5,61,1,2,0,0,0,49,3,0,0.3,,500,,,,,3,,,
ClassicGumtree,64,5,61,1,2,0,0,0,49,3,0,0.4,,500,,,,,3,,,
ClassicGumtree,64,5,61,1,2,0,0,0,49,3,0,0.5,,500,,,,,3,,,
ClassicGumtree,64,5,61,1,2,0,0,0,49,3,0,0.6,,500,,,,,3,,,
ClassicGumtree,64,5,61,1,2,0,0,0,48,3,0,0.7,,500,,,,,3,,,
ClassicGumtree,64,5,61,1,2,0,0,0,20,3,0,0.799,,500,,,,,3,,,
ClassicGumtree,64,5,61,1,2,0,0,0,20,3,0,0.899,,500,,,,,3,,,
ClassicGumtree,64,5,61,1,2,0,0,0,20,3,0,0.999,,500,,,,,3,,,
ClassicGumtree,64,5,61,1,2,0,0,0,48,3,0,0.1,,500,,,,,4,,,
ClassicGumtree,64,5,61,1,2,0,0,0,48,3,0,0.2,,500,,,,,4,,,
ClassicGumtree,64,5,61,1,2,0,0,0,48,3,0,0.3,,500,,,,,4,,,
ClassicGumtree,64,5,61,1,2,0,0,0,49,3,0,0.4,,500,,,,,4,,,
ClassicGumtree,64,5,61,1,2,0,0,0,48,3,0,0.5,,500,,,,,4,,,
ClassicGumtree,64,5,61,1,2,0,0,0,48,3,0,0.6,,500,,,,,4,,,
ClassicGumtree,64,5,61,1,2,0,0,0,28,3,0,0.7,,500,,,,,4,,,
ClassicGumtree,64,5,61,1,2,0,0,0,20,3,0,0.799,,500,,,,,4,,,
ClassicGumtree,64,5,61,1,2,0,0,0,20,3,0,0.899,,500,,,,,4,,,
ClassicGumtree,64,5,61,1,2,0,0,0,20,3,0,0.999,,500,,,,,4,,,
ClassicGumtree,64,5,61,1,2,0,0,0,48,3,0,0.1,,500,,,,,5,,,
ClassicGumtree,64,5,61,1,2,0,0,0,48,3,0,0.2,,500,,,,,5,,,
ClassicGumtree,64,5,61,1,2,0,0,0,49,3,0,0.3,,500,,,,,5,,,
ClassicGumtree,64,5,61,1,2,0,0,0,49,3,0,0.4,,500,,,,,5,,,
ClassicGumtree,64,5,61,1,2,0,0,0,29,3,0,0.5,,500,,,,,5,,,
ClassicGumtree,64,5,61,1,2,0,0,0,20,3,0,0.6,,500,,,,,5,,,
ClassicGumtree,64,5,61,1,2,0,0,0,20,3,0,0.7,,500,,,,,5,,,
ClassicGumtree,64,5,61,1,2,0,0,0,20,3,0,0.799,,500,,,,,5,,,
ClassicGumtree,64,5,61,1,2,0,0,0,20,3,0,0.899,,500,,,,,5,,,
ClassicGumtree,64,5,61,1,2,0,0,0,20,3,0,0.999,,500,,,,,5,,,
ClassicGumtree,64,5,61,1,2,0,0,0,49,3,0,0.1,,600,,,,,1,,,
ClassicGumtree,64,5,61,1,2,0,0,0,49,3,0,0.2,,600,,,,,1,,,
ClassicGumtree,64,5,61,1,2,0,0,0,49,3,0,0.3,,600,,,,,1,,,
ClassicGumtree,64,5,61,1,2,0,0,0,48,3,0,0.4,,600,,,,,1,,,
ClassicGumtree,64,5,61,1,2,0,0,0,49,3,0,0.5,,600,,,,,1,,,
ClassicGumtree,64,5,61,1,2,0,0,0,49,3,0,0.6,,600,,,,,1,,,
ClassicGumtree,64,5,61,1,2,0,0,0,49,3,0,0.7,,600,,,,,1,,,
ClassicGumtree,64,5,61,1,2,0,0,0,29,3,0,0.799,,600,,,,,1,,,
ClassicGumtree,64,5,61,1,2,0,0,0,28,3,0,0.899,,600,,,,,1,,,
ClassicGumtree,64,5,61,1,2,0,0,0,20,3,0,0.999,,600,,,,,1,,,
ClassicGumtree,64,5,61,1,2,0,0,0,48,3,0,0.1,,600,,,,,2,,,
ClassicGumtree,64,5,61,1,2,0,0,0,49,3,0,0.2,,600,,,,,2,,,
ClassicGumtree,64,5,61,1,2,0,0,0,48,3,0,0.3,,600,,,,,2,,,
ClassicGumtree,64,5,61,1,2,0,0,0,49,3,0,0.4,,600,,,,,2,,,
ClassicGumtree,64,5,61,1,2,0,0,0,49,3,0,0.5,,600,,,,,2,,,
ClassicGumtree,64,5,61,1,2,0,0,0,48,3,0,0.6,,600,,,,,2,,,
ClassicGumtree,64,5,61,1,2,0,0,0,49,3,0,0.7,,600,,,,,2,,,
ClassicGumtree,64,5,61,1,2,0,0,0,29,3,0,0.799,,600,,,,,2,,,
ClassicGumtree,64,5,61,1,2,0,0,0,20,3,0,0.899,,600,,,,,2,,,
ClassicGumtree,64,5,61,1,2,0,0,0,20,3,0,0.999,,600,,,,,2,,,
ClassicGumtree,64,5,61,1,2,0,0,0,48,3,0,0.1,,600,,,,,3,,,
ClassicGumtree,64,5,61,1,2,0,0,0,48,3,0,0.2,,600,,,,,3,,,
ClassicGumtree,64,5,61,1,2,0,0,0,48,3,0,0.3,,600,,,,,3,,,
ClassicGumtree,64,5,61,1,2,0,0,0,49,3,0,0.4,,600,,,,,3,,,
ClassicGumtree,64,5,61,1,2,0,0,0,48,3,0,0.5,,600,,,,,3,,,
ClassicGumtree,64,5,61,1,2,0,0,0,49,3,0,0.6,,600,,,,,3,,,
ClassicGumtree,64,5,61,1,2,0,0,0,48,3,0,0.7,,600,,,,,3,,,
ClassicGumtree,64,5,61,1,2,0,0,0,20,3,0,0.799,,600,,,,,3,,,
ClassicGumtree,64,5,61,1,2,0,0,0,20,3,0,0.899,,600,,,,,3,,,
ClassicGumtree,64,5,61,1,2,0,0,0,20,3,0,0.999,,600,,,,,3,,,
ClassicGumtree,64,5,61,1,2,0,0,0,48,3,0,0.1,,600,,,,,4,,,
ClassicGumtree,64,5,61,1,2,0,0,0,49,3,0,0.2,,600,,,,,4,,,
ClassicGumtree,64,5,61,1,2,0,0,0,48,3,0,0.3,,600,,,,,4,,,
ClassicGumtree,64,5,61,1,2,0,0,0,49,3,0,0.4,,600,,,,,4,,,
ClassicGumtree,64,5,61,1,2,0,0,0,49,3,0,0.5,,600,,,,,4,,,
ClassicGumtree,64,5,61,1,2,0,0,0,49,3,0,0.6,,600,,,,,4,,,
ClassicGumtree,64,5,61,1,2,0,0,0,28,3,0,0.7,,600,,,,,4,,,
ClassicGumtree,64,5,61,1,2,0,0,0,20,3,0,0.799,,600,,,,,4,,,
ClassicGumtree,64,5,61,1,2,0,0,0,20,3,0,0.899,,600,,,,,4,,,
ClassicGumtree,64,5,61,1,2,0,0,0,20,3,0,0.999,,600,,,,,4,,,
ClassicGumtree,64,5,61,1,2,0,0,0,49,3,0,0.1,,600,,,,,5,,,
ClassicGumtree,64,5,61,1,2,0,0,0,49,3,0,0.2,,600,,,,,5,,,
ClassicGumtree,64,5,61,1,2,0,0,0,49,3,0,0.3,,600,,,,,5,,,
ClassicGumtree,64,5,61,1,2,0,0,0,49,3,0,0.4,,600,,,,,5,,,
ClassicGumtree,64,5,61,1,2,0,0,0,29,3,0,0.5,,600,,,,,5,,,
ClassicGumtree,64,5,61,1,2,0,0,0,20,3,0,0.6,,600,,,,,5,,,
ClassicGumtree,64,5,61,1,2,0,0,0,20,3,0,0.7,,600,,,,,5,,,
ClassicGumtree,64,5,61,1,2,0,0,0,20,3,0,0.799,,600,,,,,5,,,
ClassicGumtree,64,5,61,1,2,0,0,0,20,3,0,0.899,,600,,,,,5,,,
ClassicGumtree,64,5,61,1,2,0,0,0,20,3,0,0.999,,600,,,,,5,,,
ClassicGumtree,64,5,61,1,2,0,0,0,48,3,0,0.1,,700,,,,,1,,,
ClassicGumtree,64,5,61,1,2,0,0,0,49,3,0,0.2,,700,,,,,1,,,
ClassicGumtree,64,5,61,1,2,0,0,0,49,3,0,0.3,,700,,,,,1,,,
ClassicGumtree,64,5,61,1,2,0,0,0,49,3,0,0.4,,700,,,,,1,,,
ClassicGumtree,64,5,61,1,2,0,0,0,49,3,0,0.5,,700,,,,,1,,,
ClassicGumtree,64,5,61,1,2,0,0,0,48,3,0,0.6,,700,,,,,1,,,
ClassicGumtree,64,5,61,1,2,0,0,0,48,3,0,0.7,,700,,,,,1,,,
ClassicGumtree,64,5,61,1,2,0,0,0,29,3,0,0.799,,700,,,,,1,,,
ClassicGumtree,64,5,61,1,2,0,0,0,28,3,0,0.899,,700,,,,,1,,,
ClassicGumtree,64,5,61,1,2,0,0,0,20,3,0,0.999,,700,,,,,1,,,
ClassicGumtree,64,5,61,1,2,0,0,0,48,3,0,0.1,,700,,,,,2,,,
ClassicGumtree,64,5,61,1,2,0,0,0,49,3,0,0.2,,700,,,,,2,,,
ClassicGumtree,64,5,61,1,2,0,0,0,48,3,0,0.3,,700,,,,,2,,,
ClassicGumtree,64,5,61,1,2,0,0,0,49,3,0,0.4,,700,,,,,2,,,
ClassicGumtree,64,5,61,1,2,0,0,0,49,3,0,0.5,,700,,,,,2,,,
ClassicGumtree,64,5,61,1,2,0,0,0,48,3,0,0.6,,700,,,,,2,,,
ClassicGumtree,64,5,61,1,2,0,0,0,48,3,0,0.7,,700,,,,,2,,,
ClassicGumtree,64,5,61,1,2,0,0,0,28,3,0,0.799,,700,,,,,2,,,
ClassicGumtree,64,5,61,1,2,0,0,0,20,3,0,0.899,,700,,,,,2,,,
ClassicGumtree,64,5,61,1,2,0,0,0,20,3,0,0.999,,700,,,,,2,,,
ClassicGumtree,64,5,61,1,2,0,0,0,49,3,0,0.1,,700,,,,,3,,,
ClassicGumtree,64,5,61,1,2,0,0,0,49,3,0,0.2,,700,,,,,3,,,
ClassicGumtree,64,5,61,1,2,0,0,0,49,3,0,0.3,,700,,,,,3,,,
ClassicGumtree,64,5,61,1,2,0,0,0,49,3,0,0.4,,700,,,,,3,,,
ClassicGumtree,64,5,61,1,2,0,0,0,48,3,0,0.5,,700,,,,,3,,,
ClassicGumtree,64,5,61,1,2,0,0,0,49,3,0,0.6,,700,,,,,3,,,
ClassicGumtree,64,5,61,1,2,0,0,0,48,3,0,0.7,,700,,,,,3,,,
ClassicGumtree,64,5,61,1,2,0,0,0,20,3,0,0.799,,700,,,,,3,,,
ClassicGumtree,64,5,61,1,2,0,0,0,20,3,0,0.899,,700,,,,,3,,,
ClassicGumtree,64,5,61,1,2,0,0,0,20,3,0,0.999,,700,,,,,3,,,
ClassicGumtree,64,5,61,1,2,0,0,0,48,3,0,0.1,,700,,,,,4,,,
ClassicGumtree,64,5,61,1,2,0,0,0,49,3,0,0.2,,700,,,,,4,,,
ClassicGumtree,64,5,61,1,2,0,0,0,49,3,0,0.3,,700,,,,,4,,,
ClassicGumtree,64,5,61,1,2,0,0,0,48,3,0,0.4,,700,,,,,4,,,
ClassicGumtree,64,5,61,1,2,0,0,0,48,3,0,0.5,,700,,,,,4,,,
ClassicGumtree,64,5,61,1,2,0,0,0,48,3,0,0.6,,700,,,,,4,,,
ClassicGumtree,64,5,61,1,2,0,0,0,29,3,0,0.7,,700,,,,,4,,,
ClassicGumtree,64,5,61,1,2,0,0,0,20,3,0,0.799,,700,,,,,4,,,
ClassicGumtree,64,5,61,1,2,0,0,0,20,3,0,0.899,,700,,,,,4,,,
ClassicGumtree,64,5,61,1,2,0,0,0,20,3,0,0.999,,700,,,,,4,,,
ClassicGumtree,64,5,61,1,2,0,0,0,49,3,0,0.1,,700,,,,,5,,,
ClassicGumtree,64,5,61,1,2,0,0,0,48,3,0,0.2,,700,,,,,5,,,
ClassicGumtree,64,5,61,1,2,0,0,0,49,3,0,0.3,,700,,,,,5,,,
ClassicGumtree,64,5,61,1,2,0,0,0,49,3,0,0.4,,700,,,,,5,,,
ClassicGumtree,64,5,61,1,2,0,0,0,28,3,0,0.5,,700,,,,,5,,,
ClassicGumtree,64,5,61,1,2,0,0,0,20,3,0,0.6,,700,,,,,5,,,
ClassicGumtree,64,5,61,1,2,0,0,0,20,3,0,0.7,,700,,,,,5,,,
ClassicGumtree,64,5,61,1,2,0,0,0,20,3,0,0.799,,700,,,,,5,,,
ClassicGumtree,64,5,61,1,2,0,0,0,20,3,0,0.899,,700,,,,,5,,,
ClassicGumtree,64,5,61,1,2,0,0,0,21,3,0,0.999,,700,,,,,5,,,
ClassicGumtree,64,5,61,1,2,0,0,0,49,3,0,0.1,,800,,,,,1,,,
ClassicGumtree,64,5,61,1,2,0,0,0,48,3,0,0.2,,800,,,,,1,,,
ClassicGumtree,64,5,61,1,2,0,0,0,49,3,0,0.3,,800,,,,,1,,,
ClassicGumtree,64,5,61,1,2,0,0,0,49,3,0,0.4,,800,,,,,1,,,
ClassicGumtree,64,5,61,1,2,0,0,0,49,3,0,0.5,,800,,,,,1,,,
ClassicGumtree,64,5,61,1,2,0,0,0,48,3,0,0.6,,800,,,,,1,,,
ClassicGumtree,64,5,61,1,2,0,0,0,48,3,0,0.7,,800,,,,,1,,,
ClassicGumtree,64,5,61,1,2,0,0,0,29,3,0,0.799,,800,,,,,1,,,
ClassicGumtree,64,5,61,1,2,0,0,0,28,3,0,0.899,,800,,,,,1,,,
ClassicGumtree,64,5,61,1,2,0,0,0,20,3,0,0.999,,800,,,,,1,,,
ClassicGumtree,64,5,61,1,2,0,0,0,48,3,0,0.1,,800,,,,,2,,,
ClassicGumtree,64,5,61,1,2,0,0,0,48,3,0,0.2,,800,,,,,2,,,
ClassicGumtree,64,5,61,1,2,0,0,0,49,3,0,0.3,,800,,,,,2,,,
ClassicGumtree,64,5,61,1,2,0,0,0,49,3,0,0.4,,800,,,,,2,,,
ClassicGumtree,64,5,61,1,2,0,0,0,49,3,0,0.5,,800,,,,,2,,,
ClassicGumtree,64,5,61,1,2,0,0,0,48,3,0,0.6,,800,,,,,2,,,
ClassicGumtree,64,5,61,1,2,0,0,0,49,3,0,0.7,,800,,,,,2,,,
ClassicGumtree,64,5,61,1,2,0,0,0,29,3,0,0.799,,800,,,,,2,,,
ClassicGumtree,64,5,61,1,2,0,0,0,20,3,0,0.899,,800,,,,,2,,,
ClassicGumtree,64,5,61,1,2,0,0,0,20,3,0,0.999,,800,,,,,2,,,
ClassicGumtree,64,5,61,1,2,0,0,0,49,3,0,0.1,,800,,,,,3,,,
ClassicGumtree,64,5,61,1,2,0,0,0,49,3,0,0.2,,800,,,,,3,,,
ClassicGumtree,64,5,61,1,2,0,0,0,48,3,0,0.3,,800,,,,,3,,,
ClassicGumtree,64,5,61,1,2,0,0,0,49,3,0,0.4,,800,,,,,3,,,
ClassicGumtree,64,5,61,1,2,0,0,0,49,3,0,0.5,,800,,,,,3,,,
ClassicGumtree,64,5,61,1,2,0,0,0,48,3,0,0.6,,800,,,,,3,,,
ClassicGumtree,64,5,61,1,2,0,0,0,48,3,0,0.7,,800,,,,,3,,,
ClassicGumtree,64,5,61,1,2,0,0,0,20,3,0,0.799,,800,,,,,3,,,
ClassicGumtree,64,5,61,1,2,0,0,0,20,3,0,0.899,,800,,,,,3,,,
ClassicGumtree,64,5,61,1,2,0,0,0,20,3,0,0.999,,800,,,,,3,,,
ClassicGumtree,64,5,61,1,2,0,0,0,49,3,0,0.1,,800,,,,,4,,,
ClassicGumtree,64,5,61,1,2,0,0,0,49,3,0,0.2,,800,,,,,4,,,
ClassicGumtree,64,5,61,1,2,0,0,0,48,3,0,0.3,,800,,,,,4,,,
ClassicGumtree,64,5,61,1,2,0,0,0,48,3,0,0.4,,800,,,,,4,,,
ClassicGumtree,64,5,61,1,2,0,0,0,48,3,0,0.5,,800,,,,,4,,,
ClassicGumtree,64,5,61,1,2,0,0,0,49,3,0,0.6,,800,,,,,4,,,
ClassicGumtree,64,5,61,1,2,0,0,0,29,3,0,0.7,,800,,,,,4,,,
ClassicGumtree,64,5,61,1,2,0,0,0,20,3,0,0.799,,800,,,,,4,,,
ClassicGumtree,64,5,61,1,2,0,0,0,20,3,0,0.899,,800,,,,,4,,,
ClassicGumtree,64,5,61,1,2,0,0,0,20,3,0,0.999,,800,,,,,4,,,
ClassicGumtree,64,5,61,1,2,0,0,0,48,3,0,0.1,,800,,,,,5,,,
ClassicGumtree,64,5,61,1,2,0,0,0,48,3,0,0.2,,800,,,,,5,,,
ClassicGumtree,64,5,61,1,2,0,0,0,49,3,0,0.3,,800,,,,,5,,,
ClassicGumtree,64,5,61,1,2,0,0,0,48,3,0,0.4,,800,,,,,5,,,
ClassicGumtree,64,5,61,1,2,0,0,0,29,3,0,0.5,,800,,,,,5,,,
ClassicGumtree,64,5,61,1,2,0,0,0,20,3,0,0.6,,800,,,,,5,,,
ClassicGumtree,64,5,61,1,2,0,0,0,20,3,0,0.7,,800,,,,,5,,,
ClassicGumtree,64,5,61,1,2,0,0,0,20,3,0,0.799,,800,,,,,5,,,
ClassicGumtree,64,5,61,1,2,0,0,0,20,3,0,0.899,,800,,,,,5,,,
ClassicGumtree,64,5,61,1,2,0,0,0,20,3,0,0.999,,800,,,,,5,,,
ClassicGumtree,64,5,61,1,2,0,0,0,49,3,0,0.1,,900,,,,,1,,,
ClassicGumtree,64,5,61,1,2,0,0,0,49,3,0,0.2,,900,,,,,1,,,
ClassicGumtree,64,5,61,1,2,0,0,0,48,3,0,0.3,,900,,,,,1,,,
ClassicGumtree,64,5,61,1,2,0,0,0,49,3,0,0.4,,900,,,,,1,,,
ClassicGumtree,64,5,61,1,2,0,0,0,49,3,0,0.5,,900,,,,,1,,,
ClassicGumtree,64,5,61,1,2,0,0,0,48,3,0,0.6,,900,,,,,1,,,
ClassicGumtree,64,5,61,1,2,0,0,0,53,3,0,0.7,,900,,,,,1,,,
ClassicGumtree,64,5,61,1,2,0,0,0,29,3,0,0.799,,900,,,,,1,,,
ClassicGumtree,64,5,61,1,2,0,0,0,29,3,0,0.899,,900,,,,,1,,,
ClassicGumtree,64,5,61,1,2,0,0,0,20,3,0,0.999,,900,,,,,1,,,
ClassicGumtree,64,5,61,1,2,0,0,0,53,3,0,0.1,,900,,,,,2,,,
ClassicGumtree,64,5,61,1,2,0,0,0,52,3,0,0.2,,900,,,,,2,,,
ClassicGumtree,64,5,61,1,2,0,0,0,53,3,0,0.3,,900,,,,,2,,,
ClassicGumtree,64,5,61,1,2,0,0,0,53,3,0,0.4,,900,,,,,2,,,
ClassicGumtree,64,5,61,1,2,0,0,0,52,3,0,0.5,,900,,,,,2,,,
ClassicGumtree,64,5,61,1,2,0,0,0,53,3,0,0.6,,900,,,,,2,,,
ClassicGumtree,64,5,61,1,2,0,0,0,53,3,0,0.7,,900,,,,,2,,,
ClassicGumtree,64,5,61,1,2,0,0,0,33,3,0,0.799,,900,,,,,2,,,
ClassicGumtree,64,5,61,1,2,0,0,0,24,3,0,0.899,,900,,,,,2,,,
ClassicGumtree,64,5,61,1,2,0,0,0,20,3,0,0.999,,900,,,,,2,,,
ClassicGumtree,64,5,61,1,2,0,0,0,49,3,0,0.1,,900,,,,,3,,,
ClassicGumtree,64,5,61,1,2,0,0,0,48,3,0,0.2,,900,,,,,3,,,
ClassicGumtree,64,5,61,1,2,0,0,0,48,3,0,0.3,,900,,,,,3,,,
ClassicGumtree,64,5,61,1,2,0,0,0,48,3,0,0.4,,900,,,,,3,,,
ClassicGumtree,64,5,61,1,2,0,0,0,49,3,0,0.5,,900,,,,,3,,,
ClassicGumtree,64,5,61,1,2,0,0,0,48,3,0,0.6,,900,,,,,3,,,
ClassicGumtree,64,5,61,1,2,0,0,0,48,3,0,0.7,,900,,,,,3,,,
ClassicGumtree,64,5,61,1,2,0,0,0,20,3,0,0.799,,900,,,,,3,,,
ClassicGumtree,64,5,61,1,2,0,0,0,20,3,0,0.899,,900,,,,,3,,,
ClassicGumtree,64,5,61,1,2,0,0,0,20,3,0,0.999,,900,,,,,3,,,
ClassicGumtree,64,5,61,1,2,0,0,0,49,3,0,0.1,,900,,,,,4,,,
ClassicGumtree,64,5,61,1,2,0,0,0,48,3,0,0.2,,900,,,,,4,,,
ClassicGumtree,64,5,61,1,2,0,0,0,48,3,0,0.3,,900,,,,,4,,,
ClassicGumtree,64,5,61,1,2,0,0,0,48,3,0,0.4,,900,,,,,4,,,
ClassicGumtree,64,5,61,1,2,0,0,0,49,3,0,0.5,,900,,,,,4,,,
ClassicGumtree,64,5,61,1,2,0,0,0,49,3,0,0.6,,900,,,,,4,,,
ClassicGumtree,64,5,61,1,2,0,0,0,29,3,0,0.7,,900,,,,,4,,,
ClassicGumtree,64,5,61,1,2,0,0,0,20,3,0,0.799,,900,,,,,4,,,
ClassicGumtree,64,5,61,1,2,0,0,0,20,3,0,0.899,,900,,,,,4,,,
ClassicGumtree,64,5,61,1,2,0,0,0,20,3,0,0.999,,900,,,,,4,,,
ClassicGumtree,64,5,61,1,2,0,0,0,48,3,0,0.1,,900,,,,,5,,,
ClassicGumtree,64,5,61,1,2,0,0,0,49,3,0,0.2,,900,,,,,5,,,
ClassicGumtree,64,5,61,1,2,0,0,0,49,3,0,0.3,,900,,,,,5,,,
ClassicGumtree,64,5,61,1,2,0,0,0,48,3,0,0.4,,900,,,,,5,,,
ClassicGumtree,64,5,61,1,2,0,0,0,29,3,0,0.5,,900,,,,,5,,,
ClassicGumtree,64,5,61,1,2,0,0,0,20,3,0,0.6,,900,,,,,5,,,
ClassicGumtree,64,5,61,1,2,0,0,0,20,3,0,0.7,,900,,,,,5,,,
ClassicGumtree,64,5,61,1,2,0,0,0,20,3,0,0.799,,900,,,,,5,,,
ClassicGumtree,64,5,61,1,2,0,0,0,20,3,0,0.899,,900,,,,,5,,,
ClassicGumtree,64,5,61,1,2,0,0,0,20,3,0,0.999,,900,,,,,5,,,
ClassicGumtree,64,5,61,1,2,0,0,0,48,3,0,0.1,,1000,,,,,1,,,
ClassicGumtree,64,5,61,1,2,0,0,0,49,3,0,0.2,,1000,,,,,1,,,
ClassicGumtree,64,5,61,1,2,0,0,0,48,3,0,0.3,,1000,,,,,1,,,
ClassicGumtree,64,5,61,1,2,0,0,0,49,3,0,0.4,,1000,,,,,1,,,
ClassicGumtree,64,5,61,1,2,0,0,0,48,3,0,0.5,,1000,,,,,1,,,
ClassicGumtree,64,5,61,1,2,0,0,0,49,3,0,0.6,,1000,,,,,1,,,
ClassicGumtree,64,5,61,1,2,0,0,0,49,3,0,0.7,,1000,,,,,1,,,
ClassicGumtree,64,5,61,1,2,0,0,0,29,3,0,0.799,,1000,,,,,1,,,
ClassicGumtree,64,5,61,1,2,0,0,0,28,3,0,0.899,,1000,,,,,1,,,
ClassicGumtree,64,5,61,1,2,0,0,0,20,3,0,0.999,,1000,,,,,1,,,
ClassicGumtree,64,5,61,1,2,0,0,0,49,3,0,0.1,,1000,,,,,2,,,
ClassicGumtree,64,5,61,1,2,0,0,0,49,3,0,0.2,,1000,,,,,2,,,
ClassicGumtree,64,5,61,1,2,0,0,0,48,3,0,0.3,,1000,,,,,2,,,
ClassicGumtree,64,5,61,1,2,0,0,0,48,3,0,0.4,,1000,,,,,2,,,
ClassicGumtree,64,5,61,1,2,0,0,0,49,3,0,0.5,,1000,,,,,2,,,
ClassicGumtree,64,5,61,1,2,0,0,0,49,3,0,0.6,,1000,,,,,2,,,
ClassicGumtree,64,5,61,1,2,0,0,0,49,3,0,0.7,,1000,,,,,2,,,
ClassicGumtree,64,5,61,1,2,0,0,0,29,3,0,0.799,,1000,,,,,2,,,
ClassicGumtree,64,5,61,1,2,0,0,0,20,3,0,0.899,,1000,,,,,2,,,
ClassicGumtree,64,5,61,1,2,0,0,0,20,3,0,0.999,,1000,,,,,2,,,
ClassicGumtree,64,5,61,1,2,0,0,0,48,3,0,0.1,,1000,,,,,3,,,
ClassicGumtree,64,5,61,1,2,0,0,0,48,3,0,0.2,,1000,,,,,3,,,
ClassicGumtree,64,5,61,1,2,0,0,0,49,3,0,0.3,,1000,,,,,3,,,
ClassicGumtree,64,5,61,1,2,0,0,0,48,3,0,0.4,,1000,,,,,3,,,
ClassicGumtree,64,5,61,1,2,0,0,0,48,3,0,0.5,,1000,,,,,3,,,
ClassicGumtree,64,5,61,1,2,0,0,0,49,3,0,0.6,,1000,,,,,3,,,
ClassicGumtree,64,5,61,1,2,0,0,0,49,3,0,0.7,,1000,,,,,3,,,
ClassicGumtree,64,5,61,1,2,0,0,0,20,3,0,0.799,,1000,,,,,3,,,
ClassicGumtree,64,5,61,1,2,0,0,0,20,3,0,0.899,,1000,,,,,3,,,
ClassicGumtree,64,5,61,1,2,0,0,0,20,3,0,0.999,,1000,,,,,3,,,
ClassicGumtree,64,5,61,1,2,0,0,0,49,3,0,0.1,,1000,,,,,4,,,
ClassicGumtree,64,5,61,1,2,0,0,0,49,3,0,0.2,,1000,,,,,4,,,
ClassicGumtree,64,5,61,1,2,0,0,0,48,3,0,0.3,,1000,,,,,4,,,
ClassicGumtree,64,5,61,1,2,0,0,0,49,3,0,0.4,,1000,,,,,4,,,
ClassicGumtree,64,5,61,1,2,0,0,0,49,3,0,0.5,,1000,,,,,4,,,
ClassicGumtree,64,5,61,1,2,0,0,0,48,3,0,0.6,,1000,,,,,4,,,
ClassicGumtree,64,5,61,1,2,0,0,0,29,3,0,0.7,,1000,,,,,4,,,
ClassicGumtree,64,5,61,1,2,0,0,0,21,3,0,0.799,,1000,,,,,4,,,
ClassicGumtree,64,5,61,1,2,0,0,0,20,3,0,0.899,,1000,,,,,4,,,
ClassicGumtree,64,5,61,1,2,0,0,0,20,3,0,0.999,,1000,,,,,4,,,
ClassicGumtree,64,5,61,1,2,0,0,0,48,3,0,0.1,,1000,,,,,5,,,
ClassicGumtree,64,5,61,1,2,0,0,0,49,3,0,0.2,,1000,,,,,5,,,
ClassicGumtree,64,5,61,1,2,0,0,0,48,3,0,0.3,,1000,,,,,5,,,
ClassicGumtree,64,5,61,1,2,0,0,0,48,3,0,0.4,,1000,,,,,5,,,
ClassicGumtree,64,5,61,1,2,0,0,0,29,3,0,0.5,,1000,,,,,5,,,
ClassicGumtree,64,5,61,1,2,0,0,0,20,3,0,0.6,,1000,,,,,5,,,
ClassicGumtree,64,5,61,1,2,0,0,0,20,3,0,0.7,,1000,,,,,5,,,
ClassicGumtree,64,5,61,1,2,0,0,0,20,3,0,0.799,,1000,,,,,5,,,
ClassicGumtree,64,5,61,1,2,0,0,0,20,3,0,0.899,,1000,,,,,5,,,
ClassicGumtree,64,5,61,1,2,0,0,0,20,3,0,0.999,,1000,,,,,5,,,
ClassicGumtree,64,5,61,1,2,0,0,0,48,3,0,0.1,,1100,,,,,1,,,
ClassicGumtree,64,5,61,1,2,0,0,0,48,3,0,0.2,,1100,,,,,1,,,
ClassicGumtree,64,5,61,1,2,0,0,0,49,3,0,0.3,,1100,,,,,1,,,
ClassicGumtree,64,5,61,1,2,0,0,0,49,3,0,0.4,,1100,,,,,1,,,
ClassicGumtree,64,5,61,1,2,0,0,0,49,3,0,0.5,,1100,,,,,1,,,
ClassicGumtree,64,5,61,1,2,0,0,0,49,3,0,0.6,,1100,,,,,1,,,
ClassicGumtree,64,5,61,1,2,0,0,0,48,3,0,0.7,,1100,,,,,1,,,
ClassicGumtree,64,5,61,1,2,0,0,0,28,3,0,0.799,,1100,,,,,1,,,
ClassicGumtree,64,5,61,1,2,0,0,0,29,3,0,0.899,,1100,,,,,1,,,
ClassicGumtree,64,5,61,1,2,0,0,0,20,3,0,0.999,,1100,,,,,1,,,
ClassicGumtree,64,5,61,1,2,0,0,0,49,3,0,0.1,,1100,,,,,2,,,
ClassicGumtree,64,5,61,1,2,0,0,0,49,3,0,0.2,,1100,,,,,2,,,
ClassicGumtree,64,5,61,1,2,0,0,0,49,3,0,0.3,,1100,,,,,2,,,
ClassicGumtree,64,5,61,1,2,0,0,0,49,3,0,0.4,,1100,,,,,2,,,
ClassicGumtree,64,5,61,1,2,0,0,0,49,3,0,0.5,,1100,,,,,2,,,
ClassicGumtree,64,5,61,1,2,0,0,0,48,3,0,0.6,,1100,,,,,2,,,
ClassicGumtree,64,5,61,1,2,0,0,0,48,3,0,0.7,,1100,,,,,2,,,
ClassicGumtree,64,5,61,1,2,0,0,0,29,3,0,0.799,,1100,,,,,2,,,
ClassicGumtree,64,5,61,1,2,0,0,0,20,3,0,0.899,,1100,,,,,2,,,
ClassicGumtree,64,5,61,1,2,0,0,0,21,3,0,0.999,,1100,,,,,2,,,
ClassicGumtree,64,5,61,1,2,0,0,0,48,3,0,0.1,,1100,,,,,3,,,
ClassicGumtree,64,5,61,1,2,0,0,0,48,3,0,0.2,,1100,,,,,3,,,
ClassicGumtree,64,5,61,1,2,0,0,0,48,3,0,0.3,,1100,,,,,3,,,
ClassicGumtree,64,5,61,1,2,0,0,0,48,3,0,0.4,,1100,,,,,3,,,
ClassicGumtree,64,5,61,1,2,0,0,0,48,3,0,0.5,,1100,,,,,3,,,
ClassicGumtree,64,5,61,1,2,0,0,0,48,3,0,0.6,,1100,,,,,3,,,
ClassicGumtree,64,5,61,1,2,0,0,0,48,3,0,0.7,,1100,,,,,3,,,
ClassicGumtree,64,5,61,1,2,0,0,0,20,3,0,0.799,,1100,,,,,3,,,
ClassicGumtree,64,5,61,1,2,0,0,0,20,3,0,0.899,,1100,,,,,3,,,
ClassicGumtree,64,5,61,1,2,0,0,0,20,3,0,0.999,,1100,,,,,3,,,
ClassicGumtree,64,5,61,1,2,0,0,0,48,3,0,0.1,,1100,,,,,4,,,
ClassicGumtree,64,5,61,1,2,0,0,0,49,3,0,0.2,,1100,,,,,4,,,
ClassicGumtree,64,5,61,1,2,0,0,0,49,3,0,0.3,,1100,,,,,4,,,
ClassicGumtree,64,5,61,1,2,0,0,0,49,3,0,0.4,,1100,,,,,4,,,
ClassicGumtree,64,5,61,1,2,0,0,0,49,3,0,0.5,,1100,,,,,4,,,
ClassicGumtree,64,5,61,1,2,0,0,0,49,3,0,0.6,,1100,,,,,4,,,
ClassicGumtree,64,5,61,1,2,0,0,0,29,3,0,0.7,,1100,,,,,4,,,
ClassicGumtree,64,5,61,1,2,0,0,0,20,3,0,0.799,,1100,,,,,4,,,
ClassicGumtree,64,5,61,1,2,0,0,0,20,3,0,0.899,,1100,,,,,4,,,
ClassicGumtree,64,5,61,1,2,0,0,0,20,3,0,0.999,,1100,,,,,4,,,
ClassicGumtree,64,5,61,1,2,0,0,0,50,3,0,0.1,,1100,,,,,5,,,
ClassicGumtree,64,5,61,1,2,0,0,0,50,3,0,0.2,,1100,,,,,5,,,
ClassicGumtree,64,5,61,1,2,0,0,0,50,3,0,0.3,,1100,,,,,5,,,
ClassicGumtree,64,5,61,1,2,0,0,0,49,3,0,0.4,,1100,,,,,5,,,
ClassicGumtree,64,5,61,1,2,0,0,0,29,3,0,0.5,,1100,,,,,5,,,
ClassicGumtree,64,5,61,1,2,0,0,0,20,3,0,0.6,,1100,,,,,5,,,
ClassicGumtree,64,5,61,1,2,0,0,0,20,3,0,0.7,,1100,,,,,5,,,
ClassicGumtree,64,5,61,1,2,0,0,0,20,3,0,0.799,,1100,,,,,5,,,
ClassicGumtree,64,5,61,1,2,0,0,0,20,3,0,0.899,,1100,,,,,5,,,
ClassicGumtree,64,5,61,1,2,0,0,0,20,3,0,0.999,,1100,,,,,5,,,
ClassicGumtree,64,5,61,1,2,0,0,0,49,3,0,0.1,,1200,,,,,1,,,
ClassicGumtree,64,5,61,1,2,0,0,0,49,3,0,0.2,,1200,,,,,1,,,
ClassicGumtree,64,5,61,1,2,0,0,0,49,3,0,0.3,,1200,,,,,1,,,
ClassicGumtree,64,5,61,1,2,0,0,0,49,3,0,0.4,,1200,,,,,1,,,
ClassicGumtree,64,5,61,1,2,0,0,0,49,3,0,0.5,,1200,,,,,1,,,
ClassicGumtree,64,5,61,1,2,0,0,0,49,3,0,0.6,,1200,,,,,1,,,
ClassicGumtree,64,5,61,1,2,0,0,0,48,3,0,0.7,,1200,,,,,1,,,
ClassicGumtree,64,5,61,1,2,0,0,0,28,3,0,0.799,,1200,,,,,1,,,
ClassicGumtree,64,5,61,1,2,0,0,0,29,3,0,0.899,,1200,,,,,1,,,
ClassicGumtree,64,5,61,1,2,0,0,0,20,3,0,0.999,,1200,,,,,1,,,
ClassicGumtree,64,5,61,1,2,0,0,0,49,3,0,0.1,,1200,,,,,2,,,
ClassicGumtree,64,5,61,1,2,0,0,0,49,3,0,0.2,,1200,,,,,2,,,
ClassicGumtree,64,5,61,1,2,0,0,0,49,3,0,0.3,,1200,,,,,2,,,
ClassicGumtree,64,5,61,1,2,0,0,0,49,3,0,0.4,,1200,,,,,2,,,
ClassicGumtree,64,5,61,1,2,0,0,0,48,3,0,0.5,,1200,,,,,2,,,
ClassicGumtree,64,5,61,1,2,0,0,0,49,3,0,0.6,,1200,,,,,2,,,
ClassicGumtree,64,5,61,1,2,0,0,0,49,3,0,0.7,,1200,,,,,2,,,
ClassicGumtree,64,5,61,1,2,0,0,0,29,3,0,0.799,,1200,,,,,2,,,
ClassicGumtree,64,5,61,1,2,0,0,0,20,3,0,0.899,,1200,,,,,2,,,
ClassicGumtree,64,5,61,1,2,0,0,0,20,3,0,0.999,,1200,,,,,2,,,
ClassicGumtree,64,5,61,1,2,0,0,0,48,3,0,0.1,,1200,,,,,3,,,
ClassicGumtree,64,5,61,1,2,0,0,0,49,3,0,0.2,,1200,,,,,3,,,
ClassicGumtree,64,5,61,1,2,0,0,0,48,3,0,0.3,,1200,,,,,3,,,
ClassicGumtree,64,5,61,1,2,0,0,0,48,3,0,0.4,,1200,,,,,3,,,
ClassicGumtree,64,5,61,1,2,0,0,0,48,3,0,0.5,,1200,,,,,3,,,
ClassicGumtree,64,5,61,1,2,0,0,0,48,3,0,0.6,,1200,,,,,3,,,
ClassicGumtree,64,5,61,1,2,0,0,0,48,3,0,0.7,,1200,,,,,3,,,
ClassicGumtree,64,5,61,1,2,0,0,0,20,3,0,0.799,,1200,,,,,3,,,
ClassicGumtree,64,5,61,1,2,0,0,0,20,3,0,0.899,,1200,,,,,3,,,
ClassicGumtree,64,5,61,1,2,0,0,0,20,3,0,0.999,,1200,,,,,3,,,
ClassicGumtree,64,5,61,1,2,0,0,0,49,3,0,0.1,,1200,,,,,4,,,
ClassicGumtree,64,5,61,1,2,0,0,0,48,3,0,0.2,,1200,,,,,4,,,
ClassicGumtree,64,5,61,1,2,0,0,0,48,3,0,0.3,,1200,,,,,4,,,
ClassicGumtree,64,5,61,1,2,0,0,0,49,3,0,0.4,,1200,,,,,4,,,
ClassicGumtree,64,5,61,1,2,0,0,0,50,3,0,0.5,,1200,,,,,4,,,
ClassicGumtree,64,5,61,1,2,0,0,0,49,3,0,0.6,,1200,,,,,4,,,
ClassicGumtree,64,5,61,1,2,0,0,0,29,3,0,0.7,,1200,,,,,4,,,
ClassicGumtree,64,5,61,1,2,0,0,0,20,3,0,0.799,,1200,,,,,4,,,
ClassicGumtree,64,5,61,1,2,0,0,0,20,3,0,0.899,,1200,,,,,4,,,
ClassicGumtree,64,5,61,1,2,0,0,0,20,3,0,0.999,,1200,,,,,4,,,
ClassicGumtree,64,5,61,1,2,0,0,0,49,3,0,0.1,,1200,,,,,5,,,
ClassicGumtree,64,5,61,1,2,0,0,0,49,3,0,0.2,,1200,,,,,5,,,
ClassicGumtree,64,5,61,1,2,0,0,0,49,3,0,0.3,,1200,,,,,5,,,
ClassicGumtree,64,5,61,1,2,0,0,0,48,3,0,0.4,,1200,,,,,5,,,
ClassicGumtree,64,5,61,1,2,0,0,0,29,3,0,0.5,,1200,,,,,5,,,
ClassicGumtree,64,5,61,1,2,0,0,0,20,3,0,0.6,,1200,,,,,5,,,
ClassicGumtree,64,5,61,1,2,0,0,0,20,3,0,0.7,,1200,,,,,5,,,
ClassicGumtree,64,5,61,1,2,0,0,0,20,3,0,0.799,,1200,,,,,5,,,
ClassicGumtree,64,5,61,1,2,0,0,0,20,3,0,0.899,,1200,,,,,5,,,
ClassicGumtree,64,5,61,1,2,0,0,0,20,3,0,0.999,,1200,,,,,5,,,
ClassicGumtree,64,5,61,1,2,0,0,0,49,3,0,0.1,,1300,,,,,1,,,
ClassicGumtree,64,5,61,1,2,0,0,0,49,3,0,0.2,,1300,,,,,1,,,
ClassicGumtree,64,5,61,1,2,0,0,0,49,3,0,0.3,,1300,,,,,1,,,
ClassicGumtree,64,5,61,1,2,0,0,0,49,3,0,0.4,,1300,,,,,1,,,
ClassicGumtree,64,5,61,1,2,0,0,0,50,3,0,0.5,,1300,,,,,1,,,
ClassicGumtree,64,5,61,1,2,0,0,0,48,3,0,0.6,,1300,,,,,1,,,
ClassicGumtree,64,5,61,1,2,0,0,0,48,3,0,0.7,,1300,,,,,1,,,
ClassicGumtree,64,5,61,1,2,0,0,0,29,3,0,0.799,,1300,,,,,1,,,
ClassicGumtree,64,5,61,1,2,0,0,0,29,3,0,0.899,,1300,,,,,1,,,
ClassicGumtree,64,5,61,1,2,0,0,0,20,3,0,0.999,,1300,,,,,1,,,
ClassicGumtree,64,5,61,1,2,0,0,0,49,3,0,0.1,,1300,,,,,2,,,
ClassicGumtree,64,5,61,1,2,0,0,0,49,3,0,0.2,,1300,,,,,2,,,
ClassicGumtree,64,5,61,1,2,0,0,0,48,3,0,0.3,,1300,,,,,2,,,
ClassicGumtree,64,5,61,1,2,0,0,0,48,3,0,0.4,,1300,,,,,2,,,
ClassicGumtree,64,5,61,1,2,0,0,0,48,3,0,0.5,,1300,,,,,2,,,
ClassicGumtree,64,5,61,1,2,0,0,0,48,3,0,0.6,,1300,,,,,2,,,
ClassicGumtree,64,5,61,1,2,0,0,0,48,3,0,0.7,,1300,,,,,2,,,
ClassicGumtree,64,5,61,1,2,0,0,0,29,3,0,0.799,,1300,,,,,2,,,
ClassicGumtree,64,5,61,1,2,0,0,0,21,3,0,0.899,,1300,,,,,2,,,
ClassicGumtree,64,5,61,1,2,0,0,0,20,3,0,0.999,,1300,,,,,2,,,
ClassicGumtree,64,5,61,1,2,0,0,0,48,3,0,0.1,,1300,,,,,3,,,
ClassicGumtree,64,5,61,1,2,0,0,0,49,3,0,0.2,,1300,,,,,3,,,
ClassicGumtree,64,5,61,1,2,0,0,0,48,3,0,0.3,,1300,,,,,3,,,
ClassicGumtree,64,5,61,1,2,0,0,0,48,3,0,0.4,,1300,,,,,3,,,
ClassicGumtree,64,5,61,1,2,0,0,0,48,3,0,0.5,,1300,,,,,3,,,
ClassicGumtree,64,5,61,1,2,0,0,0,49,3,0,0.6,,1300,,,,,3,,,
ClassicGumtree,64,5,61,1,2,0,0,0,48,3,0,0.7,,1300,,,,,3,,,
ClassicGumtree,64,5,61,1,2,0,0,0,20,3,0,0.799,,1300,,,,,3,,,
ClassicGumtree,64,5,61,1,2,0,0,0,20,3,0,0.899,,1300,,,,,3,,,
ClassicGumtree,64,5,61,1,2,0,0,0,20,3,0,0.999,,1300,,,,,3,,,
ClassicGumtree,64,5,61,1,2,0,0,0,49,3,0,0.1,,1300,,,,,4,,,
ClassicGumtree,64,5,61,1,2,0,0,0,49,3,0,0.2,,1300,,,,,4,,,
ClassicGumtree,64,5,61,1,2,0,0,0,49,3,0,0.3,,1300,,,,,4,,,
ClassicGumtree,64,5,61,1,2,0,0,0,48,3,0,0.4,,1300,,,,,4,,,
ClassicGumtree,64,5,61,1,2,0,0,0,48,3,0,0.5,,1300,,,,,4,,,
ClassicGumtree,64,5,61,1,2,0,0,0,49,3,0,0.6,,1300,,,,,4,,,
ClassicGumtree,64,5,61,1,2,0,0,0,29,3,0,0.7,,1300,,,,,4,,,
ClassicGumtree,64,5,61,1,2,0,0,0,20,3,0,0.799,,1300,,,,,4,,,
ClassicGumtree,64,5,61,1,2,0,0,0,20,3,0,0.899,,1300,,,,,4,,,
ClassicGumtree,64,5,61,1,2,0,0,0,21,3,0,0.999,,1300,,,,,4,,,
ClassicGumtree,64,5,61,1,2,0,0,0,49,3,0,0.1,,1300,,,,,5,,,
ClassicGumtree,64,5,61,1,2,0,0,0,48,3,0,0.2,,1300,,,,,5,,,
ClassicGumtree,64,5,61,1,2,0,0,0,48,3,0,0.3,,1300,,,,,5,,,
ClassicGumtree,64,5,61,1,2,0,0,0,48,3,0,0.4,,1300,,,,,5,,,
ClassicGumtree,64,5,61,1,2,0,0,0,29,3,0,0.5,,1300,,,,,5,,,
ClassicGumtree,64,5,61,1,2,0,0,0,20,3,0,0.6,,1300,,,,,5,,,
ClassicGumtree,64,5,61,1,2,0,0,0,20,3,0,0.7,,1300,,,,,5,,,
ClassicGumtree,64,5,61,1,2,0,0,0,21,3,0,0.799,,1300,,,,,5,,,
ClassicGumtree,64,5,61,1,2,0,0,0,20,3,0,0.899,,1300,,,,,5,,,
ClassicGumtree,64,5,61,1,2,0,0,0,20,3,0,0.999,,1300,,,,,5,,,
ClassicGumtree,64,5,61,1,2,0,0,0,48,3,0,0.1,,1400,,,,,1,,,
ClassicGumtree,64,5,61,1,2,0,0,0,48,3,0,0.2,,1400,,,,,1,,,
ClassicGumtree,64,5,61,1,2,0,0,0,49,3,0,0.3,,1400,,,,,1,,,
ClassicGumtree,64,5,61,1,2,0,0,0,48,3,0,0.4,,1400,,,,,1,,,
ClassicGumtree,64,5,61,1,2,0,0,0,49,3,0,0.5,,1400,,,,,1,,,
ClassicGumtree,64,5,61,1,2,0,0,0,48,3,0,0.6,,1400,,,,,1,,,
ClassicGumtree,64,5,61,1,2,0,0,0,48,3,0,0.7,,1400,,,,,1,,,
ClassicGumtree,64,5,61,1,2,0,0,0,29,3,0,0.799,,1400,,,,,1,,,
ClassicGumtree,64,5,61,1,2,0,0,0,29,3,0,0.899,,1400,,,,,1,,,
ClassicGumtree,64,5,61,1,2,0,0,0,20,3,0,0.999,,1400,,,,,1,,,
ClassicGumtree,64,5,61,1,2,0,0,0,49,3,0,0.1,,1400,,,,,2,,,
ClassicGumtree,64,5,61,1,2,0,0,0,49,3,0,0.2,,1400,,,,,2,,,
ClassicGumtree,64,5,61,1,2,0,0,0,48,3,0,0.3,,1400,,,,,2,,,
ClassicGumtree,64,5,61,1,2,0,0,0,49,3,0,0.4,,1400,,,,,2,,,
ClassicGumtree,64,5,61,1,2,0,0,0,48,3,0,0.5,,1400,,,,,2,,,
ClassicGumtree,64,5,61,1,2,0,0,0,48,3,0,0.6,,1400,,,,,2,,,
ClassicGumtree,64,5,61,1,2,0,0,0,49,3,0,0.7,,1400,,,,,2,,,
ClassicGumtree,64,5,61,1,2,0,0,0,29,3,0,0.799,,1400,,,,,2,,,
ClassicGumtree,64,5,61,1,2,0,0,0,20,3,0,0.899,,1400,,,,,2,,,
ClassicGumtree,64,5,61,1,2,0,0,0,20,3,0,0.999,,1400,,,,,2,,,
ClassicGumtree,64,5,61,1,2,0,0,0,49,3,0,0.1,,1400,,,,,3,,,
ClassicGumtree,64,5,61,1,2,0,0,0,49,3,0,0.2,,1400,,,,,3,,,
ClassicGumtree,64,5,61,1,2,0,0,0,48,3,0,0.3,,1400,,,,,3,,,
ClassicGumtree,64,5,61,1,2,0,0,0,48,3,0,0.4,,1400,,,,,3,,,
ClassicGumtree,64,5,61,1,2,0,0,0,48,3,0,0.5,,1400,,,,,3,,,
ClassicGumtree,64,5,61,1,2,0,0,0,49,3,0,0.6,,1400,,,,,3,,,
ClassicGumtree,64,5,61,1,2,0,0,0,48,3,0,0.7,,1400,,,,,3,,,
ClassicGumtree,64,5,61,1,2,0,0,0,20,3,0,0.799,,1400,,,,,3,,,
ClassicGumtree,64,5,61,1,2,0,0,0,20,3,0,0.899,,1400,,,,,3,,,
ClassicGumtree,64,5,61,1,2,0,0,0,20,3,0,0.999,,1400,,,,,3,,,
ClassicGumtree,64,5,61,1,2,0,0,0,49,3,0,0.1,,1400,,,,,4,,,
ClassicGumtree,64,5,61,1,2,0,0,0,49,3,0,0.2,,1400,,,,,4,,,
ClassicGumtree,64,5,61,1,2,0,0,0,48,3,0,0.3,,1400,,,,,4,,,
ClassicGumtree,64,5,61,1,2,0,0,0,48,3,0,0.4,,1400,,,,,4,,,
ClassicGumtree,64,5,61,1,2,0,0,0,48,3,0,0.5,,1400,,,,,4,,,
ClassicGumtree,64,5,61,1,2,0,0,0,48,3,0,0.6,,1400,,,,,4,,,
ClassicGumtree,64,5,61,1,2,0,0,0,29,3,0,0.7,,1400,,,,,4,,,
ClassicGumtree,64,5,61,1,2,0,0,0,20,3,0,0.799,,1400,,,,,4,,,
ClassicGumtree,64,5,61,1,2,0,0,0,20,3,0,0.899,,1400,,,,,4,,,
ClassicGumtree,64,5,61,1,2,0,0,0,20,3,0,0.999,,1400,,,,,4,,,
ClassicGumtree,64,5,61,1,2,0,0,0,49,3,0,0.1,,1400,,,,,5,,,
ClassicGumtree,64,5,61,1,2,0,0,0,48,3,0,0.2,,1400,,,,,5,,,
ClassicGumtree,64,5,61,1,2,0,0,0,49,3,0,0.3,,1400,,,,,5,,,
ClassicGumtree,64,5,61,1,2,0,0,0,48,3,0,0.4,,1400,,,,,5,,,
ClassicGumtree,64,5,61,1,2,0,0,0,29,3,0,0.5,,1400,,,,,5,,,
ClassicGumtree,64,5,61,1,2,0,0,0,20,3,0,0.6,,1400,,,,,5,,,
ClassicGumtree,64,5,61,1,2,0,0,0,20,3,0,0.7,,1400,,,,,5,,,
ClassicGumtree,64,5,61,1,2,0,0,0,20,3,0,0.799,,1400,,,,,5,,,
ClassicGumtree,64,5,61,1,2,0,0,0,20,3,0,0.899,,1400,,,,,5,,,
ClassicGumtree,64,5,61,1,2,0,0,0,21,3,0,0.999,,1400,,,,,5,,,
ClassicGumtree,64,5,61,1,2,0,0,0,48,3,0,0.1,,1500,,,,,1,,,
ClassicGumtree,64,5,61,1,2,0,0,0,49,3,0,0.2,,1500,,,,,1,,,
ClassicGumtree,64,5,61,1,2,0,0,0,48,3,0,0.3,,1500,,,,,1,,,
ClassicGumtree,64,5,61,1,2,0,0,0,49,3,0,0.4,,1500,,,,,1,,,
ClassicGumtree,64,5,61,1,2,0,0,0,49,3,0,0.5,,1500,,,,,1,,,
ClassicGumtree,64,5,61,1,2,0,0,0,48,3,0,0.6,,1500,,,,,1,,,
ClassicGumtree,64,5,61,1,2,0,0,0,48,3,0,0.7,,1500,,,,,1,,,
ClassicGumtree,64,5,61,1,2,0,0,0,29,3,0,0.799,,1500,,,,,1,,,
ClassicGumtree,64,5,61,1,2,0,0,0,29,3,0,0.899,,1500,,,,,1,,,
ClassicGumtree,64,5,61,1,2,0,0,0,20,3,0,0.999,,1500,,,,,1,,,
ClassicGumtree,64,5,61,1,2,0,0,0,49,3,0,0.1,,1500,,,,,2,,,
ClassicGumtree,64,5,61,1,2,0,0,0,49,3,0,0.2,,1500,,,,,2,,,
ClassicGumtree,64,5,61,1,2,0,0,0,48,3,0,0.3,,1500,,,,,2,,,
ClassicGumtree,64,5,61,1,2,0,0,0,49,3,0,0.4,,1500,,,,,2,,,
ClassicGumtree,64,5,61,1,2,0,0,0,48,3,0,0.5,,1500,,,,,2,,,
ClassicGumtree,64,5,61,1,2,0,0,0,49,3,0,0.6,,1500,,,,,2,,,
ClassicGumtree,64,5,61,1,2,0,0,0,48,3,0,0.7,,1500,,,,,2,,,
ClassicGumtree,64,5,61,1,2,0,0,0,29,3,0,0.799,,1500,,,,,2,,,
ClassicGumtree,64,5,61,1,2,0,0,0,20,3,0,0.899,,1500,,,,,2,,,
ClassicGumtree,64,5,61,1,2,0,0,0,20,3,0,0.999,,1500,,,,,2,,,
ClassicGumtree,64,5,61,1,2,0,0,0,48,3,0,0.1,,1500,,,,,3,,,
ClassicGumtree,64,5,61,1,2,0,0,0,49,3,0,0.2,,1500,,,,,3,,,
ClassicGumtree,64,5,61,1,2,0,0,0,48,3,0,0.3,,1500,,,,,3,,,
ClassicGumtree,64,5,61,1,2,0,0,0,48,3,0,0.4,,1500,,,,,3,,,
ClassicGumtree,64,5,61,1,2,0,0,0,48,3,0,0.5,,1500,,,,,3,,,
ClassicGumtree,64,5,61,1,2,0,0,0,49,3,0,0.6,,1500,,,,,3,,,
ClassicGumtree,64,5,61,1,2,0,0,0,48,3,0,0.7,,1500,,,,,3,,,
ClassicGumtree,64,5,61,1,2,0,0,0,20,3,0,0.799,,1500,,,,,3,,,
ClassicGumtree,64,5,61,1,2,0,0,0,20,3,0,0.899,,1500,,,,,3,,,
ClassicGumtree,64,5,61,1,2,0,0,0,20,3,0,0.999,,1500,,,,,3,,,
ClassicGumtree,64,5,61,1,2,0,0,0,49,3,0,0.1,,1500,,,,,4,,,
ClassicGumtree,64,5,61,1,2,0,0,0,48,3,0,0.2,,1500,,,,,4,,,
ClassicGumtree,64,5,61,1,2,0,0,0,49,3,0,0.3,,1500,,,,,4,,,
ClassicGumtree,64,5,61,1,2,0,0,0,49,3,0,0.4,,1500,,,,,4,,,
ClassicGumtree,64,5,61,1,2,0,0,0,48,3,0,0.5,,1500,,,,,4,,,
ClassicGumtree,64,5,61,1,2,0,0,0,48,3,0,0.6,,1500,,,,,4,,,
ClassicGumtree,64,5,61,1,2,0,0,0,29,3,0,0.7,,1500,,,,,4,,,
ClassicGumtree,64,5,61,1,2,0,0,0,20,3,0,0.799,,1500,,,,,4,,,
ClassicGumtree,64,5,61,1,2,0,0,0,20,3,0,0.899,,1500,,,,,4,,,
ClassicGumtree,64,5,61,1,2,0,0,0,20,3,0,0.999,,1500,,,,,4,,,
ClassicGumtree,64,5,61,1,2,0,0,0,49,3,0,0.1,,1500,,,,,5,,,
ClassicGumtree,64,5,61,1,2,0,0,0,48,3,0,0.2,,1500,,,,,5,,,
ClassicGumtree,64,5,61,1,2,0,0,0,48,3,0,0.3,,1500,,,,,5,,,
ClassicGumtree,64,5,61,1,2,0,0,0,48,3,0,0.4,,1500,,,,,5,,,
ClassicGumtree,64,5,61,1,2,0,0,0,29,3,0,0.5,,1500,,,,,5,,,
ClassicGumtree,64,5,61,1,2,0,0,0,20,3,0,0.6,,1500,,,,,5,,,
ClassicGumtree,64,5,61,1,2,0,0,0,20,3,0,0.7,,1500,,,,,5,,,
ClassicGumtree,64,5,61,1,2,0,0,0,20,3,0,0.799,,1500,,,,,5,,,
ClassicGumtree,64,5,61,1,2,0,0,0,20,3,0,0.899,,1500,,,,,5,,,
ClassicGumtree,64,5,61,1,2,0,0,0,21,3,0,0.999,,1500,,,,,5,,,
ClassicGumtree,64,5,61,1,2,0,0,0,49,3,0,0.1,,1600,,,,,1,,,
ClassicGumtree,64,5,61,1,2,0,0,0,49,3,0,0.2,,1600,,,,,1,,,
ClassicGumtree,64,5,61,1,2,0,0,0,48,3,0,0.3,,1600,,,,,1,,,
ClassicGumtree,64,5,61,1,2,0,0,0,49,3,0,0.4,,1600,,,,,1,,,
ClassicGumtree,64,5,61,1,2,0,0,0,49,3,0,0.5,,1600,,,,,1,,,
ClassicGumtree,64,5,61,1,2,0,0,0,48,3,0,0.6,,1600,,,,,1,,,
ClassicGumtree,64,5,61,1,2,0,0,0,48,3,0,0.7,,1600,,,,,1,,,
ClassicGumtree,64,5,61,1,2,0,0,0,29,3,0,0.799,,1600,,,,,1,,,
ClassicGumtree,64,5,61,1,2,0,0,0,29,3,0,0.899,,1600,,,,,1,,,
ClassicGumtree,64,5,61,1,2,0,0,0,20,3,0,0.999,,1600,,,,,1,,,
ClassicGumtree,64,5,61,1,2,0,0,0,48,3,0,0.1,,1600,,,,,2,,,
ClassicGumtree,64,5,61,1,2,0,0,0,48,3,0,0.2,,1600,,,,,2,,,
ClassicGumtree,64,5,61,1,2,0,0,0,48,3,0,0.3,,1600,,,,,2,,,
ClassicGumtree,64,5,61,1,2,0,0,0,49,3,0,0.4,,1600,,,,,2,,,
ClassicGumtree,64,5,61,1,2,0,0,0,49,3,0,0.5,,1600,,,,,2,,,
ClassicGumtree,64,5,61,1,2,0,0,0,49,3,0,0.6,,1600,,,,,2,,,
ClassicGumtree,64,5,61,1,2,0,0,0,48,3,0,0.7,,1600,,,,,2,,,
ClassicGumtree,64,5,61,1,2,0,0,0,29,3,0,0.799,,1600,,,,,2,,,
ClassicGumtree,64,5,61,1,2,0,0,0,20,3,0,0.899,,1600,,,,,2,,,
ClassicGumtree,64,5,61,1,2,0,0,0,20,3,0,0.999,,1600,,,,,2,,,
ClassicGumtree,64,5,61,1,2,0,0,0,49,3,0,0.1,,1600,,,,,3,,,
ClassicGumtree,64,5,61,1,2,0,0,0,49,3,0,0.2,,1600,,,,,3,,,
ClassicGumtree,64,5,61,1,2,0,0,0,48,3,0,0.3,,1600,,,,,3,,,
ClassicGumtree,64,5,61,1,2,0,0,0,49,3,0,0.4,,1600,,,,,3,,,
ClassicGumtree,64,5,61,1,2,0,0,0,49,3,0,0.5,,1600,,,,,3,,,
ClassicGumtree,64,5,61,1,2,0,0,0,49,3,0,0.6,,1600,,,,,3,,,
ClassicGumtree,64,5,61,1,2,0,0,0,48,3,0,0.7,,1600,,,,,3,,,
ClassicGumtree,64,5,61,1,2,0,0,0,20,3,0,0.799,,1600,,,,,3,,,
ClassicGumtree,64,5,61,1,2,0,0,0,20,3,0,0.899,,1600,,,,,3,,,
ClassicGumtree,64,5,61,1,2,0,0,0,20,3,0,0.999,,1600,,,,,3,,,
ClassicGumtree,64,5,61,1,2,0,0,0,48,3,0,0.1,,1600,,,,,4,,,
ClassicGumtree,64,5,61,1,2,0,0,0,48,3,0,0.2,,1600,,,,,4,,,
ClassicGumtree,64,5,61,1,2,0,0,0,49,3,0,0.3,,1600,,,,,4,,,
ClassicGumtree,64,5,61,1,2,0,0,0,48,3,0,0.4,,1600,,,,,4,,,
ClassicGumtree,64,5,61,1,2,0,0,0,48,3,0,0.5,,1600,,,,,4,,,
ClassicGumtree,64,5,61,1,2,0,0,0,49,3,0,0.6,,1600,,,,,4,,,
ClassicGumtree,64,5,61,1,2,0,0,0,29,3,0,0.7,,1600,,,,,4,,,
ClassicGumtree,64,5,61,1,2,0,0,0,20,3,0,0.799,,1600,,,,,4,,,
ClassicGumtree,64,5,61,1,2,0,0,0,20,3,0,0.899,,1600,,,,,4,,,
ClassicGumtree,64,5,61,1,2,0,0,0,20,3,0,0.999,,1600,,,,,4,,,
ClassicGumtree,64,5,61,1,2,0,0,0,49,3,0,0.1,,1600,,,,,5,,,
ClassicGumtree,64,5,61,1,2,0,0,0,48,3,0,0.2,,1600,,,,,5,,,
ClassicGumtree,64,5,61,1,2,0,0,0,49,3,0,0.3,,1600,,,,,5,,,
ClassicGumtree,64,5,61,1,2,0,0,0,49,3,0,0.4,,1600,,,,,5,,,
ClassicGumtree,64,5,61,1,2,0,0,0,29,3,0,0.5,,1600,,,,,5,,,
ClassicGumtree,64,5,61,1,2,0,0,0,20,3,0,0.6,,1600,,,,,5,,,
ClassicGumtree,64,5,61,1,2,0,0,0,20,3,0,0.7,,1600,,,,,5,,,
ClassicGumtree,64,5,61,1,2,0,0,0,20,3,0,0.799,,1600,,,,,5,,,
ClassicGumtree,64,5,61,1,2,0,0,0,20,3,0,0.899,,1600,,,,,5,,,
ClassicGumtree,64,5,61,1,2,0,0,0,20,3,0,0.999,,1600,,,,,5,,,
ClassicGumtree,64,5,61,1,2,0,0,0,49,3,0,0.1,,1700,,,,,1,,,
ClassicGumtree,64,5,61,1,2,0,0,0,49,3,0,0.2,,1700,,,,,1,,,
ClassicGumtree,64,5,61,1,2,0,0,0,49,3,0,0.3,,1700,,,,,1,,,
ClassicGumtree,64,5,61,1,2,0,0,0,49,3,0,0.4,,1700,,,,,1,,,
ClassicGumtree,64,5,61,1,2,0,0,0,49,3,0,0.5,,1700,,,,,1,,,
ClassicGumtree,64,5,61,1,2,0,0,0,49,3,0,0.6,,1700,,,,,1,,,
ClassicGumtree,64,5,61,1,2,0,0,0,48,3,0,0.7,,1700,,,,,1,,,
ClassicGumtree,64,5,61,1,2,0,0,0,29,3,0,0.799,,1700,,,,,1,,,
ClassicGumtree,64,5,61,1,2,0,0,0,29,3,0,0.899,,1700,,,,,1,,,
ClassicGumtree,64,5,61,1,2,0,0,0,20,3,0,0.999,,1700,,,,,1,,,
ClassicGumtree,64,5,61,1,2,0,0,0,49,3,0,0.1,,1700,,,,,2,,,
ClassicGumtree,64,5,61,1,2,0,0,0,49,3,0,0.2,,1700,,,,,2,,,
ClassicGumtree,64,5,61,1,2,0,0,0,48,3,0,0.3,,1700,,,,,2,,,
ClassicGumtree,64,5,61,1,2,0,0,0,49,3,0,0.4,,1700,,,,,2,,,
ClassicGumtree,64,5,61,1,2,0,0,0,48,3,0,0.5,,1700,,,,,2,,,
ClassicGumtree,64,5,61,1,2,0,0,0,48,3,0,0.6,,1700,,,,,2,,,
ClassicGumtree,64,5,61,1,2,0,0,0,49,3,0,0.7,,1700,,,,,2,,,
ClassicGumtree,64,5,61,1,2,0,0,0,29,3,0,0.799,,1700,,,,,2,,,
ClassicGumtree,64,5,61,1,2,0,0,0,20,3,0,0.899,,1700,,,,,2,,,
ClassicGumtree,64,5,61,1,2,0,0,0,20,3,0,0.999,,1700,,,,,2,,,
ClassicGumtree,64,5,61,1,2,0,0,0,48,3,0,0.1,,1700,,,,,3,,,
ClassicGumtree,64,5,61,1,2,0,0,0,49,3,0,0.2,,1700,,,,,3,,,
ClassicGumtree,64,5,61,1,2,0,0,0,48,3,0,0.3,,1700,,,,,3,,,
ClassicGumtree,64,5,61,1,2,0,0,0,48,3,0,0.4,,1700,,,,,3,,,
ClassicGumtree,64,5,61,1,2,0,0,0,48,3,0,0.5,,1700,,,,,3,,,
ClassicGumtree,64,5,61,1,2,0,0,0,49,3,0,0.6,,1700,,,,,3,,,
ClassicGumtree,64,5,61,1,2,0,0,0,48,3,0,0.7,,1700,,,,,3,,,
ClassicGumtree,64,5,61,1,2,0,0,0,20,3,0,0.799,,1700,,,,,3,,,
ClassicGumtree,64,5,61,1,2,0,0,0,20,3,0,0.899,,1700,,,,,3,,,
ClassicGumtree,64,5,61,1,2,0,0,0,20,3,0,0.999,,1700,,,,,3,,,
ClassicGumtree,64,5,61,1,2,0,0,0,49,3,0,0.1,,1700,,,,,4,,,
ClassicGumtree,64,5,61,1,2,0,0,0,49,3,0,0.2,,1700,,,,,4,,,
ClassicGumtree,64,5,61,1,2,0,0,0,48,3,0,0.3,,1700,,,,,4,,,
ClassicGumtree,64,5,61,1,2,0,0,0,49,3,0,0.4,,1700,,,,,4,,,
ClassicGumtree,64,5,61,1,2,0,0,0,48,3,0,0.5,,1700,,,,,4,,,
ClassicGumtree,64,5,61,1,2,0,0,0,49,3,0,0.6,,1700,,,,,4,,,
ClassicGumtree,64,5,61,1,2,0,0,0,29,3,0,0.7,,1700,,,,,4,,,
ClassicGumtree,64,5,61,1,2,0,0,0,20,3,0,0.799,,1700,,,,,4,,,
ClassicGumtree,64,5,61,1,2,0,0,0,20,3,0,0.899,,1700,,,,,4,,,
ClassicGumtree,64,5,61,1,2,0,0,0,20,3,0,0.999,,1700,,,,,4,,,
ClassicGumtree,64,5,61,1,2,0,0,0,49,3,0,0.1,,1700,,,,,5,,,
ClassicGumtree,64,5,61,1,2,0,0,0,48,3,0,0.2,,1700,,,,,5,,,
ClassicGumtree,64,5,61,1,2,0,0,0,49,3,0,0.3,,1700,,,,,5,,,
ClassicGumtree,64,5,61,1,2,0,0,0,48,3,0,0.4,,1700,,,,,5,,,
ClassicGumtree,64,5,61,1,2,0,0,0,29,3,0,0.5,,1700,,,,,5,,,
ClassicGumtree,64,5,61,1,2,0,0,0,20,3,0,0.6,,1700,,,,,5,,,
ClassicGumtree,64,5,61,1,2,0,0,0,20,3,0,0.7,,1700,,,,,5,,,
ClassicGumtree,64,5,61,1,2,0,0,0,20,3,0,0.799,,1700,,,,,5,,,
ClassicGumtree,64,5,61,1,2,0,0,0,20,3,0,0.899,,1700,,,,,5,,,
ClassicGumtree,64,5,61,1,2,0,0,0,20,3,0,0.999,,1700,,,,,5,,,
ClassicGumtree,64,5,61,1,2,0,0,0,48,3,0,0.1,,1800,,,,,1,,,
ClassicGumtree,64,5,61,1,2,0,0,0,49,3,0,0.2,,1800,,,,,1,,,
ClassicGumtree,64,5,61,1,2,0,0,0,48,3,0,0.3,,1800,,,,,1,,,
ClassicGumtree,64,5,61,1,2,0,0,0,49,3,0,0.4,,1800,,,,,1,,,
ClassicGumtree,64,5,61,1,2,0,0,0,49,3,0,0.5,,1800,,,,,1,,,
ClassicGumtree,64,5,61,1,2,0,0,0,48,3,0,0.6,,1800,,,,,1,,,
ClassicGumtree,64,5,61,1,2,0,0,0,48,3,0,0.7,,1800,,,,,1,,,
ClassicGumtree,64,5,61,1,2,0,0,0,29,3,0,0.799,,1800,,,,,1,,,
ClassicGumtree,64,5,61,1,2,0,0,0,28,3,0,0.899,,1800,,,,,1,,,
ClassicGumtree,64,5,61,1,2,0,0,0,20,3,0,0.999,,1800,,,,,1,,,
ClassicGumtree,64,5,61,1,2,0,0,0,49,3,0,0.1,,1800,,,,,2,,,
ClassicGumtree,64,5,61,1,2,0,0,0,49,3,0,0.2,,1800,,,,,2,,,
ClassicGumtree,64,5,61,1,2,0,0,0,49,3,0,0.3,,1800,,,,,2,,,
ClassicGumtree,64,5,61,1,2,0,0,0,48,3,0,0.4,,1800,,,,,2,,,
ClassicGumtree,64,5,61,1,2,0,0,0,49,3,0,0.5,,1800,,,,,2,,,
ClassicGumtree,64,5,61,1,2,0,0,0,49,3,0,0.6,,1800,,,,,2,,,
ClassicGumtree,64,5,61,1,2,0,0,0,48,3,0,0.7,,1800,,,,,2,,,
ClassicGumtree,64,5,61,1,2,0,0,0,29,3,0,0.799,,1800,,,,,2,,,
ClassicGumtree,64,5,61,1,2,0,0,0,20,3,0,0.899,,1800,,,,,2,,,
ClassicGumtree,64,5,61,1,2,0,0,0,20,3,0,0.999,,1800,,,,,2,,,
ClassicGumtree,64,5,61,1,2,0,0,0,49,3,0,0.1,,1800,,,,,3,,,
ClassicGumtree,64,5,61,1,2,0,0,0,49,3,0,0.2,,1800,,,,,3,,,
ClassicGumtree,64,5,61,1,2,0,0,0,48,3,0,0.3,,1800,,,,,3,,,
ClassicGumtree,64,5,61,1,2,0,0,0,48,3,0,0.4,,1800,,,,,3,,,
ClassicGumtree,64,5,61,1,2,0,0,0,48,3,0,0.5,,1800,,,,,3,,,
ClassicGumtree,64,5,61,1,2,0,0,0,48,3,0,0.6,,1800,,,,,3,,,
ClassicGumtree,64,5,61,1,2,0,0,0,48,3,0,0.7,,1800,,,,,3,,,
ClassicGumtree,64,5,61,1,2,0,0,0,20,3,0,0.799,,1800,,,,,3,,,
ClassicGumtree,64,5,61,1,2,0,0,0,20,3,0,0.899,,1800,,,,,3,,,
ClassicGumtree,64,5,61,1,2,0,0,0,20,3,0,0.999,,1800,,,,,3,,,
ClassicGumtree,64,5,61,1,2,0,0,0,48,3,0,0.1,,1800,,,,,4,,,
ClassicGumtree,64,5,61,1,2,0,0,0,48,3,0,0.2,,1800,,,,,4,,,
ClassicGumtree,64,5,61,1,2,0,0,0,49,3,0,0.3,,1800,,,,,4,,,
ClassicGumtree,64,5,61,1,2,0,0,0,48,3,0,0.4,,1800,,,,,4,,,
ClassicGumtree,64,5,61,1,2,0,0,0,48,3,0,0.5,,1800,,,,,4,,,
ClassicGumtree,64,5,61,1,2,0,0,0,49,3,0,0.6,,1800,,,,,4,,,
ClassicGumtree,64,5,61,1,2,0,0,0,29,3,0,0.7,,1800,,,,,4,,,
ClassicGumtree,64,5,61,1,2,0,0,0,20,3,0,0.799,,1800,,,,,4,,,
ClassicGumtree,64,5,61,1,2,0,0,0,20,3,0,0.899,,1800,,,,,4,,,
ClassicGumtree,64,5,61,1,2,0,0,0,20,3,0,0.999,,1800,,,,,4,,,
ClassicGumtree,64,5,61,1,2,0,0,0,49,3,0,0.1,,1800,,,,,5,,,
ClassicGumtree,64,5,61,1,2,0,0,0,48,3,0,0.2,,1800,,,,,5,,,
ClassicGumtree,64,5,61,1,2,0,0,0,48,3,0,0.3,,1800,,,,,5,,,
ClassicGumtree,64,5,61,1,2,0,0,0,49,3,0,0.4,,1800,,,,,5,,,
ClassicGumtree,64,5,61,1,2,0,0,0,29,3,0,0.5,,1800,,,,,5,,,
ClassicGumtree,64,5,61,1,2,0,0,0,20,3,0,0.6,,1800,,,,,5,,,
ClassicGumtree,64,5,61,1,2,0,0,0,20,3,0,0.7,,1800,,,,,5,,,
ClassicGumtree,64,5,61,1,2,0,0,0,20,3,0,0.799,,1800,,,,,5,,,
ClassicGumtree,64,5,61,1,2,0,0,0,20,3,0,0.899,,1800,,,,,5,,,
ClassicGumtree,64,5,61,1,2,0,0,0,20,3,0,0.999,,1800,,,,,5,,,
ClassicGumtree,64,5,61,1,2,0,0,0,49,3,0,0.1,,1900,,,,,1,,,
ClassicGumtree,64,5,61,1,2,0,0,0,48,3,0,0.2,,1900,,,,,1,,,
ClassicGumtree,64,5,61,1,2,0,0,0,49,3,0,0.3,,1900,,,,,1,,,
ClassicGumtree,64,5,61,1,2,0,0,0,49,3,0,0.4,,1900,,,,,1,,,
ClassicGumtree,64,5,61,1,2,0,0,0,49,3,0,0.5,,1900,,,,,1,,,
ClassicGumtree,64,5,61,1,2,0,0,0,48,3,0,0.6,,1900,,,,,1,,,
ClassicGumtree,64,5,61,1,2,0,0,0,48,3,0,0.7,,1900,,,,,1,,,
ClassicGumtree,64,5,61,1,2,0,0,0,29,3,0,0.799,,1900,,,,,1,,,
ClassicGumtree,64,5,61,1,2,0,0,0,29,3,0,0.899,,1900,,,,,1,,,
ClassicGumtree,64,5,61,1,2,0,0,0,20,3,0,0.999,,1900,,,,,1,,,
ClassicGumtree,64,5,61,1,2,0,0,0,48,3,0,0.1,,1900,,,,,2,,,
ClassicGumtree,64,5,61,1,2,0,0,0,48,3,0,0.2,,1900,,,,,2,,,
ClassicGumtree,64,5,61,1,2,0,0,0,49,3,0,0.3,,1900,,,,,2,,,
ClassicGumtree,64,5,61,1,2,0,0,0,49,3,0,0.4,,1900,,,,,2,,,
ClassicGumtree,64,5,61,1,2,0,0,0,49,3,0,0.5,,1900,,,,,2,,,
ClassicGumtree,64,5,61,1,2,0,0,0,48,3,0,0.6,,1900,,,,,2,,,
ClassicGumtree,64,5,61,1,2,0,0,0,49,3,0,0.7,,1900,,,,,2,,,
ClassicGumtree,64,5,61,1,2,0,0,0,29,3,0,0.799,,1900,,,,,2,,,
ClassicGumtree,64,5,61,1,2,0,0,0,20,3,0,0.899,,1900,,,,,2,,,
ClassicGumtree,64,5,61,1,2,0,0,0,20,3,0,0.999,,1900,,,,,2,,,
ClassicGumtree,64,5,61,1,2,0,0,0,49,3,0,0.1,,1900,,,,,3,,,
ClassicGumtree,64,5,61,1,2,0,0,0,49,3,0,0.2,,1900,,,,,3,,,
ClassicGumtree,64,5,61,1,2,0,0,0,48,3,0,0.3,,1900,,,,,3,,,
ClassicGumtree,64,5,61,1,2,0,0,0,49,3,0,0.4,,1900,,,,,3,,,
ClassicGumtree,64,5,61,1,2,0,0,0,49,3,0,0.5,,1900,,,,,3,,,
ClassicGumtree,64,5,61,1,2,0,0,0,48,3,0,0.6,,1900,,,,,3,,,
ClassicGumtree,64,5,61,1,2,0,0,0,48,3,0,0.7,,1900,,,,,3,,,
ClassicGumtree,64,5,61,1,2,0,0,0,20,3,0,0.799,,1900,,,,,3,,,
ClassicGumtree,64,5,61,1,2,0,0,0,20,3,0,0.899,,1900,,,,,3,,,
ClassicGumtree,64,5,61,1,2,0,0,0,20,3,0,0.999,,1900,,,,,3,,,
ClassicGumtree,64,5,61,1,2,0,0,0,48,3,0,0.1,,1900,,,,,4,,,
ClassicGumtree,64,5,61,1,2,0,0,0,49,3,0,0.2,,1900,,,,,4,,,
ClassicGumtree,64,5,61,1,2,0,0,0,48,3,0,0.3,,1900,,,,,4,,,
ClassicGumtree,64,5,61,1,2,0,0,0,48,3,0,0.4,,1900,,,,,4,,,
ClassicGumtree,64,5,61,1,2,0,0,0,48,3,0,0.5,,1900,,,,,4,,,
ClassicGumtree,64,5,61,1,2,0,0,0,49,3,0,0.6,,1900,,,,,4,,,
ClassicGumtree,64,5,61,1,2,0,0,0,28,3,0,0.7,,1900,,,,,4,,,
ClassicGumtree,64,5,61,1,2,0,0,0,20,3,0,0.799,,1900,,,,,4,,,
ClassicGumtree,64,5,61,1,2,0,0,0,20,3,0,0.899,,1900,,,,,4,,,
ClassicGumtree,64,5,61,1,2,0,0,0,20,3,0,0.999,,1900,,,,,4,,,
ClassicGumtree,64,5,61,1,2,0,0,0,49,3,0,0.1,,1900,,,,,5,,,
ClassicGumtree,64,5,61,1,2,0,0,0,50,3,0,0.2,,1900,,,,,5,,,
ClassicGumtree,64,5,61,1,2,0,0,0,49,3,0,0.3,,1900,,,,,5,,,
ClassicGumtree,64,5,61,1,2,0,0,0,50,3,0,0.4,,1900,,,,,5,,,
ClassicGumtree,64,5,61,1,2,0,0,0,29,3,0,0.5,,1900,,,,,5,,,
ClassicGumtree,64,5,61,1,2,0,0,0,20,3,0,0.6,,1900,,,,,5,,,
ClassicGumtree,64,5,61,1,2,0,0,0,20,3,0,0.7,,1900,,,,,5,,,
ClassicGumtree,64,5,61,1,2,0,0,0,20,3,0,0.799,,1900,,,,,5,,,
ClassicGumtree,64,5,61,1,2,0,0,0,20,3,0,0.899,,1900,,,,,5,,,
ClassicGumtree,64,5,61,1,2,0,0,0,20,3,0,0.999,,1900,,,,,5,,,
ClassicGumtree,64,5,61,1,2,0,0,0,51,3,0,0.1,,2000,,,,,1,,,
ClassicGumtree,64,5,61,1,2,0,0,0,51,3,0,0.2,,2000,,,,,1,,,
ClassicGumtree,64,5,61,1,2,0,0,0,51,3,0,0.3,,2000,,,,,1,,,
ClassicGumtree,64,5,61,1,2,0,0,0,51,3,0,0.4,,2000,,,,,1,,,
ClassicGumtree,64,5,61,1,2,0,0,0,51,3,0,0.5,,2000,,,,,1,,,
ClassicGumtree,64,5,61,1,2,0,0,0,51,3,0,0.6,,2000,,,,,1,,,
ClassicGumtree,64,5,61,1,2,0,0,0,50,3,0,0.7,,2000,,,,,1,,,
ClassicGumtree,64,5,61,1,2,0,0,0,30,3,0,0.799,,2000,,,,,1,,,
ClassicGumtree,64,5,61,1,2,0,0,0,30,3,0,0.899,,2000,,,,,1,,,
ClassicGumtree,64,5,61,1,2,0,0,0,21,3,0,0.999,,2000,,,,,1,,,
ClassicGumtree,64,5,61,1,2,0,0,0,50,3,0,0.1,,2000,,,,,2,,,
ClassicGumtree,64,5,61,1,2,0,0,0,50,3,0,0.2,,2000,,,,,2,,,
ClassicGumtree,64,5,61,1,2,0,0,0,50,3,0,0.3,,2000,,,,,2,,,
ClassicGumtree,64,5,61,1,2,0,0,0,50,3,0,0.4,,2000,,,,,2,,,
ClassicGumtree,64,5,61,1,2,0,0,0,50,3,0,0.5,,2000,,,,,2,,,
ClassicGumtree,64,5,61,1,2,0,0,0,50,3,0,0.6,,2000,,,,,2,,,
ClassicGumtree,64,5,61,1,2,0,0,0,50,3,0,0.7,,2000,,,,,2,,,
ClassicGumtree,64,5,61,1,2,0,0,0,30,3,0,0.799,,2000,,,,,2,,,
ClassicGumtree,64,5,61,1,2,0,0,0,20,3,0,0.899,,2000,,,,,2,,,
ClassicGumtree,64,5,61,1,2,0,0,0,20,3,0,0.999,,2000,,,,,2,,,
ClassicGumtree,64,5,61,1,2,0,0,0,50,3,0,0.1,,2000,,,,,3,,,
ClassicGumtree,64,5,61,1,2,0,0,0,49,3,0,0.2,,2000,,,,,3,,,
ClassicGumtree,64,5,61,1,2,0,0,0,49,3,0,0.3,,2000,,,,,3,,,
ClassicGumtree,64,5,61,1,2,0,0,0,49,3,0,0.4,,2000,,,,,3,,,
ClassicGumtree,64,5,61,1,2,0,0,0,49,3,0,0.5,,2000,,,,,3,,,
ClassicGumtree,64,5,61,1,2,0,0,0,49,3,0,0.6,,2000,,,,,3,,,
ClassicGumtree,64,5,61,1,2,0,0,0,48,3,0,0.7,,2000,,,,,3,,,
ClassicGumtree,64,5,61,1,2,0,0,0,21,3,0,0.799,,2000,,,,,3,,,
ClassicGumtree,64,5,61,1,2,0,0,0,20,3,0,0.899,,2000,,,,,3,,,
ClassicGumtree,64,5,61,1,2,0,0,0,20,3,0,0.999,,2000,,,,,3,,,
ClassicGumtree,64,5,61,1,2,0,0,0,48,3,0,0.1,,2000,,,,,4,,,
ClassicGumtree,64,5,61,1,2,0,0,0,49,3,0,0.2,,2000,,,,,4,,,
ClassicGumtree,64,5,61,1,2,0,0,0,49,3,0,0.3,,2000,,,,,4,,,
ClassicGumtree,64,5,61,1,2,0,0,0,48,3,0,0.4,,2000,,,,,4,,,
ClassicGumtree,64,5,61,1,2,0,0,0,49,3,0,0.5,,2000,,,,,4,,,
ClassicGumtree,64,5,61,1,2,0,0,0,48,3,0,0.6,,2000,,,,,4,,,
ClassicGumtree,64,5,61,1,2,0,0,0,29,3,0,0.7,,2000,,,,,4,,,
ClassicGumtree,64,5,61,1,2,0,0,0,20,3,0,0.799,,2000,,,,,4,,,
ClassicGumtree,64,5,61,1,2,0,0,0,20,3,0,0.899,,2000,,,,,4,,,
ClassicGumtree,64,5,61,1,2,0,0,0,20,3,0,0.999,,2000,,,,,4,,,
ClassicGumtree,64,5,61,1,2,0,0,0,46,3,0,0.1,,2000,,,,,5,,,
ClassicGumtree,64,5,61,1,2,0,0,0,46,3,0,0.2,,2000,,,,,5,,,
ClassicGumtree,64,5,61,1,2,0,0,0,46,3,0,0.3,,2000,,,,,5,,,
ClassicGumtree,64,5,61,1,2,0,0,0,46,3,0,0.4,,2000,,,,,5,,,
ClassicGumtree,64,5,61,1,2,0,0,0,28,3,0,0.5,,2000,,,,,5,,,
ClassicGumtree,64,5,61,1,2,0,0,0,20,3,0,0.6,,2000,,,,,5,,,
ClassicGumtree,64,5,61,1,2,0,0,0,20,3,0,0.7,,2000,,,,,5,,,
ClassicGumtree,64,5,61,1,2,0,0,0,20,3,0,0.799,,2000,,,,,5,,,
ClassicGumtree,64,5,61,1,2,0,0,0,19,3,0,0.899,,2000,,,,,5,,,
ClassicGumtree,64,5,61,1,2,0,0,0,19,3,0,0.999,,2000,,,,,5,,,
CompleteGumtreeMatcher,92,14,71,9,0,12,0,0,1,3,0,0.1,,100,,,,,1,,,
CompleteGumtreeMatcher,92,14,71,9,0,12,0,0,0,3,0,0.2,,100,,,,,1,,,
CompleteGumtreeMatcher,92,14,71,9,0,12,0,0,0,3,0,0.3,,100,,,,,1,,,
CompleteGumtreeMatcher,92,14,71,9,0,12,0,0,0,3,0,0.4,,100,,,,,1,,,
CompleteGumtreeMatcher,92,14,71,9,0,12,0,0,0,3,0,0.5,,100,,,,,1,,,
CompleteGumtreeMatcher,92,14,71,9,0,12,0,0,0,3,0,0.6,,100,,,,,1,,,
CompleteGumtreeMatcher,92,14,71,9,0,12,0,0,0,3,0,0.7,,100,,,,,1,,,
CompleteGumtreeMatcher,92,14,71,9,0,12,0,0,0,3,0,0.799,,100,,,,,1,,,
CompleteGumtreeMatcher,92,14,71,9,0,12,0,0,0,3,0,0.899,,100,,,,,1,,,
CompleteGumtreeMatcher,92,14,71,9,0,12,0,0,1,3,0,0.999,,100,,,,,1,,,
CompleteGumtreeMatcher,108,10,80,20,0,8,0,0,1,3,0,0.1,,100,,,,,2,,,
CompleteGumtreeMatcher,108,10,80,20,0,8,0,0,1,3,0,0.2,,100,,,,,2,,,
CompleteGumtreeMatcher,108,10,80,20,0,8,0,0,1,3,0,0.3,,100,,,,,2,,,
CompleteGumtreeMatcher,108,10,80,20,0,8,0,0,1,3,0,0.4,,100,,,,,2,,,
CompleteGumtreeMatcher,108,10,80,20,0,8,0,0,1,3,0,0.5,,100,,,,,2,,,
CompleteGumtreeMatcher,108,10,80,20,0,8,0,0,1,3,0,0.6,,100,,,,,2,,,
CompleteGumtreeMatcher,108,10,80,20,0,8,0,0,1,3,0,0.7,,100,,,,,2,,,
CompleteGumtreeMatcher,108,10,80,20,0,8,0,0,1,3,0,0.799,,100,,,,,2,,,
CompleteGumtreeMatcher,108,10,80,20,0,8,0,0,0,3,0,0.899,,100,,,,,2,,,
CompleteGumtreeMatcher,108,10,80,20,0,8,0,0,0,3,0,0.999,,100,,,,,2,,,
CompleteGumtreeMatcher,131,7,93,33,0,5,0,0,0,3,0,0.1,,100,,,,,3,,,
CompleteGumtreeMatcher,131,7,93,33,0,5,0,0,0,3,0,0.2,,100,,,,,3,,,
CompleteGumtreeMatcher,131,7,93,33,0,5,0,0,0,3,0,0.3,,100,,,,,3,,,
CompleteGumtreeMatcher,131,7,93,33,0,5,0,0,0,3,0,0.4,,100,,,,,3,,,
CompleteGumtreeMatcher,131,7,93,33,0,5,0,0,0,3,0,0.5,,100,,,,,3,,,
CompleteGumtreeMatcher,131,7,93,33,0,5,0,0,0,3,0,0.6,,100,,,,,3,,,
CompleteGumtreeMatcher,131,7,93,33,0,5,0,0,0,3,0,0.7,,100,,,,,3,,,
CompleteGumtreeMatcher,131,7,93,33,0,5,0,0,0,3,0,0.799,,100,,,,,3,,,
CompleteGumtreeMatcher,131,7,93,33,0,5,0,0,0,3,0,0.899,,100,,,,,3,,,
CompleteGumtreeMatcher,131,7,93,33,0,5,0,0,0,3,0,0.999,,100,,,,,3,,,
CompleteGumtreeMatcher,150,6,103,43,0,4,0,0,0,3,0,0.1,,100,,,,,4,,,
CompleteGumtreeMatcher,150,6,103,43,0,4,0,0,0,3,0,0.2,,100,,,,,4,,,
CompleteGumtreeMatcher,150,6,103,43,0,4,0,0,0,3,0,0.3,,100,,,,,4,,,
CompleteGumtreeMatcher,150,6,103,43,0,4,0,0,0,3,0,0.4,,100,,,,,4,,,
CompleteGumtreeMatcher,150,6,103,43,0,4,0,0,0,3,0,0.5,,100,,,,,4,,,
CompleteGumtreeMatcher,150,6,103,43,0,4,0,0,0,3,0,0.6,,100,,,,,4,,,
CompleteGumtreeMatcher,150,6,103,43,0,4,0,0,0,3,0,0.7,,100,,,,,4,,,
CompleteGumtreeMatcher,150,6,103,43,0,4,0,0,0,3,0,0.799,,100,,,,,4,,,
CompleteGumtreeMatcher,150,6,103,43,0,4,0,0,0,3,0,0.899,,100,,,,,4,,,
CompleteGumtreeMatcher,150,6,103,43,0,4,0,0,1,3,0,0.999,,100,,,,,4,,,
CompleteGumtreeMatcher,219,3,139,79,0,1,0,0,1,3,0,0.1,,100,,,,,5,,,
CompleteGumtreeMatcher,219,3,139,79,0,1,0,0,1,3,0,0.2,,100,,,,,5,,,
CompleteGumtreeMatcher,219,3,139,79,0,1,0,0,1,3,0,0.3,,100,,,,,5,,,
CompleteGumtreeMatcher,219,3,139,79,0,1,0,0,1,3,0,0.4,,100,,,,,5,,,
CompleteGumtreeMatcher,219,3,139,79,0,1,0,0,1,3,0,0.5,,100,,,,,5,,,
CompleteGumtreeMatcher,219,3,139,79,0,1,0,0,1,3,0,0.6,,100,,,,,5,,,
CompleteGumtreeMatcher,219,3,139,79,0,1,0,0,1,3,0,0.7,,100,,,,,5,,,
CompleteGumtreeMatcher,219,3,139,79,0,1,0,0,1,3,0,0.799,,100,,,,,5,,,
CompleteGumtreeMatcher,219,3,139,79,0,1,0,0,1,3,0,0.899,,100,,,,,5,,,
CompleteGumtreeMatcher,219,3,139,79,0,1,0,0,0,3,0,0.999,,100,,,,,5,,,
CompleteGumtreeMatcher,66,6,63,1,2,0,0,0,21,3,0,0.1,,200,,,,,1,,,
CompleteGumtreeMatcher,66,6,63,1,2,0,0,0,21,3,0,0.2,,200,,,,,1,,,
CompleteGumtreeMatcher,66,6,63,1,2,0,0,0,21,3,0,0.3,,200,,,,,1,,,
CompleteGumtreeMatcher,66,6,63,1,2,0,0,0,21,3,0,0.4,,200,,,,,1,,,
CompleteGumtreeMatcher,66,6,63,1,2,0,0,0,21,3,0,0.5,,200,,,,,1,,,
CompleteGumtreeMatcher,66,6,63,1,2,0,0,0,21,3,0,0.6,,200,,,,,1,,,
CompleteGumtreeMatcher,66,6,63,1,2,0,0,0,21,3,0,0.7,,200,,,,,1,,,
CompleteGumtreeMatcher,66,6,63,1,2,0,0,0,21,3,0,0.799,,200,,,,,1,,,
CompleteGumtreeMatcher,66,6,63,1,2,0,0,0,21,3,0,0.899,,200,,,,,1,,,
CompleteGumtreeMatcher,66,6,63,1,2,0,0,0,21,3,0,0.999,,200,,,,,1,,,
CompleteGumtreeMatcher,64,5,61,1,2,0,0,0,21,3,0,0.1,,200,,,,,2,,,
CompleteGumtreeMatcher,64,5,61,1,2,0,0,0,21,3,0,0.2,,200,,,,,2,,,
CompleteGumtreeMatcher,64,5,61,1,2,0,0,0,21,3,0,0.3,,200,,,,,2,,,
CompleteGumtreeMatcher,64,5,61,1,2,0,0,0,21,3,0,0.4,,200,,,,,2,,,
CompleteGumtreeMatcher,64,5,61,1,2,0,0,0,21,3,0,0.5,,200,,,,,2,,,
CompleteGumtreeMatcher,64,5,61,1,2,0,0,0,21,3,0,0.6,,200,,,,,2,,,
CompleteGumtreeMatcher,64,5,61,1,2,0,0,0,21,3,0,0.7,,200,,,,,2,,,
CompleteGumtreeMatcher,64,5,61,1,2,0,0,0,21,3,0,0.799,,200,,,,,2,,,
CompleteGumtreeMatcher,64,5,61,1,2,0,0,0,21,3,0,0.899,,200,,,,,2,,,
CompleteGumtreeMatcher,64,5,61,1,2,0,0,0,21,3,0,0.999,,200,,,,,2,,,
CompleteGumtreeMatcher,64,5,61,1,2,0,0,0,21,3,0,0.1,,200,,,,,3,,,
CompleteGumtreeMatcher,64,5,61,1,2,0,0,0,21,3,0,0.2,,200,,,,,3,,,
CompleteGumtreeMatcher,64,5,61,1,2,0,0,0,21,3,0,0.3,,200,,,,,3,,,
CompleteGumtreeMatcher,64,5,61,1,2,0,0,0,21,3,0,0.4,,200,,,,,3,,,
CompleteGumtreeMatcher,64,5,61,1,2,0,0,0,21,3,0,0.5,,200,,,,,3,,,
CompleteGumtreeMatcher,64,5,61,1,2,0,0,0,21,3,0,0.6,,200,,,,,3,,,
CompleteGumtreeMatcher,64,5,61,1,2,0,0,0,21,3,0,0.7,,200,,,,,3,,,
CompleteGumtreeMatcher,64,5,61,1,2,0,0,0,21,3,0,0.799,,200,,,,,3,,,
CompleteGumtreeMatcher,64,5,61,1,2,0,0,0,21,3,0,0.899,,200,,,,,3,,,
CompleteGumtreeMatcher,64,5,61,1,2,0,0,0,21,3,0,0.999,,200,,,,,3,,,
CompleteGumtreeMatcher,64,5,61,1,2,0,0,0,20,3,0,0.1,,200,,,,,4,,,
CompleteGumtreeMatcher,64,5,61,1,2,0,0,0,20,3,0,0.2,,200,,,,,4,,,
CompleteGumtreeMatcher,64,5,61,1,2,0,0,0,20,3,0,0.3,,200,,,,,4,,,
CompleteGumtreeMatcher,64,5,61,1,2,0,0,0,20,3,0,0.4,,200,,,,,4,,,
CompleteGumtreeMatcher,64,5,61,1,2,0,0,0,20,3,0,0.5,,200,,,,,4,,,
CompleteGumtreeMatcher,64,5,61,1,2,0,0,0,20,3,0,0.6,,200,,,,,4,,,
CompleteGumtreeMatcher,64,5,61,1,2,0,0,0,21,3,0,0.7,,200,,,,,4,,,
CompleteGumtreeMatcher,64,5,61,1,2,0,0,0,21,3,0,0.799,,200,,,,,4,,,
CompleteGumtreeMatcher,64,5,61,1,2,0,0,0,21,3,0,0.899,,200,,,,,4,,,
CompleteGumtreeMatcher,64,5,61,1,2,0,0,0,21,3,0,0.999,,200,,,,,4,,,
CompleteGumtreeMatcher,64,5,61,1,2,0,0,0,20,3,0,0.1,,200,,,,,5,,,
CompleteGumtreeMatcher,64,5,61,1,2,0,0,0,21,3,0,0.2,,200,,,,,5,,,
CompleteGumtreeMatcher,64,5,61,1,2,0,0,0,21,3,0,0.3,,200,,,,,5,,,
CompleteGumtreeMatcher,64,5,61,1,2,0,0,0,21,3,0,0.4,,200,,,,,5,,,
CompleteGumtreeMatcher,64,5,61,1,2,0,0,0,21,3,0,0.5,,200,,,,,5,,,
CompleteGumtreeMatcher,64,5,61,1,2,0,0,0,21,3,0,0.6,,200,,,,,5,,,
CompleteGumtreeMatcher,64,5,61,1,2,0,0,0,20,3,0,0.7,,200,,,,,5,,,
CompleteGumtreeMatcher,64,5,61,1,2,0,0,0,20,3,0,0.799,,200,,,,,5,,,
CompleteGumtreeMatcher,64,5,61,1,2,0,0,0,20,3,0,0.899,,200,,,,,5,,,
CompleteGumtreeMatcher,64,5,61,1,2,0,0,0,20,3,0,0.999,,200,,,,,5,,,
CompleteGumtreeMatcher,66,6,63,1,2,0,0,0,20,3,0,0.1,,300,,,,,1,,,
CompleteGumtreeMatcher,66,6,63,1,2,0,0,0,20,3,0,0.2,,300,,,,,1,,,
CompleteGumtreeMatcher,66,6,63,1,2,0,0,0,20,3,0,0.3,,300,,,,,1,,,
CompleteGumtreeMatcher,66,6,63,1,2,0,0,0,20,3,0,0.4,,300,,,,,1,,,
CompleteGumtreeMatcher,66,6,63,1,2,0,0,0,20,3,0,0.5,,300,,,,,1,,,
CompleteGumtreeMatcher,66,6,63,1,2,0,0,0,20,3,0,0.6,,300,,,,,1,,,
CompleteGumtreeMatcher,66,6,63,1,2,0,0,0,20,3,0,0.7,,300,,,,,1,,,
CompleteGumtreeMatcher,66,6,63,1,2,0,0,0,20,3,0,0.799,,300,,,,,1,,,
CompleteGumtreeMatcher,66,6,63,1,2,0,0,0,20,3,0,0.899,,300,,,,,1,,,
CompleteGumtreeMatcher,66,6,63,1,2,0,0,0,20,3,0,0.999,,300,,,,,1,,,
CompleteGumtreeMatcher,64,5,61,1,2,0,0,0,20,3,0,0.1,,300,,,,,2,,,
CompleteGumtreeMatcher,64,5,61,1,2,0,0,0,20,3,0,0.2,,300,,,,,2,,,
CompleteGumtreeMatcher,64,5,61,1,2,0,0,0,20,3,0,0.3,,300,,,,,2,,,
CompleteGumtreeMatcher,64,5,61,1,2,0,0,0,20,3,0,0.4,,300,,,,,2,,,
CompleteGumtreeMatcher,64,5,61,1,2,0,0,0,20,3,0,0.5,,300,,,,,2,,,
CompleteGumtreeMatcher,64,5,61,1,2,0,0,0,20,3,0,0.6,,300,,,,,2,,,
CompleteGumtreeMatcher,64,5,61,1,2,0,0,0,20,3,0,0.7,,300,,,,,2,,,
CompleteGumtreeMatcher,64,5,61,1,2,0,0,0,20,3,0,0.799,,300,,,,,2,,,
CompleteGumtreeMatcher,64,5,61,1,2,0,0,0,20,3,0,0.899,,300,,,,,2,,,
CompleteGumtreeMatcher,64,5,61,1,2,0,0,0,20,3,0,0.999,,300,,,,,2,,,
CompleteGumtreeMatcher,64,5,61,1,2,0,0,0,20,3,0,0.1,,300,,,,,3,,,
CompleteGumtreeMatcher,64,5,61,1,2,0,0,0,20,3,0,0.2,,300,,,,,3,,,
CompleteGumtreeMatcher,64,5,61,1,2,0,0,0,20,3,0,0.3,,300,,,,,3,,,
CompleteGumtreeMatcher,64,5,61,1,2,0,0,0,20,3,0,0.4,,300,,,,,3,,,
CompleteGumtreeMatcher,64,5,61,1,2,0,0,0,20,3,0,0.5,,300,,,,,3,,,
CompleteGumtreeMatcher,64,5,61,1,2,0,0,0,20,3,0,0.6,,300,,,,,3,,,
CompleteGumtreeMatcher,64,5,61,1,2,0,0,0,20,3,0,0.7,,300,,,,,3,,,
CompleteGumtreeMatcher,64,5,61,1,2,0,0,0,20,3,0,0.799,,300,,,,,3,,,
CompleteGumtreeMatcher,64,5,61,1,2,0,0,0,20,3,0,0.899,,300,,,,,3,,,
CompleteGumtreeMatcher,64,5,61,1,2,0,0,0,20,3,0,0.999,,300,,,,,3,,,
CompleteGumtreeMatcher,64,5,61,1,2,0,0,0,20,3,0,0.1,,300,,,,,4,,,
CompleteGumtreeMatcher,64,5,61,1,2,0,0,0,20,3,0,0.2,,300,,,,,4,,,
CompleteGumtreeMatcher,64,5,61,1,2,0,0,0,20,3,0,0.3,,300,,,,,4,,,
CompleteGumtreeMatcher,64,5,61,1,2,0,0,0,20,3,0,0.4,,300,,,,,4,,,
CompleteGumtreeMatcher,64,5,61,1,2,0,0,0,20,3,0,0.5,,300,,,,,4,,,
CompleteGumtreeMatcher,64,5,61,1,2,0,0,0,20,3,0,0.6,,300,,,,,4,,,
CompleteGumtreeMatcher,64,5,61,1,2,0,0,0,20,3,0,0.7,,300,,,,,4,,,
CompleteGumtreeMatcher,64,5,61,1,2,0,0,0,20,3,0,0.799,,300,,,,,4,,,
CompleteGumtreeMatcher,64,5,61,1,2,0,0,0,20,3,0,0.899,,300,,,,,4,,,
CompleteGumtreeMatcher,64,5,61,1,2,0,0,0,20,3,0,0.999,,300,,,,,4,,,
CompleteGumtreeMatcher,64,5,61,1,2,0,0,0,20,3,0,0.1,,300,,,,,5,,,
CompleteGumtreeMatcher,64,5,61,1,2,0,0,0,20,3,0,0.2,,300,,,,,5,,,
CompleteGumtreeMatcher,64,5,61,1,2,0,0,0,20,3,0,0.3,,300,,,,,5,,,
CompleteGumtreeMatcher,64,5,61,1,2,0,0,0,20,3,0,0.4,,300,,,,,5,,,
CompleteGumtreeMatcher,64,5,61,1,2,0,0,0,20,3,0,0.5,,300,,,,,5,,,
CompleteGumtreeMatcher,64,5,61,1,2,0,0,0,20,3,0,0.6,,300,,,,,5,,,
CompleteGumtreeMatcher,64,5,61,1,2,0,0,0,20,3,0,0.7,,300,,,,,5,,,
CompleteGumtreeMatcher,64,5,61,1,2,0,0,0,20,3,0,0.799,,300,,,,,5,,,
CompleteGumtreeMatcher,64,5,61,1,2,0,0,0,20,3,0,0.899,,300,,,,,5,,,
CompleteGumtreeMatcher,64,5,61,1,2,0,0,0,21,3,0,0.999,,300,,,,,5,,,
CompleteGumtreeMatcher,66,6,63,1,2,0,0,0,20,3,0,0.1,,400,,,,,1,,,
CompleteGumtreeMatcher,66,6,63,1,2,0,0,0,20,3,0,0.2,,400,,,,,1,,,
CompleteGumtreeMatcher,66,6,63,1,2,0,0,0,20,3,0,0.3,,400,,,,,1,,,
CompleteGumtreeMatcher,66,6,63,1,2,0,0,0,20,3,0,0.4,,400,,,,,1,,,
CompleteGumtreeMatcher,66,6,63,1,2,0,0,0,20,3,0,0.5,,400,,,,,1,,,
CompleteGumtreeMatcher,66,6,63,1,2,0,0,0,20,3,0,0.6,,400,,,,,1,,,
CompleteGumtreeMatcher,66,6,63,1,2,0,0,0,20,3,0,0.7,,400,,,,,1,,,
CompleteGumtreeMatcher,66,6,63,1,2,0,0,0,20,3,0,0.799,,400,,,,,1,,,
CompleteGumtreeMatcher,66,6,63,1,2,0,0,0,20,3,0,0.899,,400,,,,,1,,,
CompleteGumtreeMatcher,66,6,63,1,2,0,0,0,20,3,0,0.999,,400,,,,,1,,,
CompleteGumtreeMatcher,64,5,61,1,2,0,0,0,20,3,0,0.1,,400,,,,,2,,,
CompleteGumtreeMatcher,64,5,61,1,2,0,0,0,20,3,0,0.2,,400,,,,,2,,,
CompleteGumtreeMatcher,64,5,61,1,2,0,0,0,20,3,0,0.3,,400,,,,,2,,,
CompleteGumtreeMatcher,64,5,61,1,2,0,0,0,20,3,0,0.4,,400,,,,,2,,,
CompleteGumtreeMatcher,64,5,61,1,2,0,0,0,20,3,0,0.5,,400,,,,,2,,,
CompleteGumtreeMatcher,64,5,61,1,2,0,0,0,20,3,0,0.6,,400,,,,,2,,,
CompleteGumtreeMatcher,64,5,61,1,2,0,0,0,20,3,0,0.7,,400,,,,,2,,,
CompleteGumtreeMatcher,64,5,61,1,2,0,0,0,20,3,0,0.799,,400,,,,,2,,,
CompleteGumtreeMatcher,64,5,61,1,2,0,0,0,20,3,0,0.899,,400,,,,,2,,,
CompleteGumtreeMatcher,64,5,61,1,2,0,0,0,20,3,0,0.999,,400,,,,,2,,,
CompleteGumtreeMatcher,64,5,61,1,2,0,0,0,20,3,0,0.1,,400,,,,,3,,,
CompleteGumtreeMatcher,64,5,61,1,2,0,0,0,20,3,0,0.2,,400,,,,,3,,,
CompleteGumtreeMatcher,64,5,61,1,2,0,0,0,20,3,0,0.3,,400,,,,,3,,,
CompleteGumtreeMatcher,64,5,61,1,2,0,0,0,20,3,0,0.4,,400,,,,,3,,,
CompleteGumtreeMatcher,64,5,61,1,2,0,0,0,20,3,0,0.5,,400,,,,,3,,,
CompleteGumtreeMatcher,64,5,61,1,2,0,0,0,20,3,0,0.6,,400,,,,,3,,,
CompleteGumtreeMatcher,64,5,61,1,2,0,0,0,20,3,0,0.7,,400,,,,,3,,,
CompleteGumtreeMatcher,64,5,61,1,2,0,0,0,20,3,0,0.799,,400,,,,,3,,,
CompleteGumtreeMatcher,64,5,61,1,2,0,0,0,20,3,0,0.899,,400,,,,,3,,,
CompleteGumtreeMatcher,64,5,61,1,2,0,0,0,20,3,0,0.999,,400,,,,,3,,,
CompleteGumtreeMatcher,64,5,61,1,2,0,0,0,20,3,0,0.1,,400,,,,,4,,,
CompleteGumtreeMatcher,64,5,61,1,2,0,0,0,20,3,0,0.2,,400,,,,,4,,,
CompleteGumtreeMatcher,64,5,61,1,2,0,0,0,20,3,0,0.3,,400,,,,,4,,,
CompleteGumtreeMatcher,64,5,61,1,2,0,0,0,20,3,0,0.4,,400,,,,,4,,,
CompleteGumtreeMatcher,64,5,61,1,2,0,0,0,20,3,0,0.5,,400,,,,,4,,,
CompleteGumtreeMatcher,64,5,61,1,2,0,0,0,20,3,0,0.6,,400,,,,,4,,,
CompleteGumtreeMatcher,64,5,61,1,2,0,0,0,20,3,0,0.7,,400,,,,,4,,,
CompleteGumtreeMatcher,64,5,61,1,2,0,0,0,20,3,0,0.799,,400,,,,,4,,,
CompleteGumtreeMatcher,64,5,61,1,2,0,0,0,20,3,0,0.899,,400,,,,,4,,,
CompleteGumtreeMatcher,64,5,61,1,2,0,0,0,20,3,0,0.999,,400,,,,,4,,,
CompleteGumtreeMatcher,64,5,61,1,2,0,0,0,20,3,0,0.1,,400,,,,,5,,,
CompleteGumtreeMatcher,64,5,61,1,2,0,0,0,20,3,0,0.2,,400,,,,,5,,,
CompleteGumtreeMatcher,64,5,61,1,2,0,0,0,20,3,0,0.3,,400,,,,,5,,,
CompleteGumtreeMatcher,64,5,61,1,2,0,0,0,20,3,0,0.4,,400,,,,,5,,,
CompleteGumtreeMatcher,64,5,61,1,2,0,0,0,20,3,0,0.5,,400,,,,,5,,,
CompleteGumtreeMatcher,64,5,61,1,2,0,0,0,20,3,0,0.6,,400,,,,,5,,,
CompleteGumtreeMatcher,64,5,61,1,2,0,0,0,20,3,0,0.7,,400,,,,,5,,,
CompleteGumtreeMatcher,64,5,61,1,2,0,0,0,20,3,0,0.799,,400,,,,,5,,,
CompleteGumtreeMatcher,64,5,61,1,2,0,0,0,20,3,0,0.899,,400,,,,,5,,,
CompleteGumtreeMatcher,64,5,61,1,2,0,0,0,20,3,0,0.999,,400,,,,,5,,,
CompleteGumtreeMatcher,66,6,63,1,2,0,0,0,20,3,0,0.1,,500,,,,,1,,,
CompleteGumtreeMatcher,66,6,63,1,2,0,0,0,20,3,0,0.2,,500,,,,,1,,,
CompleteGumtreeMatcher,66,6,63,1,2,0,0,0,20,3,0,0.3,,500,,,,,1,,,
CompleteGumtreeMatcher,66,6,63,1,2,0,0,0,20,3,0,0.4,,500,,,,,1,,,
CompleteGumtreeMatcher,66,6,63,1,2,0,0,0,20,3,0,0.5,,500,,,,,1,,,
CompleteGumtreeMatcher,66,6,63,1,2,0,0,0,20,3,0,0.6,,500,,,,,1,,,
CompleteGumtreeMatcher,66,6,63,1,2,0,0,0,20,3,0,0.7,,500,,,,,1,,,
CompleteGumtreeMatcher,66,6,63,1,2,0,0,0,20,3,0,0.799,,500,,,,,1,,,
CompleteGumtreeMatcher,66,6,63,1,2,0,0,0,20,3,0,0.899,,500,,,,,1,,,
CompleteGumtreeMatcher,66,6,63,1,2,0,0,0,20,3,0,0.999,,500,,,,,1,,,
CompleteGumtreeMatcher,64,5,61,1,2,0,0,0,20,3,0,0.1,,500,,,,,2,,,
CompleteGumtreeMatcher,64,5,61,1,2,0,0,0,20,3,0,0.2,,500,,,,,2,,,
CompleteGumtreeMatcher,64,5,61,1,2,0,0,0,20,3,0,0.3,,500,,,,,2,,,
CompleteGumtreeMatcher,64,5,61,1,2,0,0,0,20,3,0,0.4,,500,,,,,2,,,
CompleteGumtreeMatcher,64,5,61,1,2,0,0,0,20,3,0,0.5,,500,,,,,2,,,
CompleteGumtreeMatcher,64,5,61,1,2,0,0,0,20,3,0,0.6,,500,,,,,2,,,
CompleteGumtreeMatcher,64,5,61,1,2,0,0,0,20,3,0,0.7,,500,,,,,2,,,
CompleteGumtreeMatcher,64,5,61,1,2,0,0,0,20,3,0,0.799,,500,,,,,2,,,
CompleteGumtreeMatcher,64,5,61,1,2,0,0,0,20,3,0,0.899,,500,,,,,2,,,
CompleteGumtreeMatcher,64,5,61,1,2,0,0,0,20,3,0,0.999,,500,,,,,2,,,
CompleteGumtreeMatcher,64,5,61,1,2,0,0,0,20,3,0,0.1,,500,,,,,3,,,
CompleteGumtreeMatcher,64,5,61,1,2,0,0,0,20,3,0,0.2,,500,,,,,3,,,
CompleteGumtreeMatcher,64,5,61,1,2,0,0,0,20,3,0,0.3,,500,,,,,3,,,
CompleteGumtreeMatcher,64,5,61,1,2,0,0,0,20,3,0,0.4,,500,,,,,3,,,
CompleteGumtreeMatcher,64,5,61,1,2,0,0,0,20,3,0,0.5,,500,,,,,3,,,
CompleteGumtreeMatcher,64,5,61,1,2,0,0,0,20,3,0,0.6,,500,,,,,3,,,
CompleteGumtreeMatcher,64,5,61,1,2,0,0,0,20,3,0,0.7,,500,,,,,3,,,
CompleteGumtreeMatcher,64,5,61,1,2,0,0,0,20,3,0,0.799,,500,,,,,3,,,
CompleteGumtreeMatcher,64,5,61,1,2,0,0,0,20,3,0,0.899,,500,,,,,3,,,
CompleteGumtreeMatcher,64,5,61,1,2,0,0,0,20,3,0,0.999,,500,,,,,3,,,
CompleteGumtreeMatcher,64,5,61,1,2,0,0,0,20,3,0,0.1,,500,,,,,4,,,
CompleteGumtreeMatcher,64,5,61,1,2,0,0,0,20,3,0,0.2,,500,,,,,4,,,
CompleteGumtreeMatcher,64,5,61,1,2,0,0,0,20,3,0,0.3,,500,,,,,4,,,
CompleteGumtreeMatcher,64,5,61,1,2,0,0,0,20,3,0,0.4,,500,,,,,4,,,
CompleteGumtreeMatcher,64,5,61,1,2,0,0,0,20,3,0,0.5,,500,,,,,4,,,
CompleteGumtreeMatcher,64,5,61,1,2,0,0,0,20,3,0,0.6,,500,,,,,4,,,
CompleteGumtreeMatcher,64,5,61,1,2,0,0,0,20,3,0,0.7,,500,,,,,4,,,
CompleteGumtreeMatcher,64,5,61,1,2,0,0,0,20,3,0,0.799,,500,,,,,4,,,
CompleteGumtreeMatcher,64,5,61,1,2,0,0,0,20,3,0,0.899,,500,,,,,4,,,
CompleteGumtreeMatcher,64,5,61,1,2,0,0,0,20,3,0,0.999,,500,,,,,4,,,
CompleteGumtreeMatcher,64,5,61,1,2,0,0,0,20,3,0,0.1,,500,,,,,5,,,
CompleteGumtreeMatcher,64,5,61,1,2,0,0,0,20,3,0,0.2,,500,,,,,5,,,
CompleteGumtreeMatcher,64,5,61,1,2,0,0,0,20,3,0,0.3,,500,,,,,5,,,
CompleteGumtreeMatcher,64,5,61,1,2,0,0,0,20,3,0,0.4,,500,,,,,5,,,
CompleteGumtreeMatcher,64,5,61,1,2,0,0,0,20,3,0,0.5,,500,,,,,5,,,
CompleteGumtreeMatcher,64,5,61,1,2,0,0,0,20,3,0,0.6,,500,,,,,5,,,
CompleteGumtreeMatcher,64,5,61,1,2,0,0,0,20,3,0,0.7,,500,,,,,5,,,
CompleteGumtreeMatcher,64,5,61,1,2,0,0,0,20,3,0,0.799,,500,,,,,5,,,
CompleteGumtreeMatcher,64,5,61,1,2,0,0,0,20,3,0,0.899,,500,,,,,5,,,
CompleteGumtreeMatcher,64,5,61,1,2,0,0,0,20,3,0,0.999,,500,,,,,5,,,
CompleteGumtreeMatcher,66,6,63,1,2,0,0,0,20,3,0,0.1,,600,,,,,1,,,
CompleteGumtreeMatcher,66,6,63,1,2,0,0,0,20,3,0,0.2,,600,,,,,1,,,
CompleteGumtreeMatcher,66,6,63,1,2,0,0,0,20,3,0,0.3,,600,,,,,1,,,
CompleteGumtreeMatcher,66,6,63,1,2,0,0,0,20,3,0,0.4,,600,,,,,1,,,
CompleteGumtreeMatcher,66,6,63,1,2,0,0,0,20,3,0,0.5,,600,,,,,1,,,
CompleteGumtreeMatcher,66,6,63,1,2,0,0,0,20,3,0,0.6,,600,,,,,1,,,
CompleteGumtreeMatcher,66,6,63,1,2,0,0,0,20,3,0,0.7,,600,,,,,1,,,
CompleteGumtreeMatcher,66,6,63,1,2,0,0,0,20,3,0,0.799,,600,,,,,1,,,
CompleteGumtreeMatcher,66,6,63,1,2,0,0,0,20,3,0,0.899,,600,,,,,1,,,
CompleteGumtreeMatcher,66,6,63,1,2,0,0,0,20,3,0,0.999,,600,,,,,1,,,
CompleteGumtreeMatcher,64,5,61,1,2,0,0,0,20,3,0,0.1,,600,,,,,2,,,
CompleteGumtreeMatcher,64,5,61,1,2,0,0,0,20,3,0,0.2,,600,,,,,2,,,
CompleteGumtreeMatcher,64,5,61,1,2,0,0,0,20,3,0,0.3,,600,,,,,2,,,
CompleteGumtreeMatcher,64,5,61,1,2,0,0,0,20,3,0,0.4,,600,,,,,2,,,
CompleteGumtreeMatcher,64,5,61,1,2,0,0,0,20,3,0,0.5,,600,,,,,2,,,
CompleteGumtreeMatcher,64,5,61,1,2,0,0,0,20,3,0,0.6,,600,,,,,2,,,
CompleteGumtreeMatcher,64,5,61,1,2,0,0,0,20,3,0,0.7,,600,,,,,2,,,
CompleteGumtreeMatcher,64,5,61,1,2,0,0,0,20,3,0,0.799,,600,,,,,2,,,
CompleteGumtreeMatcher,64,5,61,1,2,0,0,0,20,3,0,0.899,,600,,,,,2,,,
CompleteGumtreeMatcher,64,5,61,1,2,0,0,0,20,3,0,0.999,,600,,,,,2,,,
CompleteGumtreeMatcher,64,5,61,1,2,0,0,0,20,3,0,0.1,,600,,,,,3,,,
CompleteGumtreeMatcher,64,5,61,1,2,0,0,0,20,3,0,0.2,,600,,,,,3,,,
CompleteGumtreeMatcher,64,5,61,1,2,0,0,0,20,3,0,0.3,,600,,,,,3,,,
CompleteGumtreeMatcher,64,5,61,1,2,0,0,0,20,3,0,0.4,,600,,,,,3,,,
CompleteGumtreeMatcher,64,5,61,1,2,0,0,0,20,3,0,0.5,,600,,,,,3,,,
CompleteGumtreeMatcher,64,5,61,1,2,0,0,0,20,3,0,0.6,,600,,,,,3,,,
CompleteGumtreeMatcher,64,5,61,1,2,0,0,0,20,3,0,0.7,,600,,,,,3,,,
CompleteGumtreeMatcher,64,5,61,1,2,0,0,0,20,3,0,0.799,,600,,,,,3,,,
CompleteGumtreeMatcher,64,5,61,1,2,0,0,0,20,3,0,0.899,,600,,,,,3,,,
CompleteGumtreeMatcher,64,5,61,1,2,0,0,0,20,3,0,0.999,,600,,,,,3,,,
CompleteGumtreeMatcher,64,5,61,1,2,0,0,0,20,3,0,0.1,,600,,,,,4,,,
CompleteGumtreeMatcher,64,5,61,1,2,0,0,0,20,3,0,0.2,,600,,,,,4,,,
CompleteGumtreeMatcher,64,5,61,1,2,0,0,0,20,3,0,0.3,,600,,,,,4,,,
CompleteGumtreeMatcher,64,5,61,1,2,0,0,0,20,3,0,0.4,,600,,,,,4,,,
CompleteGumtreeMatcher,64,5,61,1,2,0,0,0,20,3,0,0.5,,600,,,,,4,,,
CompleteGumtreeMatcher,64,5,61,1,2,0,0,0,20,3,0,0.6,,600,,,,,4,,,
CompleteGumtreeMatcher,64,5,61,1,2,0,0,0,20,3,0,0.7,,600,,,,,4,,,
CompleteGumtreeMatcher,64,5,61,1,2,0,0,0,20,3,0,0.799,,600,,,,,4,,,
CompleteGumtreeMatcher,64,5,61,1,2,0,0,0,20,3,0,0.899,,600,,,,,4,,,
CompleteGumtreeMatcher,64,5,61,1,2,0,0,0,20,3,0,0.999,,600,,,,,4,,,
CompleteGumtreeMatcher,64,5,61,1,2,0,0,0,20,3,0,0.1,,600,,,,,5,,,
CompleteGumtreeMatcher,64,5,61,1,2,0,0,0,20,3,0,0.2,,600,,,,,5,,,
CompleteGumtreeMatcher,64,5,61,1,2,0,0,0,20,3,0,0.3,,600,,,,,5,,,
CompleteGumtreeMatcher,64,5,61,1,2,0,0,0,20,3,0,0.4,,600,,,,,5,,,
CompleteGumtreeMatcher,64,5,61,1,2,0,0,0,20,3,0,0.5,,600,,,,,5,,,
CompleteGumtreeMatcher,64,5,61,1,2,0,0,0,20,3,0,0.6,,600,,,,,5,,,
CompleteGumtreeMatcher,64,5,61,1,2,0,0,0,20,3,0,0.7,,600,,,,,5,,,
CompleteGumtreeMatcher,64,5,61,1,2,0,0,0,20,3,0,0.799,,600,,,,,5,,,
CompleteGumtreeMatcher,64,5,61,1,2,0,0,0,20,3,0,0.899,,600,,,,,5,,,
CompleteGumtreeMatcher,64,5,61,1,2,0,0,0,20,3,0,0.999,,600,,,,,5,,,
CompleteGumtreeMatcher,66,6,63,1,2,0,0,0,20,3,0,0.1,,700,,,,,1,,,
CompleteGumtreeMatcher,66,6,63,1,2,0,0,0,20,3,0,0.2,,700,,,,,1,,,
CompleteGumtreeMatcher,66,6,63,1,2,0,0,0,20,3,0,0.3,,700,,,,,1,,,
CompleteGumtreeMatcher,66,6,63,1,2,0,0,0,20,3,0,0.4,,700,,,,,1,,,
CompleteGumtreeMatcher,66,6,63,1,2,0,0,0,20,3,0,0.5,,700,,,,,1,,,
CompleteGumtreeMatcher,66,6,63,1,2,0,0,0,20,3,0,0.6,,700,,,,,1,,,
CompleteGumtreeMatcher,66,6,63,1,2,0,0,0,20,3,0,0.7,,700,,,,,1,,,
CompleteGumtreeMatcher,66,6,63,1,2,0,0,0,20,3,0,0.799,,700,,,,,1,,,
CompleteGumtreeMatcher,66,6,63,1,2,0,0,0,20,3,0,0.899,,700,,,,,1,,,
CompleteGumtreeMatcher,66,6,63,1,2,0,0,0,20,3,0,0.999,,700,,,,,1,,,
CompleteGumtreeMatcher,64,5,61,1,2,0,0,0,20,3,0,0.1,,700,,,,,2,,,
CompleteGumtreeMatcher,64,5,61,1,2,0,0,0,20,3,0,0.2,,700,,,,,2,,,
CompleteGumtreeMatcher,64,5,61,1,2,0,0,0,20,3,0,0.3,,700,,,,,2,,,
CompleteGumtreeMatcher,64,5,61,1,2,0,0,0,20,3,0,0.4,,700,,,,,2,,,
CompleteGumtreeMatcher,64,5,61,1,2,0,0,0,20,3,0,0.5,,700,,,,,2,,,
CompleteGumtreeMatcher,64,5,61,1,2,0,0,0,20,3,0,0.6,,700,,,,,2,,,
CompleteGumtreeMatcher,64,5,61,1,2,0,0,0,20,3,0,0.7,,700,,,,,2,,,
CompleteGumtreeMatcher,64,5,61,1,2,0,0,0,20,3,0,0.799,,700,,,,,2,,,
CompleteGumtreeMatcher,64,5,61,1,2,0,0,0,20,3,0,0.899,,700,,,,,2,,,
CompleteGumtreeMatcher,64,5,61,1,2,0,0,0,21,3,0,0.999,,700,,,,,2,,,
CompleteGumtreeMatcher,64,5,61,1,2,0,0,0,20,3,0,0.1,,700,,,,,3,,,
CompleteGumtreeMatcher,64,5,61,1,2,0,0,0,20,3,0,0.2,,700,,,,,3,,,
CompleteGumtreeMatcher,64,5,61,1,2,0,0,0,20,3,0,0.3,,700,,,,,3,,,
CompleteGumtreeMatcher,64,5,61,1,2,0,0,0,20,3,0,0.4,,700,,,,,3,,,
CompleteGumtreeMatcher,64,5,61,1,2,0,0,0,20,3,0,0.5,,700,,,,,3,,,
CompleteGumtreeMatcher,64,5,61,1,2,0,0,0,20,3,0,0.6,,700,,,,,3,,,
CompleteGumtreeMatcher,64,5,61,1,2,0,0,0,20,3,0,0.7,,700,,,,,3,,,
CompleteGumtreeMatcher,64,5,61,1,2,0,0,0,20,3,0,0.799,,700,,,,,3,,,
CompleteGumtreeMatcher,64,5,61,1,2,0,0,0,20,3,0,0.899,,700,,,,,3,,,
CompleteGumtreeMatcher,64,5,61,1,2,0,0,0,20,3,0,0.999,,700,,,,,3,,,
CompleteGumtreeMatcher,64,5,61,1,2,0,0,0,20,3,0,0.1,,700,,,,,4,,,
CompleteGumtreeMatcher,64,5,61,1,2,0,0,0,20,3,0,0.2,,700,,,,,4,,,
CompleteGumtreeMatcher,64,5,61,1,2,0,0,0,20,3,0,0.3,,700,,,,,4,,,
CompleteGumtreeMatcher,64,5,61,1,2,0,0,0,20,3,0,0.4,,700,,,,,4,,,
CompleteGumtreeMatcher,64,5,61,1,2,0,0,0,20,3,0,0.5,,700,,,,,4,,,
CompleteGumtreeMatcher,64,5,61,1,2,0,0,0,20,3,0,0.6,,700,,,,,4,,,
CompleteGumtreeMatcher,64,5,61,1,2,0,0,0,20,3,0,0.7,,700,,,,,4,,,
CompleteGumtreeMatcher,64,5,61,1,2,0,0,0,20,3,0,0.799,,700,,,,,4,,,
CompleteGumtreeMatcher,64,5,61,1,2,0,0,0,20,3,0,0.899,,700,,,,,4,,,
CompleteGumtreeMatcher,64,5,61,1,2,0,0,0,20,3,0,0.999,,700,,,,,4,,,
CompleteGumtreeMatcher,64,5,61,1,2,0,0,0,20,3,0,0.1,,700,,,,,5,,,
CompleteGumtreeMatcher,64,5,61,1,2,0,0,0,20,3,0,0.2,,700,,,,,5,,,
CompleteGumtreeMatcher,64,5,61,1,2,0,0,0,20,3,0,0.3,,700,,,,,5,,,
CompleteGumtreeMatcher,64,5,61,1,2,0,0,0,20,3,0,0.4,,700,,,,,5,,,
CompleteGumtreeMatcher,64,5,61,1,2,0,0,0,20,3,0,0.5,,700,,,,,5,,,
CompleteGumtreeMatcher,64,5,61,1,2,0,0,0,20,3,0,0.6,,700,,,,,5,,,
CompleteGumtreeMatcher,64,5,61,1,2,0,0,0,20,3,0,0.7,,700,,,,,5,,,
CompleteGumtreeMatcher,64,5,61,1,2,0,0,0,20,3,0,0.799,,700,,,,,5,,,
CompleteGumtreeMatcher,64,5,61,1,2,0,0,0,20,3,0,0.899,,700,,,,,5,,,
CompleteGumtreeMatcher,64,5,61,1,2,0,0,0,20,3,0,0.999,,700,,,,,5,,,
CompleteGumtreeMatcher,66,6,63,1,2,0,0,0,20,3,0,0.1,,800,,,,,1,,,
CompleteGumtreeMatcher,66,6,63,1,2,0,0,0,20,3,0,0.2,,800,,,,,1,,,
CompleteGumtreeMatcher,66,6,63,1,2,0,0,0,20,3,0,0.3,,800,,,,,1,,,
CompleteGumtreeMatcher,66,6,63,1,2,0,0,0,20,3,0,0.4,,800,,,,,1,,,
CompleteGumtreeMatcher,66,6,63,1,2,0,0,0,20,3,0,0.5,,800,,,,,1,,,
CompleteGumtreeMatcher,66,6,63,1,2,0,0,0,20,3,0,0.6,,800,,,,,1,,,
CompleteGumtreeMatcher,66,6,63,1,2,0,0,0,20,3,0,0.7,,800,,,,,1,,,
CompleteGumtreeMatcher,66,6,63,1,2,0,0,0,20,3,0,0.799,,800,,,,,1,,,
CompleteGumtreeMatcher,66,6,63,1,2,0,0,0,21,3,0,0.899,,800,,,,,1,,,
CompleteGumtreeMatcher,66,6,63,1,2,0,0,0,20,3,0,0.999,,800,,,,,1,,,
CompleteGumtreeMatcher,64,5,61,1,2,0,0,0,20,3,0,0.1,,800,,,,,2,,,
CompleteGumtreeMatcher,64,5,61,1,2,0,0,0,20,3,0,0.2,,800,,,,,2,,,
CompleteGumtreeMatcher,64,5,61,1,2,0,0,0,20,3,0,0.3,,800,,,,,2,,,
CompleteGumtreeMatcher,64,5,61,1,2,0,0,0,20,3,0,0.4,,800,,,,,2,,,
CompleteGumtreeMatcher,64,5,61,1,2,0,0,0,20,3,0,0.5,,800,,,,,2,,,
CompleteGumtreeMatcher,64,5,61,1,2,0,0,0,20,3,0,0.6,,800,,,,,2,,,
CompleteGumtreeMatcher,64,5,61,1,2,0,0,0,20,3,0,0.7,,800,,,,,2,,,
CompleteGumtreeMatcher,64,5,61,1,2,0,0,0,20,3,0,0.799,,800,,,,,2,,,
CompleteGumtreeMatcher,64,5,61,1,2,0,0,0,20,3,0,0.899,,800,,,,,2,,,
CompleteGumtreeMatcher,64,5,61,1,2,0,0,0,20,3,0,0.999,,800,,,,,2,,,
CompleteGumtreeMatcher,64,5,61,1,2,0,0,0,20,3,0,0.1,,800,,,,,3,,,
CompleteGumtreeMatcher,64,5,61,1,2,0,0,0,20,3,0,0.2,,800,,,,,3,,,
CompleteGumtreeMatcher,64,5,61,1,2,0,0,0,20,3,0,0.3,,800,,,,,3,,,
CompleteGumtreeMatcher,64,5,61,1,2,0,0,0,20,3,0,0.4,,800,,,,,3,,,
CompleteGumtreeMatcher,64,5,61,1,2,0,0,0,20,3,0,0.5,,800,,,,,3,,,
CompleteGumtreeMatcher,64,5,61,1,2,0,0,0,20,3,0,0.6,,800,,,,,3,,,
CompleteGumtreeMatcher,64,5,61,1,2,0,0,0,20,3,0,0.7,,800,,,,,3,,,
CompleteGumtreeMatcher,64,5,61,1,2,0,0,0,20,3,0,0.799,,800,,,,,3,,,
CompleteGumtreeMatcher,64,5,61,1,2,0,0,0,20,3,0,0.899,,800,,,,,3,,,
CompleteGumtreeMatcher,64,5,61,1,2,0,0,0,20,3,0,0.999,,800,,,,,3,,,
CompleteGumtreeMatcher,64,5,61,1,2,0,0,0,20,3,0,0.1,,800,,,,,4,,,
CompleteGumtreeMatcher,64,5,61,1,2,0,0,0,20,3,0,0.2,,800,,,,,4,,,
CompleteGumtreeMatcher,64,5,61,1,2,0,0,0,20,3,0,0.3,,800,,,,,4,,,
CompleteGumtreeMatcher,64,5,61,1,2,0,0,0,20,3,0,0.4,,800,,,,,4,,,
CompleteGumtreeMatcher,64,5,61,1,2,0,0,0,20,3,0,0.5,,800,,,,,4,,,
CompleteGumtreeMatcher,64,5,61,1,2,0,0,0,20,3,0,0.6,,800,,,,,4,,,
CompleteGumtreeMatcher,64,5,61,1,2,0,0,0,20,3,0,0.7,,800,,,,,4,,,
CompleteGumtreeMatcher,64,5,61,1,2,0,0,0,20,3,0,0.799,,800,,,,,4,,,
CompleteGumtreeMatcher,64,5,61,1,2,0,0,0,20,3,0,0.899,,800,,,,,4,,,
CompleteGumtreeMatcher,64,5,61,1,2,0,0,0,20,3,0,0.999,,800,,,,,4,,,
CompleteGumtreeMatcher,64,5,61,1,2,0,0,0,20,3,0,0.1,,800,,,,,5,,,
CompleteGumtreeMatcher,64,5,61,1,2,0,0,0,20,3,0,0.2,,800,,,,,5,,,
CompleteGumtreeMatcher,64,5,61,1,2,0,0,0,20,3,0,0.3,,800,,,,,5,,,
CompleteGumtreeMatcher,64,5,61,1,2,0,0,0,20,3,0,0.4,,800,,,,,5,,,
CompleteGumtreeMatcher,64,5,61,1,2,0,0,0,20,3,0,0.5,,800,,,,,5,,,
CompleteGumtreeMatcher,64,5,61,1,2,0,0,0,20,3,0,0.6,,800,,,,,5,,,
CompleteGumtreeMatcher,64,5,61,1,2,0,0,0,20,3,0,0.7,,800,,,,,5,,,
CompleteGumtreeMatcher,64,5,61,1,2,0,0,0,20,3,0,0.799,,800,,,,,5,,,
CompleteGumtreeMatcher,64,5,61,1,2,0,0,0,20,3,0,0.899,,800,,,,,5,,,
CompleteGumtreeMatcher,64,5,61,1,2,0,0,0,20,3,0,0.999,,800,,,,,5,,,
CompleteGumtreeMatcher,66,6,63,1,2,0,0,0,20,3,0,0.1,,900,,,,,1,,,
CompleteGumtreeMatcher,66,6,63,1,2,0,0,0,20,3,0,0.2,,900,,,,,1,,,
CompleteGumtreeMatcher,66,6,63,1,2,0,0,0,20,3,0,0.3,,900,,,,,1,,,
CompleteGumtreeMatcher,66,6,63,1,2,0,0,0,20,3,0,0.4,,900,,,,,1,,,
CompleteGumtreeMatcher,66,6,63,1,2,0,0,0,20,3,0,0.5,,900,,,,,1,,,
CompleteGumtreeMatcher,66,6,63,1,2,0,0,0,20,3,0,0.6,,900,,,,,1,,,
CompleteGumtreeMatcher,66,6,63,1,2,0,0,0,20,3,0,0.7,,900,,,,,1,,,
CompleteGumtreeMatcher,66,6,63,1,2,0,0,0,20,3,0,0.799,,900,,,,,1,,,
CompleteGumtreeMatcher,66,6,63,1,2,0,0,0,20,3,0,0.899,,900,,,,,1,,,
CompleteGumtreeMatcher,66,6,63,1,2,0,0,0,20,3,0,0.999,,900,,,,,1,,,
CompleteGumtreeMatcher,64,5,61,1,2,0,0,0,20,3,0,0.1,,900,,,,,2,,,
CompleteGumtreeMatcher,64,5,61,1,2,0,0,0,20,3,0,0.2,,900,,,,,2,,,
CompleteGumtreeMatcher,64,5,61,1,2,0,0,0,20,3,0,0.3,,900,,,,,2,,,
CompleteGumtreeMatcher,64,5,61,1,2,0,0,0,20,3,0,0.4,,900,,,,,2,,,
CompleteGumtreeMatcher,64,5,61,1,2,0,0,0,20,3,0,0.5,,900,,,,,2,,,
CompleteGumtreeMatcher,64,5,61,1,2,0,0,0,20,3,0,0.6,,900,,,,,2,,,
CompleteGumtreeMatcher,64,5,61,1,2,0,0,0,20,3,0,0.7,,900,,,,,2,,,
CompleteGumtreeMatcher,64,5,61,1,2,0,0,0,20,3,0,0.799,,900,,,,,2,,,
CompleteGumtreeMatcher,64,5,61,1,2,0,0,0,20,3,0,0.899,,900,,,,,2,,,
CompleteGumtreeMatcher,64,5,61,1,2,0,0,0,20,3,0,0.999,,900,,,,,2,,,
CompleteGumtreeMatcher,64,5,61,1,2,0,0,0,20,3,0,0.1,,900,,,,,3,,,
CompleteGumtreeMatcher,64,5,61,1,2,0,0,0,20,3,0,0.2,,900,,,,,3,,,
CompleteGumtreeMatcher,64,5,61,1,2,0,0,0,20,3,0,0.3,,900,,,,,3,,,
CompleteGumtreeMatcher,64,5,61,1,2,0,0,0,20,3,0,0.4,,900,,,,,3,,,
CompleteGumtreeMatcher,64,5,61,1,2,0,0,0,20,3,0,0.5,,900,,,,,3,,,
CompleteGumtreeMatcher,64,5,61,1,2,0,0,0,20,3,0,0.6,,900,,,,,3,,,
CompleteGumtreeMatcher,64,5,61,1,2,0,0,0,20,3,0,0.7,,900,,,,,3,,,
CompleteGumtreeMatcher,64,5,61,1,2,0,0,0,20,3,0,0.799,,900,,,,,3,,,
CompleteGumtreeMatcher,64,5,61,1,2,0,0,0,20,3,0,0.899,,900,,,,,3,,,
CompleteGumtreeMatcher,64,5,61,1,2,0,0,0,20,3,0,0.999,,900,,,,,3,,,
CompleteGumtreeMatcher,64,5,61,1,2,0,0,0,20,3,0,0.1,,900,,,,,4,,,
CompleteGumtreeMatcher,64,5,61,1,2,0,0,0,20,3,0,0.2,,900,,,,,4,,,
CompleteGumtreeMatcher,64,5,61,1,2,0,0,0,20,3,0,0.3,,900,,,,,4,,,
CompleteGumtreeMatcher,64,5,61,1,2,0,0,0,20,3,0,0.4,,900,,,,,4,,,
CompleteGumtreeMatcher,64,5,61,1,2,0,0,0,20,3,0,0.5,,900,,,,,4,,,
CompleteGumtreeMatcher,64,5,61,1,2,0,0,0,20,3,0,0.6,,900,,,,,4,,,
CompleteGumtreeMatcher,64,5,61,1,2,0,0,0,20,3,0,0.7,,900,,,,,4,,,
CompleteGumtreeMatcher,64,5,61,1,2,0,0,0,20,3,0,0.799,,900,,,,,4,,,
CompleteGumtreeMatcher,64,5,61,1,2,0,0,0,20,3,0,0.899,,900,,,,,4,,,
CompleteGumtreeMatcher,64,5,61,1,2,0,0,0,20,3,0,0.999,,900,,,,,4,,,
CompleteGumtreeMatcher,64,5,61,1,2,0,0,0,20,3,0,0.1,,900,,,,,5,,,
CompleteGumtreeMatcher,64,5,61,1,2,0,0,0,20,3,0,0.2,,900,,,,,5,,,
CompleteGumtreeMatcher,64,5,61,1,2,0,0,0,20,3,0,0.3,,900,,,,,5,,,
CompleteGumtreeMatcher,64,5,61,1,2,0,0,0,20,3,0,0.4,,900,,,,,5,,,
CompleteGumtreeMatcher,64,5,61,1,2,0,0,0,20,3,0,0.5,,900,,,,,5,,,
CompleteGumtreeMatcher,64,5,61,1,2,0,0,0,20,3,0,0.6,,900,,,,,5,,,
CompleteGumtreeMatcher,64,5,61,1,2,0,0,0,20,3,0,0.7,,900,,,,,5,,,
CompleteGumtreeMatcher,64,5,61,1,2,0,0,0,20,3,0,0.799,,900,,,,,5,,,
CompleteGumtreeMatcher,64,5,61,1,2,0,0,0,20,3,0,0.899,,900,,,,,5,,,
CompleteGumtreeMatcher,64,5,61,1,2,0,0,0,20,3,0,0.999,,900,,,,,5,,,
CompleteGumtreeMatcher,66,6,63,1,2,0,0,0,20,3,0,0.1,,1000,,,,,1,,,
CompleteGumtreeMatcher,66,6,63,1,2,0,0,0,20,3,0,0.2,,1000,,,,,1,,,
CompleteGumtreeMatcher,66,6,63,1,2,0,0,0,20,3,0,0.3,,1000,,,,,1,,,
CompleteGumtreeMatcher,66,6,63,1,2,0,0,0,20,3,0,0.4,,1000,,,,,1,,,
CompleteGumtreeMatcher,66,6,63,1,2,0,0,0,20,3,0,0.5,,1000,,,,,1,,,
CompleteGumtreeMatcher,66,6,63,1,2,0,0,0,20,3,0,0.6,,1000,,,,,1,,,
CompleteGumtreeMatcher,66,6,63,1,2,0,0,0,20,3,0,0.7,,1000,,,,,1,,,
CompleteGumtreeMatcher,66,6,63,1,2,0,0,0,20,3,0,0.799,,1000,,,,,1,,,
CompleteGumtreeMatcher,66,6,63,1,2,0,0,0,20,3,0,0.899,,1000,,,,,1,,,
CompleteGumtreeMatcher,66,6,63,1,2,0,0,0,20,3,0,0.999,,1000,,,,,1,,,
CompleteGumtreeMatcher,64,5,61,1,2,0,0,0,20,3,0,0.1,,1000,,,,,2,,,
CompleteGumtreeMatcher,64,5,61,1,2,0,0,0,20,3,0,0.2,,1000,,,,,2,,,
CompleteGumtreeMatcher,64,5,61,1,2,0,0,0,20,3,0,0.3,,1000,,,,,2,,,
CompleteGumtreeMatcher,64,5,61,1,2,0,0,0,20,3,0,0.4,,1000,,,,,2,,,
CompleteGumtreeMatcher,64,5,61,1,2,0,0,0,20,3,0,0.5,,1000,,,,,2,,,
CompleteGumtreeMatcher,64,5,61,1,2,0,0,0,20,3,0,0.6,,1000,,,,,2,,,
CompleteGumtreeMatcher,64,5,61,1,2,0,0,0,20,3,0,0.7,,1000,,,,,2,,,
CompleteGumtreeMatcher,64,5,61,1,2,0,0,0,20,3,0,0.799,,1000,,,,,2,,,
CompleteGumtreeMatcher,64,5,61,1,2,0,0,0,24,3,0,0.899,,1000,,,,,2,,,
CompleteGumtreeMatcher,64,5,61,1,2,0,0,0,24,3,0,0.999,,1000,,,,,2,,,
CompleteGumtreeMatcher,64,5,61,1,2,0,0,0,23,3,0,0.1,,1000,,,,,3,,,
CompleteGumtreeMatcher,64,5,61,1,2,0,0,0,23,3,0,0.2,,1000,,,,,3,,,
CompleteGumtreeMatcher,64,5,61,1,2,0,0,0,23,3,0,0.3,,1000,,,,,3,,,
CompleteGumtreeMatcher,64,5,61,1,2,0,0,0,23,3,0,0.4,,1000,,,,,3,,,
CompleteGumtreeMatcher,64,5,61,1,2,0,0,0,24,3,0,0.5,,1000,,,,,3,,,
CompleteGumtreeMatcher,64,5,61,1,2,0,0,0,24,3,0,0.6,,1000,,,,,3,,,
CompleteGumtreeMatcher,64,5,61,1,2,0,0,0,24,3,0,0.7,,1000,,,,,3,,,
CompleteGumtreeMatcher,64,5,61,1,2,0,0,0,24,3,0,0.799,,1000,,,,,3,,,
CompleteGumtreeMatcher,64,5,61,1,2,0,0,0,20,3,0,0.899,,1000,,,,,3,,,
CompleteGumtreeMatcher,64,5,61,1,2,0,0,0,20,3,0,0.999,,1000,,,,,3,,,
CompleteGumtreeMatcher,64,5,61,1,2,0,0,0,20,3,0,0.1,,1000,,,,,4,,,
CompleteGumtreeMatcher,64,5,61,1,2,0,0,0,20,3,0,0.2,,1000,,,,,4,,,
CompleteGumtreeMatcher,64,5,61,1,2,0,0,0,20,3,0,0.3,,1000,,,,,4,,,
CompleteGumtreeMatcher,64,5,61,1,2,0,0,0,20,3,0,0.4,,1000,,,,,4,,,
CompleteGumtreeMatcher,64,5,61,1,2,0,0,0,20,3,0,0.5,,1000,,,,,4,,,
CompleteGumtreeMatcher,64,5,61,1,2,0,0,0,20,3,0,0.6,,1000,,,,,4,,,
CompleteGumtreeMatcher,64,5,61,1,2,0,0,0,20,3,0,0.7,,1000,,,,,4,,,
CompleteGumtreeMatcher,64,5,61,1,2,0,0,0,20,3,0,0.799,,1000,,,,,4,,,
CompleteGumtreeMatcher,64,5,61,1,2,0,0,0,20,3,0,0.899,,1000,,,,,4,,,
CompleteGumtreeMatcher,64,5,61,1,2,0,0,0,20,3,0,0.999,,1000,,,,,4,,,
CompleteGumtreeMatcher,64,5,61,1,2,0,0,0,20,3,0,0.1,,1000,,,,,5,,,
CompleteGumtreeMatcher,64,5,61,1,2,0,0,0,20,3,0,0.2,,1000,,,,,5,,,
CompleteGumtreeMatcher,64,5,61,1,2,0,0,0,21,3,0,0.3,,1000,,,,,5,,,
CompleteGumtreeMatcher,64,5,61,1,2,0,0,0,20,3,0,0.4,,1000,,,,,5,,,
CompleteGumtreeMatcher,64,5,61,1,2,0,0,0,20,3,0,0.5,,1000,,,,,5,,,
CompleteGumtreeMatcher,64,5,61,1,2,0,0,0,20,3,0,0.6,,1000,,,,,5,,,
CompleteGumtreeMatcher,64,5,61,1,2,0,0,0,20,3,0,0.7,,1000,,,,,5,,,
CompleteGumtreeMatcher,64,5,61,1,2,0,0,0,20,3,0,0.799,,1000,,,,,5,,,
CompleteGumtreeMatcher,64,5,61,1,2,0,0,0,20,3,0,0.899,,1000,,,,,5,,,
CompleteGumtreeMatcher,64,5,61,1,2,0,0,0,20,3,0,0.999,,1000,,,,,5,,,
CompleteGumtreeMatcher,66,6,63,1,2,0,0,0,20,3,0,0.1,,1100,,,,,1,,,
CompleteGumtreeMatcher,66,6,63,1,2,0,0,0,20,3,0,0.2,,1100,,,,,1,,,
CompleteGumtreeMatcher,66,6,63,1,2,0,0,0,20,3,0,0.3,,1100,,,,,1,,,
CompleteGumtreeMatcher,66,6,63,1,2,0,0,0,20,3,0,0.4,,1100,,,,,1,,,
CompleteGumtreeMatcher,66,6,63,1,2,0,0,0,20,3,0,0.5,,1100,,,,,1,,,
CompleteGumtreeMatcher,66,6,63,1,2,0,0,0,20,3,0,0.6,,1100,,,,,1,,,
CompleteGumtreeMatcher,66,6,63,1,2,0,0,0,20,3,0,0.7,,1100,,,,,1,,,
CompleteGumtreeMatcher,66,6,63,1,2,0,0,0,20,3,0,0.799,,1100,,,,,1,,,
CompleteGumtreeMatcher,66,6,63,1,2,0,0,0,20,3,0,0.899,,1100,,,,,1,,,
CompleteGumtreeMatcher,66,6,63,1,2,0,0,0,20,3,0,0.999,,1100,,,,,1,,,
CompleteGumtreeMatcher,64,5,61,1,2,0,0,0,20,3,0,0.1,,1100,,,,,2,,,
CompleteGumtreeMatcher,64,5,61,1,2,0,0,0,20,3,0,0.2,,1100,,,,,2,,,
CompleteGumtreeMatcher,64,5,61,1,2,0,0,0,20,3,0,0.3,,1100,,,,,2,,,
CompleteGumtreeMatcher,64,5,61,1,2,0,0,0,20,3,0,0.4,,1100,,,,,2,,,
CompleteGumtreeMatcher,64,5,61,1,2,0,0,0,20,3,0,0.5,,1100,,,,,2,,,
CompleteGumtreeMatcher,64,5,61,1,2,0,0,0,20,3,0,0.6,,1100,,,,,2,,,
CompleteGumtreeMatcher,64,5,61,1,2,0,0,0,20,3,0,0.7,,1100,,,,,2,,,
CompleteGumtreeMatcher,64,5,61,1,2,0,0,0,20,3,0,0.799,,1100,,,,,2,,,
CompleteGumtreeMatcher,64,5,61,1,2,0,0,0,20,3,0,0.899,,1100,,,,,2,,,
CompleteGumtreeMatcher,64,5,61,1,2,0,0,0,20,3,0,0.999,,1100,,,,,2,,,
CompleteGumtreeMatcher,64,5,61,1,2,0,0,0,20,3,0,0.1,,1100,,,,,3,,,
CompleteGumtreeMatcher,64,5,61,1,2,0,0,0,20,3,0,0.2,,1100,,,,,3,,,
CompleteGumtreeMatcher,64,5,61,1,2,0,0,0,20,3,0,0.3,,1100,,,,,3,,,
CompleteGumtreeMatcher,64,5,61,1,2,0,0,0,20,3,0,0.4,,1100,,,,,3,,,
CompleteGumtreeMatcher,64,5,61,1,2,0,0,0,20,3,0,0.5,,1100,,,,,3,,,
CompleteGumtreeMatcher,64,5,61,1,2,0,0,0,20,3,0,0.6,,1100,,,,,3,,,
CompleteGumtreeMatcher,64,5,61,1,2,0,0,0,20,3,0,0.7,,1100,,,,,3,,,
CompleteGumtreeMatcher,64,5,61,1,2,0,0,0,20,3,0,0.799,,1100,,,,,3,,,
CompleteGumtreeMatcher,64,5,61,1,2,0,0,0,20,3,0,0.899,,1100,,,,,3,,,
CompleteGumtreeMatcher,64,5,61,1,2,0,0,0,20,3,0,0.999,,1100,,,,,3,,,
CompleteGumtreeMatcher,64,5,61,1,2,0,0,0,20,3,0,0.1,,1100,,,,,4,,,
CompleteGumtreeMatcher,64,5,61,1,2,0,0,0,20,3,0,0.2,,1100,,,,,4,,,
CompleteGumtreeMatcher,64,5,61,1,2,0,0,0,20,3,0,0.3,,1100,,,,,4,,,
CompleteGumtreeMatcher,64,5,61,1,2,0,0,0,20,3,0,0.4,,1100,,,,,4,,,
CompleteGumtreeMatcher,64,5,61,1,2,0,0,0,20,3,0,0.5,,1100,,,,,4,,,
CompleteGumtreeMatcher,64,5,61,1,2,0,0,0,20,3,0,0.6,,1100,,,,,4,,,
CompleteGumtreeMatcher,64,5,61,1,2,0,0,0,20,3,0,0.7,,1100,,,,,4,,,
CompleteGumtreeMatcher,64,5,61,1,2,0,0,0,20,3,0,0.799,,1100,,,,,4,,,
CompleteGumtreeMatcher,64,5,61,1,2,0,0,0,20,3,0,0.899,,1100,,,,,4,,,
CompleteGumtreeMatcher,64,5,61,1,2,0,0,0,20,3,0,0.999,,1100,,,,,4,,,
CompleteGumtreeMatcher,64,5,61,1,2,0,0,0,20,3,0,0.1,,1100,,,,,5,,,
CompleteGumtreeMatcher,64,5,61,1,2,0,0,0,20,3,0,0.2,,1100,,,,,5,,,
CompleteGumtreeMatcher,64,5,61,1,2,0,0,0,20,3,0,0.3,,1100,,,,,5,,,
CompleteGumtreeMatcher,64,5,61,1,2,0,0,0,20,3,0,0.4,,1100,,,,,5,,,
CompleteGumtreeMatcher,64,5,61,1,2,0,0,0,20,3,0,0.5,,1100,,,,,5,,,
CompleteGumtreeMatcher,64,5,61,1,2,0,0,0,20,3,0,0.6,,1100,,,,,5,,,
CompleteGumtreeMatcher,64,5,61,1,2,0,0,0,20,3,0,0.7,,1100,,,,,5,,,
CompleteGumtreeMatcher,64,5,61,1,2,0,0,0,20,3,0,0.799,,1100,,,,,5,,,
CompleteGumtreeMatcher,64,5,61,1,2,0,0,0,21,3,0,0.899,,1100,,,,,5,,,
CompleteGumtreeMatcher,64,5,61,1,2,0,0,0,20,3,0,0.999,,1100,,,,,5,,,
CompleteGumtreeMatcher,66,6,63,1,2,0,0,0,20,3,0,0.1,,1200,,,,,1,,,
CompleteGumtreeMatcher,66,6,63,1,2,0,0,0,21,3,0,0.2,,1200,,,,,1,,,
CompleteGumtreeMatcher,66,6,63,1,2,0,0,0,20,3,0,0.3,,1200,,,,,1,,,
CompleteGumtreeMatcher,66,6,63,1,2,0,0,0,20,3,0,0.4,,1200,,,,,1,,,
CompleteGumtreeMatcher,66,6,63,1,2,0,0,0,20,3,0,0.5,,1200,,,,,1,,,
CompleteGumtreeMatcher,66,6,63,1,2,0,0,0,20,3,0,0.6,,1200,,,,,1,,,
CompleteGumtreeMatcher,66,6,63,1,2,0,0,0,20,3,0,0.7,,1200,,,,,1,,,
CompleteGumtreeMatcher,66,6,63,1,2,0,0,0,20,3,0,0.799,,1200,,,,,1,,,
CompleteGumtreeMatcher,66,6,63,1,2,0,0,0,20,3,0,0.899,,1200,,,,,1,,,
CompleteGumtreeMatcher,66,6,63,1,2,0,0,0,20,3,0,0.999,,1200,,,,,1,,,
CompleteGumtreeMatcher,64,5,61,1,2,0,0,0,21,3,0,0.1,,1200,,,,,2,,,
CompleteGumtreeMatcher,64,5,61,1,2,0,0,0,20,3,0,0.2,,1200,,,,,2,,,
CompleteGumtreeMatcher,64,5,61,1,2,0,0,0,20,3,0,0.3,,1200,,,,,2,,,
CompleteGumtreeMatcher,64,5,61,1,2,0,0,0,20,3,0,0.4,,1200,,,,,2,,,
CompleteGumtreeMatcher,64,5,61,1,2,0,0,0,20,3,0,0.5,,1200,,,,,2,,,
CompleteGumtreeMatcher,64,5,61,1,2,0,0,0,20,3,0,0.6,,1200,,,,,2,,,
CompleteGumtreeMatcher,64,5,61,1,2,0,0,0,20,3,0,0.7,,1200,,,,,2,,,
CompleteGumtreeMatcher,64,5,61,1,2,0,0,0,20,3,0,0.799,,1200,,,,,2,,,
CompleteGumtreeMatcher,64,5,61,1,2,0,0,0,20,3,0,0.899,,1200,,,,,2,,,
CompleteGumtreeMatcher,64,5,61,1,2,0,0,0,20,3,0,0.999,,1200,,,,,2,,,
CompleteGumtreeMatcher,64,5,61,1,2,0,0,0,19,3,0,0.1,,1200,,,,,3,,,
CompleteGumtreeMatcher,64,5,61,1,2,0,0,0,20,3,0,0.2,,1200,,,,,3,,,
CompleteGumtreeMatcher,64,5,61,1,2,0,0,0,20,3,0,0.3,,1200,,,,,3,,,
CompleteGumtreeMatcher,64,5,61,1,2,0,0,0,20,3,0,0.4,,1200,,,,,3,,,
CompleteGumtreeMatcher,64,5,61,1,2,0,0,0,20,3,0,0.5,,1200,,,,,3,,,
CompleteGumtreeMatcher,64,5,61,1,2,0,0,0,20,3,0,0.6,,1200,,,,,3,,,
CompleteGumtreeMatcher,64,5,61,1,2,0,0,0,20,3,0,0.7,,1200,,,,,3,,,
CompleteGumtreeMatcher,64,5,61,1,2,0,0,0,20,3,0,0.799,,1200,,,,,3,,,
CompleteGumtreeMatcher,64,5,61,1,2,0,0,0,20,3,0,0.899,,1200,,,,,3,,,
CompleteGumtreeMatcher,64,5,61,1,2,0,0,0,20,3,0,0.999,,1200,,,,,3,,,
CompleteGumtreeMatcher,64,5,61,1,2,0,0,0,19,3,0,0.1,,1200,,,,,4,,,
CompleteGumtreeMatcher,64,5,61,1,2,0,0,0,20,3,0,0.2,,1200,,,,,4,,,
CompleteGumtreeMatcher,64,5,61,1,2,0,0,0,20,3,0,0.3,,1200,,,,,4,,,
CompleteGumtreeMatcher,64,5,61,1,2,0,0,0,20,3,0,0.4,,1200,,,,,4,,,
CompleteGumtreeMatcher,64,5,61,1,2,0,0,0,20,3,0,0.5,,1200,,,,,4,,,
CompleteGumtreeMatcher,64,5,61,1,2,0,0,0,20,3,0,0.6,,1200,,,,,4,,,
CompleteGumtreeMatcher,64,5,61,1,2,0,0,0,20,3,0,0.7,,1200,,,,,4,,,
CompleteGumtreeMatcher,64,5,61,1,2,0,0,0,20,3,0,0.799,,1200,,,,,4,,,
CompleteGumtreeMatcher,64,5,61,1,2,0,0,0,20,3,0,0.899,,1200,,,,,4,,,
CompleteGumtreeMatcher,64,5,61,1,2,0,0,0,20,3,0,0.999,,1200,,,,,4,,,
CompleteGumtreeMatcher,64,5,61,1,2,0,0,0,20,3,0,0.1,,1200,,,,,5,,,
CompleteGumtreeMatcher,64,5,61,1,2,0,0,0,20,3,0,0.2,,1200,,,,,5,,,
CompleteGumtreeMatcher,64,5,61,1,2,0,0,0,20,3,0,0.3,,1200,,,,,5,,,
CompleteGumtreeMatcher,64,5,61,1,2,0,0,0,20,3,0,0.4,,1200,,,,,5,,,
CompleteGumtreeMatcher,64,5,61,1,2,0,0,0,20,3,0,0.5,,1200,,,,,5,,,
CompleteGumtreeMatcher,64,5,61,1,2,0,0,0,20,3,0,0.6,,1200,,,,,5,,,
CompleteGumtreeMatcher,64,5,61,1,2,0,0,0,20,3,0,0.7,,1200,,,,,5,,,
CompleteGumtreeMatcher,64,5,61,1,2,0,0,0,20,3,0,0.799,,1200,,,,,5,,,
CompleteGumtreeMatcher,64,5,61,1,2,0,0,0,20,3,0,0.899,,1200,,,,,5,,,
CompleteGumtreeMatcher,64,5,61,1,2,0,0,0,20,3,0,0.999,,1200,,,,,5,,,
CompleteGumtreeMatcher,66,6,63,1,2,0,0,0,20,3,0,0.1,,1300,,,,,1,,,
CompleteGumtreeMatcher,66,6,63,1,2,0,0,0,20,3,0,0.2,,1300,,,,,1,,,
CompleteGumtreeMatcher,66,6,63,1,2,0,0,0,20,3,0,0.3,,1300,,,,,1,,,
CompleteGumtreeMatcher,66,6,63,1,2,0,0,0,20,3,0,0.4,,1300,,,,,1,,,
CompleteGumtreeMatcher,66,6,63,1,2,0,0,0,20,3,0,0.5,,1300,,,,,1,,,
CompleteGumtreeMatcher,66,6,63,1,2,0,0,0,20,3,0,0.6,,1300,,,,,1,,,
CompleteGumtreeMatcher,66,6,63,1,2,0,0,0,20,3,0,0.7,,1300,,,,,1,,,
CompleteGumtreeMatcher,66,6,63,1,2,0,0,0,20,3,0,0.799,,1300,,,,,1,,,
CompleteGumtreeMatcher,66,6,63,1,2,0,0,0,20,3,0,0.899,,1300,,,,,1,,,
CompleteGumtreeMatcher,66,6,63,1,2,0,0,0,20,3,0,0.999,,1300,,,,,1,,,
CompleteGumtreeMatcher,64,5,61,1,2,0,0,0,20,3,0,0.1,,1300,,,,,2,,,
CompleteGumtreeMatcher,64,5,61,1,2,0,0,0,20,3,0,0.2,,1300,,,,,2,,,
CompleteGumtreeMatcher,64,5,61,1,2,0,0,0,20,3,0,0.3,,1300,,,,,2,,,
CompleteGumtreeMatcher,64,5,61,1,2,0,0,0,20,3,0,0.4,,1300,,,,,2,,,
CompleteGumtreeMatcher,64,5,61,1,2,0,0,0,20,3,0,0.5,,1300,,,,,2,,,
CompleteGumtreeMatcher,64,5,61,1,2,0,0,0,20,3,0,0.6,,1300,,,,,2,,,
CompleteGumtreeMatcher,64,5,61,1,2,0,0,0,20,3,0,0.7,,1300,,,,,2,,,
CompleteGumtreeMatcher,64,5,61,1,2,0,0,0,20,3,0,0.799,,1300,,,,,2,,,
CompleteGumtreeMatcher,64,5,61,1,2,0,0,0,20,3,0,0.899,,1300,,,,,2,,,
CompleteGumtreeMatcher,64,5,61,1,2,0,0,0,20,3,0,0.999,,1300,,,,,2,,,
CompleteGumtreeMatcher,64,5,61,1,2,0,0,0,20,3,0,0.1,,1300,,,,,3,,,
CompleteGumtreeMatcher,64,5,61,1,2,0,0,0,20,3,0,0.2,,1300,,,,,3,,,
CompleteGumtreeMatcher,64,5,61,1,2,0,0,0,20,3,0,0.3,,1300,,,,,3,,,
CompleteGumtreeMatcher,64,5,61,1,2,0,0,0,20,3,0,0.4,,1300,,,,,3,,,
CompleteGumtreeMatcher,64,5,61,1,2,0,0,0,20,3,0,0.5,,1300,,,,,3,,,
CompleteGumtreeMatcher,64,5,61,1,2,0,0,0,20,3,0,0.6,,1300,,,,,3,,,
CompleteGumtreeMatcher,64,5,61,1,2,0,0,0,20,3,0,0.7,,1300,,,,,3,,,
CompleteGumtreeMatcher,64,5,61,1,2,0,0,0,20,3,0,0.799,,1300,,,,,3,,,
CompleteGumtreeMatcher,64,5,61,1,2,0,0,0,20,3,0,0.899,,1300,,,,,3,,,
CompleteGumtreeMatcher,64,5,61,1,2,0,0,0,20,3,0,0.999,,1300,,,,,3,,,
CompleteGumtreeMatcher,64,5,61,1,2,0,0,0,20,3,0,0.1,,1300,,,,,4,,,
CompleteGumtreeMatcher,64,5,61,1,2,0,0,0,20,3,0,0.2,,1300,,,,,4,,,
CompleteGumtreeMatcher,64,5,61,1,2,0,0,0,20,3,0,0.3,,1300,,,,,4,,,
CompleteGumtreeMatcher,64,5,61,1,2,0,0,0,20,3,0,0.4,,1300,,,,,4,,,
CompleteGumtreeMatcher,64,5,61,1,2,0,0,0,20,3,0,0.5,,1300,,,,,4,,,
CompleteGumtreeMatcher,64,5,61,1,2,0,0,0,20,3,0,0.6,,1300,,,,,4,,,
CompleteGumtreeMatcher,64,5,61,1,2,0,0,0,20,3,0,0.7,,1300,,,,,4,,,
CompleteGumtreeMatcher,64,5,61,1,2,0,0,0,20,3,0,0.799,,1300,,,,,4,,,
CompleteGumtreeMatcher,64,5,61,1,2,0,0,0,20,3,0,0.899,,1300,,,,,4,,,
CompleteGumtreeMatcher,64,5,61,1,2,0,0,0,20,3,0,0.999,,1300,,,,,4,,,
CompleteGumtreeMatcher,64,5,61,1,2,0,0,0,20,3,0,0.1,,1300,,,,,5,,,
CompleteGumtreeMatcher,64,5,61,1,2,0,0,0,20,3,0,0.2,,1300,,,,,5,,,
CompleteGumtreeMatcher,64,5,61,1,2,0,0,0,20,3,0,0.3,,1300,,,,,5,,,
CompleteGumtreeMatcher,64,5,61,1,2,0,0,0,20,3,0,0.4,,1300,,,,,5,,,
CompleteGumtreeMatcher,64,5,61,1,2,0,0,0,20,3,0,0.5,,1300,,,,,5,,,
CompleteGumtreeMatcher,64,5,61,1,2,0,0,0,20,3,0,0.6,,1300,,,,,5,,,
CompleteGumtreeMatcher,64,5,61,1,2,0,0,0,20,3,0,0.7,,1300,,,,,5,,,
CompleteGumtreeMatcher,64,5,61,1,2,0,0,0,20,3,0,0.799,,1300,,,,,5,,,
CompleteGumtreeMatcher,64,5,61,1,2,0,0,0,20,3,0,0.899,,1300,,,,,5,,,
CompleteGumtreeMatcher,64,5,61,1,2,0,0,0,20,3,0,0.999,,1300,,,,,5,,,
CompleteGumtreeMatcher,66,6,63,1,2,0,0,0,20,3,0,0.1,,1400,,,,,1,,,
CompleteGumtreeMatcher,66,6,63,1,2,0,0,0,20,3,0,0.2,,1400,,,,,1,,,
CompleteGumtreeMatcher,66,6,63,1,2,0,0,0,20,3,0,0.3,,1400,,,,,1,,,
CompleteGumtreeMatcher,66,6,63,1,2,0,0,0,20,3,0,0.4,,1400,,,,,1,,,
CompleteGumtreeMatcher,66,6,63,1,2,0,0,0,20,3,0,0.5,,1400,,,,,1,,,
CompleteGumtreeMatcher,66,6,63,1,2,0,0,0,20,3,0,0.6,,1400,,,,,1,,,
CompleteGumtreeMatcher,66,6,63,1,2,0,0,0,20,3,0,0.7,,1400,,,,,1,,,
CompleteGumtreeMatcher,66,6,63,1,2,0,0,0,21,3,0,0.799,,1400,,,,,1,,,
CompleteGumtreeMatcher,66,6,63,1,2,0,0,0,20,3,0,0.899,,1400,,,,,1,,,
CompleteGumtreeMatcher,66,6,63,1,2,0,0,0,20,3,0,0.999,,1400,,,,,1,,,
CompleteGumtreeMatcher,64,5,61,1,2,0,0,0,20,3,0,0.1,,1400,,,,,2,,,
CompleteGumtreeMatcher,64,5,61,1,2,0,0,0,20,3,0,0.2,,1400,,,,,2,,,
CompleteGumtreeMatcher,64,5,61,1,2,0,0,0,20,3,0,0.3,,1400,,,,,2,,,
CompleteGumtreeMatcher,64,5,61,1,2,0,0,0,20,3,0,0.4,,1400,,,,,2,,,
CompleteGumtreeMatcher,64,5,61,1,2,0,0,0,20,3,0,0.5,,1400,,,,,2,,,
CompleteGumtreeMatcher,64,5,61,1,2,0,0,0,20,3,0,0.6,,1400,,,,,2,,,
CompleteGumtreeMatcher,64,5,61,1,2,0,0,0,20,3,0,0.7,,1400,,,,,2,,,
CompleteGumtreeMatcher,64,5,61,1,2,0,0,0,20,3,0,0.799,,1400,,,,,2,,,
CompleteGumtreeMatcher,64,5,61,1,2,0,0,0,20,3,0,0.899,,1400,,,,,2,,,
CompleteGumtreeMatcher,64,5,61,1,2,0,0,0,21,3,0,0.999,,1400,,,,,2,,,
CompleteGumtreeMatcher,64,5,61,1,2,0,0,0,20,3,0,0.1,,1400,,,,,3,,,
CompleteGumtreeMatcher,64,5,61,1,2,0,0,0,20,3,0,0.2,,1400,,,,,3,,,
CompleteGumtreeMatcher,64,5,61,1,2,0,0,0,20,3,0,0.3,,1400,,,,,3,,,
CompleteGumtreeMatcher,64,5,61,1,2,0,0,0,20,3,0,0.4,,1400,,,,,3,,,
CompleteGumtreeMatcher,64,5,61,1,2,0,0,0,20,3,0,0.5,,1400,,,,,3,,,
CompleteGumtreeMatcher,64,5,61,1,2,0,0,0,20,3,0,0.6,,1400,,,,,3,,,
CompleteGumtreeMatcher,64,5,61,1,2,0,0,0,20,3,0,0.7,,1400,,,,,3,,,
CompleteGumtreeMatcher,64,5,61,1,2,0,0,0,20,3,0,0.799,,1400,,,,,3,,,
CompleteGumtreeMatcher,64,5,61,1,2,0,0,0,20,3,0,0.899,,1400,,,,,3,,,
CompleteGumtreeMatcher,64,5,61,1,2,0,0,0,20,3,0,0.999,,1400,,,,,3,,,
CompleteGumtreeMatcher,64,5,61,1,2,0,0,0,20,3,0,0.1,,1400,,,,,4,,,
CompleteGumtreeMatcher,64,5,61,1,2,0,0,0,20,3,0,0.2,,1400,,,,,4,,,
CompleteGumtreeMatcher,64,5,61,1,2,0,0,0,20,3,0,0.3,,1400,,,,,4,,,
CompleteGumtreeMatcher,64,5,61,1,2,0,0,0,20,3,0,0.4,,1400,,,,,4,,,
CompleteGumtreeMatcher,64,5,61,1,2,0,0,0,20,3,0,0.5,,1400,,,,,4,,,
CompleteGumtreeMatcher,64,5,61,1,2,0,0,0,21,3,0,0.6,,1400,,,,,4,,,
CompleteGumtreeMatcher,64,5,61,1,2,0,0,0,21,3,0,0.7,,1400,,,,,4,,,
CompleteGumtreeMatcher,64,5,61,1,2,0,0,0,20,3,0,0.799,,1400,,,,,4,,,
CompleteGumtreeMatcher,64,5,61,1,2,0,0,0,20,3,0,0.899,,1400,,,,,4,,,
CompleteGumtreeMatcher,64,5,61,1,2,0,0,0,20,3,0,0.999,,1400,,,,,4,,,
CompleteGumtreeMatcher,64,5,61,1,2,0,0,0,20,3,0,0.1,,1400,,,,,5,,,
CompleteGumtreeMatcher,64,5,61,1,2,0,0,0,20,3,0,0.2,,1400,,,,,5,,,
CompleteGumtreeMatcher,64,5,61,1,2,0,0,0,20,3,0,0.3,,1400,,,,,5,,,
CompleteGumtreeMatcher,64,5,61,1,2,0,0,0,20,3,0,0.4,,1400,,,,,5,,,
CompleteGumtreeMatcher,64,5,61,1,2,0,0,0,20,3,0,0.5,,1400,,,,,5,,,
CompleteGumtreeMatcher,64,5,61,1,2,0,0,0,20,3,0,0.6,,1400,,,,,5,,,
CompleteGumtreeMatcher,64,5,61,1,2,0,0,0,20,3,0,0.7,,1400,,,,,5,,,
CompleteGumtreeMatcher,64,5,61,1,2,0,0,0,20,3,0,0.799,,1400,,,,,5,,,
CompleteGumtreeMatcher,64,5,61,1,2,0,0,0,20,3,0,0.899,,1400,,,,,5,,,
CompleteGumtreeMatcher,64,5,61,1,2,0,0,0,20,3,0,0.999,,1400,,,,,5,,,
CompleteGumtreeMatcher,66,6,63,1,2,0,0,0,20,3,0,0.1,,1500,,,,,1,,,
CompleteGumtreeMatcher,66,6,63,1,2,0,0,0,20,3,0,0.2,,1500,,,,,1,,,
CompleteGumtreeMatcher,66,6,63,1,2,0,0,0,20,3,0,0.3,,1500,,,,,1,,,
CompleteGumtreeMatcher,66,6,63,1,2,0,0,0,20,3,0,0.4,,1500,,,,,1,,,
CompleteGumtreeMatcher,66,6,63,1,2,0,0,0,20,3,0,0.5,,1500,,,,,1,,,
CompleteGumtreeMatcher,66,6,63,1,2,0,0,0,20,3,0,0.6,,1500,,,,,1,,,
CompleteGumtreeMatcher,66,6,63,1,2,0,0,0,20,3,0,0.7,,1500,,,,,1,,,
CompleteGumtreeMatcher,66,6,63,1,2,0,0,0,20,3,0,0.799,,1500,,,,,1,,,
CompleteGumtreeMatcher,66,6,63,1,2,0,0,0,20,3,0,0.899,,1500,,,,,1,,,
CompleteGumtreeMatcher,66,6,63,1,2,0,0,0,20,3,0,0.999,,1500,,,,,1,,,
CompleteGumtreeMatcher,64,5,61,1,2,0,0,0,20,3,0,0.1,,1500,,,,,2,,,
CompleteGumtreeMatcher,64,5,61,1,2,0,0,0,20,3,0,0.2,,1500,,,,,2,,,
CompleteGumtreeMatcher,64,5,61,1,2,0,0,0,20,3,0,0.3,,1500,,,,,2,,,
CompleteGumtreeMatcher,64,5,61,1,2,0,0,0,20,3,0,0.4,,1500,,,,,2,,,
CompleteGumtreeMatcher,64,5,61,1,2,0,0,0,20,3,0,0.5,,1500,,,,,2,,,
CompleteGumtreeMatcher,64,5,61,1,2,0,0,0,20,3,0,0.6,,1500,,,,,2,,,
CompleteGumtreeMatcher,64,5,61,1,2,0,0,0,20,3,0,0.7,,1500,,,,,2,,,
CompleteGumtreeMatcher,64,5,61,1,2,0,0,0,20,3,0,0.799,,1500,,,,,2,,,
CompleteGumtreeMatcher,64,5,61,1,2,0,0,0,20,3,0,0.899,,1500,,,,,2,,,
CompleteGumtreeMatcher,64,5,61,1,2,0,0,0,20,3,0,0.999,,1500,,,,,2,,,
CompleteGumtreeMatcher,64,5,61,1,2,0,0,0,20,3,0,0.1,,1500,,,,,3,,,
CompleteGumtreeMatcher,64,5,61,1,2,0,0,0,20,3,0,0.2,,1500,,,,,3,,,
CompleteGumtreeMatcher,64,5,61,1,2,0,0,0,20,3,0,0.3,,1500,,,,,3,,,
CompleteGumtreeMatcher,64,5,61,1,2,0,0,0,20,3,0,0.4,,1500,,,,,3,,,
CompleteGumtreeMatcher,64,5,61,1,2,0,0,0,20,3,0,0.5,,1500,,,,,3,,,
CompleteGumtreeMatcher,64,5,61,1,2,0,0,0,20,3,0,0.6,,1500,,,,,3,,,
CompleteGumtreeMatcher,64,5,61,1,2,0,0,0,20,3,0,0.7,,1500,,,,,3,,,
CompleteGumtreeMatcher,64,5,61,1,2,0,0,0,20,3,0,0.799,,1500,,,,,3,,,
CompleteGumtreeMatcher,64,5,61,1,2,0,0,0,20,3,0,0.899,,1500,,,,,3,,,
CompleteGumtreeMatcher,64,5,61,1,2,0,0,0,20,3,0,0.999,,1500,,,,,3,,,
CompleteGumtreeMatcher,64,5,61,1,2,0,0,0,20,3,0,0.1,,1500,,,,,4,,,
CompleteGumtreeMatcher,64,5,61,1,2,0,0,0,20,3,0,0.2,,1500,,,,,4,,,
CompleteGumtreeMatcher,64,5,61,1,2,0,0,0,20,3,0,0.3,,1500,,,,,4,,,
CompleteGumtreeMatcher,64,5,61,1,2,0,0,0,20,3,0,0.4,,1500,,,,,4,,,
CompleteGumtreeMatcher,64,5,61,1,2,0,0,0,20,3,0,0.5,,1500,,,,,4,,,
CompleteGumtreeMatcher,64,5,61,1,2,0,0,0,20,3,0,0.6,,1500,,,,,4,,,
CompleteGumtreeMatcher,64,5,61,1,2,0,0,0,20,3,0,0.7,,1500,,,,,4,,,
CompleteGumtreeMatcher,64,5,61,1,2,0,0,0,20,3,0,0.799,,1500,,,,,4,,,
CompleteGumtreeMatcher,64,5,61,1,2,0,0,0,20,3,0,0.899,,1500,,,,,4,,,
CompleteGumtreeMatcher,64,5,61,1,2,0,0,0,20,3,0,0.999,,1500,,,,,4,,,
CompleteGumtreeMatcher,64,5,61,1,2,0,0,0,20,3,0,0.1,,1500,,,,,5,,,
CompleteGumtreeMatcher,64,5,61,1,2,0,0,0,20,3,0,0.2,,1500,,,,,5,,,
CompleteGumtreeMatcher,64,5,61,1,2,0,0,0,20,3,0,0.3,,1500,,,,,5,,,
CompleteGumtreeMatcher,64,5,61,1,2,0,0,0,20,3,0,0.4,,1500,,,,,5,,,
CompleteGumtreeMatcher,64,5,61,1,2,0,0,0,21,3,0,0.5,,1500,,,,,5,,,
CompleteGumtreeMatcher,64,5,61,1,2,0,0,0,20,3,0,0.6,,1500,,,,,5,,,
CompleteGumtreeMatcher,64,5,61,1,2,0,0,0,20,3,0,0.7,,1500,,,,,5,,,
CompleteGumtreeMatcher,64,5,61,1,2,0,0,0,20,3,0,0.799,,1500,,,,,5,,,
CompleteGumtreeMatcher,64,5,61,1,2,0,0,0,20,3,0,0.899,,1500,,,,,5,,,
CompleteGumtreeMatcher,64,5,61,1,2,0,0,0,20,3,0,0.999,,1500,,,,,5,,,
CompleteGumtreeMatcher,66,6,63,1,2,0,0,0,20,3,0,0.1,,1600,,,,,1,,,
CompleteGumtreeMatcher,66,6,63,1,2,0,0,0,20,3,0,0.2,,1600,,,,,1,,,
CompleteGumtreeMatcher,66,6,63,1,2,0,0,0,20,3,0,0.3,,1600,,,,,1,,,
CompleteGumtreeMatcher,66,6,63,1,2,0,0,0,20,3,0,0.4,,1600,,,,,1,,,
CompleteGumtreeMatcher,66,6,63,1,2,0,0,0,20,3,0,0.5,,1600,,,,,1,,,
CompleteGumtreeMatcher,66,6,63,1,2,0,0,0,20,3,0,0.6,,1600,,,,,1,,,
CompleteGumtreeMatcher,66,6,63,1,2,0,0,0,20,3,0,0.7,,1600,,,,,1,,,
CompleteGumtreeMatcher,66,6,63,1,2,0,0,0,20,3,0,0.799,,1600,,,,,1,,,
CompleteGumtreeMatcher,66,6,63,1,2,0,0,0,20,3,0,0.899,,1600,,,,,1,,,
CompleteGumtreeMatcher,66,6,63,1,2,0,0,0,20,3,0,0.999,,1600,,,,,1,,,
CompleteGumtreeMatcher,64,5,61,1,2,0,0,0,20,3,0,0.1,,1600,,,,,2,,,
CompleteGumtreeMatcher,64,5,61,1,2,0,0,0,20,3,0,0.2,,1600,,,,,2,,,
CompleteGumtreeMatcher,64,5,61,1,2,0,0,0,20,3,0,0.3,,1600,,,,,2,,,
CompleteGumtreeMatcher,64,5,61,1,2,0,0,0,20,3,0,0.4,,1600,,,,,2,,,
CompleteGumtreeMatcher,64,5,61,1,2,0,0,0,20,3,0,0.5,,1600,,,,,2,,,
CompleteGumtreeMatcher,64,5,61,1,2,0,0,0,20,3,0,0.6,,1600,,,,,2,,,
CompleteGumtreeMatcher,64,5,61,1,2,0,0,0,20,3,0,0.7,,1600,,,,,2,,,
CompleteGumtreeMatcher,64,5,61,1,2,0,0,0,20,3,0,0.799,,1600,,,,,2,,,
CompleteGumtreeMatcher,64,5,61,1,2,0,0,0,20,3,0,0.899,,1600,,,,,2,,,
CompleteGumtreeMatcher,64,5,61,1,2,0,0,0,21,3,0,0.999,,1600,,,,,2,,,
CompleteGumtreeMatcher,64,5,61,1,2,0,0,0,20,3,0,0.1,,1600,,,,,3,,,
CompleteGumtreeMatcher,64,5,61,1,2,0,0,0,20,3,0,0.2,,1600,,,,,3,,,
CompleteGumtreeMatcher,64,5,61,1,2,0,0,0,20,3,0,0.3,,1600,,,,,3,,,
CompleteGumtreeMatcher,64,5,61,1,2,0,0,0,20,3,0,0.4,,1600,,,,,3,,,
CompleteGumtreeMatcher,64,5,61,1,2,0,0,0,20,3,0,0.5,,1600,,,,,3,,,
CompleteGumtreeMatcher,64,5,61,1,2,0,0,0,20,3,0,0.6,,1600,,,,,3,,,
CompleteGumtreeMatcher,64,5,61,1,2,0,0,0,20,3,0,0.7,,1600,,,,,3,,,
CompleteGumtreeMatcher,64,5,61,1,2,0,0,0,20,3,0,0.799,,1600,,,,,3,,,
CompleteGumtreeMatcher,64,5,61,1,2,0,0,0,20,3,0,0.899,,1600,,,,,3,,,
CompleteGumtreeMatcher,64,5,61,1,2,0,0,0,20,3,0,0.999,,1600,,,,,3,,,
CompleteGumtreeMatcher,64,5,61,1,2,0,0,0,20,3,0,0.1,,1600,,,,,4,,,
CompleteGumtreeMatcher,64,5,61,1,2,0,0,0,20,3,0,0.2,,1600,,,,,4,,,
CompleteGumtreeMatcher,64,5,61,1,2,0,0,0,20,3,0,0.3,,1600,,,,,4,,,
CompleteGumtreeMatcher,64,5,61,1,2,0,0,0,20,3,0,0.4,,1600,,,,,4,,,
CompleteGumtreeMatcher,64,5,61,1,2,0,0,0,20,3,0,0.5,,1600,,,,,4,,,
CompleteGumtreeMatcher,64,5,61,1,2,0,0,0,20,3,0,0.6,,1600,,,,,4,,,
CompleteGumtreeMatcher,64,5,61,1,2,0,0,0,20,3,0,0.7,,1600,,,,,4,,,
CompleteGumtreeMatcher,64,5,61,1,2,0,0,0,20,3,0,0.799,,1600,,,,,4,,,
CompleteGumtreeMatcher,64,5,61,1,2,0,0,0,20,3,0,0.899,,1600,,,,,4,,,
CompleteGumtreeMatcher,64,5,61,1,2,0,0,0,20,3,0,0.999,,1600,,,,,4,,,
CompleteGumtreeMatcher,64,5,61,1,2,0,0,0,20,3,0,0.1,,1600,,,,,5,,,
CompleteGumtreeMatcher,64,5,61,1,2,0,0,0,20,3,0,0.2,,1600,,,,,5,,,
CompleteGumtreeMatcher,64,5,61,1,2,0,0,0,20,3,0,0.3,,1600,,,,,5,,,
CompleteGumtreeMatcher,64,5,61,1,2,0,0,0,20,3,0,0.4,,1600,,,,,5,,,
CompleteGumtreeMatcher,64,5,61,1,2,0,0,0,20,3,0,0.5,,1600,,,,,5,,,
CompleteGumtreeMatcher,64,5,61,1,2,0,0,0,20,3,0,0.6,,1600,,,,,5,,,
CompleteGumtreeMatcher,64,5,61,1,2,0,0,0,20,3,0,0.7,,1600,,,,,5,,,
CompleteGumtreeMatcher,64,5,61,1,2,0,0,0,20,3,0,0.799,,1600,,,,,5,,,
CompleteGumtreeMatcher,64,5,61,1,2,0,0,0,20,3,0,0.899,,1600,,,,,5,,,
CompleteGumtreeMatcher,64,5,61,1,2,0,0,0,20,3,0,0.999,,1600,,,,,5,,,
CompleteGumtreeMatcher,66,6,63,1,2,0,0,0,20,3,0,0.1,,1700,,,,,1,,,
CompleteGumtreeMatcher,66,6,63,1,2,0,0,0,20,3,0,0.2,,1700,,,,,1,,,
CompleteGumtreeMatcher,66,6,63,1,2,0,0,0,21,3,0,0.3,,1700,,,,,1,,,
CompleteGumtreeMatcher,66,6,63,1,2,0,0,0,20,3,0,0.4,,1700,,,,,1,,,
CompleteGumtreeMatcher,66,6,63,1,2,0,0,0,20,3,0,0.5,,1700,,,,,1,,,
CompleteGumtreeMatcher,66,6,63,1,2,0,0,0,20,3,0,0.6,,1700,,,,,1,,,
CompleteGumtreeMatcher,66,6,63,1,2,0,0,0,20,3,0,0.7,,1700,,,,,1,,,
CompleteGumtreeMatcher,66,6,63,1,2,0,0,0,20,3,0,0.799,,1700,,,,,1,,,
CompleteGumtreeMatcher,66,6,63,1,2,0,0,0,20,3,0,0.899,,1700,,,,,1,,,
CompleteGumtreeMatcher,66,6,63,1,2,0,0,0,20,3,0,0.999,,1700,,,,,1,,,
CompleteGumtreeMatcher,64,5,61,1,2,0,0,0,20,3,0,0.1,,1700,,,,,2,,,
CompleteGumtreeMatcher,64,5,61,1,2,0,0,0,20,3,0,0.2,,1700,,,,,2,,,
CompleteGumtreeMatcher,64,5,61,1,2,0,0,0,20,3,0,0.3,,1700,,,,,2,,,
CompleteGumtreeMatcher,64,5,61,1,2,0,0,0,20,3,0,0.4,,1700,,,,,2,,,
CompleteGumtreeMatcher,64,5,61,1,2,0,0,0,20,3,0,0.5,,1700,,,,,2,,,
CompleteGumtreeMatcher,64,5,61,1,2,0,0,0,20,3,0,0.6,,1700,,,,,2,,,
CompleteGumtreeMatcher,64,5,61,1,2,0,0,0,20,3,0,0.7,,1700,,,,,2,,,
CompleteGumtreeMatcher,64,5,61,1,2,0,0,0,20,3,0,0.799,,1700,,,,,2,,,
CompleteGumtreeMatcher,64,5,61,1,2,0,0,0,20,3,0,0.899,,1700,,,,,2,,,
CompleteGumtreeMatcher,64,5,61,1,2,0,0,0,20,3,0,0.999,,1700,,,,,2,,,
CompleteGumtreeMatcher,64,5,61,1,2,0,0,0,20,3,0,0.1,,1700,,,,,3,,,
CompleteGumtreeMatcher,64,5,61,1,2,0,0,0,20,3,0,0.2,,1700,,,,,3,,,
CompleteGumtreeMatcher,64,5,61,1,2,0,0,0,20,3,0,0.3,,1700,,,,,3,,,
CompleteGumtreeMatcher,64,5,61,1,2,0,0,0,20,3,0,0.4,,1700,,,,,3,,,
CompleteGumtreeMatcher,64,5,61,1,2,0,0,0,20,3,0,0.5,,1700,,,,,3,,,
CompleteGumtreeMatcher,64,5,61,1,2,0,0,0,20,3,0,0.6,,1700,,,,,3,,,
CompleteGumtreeMatcher,64,5,61,1,2,0,0,0,20,3,0,0.7,,1700,,,,,3,,,
CompleteGumtreeMatcher,64,5,61,1,2,0,0,0,20,3,0,0.799,,1700,,,,,3,,,
CompleteGumtreeMatcher,64,5,61,1,2,0,0,0,20,3,0,0.899,,1700,,,,,3,,,
CompleteGumtreeMatcher,64,5,61,1,2,0,0,0,20,3,0,0.999,,1700,,,,,3,,,
CompleteGumtreeMatcher,64,5,61,1,2,0,0,0,20,3,0,0.1,,1700,,,,,4,,,
CompleteGumtreeMatcher,64,5,61,1,2,0,0,0,20,3,0,0.2,,1700,,,,,4,,,
CompleteGumtreeMatcher,64,5,61,1,2,0,0,0,20,3,0,0.3,,1700,,,,,4,,,
CompleteGumtreeMatcher,64,5,61,1,2,0,0,0,20,3,0,0.4,,1700,,,,,4,,,
CompleteGumtreeMatcher,64,5,61,1,2,0,0,0,20,3,0,0.5,,1700,,,,,4,,,
CompleteGumtreeMatcher,64,5,61,1,2,0,0,0,20,3,0,0.6,,1700,,,,,4,,,
CompleteGumtreeMatcher,64,5,61,1,2,0,0,0,20,3,0,0.7,,1700,,,,,4,,,
CompleteGumtreeMatcher,64,5,61,1,2,0,0,0,20,3,0,0.799,,1700,,,,,4,,,
CompleteGumtreeMatcher,64,5,61,1,2,0,0,0,20,3,0,0.899,,1700,,,,,4,,,
CompleteGumtreeMatcher,64,5,61,1,2,0,0,0,20,3,0,0.999,,1700,,,,,4,,,
CompleteGumtreeMatcher,64,5,61,1,2,0,0,0,20,3,0,0.1,,1700,,,,,5,,,
CompleteGumtreeMatcher,64,5,61,1,2,0,0,0,20,3,0,0.2,,1700,,,,,5,,,
CompleteGumtreeMatcher,64,5,61,1,2,0,0,0,20,3,0,0.3,,1700,,,,,5,,,
CompleteGumtreeMatcher,64,5,61,1,2,0,0,0,20,3,0,0.4,,1700,,,,,5,,,
CompleteGumtreeMatcher,64,5,61,1,2,0,0,0,20,3,0,0.5,,1700,,,,,5,,,
CompleteGumtreeMatcher,64,5,61,1,2,0,0,0,20,3,0,0.6,,1700,,,,,5,,,
CompleteGumtreeMatcher,64,5,61,1,2,0,0,0,20,3,0,0.7,,1700,,,,,5,,,
CompleteGumtreeMatcher,64,5,61,1,2,0,0,0,20,3,0,0.799,,1700,,,,,5,,,
CompleteGumtreeMatcher,64,5,61,1,2,0,0,0,20,3,0,0.899,,1700,,,,,5,,,
CompleteGumtreeMatcher,64,5,61,1,2,0,0,0,20,3,0,0.999,,1700,,,,,5,,,
CompleteGumtreeMatcher,66,6,63,1,2,0,0,0,20,3,0,0.1,,1800,,,,,1,,,
CompleteGumtreeMatcher,66,6,63,1,2,0,0,0,20,3,0,0.2,,1800,,,,,1,,,
CompleteGumtreeMatcher,66,6,63,1,2,0,0,0,20,3,0,0.3,,1800,,,,,1,,,
CompleteGumtreeMatcher,66,6,63,1,2,0,0,0,20,3,0,0.4,,1800,,,,,1,,,
CompleteGumtreeMatcher,66,6,63,1,2,0,0,0,20,3,0,0.5,,1800,,,,,1,,,
CompleteGumtreeMatcher,66,6,63,1,2,0,0,0,20,3,0,0.6,,1800,,,,,1,,,
CompleteGumtreeMatcher,66,6,63,1,2,0,0,0,20,3,0,0.7,,1800,,,,,1,,,
CompleteGumtreeMatcher,66,6,63,1,2,0,0,0,20,3,0,0.799,,1800,,,,,1,,,
CompleteGumtreeMatcher,66,6,63,1,2,0,0,0,20,3,0,0.899,,1800,,,,,1,,,
CompleteGumtreeMatcher,66,6,63,1,2,0,0,0,20,3,0,0.999,,1800,,,,,1,,,
CompleteGumtreeMatcher,64,5,61,1,2,0,0,0,20,3,0,0.1,,1800,,,,,2,,,
CompleteGumtreeMatcher,64,5,61,1,2,0,0,0,20,3,0,0.2,,1800,,,,,2,,,
CompleteGumtreeMatcher,64,5,61,1,2,0,0,0,20,3,0,0.3,,1800,,,,,2,,,
CompleteGumtreeMatcher,64,5,61,1,2,0,0,0,20,3,0,0.4,,1800,,,,,2,,,
CompleteGumtreeMatcher,64,5,61,1,2,0,0,0,20,3,0,0.5,,1800,,,,,2,,,
CompleteGumtreeMatcher,64,5,61,1,2,0,0,0,20,3,0,0.6,,1800,,,,,2,,,
CompleteGumtreeMatcher,64,5,61,1,2,0,0,0,20,3,0,0.7,,1800,,,,,2,,,
CompleteGumtreeMatcher,64,5,61,1,2,0,0,0,20,3,0,0.799,,1800,,,,,2,,,
CompleteGumtreeMatcher,64,5,61,1,2,0,0,0,20,3,0,0.899,,1800,,,,,2,,,
CompleteGumtreeMatcher,64,5,61,1,2,0,0,0,20,3,0,0.999,,1800,,,,,2,,,
CompleteGumtreeMatcher,64,5,61,1,2,0,0,0,20,3,0,0.1,,1800,,,,,3,,,
CompleteGumtreeMatcher,64,5,61,1,2,0,0,0,20,3,0,0.2,,1800,,,,,3,,,
CompleteGumtreeMatcher,64,5,61,1,2,0,0,0,20,3,0,0.3,,1800,,,,,3,,,
CompleteGumtreeMatcher,64,5,61,1,2,0,0,0,20,3,0,0.4,,1800,,,,,3,,,
CompleteGumtreeMatcher,64,5,61,1,2,0,0,0,20,3,0,0.5,,1800,,,,,3,,,
CompleteGumtreeMatcher,64,5,61,1,2,0,0,0,20,3,0,0.6,,1800,,,,,3,,,
CompleteGumtreeMatcher,64,5,61,1,2,0,0,0,20,3,0,0.7,,1800,,,,,3,,,
CompleteGumtreeMatcher,64,5,61,1,2,0,0,0,20,3,0,0.799,,1800,,,,,3,,,
CompleteGumtreeMatcher,64,5,61,1,2,0,0,0,20,3,0,0.899,,1800,,,,,3,,,
CompleteGumtreeMatcher,64,5,61,1,2,0,0,0,20,3,0,0.999,,1800,,,,,3,,,
CompleteGumtreeMatcher,64,5,61,1,2,0,0,0,20,3,0,0.1,,1800,,,,,4,,,
CompleteGumtreeMatcher,64,5,61,1,2,0,0,0,20,3,0,0.2,,1800,,,,,4,,,
CompleteGumtreeMatcher,64,5,61,1,2,0,0,0,20,3,0,0.3,,1800,,,,,4,,,
CompleteGumtreeMatcher,64,5,61,1,2,0,0,0,20,3,0,0.4,,1800,,,,,4,,,
CompleteGumtreeMatcher,64,5,61,1,2,0,0,0,20,3,0,0.5,,1800,,,,,4,,,
CompleteGumtreeMatcher,64,5,61,1,2,0,0,0,20,3,0,0.6,,1800,,,,,4,,,
CompleteGumtreeMatcher,64,5,61,1,2,0,0,0,20,3,0,0.7,,1800,,,,,4,,,
CompleteGumtreeMatcher,64,5,61,1,2,0,0,0,20,3,0,0.799,,1800,,,,,4,,,
CompleteGumtreeMatcher,64,5,61,1,2,0,0,0,20,3,0,0.899,,1800,,,,,4,,,
CompleteGumtreeMatcher,64,5,61,1,2,0,0,0,20,3,0,0.999,,1800,,,,,4,,,
CompleteGumtreeMatcher,64,5,61,1,2,0,0,0,20,3,0,0.1,,1800,,,,,5,,,
CompleteGumtreeMatcher,64,5,61,1,2,0,0,0,20,3,0,0.2,,1800,,,,,5,,,
CompleteGumtreeMatcher,64,5,61,1,2,0,0,0,20,3,0,0.3,,1800,,,,,5,,,
CompleteGumtreeMatcher,64,5,61,1,2,0,0,0,20,3,0,0.4,,1800,,,,,5,,,
CompleteGumtreeMatcher,64,5,61,1,2,0,0,0,20,3,0,0.5,,1800,,,,,5,,,
CompleteGumtreeMatcher,64,5,61,1,2,0,0,0,20,3,0,0.6,,1800,,,,,5,,,
CompleteGumtreeMatcher,64,5,61,1,2,0,0,0,20,3,0,0.7,,1800,,,,,5,,,
CompleteGumtreeMatcher,64,5,61,1,2,0,0,0,20,3,0,0.799,,1800,,,,,5,,,
CompleteGumtreeMatcher,64,5,61,1,2,0,0,0,20,3,0,0.899,,1800,,,,,5,,,
CompleteGumtreeMatcher,64,5,61,1,2,0,0,0,20,3,0,0.999,,1800,,,,,5,,,
CompleteGumtreeMatcher,66,6,63,1,2,0,0,0,20,3,0,0.1,,1900,,,,,1,,,
CompleteGumtreeMatcher,66,6,63,1,2,0,0,0,20,3,0,0.2,,1900,,,,,1,,,
CompleteGumtreeMatcher,66,6,63,1,2,0,0,0,20,3,0,0.3,,1900,,,,,1,,,
CompleteGumtreeMatcher,66,6,63,1,2,0,0,0,20,3,0,0.4,,1900,,,,,1,,,
CompleteGumtreeMatcher,66,6,63,1,2,0,0,0,20,3,0,0.5,,1900,,,,,1,,,
CompleteGumtreeMatcher,66,6,63,1,2,0,0,0,20,3,0,0.6,,1900,,,,,1,,,
CompleteGumtreeMatcher,66,6,63,1,2,0,0,0,20,3,0,0.7,,1900,,,,,1,,,
CompleteGumtreeMatcher,66,6,63,1,2,0,0,0,20,3,0,0.799,,1900,,,,,1,,,
CompleteGumtreeMatcher,66,6,63,1,2,0,0,0,20,3,0,0.899,,1900,,,,,1,,,
CompleteGumtreeMatcher,66,6,63,1,2,0,0,0,20,3,0,0.999,,1900,,,,,1,,,
CompleteGumtreeMatcher,64,5,61,1,2,0,0,0,20,3,0,0.1,,1900,,,,,2,,,
CompleteGumtreeMatcher,64,5,61,1,2,0,0,0,20,3,0,0.2,,1900,,,,,2,,,
CompleteGumtreeMatcher,64,5,61,1,2,0,0,0,20,3,0,0.3,,1900,,,,,2,,,
CompleteGumtreeMatcher,64,5,61,1,2,0,0,0,20,3,0,0.4,,1900,,,,,2,,,
CompleteGumtreeMatcher,64,5,61,1,2,0,0,0,20,3,0,0.5,,1900,,,,,2,,,
CompleteGumtreeMatcher,64,5,61,1,2,0,0,0,20,3,0,0.6,,1900,,,,,2,,,
CompleteGumtreeMatcher,64,5,61,1,2,0,0,0,20,3,0,0.7,,1900,,,,,2,,,
CompleteGumtreeMatcher,64,5,61,1,2,0,0,0,20,3,0,0.799,,1900,,,,,2,,,
CompleteGumtreeMatcher,64,5,61,1,2,0,0,0,20,3,0,0.899,,1900,,,,,2,,,
CompleteGumtreeMatcher,64,5,61,1,2,0,0,0,21,3,0,0.999,,1900,,,,,2,,,
CompleteGumtreeMatcher,64,5,61,1,2,0,0,0,20,3,0,0.1,,1900,,,,,3,,,
CompleteGumtreeMatcher,64,5,61,1,2,0,0,0,20,3,0,0.2,,1900,,,,,3,,,
CompleteGumtreeMatcher,64,5,61,1,2,0,0,0,20,3,0,0.3,,1900,,,,,3,,,
CompleteGumtreeMatcher,64,5,61,1,2,0,0,0,20,3,0,0.4,,1900,,,,,3,,,
CompleteGumtreeMatcher,64,5,61,1,2,0,0,0,20,3,0,0.5,,1900,,,,,3,,,
CompleteGumtreeMatcher,64,5,61,1,2,0,0,0,20,3,0,0.6,,1900,,,,,3,,,
CompleteGumtreeMatcher,64,5,61,1,2,0,0,0,20,3,0,0.7,,1900,,,,,3,,,
CompleteGumtreeMatcher,64,5,61,1,2,0,0,0,20,3,0,0.799,,1900,,,,,3,,,
CompleteGumtreeMatcher,64,5,61,1,2,0,0,0,20,3,0,0.899,,1900,,,,,3,,,
CompleteGumtreeMatcher,64,5,61,1,2,0,0,0,20,3,0,0.999,,1900,,,,,3,,,
CompleteGumtreeMatcher,64,5,61,1,2,0,0,0,20,3,0,0.1,,1900,,,,,4,,,
CompleteGumtreeMatcher,64,5,61,1,2,0,0,0,20,3,0,0.2,,1900,,,,,4,,,
CompleteGumtreeMatcher,64,5,61,1,2,0,0,0,20,3,0,0.3,,1900,,,,,4,,,
CompleteGumtreeMatcher,64,5,61,1,2,0,0,0,20,3,0,0.4,,1900,,,,,4,,,
CompleteGumtreeMatcher,64,5,61,1,2,0,0,0,20,3,0,0.5,,1900,,,,,4,,,
CompleteGumtreeMatcher,64,5,61,1,2,0,0,0,20,3,0,0.6,,1900,,,,,4,,,
CompleteGumtreeMatcher,64,5,61,1,2,0,0,0,20,3,0,0.7,,1900,,,,,4,,,
CompleteGumtreeMatcher,64,5,61,1,2,0,0,0,20,3,0,0.799,,1900,,,,,4,,,
CompleteGumtreeMatcher,64,5,61,1,2,0,0,0,20,3,0,0.899,,1900,,,,,4,,,
CompleteGumtreeMatcher,64,5,61,1,2,0,0,0,20,3,0,0.999,,1900,,,,,4,,,
CompleteGumtreeMatcher,64,5,61,1,2,0,0,0,20,3,0,0.1,,1900,,,,,5,,,
CompleteGumtreeMatcher,64,5,61,1,2,0,0,0,19,3,0,0.2,,1900,,,,,5,,,
CompleteGumtreeMatcher,64,5,61,1,2,0,0,0,20,3,0,0.3,,1900,,,,,5,,,
CompleteGumtreeMatcher,64,5,61,1,2,0,0,0,20,3,0,0.4,,1900,,,,,5,,,
CompleteGumtreeMatcher,64,5,61,1,2,0,0,0,20,3,0,0.5,,1900,,,,,5,,,
CompleteGumtreeMatcher,64,5,61,1,2,0,0,0,20,3,0,0.6,,1900,,,,,5,,,
CompleteGumtreeMatcher,64,5,61,1,2,0,0,0,20,3,0,0.7,,1900,,,,,5,,,
CompleteGumtreeMatcher,64,5,61,1,2,0,0,0,20,3,0,0.799,,1900,,,,,5,,,
CompleteGumtreeMatcher,64,5,61,1,2,0,0,0,20,3,0,0.899,,1900,,,,,5,,,
CompleteGumtreeMatcher,64,5,61,1,2,0,0,0,20,3,0,0.999,,1900,,,,,5,,,
CompleteGumtreeMatcher,66,6,63,1,2,0,0,0,20,3,0,0.1,,2000,,,,,1,,,
CompleteGumtreeMatcher,66,6,63,1,2,0,0,0,20,3,0,0.2,,2000,,,,,1,,,
CompleteGumtreeMatcher,66,6,63,1,2,0,0,0,20,3,0,0.3,,2000,,,,,1,,,
CompleteGumtreeMatcher,66,6,63,1,2,0,0,0,20,3,0,0.4,,2000,,,,,1,,,
CompleteGumtreeMatcher,66,6,63,1,2,0,0,0,20,3,0,0.5,,2000,,,,,1,,,
CompleteGumtreeMatcher,66,6,63,1,2,0,0,0,20,3,0,0.6,,2000,,,,,1,,,
CompleteGumtreeMatcher,66,6,63,1,2,0,0,0,20,3,0,0.7,,2000,,,,,1,,,
CompleteGumtreeMatcher,66,6,63,1,2,0,0,0,20,3,0,0.799,,2000,,,,,1,,,
CompleteGumtreeMatcher,66,6,63,1,2,0,0,0,20,3,0,0.899,,2000,,,,,1,,,
CompleteGumtreeMatcher,66,6,63,1,2,0,0,0,20,3,0,0.999,,2000,,,,,1,,,
CompleteGumtreeMatcher,64,5,61,1,2,0,0,0,20,3,0,0.1,,2000,,,,,2,,,
CompleteGumtreeMatcher,64,5,61,1,2,0,0,0,20,3,0,0.2,,2000,,,,,2,,,
CompleteGumtreeMatcher,64,5,61,1,2,0,0,0,20,3,0,0.3,,2000,,,,,2,,,
CompleteGumtreeMatcher,64,5,61,1,2,0,0,0,20,3,0,0.4,,2000,,,,,2,,,
CompleteGumtreeMatcher,64,5,61,1,2,0,0,0,20,3,0,0.5,,2000,,,,,2,,,
CompleteGumtreeMatcher,64,5,61,1,2,0,0,0,20,3,0,0.6,,2000,,,,,2,,,
CompleteGumtreeMatcher,64,5,61,1,2,0,0,0,20,3,0,0.7,,2000,,,,,2,,,
CompleteGumtreeMatcher,64,5,61,1,2,0,0,0,20,3,0,0.799,,2000,,,,,2,,,
CompleteGumtreeMatcher,64,5,61,1,2,0,0,0,20,3,0,0.899,,2000,,,,,2,,,
CompleteGumtreeMatcher,64,5,61,1,2,0,0,0,20,3,0,0.999,,2000,,,,,2,,,
CompleteGumtreeMatcher,64,5,61,1,2,0,0,0,20,3,0,0.1,,2000,,,,,3,,,
CompleteGumtreeMatcher,64,5,61,1,2,0,0,0,20,3,0,0.2,,2000,,,,,3,,,
CompleteGumtreeMatcher,64,5,61,1,2,0,0,0,20,3,0,0.3,,2000,,,,,3,,,
CompleteGumtreeMatcher,64,5,61,1,2,0,0,0,20,3,0,0.4,,2000,,,,,3,,,
CompleteGumtreeMatcher,64,5,61,1,2,0,0,0,20,3,0,0.5,,2000,,,,,3,,,
CompleteGumtreeMatcher,64,5,61,1,2,0,0,0,20,3,0,0.6,,2000,,,,,3,,,
CompleteGumtreeMatcher,64,5,61,1,2,0,0,0,20,3,0,0.7,,2000,,,,,3,,,
CompleteGumtreeMatcher,64,5,61,1,2,0,0,0,20,3,0,0.799,,2000,,,,,3,,,
CompleteGumtreeMatcher,64,5,61,1,2,0,0,0,20,3,0,0.899,,2000,,,,,3,,,
CompleteGumtreeMatcher,64,5,61,1,2,0,0,0,20,3,0,0.999,,2000,,,,,3,,,
CompleteGumtreeMatcher,64,5,61,1,2,0,0,0,20,3,0,0.1,,2000,,,,,4,,,
CompleteGumtreeMatcher,64,5,61,1,2,0,0,0,20,3,0,0.2,,2000,,,,,4,,,
CompleteGumtreeMatcher,64,5,61,1,2,0,0,0,20,3,0,0.3,,2000,,,,,4,,,
CompleteGumtreeMatcher,64,5,61,1,2,0,0,0,20,3,0,0.4,,2000,,,,,4,,,
CompleteGumtreeMatcher,64,5,61,1,2,0,0,0,20,3,0,0.5,,2000,,,,,4,,,
CompleteGumtreeMatcher,64,5,61,1,2,0,0,0,20,3,0,0.6,,2000,,,,,4,,,
CompleteGumtreeMatcher,64,5,61,1,2,0,0,0,20,3,0,0.7,,2000,,,,,4,,,
CompleteGumtreeMatcher,64,5,61,1,2,0,0,0,20,3,0,0.799,,2000,,,,,4,,,
CompleteGumtreeMatcher,64,5,61,1,2,0,0,0,20,3,0,0.899,,2000,,,,,4,,,
CompleteGumtreeMatcher,64,5,61,1,2,0,0,0,20,3,0,0.999,,2000,,,,,4,,,
CompleteGumtreeMatcher,64,5,61,1,2,0,0,0,20,3,0,0.1,,2000,,,,,5,,,
CompleteGumtreeMatcher,64,5,61,1,2,0,0,0,20,3,0,0.2,,2000,,,,,5,,,
CompleteGumtreeMatcher,64,5,61,1,2,0,0,0,20,3,0,0.3,,2000,,,,,5,,,
CompleteGumtreeMatcher,64,5,61,1,2,0,0,0,20,3,0,0.4,,2000,,,,,5,,,
CompleteGumtreeMatcher,64,5,61,1,2,0,0,0,20,3,0,0.5,,2000,,,,,5,,,
CompleteGumtreeMatcher,64,5,61,1,2,0,0,0,20,3,0,0.6,,2000,,,,,5,,,
CompleteGumtreeMatcher,64,5,61,1,2,0,0,0,20,3,0,0.7,,2000,,,,,5,,,
CompleteGumtreeMatcher,64,5,61,1,2,0,0,0,20,3,0,0.799,,2000,,,,,5,,,
CompleteGumtreeMatcher,64,5,61,1,2,0,0,0,20,3,0,0.899,,2000,,,,,5,,,
CompleteGumtreeMatcher,64,5,61,1,2,0,0,0,19,3,0,0.999,,2000,,,,,5,,,
ChangeDistiller,204,124,81,21,55,47,0,0,120,4,0,,,,0.1,2,0.2,0.1,,,,
ChangeDistiller,204,124,81,21,55,47,0,0,120,4,0,,,,0.1,4,0.2,0.1,,,,
ChangeDistiller,204,124,81,21,55,47,0,0,120,4,0,,,,0.1,6,0.2,0.1,,,,
ChangeDistiller,206,125,84,24,51,47,0,0,120,4,0,,,,0.1,2,0.4,0.1,,,,
ChangeDistiller,204,127,82,22,53,47,0,0,120,4,0,,,,0.1,4,0.4,0.1,,,,
ChangeDistiller,204,124,81,21,55,47,0,0,119,4,0,,,,0.1,6,0.4,0.1,,,,
ChangeDistiller,220,110,88,25,55,52,0,0,119,4,0,,,,0.1,6,0.6,0.1,,,,
ChangeDistiller,227,109,93,30,51,53,0,0,119,4,0,,,,0.1,2,0.8,0.1,,,,
ChangeDistiller,220,110,88,25,55,52,0,0,117,4,0,,,,0.1,6,0.8,0.1,,,,
ChangeDistiller,231,111,94,31,51,55,0,0,117,4,0,,,,0.1,2,1.0,0.1,,,,
ChangeDistiller,225,111,90,27,54,54,0,0,117,4,0,,,,0.1,4,1.0,0.1,,,,
ChangeDistiller,220,110,88,25,55,52,0,0,117,4,0,,,,0.1,6,1.0,0.1,,,,
ChangeDistiller,150,86,75,15,31,29,0,0,73,4,0,,,,0.3,2,0.2,0.1,,,,
ChangeDistiller,150,86,75,15,31,29,0,0,74,4,0,,,,0.3,4,0.2,0.1,,,,
ChangeDistiller,150,86,75,15,31,29,0,0,73,4,0,,,,0.3,6,0.2,0.1,,,,
ChangeDistiller,160,93,80,20,28,32,0,0,74,4,0,,,,0.3,2,0.4,0.1,,,,
ChangeDistiller,152,89,76,16,30,30,0,0,74,4,0,,,,0.3,4,0.4,0.1,,,,
ChangeDistiller,150,86,75,15,31,29,0,0,75,4,0,,,,0.3,6,0.4,0.1,,,,
ChangeDistiller,163,84,85,8,28,42,0,0,74,4,0,,,,0.3,2,0.6,0.1,,,,
ChangeDistiller,152,81,79,5,30,38,0,0,74,4,0,,,,0.3,4,0.6,0.1,,,,
ChangeDistiller,187,81,90,23,28,46,0,0,74,4,0,,,,0.3,2,0.8,0.1,,,,
ChangeDistiller,173,82,84,15,30,44,0,0,75,4,0,,,,0.3,4,0.8,0.1,,,,
ChangeDistiller,172,83,83,14,31,44,0,0,74,4,0,,,,0.3,6,0.8,0.1,,,,
ChangeDistiller,187,81,90,23,28,46,0,0,74,4,0,,,,0.3,2,1.0,0.1,,,,
ChangeDistiller,173,82,84,15,30,44,0,0,74,4,0,,,,0.3,4,1.0,0.1,,,,
ChangeDistiller,172,83,83,14,31,44,0,0,74,4,0,,,,0.3,6,1.0,0.1,,,,
ChangeDistiller,109,52,65,5,19,20,0,0,44,4,0,,,,0.5,2,0.2,0.1,,,,
ChangeDistiller,109,52,65,5,19,20,0,0,44,4,0,,,,0.5,4,0.2,0.1,,,,
ChangeDistiller,109,52,65,5,19,20,0,0,43,4,0,,,,0.5,6,0.2,0.1,,,,
ChangeDistiller,118,56,71,11,15,21,0,0,43,4,0,,,,0.5,2,0.4,0.1,,,,
ChangeDistiller,111,55,66,6,18,21,0,0,44,4,0,,,,0.5,4,0.4,0.1,,,,
ChangeDistiller,109,52,65,5,19,20,0,0,44,4,0,,,,0.5,6,0.4,0.1,,,,
ChangeDistiller,117,49,73,4,15,25,0,0,44,4,0,,,,0.5,2,0.6,0.1,,,,
ChangeDistiller,111,55,66,6,18,21,0,0,44,4,0,,,,0.5,4,0.6,0.1,,,,
ChangeDistiller,109,52,65,5,19,20,0,0,44,4,0,,,,0.5,6,0.6,0.1,,,,
ChangeDistiller,136,55,77,11,15,33,0,0,44,4,0,,,,0.5,2,0.8,0.1,,,,
ChangeDistiller,125,56,70,6,18,31,0,0,44,4,0,,,,0.5,4,0.8,0.1,,,,
ChangeDistiller,155,61,82,18,15,40,0,0,45,4,0,,,,0.5,2,1.0,0.1,,,,
ChangeDistiller,139,64,73,9,19,38,0,0,44,4,0,,,,0.5,6,1.0,0.1,,,,
ChangeDistiller,87,30,64,4,8,11,0,0,28,4,0,,,,0.7,2,0.2,0.1,,,,
ChangeDistiller,87,30,64,4,8,11,0,0,28,4,0,,,,0.7,4,0.2,0.1,,,,
ChangeDistiller,87,30,64,4,8,11,0,0,28,4,0,,,,0.7,6,0.2,0.1,,,,
ChangeDistiller,86,29,65,5,6,10,0,0,28,4,0,,,,0.7,2,0.4,0.1,,,,
ChangeDistiller,87,31,65,5,6,11,0,0,28,4,0,,,,0.7,4,0.4,0.1,,,,
ChangeDistiller,87,30,64,4,8,11,0,0,27,4,0,,,,0.7,6,0.4,0.1,,,,
ChangeDistiller,96,29,70,4,5,17,0,0,28,4,0,,,,0.7,2,0.6,0.1,,,,
ChangeDistiller,89,32,65,5,7,12,0,0,28,4,0,,,,0.7,4,0.6,0.1,,,,
ChangeDistiller,87,30,64,4,8,11,0,0,27,4,0,,,,0.7,6,0.6,0.1,,,,
ChangeDistiller,100,31,71,5,5,19,0,0,28,4,0,,,,0.7,2,0.8,0.1,,,,
ChangeDistiller,94,31,67,3,7,17,0,0,28,4,0,,,,0.7,4,0.8,0.1,,,,
ChangeDistiller,93,32,66,2,8,17,0,0,28,4,0,,,,0.7,6,0.8,0.1,,,,
ChangeDistiller,132,42,78,16,5,33,0,0,28,4,0,,,,0.7,2,1.0,0.1,,,,
ChangeDistiller,122,43,73,11,7,31,0,0,28,4,0,,,,0.7,4,1.0,0.1,,,,
ChangeDistiller,121,44,72,10,8,31,0,0,28,4,0,,,,0.7,6,1.0,0.1,,,,
ChangeDistiller,73,17,61,1,3,8,0,0,15,4,0,,,,0.899,2,0.2,0.1,,,,
ChangeDistiller,73,17,61,1,3,8,0,0,14,4,0,,,,0.899,4,0.2,0.1,,,,
ChangeDistiller,73,17,61,1,3,8,0,0,15,4,0,,,,0.899,6,0.2,0.1,,,,
ChangeDistiller,73,18,62,2,1,8,0,0,15,4,0,,,,0.899,2,0.4,0.1,,,,
ChangeDistiller,70,16,61,1,1,7,0,0,14,4,0,,,,0.899,4,0.4,0.1,,,,
ChangeDistiller,73,17,61,1,3,8,0,0,15,4,0,,,,0.899,6,0.4,0.1,,,,
ChangeDistiller,81,23,65,5,0,11,0,0,15,4,0,,,,0.899,2,0.6,0.1,,,,
ChangeDistiller,75,19,62,2,2,9,0,0,14,4,0,,,,0.899,4,0.6,0.1,,,,
ChangeDistiller,73,17,61,1,3,8,0,0,15,4,0,,,,0.899,6,0.6,0.1,,,,
ChangeDistiller,91,24,69,4,0,18,0,0,15,4,0,,,,0.899,2,0.8,0.1,,,,
ChangeDistiller,83,20,64,3,2,14,0,0,14,4,0,,,,0.899,4,0.8,0.1,,,,
ChangeDistiller,82,21,63,2,3,14,0,0,14,4,0,,,,0.899,6,0.8,0.1,,,,
ChangeDistiller,111,28,73,13,0,25,0,0,15,4,0,,,,0.899,2,1.0,0.1,,,,
ChangeDistiller,101,28,68,8,2,23,0,0,15,4,0,,,,0.899,4,1.0,0.1,,,,
ChangeDistiller,100,29,67,7,3,23,0,0,15,4,0,,,,0.899,6,1.0,0.1,,,,
ChangeDistiller,213,123,88,28,49,48,0,0,117,4,0,,,,0.1,2,0.2,0.3,,,,
ChangeDistiller,215,125,90,30,47,48,0,0,117,4,0,,,,0.1,4,0.2,0.3,,,,
ChangeDistiller,213,124,90,30,46,47,0,0,117,4,0,,,,0.1,6,0.2,0.3,,,,
ChangeDistiller,214,123,91,31,45,47,0,0,117,4,0,,,,0.1,2,0.4,0.3,,,,
ChangeDistiller,213,124,90,30,46,47,0,0,117,4,0,,,,0.1,4,0.4,0.3,,,,
ChangeDistiller,213,124,90,30,46,47,0,0,117,4,0,,,,0.1,6,0.4,0.3,,,,
ChangeDistiller,234,103,99,38,45,52,0,0,117,4,0,,,,0.1,2,0.6,0.3,,,,
ChangeDistiller,233,104,98,37,46,52,0,0,117,4,0,,,,0.1,4,0.6,0.3,,,,
ChangeDistiller,230,103,97,36,46,51,0,0,117,4,0,,,,0.1,6,0.6,0.3,,,,
ChangeDistiller,237,104,100,39,45,53,0,0,119,4,0,,,,0.1,2,0.8,0.3,,,,
ChangeDistiller,233,104,98,37,46,52,0,0,117,4,0,,,,0.1,4,0.8,0.3,,,,
ChangeDistiller,230,103,97,36,46,51,0,0,117,4,0,,,,0.1,6,0.8,0.3,,,,
ChangeDistiller,240,104,101,40,45,54,0,0,117,4,0,,,,0.1,2,1.0,0.3,,,,
ChangeDistiller,236,104,99,38,46,53,0,0,117,4,0,,,,0.1,4,1.0,0.3,,,,
ChangeDistiller,230,103,97,36,46,51,0,0,117,4,0,,,,0.1,6,1.0,0.3,,,,
ChangeDistiller,156,88,77,17,31,31,0,0,73,4,0,,,,0.3,2,0.2,0.3,,,,
ChangeDistiller,158,87,78,18,31,31,0,0,74,4,0,,,,0.3,4,0.2,0.3,,,,
ChangeDistiller,158,87,78,18,31,31,0,0,73,4,0,,,,0.3,6,0.2,0.3,,,,
ChangeDistiller,174,94,84,24,28,38,0,0,73,4,0,,,,0.3,2,0.4,0.3,,,,
ChangeDistiller,165,91,80,20,30,35,0,0,73,4,0,,,,0.3,4,0.4,0.3,,,,
ChangeDistiller,163,88,79,19,31,34,0,0,74,4,0,,,,0.3,6,0.4,0.3,,,,
ChangeDistiller,171,82,87,14,28,42,0,0,74,4,0,,,,0.3,2,0.6,0.3,,,,
ChangeDistiller,159,80,82,8,30,39,0,0,74,4,0,,,,0.3,4,0.6,0.3,,,,
ChangeDistiller,158,81,81,7,31,39,0,0,74,4,0,,,,0.3,6,0.6,0.3,,,,
ChangeDistiller,195,79,92,29,28,46,0,0,74,4,0,,,,0.3,2,0.8,0.3,,,,
ChangeDistiller,181,81,87,19,30,45,0,0,73,4,0,,,,0.3,4,0.8,0.3,,,,
ChangeDistiller,180,82,86,18,31,45,0,0,74,4,0,,,,0.3,6,0.8,0.3,,,,
ChangeDistiller,195,79,92,29,28,46,0,0,74,4,0,,,,0.3,2,1.0,0.3,,,,
ChangeDistiller,181,81,87,19,30,45,0,0,73,4,0,,,,0.3,4,1.0,0.3,,,,
ChangeDistiller,180,82,86,18,31,45,0,0,74,4,0,,,,0.3,6,1.0,0.3,,,,
ChangeDistiller,114,52,67,7,19,21,0,0,44,4,0,,,,0.5,2,0.2,0.3,,,,
ChangeDistiller,113,48,69,9,16,19,0,0,43,4,0,,,,0.5,4,0.2,0.3,,,,
ChangeDistiller,113,48,69,9,16,19,0,0,43,4,0,,,,0.5,6,0.2,0.3,,,,
ChangeDistiller,122,56,73,13,14,22,0,0,44,4,0,,,,0.5,2,0.4,0.3,,,,
ChangeDistiller,115,51,70,10,15,20,0,0,44,4,0,,,,0.5,4,0.4,0.3,,,,
ChangeDistiller,113,48,69,9,16,19,0,0,44,4,0,,,,0.5,6,0.4,0.3,,,,
ChangeDistiller,125,49,76,8,14,27,0,0,43,4,0,,,,0.5,2,0.6,0.3,,,,
ChangeDistiller,115,48,72,3,15,25,0,0,43,4,0,,,,0.5,4,0.6,0.3,,,,
ChangeDistiller,114,49,71,2,16,25,0,0,45,4,0,,,,0.5,6,0.6,0.3,,,,
ChangeDistiller,141,53,79,15,14,33,0,0,43,4,0,,,,0.5,2,0.8,0.3,,,,
ChangeDistiller,120,49,73,5,15,27,0,0,43,4,0,,,,0.5,4,0.8,0.3,,,,
ChangeDistiller,119,50,72,4,16,27,0,0,44,4,0,,,,0.5,6,0.8,0.3,,,,
ChangeDistiller,160,59,84,22,14,40,0,0,44,4,0,,,,0.5,2,1.0,0.3,,,,
ChangeDistiller,143,58,78,13,15,37,0,0,43,4,0,,,,0.5,4,1.0,0.3,,,,
ChangeDistiller,142,59,77,12,16,37,0,0,43,4,0,,,,0.5,6,1.0,0.3,,,,
ChangeDistiller,90,31,65,5,8,12,0,0,28,4,0,,,,0.7,2,0.2,0.3,,,,
ChangeDistiller,89,29,65,5,8,11,0,0,28,4,0,,,,0.7,4,0.2,0.3,,,,
ChangeDistiller,89,29,65,5,8,11,0,0,28,4,0,,,,0.7,6,0.2,0.3,,,,
ChangeDistiller,89,30,66,6,6,11,0,0,27,4,0,,,,0.7,2,0.4,0.3,,,,
ChangeDistiller,89,30,66,6,6,11,0,0,28,4,0,,,,0.7,4,0.4,0.3,,,,
ChangeDistiller,89,29,65,5,8,11,0,0,28,4,0,,,,0.7,6,0.4,0.3,,,,
ChangeDistiller,104,30,72,8,5,19,0,0,28,4,0,,,,0.7,2,0.6,0.3,,,,
ChangeDistiller,91,31,66,6,7,12,0,0,28,4,0,,,,0.7,4,0.6,0.3,,,,
ChangeDistiller,89,29,65,5,8,11,0,0,28,4,0,,,,0.7,6,0.6,0.3,,,,
ChangeDistiller,104,30,72,8,5,19,0,0,28,4,0,,,,0.7,2,0.8,0.3,,,,
ChangeDistiller,95,30,68,3,7,17,0,0,27,4,0,,,,0.7,4,0.8,0.3,,,,
ChangeDistiller,94,31,67,2,8,17,0,0,28,4,0,,,,0.7,6,0.8,0.3,,,,
ChangeDistiller,136,41,79,19,5,33,0,0,28,4,0,,,,0.7,2,1.0,0.3,,,,
ChangeDistiller,123,42,74,11,7,31,0,0,28,4,0,,,,0.7,4,1.0,0.3,,,,
ChangeDistiller,122,43,73,10,8,31,0,0,28,4,0,,,,0.7,6,1.0,0.3,,,,
ChangeDistiller,73,17,61,1,3,8,0,0,15,4,0,,,,0.899,2,0.2,0.3,,,,
ChangeDistiller,73,17,61,1,3,8,0,0,14,4,0,,,,0.899,4,0.2,0.3,,,,
ChangeDistiller,73,17,61,1,3,8,0,0,14,4,0,,,,0.899,6,0.2,0.3,,,,
ChangeDistiller,73,18,62,2,1,8,0,0,15,4,0,,,,0.899,2,0.4,0.3,,,,
ChangeDistiller,73,18,62,2,1,8,0,0,15,4,0,,,,0.899,4,0.4,0.3,,,,
ChangeDistiller,73,17,61,1,3,8,0,0,14,4,0,,,,0.899,6,0.4,0.3,,,,
ChangeDistiller,81,23,65,5,0,11,0,0,15,4,0,,,,0.899,2,0.6,0.3,,,,
ChangeDistiller,75,19,62,2,2,9,0,0,15,4,0,,,,0.899,4,0.6,0.3,,,,
ChangeDistiller,73,17,61,1,3,8,0,0,15,4,0,,,,0.899,6,0.6,0.3,,,,
ChangeDistiller,91,24,69,4,0,18,0,0,14,4,0,,,,0.899,2,0.8,0.3,,,,
ChangeDistiller,83,20,64,3,2,14,0,0,15,4,0,,,,0.899,4,0.8,0.3,,,,
ChangeDistiller,82,21,63,2,3,14,0,0,15,4,0,,,,0.899,6,0.8,0.3,,,,
ChangeDistiller,111,28,73,13,0,25,0,0,15,4,0,,,,0.899,2,1.0,0.3,,,,
ChangeDistiller,101,28,68,8,2,23,0,0,14,4,0,,,,0.899,4,1.0,0.3,,,,
ChangeDistiller,100,29,67,7,3,23,0,0,15,4,0,,,,0.899,6,1.0,0.3,,,,
ChangeDistiller,219,126,91,31,48,49,0,0,117,4,0,,,,0.1,2,0.2,0.5,,,,
ChangeDistiller,220,123,93,33,46,48,0,0,117,4,0,,,,0.1,4,0.2,0.5,,,,
ChangeDistiller,222,126,94,34,45,49,0,0,117,4,0,,,,0.1,6,0.2,0.5,,,,
ChangeDistiller,218,123,93,33,45,47,0,0,117,4,0,,,,0.1,2,0.4,0.5,,,,
ChangeDistiller,218,123,93,33,45,47,0,0,117,4,0,,,,0.1,4,0.4,0.5,,,,
ChangeDistiller,222,126,94,34,45,49,0,0,116,4,0,,,,0.1,6,0.4,0.5,,,,
ChangeDistiller,230,101,100,33,45,52,0,0,117,4,0,,,,0.1,2,0.6,0.5,,,,
ChangeDistiller,230,101,100,33,45,52,0,0,117,4,0,,,,0.1,4,0.6,0.5,,,,
ChangeDistiller,230,101,100,33,45,52,0,0,117,4,0,,,,0.1,6,0.6,0.5,,,,
ChangeDistiller,240,100,102,41,45,52,0,0,117,4,0,,,,0.1,2,0.8,0.5,,,,
ChangeDistiller,237,99,101,40,45,51,0,0,117,4,0,,,,0.1,4,0.8,0.5,,,,
ChangeDistiller,237,99,101,40,45,51,0,0,117,4,0,,,,0.1,6,0.8,0.5,,,,
ChangeDistiller,244,102,103,42,45,54,0,0,117,4,0,,,,0.1,2,1.0,0.5,,,,
ChangeDistiller,241,101,102,41,45,53,0,0,117,4,0,,,,0.1,4,1.0,0.5,,,,
ChangeDistiller,237,99,101,40,45,51,0,0,117,4,0,,,,0.1,6,1.0,0.5,,,,
ChangeDistiller,167,92,82,22,30,33,0,0,74,4,0,,,,0.3,2,0.2,0.5,,,,
ChangeDistiller,180,92,88,28,28,36,0,0,74,4,0,,,,0.3,4,0.2,0.5,,,,
ChangeDistiller,182,94,89,29,27,37,0,0,74,4,0,,,,0.3,6,0.2,0.5,,,,
ChangeDistiller,187,93,90,30,27,40,0,0,74,4,0,,,,0.3,2,0.4,0.5,,,,
ChangeDistiller,187,93,90,30,27,40,0,0,74,4,0,,,,0.3,4,0.4,0.5,,,,
ChangeDistiller,187,93,90,30,27,40,0,0,74,4,0,,,,0.3,6,0.4,0.5,,,,
ChangeDistiller,179,79,92,18,27,42,0,0,73,4,0,,,,0.3,2,0.6,0.5,,,,
ChangeDistiller,179,79,92,18,27,42,0,0,74,4,0,,,,0.3,4,0.6,0.5,,,,
ChangeDistiller,179,79,92,18,27,42,0,0,74,4,0,,,,0.3,6,0.6,0.5,,,,
ChangeDistiller,207,76,97,37,27,46,0,0,74,4,0,,,,0.3,2,0.8,0.5,,,,
ChangeDistiller,207,76,97,37,27,46,0,0,74,4,0,,,,0.3,4,0.8,0.5,,,,
ChangeDistiller,207,76,97,37,27,46,0,0,74,4,0,,,,0.3,6,0.8,0.5,,,,
ChangeDistiller,207,76,97,37,27,46,0,0,74,4,0,,,,0.3,2,1.0,0.5,,,,
ChangeDistiller,207,76,97,37,27,46,0,0,74,4,0,,,,0.3,4,1.0,0.5,,,,
ChangeDistiller,207,76,97,37,27,46,0,0,74,4,0,,,,0.3,6,1.0,0.5,,,,
ChangeDistiller,119,53,69,9,19,22,0,0,43,4,0,,,,0.5,2,0.2,0.5,,,,
ChangeDistiller,125,53,74,14,15,22,0,0,44,4,0,,,,0.5,4,0.2,0.5,,,,
ChangeDistiller,127,55,75,15,14,23,0,0,43,4,0,,,,0.5,6,0.2,0.5,,,,
ChangeDistiller,127,55,75,15,14,23,0,0,43,4,0,,,,0.5,2,0.4,0.5,,,,
ChangeDistiller,127,55,75,15,14,23,0,0,43,4,0,,,,0.5,4,0.4,0.5,,,,
ChangeDistiller,127,55,75,15,14,23,0,0,43,4,0,,,,0.5,6,0.4,0.5,,,,
ChangeDistiller,130,49,78,10,14,28,0,0,43,4,0,,,,0.5,2,0.6,0.5,,,,
ChangeDistiller,124,49,77,6,14,27,0,0,43,4,0,,,,0.5,4,0.6,0.5,,,,
ChangeDistiller,124,49,77,6,14,27,0,0,43,4,0,,,,0.5,6,0.6,0.5,,,,
ChangeDistiller,147,51,81,19,14,33,0,0,44,4,0,,,,0.5,2,0.8,0.5,,,,
ChangeDistiller,137,52,79,12,14,32,0,0,44,4,0,,,,0.5,4,0.8,0.5,,,,
ChangeDistiller,137,52,79,12,14,32,0,0,43,4,0,,,,0.5,6,0.8,0.5,,,,
ChangeDistiller,166,57,86,26,14,40,0,0,44,4,0,,,,0.5,2,1.0,0.5,,,,
ChangeDistiller,153,57,83,18,14,38,0,0,43,4,0,,,,0.5,4,1.0,0.5,,,,
ChangeDistiller,153,57,83,18,14,38,0,0,44,4,0,,,,0.5,6,1.0,0.5,,,,
ChangeDistiller,90,31,65,5,8,12,0,0,28,4,0,,,,0.7,2,0.2,0.5,,,,
ChangeDistiller,91,32,66,6,7,12,0,0,28,4,0,,,,0.7,4,0.2,0.5,,,,
ChangeDistiller,89,30,66,6,6,11,0,0,28,4,0,,,,0.7,6,0.2,0.5,,,,
ChangeDistiller,89,30,66,6,6,11,0,0,28,4,0,,,,0.7,2,0.4,0.5,,,,
ChangeDistiller,89,30,66,6,6,11,0,0,28,4,0,,,,0.7,4,0.4,0.5,,,,
ChangeDistiller,89,30,66,6,6,11,0,0,28,4,0,,,,0.7,6,0.4,0.5,,,,
ChangeDistiller,104,30,72,8,5,19,0,0,28,4,0,,,,0.7,2,0.6,0.5,,,,
ChangeDistiller,93,34,67,7,6,13,0,0,28,4,0,,,,0.7,4,0.6,0.5,,,,
ChangeDistiller,89,30,66,6,6,11,0,0,28,4,0,,,,0.7,6,0.6,0.5,,,,
ChangeDistiller,104,30,72,8,5,19,0,0,28,4,0,,,,0.7,2,0.8,0.5,,,,
ChangeDistiller,96,30,69,4,6,17,0,0,28,4,0,,,,0.7,4,0.8,0.5,,,,
ChangeDistiller,93,29,68,3,6,16,0,0,28,4,0,,,,0.7,6,0.8,0.5,,,,
ChangeDistiller,136,41,79,19,5,33,0,0,28,4,0,,,,0.7,2,1.0,0.5,,,,
ChangeDistiller,124,42,75,12,6,31,0,0,28,4,0,,,,0.7,4,1.0,0.5,,,,
ChangeDistiller,121,41,74,11,6,30,0,0,27,4,0,,,,0.7,6,1.0,0.5,,,,
ChangeDistiller,73,17,61,1,3,8,0,0,14,4,0,,,,0.899,2,0.2,0.5,,,,
ChangeDistiller,75,20,62,2,2,9,0,0,15,4,0,,,,0.899,4,0.2,0.5,,,,
ChangeDistiller,73,18,62,2,1,8,0,0,14,4,0,,,,0.899,6,0.2,0.5,,,,
ChangeDistiller,73,18,62,2,1,8,0,0,15,4,0,,,,0.899,2,0.4,0.5,,,,
ChangeDistiller,73,18,62,2,1,8,0,0,14,4,0,,,,0.899,4,0.4,0.5,,,,
ChangeDistiller,73,18,62,2,1,8,0,0,15,4,0,,,,0.899,6,0.4,0.5,,,,
ChangeDistiller,81,23,65,5,0,11,0,0,15,4,0,,,,0.899,2,0.6,0.5,,,,
ChangeDistiller,77,22,63,3,1,10,0,0,15,4,0,,,,0.899,4,0.6,0.5,,,,
ChangeDistiller,73,18,62,2,1,8,0,0,14,4,0,,,,0.899,6,0.6,0.5,,,,
ChangeDistiller,91,24,69,4,0,18,0,0,15,4,0,,,,0.899,2,0.8,0.5,,,,
ChangeDistiller,84,20,65,4,1,14,0,0,15,4,0,,,,0.899,4,0.8,0.5,,,,
ChangeDistiller,81,19,64,3,1,13,0,0,14,4,0,,,,0.899,6,0.8,0.5,,,,
ChangeDistiller,111,28,73,13,0,25,0,0,15,4,0,,,,0.899,2,1.0,0.5,,,,
ChangeDistiller,102,28,69,9,1,23,0,0,15,4,0,,,,0.899,4,1.0,0.5,,,,
ChangeDistiller,99,27,68,8,1,22,0,0,15,4,0,,,,0.899,6,1.0,0.5,,,,
ChangeDistiller,226,128,94,34,48,50,0,0,117,4,0,,,,0.1,2,0.2,0.7,,,,
ChangeDistiller,229,129,98,38,44,49,0,0,116,4,0,,,,0.1,4,0.2,0.7,,,,
ChangeDistiller,232,128,99,39,44,50,0,0,117,4,0,,,,0.1,6,0.2,0.7,,,,
ChangeDistiller,229,127,98,38,44,49,0,0,117,4,0,,,,0.1,2,0.4,0.7,,,,
ChangeDistiller,232,128,99,39,44,50,0,0,117,4,0,,,,0.1,4,0.4,0.7,,,,
ChangeDistiller,232,128,99,39,44,50,0,0,117,4,0,,,,0.1,6,0.4,0.7,,,,
ChangeDistiller,244,98,105,44,44,51,0,0,117,4,0,,,,0.1,2,0.6,0.7,,,,
ChangeDistiller,247,99,106,45,44,52,0,0,117,4,0,,,,0.1,4,0.6,0.7,,,,
ChangeDistiller,247,99,106,45,44,52,0,0,117,4,0,,,,0.1,6,0.6,0.7,,,,
ChangeDistiller,247,99,106,45,44,52,0,0,117,4,0,,,,0.1,2,0.8,0.7,,,,
ChangeDistiller,247,99,106,45,44,52,0,0,117,4,0,,,,0.1,4,0.8,0.7,,,,
ChangeDistiller,247,99,106,45,44,52,0,0,117,4,0,,,,0.1,6,0.8,0.7,,,,
ChangeDistiller,251,99,107,47,44,53,0,0,117,4,0,,,,0.1,2,1.0,0.7,,,,
ChangeDistiller,251,99,107,47,44,53,0,0,117,4,0,,,,0.1,4,1.0,0.7,,,,
ChangeDistiller,247,99,106,45,44,52,0,0,117,4,0,,,,0.1,6,1.0,0.7,,,,
ChangeDistiller,182,101,87,27,30,38,0,0,73,4,0,,,,0.3,2,0.2,0.7,,,,
ChangeDistiller,191,98,92,32,28,39,0,0,74,4,0,,,,0.3,4,0.2,0.7,,,,
ChangeDistiller,193,100,93,33,27,40,0,0,74,4,0,,,,0.3,6,0.2,0.7,,,,
ChangeDistiller,198,99,94,34,27,43,0,0,73,4,0,,,,0.3,2,0.4,0.7,,,,
ChangeDistiller,198,99,94,34,27,43,0,0,74,4,0,,,,0.3,4,0.4,0.7,,,,
ChangeDistiller,198,99,94,34,27,43,0,0,74,4,0,,,,0.3,6,0.4,0.7,,,,
ChangeDistiller,193,81,97,23,27,46,0,0,73,4,0,,,,0.3,2,0.6,0.7,,,,
ChangeDistiller,193,81,97,23,27,46,0,0,76,4,0,,,,0.3,4,0.6,0.7,,,,
ChangeDistiller,193,81,97,23,27,46,0,0,73,4,0,,,,0.3,6,0.6,0.7,,,,
ChangeDistiller,216,76,101,41,27,47,0,0,74,4,0,,,,0.3,2,0.8,0.7,,,,
ChangeDistiller,216,76,101,41,27,47,0,0,74,4,0,,,,0.3,4,0.8,0.7,,,,
ChangeDistiller,216,76,101,41,27,47,0,0,74,4,0,,,,0.3,6,0.8,0.7,,,,
ChangeDistiller,216,76,101,41,27,47,0,0,74,4,0,,,,0.3,2,1.0,0.7,,,,
ChangeDistiller,216,76,101,41,27,47,0,0,74,4,0,,,,0.3,4,1.0,0.7,,,,
ChangeDistiller,216,76,101,41,27,47,0,0,74,4,0,,,,0.3,6,1.0,0.7,,,,
ChangeDistiller,129,61,72,12,19,26,0,0,43,4,0,,,,0.5,2,0.2,0.7,,,,
ChangeDistiller,144,63,80,20,15,29,0,0,43,4,0,,,,0.5,4,0.2,0.7,,,,
ChangeDistiller,146,65,81,21,14,30,0,0,43,4,0,,,,0.5,6,0.2,0.7,,,,
ChangeDistiller,136,61,78,18,14,26,0,0,43,4,0,,,,0.5,2,0.4,0.7,,,,
ChangeDistiller,146,65,81,21,14,30,0,0,44,4,0,,,,0.5,4,0.4,0.7,,,,
ChangeDistiller,146,65,81,21,14,30,0,0,43,4,0,,,,0.5,6,0.4,0.7,,,,
ChangeDistiller,137,53,81,11,14,31,0,0,43,4,0,,,,0.5,2,0.6,0.7,,,,
ChangeDistiller,141,55,83,11,14,33,0,0,43,4,0,,,,0.5,4,0.6,0.7,,,,
ChangeDistiller,141,55,83,11,14,33,0,0,43,4,0,,,,0.5,6,0.6,0.7,,,,
ChangeDistiller,163,54,87,25,14,37,0,0,43,4,0,,,,0.5,2,0.8,0.7,,,,
ChangeDistiller,163,54,87,25,14,37,0,0,43,4,0,,,,0.5,4,0.8,0.7,,,,
ChangeDistiller,163,54,87,25,14,37,0,0,44,4,0,,,,0.5,6,0.8,0.7,,,,
ChangeDistiller,173,57,89,29,14,41,0,0,44,4,0,,,,0.5,2,1.0,0.7,,,,
ChangeDistiller,173,57,89,29,14,41,0,0,45,4,0,,,,0.5,4,1.0,0.7,,,,
ChangeDistiller,173,57,89,29,14,41,0,0,43,4,0,,,,0.5,6,1.0,0.7,,,,
ChangeDistiller,97,36,67,7,8,15,0,0,28,4,0,,,,0.7,2,0.2,0.7,,,,
ChangeDistiller,108,39,72,12,6,18,0,0,28,4,0,,,,0.7,4,0.2,0.7,,,,
ChangeDistiller,110,41,73,13,5,19,0,0,28,4,0,,,,0.7,6,0.2,0.7,,,,
ChangeDistiller,95,34,68,8,6,13,0,0,27,4,0,,,,0.7,2,0.4,0.7,,,,
ChangeDistiller,106,38,72,12,5,17,0,0,28,4,0,,,,0.7,4,0.4,0.7,,,,
ChangeDistiller,110,41,73,13,5,19,0,0,28,4,0,,,,0.7,6,0.4,0.7,,,,
ChangeDistiller,109,32,74,9,5,21,0,0,27,4,0,,,,0.7,2,0.6,0.7,,,,
ChangeDistiller,111,33,75,9,5,22,0,0,27,4,0,,,,0.7,4,0.6,0.7,,,,
ChangeDistiller,111,33,75,9,5,22,0,0,29,4,0,,,,0.7,6,0.6,0.7,,,,
ChangeDistiller,111,33,75,9,5,22,0,0,28,4,0,,,,0.7,2,0.8,0.7,,,,
ChangeDistiller,111,33,75,9,5,22,0,0,28,4,0,,,,0.7,4,0.8,0.7,,,,
ChangeDistiller,111,33,75,9,5,22,0,0,28,4,0,,,,0.7,6,0.8,0.7,,,,
ChangeDistiller,141,41,81,21,5,34,0,0,28,4,0,,,,0.7,2,1.0,0.7,,,,
ChangeDistiller,141,41,81,21,5,34,0,0,28,4,0,,,,0.7,4,1.0,0.7,,,,
ChangeDistiller,141,41,81,21,5,34,0,0,28,4,0,,,,0.7,6,1.0,0.7,,,,
ChangeDistiller,77,19,62,2,3,10,0,0,15,4,0,,,,0.899,2,0.2,0.7,,,,
ChangeDistiller,89,26,67,7,1,14,0,0,15,4,0,,,,0.899,4,0.2,0.7,,,,
ChangeDistiller,91,28,68,8,0,15,0,0,14,4,0,,,,0.899,6,0.2,0.7,,,,
ChangeDistiller,76,19,63,3,1,9,0,0,14,4,0,,,,0.899,2,0.4,0.7,,,,
ChangeDistiller,87,25,67,7,0,13,0,0,15,4,0,,,,0.899,4,0.4,0.7,,,,
ChangeDistiller,91,28,68,8,0,15,0,0,14,4,0,,,,0.899,6,0.4,0.7,,,,
ChangeDistiller,84,23,66,6,0,12,0,0,15,4,0,,,,0.899,2,0.6,0.7,,,,
ChangeDistiller,94,24,70,5,0,19,0,0,15,4,0,,,,0.899,4,0.6,0.7,,,,
ChangeDistiller,94,24,70,5,0,19,0,0,15,4,0,,,,0.899,6,0.6,0.7,,,,
ChangeDistiller,94,24,70,5,0,19,0,0,15,4,0,,,,0.899,2,0.8,0.7,,,,
ChangeDistiller,94,24,70,5,0,19,0,0,15,4,0,,,,0.899,4,0.8,0.7,,,,
ChangeDistiller,94,24,70,5,0,19,0,0,15,4,0,,,,0.899,6,0.8,0.7,,,,
ChangeDistiller,114,28,74,14,0,26,0,0,15,4,0,,,,0.899,2,1.0,0.7,,,,
ChangeDistiller,114,28,74,14,0,26,0,0,15,4,0,,,,0.899,4,1.0,0.7,,,,
ChangeDistiller,114,28,74,14,0,26,0,0,15,4,0,,,,0.899,6,1.0,0.7,,,,
ChangeDistiller,226,128,94,34,48,50,0,0,118,4,0,,,,0.1,2,0.2,0.899,,,,
ChangeDistiller,229,129,98,38,44,49,0,0,117,4,0,,,,0.1,4,0.2,0.899,,,,
ChangeDistiller,238,132,100,40,44,54,0,0,117,4,0,,,,0.1,6,0.2,0.899,,,,
ChangeDistiller,229,127,98,38,44,49,0,0,117,4,0,,,,0.1,2,0.4,0.899,,,,
ChangeDistiller,232,128,99,39,44,50,0,0,117,4,0,,,,0.1,4,0.4,0.899,,,,
ChangeDistiller,236,130,100,40,44,52,0,0,117,4,0,,,,0.1,6,0.4,0.899,,,,
ChangeDistiller,244,98,105,44,44,51,0,0,117,4,0,,,,0.1,2,0.6,0.899,,,,
ChangeDistiller,247,99,106,45,44,52,0,0,117,4,0,,,,0.1,4,0.6,0.899,,,,
ChangeDistiller,251,99,107,47,44,53,0,0,117,4,0,,,,0.1,6,0.6,0.899,,,,
ChangeDistiller,247,99,106,45,44,52,0,0,117,4,0,,,,0.1,2,0.8,0.899,,,,
ChangeDistiller,247,99,106,45,44,52,0,0,116,4,0,,,,0.1,4,0.8,0.899,,,,
ChangeDistiller,251,99,107,47,44,53,0,0,117,4,0,,,,0.1,6,0.8,0.899,,,,
ChangeDistiller,251,99,107,47,44,53,0,0,117,4,0,,,,0.1,2,1.0,0.899,,,,
ChangeDistiller,251,99,107,47,44,53,0,0,117,4,0,,,,0.1,4,1.0,0.899,,,,
ChangeDistiller,251,99,107,47,44,53,0,0,117,4,0,,,,0.1,6,1.0,0.899,,,,
ChangeDistiller,182,101,87,27,30,38,0,0,74,4,0,,,,0.3,2,0.2,0.899,,,,
ChangeDistiller,191,98,92,32,28,39,0,0,74,4,0,,,,0.3,4,0.2,0.899,,,,
ChangeDistiller,193,100,93,33,27,40,0,0,74,4,0,,,,0.3,6,0.2,0.899,,,,
ChangeDistiller,198,99,94,34,27,43,0,0,74,4,0,,,,0.3,2,0.4,0.899,,,,
ChangeDistiller,198,99,94,34,27,43,0,0,74,4,0,,,,0.3,4,0.4,0.899,,,,
ChangeDistiller,198,99,94,34,27,43,0,0,73,4,0,,,,0.3,6,0.4,0.899,,,,
ChangeDistiller,193,81,97,23,27,46,0,0,73,4,0,,,,0.3,2,0.6,0.899,,,,
ChangeDistiller,193,81,97,23,27,46,0,0,74,4,0,,,,0.3,4,0.6,0.899,,,,
ChangeDistiller,193,81,97,23,27,46,0,0,73,4,0,,,,0.3,6,0.6,0.899,,,,
ChangeDistiller,216,76,101,41,27,47,0,0,74,4,0,,,,0.3,2,0.8,0.899,,,,
ChangeDistiller,216,76,101,41,27,47,0,0,77,4,0,,,,0.3,4,0.8,0.899,,,,
ChangeDistiller,216,76,101,41,27,47,0,0,77,4,0,,,,0.3,6,0.8,0.899,,,,
ChangeDistiller,216,76,101,41,27,47,0,0,77,4,0,,,,0.3,2,1.0,0.899,,,,
ChangeDistiller,216,76,101,41,27,47,0,0,77,4,0,,,,0.3,4,1.0,0.899,,,,
ChangeDistiller,216,76,101,41,27,47,0,0,77,4,0,,,,0.3,6,1.0,0.899,,,,
ChangeDistiller,129,61,72,12,19,26,0,0,47,4,0,,,,0.5,2,0.2,0.899,,,,
ChangeDistiller,144,63,80,20,15,29,0,0,47,4,0,,,,0.5,4,0.2,0.899,,,,
ChangeDistiller,146,65,81,21,14,30,0,0,46,4,0,,,,0.5,6,0.2,0.899,,,,
ChangeDistiller,136,61,78,18,14,26,0,0,47,4,0,,,,0.5,2,0.4,0.899,,,,
ChangeDistiller,146,65,81,21,14,30,0,0,46,4,0,,,,0.5,4,0.4,0.899,,,,
ChangeDistiller,146,65,81,21,14,30,0,0,44,4,0,,,,0.5,6,0.4,0.899,,,,
ChangeDistiller,137,53,81,11,14,31,0,0,43,4,0,,,,0.5,2,0.6,0.899,,,,
ChangeDistiller,141,55,83,11,14,33,0,0,43,4,0,,,,0.5,4,0.6,0.899,,,,
ChangeDistiller,141,55,83,11,14,33,0,0,43,4,0,,,,0.5,6,0.6,0.899,,,,
ChangeDistiller,163,54,87,25,14,37,0,0,43,4,0,,,,0.5,2,0.8,0.899,,,,
ChangeDistiller,163,54,87,25,14,37,0,0,44,4,0,,,,0.5,4,0.8,0.899,,,,
ChangeDistiller,163,54,87,25,14,37,0,0,44,4,0,,,,0.5,6,0.8,0.899,,,,
ChangeDistiller,173,57,89,29,14,41,0,0,44,4,0,,,,0.5,2,1.0,0.899,,,,
ChangeDistiller,173,57,89,29,14,41,0,0,44,4,0,,,,0.5,4,1.0,0.899,,,,
ChangeDistiller,173,57,89,29,14,41,0,0,44,4,0,,,,0.5,6,1.0,0.899,,,,
ChangeDistiller,97,36,67,7,8,15,0,0,28,4,0,,,,0.7,2,0.2,0.899,,,,
ChangeDistiller,108,39,72,12,6,18,0,0,28,4,0,,,,0.7,4,0.2,0.899,,,,
ChangeDistiller,110,41,73,13,5,19,0,0,28,4,0,,,,0.7,6,0.2,0.899,,,,
ChangeDistiller,95,34,68,8,6,13,0,0,28,4,0,,,,0.7,2,0.4,0.899,,,,
ChangeDistiller,106,38,72,12,5,17,0,0,27,4,0,,,,0.7,4,0.4,0.899,,,,
ChangeDistiller,110,41,73,13,5,19,0,0,27,4,0,,,,0.7,6,0.4,0.899,,,,
ChangeDistiller,109,32,74,9,5,21,0,0,27,4,0,,,,0.7,2,0.6,0.899,,,,
ChangeDistiller,111,33,75,9,5,22,0,0,28,4,0,,,,0.7,4,0.6,0.899,,,,
ChangeDistiller,111,33,75,9,5,22,0,0,28,4,0,,,,0.7,6,0.6,0.899,,,,
ChangeDistiller,111,33,75,9,5,22,0,0,28,4,0,,,,0.7,2,0.8,0.899,,,,
ChangeDistiller,111,33,75,9,5,22,0,0,27,4,0,,,,0.7,4,0.8,0.899,,,,
ChangeDistiller,111,33,75,9,5,22,0,0,28,4,0,,,,0.7,6,0.8,0.899,,,,
ChangeDistiller,141,41,81,21,5,34,0,0,28,4,0,,,,0.7,2,1.0,0.899,,,,
ChangeDistiller,141,41,81,21,5,34,0,0,28,4,0,,,,0.7,4,1.0,0.899,,,,
ChangeDistiller,141,41,81,21,5,34,0,0,28,4,0,,,,0.7,6,1.0,0.899,,,,
ChangeDistiller,77,19,62,2,3,10,0,0,15,4,0,,,,0.899,2,0.2,0.899,,,,
ChangeDistiller,89,26,67,7,1,14,0,0,15,4,0,,,,0.899,4,0.2,0.899,,,,
ChangeDistiller,91,28,68,8,0,15,0,0,15,4,0,,,,0.899,6,0.2,0.899,,,,
ChangeDistiller,76,19,63,3,1,9,0,0,14,4,0,,,,0.899,2,0.4,0.899,,,,
ChangeDistiller,87,25,67,7,0,13,0,0,15,4,0,,,,0.899,4,0.4,0.899,,,,
ChangeDistiller,91,28,68,8,0,15,0,0,15,4,0,,,,0.899,6,0.4,0.899,,,,
ChangeDistiller,84,23,66,6,0,12,0,0,15,4,0,,,,0.899,2,0.6,0.899,,,,
ChangeDistiller,94,24,70,5,0,19,0,0,15,4,0,,,,0.899,4,0.6,0.899,,,,
ChangeDistiller,94,24,70,5,0,19,0,0,15,4,0,,,,0.899,6,0.6,0.899,,,,
ChangeDistiller,94,24,70,5,0,19,0,0,14,4,0,,,,0.899,2,0.8,0.899,,,,
ChangeDistiller,94,24,70,5,0,19,0,0,14,4,0,,,,0.899,4,0.8,0.899,,,,
ChangeDistiller,94,24,70,5,0,19,0,0,14,4,0,,,,0.899,6,0.8,0.899,,,,
ChangeDistiller,114,28,74,14,0,26,0,0,13,4,0,,,,0.899,2,1.0,0.899,,,,
ChangeDistiller,114,28,74,14,0,26,0,0,14,4,0,,,,0.899,4,1.0,0.899,,,,
ChangeDistiller,114,28,74,14,0,26,0,0,14,4,0,,,,0.899,6,1.0,0.899,,,,
