ClassicGumtree_0.2_700_1
ClassicGumtree_0.2_800_1
ClassicGumtree_0.2_900_1
ClassicGumtree_0.2_1000_1
ClassicGumtree_0.2_1100_1
ClassicGumtree_0.2_1200_1
ClassicGumtree_0.2_1300_1
ClassicGumtree_0.2_1400_1
ClassicGumtree_0.2_1500_1
ClassicGumtree_0.2_1600_1
ClassicGumtree_0.2_1700_1
ClassicGumtree_0.2_1800_1
ClassicGumtree_0.2_1900_1
ClassicGumtree_0.2_2000_1
ClassicGumtree_0.3_700_1
ClassicGumtree_0.3_800_1
ClassicGumtree_0.3_900_1
ClassicGumtree_0.3_1000_1
ClassicGumtree_0.3_1100_1
ClassicGumtree_0.3_1200_1
ClassicGumtree_0.3_1300_1
ClassicGumtree_0.3_1400_1
ClassicGumtree_0.3_1500_1
ClassicGumtree_0.3_1600_1
ClassicGumtree_0.3_1700_1
ClassicGumtree_0.3_1800_1
ClassicGumtree_0.3_1900_1
ClassicGumtree_0.3_2000_1
ClassicGumtree_0.4_700_1
ClassicGumtree_0.4_800_1
ClassicGumtree_0.4_900_1
ClassicGumtree_0.4_1000_1
ClassicGumtree_0.4_1100_1
ClassicGumtree_0.4_1200_1
ClassicGumtree_0.4_1300_1
ClassicGumtree_0.4_1400_1
ClassicGumtree_0.4_1500_1
ClassicGumtree_0.4_1600_1
ClassicGumtree_0.4_1700_1
ClassicGumtree_0.4_1800_1
ClassicGumtree_0.4_1900_1
ClassicGumtree_0.4_2000_1
ClassicGumtree_0.5_700_1
ClassicGumtree_0.5_800_1
ClassicGumtree_0.5_900_1
ClassicGumtree_0.5_1000_1
ClassicGumtree_0.5_1100_1
ClassicGumtree_0.5_1200_1
ClassicGumtree_0.5_1300_1
ClassicGumtree_0.5_1400_1
ClassicGumtree_0.5_1500_1
ClassicGumtree_0.5_1600_1
ClassicGumtree_0.5_1700_1
ClassicGumtree_0.5_1800_1
ClassicGumtree_0.5_1900_1
ClassicGumtree_0.5_2000_1
ClassicGumtree_0.6_700_1
ClassicGumtree_0.6_800_1
ClassicGumtree_0.6_900_1
ClassicGumtree_0.6_1000_1
ClassicGumtree_0.6_1100_1
ClassicGumtree_0.6_1200_1
ClassicGumtree_0.6_1300_1
ClassicGumtree_0.6_1400_1
ClassicGumtree_0.6_1500_1
ClassicGumtree_0.6_1600_1
ClassicGumtree_0.6_1700_1
ClassicGumtree_0.6_1800_1
ClassicGumtree_0.6_1900_1
ClassicGumtree_0.6_2000_1
ClassicGumtree_0.7_700_1
ClassicGumtree_0.7_800_1
ClassicGumtree_0.7_900_1
ClassicGumtree_0.7_1000_1
ClassicGumtree_0.7_1100_1
ClassicGumtree_0.7_1200_1
ClassicGumtree_0.7_1300_1
ClassicGumtree_0.7_1400_1
ClassicGumtree_0.7_1500_1
ClassicGumtree_0.7_1600_1
ClassicGumtree_0.7_1700_1
ClassicGumtree_0.7_1800_1
ClassicGumtree_0.7_1900_1
ClassicGumtree_0.7_2000_1
ClassicGumtree_0.8_700_1
ClassicGumtree_0.8_800_1
ClassicGumtree_0.8_900_1
ClassicGumtree_0.8_1000_1
ClassicGumtree_0.8_1100_1
ClassicGumtree_0.8_1200_1
ClassicGumtree_0.8_1300_1
ClassicGumtree_0.8_1400_1
ClassicGumtree_0.8_1500_1
ClassicGumtree_0.8_1600_1
ClassicGumtree_0.8_1700_1
ClassicGumtree_0.8_1800_1
ClassicGumtree_0.8_1900_1
ClassicGumtree_0.8_2000_1
ClassicGumtree_0.9_700_1
ClassicGumtree_0.9_800_1
ClassicGumtree_0.9_900_1
ClassicGumtree_0.9_1000_1
ClassicGumtree_0.9_1100_1
ClassicGumtree_0.9_1200_1
ClassicGumtree_0.9_1300_1
ClassicGumtree_0.9_1400_1
ClassicGumtree_0.9_1500_1
ClassicGumtree_0.9_1600_1
ClassicGumtree_0.9_1700_1
ClassicGumtree_0.9_1800_1
ClassicGumtree_0.9_1900_1
ClassicGumtree_0.9_2000_1
SimpleGumtree_0.1_1
SimpleGumtree_0.3_1
SimpleGumtree_0.5_1
SimpleGumtree_0.7_1
SimpleGumtree_0.9_1
SimpleGumtree_0.1_2
SimpleGumtree_0.3_2
SimpleGumtree_0.5_2
SimpleGumtree_0.7_2
SimpleGumtree_0.9_2
