ClassicGumtree_0.6_100_1
ClassicGumtree_0.6_200_1
ClassicGumtree_0.6_300_1
ClassicGumtree_0.6_400_1
ClassicGumtree_0.6_500_1
ClassicGumtree_0.6_600_1
ClassicGumtree_0.6_700_1
ClassicGumtree_0.6_800_1
ClassicGumtree_0.6_900_1
ClassicGumtree_0.6_1000_1
ClassicGumtree_0.6_1100_1
ClassicGumtree_0.6_1200_1
ClassicGumtree_0.6_1300_1
ClassicGumtree_0.6_1400_1
ClassicGumtree_0.6_1500_1
ClassicGumtree_0.6_1600_1
ClassicGumtree_0.6_1700_1
ClassicGumtree_0.6_1800_1
ClassicGumtree_0.6_1900_1
ClassicGumtree_0.6_2000_1
ClassicGumtree_0.7_100_1
ClassicGumtree_0.7_200_1
ClassicGumtree_0.7_300_1
ClassicGumtree_0.7_400_1
ClassicGumtree_0.7_500_1
ClassicGumtree_0.7_600_1
ClassicGumtree_0.7_700_1
ClassicGumtree_0.7_800_1
ClassicGumtree_0.7_900_1
ClassicGumtree_0.7_1000_1
ClassicGumtree_0.7_1100_1
ClassicGumtree_0.7_1200_1
ClassicGumtree_0.7_1300_1
ClassicGumtree_0.7_1400_1
ClassicGumtree_0.7_1500_1
ClassicGumtree_0.7_1600_1
ClassicGumtree_0.7_1700_1
ClassicGumtree_0.7_1800_1
ClassicGumtree_0.7_1900_1
ClassicGumtree_0.7_2000_1
ClassicGumtree_0.8_100_1
ClassicGumtree_0.8_200_1
ClassicGumtree_0.8_300_1
ClassicGumtree_0.8_400_1
ClassicGumtree_0.8_500_1
ClassicGumtree_0.8_600_1
ClassicGumtree_0.8_700_1
ClassicGumtree_0.8_800_1
ClassicGumtree_0.8_900_1
ClassicGumtree_0.8_1000_1
ClassicGumtree_0.8_1100_1
ClassicGumtree_0.8_1200_1
ClassicGumtree_0.8_1300_1
ClassicGumtree_0.8_1400_1
ClassicGumtree_0.8_1500_1
ClassicGumtree_0.8_1600_1
ClassicGumtree_0.8_1700_1
ClassicGumtree_0.8_1800_1
ClassicGumtree_0.8_1900_1
ClassicGumtree_0.8_2000_1
