MATCHER,NRACTIONS,NRROOTS,NR_INSERT,NR_DELETE,NR_UPDATE,NR_MOVE,NR_TREEINSERT,NR_TREEDELETE,TIME,NROPTIONS,TIMEOUT,GT_BUM_SMT,GT_BUM_SMT_SBUP,GT_BUM_SZT,GT_CD_LSIM,GT_CD_ML,GT_CD_SSIM1,GT_CD_SSIM2,GT_STM_MH,GT_XYM_SIM,GUMTREE_MATCH_GT_MINH,
SimpleGumtree,43,20,22,12,1,8,0,0,4,2,0,,0.1,,,,,,1,,,
SimpleGumtree,43,20,22,12,1,8,0,0,4,2,0,,0.1,,,,,,2,,,
SimpleGumtree,79,15,42,32,0,5,0,0,3,2,0,,0.1,,,,,,3,,,
SimpleGumtree,124,11,66,56,0,2,0,0,4,2,0,,0.1,,,,,,4,,,
SimpleGumtree,155,11,82,72,0,1,0,0,4,2,0,,0.1,,,,,,5,,,
SimpleGumtree,43,20,22,12,1,8,0,0,4,2,0,,0.3,,,,,,1,,,
SimpleGumtree,43,20,22,12,1,8,0,0,4,2,0,,0.3,,,,,,2,,,
SimpleGumtree,79,15,42,32,0,5,0,0,4,2,0,,0.3,,,,,,3,,,
SimpleGumtree,124,11,66,56,0,2,0,0,4,2,0,,0.3,,,,,,4,,,
SimpleGumtree,155,11,82,72,0,1,0,0,4,2,0,,0.3,,,,,,5,,,
SimpleGumtree,43,20,22,12,1,8,0,0,4,2,0,,0.5,,,,,,1,,,
SimpleGumtree,43,20,22,12,1,8,0,0,4,2,0,,0.5,,,,,,2,,,
SimpleGumtree,79,15,42,32,0,5,0,0,4,2,0,,0.5,,,,,,3,,,
SimpleGumtree,124,11,66,56,0,2,0,0,4,2,0,,0.5,,,,,,4,,,
SimpleGumtree,155,11,82,72,0,1,0,0,4,2,0,,0.5,,,,,,5,,,
SimpleGumtree,43,20,22,12,1,8,0,0,4,2,0,,0.7,,,,,,1,,,
SimpleGumtree,43,20,22,12,1,8,0,0,4,2,0,,0.7,,,,,,2,,,
SimpleGumtree,79,15,42,32,0,5,0,0,4,2,0,,0.7,,,,,,3,,,
SimpleGumtree,124,11,66,56,0,2,0,0,4,2,0,,0.7,,,,,,4,,,
SimpleGumtree,155,11,82,72,0,1,0,0,4,2,0,,0.7,,,,,,5,,,
SimpleGumtree,43,20,22,12,1,8,0,0,4,2,0,,0.899,,,,,,1,,,
SimpleGumtree,43,20,22,12,1,8,0,0,4,2,0,,0.899,,,,,,2,,,
SimpleGumtree,79,15,42,32,0,5,0,0,4,2,0,,0.899,,,,,,3,,,
SimpleGumtree,124,11,66,56,0,2,0,0,4,2,0,,0.899,,,,,,4,,,
SimpleGumtree,155,11,82,72,0,1,0,0,4,2,0,,0.899,,,,,,5,,,
ClassicGumtree,45,22,23,13,1,8,0,0,7,3,0,0.1,,100,,,,,1,,,
ClassicGumtree,45,22,23,13,1,8,0,0,7,3,0,0.2,,100,,,,,1,,,
ClassicGumtree,45,22,23,13,1,8,0,0,23,3,0,0.3,,100,,,,,1,,,
ClassicGumtree,45,22,23,13,1,8,0,0,7,3,0,0.4,,100,,,,,1,,,
ClassicGumtree,46,20,24,14,1,7,0,0,8,3,0,0.5,,100,,,,,1,,,
ClassicGumtree,46,20,24,14,1,7,0,0,434,3,0,0.6,,100,,,,,1,,,
ClassicGumtree,46,20,24,14,1,7,0,0,433,3,0,0.7,,100,,,,,1,,,
ClassicGumtree,54,17,27,17,1,9,0,0,430,3,0,0.799,,100,,,,,1,,,
ClassicGumtree,64,18,30,20,0,14,0,0,430,3,0,0.899,,100,,,,,1,,,
ClassicGumtree,102,50,32,22,0,48,0,0,5,3,0,0.999,,100,,,,,1,,,
ClassicGumtree,41,24,20,10,2,9,0,0,24,3,0,0.1,,200,,,,,1,,,
ClassicGumtree,41,24,20,10,2,9,0,0,25,3,0,0.2,,200,,,,,1,,,
ClassicGumtree,41,24,20,10,2,9,0,0,24,3,0,0.3,,200,,,,,1,,,
ClassicGumtree,41,24,20,10,2,9,0,0,23,3,0,0.4,,200,,,,,1,,,
ClassicGumtree,42,22,21,11,2,8,0,0,25,3,0,0.5,,200,,,,,1,,,
ClassicGumtree,42,22,21,11,2,8,0,0,26,3,0,0.6,,200,,,,,1,,,
ClassicGumtree,42,22,21,11,2,8,0,0,25,3,0,0.7,,200,,,,,1,,,
ClassicGumtree,48,23,23,13,2,10,0,0,406,3,0,0.799,,200,,,,,1,,,
ClassicGumtree,64,18,30,20,0,14,0,0,3,3,0,0.899,,200,,,,,1,,,
ClassicGumtree,102,50,32,22,0,48,0,0,397,3,0,0.999,,200,,,,,1,,,
ClassicGumtree,41,24,20,10,2,9,0,0,417,3,0,0.1,,300,,,,,1,,,
ClassicGumtree,41,24,20,10,2,9,0,0,449,3,0,0.2,,300,,,,,1,,,
ClassicGumtree,41,24,20,10,2,9,0,0,417,3,0,0.3,,300,,,,,1,,,
ClassicGumtree,41,24,20,10,2,9,0,0,417,3,0,0.4,,300,,,,,1,,,
ClassicGumtree,42,22,21,11,2,8,0,0,417,3,0,0.5,,300,,,,,1,,,
ClassicGumtree,42,22,21,11,2,8,0,0,416,3,0,0.6,,300,,,,,1,,,
ClassicGumtree,42,22,21,11,2,8,0,0,417,3,0,0.7,,300,,,,,1,,,
ClassicGumtree,48,23,23,13,2,10,0,0,412,3,0,0.799,,300,,,,,1,,,
ClassicGumtree,64,18,30,20,0,14,0,0,5,3,0,0.899,,300,,,,,1,,,
ClassicGumtree,102,50,32,22,0,48,0,0,4,3,0,0.999,,300,,,,,1,,,
ClassicGumtree,39,22,19,9,2,9,0,0,225,3,0,0.1,,400,,,,,1,,,
ClassicGumtree,39,22,19,9,2,9,0,0,158,3,0,0.2,,400,,,,,1,,,
ClassicGumtree,39,22,19,9,2,9,0,0,156,3,0,0.3,,400,,,,,1,,,
ClassicGumtree,39,22,19,9,2,9,0,0,221,3,0,0.4,,400,,,,,1,,,
ClassicGumtree,40,20,20,10,2,8,0,0,156,3,0,0.5,,400,,,,,1,,,
ClassicGumtree,40,20,20,10,2,8,0,0,452,3,0,0.6,,400,,,,,1,,,
ClassicGumtree,40,20,20,10,2,8,0,0,157,3,0,0.7,,400,,,,,1,,,
ClassicGumtree,46,21,22,12,2,10,0,0,156,3,0,0.799,,400,,,,,1,,,
ClassicGumtree,46,21,22,12,2,10,0,0,172,3,0,0.899,,400,,,,,1,,,
ClassicGumtree,102,50,32,22,0,48,0,0,4,3,0,0.999,,400,,,,,1,,,
ClassicGumtree,39,22,19,9,2,9,0,0,189,3,0,0.1,,500,,,,,1,,,
ClassicGumtree,39,22,19,9,2,9,0,0,153,3,0,0.2,,500,,,,,1,,,
ClassicGumtree,39,22,19,9,2,9,0,0,153,3,0,0.3,,500,,,,,1,,,
ClassicGumtree,39,22,19,9,2,9,0,0,156,3,0,0.4,,500,,,,,1,,,
ClassicGumtree,40,20,20,10,2,8,0,0,285,3,0,0.5,,500,,,,,1,,,
ClassicGumtree,40,20,20,10,2,8,0,0,153,3,0,0.6,,500,,,,,1,,,
ClassicGumtree,40,20,20,10,2,8,0,0,155,3,0,0.7,,500,,,,,1,,,
ClassicGumtree,46,21,22,12,2,10,0,0,462,3,0,0.799,,500,,,,,1,,,
ClassicGumtree,46,21,22,12,2,10,0,0,197,3,0,0.899,,500,,,,,1,,,
ClassicGumtree,102,50,32,22,0,48,0,0,4,3,0,0.999,,500,,,,,1,,,
ClassicGumtree,39,22,19,9,2,9,0,0,239,3,0,0.1,,600,,,,,1,,,
ClassicGumtree,39,22,19,9,2,9,0,0,153,3,0,0.2,,600,,,,,1,,,
ClassicGumtree,39,22,19,9,2,9,0,0,151,3,0,0.3,,600,,,,,1,,,
ClassicGumtree,39,22,19,9,2,9,0,0,153,3,0,0.4,,600,,,,,1,,,
ClassicGumtree,40,20,20,10,2,8,0,0,156,3,0,0.5,,600,,,,,1,,,
ClassicGumtree,40,20,20,10,2,8,0,0,270,3,0,0.6,,600,,,,,1,,,
ClassicGumtree,40,20,20,10,2,8,0,0,244,3,0,0.7,,600,,,,,1,,,
ClassicGumtree,46,21,22,12,2,10,0,0,309,3,0,0.799,,600,,,,,1,,,
ClassicGumtree,46,21,22,12,2,10,0,0,132,3,0,0.899,,600,,,,,1,,,
ClassicGumtree,102,50,32,22,0,48,0,0,3,3,0,0.999,,600,,,,,1,,,
ClassicGumtree,39,22,19,9,2,9,0,0,150,3,0,0.1,,700,,,,,1,,,
ClassicGumtree,39,22,19,9,2,9,0,0,453,3,0,0.2,,700,,,,,1,,,
ClassicGumtree,39,22,19,9,2,9,0,0,152,3,0,0.3,,700,,,,,1,,,
ClassicGumtree,39,22,19,9,2,9,0,0,156,3,0,0.4,,700,,,,,1,,,
ClassicGumtree,40,20,20,10,2,8,0,0,315,3,0,0.5,,700,,,,,1,,,
ClassicGumtree,40,20,20,10,2,8,0,0,154,3,0,0.6,,700,,,,,1,,,
ClassicGumtree,40,20,20,10,2,8,0,0,262,3,0,0.7,,700,,,,,1,,,
ClassicGumtree,46,21,22,12,2,10,0,0,146,3,0,0.799,,700,,,,,1,,,
ClassicGumtree,46,21,22,12,2,10,0,0,132,3,0,0.899,,700,,,,,1,,,
ClassicGumtree,102,50,32,22,0,48,0,0,4,3,0,0.999,,700,,,,,1,,,
ClassicGumtree,39,22,19,9,2,9,0,0,155,3,0,0.1,,800,,,,,1,,,
ClassicGumtree,39,22,19,9,2,9,0,0,289,3,0,0.2,,800,,,,,1,,,
ClassicGumtree,39,22,19,9,2,9,0,0,389,3,0,0.3,,800,,,,,1,,,
ClassicGumtree,39,22,19,9,2,9,0,0,169,3,0,0.4,,800,,,,,1,,,
ClassicGumtree,40,20,20,10,2,8,0,0,155,3,0,0.5,,800,,,,,1,,,
ClassicGumtree,40,20,20,10,2,8,0,0,249,3,0,0.6,,800,,,,,1,,,
ClassicGumtree,40,20,20,10,2,8,0,0,228,3,0,0.7,,800,,,,,1,,,
ClassicGumtree,46,21,22,12,2,10,0,0,151,3,0,0.799,,800,,,,,1,,,
ClassicGumtree,46,21,22,12,2,10,0,0,262,3,0,0.899,,800,,,,,1,,,
ClassicGumtree,102,50,32,22,0,48,0,0,3,3,0,0.999,,800,,,,,1,,,
ClassicGumtree,39,22,19,9,2,9,0,0,186,3,0,0.1,,900,,,,,1,,,
ClassicGumtree,39,22,19,9,2,9,0,0,153,3,0,0.2,,900,,,,,1,,,
ClassicGumtree,39,22,19,9,2,9,0,0,186,3,0,0.3,,900,,,,,1,,,
ClassicGumtree,39,22,19,9,2,9,0,0,326,3,0,0.4,,900,,,,,1,,,
ClassicGumtree,40,20,20,10,2,8,0,0,157,3,0,0.5,,900,,,,,1,,,
ClassicGumtree,40,20,20,10,2,8,0,0,280,3,0,0.6,,900,,,,,1,,,
ClassicGumtree,40,20,20,10,2,8,0,0,296,3,0,0.7,,900,,,,,1,,,
ClassicGumtree,46,21,22,12,2,10,0,0,176,3,0,0.799,,900,,,,,1,,,
ClassicGumtree,46,21,22,12,2,10,0,0,285,3,0,0.899,,900,,,,,1,,,
ClassicGumtree,102,50,32,22,0,48,0,0,4,3,0,0.999,,900,,,,,1,,,
ClassicGumtree,39,22,19,9,2,9,0,0,3338,3,0,0.1,,1000,,,,,1,,,
ClassicGumtree,39,22,19,9,2,9,0,0,3355,3,0,0.2,,1000,,,,,1,,,
ClassicGumtree,39,22,19,9,2,9,0,0,3817,3,0,0.3,,1000,,,,,1,,,
ClassicGumtree,39,22,19,9,2,9,0,0,3055,3,0,0.4,,1000,,,,,1,,,
ClassicGumtree,40,20,20,10,2,8,0,0,2903,3,0,0.5,,1000,,,,,1,,,
ClassicGumtree,40,20,20,10,2,8,0,0,4033,3,0,0.6,,1000,,,,,1,,,
ClassicGumtree,40,20,20,10,2,8,0,0,3200,3,0,0.7,,1000,,,,,1,,,
ClassicGumtree,46,21,22,12,2,10,0,0,3818,3,0,0.799,,1000,,,,,1,,,
ClassicGumtree,46,21,22,12,2,10,0,0,3267,3,0,0.899,,1000,,,,,1,,,
ClassicGumtree,46,21,22,12,2,10,0,0,1238,3,0,0.999,,1000,,,,,1,,,
ClassicGumtree,39,22,19,9,2,9,0,0,2721,3,0,0.1,,1100,,,,,1,,,
ClassicGumtree,39,22,19,9,2,9,0,0,3147,3,0,0.2,,1100,,,,,1,,,
ClassicGumtree,39,22,19,9,2,9,0,0,2654,3,0,0.3,,1100,,,,,1,,,
ClassicGumtree,39,22,19,9,2,9,0,0,3431,3,0,0.4,,1100,,,,,1,,,
ClassicGumtree,40,20,20,10,2,8,0,0,3043,3,0,0.5,,1100,,,,,1,,,
ClassicGumtree,40,20,20,10,2,8,0,0,3859,3,0,0.6,,1100,,,,,1,,,
ClassicGumtree,40,20,20,10,2,8,0,0,4136,3,0,0.7,,1100,,,,,1,,,
ClassicGumtree,46,21,22,12,2,10,0,0,2701,3,0,0.799,,1100,,,,,1,,,
ClassicGumtree,46,21,22,12,2,10,0,0,2475,3,0,0.899,,1100,,,,,1,,,
ClassicGumtree,46,21,22,12,2,10,0,0,1949,3,0,0.999,,1100,,,,,1,,,
ClassicGumtree,39,22,19,9,2,9,0,0,3693,3,0,0.1,,1200,,,,,1,,,
ClassicGumtree,39,22,19,9,2,9,0,0,2884,3,0,0.2,,1200,,,,,1,,,
ClassicGumtree,39,22,19,9,2,9,0,0,4048,3,0,0.3,,1200,,,,,1,,,
ClassicGumtree,39,22,19,9,2,9,0,0,3589,3,0,0.4,,1200,,,,,1,,,
ClassicGumtree,40,20,20,10,2,8,0,0,2490,3,0,0.5,,1200,,,,,1,,,
ClassicGumtree,40,20,20,10,2,8,0,0,3191,3,0,0.6,,1200,,,,,1,,,
ClassicGumtree,40,20,20,10,2,8,0,0,3670,3,0,0.7,,1200,,,,,1,,,
ClassicGumtree,46,21,22,12,2,10,0,0,3947,3,0,0.799,,1200,,,,,1,,,
ClassicGumtree,46,21,22,12,2,10,0,0,2829,3,0,0.899,,1200,,,,,1,,,
ClassicGumtree,46,21,22,12,2,10,0,0,1351,3,0,0.999,,1200,,,,,1,,,
ClassicGumtree,39,22,19,9,2,9,0,0,4214,3,0,0.1,,1300,,,,,1,,,
ClassicGumtree,39,22,19,9,2,9,0,0,2824,3,0,0.2,,1300,,,,,1,,,
ClassicGumtree,39,22,19,9,2,9,0,0,3666,3,0,0.3,,1300,,,,,1,,,
ClassicGumtree,39,22,19,9,2,9,0,0,3122,3,0,0.4,,1300,,,,,1,,,
ClassicGumtree,40,20,20,10,2,8,0,0,6683,3,0,0.5,,1300,,,,,1,,,
ClassicGumtree,40,20,20,10,2,8,0,0,2733,3,0,0.6,,1300,,,,,1,,,
ClassicGumtree,40,20,20,10,2,8,0,0,2641,3,0,0.7,,1300,,,,,1,,,
ClassicGumtree,46,21,22,12,2,10,0,0,6712,3,0,0.799,,1300,,,,,1,,,
ClassicGumtree,46,21,22,12,2,10,0,0,6369,3,0,0.899,,1300,,,,,1,,,
ClassicGumtree,46,21,22,12,2,10,0,0,1278,3,0,0.999,,1300,,,,,1,,,
ClassicGumtree,39,22,19,9,2,9,0,0,7093,3,0,0.1,,1400,,,,,1,,,
ClassicGumtree,39,22,19,9,2,9,0,0,7648,3,0,0.2,,1400,,,,,1,,,
ClassicGumtree,39,22,19,9,2,9,0,0,6747,3,0,0.3,,1400,,,,,1,,,
ClassicGumtree,39,22,19,9,2,9,0,0,7658,3,0,0.4,,1400,,,,,1,,,
ClassicGumtree,40,20,20,10,2,8,0,0,5423,3,0,0.5,,1400,,,,,1,,,
ClassicGumtree,40,20,20,10,2,8,0,0,7163,3,0,0.6,,1400,,,,,1,,,
ClassicGumtree,40,20,20,10,2,8,0,0,5715,3,0,0.7,,1400,,,,,1,,,
ClassicGumtree,46,21,22,12,2,10,0,0,4370,3,0,0.799,,1400,,,,,1,,,
ClassicGumtree,46,21,22,12,2,10,0,0,2577,3,0,0.899,,1400,,,,,1,,,
ClassicGumtree,46,21,22,12,2,10,0,0,1488,3,0,0.999,,1400,,,,,1,,,
ClassicGumtree,39,22,19,9,2,9,0,0,2490,3,0,0.1,,1500,,,,,1,,,
ClassicGumtree,39,22,19,9,2,9,0,0,2737,3,0,0.2,,1500,,,,,1,,,
ClassicGumtree,39,22,19,9,2,9,0,0,2783,3,0,0.3,,1500,,,,,1,,,
ClassicGumtree,39,22,19,9,2,9,0,0,4694,3,0,0.4,,1500,,,,,1,,,
ClassicGumtree,40,20,20,10,2,8,0,0,3015,3,0,0.5,,1500,,,,,1,,,
ClassicGumtree,40,20,20,10,2,8,0,0,3187,3,0,0.6,,1500,,,,,1,,,
ClassicGumtree,40,20,20,10,2,8,0,0,4523,3,0,0.7,,1500,,,,,1,,,
ClassicGumtree,46,21,22,12,2,10,0,0,4246,3,0,0.799,,1500,,,,,1,,,
ClassicGumtree,46,21,22,12,2,10,0,0,4303,3,0,0.899,,1500,,,,,1,,,
ClassicGumtree,46,21,22,12,2,10,0,0,1708,3,0,0.999,,1500,,,,,1,,,
ClassicGumtree,39,22,19,9,2,9,0,0,4184,3,0,0.1,,1600,,,,,1,,,
ClassicGumtree,39,22,19,9,2,9,0,0,2552,3,0,0.2,,1600,,,,,1,,,
ClassicGumtree,39,22,19,9,2,9,0,0,3319,3,0,0.3,,1600,,,,,1,,,
ClassicGumtree,39,22,19,9,2,9,0,0,2469,3,0,0.4,,1600,,,,,1,,,
ClassicGumtree,40,20,20,10,2,8,0,0,4320,3,0,0.5,,1600,,,,,1,,,
ClassicGumtree,40,20,20,10,2,8,0,0,2904,3,0,0.6,,1600,,,,,1,,,
ClassicGumtree,40,20,20,10,2,8,0,0,4756,3,0,0.7,,1600,,,,,1,,,
ClassicGumtree,46,21,22,12,2,10,0,0,2919,3,0,0.799,,1600,,,,,1,,,
ClassicGumtree,46,21,22,12,2,10,0,0,2569,3,0,0.899,,1600,,,,,1,,,
ClassicGumtree,46,21,22,12,2,10,0,0,2083,3,0,0.999,,1600,,,,,1,,,
ClassicGumtree,39,22,19,9,2,9,0,0,4528,3,0,0.1,,1700,,,,,1,,,
ClassicGumtree,39,22,19,9,2,9,0,0,3047,3,0,0.2,,1700,,,,,1,,,
ClassicGumtree,39,22,19,9,2,9,0,0,3097,3,0,0.3,,1700,,,,,1,,,
ClassicGumtree,39,22,19,9,2,9,0,0,4193,3,0,0.4,,1700,,,,,1,,,
ClassicGumtree,40,20,20,10,2,8,0,0,3261,3,0,0.5,,1700,,,,,1,,,
ClassicGumtree,40,20,20,10,2,8,0,0,4296,3,0,0.6,,1700,,,,,1,,,
ClassicGumtree,40,20,20,10,2,8,0,0,3093,3,0,0.7,,1700,,,,,1,,,
ClassicGumtree,46,21,22,12,2,10,0,0,3080,3,0,0.799,,1700,,,,,1,,,
ClassicGumtree,46,21,22,12,2,10,0,0,2515,3,0,0.899,,1700,,,,,1,,,
ClassicGumtree,46,21,22,12,2,10,0,0,1585,3,0,0.999,,1700,,,,,1,,,
ClassicGumtree,39,22,19,9,2,9,0,0,2635,3,0,0.1,,1800,,,,,1,,,
ClassicGumtree,39,22,19,9,2,9,0,0,4995,3,0,0.2,,1800,,,,,1,,,
ClassicGumtree,39,22,19,9,2,9,0,0,2777,3,0,0.3,,1800,,,,,1,,,
ClassicGumtree,39,22,19,9,2,9,0,0,4451,3,0,0.4,,1800,,,,,1,,,
ClassicGumtree,40,20,20,10,2,8,0,0,2252,3,0,0.5,,1800,,,,,1,,,
ClassicGumtree,40,20,20,10,2,8,0,0,2416,3,0,0.6,,1800,,,,,1,,,
ClassicGumtree,40,20,20,10,2,8,0,0,5134,3,0,0.7,,1800,,,,,1,,,
ClassicGumtree,46,21,22,12,2,10,0,0,3138,3,0,0.799,,1800,,,,,1,,,
ClassicGumtree,46,21,22,12,2,10,0,0,3146,3,0,0.899,,1800,,,,,1,,,
ClassicGumtree,46,21,22,12,2,10,0,0,1140,3,0,0.999,,1800,,,,,1,,,
ClassicGumtree,39,22,19,9,2,9,0,0,3185,3,0,0.1,,1900,,,,,1,,,
ClassicGumtree,39,22,19,9,2,9,0,0,3245,3,0,0.2,,1900,,,,,1,,,
ClassicGumtree,39,22,19,9,2,9,0,0,2918,3,0,0.3,,1900,,,,,1,,,
ClassicGumtree,39,22,19,9,2,9,0,0,3192,3,0,0.4,,1900,,,,,1,,,
ClassicGumtree,40,20,20,10,2,8,0,0,2942,3,0,0.5,,1900,,,,,1,,,
ClassicGumtree,40,20,20,10,2,8,0,0,2761,3,0,0.6,,1900,,,,,1,,,
ClassicGumtree,40,20,20,10,2,8,0,0,2534,3,0,0.7,,1900,,,,,1,,,
ClassicGumtree,46,21,22,12,2,10,0,0,4658,3,0,0.799,,1900,,,,,1,,,
ClassicGumtree,46,21,22,12,2,10,0,0,4079,3,0,0.899,,1900,,,,,1,,,
ClassicGumtree,46,21,22,12,2,10,0,0,1182,3,0,0.999,,1900,,,,,1,,,
ClassicGumtree,39,22,19,9,2,9,0,0,2581,3,0,0.1,,2000,,,,,1,,,
ClassicGumtree,39,22,19,9,2,9,0,0,3383,3,0,0.2,,2000,,,,,1,,,
ClassicGumtree,39,22,19,9,2,9,0,0,2739,3,0,0.3,,2000,,,,,1,,,
ClassicGumtree,39,22,19,9,2,9,0,0,2275,3,0,0.4,,2000,,,,,1,,,
ClassicGumtree,40,20,20,10,2,8,0,0,2361,3,0,0.5,,2000,,,,,1,,,
ClassicGumtree,40,20,20,10,2,8,0,0,4593,3,0,0.6,,2000,,,,,1,,,
ClassicGumtree,40,20,20,10,2,8,0,0,2826,3,0,0.7,,2000,,,,,1,,,
ClassicGumtree,46,21,22,12,2,10,0,0,3150,3,0,0.799,,2000,,,,,1,,,
ClassicGumtree,46,21,22,12,2,10,0,0,3383,3,0,0.899,,2000,,,,,1,,,
ClassicGumtree,46,21,22,12,2,10,0,0,1300,3,0,0.999,,2000,,,,,1,,,
ClassicGumtree,71,34,36,26,1,8,0,0,8,3,0,0.1,,100,,,,,2,,,
ClassicGumtree,71,34,36,26,1,8,0,0,7,3,0,0.2,,100,,,,,2,,,
ClassicGumtree,71,34,36,26,1,8,0,0,8,3,0,0.3,,100,,,,,2,,,
ClassicGumtree,71,34,36,26,1,8,0,0,8,3,0,0.4,,100,,,,,2,,,
ClassicGumtree,72,32,37,27,1,7,0,0,7,3,0,0.5,,100,,,,,2,,,
ClassicGumtree,72,32,37,27,1,7,0,0,8,3,0,0.6,,100,,,,,2,,,
ClassicGumtree,72,32,37,27,1,7,0,0,9,3,0,0.7,,100,,,,,2,,,
ClassicGumtree,85,25,41,31,1,12,0,0,19,3,0,0.799,,100,,,,,2,,,
ClassicGumtree,101,27,44,34,0,23,0,0,4,3,0,0.899,,100,,,,,2,,,
ClassicGumtree,122,44,45,35,0,42,0,0,3,3,0,0.999,,100,,,,,2,,,
ClassicGumtree,57,32,28,18,2,9,0,0,49,3,0,0.1,,200,,,,,2,,,
ClassicGumtree,57,32,28,18,2,9,0,0,40,3,0,0.2,,200,,,,,2,,,
ClassicGumtree,57,32,28,18,2,9,0,0,56,3,0,0.3,,200,,,,,2,,,
ClassicGumtree,57,32,28,18,2,9,0,0,60,3,0,0.4,,200,,,,,2,,,
ClassicGumtree,58,30,29,19,2,8,0,0,41,3,0,0.5,,200,,,,,2,,,
ClassicGumtree,58,30,29,19,2,8,0,0,56,3,0,0.6,,200,,,,,2,,,
ClassicGumtree,58,30,29,19,2,8,0,0,43,3,0,0.7,,200,,,,,2,,,
ClassicGumtree,85,25,41,31,1,12,0,0,3,3,0,0.799,,200,,,,,2,,,
ClassicGumtree,101,27,44,34,0,23,0,0,3,3,0,0.899,,200,,,,,2,,,
ClassicGumtree,122,44,45,35,0,42,0,0,4,3,0,0.999,,200,,,,,2,,,
ClassicGumtree,57,32,28,18,2,9,0,0,23,3,0,0.1,,300,,,,,2,,,
ClassicGumtree,57,32,28,18,2,9,0,0,25,3,0,0.2,,300,,,,,2,,,
ClassicGumtree,57,32,28,18,2,9,0,0,40,3,0,0.3,,300,,,,,2,,,
ClassicGumtree,57,32,28,18,2,9,0,0,25,3,0,0.4,,300,,,,,2,,,
ClassicGumtree,58,30,29,19,2,8,0,0,24,3,0,0.5,,300,,,,,2,,,
ClassicGumtree,58,30,29,19,2,8,0,0,24,3,0,0.6,,300,,,,,2,,,
ClassicGumtree,58,30,29,19,2,8,0,0,57,3,0,0.7,,300,,,,,2,,,
ClassicGumtree,85,25,41,31,1,12,0,0,4,3,0,0.799,,300,,,,,2,,,
ClassicGumtree,101,27,44,34,0,23,0,0,4,3,0,0.899,,300,,,,,2,,,
ClassicGumtree,122,44,45,35,0,42,0,0,3,3,0,0.999,,300,,,,,2,,,
ClassicGumtree,43,24,21,11,2,9,0,0,318,3,0,0.1,,400,,,,,2,,,
ClassicGumtree,43,24,21,11,2,9,0,0,184,3,0,0.2,,400,,,,,2,,,
ClassicGumtree,43,24,21,11,2,9,0,0,186,3,0,0.3,,400,,,,,2,,,
ClassicGumtree,43,24,21,11,2,9,0,0,264,3,0,0.4,,400,,,,,2,,,
ClassicGumtree,44,22,22,12,2,8,0,0,153,3,0,0.5,,400,,,,,2,,,
ClassicGumtree,44,22,22,12,2,8,0,0,231,3,0,0.6,,400,,,,,2,,,
ClassicGumtree,44,22,22,12,2,8,0,0,293,3,0,0.7,,400,,,,,2,,,
ClassicGumtree,50,23,24,14,2,10,0,0,197,3,0,0.799,,400,,,,,2,,,
ClassicGumtree,101,27,44,34,0,23,0,0,3,3,0,0.899,,400,,,,,2,,,
ClassicGumtree,122,44,45,35,0,42,0,0,4,3,0,0.999,,400,,,,,2,,,
ClassicGumtree,43,24,21,11,2,9,0,0,153,3,0,0.1,,500,,,,,2,,,
ClassicGumtree,43,24,21,11,2,9,0,0,289,3,0,0.2,,500,,,,,2,,,
ClassicGumtree,43,24,21,11,2,9,0,0,246,3,0,0.3,,500,,,,,2,,,
ClassicGumtree,43,24,21,11,2,9,0,0,154,3,0,0.4,,500,,,,,2,,,
ClassicGumtree,44,22,22,12,2,8,0,0,296,3,0,0.5,,500,,,,,2,,,
ClassicGumtree,44,22,22,12,2,8,0,0,341,3,0,0.6,,500,,,,,2,,,
ClassicGumtree,44,22,22,12,2,8,0,0,225,3,0,0.7,,500,,,,,2,,,
ClassicGumtree,50,23,24,14,2,10,0,0,133,3,0,0.799,,500,,,,,2,,,
ClassicGumtree,101,27,44,34,0,23,0,0,4,3,0,0.899,,500,,,,,2,,,
ClassicGumtree,122,44,45,35,0,42,0,0,19,3,0,0.999,,500,,,,,2,,,
ClassicGumtree,43,24,21,11,2,9,0,0,296,3,0,0.1,,600,,,,,2,,,
ClassicGumtree,43,24,21,11,2,9,0,0,229,3,0,0.2,,600,,,,,2,,,
ClassicGumtree,43,24,21,11,2,9,0,0,241,3,0,0.3,,600,,,,,2,,,
ClassicGumtree,43,24,21,11,2,9,0,0,213,3,0,0.4,,600,,,,,2,,,
ClassicGumtree,44,22,22,12,2,8,0,0,155,3,0,0.5,,600,,,,,2,,,
ClassicGumtree,44,22,22,12,2,8,0,0,153,3,0,0.6,,600,,,,,2,,,
ClassicGumtree,44,22,22,12,2,8,0,0,297,3,0,0.7,,600,,,,,2,,,
ClassicGumtree,50,23,24,14,2,10,0,0,180,3,0,0.799,,600,,,,,2,,,
ClassicGumtree,101,27,44,34,0,23,0,0,3,3,0,0.899,,600,,,,,2,,,
ClassicGumtree,122,44,45,35,0,42,0,0,3,3,0,0.999,,600,,,,,2,,,
ClassicGumtree,43,24,21,11,2,9,0,0,154,3,0,0.1,,700,,,,,2,,,
ClassicGumtree,43,24,21,11,2,9,0,0,267,3,0,0.2,,700,,,,,2,,,
ClassicGumtree,43,24,21,11,2,9,0,0,305,3,0,0.3,,700,,,,,2,,,
ClassicGumtree,43,24,21,11,2,9,0,0,347,3,0,0.4,,700,,,,,2,,,
ClassicGumtree,44,22,22,12,2,8,0,0,154,3,0,0.5,,700,,,,,2,,,
ClassicGumtree,44,22,22,12,2,8,0,0,262,3,0,0.6,,700,,,,,2,,,
ClassicGumtree,44,22,22,12,2,8,0,0,259,3,0,0.7,,700,,,,,2,,,
ClassicGumtree,50,23,24,14,2,10,0,0,132,3,0,0.799,,700,,,,,2,,,
ClassicGumtree,101,27,44,34,0,23,0,0,3,3,0,0.899,,700,,,,,2,,,
ClassicGumtree,122,44,45,35,0,42,0,0,4,3,0,0.999,,700,,,,,2,,,
ClassicGumtree,43,24,21,11,2,9,0,0,153,3,0,0.1,,800,,,,,2,,,
ClassicGumtree,43,24,21,11,2,9,0,0,256,3,0,0.2,,800,,,,,2,,,
ClassicGumtree,43,24,21,11,2,9,0,0,234,3,0,0.3,,800,,,,,2,,,
ClassicGumtree,43,24,21,11,2,9,0,0,154,3,0,0.4,,800,,,,,2,,,
ClassicGumtree,44,22,22,12,2,8,0,0,316,3,0,0.5,,800,,,,,2,,,
ClassicGumtree,44,22,22,12,2,8,0,0,189,3,0,0.6,,800,,,,,2,,,
ClassicGumtree,44,22,22,12,2,8,0,0,331,3,0,0.7,,800,,,,,2,,,
ClassicGumtree,50,23,24,14,2,10,0,0,219,3,0,0.799,,800,,,,,2,,,
ClassicGumtree,101,27,44,34,0,23,0,0,3,3,0,0.899,,800,,,,,2,,,
ClassicGumtree,122,44,45,35,0,42,0,0,4,3,0,0.999,,800,,,,,2,,,
ClassicGumtree,43,24,21,11,2,9,0,0,199,3,0,0.1,,900,,,,,2,,,
ClassicGumtree,43,24,21,11,2,9,0,0,153,3,0,0.2,,900,,,,,2,,,
ClassicGumtree,43,24,21,11,2,9,0,0,308,3,0,0.3,,900,,,,,2,,,
ClassicGumtree,43,24,21,11,2,9,0,0,244,3,0,0.4,,900,,,,,2,,,
ClassicGumtree,44,22,22,12,2,8,0,0,154,3,0,0.5,,900,,,,,2,,,
ClassicGumtree,44,22,22,12,2,8,0,0,154,3,0,0.6,,900,,,,,2,,,
ClassicGumtree,44,22,22,12,2,8,0,0,199,3,0,0.7,,900,,,,,2,,,
ClassicGumtree,50,23,24,14,2,10,0,0,241,3,0,0.799,,900,,,,,2,,,
ClassicGumtree,101,27,44,34,0,23,0,0,4,3,0,0.899,,900,,,,,2,,,
ClassicGumtree,122,44,45,35,0,42,0,0,3,3,0,0.999,,900,,,,,2,,,
ClassicGumtree,39,22,19,9,2,9,0,0,2726,3,0,0.1,,1000,,,,,2,,,
ClassicGumtree,39,22,19,9,2,9,0,0,2672,3,0,0.2,,1000,,,,,2,,,
ClassicGumtree,39,22,19,9,2,9,0,0,4361,3,0,0.3,,1000,,,,,2,,,
ClassicGumtree,39,22,19,9,2,9,0,0,2975,3,0,0.4,,1000,,,,,2,,,
ClassicGumtree,40,20,20,10,2,8,0,0,2624,3,0,0.5,,1000,,,,,2,,,
ClassicGumtree,40,20,20,10,2,8,0,0,4122,3,0,0.6,,1000,,,,,2,,,
ClassicGumtree,40,20,20,10,2,8,0,0,2426,3,0,0.7,,1000,,,,,2,,,
ClassicGumtree,46,21,22,12,2,10,0,0,3345,3,0,0.799,,1000,,,,,2,,,
ClassicGumtree,46,21,22,12,2,10,0,0,4026,3,0,0.899,,1000,,,,,2,,,
ClassicGumtree,46,21,22,12,2,10,0,0,1592,3,0,0.999,,1000,,,,,2,,,
ClassicGumtree,39,22,19,9,2,9,0,0,3047,3,0,0.1,,1100,,,,,2,,,
ClassicGumtree,39,22,19,9,2,9,0,0,3075,3,0,0.2,,1100,,,,,2,,,
ClassicGumtree,39,22,19,9,2,9,0,0,2510,3,0,0.3,,1100,,,,,2,,,
ClassicGumtree,39,22,19,9,2,9,0,0,2943,3,0,0.4,,1100,,,,,2,,,
ClassicGumtree,40,20,20,10,2,8,0,0,3128,3,0,0.5,,1100,,,,,2,,,
ClassicGumtree,40,20,20,10,2,8,0,0,3108,3,0,0.6,,1100,,,,,2,,,
ClassicGumtree,40,20,20,10,2,8,0,0,2970,3,0,0.7,,1100,,,,,2,,,
ClassicGumtree,46,21,22,12,2,10,0,0,4858,3,0,0.799,,1100,,,,,2,,,
ClassicGumtree,46,21,22,12,2,10,0,0,4262,3,0,0.899,,1100,,,,,2,,,
ClassicGumtree,46,21,22,12,2,10,0,0,1614,3,0,0.999,,1100,,,,,2,,,
ClassicGumtree,39,22,19,9,2,9,0,0,3500,3,0,0.1,,1200,,,,,2,,,
ClassicGumtree,39,22,19,9,2,9,0,0,3629,3,0,0.2,,1200,,,,,2,,,
ClassicGumtree,39,22,19,9,2,9,0,0,3485,3,0,0.3,,1200,,,,,2,,,
ClassicGumtree,39,22,19,9,2,9,0,0,3766,3,0,0.4,,1200,,,,,2,,,
ClassicGumtree,40,20,20,10,2,8,0,0,3928,3,0,0.5,,1200,,,,,2,,,
ClassicGumtree,40,20,20,10,2,8,0,0,3120,3,0,0.6,,1200,,,,,2,,,
ClassicGumtree,40,20,20,10,2,8,0,0,3204,3,0,0.7,,1200,,,,,2,,,
ClassicGumtree,46,21,22,12,2,10,0,0,3365,3,0,0.799,,1200,,,,,2,,,
ClassicGumtree,46,21,22,12,2,10,0,0,2759,3,0,0.899,,1200,,,,,2,,,
ClassicGumtree,46,21,22,12,2,10,0,0,1088,3,0,0.999,,1200,,,,,2,,,
ClassicGumtree,39,22,19,9,2,9,0,0,4178,3,0,0.1,,1300,,,,,2,,,
ClassicGumtree,39,22,19,9,2,9,0,0,3542,3,0,0.2,,1300,,,,,2,,,
ClassicGumtree,39,22,19,9,2,9,0,0,2580,3,0,0.3,,1300,,,,,2,,,
ClassicGumtree,39,22,19,9,2,9,0,0,2380,3,0,0.4,,1300,,,,,2,,,
ClassicGumtree,40,20,20,10,2,8,0,0,2357,3,0,0.5,,1300,,,,,2,,,
ClassicGumtree,40,20,20,10,2,8,0,0,3291,3,0,0.6,,1300,,,,,2,,,
ClassicGumtree,40,20,20,10,2,8,0,0,2890,3,0,0.7,,1300,,,,,2,,,
ClassicGumtree,46,21,22,12,2,10,0,0,3006,3,0,0.799,,1300,,,,,2,,,
ClassicGumtree,46,21,22,12,2,10,0,0,3494,3,0,0.899,,1300,,,,,2,,,
ClassicGumtree,46,21,22,12,2,10,0,0,1474,3,0,0.999,,1300,,,,,2,,,
ClassicGumtree,39,22,19,9,2,9,0,0,3167,3,0,0.1,,1400,,,,,2,,,
ClassicGumtree,39,22,19,9,2,9,0,0,3865,3,0,0.2,,1400,,,,,2,,,
ClassicGumtree,39,22,19,9,2,9,0,0,2849,3,0,0.3,,1400,,,,,2,,,
ClassicGumtree,39,22,19,9,2,9,0,0,3140,3,0,0.4,,1400,,,,,2,,,
ClassicGumtree,40,20,20,10,2,8,0,0,3994,3,0,0.5,,1400,,,,,2,,,
ClassicGumtree,40,20,20,10,2,8,0,0,3166,3,0,0.6,,1400,,,,,2,,,
ClassicGumtree,40,20,20,10,2,8,0,0,2523,3,0,0.7,,1400,,,,,2,,,
ClassicGumtree,46,21,22,12,2,10,0,0,3336,3,0,0.799,,1400,,,,,2,,,
ClassicGumtree,46,21,22,12,2,10,0,0,2343,3,0,0.899,,1400,,,,,2,,,
ClassicGumtree,46,21,22,12,2,10,0,0,1345,3,0,0.999,,1400,,,,,2,,,
ClassicGumtree,39,22,19,9,2,9,0,0,2961,3,0,0.1,,1500,,,,,2,,,
ClassicGumtree,39,22,19,9,2,9,0,0,2343,3,0,0.2,,1500,,,,,2,,,
ClassicGumtree,39,22,19,9,2,9,0,0,2948,3,0,0.3,,1500,,,,,2,,,
ClassicGumtree,39,22,19,9,2,9,0,0,3343,3,0,0.4,,1500,,,,,2,,,
ClassicGumtree,40,20,20,10,2,8,0,0,4438,3,0,0.5,,1500,,,,,2,,,
ClassicGumtree,40,20,20,10,2,8,0,0,2975,3,0,0.6,,1500,,,,,2,,,
ClassicGumtree,40,20,20,10,2,8,0,0,3542,3,0,0.7,,1500,,,,,2,,,
ClassicGumtree,46,21,22,12,2,10,0,0,4160,3,0,0.799,,1500,,,,,2,,,
ClassicGumtree,46,21,22,12,2,10,0,0,3395,3,0,0.899,,1500,,,,,2,,,
ClassicGumtree,46,21,22,12,2,10,0,0,1844,3,0,0.999,,1500,,,,,2,,,
ClassicGumtree,39,22,19,9,2,9,0,0,3017,3,0,0.1,,1600,,,,,2,,,
ClassicGumtree,39,22,19,9,2,9,0,0,3300,3,0,0.2,,1600,,,,,2,,,
ClassicGumtree,39,22,19,9,2,9,0,0,3567,3,0,0.3,,1600,,,,,2,,,
ClassicGumtree,39,22,19,9,2,9,0,0,3156,3,0,0.4,,1600,,,,,2,,,
ClassicGumtree,40,20,20,10,2,8,0,0,2402,3,0,0.5,,1600,,,,,2,,,
ClassicGumtree,40,20,20,10,2,8,0,0,3097,3,0,0.6,,1600,,,,,2,,,
ClassicGumtree,40,20,20,10,2,8,0,0,3094,3,0,0.7,,1600,,,,,2,,,
ClassicGumtree,46,21,22,12,2,10,0,0,4790,3,0,0.799,,1600,,,,,2,,,
ClassicGumtree,46,21,22,12,2,10,0,0,2875,3,0,0.899,,1600,,,,,2,,,
ClassicGumtree,46,21,22,12,2,10,0,0,1423,3,0,0.999,,1600,,,,,2,,,
ClassicGumtree,39,22,19,9,2,9,0,0,4592,3,0,0.1,,1700,,,,,2,,,
ClassicGumtree,39,22,19,9,2,9,0,0,4057,3,0,0.2,,1700,,,,,2,,,
ClassicGumtree,39,22,19,9,2,9,0,0,3276,3,0,0.3,,1700,,,,,2,,,
ClassicGumtree,39,22,19,9,2,9,0,0,3976,3,0,0.4,,1700,,,,,2,,,
ClassicGumtree,40,20,20,10,2,8,0,0,4222,3,0,0.5,,1700,,,,,2,,,
ClassicGumtree,40,20,20,10,2,8,0,0,3379,3,0,0.6,,1700,,,,,2,,,
ClassicGumtree,40,20,20,10,2,8,0,0,3708,3,0,0.7,,1700,,,,,2,,,
ClassicGumtree,46,21,22,12,2,10,0,0,3628,3,0,0.799,,1700,,,,,2,,,
ClassicGumtree,46,21,22,12,2,10,0,0,3957,3,0,0.899,,1700,,,,,2,,,
ClassicGumtree,46,21,22,12,2,10,0,0,983,3,0,0.999,,1700,,,,,2,,,
ClassicGumtree,39,22,19,9,2,9,0,0,2544,3,0,0.1,,1800,,,,,2,,,
ClassicGumtree,39,22,19,9,2,9,0,0,3545,3,0,0.2,,1800,,,,,2,,,
ClassicGumtree,39,22,19,9,2,9,0,0,3464,3,0,0.3,,1800,,,,,2,,,
ClassicGumtree,39,22,19,9,2,9,0,0,3554,3,0,0.4,,1800,,,,,2,,,
ClassicGumtree,40,20,20,10,2,8,0,0,3162,3,0,0.5,,1800,,,,,2,,,
ClassicGumtree,40,20,20,10,2,8,0,0,3274,3,0,0.6,,1800,,,,,2,,,
ClassicGumtree,40,20,20,10,2,8,0,0,3139,3,0,0.7,,1800,,,,,2,,,
ClassicGumtree,46,21,22,12,2,10,0,0,3474,3,0,0.799,,1800,,,,,2,,,
ClassicGumtree,46,21,22,12,2,10,0,0,2728,3,0,0.899,,1800,,,,,2,,,
ClassicGumtree,46,21,22,12,2,10,0,0,1460,3,0,0.999,,1800,,,,,2,,,
ClassicGumtree,39,22,19,9,2,9,0,0,3394,3,0,0.1,,1900,,,,,2,,,
ClassicGumtree,39,22,19,9,2,9,0,0,2488,3,0,0.2,,1900,,,,,2,,,
ClassicGumtree,39,22,19,9,2,9,0,0,3999,3,0,0.3,,1900,,,,,2,,,
ClassicGumtree,39,22,19,9,2,9,0,0,4199,3,0,0.4,,1900,,,,,2,,,
ClassicGumtree,40,20,20,10,2,8,0,0,3190,3,0,0.5,,1900,,,,,2,,,
ClassicGumtree,40,20,20,10,2,8,0,0,3348,3,0,0.6,,1900,,,,,2,,,
ClassicGumtree,40,20,20,10,2,8,0,0,3091,3,0,0.7,,1900,,,,,2,,,
ClassicGumtree,46,21,22,12,2,10,0,0,3037,3,0,0.799,,1900,,,,,2,,,
ClassicGumtree,46,21,22,12,2,10,0,0,2624,3,0,0.899,,1900,,,,,2,,,
ClassicGumtree,46,21,22,12,2,10,0,0,1943,3,0,0.999,,1900,,,,,2,,,
ClassicGumtree,39,22,19,9,2,9,0,0,3441,3,0,0.1,,2000,,,,,2,,,
ClassicGumtree,39,22,19,9,2,9,0,0,3171,3,0,0.2,,2000,,,,,2,,,
ClassicGumtree,39,22,19,9,2,9,0,0,4145,3,0,0.3,,2000,,,,,2,,,
ClassicGumtree,39,22,19,9,2,9,0,0,2482,3,0,0.4,,2000,,,,,2,,,
ClassicGumtree,40,20,20,10,2,8,0,0,3029,3,0,0.5,,2000,,,,,2,,,
ClassicGumtree,40,20,20,10,2,8,0,0,3298,3,0,0.6,,2000,,,,,2,,,
ClassicGumtree,40,20,20,10,2,8,0,0,3136,3,0,0.7,,2000,,,,,2,,,
ClassicGumtree,46,21,22,12,2,10,0,0,3551,3,0,0.799,,2000,,,,,2,,,
ClassicGumtree,46,21,22,12,2,10,0,0,4018,3,0,0.899,,2000,,,,,2,,,
ClassicGumtree,46,21,22,12,2,10,0,0,1916,3,0,0.999,,2000,,,,,2,,,
ClassicGumtree,220,54,111,101,1,7,0,0,5,3,0,0.1,,100,,,,,3,,,
ClassicGumtree,220,54,111,101,1,7,0,0,6,3,0,0.2,,100,,,,,3,,,
ClassicGumtree,213,49,108,98,1,6,0,0,8,3,0,0.3,,100,,,,,3,,,
ClassicGumtree,213,49,108,98,1,6,0,0,8,3,0,0.4,,100,,,,,3,,,
ClassicGumtree,212,48,108,98,1,5,0,0,9,3,0,0.5,,100,,,,,3,,,
ClassicGumtree,241,37,122,112,0,7,0,0,4,3,0,0.6,,100,,,,,3,,,
ClassicGumtree,241,37,122,112,0,7,0,0,4,3,0,0.7,,100,,,,,3,,,
ClassicGumtree,243,35,123,113,0,7,0,0,4,3,0,0.799,,100,,,,,3,,,
ClassicGumtree,269,31,125,115,0,29,0,0,3,3,0,0.899,,100,,,,,3,,,
ClassicGumtree,269,31,125,115,0,29,0,0,4,3,0,0.999,,100,,,,,3,,,
ClassicGumtree,165,51,81,71,2,11,0,0,24,3,0,0.1,,200,,,,,3,,,
ClassicGumtree,165,51,81,71,2,11,0,0,24,3,0,0.2,,200,,,,,3,,,
ClassicGumtree,165,47,82,72,2,9,0,0,27,3,0,0.3,,200,,,,,3,,,
ClassicGumtree,165,47,82,72,2,9,0,0,26,3,0,0.4,,200,,,,,3,,,
ClassicGumtree,164,46,82,72,2,8,0,0,27,3,0,0.5,,200,,,,,3,,,
ClassicGumtree,241,37,122,112,0,7,0,0,4,3,0,0.6,,200,,,,,3,,,
ClassicGumtree,241,37,122,112,0,7,0,0,4,3,0,0.7,,200,,,,,3,,,
ClassicGumtree,243,35,123,113,0,7,0,0,3,3,0,0.799,,200,,,,,3,,,
ClassicGumtree,269,31,125,115,0,29,0,0,3,3,0,0.899,,200,,,,,3,,,
ClassicGumtree,269,31,125,115,0,29,0,0,4,3,0,0.999,,200,,,,,3,,,
ClassicGumtree,165,51,81,71,2,11,0,0,23,3,0,0.1,,300,,,,,3,,,
ClassicGumtree,165,51,81,71,2,11,0,0,24,3,0,0.2,,300,,,,,3,,,
ClassicGumtree,165,47,82,72,2,9,0,0,27,3,0,0.3,,300,,,,,3,,,
ClassicGumtree,165,47,82,72,2,9,0,0,25,3,0,0.4,,300,,,,,3,,,
ClassicGumtree,164,46,82,72,2,8,0,0,27,3,0,0.5,,300,,,,,3,,,
ClassicGumtree,241,37,122,112,0,7,0,0,4,3,0,0.6,,300,,,,,3,,,
ClassicGumtree,241,37,122,112,0,7,0,0,4,3,0,0.7,,300,,,,,3,,,
ClassicGumtree,243,35,123,113,0,7,0,0,3,3,0,0.799,,300,,,,,3,,,
ClassicGumtree,269,31,125,115,0,29,0,0,3,3,0,0.899,,300,,,,,3,,,
ClassicGumtree,269,31,125,115,0,29,0,0,4,3,0,0.999,,300,,,,,3,,,
ClassicGumtree,139,41,68,58,2,11,0,0,171,3,0,0.1,,400,,,,,3,,,
ClassicGumtree,139,41,68,58,2,11,0,0,194,3,0,0.2,,400,,,,,3,,,
ClassicGumtree,139,37,69,59,2,9,0,0,174,3,0,0.3,,400,,,,,3,,,
ClassicGumtree,139,37,69,59,2,9,0,0,174,3,0,0.4,,400,,,,,3,,,
ClassicGumtree,138,36,69,59,2,8,0,0,174,3,0,0.5,,400,,,,,3,,,
ClassicGumtree,142,39,70,60,2,10,0,0,186,3,0,0.6,,400,,,,,3,,,
ClassicGumtree,142,39,70,60,2,10,0,0,151,3,0,0.7,,400,,,,,3,,,
ClassicGumtree,144,37,71,61,2,10,0,0,150,3,0,0.799,,400,,,,,3,,,
ClassicGumtree,269,31,125,115,0,29,0,0,19,3,0,0.899,,400,,,,,3,,,
ClassicGumtree,269,31,125,115,0,29,0,0,4,3,0,0.999,,400,,,,,3,,,
ClassicGumtree,139,41,68,58,2,11,0,0,218,3,0,0.1,,500,,,,,3,,,
ClassicGumtree,139,41,68,58,2,11,0,0,187,3,0,0.2,,500,,,,,3,,,
ClassicGumtree,139,37,69,59,2,9,0,0,172,3,0,0.3,,500,,,,,3,,,
ClassicGumtree,139,37,69,59,2,9,0,0,310,3,0,0.4,,500,,,,,3,,,
ClassicGumtree,138,36,69,59,2,8,0,0,221,3,0,0.5,,500,,,,,3,,,
ClassicGumtree,142,39,70,60,2,10,0,0,164,3,0,0.6,,500,,,,,3,,,
ClassicGumtree,142,39,70,60,2,10,0,0,238,3,0,0.7,,500,,,,,3,,,
ClassicGumtree,144,37,71,61,2,10,0,0,171,3,0,0.799,,500,,,,,3,,,
ClassicGumtree,269,31,125,115,0,29,0,0,3,3,0,0.899,,500,,,,,3,,,
ClassicGumtree,269,31,125,115,0,29,0,0,4,3,0,0.999,,500,,,,,3,,,
ClassicGumtree,139,41,68,58,2,11,0,0,188,3,0,0.1,,600,,,,,3,,,
ClassicGumtree,139,41,68,58,2,11,0,0,234,3,0,0.2,,600,,,,,3,,,
ClassicGumtree,139,37,69,59,2,9,0,0,290,3,0,0.3,,600,,,,,3,,,
ClassicGumtree,139,37,69,59,2,9,0,0,153,3,0,0.4,,600,,,,,3,,,
ClassicGumtree,138,36,69,59,2,8,0,0,302,3,0,0.5,,600,,,,,3,,,
ClassicGumtree,142,39,70,60,2,10,0,0,141,3,0,0.6,,600,,,,,3,,,
ClassicGumtree,142,39,70,60,2,10,0,0,365,3,0,0.7,,600,,,,,3,,,
ClassicGumtree,144,37,71,61,2,10,0,0,133,3,0,0.799,,600,,,,,3,,,
ClassicGumtree,269,31,125,115,0,29,0,0,4,3,0,0.899,,600,,,,,3,,,
ClassicGumtree,269,31,125,115,0,29,0,0,19,3,0,0.999,,600,,,,,3,,,
ClassicGumtree,139,41,68,58,2,11,0,0,262,3,0,0.1,,700,,,,,3,,,
ClassicGumtree,139,41,68,58,2,11,0,0,240,3,0,0.2,,700,,,,,3,,,
ClassicGumtree,139,37,69,59,2,9,0,0,230,3,0,0.3,,700,,,,,3,,,
ClassicGumtree,139,37,69,59,2,9,0,0,154,3,0,0.4,,700,,,,,3,,,
ClassicGumtree,138,36,69,59,2,8,0,0,311,3,0,0.5,,700,,,,,3,,,
ClassicGumtree,142,39,70,60,2,10,0,0,210,3,0,0.6,,700,,,,,3,,,
ClassicGumtree,142,39,70,60,2,10,0,0,133,3,0,0.7,,700,,,,,3,,,
ClassicGumtree,144,37,71,61,2,10,0,0,174,3,0,0.799,,700,,,,,3,,,
ClassicGumtree,269,31,125,115,0,29,0,0,19,3,0,0.899,,700,,,,,3,,,
ClassicGumtree,269,31,125,115,0,29,0,0,20,3,0,0.999,,700,,,,,3,,,
ClassicGumtree,139,41,68,58,2,11,0,0,216,3,0,0.1,,800,,,,,3,,,
ClassicGumtree,139,41,68,58,2,11,0,0,281,3,0,0.2,,800,,,,,3,,,
ClassicGumtree,139,37,69,59,2,9,0,0,204,3,0,0.3,,800,,,,,3,,,
ClassicGumtree,139,37,69,59,2,9,0,0,306,3,0,0.4,,800,,,,,3,,,
ClassicGumtree,138,36,69,59,2,8,0,0,270,3,0,0.5,,800,,,,,3,,,
ClassicGumtree,142,39,70,60,2,10,0,0,134,3,0,0.6,,800,,,,,3,,,
ClassicGumtree,142,39,70,60,2,10,0,0,259,3,0,0.7,,800,,,,,3,,,
ClassicGumtree,144,37,71,61,2,10,0,0,216,3,0,0.799,,800,,,,,3,,,
ClassicGumtree,269,31,125,115,0,29,0,0,4,3,0,0.899,,800,,,,,3,,,
ClassicGumtree,269,31,125,115,0,29,0,0,4,3,0,0.999,,800,,,,,3,,,
ClassicGumtree,139,41,68,58,2,11,0,0,277,3,0,0.1,,900,,,,,3,,,
ClassicGumtree,139,41,68,58,2,11,0,0,279,3,0,0.2,,900,,,,,3,,,
ClassicGumtree,139,37,69,59,2,9,0,0,197,3,0,0.3,,900,,,,,3,,,
ClassicGumtree,139,37,69,59,2,9,0,0,178,3,0,0.4,,900,,,,,3,,,
ClassicGumtree,138,36,69,59,2,8,0,0,313,3,0,0.5,,900,,,,,3,,,
ClassicGumtree,142,39,70,60,2,10,0,0,143,3,0,0.6,,900,,,,,3,,,
ClassicGumtree,142,39,70,60,2,10,0,0,206,3,0,0.7,,900,,,,,3,,,
ClassicGumtree,144,37,71,61,2,10,0,0,191,3,0,0.799,,900,,,,,3,,,
ClassicGumtree,269,31,125,115,0,29,0,0,4,3,0,0.899,,900,,,,,3,,,
ClassicGumtree,269,31,125,115,0,29,0,0,3,3,0,0.999,,900,,,,,3,,,
ClassicGumtree,41,25,19,9,2,11,0,0,4633,3,0,0.1,,1000,,,,,3,,,
ClassicGumtree,41,25,19,9,2,11,0,0,2489,3,0,0.2,,1000,,,,,3,,,
ClassicGumtree,41,21,20,10,2,9,0,0,4370,3,0,0.3,,1000,,,,,3,,,
ClassicGumtree,41,21,20,10,2,9,0,0,4679,3,0,0.4,,1000,,,,,3,,,
ClassicGumtree,40,20,20,10,2,8,0,0,3959,3,0,0.5,,1000,,,,,3,,,
ClassicGumtree,44,23,21,11,2,10,0,0,4382,3,0,0.6,,1000,,,,,3,,,
ClassicGumtree,44,23,21,11,2,10,0,0,2634,3,0,0.7,,1000,,,,,3,,,
ClassicGumtree,46,21,22,12,2,10,0,0,4302,3,0,0.799,,1000,,,,,3,,,
ClassicGumtree,46,21,22,12,2,10,0,0,1999,3,0,0.899,,1000,,,,,3,,,
ClassicGumtree,46,21,22,12,2,10,0,0,1978,3,0,0.999,,1000,,,,,3,,,
ClassicGumtree,41,25,19,9,2,11,0,0,4993,3,0,0.1,,1100,,,,,3,,,
ClassicGumtree,41,25,19,9,2,11,0,0,4052,3,0,0.2,,1100,,,,,3,,,
ClassicGumtree,41,21,20,10,2,9,0,0,4234,3,0,0.3,,1100,,,,,3,,,
ClassicGumtree,41,21,20,10,2,9,0,0,5497,3,0,0.4,,1100,,,,,3,,,
ClassicGumtree,40,20,20,10,2,8,0,0,3068,3,0,0.5,,1100,,,,,3,,,
ClassicGumtree,44,23,21,11,2,10,0,0,3396,3,0,0.6,,1100,,,,,3,,,
ClassicGumtree,44,23,21,11,2,10,0,0,3881,3,0,0.7,,1100,,,,,3,,,
ClassicGumtree,46,21,22,12,2,10,0,0,2848,3,0,0.799,,1100,,,,,3,,,
ClassicGumtree,46,21,22,12,2,10,0,0,1413,3,0,0.899,,1100,,,,,3,,,
ClassicGumtree,46,21,22,12,2,10,0,0,1449,3,0,0.999,,1100,,,,,3,,,
ClassicGumtree,41,25,19,9,2,11,0,0,3075,3,0,0.1,,1200,,,,,3,,,
ClassicGumtree,41,25,19,9,2,11,0,0,3194,3,0,0.2,,1200,,,,,3,,,
ClassicGumtree,41,21,20,10,2,9,0,0,3170,3,0,0.3,,1200,,,,,3,,,
ClassicGumtree,41,21,20,10,2,9,0,0,4131,3,0,0.4,,1200,,,,,3,,,
ClassicGumtree,40,20,20,10,2,8,0,0,4298,3,0,0.5,,1200,,,,,3,,,
ClassicGumtree,44,23,21,11,2,10,0,0,3052,3,0,0.6,,1200,,,,,3,,,
ClassicGumtree,44,23,21,11,2,10,0,0,3227,3,0,0.7,,1200,,,,,3,,,
ClassicGumtree,46,21,22,12,2,10,0,0,3698,3,0,0.799,,1200,,,,,3,,,
ClassicGumtree,46,21,22,12,2,10,0,0,1954,3,0,0.899,,1200,,,,,3,,,
ClassicGumtree,46,21,22,12,2,10,0,0,1699,3,0,0.999,,1200,,,,,3,,,
ClassicGumtree,41,25,19,9,2,11,0,0,3746,3,0,0.1,,1300,,,,,3,,,
ClassicGumtree,41,25,19,9,2,11,0,0,3562,3,0,0.2,,1300,,,,,3,,,
ClassicGumtree,41,21,20,10,2,9,0,0,2788,3,0,0.3,,1300,,,,,3,,,
ClassicGumtree,41,21,20,10,2,9,0,0,2873,3,0,0.4,,1300,,,,,3,,,
ClassicGumtree,40,20,20,10,2,8,0,0,3475,3,0,0.5,,1300,,,,,3,,,
ClassicGumtree,44,23,21,11,2,10,0,0,2488,3,0,0.6,,1300,,,,,3,,,
ClassicGumtree,44,23,21,11,2,10,0,0,2248,3,0,0.7,,1300,,,,,3,,,
ClassicGumtree,46,21,22,12,2,10,0,0,3846,3,0,0.799,,1300,,,,,3,,,
ClassicGumtree,46,21,22,12,2,10,0,0,1444,3,0,0.899,,1300,,,,,3,,,
ClassicGumtree,46,21,22,12,2,10,0,0,1659,3,0,0.999,,1300,,,,,3,,,
ClassicGumtree,41,25,19,9,2,11,0,0,3004,3,0,0.1,,1400,,,,,3,,,
ClassicGumtree,41,25,19,9,2,11,0,0,2479,3,0,0.2,,1400,,,,,3,,,
ClassicGumtree,41,21,20,10,2,9,0,0,2642,3,0,0.3,,1400,,,,,3,,,
ClassicGumtree,41,21,20,10,2,9,0,0,4087,3,0,0.4,,1400,,,,,3,,,
ClassicGumtree,40,20,20,10,2,8,0,0,3073,3,0,0.5,,1400,,,,,3,,,
ClassicGumtree,44,23,21,11,2,10,0,0,2515,3,0,0.6,,1400,,,,,3,,,
ClassicGumtree,44,23,21,11,2,10,0,0,2831,3,0,0.7,,1400,,,,,3,,,
ClassicGumtree,46,21,22,12,2,10,0,0,2710,3,0,0.799,,1400,,,,,3,,,
ClassicGumtree,46,21,22,12,2,10,0,0,1421,3,0,0.899,,1400,,,,,3,,,
ClassicGumtree,46,21,22,12,2,10,0,0,1719,3,0,0.999,,1400,,,,,3,,,
ClassicGumtree,41,25,19,9,2,11,0,0,2667,3,0,0.1,,1500,,,,,3,,,
ClassicGumtree,41,25,19,9,2,11,0,0,2870,3,0,0.2,,1500,,,,,3,,,
ClassicGumtree,41,21,20,10,2,9,0,0,3012,3,0,0.3,,1500,,,,,3,,,
ClassicGumtree,41,21,20,10,2,9,0,0,4369,3,0,0.4,,1500,,,,,3,,,
ClassicGumtree,40,20,20,10,2,8,0,0,4506,3,0,0.5,,1500,,,,,3,,,
ClassicGumtree,44,23,21,11,2,10,0,0,4244,3,0,0.6,,1500,,,,,3,,,
ClassicGumtree,44,23,21,11,2,10,0,0,4335,3,0,0.7,,1500,,,,,3,,,
ClassicGumtree,46,21,22,12,2,10,0,0,4867,3,0,0.799,,1500,,,,,3,,,
ClassicGumtree,46,21,22,12,2,10,0,0,1457,3,0,0.899,,1500,,,,,3,,,
ClassicGumtree,46,21,22,12,2,10,0,0,1222,3,0,0.999,,1500,,,,,3,,,
ClassicGumtree,41,25,19,9,2,11,0,0,4281,3,0,0.1,,1600,,,,,3,,,
ClassicGumtree,41,25,19,9,2,11,0,0,4193,3,0,0.2,,1600,,,,,3,,,
ClassicGumtree,41,21,20,10,2,9,0,0,3915,3,0,0.3,,1600,,,,,3,,,
ClassicGumtree,41,21,20,10,2,9,0,0,5047,3,0,0.4,,1600,,,,,3,,,
ClassicGumtree,40,20,20,10,2,8,0,0,4937,3,0,0.5,,1600,,,,,3,,,
ClassicGumtree,44,23,21,11,2,10,0,0,3921,3,0,0.6,,1600,,,,,3,,,
ClassicGumtree,44,23,21,11,2,10,0,0,3020,3,0,0.7,,1600,,,,,3,,,
ClassicGumtree,46,21,22,12,2,10,0,0,2791,3,0,0.799,,1600,,,,,3,,,
ClassicGumtree,46,21,22,12,2,10,0,0,1825,3,0,0.899,,1600,,,,,3,,,
ClassicGumtree,46,21,22,12,2,10,0,0,1996,3,0,0.999,,1600,,,,,3,,,
ClassicGumtree,41,25,19,9,2,11,0,0,3048,3,0,0.1,,1700,,,,,3,,,
ClassicGumtree,41,25,19,9,2,11,0,0,4152,3,0,0.2,,1700,,,,,3,,,
ClassicGumtree,41,21,20,10,2,9,0,0,4296,3,0,0.3,,1700,,,,,3,,,
ClassicGumtree,41,21,20,10,2,9,0,0,3213,3,0,0.4,,1700,,,,,3,,,
ClassicGumtree,40,20,20,10,2,8,0,0,4450,3,0,0.5,,1700,,,,,3,,,
ClassicGumtree,44,23,21,11,2,10,0,0,2586,3,0,0.6,,1700,,,,,3,,,
ClassicGumtree,44,23,21,11,2,10,0,0,3486,3,0,0.7,,1700,,,,,3,,,
ClassicGumtree,46,21,22,12,2,10,0,0,3396,3,0,0.799,,1700,,,,,3,,,
ClassicGumtree,46,21,22,12,2,10,0,0,2157,3,0,0.899,,1700,,,,,3,,,
ClassicGumtree,46,21,22,12,2,10,0,0,2066,3,0,0.999,,1700,,,,,3,,,
ClassicGumtree,41,25,19,9,2,11,0,0,3063,3,0,0.1,,1800,,,,,3,,,
ClassicGumtree,41,25,19,9,2,11,0,0,2958,3,0,0.2,,1800,,,,,3,,,
ClassicGumtree,41,21,20,10,2,9,0,0,3090,3,0,0.3,,1800,,,,,3,,,
ClassicGumtree,41,21,20,10,2,9,0,0,4310,3,0,0.4,,1800,,,,,3,,,
ClassicGumtree,40,20,20,10,2,8,0,0,3968,3,0,0.5,,1800,,,,,3,,,
ClassicGumtree,44,23,21,11,2,10,0,0,4213,3,0,0.6,,1800,,,,,3,,,
ClassicGumtree,44,23,21,11,2,10,0,0,3700,3,0,0.7,,1800,,,,,3,,,
ClassicGumtree,46,21,22,12,2,10,0,0,3387,3,0,0.799,,1800,,,,,3,,,
ClassicGumtree,46,21,22,12,2,10,0,0,1332,3,0,0.899,,1800,,,,,3,,,
ClassicGumtree,46,21,22,12,2,10,0,0,1040,3,0,0.999,,1800,,,,,3,,,
ClassicGumtree,41,25,19,9,2,11,0,0,3807,3,0,0.1,,1900,,,,,3,,,
ClassicGumtree,41,25,19,9,2,11,0,0,2898,3,0,0.2,,1900,,,,,3,,,
ClassicGumtree,41,21,20,10,2,9,0,0,3165,3,0,0.3,,1900,,,,,3,,,
ClassicGumtree,41,21,20,10,2,9,0,0,4582,3,0,0.4,,1900,,,,,3,,,
ClassicGumtree,40,20,20,10,2,8,0,0,2590,3,0,0.5,,1900,,,,,3,,,
ClassicGumtree,44,23,21,11,2,10,0,0,3857,3,0,0.6,,1900,,,,,3,,,
ClassicGumtree,44,23,21,11,2,10,0,0,3192,3,0,0.7,,1900,,,,,3,,,
ClassicGumtree,46,21,22,12,2,10,0,0,3253,3,0,0.799,,1900,,,,,3,,,
ClassicGumtree,46,21,22,12,2,10,0,0,1861,3,0,0.899,,1900,,,,,3,,,
ClassicGumtree,46,21,22,12,2,10,0,0,1533,3,0,0.999,,1900,,,,,3,,,
ClassicGumtree,41,25,19,9,2,11,0,0,4195,3,0,0.1,,2000,,,,,3,,,
ClassicGumtree,41,25,19,9,2,11,0,0,4208,3,0,0.2,,2000,,,,,3,,,
ClassicGumtree,41,21,20,10,2,9,0,0,3989,3,0,0.3,,2000,,,,,3,,,
ClassicGumtree,41,21,20,10,2,9,0,0,3221,3,0,0.4,,2000,,,,,3,,,
ClassicGumtree,40,20,20,10,2,8,0,0,3356,3,0,0.5,,2000,,,,,3,,,
ClassicGumtree,44,23,21,11,2,10,0,0,7513,3,0,0.6,,2000,,,,,3,,,
ClassicGumtree,44,23,21,11,2,10,0,0,7118,3,0,0.7,,2000,,,,,3,,,
ClassicGumtree,46,21,22,12,2,10,0,0,2840,3,0,0.799,,2000,,,,,3,,,
ClassicGumtree,46,21,22,12,2,10,0,0,1549,3,0,0.899,,2000,,,,,3,,,
ClassicGumtree,46,21,22,12,2,10,0,0,1463,3,0,0.999,,2000,,,,,3,,,
ClassicGumtree,388,64,196,186,1,5,0,0,9,3,0,0.1,,100,,,,,4,,,
ClassicGumtree,389,62,197,187,1,4,0,0,7,3,0,0.2,,100,,,,,4,,,
ClassicGumtree,389,62,197,187,1,4,0,0,7,3,0,0.3,,100,,,,,4,,,
ClassicGumtree,446,42,227,217,0,2,0,0,4,3,0,0.4,,100,,,,,4,,,
ClassicGumtree,446,42,227,217,0,2,0,0,5,3,0,0.5,,100,,,,,4,,,
ClassicGumtree,446,42,227,217,0,2,0,0,4,3,0,0.6,,100,,,,,4,,,
ClassicGumtree,456,36,228,218,0,10,0,0,5,3,0,0.7,,100,,,,,4,,,
ClassicGumtree,469,21,230,220,0,19,0,0,3,3,0,0.799,,100,,,,,4,,,
ClassicGumtree,469,21,230,220,0,19,0,0,4,3,0,0.899,,100,,,,,4,,,
ClassicGumtree,469,21,230,220,0,19,0,0,3,3,0,0.999,,100,,,,,4,,,
ClassicGumtree,318,57,159,149,2,8,0,0,27,3,0,0.1,,200,,,,,4,,,
ClassicGumtree,319,56,160,150,2,7,0,0,39,3,0,0.2,,200,,,,,4,,,
ClassicGumtree,319,56,160,150,2,7,0,0,40,3,0,0.3,,200,,,,,4,,,
ClassicGumtree,446,42,227,217,0,2,0,0,20,3,0,0.4,,200,,,,,4,,,
ClassicGumtree,446,42,227,217,0,2,0,0,4,3,0,0.5,,200,,,,,4,,,
ClassicGumtree,446,42,227,217,0,2,0,0,4,3,0,0.6,,200,,,,,4,,,
ClassicGumtree,456,36,228,218,0,10,0,0,4,3,0,0.7,,200,,,,,4,,,
ClassicGumtree,469,21,230,220,0,19,0,0,20,3,0,0.799,,200,,,,,4,,,
ClassicGumtree,469,21,230,220,0,19,0,0,3,3,0,0.899,,200,,,,,4,,,
ClassicGumtree,469,21,230,220,0,19,0,0,4,3,0,0.999,,200,,,,,4,,,
ClassicGumtree,318,57,159,149,2,8,0,0,26,3,0,0.1,,300,,,,,4,,,
ClassicGumtree,319,56,160,150,2,7,0,0,25,3,0,0.2,,300,,,,,4,,,
ClassicGumtree,319,56,160,150,2,7,0,0,59,3,0,0.3,,300,,,,,4,,,
ClassicGumtree,446,42,227,217,0,2,0,0,5,3,0,0.4,,300,,,,,4,,,
ClassicGumtree,446,42,227,217,0,2,0,0,4,3,0,0.5,,300,,,,,4,,,
ClassicGumtree,446,42,227,217,0,2,0,0,4,3,0,0.6,,300,,,,,4,,,
ClassicGumtree,456,36,228,218,0,10,0,0,4,3,0,0.7,,300,,,,,4,,,
ClassicGumtree,469,21,230,220,0,19,0,0,3,3,0,0.799,,300,,,,,4,,,
ClassicGumtree,469,21,230,220,0,19,0,0,20,3,0,0.899,,300,,,,,4,,,
ClassicGumtree,469,21,230,220,0,19,0,0,4,3,0,0.999,,300,,,,,4,,,
ClassicGumtree,266,43,133,123,2,8,0,0,222,3,0,0.1,,400,,,,,4,,,
ClassicGumtree,267,42,134,124,2,7,0,0,291,3,0,0.2,,400,,,,,4,,,
ClassicGumtree,267,42,134,124,2,7,0,0,254,3,0,0.3,,400,,,,,4,,,
ClassicGumtree,271,45,135,125,2,9,0,0,255,3,0,0.4,,400,,,,,4,,,
ClassicGumtree,271,45,135,125,2,9,0,0,165,3,0,0.5,,400,,,,,4,,,
ClassicGumtree,271,45,135,125,2,9,0,0,152,3,0,0.6,,400,,,,,4,,,
ClassicGumtree,456,36,228,218,0,10,0,0,20,3,0,0.7,,400,,,,,4,,,
ClassicGumtree,469,21,230,220,0,19,0,0,4,3,0,0.799,,400,,,,,4,,,
ClassicGumtree,469,21,230,220,0,19,0,0,19,3,0,0.899,,400,,,,,4,,,
ClassicGumtree,469,21,230,220,0,19,0,0,4,3,0,0.999,,400,,,,,4,,,
ClassicGumtree,266,43,133,123,2,8,0,0,231,3,0,0.1,,500,,,,,4,,,
ClassicGumtree,267,42,134,124,2,7,0,0,295,3,0,0.2,,500,,,,,4,,,
ClassicGumtree,267,42,134,124,2,7,0,0,237,3,0,0.3,,500,,,,,4,,,
ClassicGumtree,271,45,135,125,2,9,0,0,286,3,0,0.4,,500,,,,,4,,,
ClassicGumtree,271,45,135,125,2,9,0,0,150,3,0,0.5,,500,,,,,4,,,
ClassicGumtree,271,45,135,125,2,9,0,0,215,3,0,0.6,,500,,,,,4,,,
ClassicGumtree,456,36,228,218,0,10,0,0,20,3,0,0.7,,500,,,,,4,,,
ClassicGumtree,469,21,230,220,0,19,0,0,3,3,0,0.799,,500,,,,,4,,,
ClassicGumtree,469,21,230,220,0,19,0,0,4,3,0,0.899,,500,,,,,4,,,
ClassicGumtree,469,21,230,220,0,19,0,0,3,3,0,0.999,,500,,,,,4,,,
ClassicGumtree,266,43,133,123,2,8,0,0,315,3,0,0.1,,600,,,,,4,,,
ClassicGumtree,267,42,134,124,2,7,0,0,215,3,0,0.2,,600,,,,,4,,,
ClassicGumtree,267,42,134,124,2,7,0,0,172,3,0,0.3,,600,,,,,4,,,
ClassicGumtree,271,45,135,125,2,9,0,0,199,3,0,0.4,,600,,,,,4,,,
ClassicGumtree,271,45,135,125,2,9,0,0,260,3,0,0.5,,600,,,,,4,,,
ClassicGumtree,271,45,135,125,2,9,0,0,183,3,0,0.6,,600,,,,,4,,,
ClassicGumtree,456,36,228,218,0,10,0,0,5,3,0,0.7,,600,,,,,4,,,
ClassicGumtree,469,21,230,220,0,19,0,0,4,3,0,0.799,,600,,,,,4,,,
ClassicGumtree,469,21,230,220,0,19,0,0,3,3,0,0.899,,600,,,,,4,,,
ClassicGumtree,469,21,230,220,0,19,0,0,20,3,0,0.999,,600,,,,,4,,,
ClassicGumtree,266,43,133,123,2,8,0,0,271,3,0,0.1,,700,,,,,4,,,
ClassicGumtree,267,42,134,124,2,7,0,0,186,3,0,0.2,,700,,,,,4,,,
ClassicGumtree,267,42,134,124,2,7,0,0,151,3,0,0.3,,700,,,,,4,,,
ClassicGumtree,271,45,135,125,2,9,0,0,279,3,0,0.4,,700,,,,,4,,,
ClassicGumtree,271,45,135,125,2,9,0,0,262,3,0,0.5,,700,,,,,4,,,
ClassicGumtree,271,45,135,125,2,9,0,0,227,3,0,0.6,,700,,,,,4,,,
ClassicGumtree,456,36,228,218,0,10,0,0,20,3,0,0.7,,700,,,,,4,,,
ClassicGumtree,469,21,230,220,0,19,0,0,4,3,0,0.799,,700,,,,,4,,,
ClassicGumtree,469,21,230,220,0,19,0,0,4,3,0,0.899,,700,,,,,4,,,
ClassicGumtree,469,21,230,220,0,19,0,0,3,3,0,0.999,,700,,,,,4,,,
ClassicGumtree,266,43,133,123,2,8,0,0,226,3,0,0.1,,800,,,,,4,,,
ClassicGumtree,267,42,134,124,2,7,0,0,3601,3,0,0.2,,800,,,,,4,,,
ClassicGumtree,267,42,134,124,2,7,0,0,150,3,0,0.3,,800,,,,,4,,,
ClassicGumtree,271,45,135,125,2,9,0,0,3542,3,0,0.4,,800,,,,,4,,,
ClassicGumtree,271,45,135,125,2,9,0,0,3525,3,0,0.5,,800,,,,,4,,,
ClassicGumtree,271,45,135,125,2,9,0,0,3522,3,0,0.6,,800,,,,,4,,,
ClassicGumtree,456,36,228,218,0,10,0,0,4,3,0,0.7,,800,,,,,4,,,
ClassicGumtree,469,21,230,220,0,19,0,0,4,3,0,0.799,,800,,,,,4,,,
ClassicGumtree,469,21,230,220,0,19,0,0,4,3,0,0.899,,800,,,,,4,,,
ClassicGumtree,469,21,230,220,0,19,0,0,3,3,0,0.999,,800,,,,,4,,,
ClassicGumtree,266,43,133,123,2,8,0,0,3513,3,0,0.1,,900,,,,,4,,,
ClassicGumtree,267,42,134,124,2,7,0,0,3489,3,0,0.2,,900,,,,,4,,,
ClassicGumtree,267,42,134,124,2,7,0,0,3511,3,0,0.3,,900,,,,,4,,,
ClassicGumtree,271,45,135,125,2,9,0,0,3503,3,0,0.4,,900,,,,,4,,,
ClassicGumtree,271,45,135,125,2,9,0,0,152,3,0,0.5,,900,,,,,4,,,
ClassicGumtree,271,45,135,125,2,9,0,0,165,3,0,0.6,,900,,,,,4,,,
ClassicGumtree,456,36,228,218,0,10,0,0,5,3,0,0.7,,900,,,,,4,,,
ClassicGumtree,469,21,230,220,0,19,0,0,4,3,0,0.799,,900,,,,,4,,,
ClassicGumtree,469,21,230,220,0,19,0,0,4,3,0,0.899,,900,,,,,4,,,
ClassicGumtree,469,21,230,220,0,19,0,0,3,3,0,0.999,,900,,,,,4,,,
ClassicGumtree,52,21,26,16,2,8,0,0,2765,3,0,0.1,,1000,,,,,4,,,
ClassicGumtree,53,20,27,17,2,7,0,0,2339,3,0,0.2,,1000,,,,,4,,,
ClassicGumtree,53,20,27,17,2,7,0,0,2107,3,0,0.3,,1000,,,,,4,,,
ClassicGumtree,57,23,28,18,2,9,0,0,2705,3,0,0.4,,1000,,,,,4,,,
ClassicGumtree,57,23,28,18,2,9,0,0,2495,3,0,0.5,,1000,,,,,4,,,
ClassicGumtree,57,23,28,18,2,9,0,0,3107,3,0,0.6,,1000,,,,,4,,,
ClassicGumtree,57,23,28,18,2,9,0,0,2308,3,0,0.7,,1000,,,,,4,,,
ClassicGumtree,59,21,29,19,2,9,0,0,1096,3,0,0.799,,1000,,,,,4,,,
ClassicGumtree,59,21,29,19,2,9,0,0,1648,3,0,0.899,,1000,,,,,4,,,
ClassicGumtree,59,21,29,19,2,9,0,0,1088,3,0,0.999,,1000,,,,,4,,,
ClassicGumtree,52,21,26,16,2,8,0,0,3751,3,0,0.1,,1100,,,,,4,,,
ClassicGumtree,53,20,27,17,2,7,0,0,2730,3,0,0.2,,1100,,,,,4,,,
ClassicGumtree,53,20,27,17,2,7,0,0,2955,3,0,0.3,,1100,,,,,4,,,
ClassicGumtree,57,23,28,18,2,9,0,0,3036,3,0,0.4,,1100,,,,,4,,,
ClassicGumtree,57,23,28,18,2,9,0,0,3277,3,0,0.5,,1100,,,,,4,,,
ClassicGumtree,57,23,28,18,2,9,0,0,3212,3,0,0.6,,1100,,,,,4,,,
ClassicGumtree,57,23,28,18,2,9,0,0,3102,3,0,0.7,,1100,,,,,4,,,
ClassicGumtree,59,21,29,19,2,9,0,0,1267,3,0,0.799,,1100,,,,,4,,,
ClassicGumtree,59,21,29,19,2,9,0,0,1760,3,0,0.899,,1100,,,,,4,,,
ClassicGumtree,59,21,29,19,2,9,0,0,1292,3,0,0.999,,1100,,,,,4,,,
ClassicGumtree,52,21,26,16,2,8,0,0,3551,3,0,0.1,,1200,,,,,4,,,
ClassicGumtree,53,20,27,17,2,7,0,0,3613,3,0,0.2,,1200,,,,,4,,,
ClassicGumtree,53,20,27,17,2,7,0,0,2100,3,0,0.3,,1200,,,,,4,,,
ClassicGumtree,57,23,28,18,2,9,0,0,2783,3,0,0.4,,1200,,,,,4,,,
ClassicGumtree,57,23,28,18,2,9,0,0,3342,3,0,0.5,,1200,,,,,4,,,
ClassicGumtree,57,23,28,18,2,9,0,0,3453,3,0,0.6,,1200,,,,,4,,,
ClassicGumtree,57,23,28,18,2,9,0,0,2930,3,0,0.7,,1200,,,,,4,,,
ClassicGumtree,59,21,29,19,2,9,0,0,1585,3,0,0.799,,1200,,,,,4,,,
ClassicGumtree,59,21,29,19,2,9,0,0,1739,3,0,0.899,,1200,,,,,4,,,
ClassicGumtree,59,21,29,19,2,9,0,0,1402,3,0,0.999,,1200,,,,,4,,,
ClassicGumtree,52,21,26,16,2,8,0,0,2426,3,0,0.1,,1300,,,,,4,,,
ClassicGumtree,53,20,27,17,2,7,0,0,3423,3,0,0.2,,1300,,,,,4,,,
ClassicGumtree,53,20,27,17,2,7,0,0,2963,3,0,0.3,,1300,,,,,4,,,
ClassicGumtree,57,23,28,18,2,9,0,0,2696,3,0,0.4,,1300,,,,,4,,,
ClassicGumtree,57,23,28,18,2,9,0,0,2757,3,0,0.5,,1300,,,,,4,,,
ClassicGumtree,57,23,28,18,2,9,0,0,3070,3,0,0.6,,1300,,,,,4,,,
ClassicGumtree,57,23,28,18,2,9,0,0,2586,3,0,0.7,,1300,,,,,4,,,
ClassicGumtree,59,21,29,19,2,9,0,0,1544,3,0,0.799,,1300,,,,,4,,,
ClassicGumtree,59,21,29,19,2,9,0,0,1643,3,0,0.899,,1300,,,,,4,,,
ClassicGumtree,59,21,29,19,2,9,0,0,1329,3,0,0.999,,1300,,,,,4,,,
ClassicGumtree,52,21,26,16,2,8,0,0,3523,3,0,0.1,,1400,,,,,4,,,
ClassicGumtree,53,20,27,17,2,7,0,0,3097,3,0,0.2,,1400,,,,,4,,,
ClassicGumtree,53,20,27,17,2,7,0,0,2995,3,0,0.3,,1400,,,,,4,,,
ClassicGumtree,57,23,28,18,2,9,0,0,2480,3,0,0.4,,1400,,,,,4,,,
ClassicGumtree,57,23,28,18,2,9,0,0,2961,3,0,0.5,,1400,,,,,4,,,
ClassicGumtree,57,23,28,18,2,9,0,0,3355,3,0,0.6,,1400,,,,,4,,,
ClassicGumtree,57,23,28,18,2,9,0,0,2100,3,0,0.7,,1400,,,,,4,,,
ClassicGumtree,59,21,29,19,2,9,0,0,1011,3,0,0.799,,1400,,,,,4,,,
ClassicGumtree,59,21,29,19,2,9,0,0,1087,3,0,0.899,,1400,,,,,4,,,
ClassicGumtree,59,21,29,19,2,9,0,0,1614,3,0,0.999,,1400,,,,,4,,,
ClassicGumtree,52,21,26,16,2,8,0,0,4935,3,0,0.1,,1500,,,,,4,,,
ClassicGumtree,53,20,27,17,2,7,0,0,4448,3,0,0.2,,1500,,,,,4,,,
ClassicGumtree,53,20,27,17,2,7,0,0,4186,3,0,0.3,,1500,,,,,4,,,
ClassicGumtree,57,23,28,18,2,9,0,0,4627,3,0,0.4,,1500,,,,,4,,,
ClassicGumtree,57,23,28,18,2,9,0,0,3956,3,0,0.5,,1500,,,,,4,,,
ClassicGumtree,57,23,28,18,2,9,0,0,5231,3,0,0.6,,1500,,,,,4,,,
ClassicGumtree,57,23,28,18,2,9,0,0,4349,3,0,0.7,,1500,,,,,4,,,
ClassicGumtree,59,21,29,19,2,9,0,0,3113,3,0,0.799,,1500,,,,,4,,,
ClassicGumtree,59,21,29,19,2,9,0,0,3068,3,0,0.899,,1500,,,,,4,,,
ClassicGumtree,59,21,29,19,2,9,0,0,3173,3,0,0.999,,1500,,,,,4,,,
ClassicGumtree,52,21,26,16,2,8,0,0,2567,3,0,0.1,,1600,,,,,4,,,
ClassicGumtree,53,20,27,17,2,7,0,0,2894,3,0,0.2,,1600,,,,,4,,,
ClassicGumtree,53,20,27,17,2,7,0,0,3236,3,0,0.3,,1600,,,,,4,,,
ClassicGumtree,57,23,28,18,2,9,0,0,3014,3,0,0.4,,1600,,,,,4,,,
ClassicGumtree,57,23,28,18,2,9,0,0,2642,3,0,0.5,,1600,,,,,4,,,
ClassicGumtree,57,23,28,18,2,9,0,0,2824,3,0,0.6,,1600,,,,,4,,,
ClassicGumtree,57,23,28,18,2,9,0,0,2721,3,0,0.7,,1600,,,,,4,,,
ClassicGumtree,59,21,29,19,2,9,0,0,1661,3,0,0.799,,1600,,,,,4,,,
ClassicGumtree,59,21,29,19,2,9,0,0,1065,3,0,0.899,,1600,,,,,4,,,
ClassicGumtree,59,21,29,19,2,9,0,0,1048,3,0,0.999,,1600,,,,,4,,,
ClassicGumtree,52,21,26,16,2,8,0,0,2362,3,0,0.1,,1700,,,,,4,,,
ClassicGumtree,53,20,27,17,2,7,0,0,3267,3,0,0.2,,1700,,,,,4,,,
ClassicGumtree,53,20,27,17,2,7,0,0,3130,3,0,0.3,,1700,,,,,4,,,
ClassicGumtree,57,23,28,18,2,9,0,0,3297,3,0,0.4,,1700,,,,,4,,,
ClassicGumtree,57,23,28,18,2,9,0,0,3344,3,0,0.5,,1700,,,,,4,,,
ClassicGumtree,57,23,28,18,2,9,0,0,2588,3,0,0.6,,1700,,,,,4,,,
ClassicGumtree,57,23,28,18,2,9,0,0,2964,3,0,0.7,,1700,,,,,4,,,
ClassicGumtree,59,21,29,19,2,9,0,0,1467,3,0,0.799,,1700,,,,,4,,,
ClassicGumtree,59,21,29,19,2,9,0,0,1333,3,0,0.899,,1700,,,,,4,,,
ClassicGumtree,59,21,29,19,2,9,0,0,1675,3,0,0.999,,1700,,,,,4,,,
ClassicGumtree,52,21,26,16,2,8,0,0,2907,3,0,0.1,,1800,,,,,4,,,
ClassicGumtree,53,20,27,17,2,7,0,0,3695,3,0,0.2,,1800,,,,,4,,,
ClassicGumtree,53,20,27,17,2,7,0,0,2381,3,0,0.3,,1800,,,,,4,,,
ClassicGumtree,57,23,28,18,2,9,0,0,2658,3,0,0.4,,1800,,,,,4,,,
ClassicGumtree,57,23,28,18,2,9,0,0,2569,3,0,0.5,,1800,,,,,4,,,
ClassicGumtree,57,23,28,18,2,9,0,0,2766,3,0,0.6,,1800,,,,,4,,,
ClassicGumtree,57,23,28,18,2,9,0,0,2710,3,0,0.7,,1800,,,,,4,,,
ClassicGumtree,59,21,29,19,2,9,0,0,1310,3,0,0.799,,1800,,,,,4,,,
ClassicGumtree,59,21,29,19,2,9,0,0,1926,3,0,0.899,,1800,,,,,4,,,
ClassicGumtree,59,21,29,19,2,9,0,0,1171,3,0,0.999,,1800,,,,,4,,,
ClassicGumtree,52,21,26,16,2,8,0,0,2445,3,0,0.1,,1900,,,,,4,,,
ClassicGumtree,53,20,27,17,2,7,0,0,2757,3,0,0.2,,1900,,,,,4,,,
ClassicGumtree,53,20,27,17,2,7,0,0,3224,3,0,0.3,,1900,,,,,4,,,
ClassicGumtree,57,23,28,18,2,9,0,0,3066,3,0,0.4,,1900,,,,,4,,,
ClassicGumtree,57,23,28,18,2,9,0,0,2521,3,0,0.5,,1900,,,,,4,,,
ClassicGumtree,57,23,28,18,2,9,0,0,2783,3,0,0.6,,1900,,,,,4,,,
ClassicGumtree,57,23,28,18,2,9,0,0,2400,3,0,0.7,,1900,,,,,4,,,
ClassicGumtree,59,21,29,19,2,9,0,0,1253,3,0,0.799,,1900,,,,,4,,,
ClassicGumtree,59,21,29,19,2,9,0,0,1674,3,0,0.899,,1900,,,,,4,,,
ClassicGumtree,59,21,29,19,2,9,0,0,1493,3,0,0.999,,1900,,,,,4,,,
ClassicGumtree,52,21,26,16,2,8,0,0,2658,3,0,0.1,,2000,,,,,4,,,
ClassicGumtree,53,20,27,17,2,7,0,0,2502,3,0,0.2,,2000,,,,,4,,,
ClassicGumtree,53,20,27,17,2,7,0,0,4369,3,0,0.3,,2000,,,,,4,,,
ClassicGumtree,57,23,28,18,2,9,0,0,2413,3,0,0.4,,2000,,,,,4,,,
ClassicGumtree,57,23,28,18,2,9,0,0,3947,3,0,0.5,,2000,,,,,4,,,
ClassicGumtree,57,23,28,18,2,9,0,0,4244,3,0,0.6,,2000,,,,,4,,,
ClassicGumtree,57,23,28,18,2,9,0,0,4210,3,0,0.7,,2000,,,,,4,,,
ClassicGumtree,59,21,29,19,2,9,0,0,1605,3,0,0.799,,2000,,,,,4,,,
ClassicGumtree,59,21,29,19,2,9,0,0,1087,3,0,0.899,,2000,,,,,4,,,
ClassicGumtree,59,21,29,19,2,9,0,0,1087,3,0,0.999,,2000,,,,,4,,,
ClassicGumtree,561,74,283,273,1,4,0,0,9,3,0,0.1,,100,,,,,5,,,
ClassicGumtree,562,72,284,274,1,3,0,0,8,3,0,0.2,,100,,,,,5,,,
ClassicGumtree,562,72,284,274,1,3,0,0,8,3,0,0.3,,100,,,,,5,,,
ClassicGumtree,619,51,314,304,0,1,0,0,4,3,0,0.4,,100,,,,,5,,,
ClassicGumtree,619,51,314,304,0,1,0,0,5,3,0,0.5,,100,,,,,5,,,
ClassicGumtree,628,42,315,305,0,8,0,0,4,3,0,0.6,,100,,,,,5,,,
ClassicGumtree,635,17,316,306,0,13,0,0,4,3,0,0.7,,100,,,,,5,,,
ClassicGumtree,637,15,317,307,0,13,0,0,4,3,0,0.799,,100,,,,,5,,,
ClassicGumtree,637,15,317,307,0,13,0,0,4,3,0,0.899,,100,,,,,5,,,
ClassicGumtree,637,15,317,307,0,13,0,0,4,3,0,0.999,,100,,,,,5,,,
ClassicGumtree,460,67,230,220,2,8,0,0,28,3,0,0.1,,200,,,,,5,,,
ClassicGumtree,461,66,231,221,2,7,0,0,27,3,0,0.2,,200,,,,,5,,,
ClassicGumtree,461,66,231,221,2,7,0,0,26,3,0,0.3,,200,,,,,5,,,
ClassicGumtree,619,51,314,304,0,1,0,0,5,3,0,0.4,,200,,,,,5,,,
ClassicGumtree,619,51,314,304,0,1,0,0,4,3,0,0.5,,200,,,,,5,,,
ClassicGumtree,628,42,315,305,0,8,0,0,4,3,0,0.6,,200,,,,,5,,,
ClassicGumtree,635,17,316,306,0,13,0,0,5,3,0,0.7,,200,,,,,5,,,
ClassicGumtree,637,15,317,307,0,13,0,0,4,3,0,0.799,,200,,,,,5,,,
ClassicGumtree,637,15,317,307,0,13,0,0,4,3,0,0.899,,200,,,,,5,,,
ClassicGumtree,637,15,317,307,0,13,0,0,4,3,0,0.999,,200,,,,,5,,,
ClassicGumtree,460,67,230,220,2,8,0,0,27,3,0,0.1,,300,,,,,5,,,
ClassicGumtree,461,66,231,221,2,7,0,0,26,3,0,0.2,,300,,,,,5,,,
ClassicGumtree,461,66,231,221,2,7,0,0,26,3,0,0.3,,300,,,,,5,,,
ClassicGumtree,619,51,314,304,0,1,0,0,5,3,0,0.4,,300,,,,,5,,,
ClassicGumtree,619,51,314,304,0,1,0,0,4,3,0,0.5,,300,,,,,5,,,
ClassicGumtree,628,42,315,305,0,8,0,0,5,3,0,0.6,,300,,,,,5,,,
ClassicGumtree,635,17,316,306,0,13,0,0,5,3,0,0.7,,300,,,,,5,,,
ClassicGumtree,637,15,317,307,0,13,0,0,4,3,0,0.799,,300,,,,,5,,,
ClassicGumtree,637,15,317,307,0,13,0,0,3,3,0,0.899,,300,,,,,5,,,
ClassicGumtree,637,15,317,307,0,13,0,0,3,3,0,0.999,,300,,,,,5,,,
ClassicGumtree,386,51,193,183,2,8,0,0,223,3,0,0.1,,400,,,,,5,,,
ClassicGumtree,387,50,194,184,2,7,0,0,174,3,0,0.2,,400,,,,,5,,,
ClassicGumtree,387,50,194,184,2,7,0,0,324,3,0,0.3,,400,,,,,5,,,
ClassicGumtree,391,53,195,185,2,9,0,0,179,3,0,0.4,,400,,,,,5,,,
ClassicGumtree,391,53,195,185,2,9,0,0,207,3,0,0.5,,400,,,,,5,,,
ClassicGumtree,628,42,315,305,0,8,0,0,4,3,0,0.6,,400,,,,,5,,,
ClassicGumtree,635,17,316,306,0,13,0,0,5,3,0,0.7,,400,,,,,5,,,
ClassicGumtree,637,15,317,307,0,13,0,0,20,3,0,0.799,,400,,,,,5,,,
ClassicGumtree,637,15,317,307,0,13,0,0,3,3,0,0.899,,400,,,,,5,,,
ClassicGumtree,637,15,317,307,0,13,0,0,4,3,0,0.999,,400,,,,,5,,,
ClassicGumtree,386,51,193,183,2,8,0,0,207,3,0,0.1,,500,,,,,5,,,
ClassicGumtree,387,50,194,184,2,7,0,0,298,3,0,0.2,,500,,,,,5,,,
ClassicGumtree,387,50,194,184,2,7,0,0,190,3,0,0.3,,500,,,,,5,,,
ClassicGumtree,391,53,195,185,2,9,0,0,151,3,0,0.4,,500,,,,,5,,,
ClassicGumtree,391,53,195,185,2,9,0,0,151,3,0,0.5,,500,,,,,5,,,
ClassicGumtree,628,42,315,305,0,8,0,0,5,3,0,0.6,,500,,,,,5,,,
ClassicGumtree,635,17,316,306,0,13,0,0,4,3,0,0.7,,500,,,,,5,,,
ClassicGumtree,637,15,317,307,0,13,0,0,4,3,0,0.799,,500,,,,,5,,,
ClassicGumtree,637,15,317,307,0,13,0,0,3,3,0,0.899,,500,,,,,5,,,
ClassicGumtree,637,15,317,307,0,13,0,0,7,3,0,0.999,,500,,,,,5,,,
ClassicGumtree,386,51,193,183,2,8,0,0,1475,3,0,0.1,,600,,,,,5,,,
ClassicGumtree,387,50,194,184,2,7,0,0,1512,3,0,0.2,,600,,,,,5,,,
ClassicGumtree,387,50,194,184,2,7,0,0,1472,3,0,0.3,,600,,,,,5,,,
ClassicGumtree,391,53,195,185,2,9,0,0,1469,3,0,0.4,,600,,,,,5,,,
ClassicGumtree,391,53,195,185,2,9,0,0,1450,3,0,0.5,,600,,,,,5,,,
ClassicGumtree,628,42,315,305,0,8,0,0,5,3,0,0.6,,600,,,,,5,,,
ClassicGumtree,635,17,316,306,0,13,0,0,5,3,0,0.7,,600,,,,,5,,,
ClassicGumtree,637,15,317,307,0,13,0,0,4,3,0,0.799,,600,,,,,5,,,
ClassicGumtree,637,15,317,307,0,13,0,0,1303,3,0,0.899,,600,,,,,5,,,
ClassicGumtree,637,15,317,307,0,13,0,0,4,3,0,0.999,,600,,,,,5,,,
ClassicGumtree,386,51,193,183,2,8,0,0,174,3,0,0.1,,700,,,,,5,,,
ClassicGumtree,387,50,194,184,2,7,0,0,293,3,0,0.2,,700,,,,,5,,,
ClassicGumtree,387,50,194,184,2,7,0,0,285,3,0,0.3,,700,,,,,5,,,
ClassicGumtree,391,53,195,185,2,9,0,0,241,3,0,0.4,,700,,,,,5,,,
ClassicGumtree,391,53,195,185,2,9,0,0,151,3,0,0.5,,700,,,,,5,,,
ClassicGumtree,628,42,315,305,0,8,0,0,5,3,0,0.6,,700,,,,,5,,,
ClassicGumtree,635,17,316,306,0,13,0,0,4,3,0,0.7,,700,,,,,5,,,
ClassicGumtree,637,15,317,307,0,13,0,0,4,3,0,0.799,,700,,,,,5,,,
ClassicGumtree,637,15,317,307,0,13,0,0,4,3,0,0.899,,700,,,,,5,,,
ClassicGumtree,637,15,317,307,0,13,0,0,4,3,0,0.999,,700,,,,,5,,,
ClassicGumtree,386,51,193,183,2,8,0,0,173,3,0,0.1,,800,,,,,5,,,
ClassicGumtree,387,50,194,184,2,7,0,0,174,3,0,0.2,,800,,,,,5,,,
ClassicGumtree,387,50,194,184,2,7,0,0,174,3,0,0.3,,800,,,,,5,,,
ClassicGumtree,391,53,195,185,2,9,0,0,151,3,0,0.4,,800,,,,,5,,,
ClassicGumtree,391,53,195,185,2,9,0,0,150,3,0,0.5,,800,,,,,5,,,
ClassicGumtree,628,42,315,305,0,8,0,0,4,3,0,0.6,,800,,,,,5,,,
ClassicGumtree,635,17,316,306,0,13,0,0,28,3,0,0.7,,800,,,,,5,,,
ClassicGumtree,637,15,317,307,0,13,0,0,4,3,0,0.799,,800,,,,,5,,,
ClassicGumtree,637,15,317,307,0,13,0,0,4,3,0,0.899,,800,,,,,5,,,
ClassicGumtree,637,15,317,307,0,13,0,0,3,3,0,0.999,,800,,,,,5,,,
ClassicGumtree,386,51,193,183,2,8,0,0,175,3,0,0.1,,900,,,,,5,,,
ClassicGumtree,387,50,194,184,2,7,0,0,153,3,0,0.2,,900,,,,,5,,,
ClassicGumtree,387,50,194,184,2,7,0,0,200,3,0,0.3,,900,,,,,5,,,
ClassicGumtree,391,53,195,185,2,9,0,0,308,3,0,0.4,,900,,,,,5,,,
ClassicGumtree,391,53,195,185,2,9,0,0,149,3,0,0.5,,900,,,,,5,,,
ClassicGumtree,628,42,315,305,0,8,0,0,4,3,0,0.6,,900,,,,,5,,,
ClassicGumtree,635,17,316,306,0,13,0,0,5,3,0,0.7,,900,,,,,5,,,
ClassicGumtree,637,15,317,307,0,13,0,0,4,3,0,0.799,,900,,,,,5,,,
ClassicGumtree,637,15,317,307,0,13,0,0,4,3,0,0.899,,900,,,,,5,,,
ClassicGumtree,637,15,317,307,0,13,0,0,4,3,0,0.999,,900,,,,,5,,,
ClassicGumtree,52,21,26,16,2,8,0,0,2884,3,0,0.1,,1000,,,,,5,,,
ClassicGumtree,53,20,27,17,2,7,0,0,2502,3,0,0.2,,1000,,,,,5,,,
ClassicGumtree,53,20,27,17,2,7,0,0,2679,3,0,0.3,,1000,,,,,5,,,
ClassicGumtree,57,23,28,18,2,9,0,0,3241,3,0,0.4,,1000,,,,,5,,,
ClassicGumtree,57,23,28,18,2,9,0,0,3123,3,0,0.5,,1000,,,,,5,,,
ClassicGumtree,57,23,28,18,2,9,0,0,2583,3,0,0.6,,1000,,,,,5,,,
ClassicGumtree,57,23,28,18,2,9,0,0,1460,3,0,0.7,,1000,,,,,5,,,
ClassicGumtree,59,21,29,19,2,9,0,0,1273,3,0,0.799,,1000,,,,,5,,,
ClassicGumtree,59,21,29,19,2,9,0,0,1735,3,0,0.899,,1000,,,,,5,,,
ClassicGumtree,59,21,29,19,2,9,0,0,1242,3,0,0.999,,1000,,,,,5,,,
ClassicGumtree,52,21,26,16,2,8,0,0,2936,3,0,0.1,,1100,,,,,5,,,
ClassicGumtree,53,20,27,17,2,7,0,0,4234,3,0,0.2,,1100,,,,,5,,,
ClassicGumtree,53,20,27,17,2,7,0,0,2255,3,0,0.3,,1100,,,,,5,,,
ClassicGumtree,57,23,28,18,2,9,0,0,2606,3,0,0.4,,1100,,,,,5,,,
ClassicGumtree,57,23,28,18,2,9,0,0,2878,3,0,0.5,,1100,,,,,5,,,
ClassicGumtree,57,23,28,18,2,9,0,0,3429,3,0,0.6,,1100,,,,,5,,,
ClassicGumtree,57,23,28,18,2,9,0,0,1626,3,0,0.7,,1100,,,,,5,,,
ClassicGumtree,59,21,29,19,2,9,0,0,1250,3,0,0.799,,1100,,,,,5,,,
ClassicGumtree,59,21,29,19,2,9,0,0,1088,3,0,0.899,,1100,,,,,5,,,
ClassicGumtree,59,21,29,19,2,9,0,0,1552,3,0,0.999,,1100,,,,,5,,,
ClassicGumtree,52,21,26,16,2,8,0,0,3184,3,0,0.1,,1200,,,,,5,,,
ClassicGumtree,53,20,27,17,2,7,0,0,2741,3,0,0.2,,1200,,,,,5,,,
ClassicGumtree,53,20,27,17,2,7,0,0,2878,3,0,0.3,,1200,,,,,5,,,
ClassicGumtree,57,23,28,18,2,9,0,0,3782,3,0,0.4,,1200,,,,,5,,,
ClassicGumtree,57,23,28,18,2,9,0,0,3351,3,0,0.5,,1200,,,,,5,,,
ClassicGumtree,57,23,28,18,2,9,0,0,2792,3,0,0.6,,1200,,,,,5,,,
ClassicGumtree,57,23,28,18,2,9,0,0,1091,3,0,0.7,,1200,,,,,5,,,
ClassicGumtree,59,21,29,19,2,9,0,0,1407,3,0,0.799,,1200,,,,,5,,,
ClassicGumtree,59,21,29,19,2,9,0,0,1808,3,0,0.899,,1200,,,,,5,,,
ClassicGumtree,59,21,29,19,2,9,0,0,1402,3,0,0.999,,1200,,,,,5,,,
ClassicGumtree,52,21,26,16,2,8,0,0,3768,3,0,0.1,,1300,,,,,5,,,
ClassicGumtree,53,20,27,17,2,7,0,0,3195,3,0,0.2,,1300,,,,,5,,,
ClassicGumtree,53,20,27,17,2,7,0,0,3102,3,0,0.3,,1300,,,,,5,,,
ClassicGumtree,57,23,28,18,2,9,0,0,3888,3,0,0.4,,1300,,,,,5,,,
ClassicGumtree,57,23,28,18,2,9,0,0,2606,3,0,0.5,,1300,,,,,5,,,
ClassicGumtree,57,23,28,18,2,9,0,0,3827,3,0,0.6,,1300,,,,,5,,,
ClassicGumtree,57,23,28,18,2,9,0,0,1186,3,0,0.7,,1300,,,,,5,,,
ClassicGumtree,59,21,29,19,2,9,0,0,1067,3,0,0.799,,1300,,,,,5,,,
ClassicGumtree,59,21,29,19,2,9,0,0,2082,3,0,0.899,,1300,,,,,5,,,
ClassicGumtree,59,21,29,19,2,9,0,0,1722,3,0,0.999,,1300,,,,,5,,,
ClassicGumtree,52,21,26,16,2,8,0,0,3360,3,0,0.1,,1400,,,,,5,,,
ClassicGumtree,53,20,27,17,2,7,0,0,2817,3,0,0.2,,1400,,,,,5,,,
ClassicGumtree,53,20,27,17,2,7,0,0,2913,3,0,0.3,,1400,,,,,5,,,
ClassicGumtree,57,23,28,18,2,9,0,0,2657,3,0,0.4,,1400,,,,,5,,,
ClassicGumtree,57,23,28,18,2,9,0,0,2812,3,0,0.5,,1400,,,,,5,,,
ClassicGumtree,57,23,28,18,2,9,0,0,2960,3,0,0.6,,1400,,,,,5,,,
ClassicGumtree,57,23,28,18,2,9,0,0,1812,3,0,0.7,,1400,,,,,5,,,
ClassicGumtree,59,21,29,19,2,9,0,0,1880,3,0,0.799,,1400,,,,,5,,,
ClassicGumtree,59,21,29,19,2,9,0,0,1427,3,0,0.899,,1400,,,,,5,,,
ClassicGumtree,59,21,29,19,2,9,0,0,1858,3,0,0.999,,1400,,,,,5,,,
ClassicGumtree,52,21,26,16,2,8,0,0,3218,3,0,0.1,,1500,,,,,5,,,
ClassicGumtree,53,20,27,17,2,7,0,0,3563,3,0,0.2,,1500,,,,,5,,,
ClassicGumtree,53,20,27,17,2,7,0,0,3138,3,0,0.3,,1500,,,,,5,,,
ClassicGumtree,57,23,28,18,2,9,0,0,3435,3,0,0.4,,1500,,,,,5,,,
ClassicGumtree,57,23,28,18,2,9,0,0,2837,3,0,0.5,,1500,,,,,5,,,
ClassicGumtree,57,23,28,18,2,9,0,0,2864,3,0,0.6,,1500,,,,,5,,,
ClassicGumtree,57,23,28,18,2,9,0,0,1937,3,0,0.7,,1500,,,,,5,,,
ClassicGumtree,59,21,29,19,2,9,0,0,1647,3,0,0.799,,1500,,,,,5,,,
ClassicGumtree,59,21,29,19,2,9,0,0,1952,3,0,0.899,,1500,,,,,5,,,
ClassicGumtree,59,21,29,19,2,9,0,0,1897,3,0,0.999,,1500,,,,,5,,,
ClassicGumtree,52,21,26,16,2,8,0,0,3575,3,0,0.1,,1600,,,,,5,,,
ClassicGumtree,53,20,27,17,2,7,0,0,3105,3,0,0.2,,1600,,,,,5,,,
ClassicGumtree,53,20,27,17,2,7,0,0,2714,3,0,0.3,,1600,,,,,5,,,
ClassicGumtree,57,23,28,18,2,9,0,0,2444,3,0,0.4,,1600,,,,,5,,,
ClassicGumtree,57,23,28,18,2,9,0,0,2108,3,0,0.5,,1600,,,,,5,,,
ClassicGumtree,57,23,28,18,2,9,0,0,2449,3,0,0.6,,1600,,,,,5,,,
ClassicGumtree,57,23,28,18,2,9,0,0,980,3,0,0.7,,1600,,,,,5,,,
ClassicGumtree,59,21,29,19,2,9,0,0,998,3,0,0.799,,1600,,,,,5,,,
ClassicGumtree,59,21,29,19,2,9,0,0,1091,3,0,0.899,,1600,,,,,5,,,
ClassicGumtree,59,21,29,19,2,9,0,0,1089,3,0,0.999,,1600,,,,,5,,,
ClassicGumtree,52,21,26,16,2,8,0,0,3152,3,0,0.1,,1700,,,,,5,,,
ClassicGumtree,53,20,27,17,2,7,0,0,2113,3,0,0.2,,1700,,,,,5,,,
ClassicGumtree,53,20,27,17,2,7,0,0,2365,3,0,0.3,,1700,,,,,5,,,
ClassicGumtree,57,23,28,18,2,9,0,0,3463,3,0,0.4,,1700,,,,,5,,,
ClassicGumtree,57,23,28,18,2,9,0,0,2231,3,0,0.5,,1700,,,,,5,,,
ClassicGumtree,57,23,28,18,2,9,0,0,3105,3,0,0.6,,1700,,,,,5,,,
ClassicGumtree,57,23,28,18,2,9,0,0,1475,3,0,0.7,,1700,,,,,5,,,
ClassicGumtree,59,21,29,19,2,9,0,0,1370,3,0,0.799,,1700,,,,,5,,,
ClassicGumtree,59,21,29,19,2,9,0,0,1407,3,0,0.899,,1700,,,,,5,,,
ClassicGumtree,59,21,29,19,2,9,0,0,1188,3,0,0.999,,1700,,,,,5,,,
ClassicGumtree,52,21,26,16,2,8,0,0,3217,3,0,0.1,,1800,,,,,5,,,
ClassicGumtree,53,20,27,17,2,7,0,0,2660,3,0,0.2,,1800,,,,,5,,,
ClassicGumtree,53,20,27,17,2,7,0,0,2478,3,0,0.3,,1800,,,,,5,,,
ClassicGumtree,57,23,28,18,2,9,0,0,3230,3,0,0.4,,1800,,,,,5,,,
ClassicGumtree,57,23,28,18,2,9,0,0,2769,3,0,0.5,,1800,,,,,5,,,
ClassicGumtree,57,23,28,18,2,9,0,0,3636,3,0,0.6,,1800,,,,,5,,,
ClassicGumtree,57,23,28,18,2,9,0,0,1464,3,0,0.7,,1800,,,,,5,,,
ClassicGumtree,59,21,29,19,2,9,0,0,1469,3,0,0.799,,1800,,,,,5,,,
ClassicGumtree,59,21,29,19,2,9,0,0,1511,3,0,0.899,,1800,,,,,5,,,
ClassicGumtree,59,21,29,19,2,9,0,0,1608,3,0,0.999,,1800,,,,,5,,,
ClassicGumtree,52,21,26,16,2,8,0,0,3479,3,0,0.1,,1900,,,,,5,,,
ClassicGumtree,53,20,27,17,2,7,0,0,2975,3,0,0.2,,1900,,,,,5,,,
ClassicGumtree,53,20,27,17,2,7,0,0,2668,3,0,0.3,,1900,,,,,5,,,
ClassicGumtree,57,23,28,18,2,9,0,0,3982,3,0,0.4,,1900,,,,,5,,,
ClassicGumtree,57,23,28,18,2,9,0,0,2367,3,0,0.5,,1900,,,,,5,,,
ClassicGumtree,57,23,28,18,2,9,0,0,2341,3,0,0.6,,1900,,,,,5,,,
ClassicGumtree,57,23,28,18,2,9,0,0,1437,3,0,0.7,,1900,,,,,5,,,
ClassicGumtree,59,21,29,19,2,9,0,0,1850,3,0,0.799,,1900,,,,,5,,,
ClassicGumtree,59,21,29,19,2,9,0,0,976,3,0,0.899,,1900,,,,,5,,,
ClassicGumtree,59,21,29,19,2,9,0,0,1523,3,0,0.999,,1900,,,,,5,,,
ClassicGumtree,52,21,26,16,2,8,0,0,2722,3,0,0.1,,2000,,,,,5,,,
ClassicGumtree,53,20,27,17,2,7,0,0,2695,3,0,0.2,,2000,,,,,5,,,
ClassicGumtree,53,20,27,17,2,7,0,0,2738,3,0,0.3,,2000,,,,,5,,,
ClassicGumtree,57,23,28,18,2,9,0,0,2230,3,0,0.4,,2000,,,,,5,,,
ClassicGumtree,57,23,28,18,2,9,0,0,2321,3,0,0.5,,2000,,,,,5,,,
ClassicGumtree,57,23,28,18,2,9,0,0,2884,3,0,0.6,,2000,,,,,5,,,
ClassicGumtree,57,23,28,18,2,9,0,0,1120,3,0,0.7,,2000,,,,,5,,,
ClassicGumtree,59,21,29,19,2,9,0,0,1601,3,0,0.799,,2000,,,,,5,,,
ClassicGumtree,59,21,29,19,2,9,0,0,1452,3,0,0.899,,2000,,,,,5,,,
ClassicGumtree,59,21,29,19,2,9,0,0,1328,3,0,0.999,,2000,,,,,5,,,
CompleteGumtreeMatcher,91,55,27,17,1,46,0,0,7,3,0,0.1,,100,,,,,1,,,
CompleteGumtreeMatcher,91,55,27,17,1,46,0,0,19,3,0,0.2,,100,,,,,1,,,
CompleteGumtreeMatcher,91,55,27,17,1,46,0,0,7,3,0,0.3,,100,,,,,1,,,
CompleteGumtreeMatcher,91,55,27,17,1,46,0,0,7,3,0,0.4,,100,,,,,1,,,
CompleteGumtreeMatcher,91,55,27,17,1,46,0,0,7,3,0,0.5,,100,,,,,1,,,
CompleteGumtreeMatcher,102,50,32,22,0,48,0,0,3,3,0,0.6,,100,,,,,1,,,
CompleteGumtreeMatcher,102,50,32,22,0,48,0,0,3,3,0,0.7,,100,,,,,1,,,
CompleteGumtreeMatcher,102,50,32,22,0,48,0,0,3,3,0,0.799,,100,,,,,1,,,
CompleteGumtreeMatcher,102,50,32,22,0,48,0,0,3,3,0,0.899,,100,,,,,1,,,
CompleteGumtreeMatcher,102,50,32,22,0,48,0,0,3,3,0,0.999,,100,,,,,1,,,
CompleteGumtreeMatcher,91,55,27,17,1,46,0,0,7,3,0,0.1,,200,,,,,1,,,
CompleteGumtreeMatcher,91,55,27,17,1,46,0,0,8,3,0,0.2,,200,,,,,1,,,
CompleteGumtreeMatcher,91,55,27,17,1,46,0,0,7,3,0,0.3,,200,,,,,1,,,
CompleteGumtreeMatcher,91,55,27,17,1,46,0,0,7,3,0,0.4,,200,,,,,1,,,
CompleteGumtreeMatcher,91,55,27,17,1,46,0,0,8,3,0,0.5,,200,,,,,1,,,
CompleteGumtreeMatcher,102,50,32,22,0,48,0,0,3,3,0,0.6,,200,,,,,1,,,
CompleteGumtreeMatcher,102,50,32,22,0,48,0,0,3,3,0,0.7,,200,,,,,1,,,
CompleteGumtreeMatcher,102,50,32,22,0,48,0,0,3,3,0,0.799,,200,,,,,1,,,
CompleteGumtreeMatcher,102,50,32,22,0,48,0,0,3,3,0,0.899,,200,,,,,1,,,
CompleteGumtreeMatcher,102,50,32,22,0,48,0,0,3,3,0,0.999,,200,,,,,1,,,
CompleteGumtreeMatcher,91,55,27,17,1,46,0,0,7,3,0,0.1,,300,,,,,1,,,
CompleteGumtreeMatcher,91,55,27,17,1,46,0,0,31,3,0,0.2,,300,,,,,1,,,
CompleteGumtreeMatcher,91,55,27,17,1,46,0,0,20,3,0,0.3,,300,,,,,1,,,
CompleteGumtreeMatcher,91,55,27,17,1,46,0,0,7,3,0,0.4,,300,,,,,1,,,
CompleteGumtreeMatcher,91,55,27,17,1,46,0,0,19,3,0,0.5,,300,,,,,1,,,
CompleteGumtreeMatcher,102,50,32,22,0,48,0,0,3,3,0,0.6,,300,,,,,1,,,
CompleteGumtreeMatcher,102,50,32,22,0,48,0,0,3,3,0,0.7,,300,,,,,1,,,
CompleteGumtreeMatcher,102,50,32,22,0,48,0,0,4,3,0,0.799,,300,,,,,1,,,
CompleteGumtreeMatcher,102,50,32,22,0,48,0,0,28,3,0,0.899,,300,,,,,1,,,
CompleteGumtreeMatcher,102,50,32,22,0,48,0,0,3,3,0,0.999,,300,,,,,1,,,
CompleteGumtreeMatcher,91,55,27,17,1,46,0,0,7,3,0,0.1,,400,,,,,1,,,
CompleteGumtreeMatcher,91,55,27,17,1,46,0,0,8,3,0,0.2,,400,,,,,1,,,
CompleteGumtreeMatcher,91,55,27,17,1,46,0,0,8,3,0,0.3,,400,,,,,1,,,
CompleteGumtreeMatcher,91,55,27,17,1,46,0,0,23,3,0,0.4,,400,,,,,1,,,
CompleteGumtreeMatcher,91,55,27,17,1,46,0,0,24,3,0,0.5,,400,,,,,1,,,
CompleteGumtreeMatcher,102,50,32,22,0,48,0,0,4,3,0,0.6,,400,,,,,1,,,
CompleteGumtreeMatcher,102,50,32,22,0,48,0,0,3,3,0,0.7,,400,,,,,1,,,
CompleteGumtreeMatcher,102,50,32,22,0,48,0,0,3,3,0,0.799,,400,,,,,1,,,
CompleteGumtreeMatcher,102,50,32,22,0,48,0,0,3,3,0,0.899,,400,,,,,1,,,
CompleteGumtreeMatcher,102,50,32,22,0,48,0,0,3,3,0,0.999,,400,,,,,1,,,
CompleteGumtreeMatcher,91,55,27,17,1,46,0,0,20,3,0,0.1,,500,,,,,1,,,
CompleteGumtreeMatcher,91,55,27,17,1,46,0,0,32,3,0,0.2,,500,,,,,1,,,
CompleteGumtreeMatcher,91,55,27,17,1,46,0,0,23,3,0,0.3,,500,,,,,1,,,
CompleteGumtreeMatcher,91,55,27,17,1,46,0,0,23,3,0,0.4,,500,,,,,1,,,
CompleteGumtreeMatcher,91,55,27,17,1,46,0,0,8,3,0,0.5,,500,,,,,1,,,
CompleteGumtreeMatcher,102,50,32,22,0,48,0,0,3,3,0,0.6,,500,,,,,1,,,
CompleteGumtreeMatcher,102,50,32,22,0,48,0,0,3,3,0,0.7,,500,,,,,1,,,
CompleteGumtreeMatcher,102,50,32,22,0,48,0,0,3,3,0,0.799,,500,,,,,1,,,
CompleteGumtreeMatcher,102,50,32,22,0,48,0,0,4,3,0,0.899,,500,,,,,1,,,
CompleteGumtreeMatcher,102,50,32,22,0,48,0,0,27,3,0,0.999,,500,,,,,1,,,
CompleteGumtreeMatcher,91,55,27,17,1,46,0,0,7,3,0,0.1,,600,,,,,1,,,
CompleteGumtreeMatcher,91,55,27,17,1,46,0,0,23,3,0,0.2,,600,,,,,1,,,
CompleteGumtreeMatcher,91,55,27,17,1,46,0,0,7,3,0,0.3,,600,,,,,1,,,
CompleteGumtreeMatcher,91,55,27,17,1,46,0,0,8,3,0,0.4,,600,,,,,1,,,
CompleteGumtreeMatcher,91,55,27,17,1,46,0,0,32,3,0,0.5,,600,,,,,1,,,
CompleteGumtreeMatcher,102,50,32,22,0,48,0,0,3,3,0,0.6,,600,,,,,1,,,
CompleteGumtreeMatcher,102,50,32,22,0,48,0,0,3,3,0,0.7,,600,,,,,1,,,
CompleteGumtreeMatcher,102,50,32,22,0,48,0,0,3,3,0,0.799,,600,,,,,1,,,
CompleteGumtreeMatcher,102,50,32,22,0,48,0,0,5,3,0,0.899,,600,,,,,1,,,
CompleteGumtreeMatcher,102,50,32,22,0,48,0,0,3,3,0,0.999,,600,,,,,1,,,
CompleteGumtreeMatcher,91,55,27,17,1,46,0,0,23,3,0,0.1,,700,,,,,1,,,
CompleteGumtreeMatcher,91,55,27,17,1,46,0,0,32,3,0,0.2,,700,,,,,1,,,
CompleteGumtreeMatcher,91,55,27,17,1,46,0,0,8,3,0,0.3,,700,,,,,1,,,
CompleteGumtreeMatcher,91,55,27,17,1,46,0,0,32,3,0,0.4,,700,,,,,1,,,
CompleteGumtreeMatcher,91,55,27,17,1,46,0,0,24,3,0,0.5,,700,,,,,1,,,
CompleteGumtreeMatcher,102,50,32,22,0,48,0,0,3,3,0,0.6,,700,,,,,1,,,
CompleteGumtreeMatcher,102,50,32,22,0,48,0,0,13,3,0,0.7,,700,,,,,1,,,
CompleteGumtreeMatcher,102,50,32,22,0,48,0,0,20,3,0,0.799,,700,,,,,1,,,
CompleteGumtreeMatcher,102,50,32,22,0,48,0,0,3,3,0,0.899,,700,,,,,1,,,
CompleteGumtreeMatcher,102,50,32,22,0,48,0,0,22,3,0,0.999,,700,,,,,1,,,
CompleteGumtreeMatcher,91,55,27,17,1,46,0,0,30,3,0,0.1,,800,,,,,1,,,
CompleteGumtreeMatcher,91,55,27,17,1,46,0,0,7,3,0,0.2,,800,,,,,1,,,
CompleteGumtreeMatcher,91,55,27,17,1,46,0,0,7,3,0,0.3,,800,,,,,1,,,
CompleteGumtreeMatcher,91,55,27,17,1,46,0,0,24,3,0,0.4,,800,,,,,1,,,
CompleteGumtreeMatcher,91,55,27,17,1,46,0,0,8,3,0,0.5,,800,,,,,1,,,
CompleteGumtreeMatcher,102,50,32,22,0,48,0,0,3,3,0,0.6,,800,,,,,1,,,
CompleteGumtreeMatcher,102,50,32,22,0,48,0,0,4,3,0,0.7,,800,,,,,1,,,
CompleteGumtreeMatcher,102,50,32,22,0,48,0,0,48,3,0,0.799,,800,,,,,1,,,
CompleteGumtreeMatcher,102,50,32,22,0,48,0,0,4,3,0,0.899,,800,,,,,1,,,
CompleteGumtreeMatcher,102,50,32,22,0,48,0,0,37,3,0,0.999,,800,,,,,1,,,
CompleteGumtreeMatcher,91,55,27,17,1,46,0,0,23,3,0,0.1,,900,,,,,1,,,
CompleteGumtreeMatcher,91,55,27,17,1,46,0,0,20,3,0,0.2,,900,,,,,1,,,
CompleteGumtreeMatcher,91,55,27,17,1,46,0,0,8,3,0,0.3,,900,,,,,1,,,
CompleteGumtreeMatcher,91,55,27,17,1,46,0,0,29,3,0,0.4,,900,,,,,1,,,
CompleteGumtreeMatcher,91,55,27,17,1,46,0,0,31,3,0,0.5,,900,,,,,1,,,
CompleteGumtreeMatcher,102,50,32,22,0,48,0,0,4,3,0,0.6,,900,,,,,1,,,
CompleteGumtreeMatcher,102,50,32,22,0,48,0,0,3,3,0,0.7,,900,,,,,1,,,
CompleteGumtreeMatcher,102,50,32,22,0,48,0,0,29,3,0,0.799,,900,,,,,1,,,
CompleteGumtreeMatcher,102,50,32,22,0,48,0,0,20,3,0,0.899,,900,,,,,1,,,
CompleteGumtreeMatcher,102,50,32,22,0,48,0,0,4,3,0,0.999,,900,,,,,1,,,
CompleteGumtreeMatcher,40,20,20,10,2,8,0,0,4836,3,0,0.1,,1000,,,,,1,,,
CompleteGumtreeMatcher,40,20,20,10,2,8,0,0,4880,3,0,0.2,,1000,,,,,1,,,
CompleteGumtreeMatcher,40,20,20,10,2,8,0,0,5054,3,0,0.3,,1000,,,,,1,,,
CompleteGumtreeMatcher,40,20,20,10,2,8,0,0,1587,3,0,0.4,,1000,,,,,1,,,
CompleteGumtreeMatcher,40,20,20,10,2,8,0,0,4852,3,0,0.5,,1000,,,,,1,,,
CompleteGumtreeMatcher,46,21,22,12,2,10,0,0,4923,3,0,0.6,,1000,,,,,1,,,
CompleteGumtreeMatcher,46,21,22,12,2,10,0,0,4811,3,0,0.7,,1000,,,,,1,,,
CompleteGumtreeMatcher,46,21,22,12,2,10,0,0,4975,3,0,0.799,,1000,,,,,1,,,
CompleteGumtreeMatcher,46,21,22,12,2,10,0,0,4878,3,0,0.899,,1000,,,,,1,,,
CompleteGumtreeMatcher,46,21,22,12,2,10,0,0,4918,3,0,0.999,,1000,,,,,1,,,
CompleteGumtreeMatcher,40,20,20,10,2,8,0,0,4118,3,0,0.1,,1100,,,,,1,,,
CompleteGumtreeMatcher,40,20,20,10,2,8,0,0,1607,3,0,0.2,,1100,,,,,1,,,
CompleteGumtreeMatcher,40,20,20,10,2,8,0,0,1498,3,0,0.3,,1100,,,,,1,,,
CompleteGumtreeMatcher,40,20,20,10,2,8,0,0,1191,3,0,0.4,,1100,,,,,1,,,
CompleteGumtreeMatcher,40,20,20,10,2,8,0,0,979,3,0,0.5,,1100,,,,,1,,,
CompleteGumtreeMatcher,46,21,22,12,2,10,0,0,1977,3,0,0.6,,1100,,,,,1,,,
CompleteGumtreeMatcher,46,21,22,12,2,10,0,0,1463,3,0,0.7,,1100,,,,,1,,,
CompleteGumtreeMatcher,46,21,22,12,2,10,0,0,1314,3,0,0.799,,1100,,,,,1,,,
CompleteGumtreeMatcher,46,21,22,12,2,10,0,0,1724,3,0,0.899,,1100,,,,,1,,,
CompleteGumtreeMatcher,46,21,22,12,2,10,0,0,1756,3,0,0.999,,1100,,,,,1,,,
CompleteGumtreeMatcher,40,20,20,10,2,8,0,0,1967,3,0,0.1,,1200,,,,,1,,,
CompleteGumtreeMatcher,40,20,20,10,2,8,0,0,998,3,0,0.2,,1200,,,,,1,,,
CompleteGumtreeMatcher,40,20,20,10,2,8,0,0,1600,3,0,0.3,,1200,,,,,1,,,
CompleteGumtreeMatcher,40,20,20,10,2,8,0,0,4986,3,0,0.4,,1200,,,,,1,,,
CompleteGumtreeMatcher,40,20,20,10,2,8,0,0,5071,3,0,0.5,,1200,,,,,1,,,
CompleteGumtreeMatcher,46,21,22,12,2,10,0,0,1094,3,0,0.6,,1200,,,,,1,,,
CompleteGumtreeMatcher,46,21,22,12,2,10,0,0,4816,3,0,0.7,,1200,,,,,1,,,
CompleteGumtreeMatcher,46,21,22,12,2,10,0,0,4702,3,0,0.799,,1200,,,,,1,,,
CompleteGumtreeMatcher,46,21,22,12,2,10,0,0,4708,3,0,0.899,,1200,,,,,1,,,
CompleteGumtreeMatcher,46,21,22,12,2,10,0,0,4326,3,0,0.999,,1200,,,,,1,,,
CompleteGumtreeMatcher,40,20,20,10,2,8,0,0,5171,3,0,0.1,,1300,,,,,1,,,
CompleteGumtreeMatcher,40,20,20,10,2,8,0,0,4795,3,0,0.2,,1300,,,,,1,,,
CompleteGumtreeMatcher,40,20,20,10,2,8,0,0,4836,3,0,0.3,,1300,,,,,1,,,
CompleteGumtreeMatcher,40,20,20,10,2,8,0,0,4765,3,0,0.4,,1300,,,,,1,,,
CompleteGumtreeMatcher,40,20,20,10,2,8,0,0,988,3,0,0.5,,1300,,,,,1,,,
CompleteGumtreeMatcher,46,21,22,12,2,10,0,0,2027,3,0,0.6,,1300,,,,,1,,,
CompleteGumtreeMatcher,46,21,22,12,2,10,0,0,981,3,0,0.7,,1300,,,,,1,,,
CompleteGumtreeMatcher,46,21,22,12,2,10,0,0,1785,3,0,0.799,,1300,,,,,1,,,
CompleteGumtreeMatcher,46,21,22,12,2,10,0,0,1295,3,0,0.899,,1300,,,,,1,,,
CompleteGumtreeMatcher,46,21,22,12,2,10,0,0,1377,3,0,0.999,,1300,,,,,1,,,
CompleteGumtreeMatcher,40,20,20,10,2,8,0,0,1983,3,0,0.1,,1400,,,,,1,,,
CompleteGumtreeMatcher,40,20,20,10,2,8,0,0,1102,3,0,0.2,,1400,,,,,1,,,
CompleteGumtreeMatcher,40,20,20,10,2,8,0,0,983,3,0,0.3,,1400,,,,,1,,,
CompleteGumtreeMatcher,40,20,20,10,2,8,0,0,1369,3,0,0.4,,1400,,,,,1,,,
CompleteGumtreeMatcher,40,20,20,10,2,8,0,0,1235,3,0,0.5,,1400,,,,,1,,,
CompleteGumtreeMatcher,46,21,22,12,2,10,0,0,1136,3,0,0.6,,1400,,,,,1,,,
CompleteGumtreeMatcher,46,21,22,12,2,10,0,0,1476,3,0,0.7,,1400,,,,,1,,,
CompleteGumtreeMatcher,46,21,22,12,2,10,0,0,1557,3,0,0.799,,1400,,,,,1,,,
CompleteGumtreeMatcher,46,21,22,12,2,10,0,0,2019,3,0,0.899,,1400,,,,,1,,,
CompleteGumtreeMatcher,46,21,22,12,2,10,0,0,1293,3,0,0.999,,1400,,,,,1,,,
CompleteGumtreeMatcher,40,20,20,10,2,8,0,0,1652,3,0,0.1,,1500,,,,,1,,,
CompleteGumtreeMatcher,40,20,20,10,2,8,0,0,1818,3,0,0.2,,1500,,,,,1,,,
CompleteGumtreeMatcher,40,20,20,10,2,8,0,0,1309,3,0,0.3,,1500,,,,,1,,,
CompleteGumtreeMatcher,40,20,20,10,2,8,0,0,1218,3,0,0.4,,1500,,,,,1,,,
CompleteGumtreeMatcher,40,20,20,10,2,8,0,0,1442,3,0,0.5,,1500,,,,,1,,,
CompleteGumtreeMatcher,46,21,22,12,2,10,0,0,1620,3,0,0.6,,1500,,,,,1,,,
CompleteGumtreeMatcher,46,21,22,12,2,10,0,0,1587,3,0,0.7,,1500,,,,,1,,,
CompleteGumtreeMatcher,46,21,22,12,2,10,0,0,1730,3,0,0.799,,1500,,,,,1,,,
CompleteGumtreeMatcher,46,21,22,12,2,10,0,0,1191,3,0,0.899,,1500,,,,,1,,,
CompleteGumtreeMatcher,46,21,22,12,2,10,0,0,1318,3,0,0.999,,1500,,,,,1,,,
CompleteGumtreeMatcher,40,20,20,10,2,8,0,0,2116,3,0,0.1,,1600,,,,,1,,,
CompleteGumtreeMatcher,40,20,20,10,2,8,0,0,1365,3,0,0.2,,1600,,,,,1,,,
CompleteGumtreeMatcher,40,20,20,10,2,8,0,0,2195,3,0,0.3,,1600,,,,,1,,,
CompleteGumtreeMatcher,40,20,20,10,2,8,0,0,1584,3,0,0.4,,1600,,,,,1,,,
CompleteGumtreeMatcher,40,20,20,10,2,8,0,0,1795,3,0,0.5,,1600,,,,,1,,,
CompleteGumtreeMatcher,46,21,22,12,2,10,0,0,1229,3,0,0.6,,1600,,,,,1,,,
CompleteGumtreeMatcher,46,21,22,12,2,10,0,0,1160,3,0,0.7,,1600,,,,,1,,,
CompleteGumtreeMatcher,46,21,22,12,2,10,0,0,1532,3,0,0.799,,1600,,,,,1,,,
CompleteGumtreeMatcher,46,21,22,12,2,10,0,0,1940,3,0,0.899,,1600,,,,,1,,,
CompleteGumtreeMatcher,46,21,22,12,2,10,0,0,2025,3,0,0.999,,1600,,,,,1,,,
CompleteGumtreeMatcher,40,20,20,10,2,8,0,0,1564,3,0,0.1,,1700,,,,,1,,,
CompleteGumtreeMatcher,40,20,20,10,2,8,0,0,1445,3,0,0.2,,1700,,,,,1,,,
CompleteGumtreeMatcher,40,20,20,10,2,8,0,0,1379,3,0,0.3,,1700,,,,,1,,,
CompleteGumtreeMatcher,40,20,20,10,2,8,0,0,1977,3,0,0.4,,1700,,,,,1,,,
CompleteGumtreeMatcher,40,20,20,10,2,8,0,0,2062,3,0,0.5,,1700,,,,,1,,,
CompleteGumtreeMatcher,46,21,22,12,2,10,0,0,1959,3,0,0.6,,1700,,,,,1,,,
CompleteGumtreeMatcher,46,21,22,12,2,10,0,0,1951,3,0,0.7,,1700,,,,,1,,,
CompleteGumtreeMatcher,46,21,22,12,2,10,0,0,1122,3,0,0.799,,1700,,,,,1,,,
CompleteGumtreeMatcher,46,21,22,12,2,10,0,0,1004,3,0,0.899,,1700,,,,,1,,,
CompleteGumtreeMatcher,46,21,22,12,2,10,0,0,1778,3,0,0.999,,1700,,,,,1,,,
CompleteGumtreeMatcher,40,20,20,10,2,8,0,0,1453,3,0,0.1,,1800,,,,,1,,,
CompleteGumtreeMatcher,40,20,20,10,2,8,0,0,2056,3,0,0.2,,1800,,,,,1,,,
CompleteGumtreeMatcher,40,20,20,10,2,8,0,0,1455,3,0,0.3,,1800,,,,,1,,,
CompleteGumtreeMatcher,40,20,20,10,2,8,0,0,1245,3,0,0.4,,1800,,,,,1,,,
CompleteGumtreeMatcher,40,20,20,10,2,8,0,0,979,3,0,0.5,,1800,,,,,1,,,
CompleteGumtreeMatcher,46,21,22,12,2,10,0,0,1952,3,0,0.6,,1800,,,,,1,,,
CompleteGumtreeMatcher,46,21,22,12,2,10,0,0,1963,3,0,0.7,,1800,,,,,1,,,
CompleteGumtreeMatcher,46,21,22,12,2,10,0,0,2061,3,0,0.799,,1800,,,,,1,,,
CompleteGumtreeMatcher,46,21,22,12,2,10,0,0,1951,3,0,0.899,,1800,,,,,1,,,
CompleteGumtreeMatcher,46,21,22,12,2,10,0,0,1486,3,0,0.999,,1800,,,,,1,,,
CompleteGumtreeMatcher,40,20,20,10,2,8,0,0,1562,3,0,0.1,,1900,,,,,1,,,
CompleteGumtreeMatcher,40,20,20,10,2,8,0,0,1509,3,0,0.2,,1900,,,,,1,,,
CompleteGumtreeMatcher,40,20,20,10,2,8,0,0,1647,3,0,0.3,,1900,,,,,1,,,
CompleteGumtreeMatcher,40,20,20,10,2,8,0,0,1944,3,0,0.4,,1900,,,,,1,,,
CompleteGumtreeMatcher,40,20,20,10,2,8,0,0,1621,3,0,0.5,,1900,,,,,1,,,
CompleteGumtreeMatcher,46,21,22,12,2,10,0,0,1919,3,0,0.6,,1900,,,,,1,,,
CompleteGumtreeMatcher,46,21,22,12,2,10,0,0,1524,3,0,0.7,,1900,,,,,1,,,
CompleteGumtreeMatcher,46,21,22,12,2,10,0,0,1634,3,0,0.799,,1900,,,,,1,,,
CompleteGumtreeMatcher,46,21,22,12,2,10,0,0,1828,3,0,0.899,,1900,,,,,1,,,
CompleteGumtreeMatcher,46,21,22,12,2,10,0,0,1418,3,0,0.999,,1900,,,,,1,,,
CompleteGumtreeMatcher,40,20,20,10,2,8,0,0,1895,3,0,0.1,,2000,,,,,1,,,
CompleteGumtreeMatcher,40,20,20,10,2,8,0,0,1310,3,0,0.2,,2000,,,,,1,,,
CompleteGumtreeMatcher,40,20,20,10,2,8,0,0,3124,3,0,0.3,,2000,,,,,1,,,
CompleteGumtreeMatcher,40,20,20,10,2,8,0,0,1360,3,0,0.4,,2000,,,,,1,,,
CompleteGumtreeMatcher,40,20,20,10,2,8,0,0,1174,3,0,0.5,,2000,,,,,1,,,
CompleteGumtreeMatcher,46,21,22,12,2,10,0,0,2495,3,0,0.6,,2000,,,,,1,,,
CompleteGumtreeMatcher,46,21,22,12,2,10,0,0,2527,3,0,0.7,,2000,,,,,1,,,
CompleteGumtreeMatcher,46,21,22,12,2,10,0,0,2367,3,0,0.799,,2000,,,,,1,,,
CompleteGumtreeMatcher,46,21,22,12,2,10,0,0,2900,3,0,0.899,,2000,,,,,1,,,
CompleteGumtreeMatcher,46,21,22,12,2,10,0,0,2481,3,0,0.999,,2000,,,,,1,,,
CompleteGumtreeMatcher,111,49,40,30,1,40,0,0,7,3,0,0.1,,100,,,,,2,,,
CompleteGumtreeMatcher,111,49,40,30,1,40,0,0,8,3,0,0.2,,100,,,,,2,,,
CompleteGumtreeMatcher,111,49,40,30,1,40,0,0,8,3,0,0.3,,100,,,,,2,,,
CompleteGumtreeMatcher,111,49,40,30,1,40,0,0,8,3,0,0.4,,100,,,,,2,,,
CompleteGumtreeMatcher,111,49,40,30,1,40,0,0,7,3,0,0.5,,100,,,,,2,,,
CompleteGumtreeMatcher,122,44,45,35,0,42,0,0,3,3,0,0.6,,100,,,,,2,,,
CompleteGumtreeMatcher,122,44,45,35,0,42,0,0,3,3,0,0.7,,100,,,,,2,,,
CompleteGumtreeMatcher,122,44,45,35,0,42,0,0,4,3,0,0.799,,100,,,,,2,,,
CompleteGumtreeMatcher,122,44,45,35,0,42,0,0,4,3,0,0.899,,100,,,,,2,,,
CompleteGumtreeMatcher,122,44,45,35,0,42,0,0,3,3,0,0.999,,100,,,,,2,,,
CompleteGumtreeMatcher,111,49,40,30,1,40,0,0,8,3,0,0.1,,200,,,,,2,,,
CompleteGumtreeMatcher,111,49,40,30,1,40,0,0,8,3,0,0.2,,200,,,,,2,,,
CompleteGumtreeMatcher,111,49,40,30,1,40,0,0,8,3,0,0.3,,200,,,,,2,,,
CompleteGumtreeMatcher,111,49,40,30,1,40,0,0,7,3,0,0.4,,200,,,,,2,,,
CompleteGumtreeMatcher,111,49,40,30,1,40,0,0,8,3,0,0.5,,200,,,,,2,,,
CompleteGumtreeMatcher,122,44,45,35,0,42,0,0,3,3,0,0.6,,200,,,,,2,,,
CompleteGumtreeMatcher,122,44,45,35,0,42,0,0,4,3,0,0.7,,200,,,,,2,,,
CompleteGumtreeMatcher,122,44,45,35,0,42,0,0,3,3,0,0.799,,200,,,,,2,,,
CompleteGumtreeMatcher,122,44,45,35,0,42,0,0,4,3,0,0.899,,200,,,,,2,,,
CompleteGumtreeMatcher,122,44,45,35,0,42,0,0,3,3,0,0.999,,200,,,,,2,,,
CompleteGumtreeMatcher,111,49,40,30,1,40,0,0,8,3,0,0.1,,300,,,,,2,,,
CompleteGumtreeMatcher,111,49,40,30,1,40,0,0,8,3,0,0.2,,300,,,,,2,,,
CompleteGumtreeMatcher,111,49,40,30,1,40,0,0,8,3,0,0.3,,300,,,,,2,,,
CompleteGumtreeMatcher,111,49,40,30,1,40,0,0,8,3,0,0.4,,300,,,,,2,,,
CompleteGumtreeMatcher,111,49,40,30,1,40,0,0,8,3,0,0.5,,300,,,,,2,,,
CompleteGumtreeMatcher,122,44,45,35,0,42,0,0,3,3,0,0.6,,300,,,,,2,,,
CompleteGumtreeMatcher,122,44,45,35,0,42,0,0,19,3,0,0.7,,300,,,,,2,,,
CompleteGumtreeMatcher,122,44,45,35,0,42,0,0,3,3,0,0.799,,300,,,,,2,,,
CompleteGumtreeMatcher,122,44,45,35,0,42,0,0,4,3,0,0.899,,300,,,,,2,,,
CompleteGumtreeMatcher,122,44,45,35,0,42,0,0,4,3,0,0.999,,300,,,,,2,,,
CompleteGumtreeMatcher,111,49,40,30,1,40,0,0,8,3,0,0.1,,400,,,,,2,,,
CompleteGumtreeMatcher,111,49,40,30,1,40,0,0,7,3,0,0.2,,400,,,,,2,,,
CompleteGumtreeMatcher,111,49,40,30,1,40,0,0,7,3,0,0.3,,400,,,,,2,,,
CompleteGumtreeMatcher,111,49,40,30,1,40,0,0,8,3,0,0.4,,400,,,,,2,,,
CompleteGumtreeMatcher,111,49,40,30,1,40,0,0,7,3,0,0.5,,400,,,,,2,,,
CompleteGumtreeMatcher,122,44,45,35,0,42,0,0,4,3,0,0.6,,400,,,,,2,,,
CompleteGumtreeMatcher,122,44,45,35,0,42,0,0,4,3,0,0.7,,400,,,,,2,,,
CompleteGumtreeMatcher,122,44,45,35,0,42,0,0,3,3,0,0.799,,400,,,,,2,,,
CompleteGumtreeMatcher,122,44,45,35,0,42,0,0,4,3,0,0.899,,400,,,,,2,,,
CompleteGumtreeMatcher,122,44,45,35,0,42,0,0,3,3,0,0.999,,400,,,,,2,,,
CompleteGumtreeMatcher,111,49,40,30,1,40,0,0,8,3,0,0.1,,500,,,,,2,,,
CompleteGumtreeMatcher,111,49,40,30,1,40,0,0,23,3,0,0.2,,500,,,,,2,,,
CompleteGumtreeMatcher,111,49,40,30,1,40,0,0,8,3,0,0.3,,500,,,,,2,,,
CompleteGumtreeMatcher,111,49,40,30,1,40,0,0,8,3,0,0.4,,500,,,,,2,,,
CompleteGumtreeMatcher,111,49,40,30,1,40,0,0,8,3,0,0.5,,500,,,,,2,,,
CompleteGumtreeMatcher,122,44,45,35,0,42,0,0,3,3,0,0.6,,500,,,,,2,,,
CompleteGumtreeMatcher,122,44,45,35,0,42,0,0,3,3,0,0.7,,500,,,,,2,,,
CompleteGumtreeMatcher,122,44,45,35,0,42,0,0,4,3,0,0.799,,500,,,,,2,,,
CompleteGumtreeMatcher,122,44,45,35,0,42,0,0,4,3,0,0.899,,500,,,,,2,,,
CompleteGumtreeMatcher,122,44,45,35,0,42,0,0,3,3,0,0.999,,500,,,,,2,,,
CompleteGumtreeMatcher,111,49,40,30,1,40,0,0,7,3,0,0.1,,600,,,,,2,,,
CompleteGumtreeMatcher,111,49,40,30,1,40,0,0,8,3,0,0.2,,600,,,,,2,,,
CompleteGumtreeMatcher,111,49,40,30,1,40,0,0,8,3,0,0.3,,600,,,,,2,,,
CompleteGumtreeMatcher,111,49,40,30,1,40,0,0,24,3,0,0.4,,600,,,,,2,,,
CompleteGumtreeMatcher,111,49,40,30,1,40,0,0,8,3,0,0.5,,600,,,,,2,,,
CompleteGumtreeMatcher,122,44,45,35,0,42,0,0,4,3,0,0.6,,600,,,,,2,,,
CompleteGumtreeMatcher,122,44,45,35,0,42,0,0,3,3,0,0.7,,600,,,,,2,,,
CompleteGumtreeMatcher,122,44,45,35,0,42,0,0,3,3,0,0.799,,600,,,,,2,,,
CompleteGumtreeMatcher,122,44,45,35,0,42,0,0,4,3,0,0.899,,600,,,,,2,,,
CompleteGumtreeMatcher,122,44,45,35,0,42,0,0,4,3,0,0.999,,600,,,,,2,,,
CompleteGumtreeMatcher,111,49,40,30,1,40,0,0,8,3,0,0.1,,700,,,,,2,,,
CompleteGumtreeMatcher,111,49,40,30,1,40,0,0,8,3,0,0.2,,700,,,,,2,,,
CompleteGumtreeMatcher,111,49,40,30,1,40,0,0,7,3,0,0.3,,700,,,,,2,,,
CompleteGumtreeMatcher,111,49,40,30,1,40,0,0,7,3,0,0.4,,700,,,,,2,,,
CompleteGumtreeMatcher,111,49,40,30,1,40,0,0,8,3,0,0.5,,700,,,,,2,,,
CompleteGumtreeMatcher,122,44,45,35,0,42,0,0,4,3,0,0.6,,700,,,,,2,,,
CompleteGumtreeMatcher,122,44,45,35,0,42,0,0,19,3,0,0.7,,700,,,,,2,,,
CompleteGumtreeMatcher,122,44,45,35,0,42,0,0,3,3,0,0.799,,700,,,,,2,,,
CompleteGumtreeMatcher,122,44,45,35,0,42,0,0,3,3,0,0.899,,700,,,,,2,,,
CompleteGumtreeMatcher,122,44,45,35,0,42,0,0,4,3,0,0.999,,700,,,,,2,,,
CompleteGumtreeMatcher,111,49,40,30,1,40,0,0,8,3,0,0.1,,800,,,,,2,,,
CompleteGumtreeMatcher,111,49,40,30,1,40,0,0,8,3,0,0.2,,800,,,,,2,,,
CompleteGumtreeMatcher,111,49,40,30,1,40,0,0,8,3,0,0.3,,800,,,,,2,,,
CompleteGumtreeMatcher,111,49,40,30,1,40,0,0,7,3,0,0.4,,800,,,,,2,,,
CompleteGumtreeMatcher,111,49,40,30,1,40,0,0,7,3,0,0.5,,800,,,,,2,,,
CompleteGumtreeMatcher,122,44,45,35,0,42,0,0,3,3,0,0.6,,800,,,,,2,,,
CompleteGumtreeMatcher,122,44,45,35,0,42,0,0,3,3,0,0.7,,800,,,,,2,,,
CompleteGumtreeMatcher,122,44,45,35,0,42,0,0,3,3,0,0.799,,800,,,,,2,,,
CompleteGumtreeMatcher,122,44,45,35,0,42,0,0,4,3,0,0.899,,800,,,,,2,,,
CompleteGumtreeMatcher,122,44,45,35,0,42,0,0,4,3,0,0.999,,800,,,,,2,,,
CompleteGumtreeMatcher,111,49,40,30,1,40,0,0,7,3,0,0.1,,900,,,,,2,,,
CompleteGumtreeMatcher,111,49,40,30,1,40,0,0,7,3,0,0.2,,900,,,,,2,,,
CompleteGumtreeMatcher,111,49,40,30,1,40,0,0,7,3,0,0.3,,900,,,,,2,,,
CompleteGumtreeMatcher,111,49,40,30,1,40,0,0,7,3,0,0.4,,900,,,,,2,,,
CompleteGumtreeMatcher,111,49,40,30,1,40,0,0,7,3,0,0.5,,900,,,,,2,,,
CompleteGumtreeMatcher,122,44,45,35,0,42,0,0,20,3,0,0.6,,900,,,,,2,,,
CompleteGumtreeMatcher,122,44,45,35,0,42,0,0,4,3,0,0.7,,900,,,,,2,,,
CompleteGumtreeMatcher,122,44,45,35,0,42,0,0,4,3,0,0.799,,900,,,,,2,,,
CompleteGumtreeMatcher,122,44,45,35,0,42,0,0,3,3,0,0.899,,900,,,,,2,,,
CompleteGumtreeMatcher,122,44,45,35,0,42,0,0,3,3,0,0.999,,900,,,,,2,,,
CompleteGumtreeMatcher,40,20,20,10,2,8,0,0,2983,3,0,0.1,,1000,,,,,2,,,
CompleteGumtreeMatcher,40,20,20,10,2,8,0,0,2165,3,0,0.2,,1000,,,,,2,,,
CompleteGumtreeMatcher,40,20,20,10,2,8,0,0,3014,3,0,0.3,,1000,,,,,2,,,
CompleteGumtreeMatcher,40,20,20,10,2,8,0,0,3126,3,0,0.4,,1000,,,,,2,,,
CompleteGumtreeMatcher,40,20,20,10,2,8,0,0,980,3,0,0.5,,1000,,,,,2,,,
CompleteGumtreeMatcher,46,21,22,12,2,10,0,0,1932,3,0,0.6,,1000,,,,,2,,,
CompleteGumtreeMatcher,46,21,22,12,2,10,0,0,1383,3,0,0.7,,1000,,,,,2,,,
CompleteGumtreeMatcher,46,21,22,12,2,10,0,0,1511,3,0,0.799,,1000,,,,,2,,,
CompleteGumtreeMatcher,46,21,22,12,2,10,0,0,983,3,0,0.899,,1000,,,,,2,,,
CompleteGumtreeMatcher,46,21,22,12,2,10,0,0,1236,3,0,0.999,,1000,,,,,2,,,
CompleteGumtreeMatcher,40,20,20,10,2,8,0,0,974,3,0,0.1,,1100,,,,,2,,,
CompleteGumtreeMatcher,40,20,20,10,2,8,0,0,1918,3,0,0.2,,1100,,,,,2,,,
CompleteGumtreeMatcher,40,20,20,10,2,8,0,0,1605,3,0,0.3,,1100,,,,,2,,,
CompleteGumtreeMatcher,40,20,20,10,2,8,0,0,1595,3,0,0.4,,1100,,,,,2,,,
CompleteGumtreeMatcher,40,20,20,10,2,8,0,0,1927,3,0,0.5,,1100,,,,,2,,,
CompleteGumtreeMatcher,46,21,22,12,2,10,0,0,1591,3,0,0.6,,1100,,,,,2,,,
CompleteGumtreeMatcher,46,21,22,12,2,10,0,0,1395,3,0,0.7,,1100,,,,,2,,,
CompleteGumtreeMatcher,46,21,22,12,2,10,0,0,1929,3,0,0.799,,1100,,,,,2,,,
CompleteGumtreeMatcher,46,21,22,12,2,10,0,0,1767,3,0,0.899,,1100,,,,,2,,,
CompleteGumtreeMatcher,46,21,22,12,2,10,0,0,1739,3,0,0.999,,1100,,,,,2,,,
CompleteGumtreeMatcher,40,20,20,10,2,8,0,0,1906,3,0,0.1,,1200,,,,,2,,,
CompleteGumtreeMatcher,40,20,20,10,2,8,0,0,1654,3,0,0.2,,1200,,,,,2,,,
CompleteGumtreeMatcher,40,20,20,10,2,8,0,0,1260,3,0,0.3,,1200,,,,,2,,,
CompleteGumtreeMatcher,40,20,20,10,2,8,0,0,1251,3,0,0.4,,1200,,,,,2,,,
CompleteGumtreeMatcher,40,20,20,10,2,8,0,0,1295,3,0,0.5,,1200,,,,,2,,,
CompleteGumtreeMatcher,46,21,22,12,2,10,0,0,1150,3,0,0.6,,1200,,,,,2,,,
CompleteGumtreeMatcher,46,21,22,12,2,10,0,0,1888,3,0,0.7,,1200,,,,,2,,,
CompleteGumtreeMatcher,46,21,22,12,2,10,0,0,1684,3,0,0.799,,1200,,,,,2,,,
CompleteGumtreeMatcher,46,21,22,12,2,10,0,0,983,3,0,0.899,,1200,,,,,2,,,
CompleteGumtreeMatcher,46,21,22,12,2,10,0,0,1959,3,0,0.999,,1200,,,,,2,,,
CompleteGumtreeMatcher,40,20,20,10,2,8,0,0,2033,3,0,0.1,,1300,,,,,2,,,
CompleteGumtreeMatcher,40,20,20,10,2,8,0,0,1188,3,0,0.2,,1300,,,,,2,,,
CompleteGumtreeMatcher,40,20,20,10,2,8,0,0,1234,3,0,0.3,,1300,,,,,2,,,
CompleteGumtreeMatcher,40,20,20,10,2,8,0,0,1600,3,0,0.4,,1300,,,,,2,,,
CompleteGumtreeMatcher,40,20,20,10,2,8,0,0,1195,3,0,0.5,,1300,,,,,2,,,
CompleteGumtreeMatcher,46,21,22,12,2,10,0,0,1743,3,0,0.6,,1300,,,,,2,,,
CompleteGumtreeMatcher,46,21,22,12,2,10,0,0,1126,3,0,0.7,,1300,,,,,2,,,
CompleteGumtreeMatcher,46,21,22,12,2,10,0,0,1093,3,0,0.799,,1300,,,,,2,,,
CompleteGumtreeMatcher,46,21,22,12,2,10,0,0,1830,3,0,0.899,,1300,,,,,2,,,
CompleteGumtreeMatcher,46,21,22,12,2,10,0,0,1904,3,0,0.999,,1300,,,,,2,,,
CompleteGumtreeMatcher,40,20,20,10,2,8,0,0,1288,3,0,0.1,,1400,,,,,2,,,
CompleteGumtreeMatcher,40,20,20,10,2,8,0,0,1173,3,0,0.2,,1400,,,,,2,,,
CompleteGumtreeMatcher,40,20,20,10,2,8,0,0,1354,3,0,0.3,,1400,,,,,2,,,
CompleteGumtreeMatcher,40,20,20,10,2,8,0,0,1529,3,0,0.4,,1400,,,,,2,,,
CompleteGumtreeMatcher,40,20,20,10,2,8,0,0,1423,3,0,0.5,,1400,,,,,2,,,
CompleteGumtreeMatcher,46,21,22,12,2,10,0,0,1794,3,0,0.6,,1400,,,,,2,,,
CompleteGumtreeMatcher,46,21,22,12,2,10,0,0,1934,3,0,0.7,,1400,,,,,2,,,
CompleteGumtreeMatcher,46,21,22,12,2,10,0,0,1620,3,0,0.799,,1400,,,,,2,,,
CompleteGumtreeMatcher,46,21,22,12,2,10,0,0,1327,3,0,0.899,,1400,,,,,2,,,
CompleteGumtreeMatcher,46,21,22,12,2,10,0,0,1243,3,0,0.999,,1400,,,,,2,,,
CompleteGumtreeMatcher,40,20,20,10,2,8,0,0,1183,3,0,0.1,,1500,,,,,2,,,
CompleteGumtreeMatcher,40,20,20,10,2,8,0,0,1437,3,0,0.2,,1500,,,,,2,,,
CompleteGumtreeMatcher,40,20,20,10,2,8,0,0,1280,3,0,0.3,,1500,,,,,2,,,
CompleteGumtreeMatcher,40,20,20,10,2,8,0,0,1827,3,0,0.4,,1500,,,,,2,,,
CompleteGumtreeMatcher,40,20,20,10,2,8,0,0,1959,3,0,0.5,,1500,,,,,2,,,
CompleteGumtreeMatcher,46,21,22,12,2,10,0,0,1401,3,0,0.6,,1500,,,,,2,,,
CompleteGumtreeMatcher,46,21,22,12,2,10,0,0,2067,3,0,0.7,,1500,,,,,2,,,
CompleteGumtreeMatcher,46,21,22,12,2,10,0,0,1353,3,0,0.799,,1500,,,,,2,,,
CompleteGumtreeMatcher,46,21,22,12,2,10,0,0,1763,3,0,0.899,,1500,,,,,2,,,
CompleteGumtreeMatcher,46,21,22,12,2,10,0,0,1593,3,0,0.999,,1500,,,,,2,,,
CompleteGumtreeMatcher,40,20,20,10,2,8,0,0,1161,3,0,0.1,,1600,,,,,2,,,
CompleteGumtreeMatcher,40,20,20,10,2,8,0,0,1505,3,0,0.2,,1600,,,,,2,,,
CompleteGumtreeMatcher,40,20,20,10,2,8,0,0,1303,3,0,0.3,,1600,,,,,2,,,
CompleteGumtreeMatcher,40,20,20,10,2,8,0,0,1508,3,0,0.4,,1600,,,,,2,,,
CompleteGumtreeMatcher,40,20,20,10,2,8,0,0,1542,3,0,0.5,,1600,,,,,2,,,
CompleteGumtreeMatcher,46,21,22,12,2,10,0,0,1940,3,0,0.6,,1600,,,,,2,,,
CompleteGumtreeMatcher,46,21,22,12,2,10,0,0,1597,3,0,0.7,,1600,,,,,2,,,
CompleteGumtreeMatcher,46,21,22,12,2,10,0,0,1262,3,0,0.799,,1600,,,,,2,,,
CompleteGumtreeMatcher,46,21,22,12,2,10,0,0,1684,3,0,0.899,,1600,,,,,2,,,
CompleteGumtreeMatcher,46,21,22,12,2,10,0,0,1610,3,0,0.999,,1600,,,,,2,,,
CompleteGumtreeMatcher,40,20,20,10,2,8,0,0,1471,3,0,0.1,,1700,,,,,2,,,
CompleteGumtreeMatcher,40,20,20,10,2,8,0,0,1409,3,0,0.2,,1700,,,,,2,,,
CompleteGumtreeMatcher,40,20,20,10,2,8,0,0,1783,3,0,0.3,,1700,,,,,2,,,
CompleteGumtreeMatcher,40,20,20,10,2,8,0,0,1790,3,0,0.4,,1700,,,,,2,,,
CompleteGumtreeMatcher,40,20,20,10,2,8,0,0,1579,3,0,0.5,,1700,,,,,2,,,
CompleteGumtreeMatcher,46,21,22,12,2,10,0,0,1269,3,0,0.6,,1700,,,,,2,,,
CompleteGumtreeMatcher,46,21,22,12,2,10,0,0,1813,3,0,0.7,,1700,,,,,2,,,
CompleteGumtreeMatcher,46,21,22,12,2,10,0,0,1947,3,0,0.799,,1700,,,,,2,,,
CompleteGumtreeMatcher,46,21,22,12,2,10,0,0,1552,3,0,0.899,,1700,,,,,2,,,
CompleteGumtreeMatcher,46,21,22,12,2,10,0,0,1760,3,0,0.999,,1700,,,,,2,,,
CompleteGumtreeMatcher,40,20,20,10,2,8,0,0,1724,3,0,0.1,,1800,,,,,2,,,
CompleteGumtreeMatcher,40,20,20,10,2,8,0,0,1236,3,0,0.2,,1800,,,,,2,,,
CompleteGumtreeMatcher,40,20,20,10,2,8,0,0,1237,3,0,0.3,,1800,,,,,2,,,
CompleteGumtreeMatcher,40,20,20,10,2,8,0,0,1608,3,0,0.4,,1800,,,,,2,,,
CompleteGumtreeMatcher,40,20,20,10,2,8,0,0,1296,3,0,0.5,,1800,,,,,2,,,
CompleteGumtreeMatcher,46,21,22,12,2,10,0,0,1076,3,0,0.6,,1800,,,,,2,,,
CompleteGumtreeMatcher,46,21,22,12,2,10,0,0,1286,3,0,0.7,,1800,,,,,2,,,
CompleteGumtreeMatcher,46,21,22,12,2,10,0,0,1296,3,0,0.799,,1800,,,,,2,,,
CompleteGumtreeMatcher,46,21,22,12,2,10,0,0,1445,3,0,0.899,,1800,,,,,2,,,
CompleteGumtreeMatcher,46,21,22,12,2,10,0,0,1805,3,0,0.999,,1800,,,,,2,,,
CompleteGumtreeMatcher,40,20,20,10,2,8,0,0,1698,3,0,0.1,,1900,,,,,2,,,
CompleteGumtreeMatcher,40,20,20,10,2,8,0,0,4069,3,0,0.2,,1900,,,,,2,,,
CompleteGumtreeMatcher,40,20,20,10,2,8,0,0,4007,3,0,0.3,,1900,,,,,2,,,
CompleteGumtreeMatcher,40,20,20,10,2,8,0,0,1203,3,0,0.4,,1900,,,,,2,,,
CompleteGumtreeMatcher,40,20,20,10,2,8,0,0,3672,3,0,0.5,,1900,,,,,2,,,
CompleteGumtreeMatcher,46,21,22,12,2,10,0,0,4002,3,0,0.6,,1900,,,,,2,,,
CompleteGumtreeMatcher,46,21,22,12,2,10,0,0,3547,3,0,0.7,,1900,,,,,2,,,
CompleteGumtreeMatcher,46,21,22,12,2,10,0,0,3377,3,0,0.799,,1900,,,,,2,,,
CompleteGumtreeMatcher,46,21,22,12,2,10,0,0,3235,3,0,0.899,,1900,,,,,2,,,
CompleteGumtreeMatcher,46,21,22,12,2,10,0,0,3242,3,0,0.999,,1900,,,,,2,,,
CompleteGumtreeMatcher,40,20,20,10,2,8,0,0,4313,3,0,0.1,,2000,,,,,2,,,
CompleteGumtreeMatcher,40,20,20,10,2,8,0,0,3594,3,0,0.2,,2000,,,,,2,,,
CompleteGumtreeMatcher,40,20,20,10,2,8,0,0,973,3,0,0.3,,2000,,,,,2,,,
CompleteGumtreeMatcher,40,20,20,10,2,8,0,0,1469,3,0,0.4,,2000,,,,,2,,,
CompleteGumtreeMatcher,40,20,20,10,2,8,0,0,1155,3,0,0.5,,2000,,,,,2,,,
CompleteGumtreeMatcher,46,21,22,12,2,10,0,0,1797,3,0,0.6,,2000,,,,,2,,,
CompleteGumtreeMatcher,46,21,22,12,2,10,0,0,1538,3,0,0.7,,2000,,,,,2,,,
CompleteGumtreeMatcher,46,21,22,12,2,10,0,0,1676,3,0,0.799,,2000,,,,,2,,,
CompleteGumtreeMatcher,46,21,22,12,2,10,0,0,1425,3,0,0.899,,2000,,,,,2,,,
CompleteGumtreeMatcher,46,21,22,12,2,10,0,0,1620,3,0,0.999,,2000,,,,,2,,,
CompleteGumtreeMatcher,242,38,111,101,1,29,0,0,7,3,0,0.1,,100,,,,,3,,,
CompleteGumtreeMatcher,242,38,111,101,1,29,0,0,7,3,0,0.2,,100,,,,,3,,,
CompleteGumtreeMatcher,242,38,111,101,1,29,0,0,8,3,0,0.3,,100,,,,,3,,,
CompleteGumtreeMatcher,269,31,125,115,0,29,0,0,3,3,0,0.4,,100,,,,,3,,,
CompleteGumtreeMatcher,269,31,125,115,0,29,0,0,3,3,0,0.5,,100,,,,,3,,,
CompleteGumtreeMatcher,269,31,125,115,0,29,0,0,3,3,0,0.6,,100,,,,,3,,,
CompleteGumtreeMatcher,269,31,125,115,0,29,0,0,3,3,0,0.7,,100,,,,,3,,,
CompleteGumtreeMatcher,269,31,125,115,0,29,0,0,4,3,0,0.799,,100,,,,,3,,,
CompleteGumtreeMatcher,269,31,125,115,0,29,0,0,3,3,0,0.899,,100,,,,,3,,,
CompleteGumtreeMatcher,269,31,125,115,0,29,0,0,3,3,0,0.999,,100,,,,,3,,,
CompleteGumtreeMatcher,242,38,111,101,1,29,0,0,23,3,0,0.1,,200,,,,,3,,,
CompleteGumtreeMatcher,242,38,111,101,1,29,0,0,7,3,0,0.2,,200,,,,,3,,,
CompleteGumtreeMatcher,242,38,111,101,1,29,0,0,24,3,0,0.3,,200,,,,,3,,,
CompleteGumtreeMatcher,269,31,125,115,0,29,0,0,3,3,0,0.4,,200,,,,,3,,,
CompleteGumtreeMatcher,269,31,125,115,0,29,0,0,3,3,0,0.5,,200,,,,,3,,,
CompleteGumtreeMatcher,269,31,125,115,0,29,0,0,3,3,0,0.6,,200,,,,,3,,,
CompleteGumtreeMatcher,269,31,125,115,0,29,0,0,4,3,0,0.7,,200,,,,,3,,,
CompleteGumtreeMatcher,269,31,125,115,0,29,0,0,19,3,0,0.799,,200,,,,,3,,,
CompleteGumtreeMatcher,269,31,125,115,0,29,0,0,3,3,0,0.899,,200,,,,,3,,,
CompleteGumtreeMatcher,269,31,125,115,0,29,0,0,4,3,0,0.999,,200,,,,,3,,,
CompleteGumtreeMatcher,242,38,111,101,1,29,0,0,7,3,0,0.1,,300,,,,,3,,,
CompleteGumtreeMatcher,242,38,111,101,1,29,0,0,23,3,0,0.2,,300,,,,,3,,,
CompleteGumtreeMatcher,242,38,111,101,1,29,0,0,7,3,0,0.3,,300,,,,,3,,,
CompleteGumtreeMatcher,269,31,125,115,0,29,0,0,20,3,0,0.4,,300,,,,,3,,,
CompleteGumtreeMatcher,269,31,125,115,0,29,0,0,12,3,0,0.5,,300,,,,,3,,,
CompleteGumtreeMatcher,269,31,125,115,0,29,0,0,3,3,0,0.6,,300,,,,,3,,,
CompleteGumtreeMatcher,269,31,125,115,0,29,0,0,3,3,0,0.7,,300,,,,,3,,,
CompleteGumtreeMatcher,269,31,125,115,0,29,0,0,3,3,0,0.799,,300,,,,,3,,,
CompleteGumtreeMatcher,269,31,125,115,0,29,0,0,3,3,0,0.899,,300,,,,,3,,,
CompleteGumtreeMatcher,269,31,125,115,0,29,0,0,3,3,0,0.999,,300,,,,,3,,,
CompleteGumtreeMatcher,242,38,111,101,1,29,0,0,23,3,0,0.1,,400,,,,,3,,,
CompleteGumtreeMatcher,242,38,111,101,1,29,0,0,7,3,0,0.2,,400,,,,,3,,,
CompleteGumtreeMatcher,242,38,111,101,1,29,0,0,7,3,0,0.3,,400,,,,,3,,,
CompleteGumtreeMatcher,269,31,125,115,0,29,0,0,3,3,0,0.4,,400,,,,,3,,,
CompleteGumtreeMatcher,269,31,125,115,0,29,0,0,3,3,0,0.5,,400,,,,,3,,,
CompleteGumtreeMatcher,269,31,125,115,0,29,0,0,3,3,0,0.6,,400,,,,,3,,,
CompleteGumtreeMatcher,269,31,125,115,0,29,0,0,3,3,0,0.7,,400,,,,,3,,,
CompleteGumtreeMatcher,269,31,125,115,0,29,0,0,3,3,0,0.799,,400,,,,,3,,,
CompleteGumtreeMatcher,269,31,125,115,0,29,0,0,3,3,0,0.899,,400,,,,,3,,,
CompleteGumtreeMatcher,269,31,125,115,0,29,0,0,4,3,0,0.999,,400,,,,,3,,,
CompleteGumtreeMatcher,242,38,111,101,1,29,0,0,6,3,0,0.1,,500,,,,,3,,,
CompleteGumtreeMatcher,242,38,111,101,1,29,0,0,23,3,0,0.2,,500,,,,,3,,,
CompleteGumtreeMatcher,242,38,111,101,1,29,0,0,7,3,0,0.3,,500,,,,,3,,,
CompleteGumtreeMatcher,269,31,125,115,0,29,0,0,3,3,0,0.4,,500,,,,,3,,,
CompleteGumtreeMatcher,269,31,125,115,0,29,0,0,4,3,0,0.5,,500,,,,,3,,,
CompleteGumtreeMatcher,269,31,125,115,0,29,0,0,3,3,0,0.6,,500,,,,,3,,,
CompleteGumtreeMatcher,269,31,125,115,0,29,0,0,3,3,0,0.7,,500,,,,,3,,,
CompleteGumtreeMatcher,269,31,125,115,0,29,0,0,4,3,0,0.799,,500,,,,,3,,,
CompleteGumtreeMatcher,269,31,125,115,0,29,0,0,3,3,0,0.899,,500,,,,,3,,,
CompleteGumtreeMatcher,269,31,125,115,0,29,0,0,5,3,0,0.999,,500,,,,,3,,,
CompleteGumtreeMatcher,242,38,111,101,1,29,0,0,7,3,0,0.1,,600,,,,,3,,,
CompleteGumtreeMatcher,242,38,111,101,1,29,0,0,7,3,0,0.2,,600,,,,,3,,,
CompleteGumtreeMatcher,242,38,111,101,1,29,0,0,7,3,0,0.3,,600,,,,,3,,,
CompleteGumtreeMatcher,269,31,125,115,0,29,0,0,20,3,0,0.4,,600,,,,,3,,,
CompleteGumtreeMatcher,269,31,125,115,0,29,0,0,3,3,0,0.5,,600,,,,,3,,,
CompleteGumtreeMatcher,269,31,125,115,0,29,0,0,3,3,0,0.6,,600,,,,,3,,,
CompleteGumtreeMatcher,269,31,125,115,0,29,0,0,3,3,0,0.7,,600,,,,,3,,,
CompleteGumtreeMatcher,269,31,125,115,0,29,0,0,3,3,0,0.799,,600,,,,,3,,,
CompleteGumtreeMatcher,269,31,125,115,0,29,0,0,3,3,0,0.899,,600,,,,,3,,,
CompleteGumtreeMatcher,269,31,125,115,0,29,0,0,3,3,0,0.999,,600,,,,,3,,,
CompleteGumtreeMatcher,242,38,111,101,1,29,0,0,7,3,0,0.1,,700,,,,,3,,,
CompleteGumtreeMatcher,242,38,111,101,1,29,0,0,8,3,0,0.2,,700,,,,,3,,,
CompleteGumtreeMatcher,242,38,111,101,1,29,0,0,23,3,0,0.3,,700,,,,,3,,,
CompleteGumtreeMatcher,269,31,125,115,0,29,0,0,3,3,0,0.4,,700,,,,,3,,,
CompleteGumtreeMatcher,269,31,125,115,0,29,0,0,3,3,0,0.5,,700,,,,,3,,,
CompleteGumtreeMatcher,269,31,125,115,0,29,0,0,3,3,0,0.6,,700,,,,,3,,,
CompleteGumtreeMatcher,269,31,125,115,0,29,0,0,3,3,0,0.7,,700,,,,,3,,,
CompleteGumtreeMatcher,269,31,125,115,0,29,0,0,4,3,0,0.799,,700,,,,,3,,,
CompleteGumtreeMatcher,269,31,125,115,0,29,0,0,3,3,0,0.899,,700,,,,,3,,,
CompleteGumtreeMatcher,269,31,125,115,0,29,0,0,3,3,0,0.999,,700,,,,,3,,,
CompleteGumtreeMatcher,242,38,111,101,1,29,0,0,8,3,0,0.1,,800,,,,,3,,,
CompleteGumtreeMatcher,242,38,111,101,1,29,0,0,23,3,0,0.2,,800,,,,,3,,,
CompleteGumtreeMatcher,242,38,111,101,1,29,0,0,8,3,0,0.3,,800,,,,,3,,,
CompleteGumtreeMatcher,269,31,125,115,0,29,0,0,3,3,0,0.4,,800,,,,,3,,,
CompleteGumtreeMatcher,269,31,125,115,0,29,0,0,3,3,0,0.5,,800,,,,,3,,,
CompleteGumtreeMatcher,269,31,125,115,0,29,0,0,4,3,0,0.6,,800,,,,,3,,,
CompleteGumtreeMatcher,269,31,125,115,0,29,0,0,4,3,0,0.7,,800,,,,,3,,,
CompleteGumtreeMatcher,269,31,125,115,0,29,0,0,3,3,0,0.799,,800,,,,,3,,,
CompleteGumtreeMatcher,269,31,125,115,0,29,0,0,19,3,0,0.899,,800,,,,,3,,,
CompleteGumtreeMatcher,269,31,125,115,0,29,0,0,3,3,0,0.999,,800,,,,,3,,,
CompleteGumtreeMatcher,242,38,111,101,1,29,0,0,7,3,0,0.1,,900,,,,,3,,,
CompleteGumtreeMatcher,242,38,111,101,1,29,0,0,7,3,0,0.2,,900,,,,,3,,,
CompleteGumtreeMatcher,242,38,111,101,1,29,0,0,24,3,0,0.3,,900,,,,,3,,,
CompleteGumtreeMatcher,269,31,125,115,0,29,0,0,4,3,0,0.4,,900,,,,,3,,,
CompleteGumtreeMatcher,269,31,125,115,0,29,0,0,4,3,0,0.5,,900,,,,,3,,,
CompleteGumtreeMatcher,269,31,125,115,0,29,0,0,3,3,0,0.6,,900,,,,,3,,,
CompleteGumtreeMatcher,269,31,125,115,0,29,0,0,3,3,0,0.7,,900,,,,,3,,,
CompleteGumtreeMatcher,269,31,125,115,0,29,0,0,4,3,0,0.799,,900,,,,,3,,,
CompleteGumtreeMatcher,269,31,125,115,0,29,0,0,4,3,0,0.899,,900,,,,,3,,,
CompleteGumtreeMatcher,269,31,125,115,0,29,0,0,3,3,0,0.999,,900,,,,,3,,,
CompleteGumtreeMatcher,40,20,20,10,2,8,0,0,1485,3,0,0.1,,1000,,,,,3,,,
CompleteGumtreeMatcher,40,20,20,10,2,8,0,0,1314,3,0,0.2,,1000,,,,,3,,,
CompleteGumtreeMatcher,40,20,20,10,2,8,0,0,1341,3,0,0.3,,1000,,,,,3,,,
CompleteGumtreeMatcher,46,21,22,12,2,10,0,0,1511,3,0,0.4,,1000,,,,,3,,,
CompleteGumtreeMatcher,46,21,22,12,2,10,0,0,1202,3,0,0.5,,1000,,,,,3,,,
CompleteGumtreeMatcher,46,21,22,12,2,10,0,0,1697,3,0,0.6,,1000,,,,,3,,,
CompleteGumtreeMatcher,46,21,22,12,2,10,0,0,1833,3,0,0.7,,1000,,,,,3,,,
CompleteGumtreeMatcher,46,21,22,12,2,10,0,0,1661,3,0,0.799,,1000,,,,,3,,,
CompleteGumtreeMatcher,46,21,22,12,2,10,0,0,1533,3,0,0.899,,1000,,,,,3,,,
CompleteGumtreeMatcher,46,21,22,12,2,10,0,0,1966,3,0,0.999,,1000,,,,,3,,,
CompleteGumtreeMatcher,40,20,20,10,2,8,0,0,1722,3,0,0.1,,1100,,,,,3,,,
CompleteGumtreeMatcher,40,20,20,10,2,8,0,0,1095,3,0,0.2,,1100,,,,,3,,,
CompleteGumtreeMatcher,40,20,20,10,2,8,0,0,1531,3,0,0.3,,1100,,,,,3,,,
CompleteGumtreeMatcher,46,21,22,12,2,10,0,0,1417,3,0,0.4,,1100,,,,,3,,,
CompleteGumtreeMatcher,46,21,22,12,2,10,0,0,1886,3,0,0.5,,1100,,,,,3,,,
CompleteGumtreeMatcher,46,21,22,12,2,10,0,0,1385,3,0,0.6,,1100,,,,,3,,,
CompleteGumtreeMatcher,46,21,22,12,2,10,0,0,1152,3,0,0.7,,1100,,,,,3,,,
CompleteGumtreeMatcher,46,21,22,12,2,10,0,0,1277,3,0,0.799,,1100,,,,,3,,,
CompleteGumtreeMatcher,46,21,22,12,2,10,0,0,1565,3,0,0.899,,1100,,,,,3,,,
CompleteGumtreeMatcher,46,21,22,12,2,10,0,0,1324,3,0,0.999,,1100,,,,,3,,,
CompleteGumtreeMatcher,40,20,20,10,2,8,0,0,2043,3,0,0.1,,1200,,,,,3,,,
CompleteGumtreeMatcher,40,20,20,10,2,8,0,0,1921,3,0,0.2,,1200,,,,,3,,,
CompleteGumtreeMatcher,40,20,20,10,2,8,0,0,1433,3,0,0.3,,1200,,,,,3,,,
CompleteGumtreeMatcher,46,21,22,12,2,10,0,0,1082,3,0,0.4,,1200,,,,,3,,,
CompleteGumtreeMatcher,46,21,22,12,2,10,0,0,1263,3,0,0.5,,1200,,,,,3,,,
CompleteGumtreeMatcher,46,21,22,12,2,10,0,0,1112,3,0,0.6,,1200,,,,,3,,,
CompleteGumtreeMatcher,46,21,22,12,2,10,0,0,1467,3,0,0.7,,1200,,,,,3,,,
CompleteGumtreeMatcher,46,21,22,12,2,10,0,0,1274,3,0,0.799,,1200,,,,,3,,,
CompleteGumtreeMatcher,46,21,22,12,2,10,0,0,1164,3,0,0.899,,1200,,,,,3,,,
CompleteGumtreeMatcher,46,21,22,12,2,10,0,0,1254,3,0,0.999,,1200,,,,,3,,,
CompleteGumtreeMatcher,40,20,20,10,2,8,0,0,1097,3,0,0.1,,1300,,,,,3,,,
CompleteGumtreeMatcher,40,20,20,10,2,8,0,0,1017,3,0,0.2,,1300,,,,,3,,,
CompleteGumtreeMatcher,40,20,20,10,2,8,0,0,1263,3,0,0.3,,1300,,,,,3,,,
CompleteGumtreeMatcher,46,21,22,12,2,10,0,0,1843,3,0,0.4,,1300,,,,,3,,,
CompleteGumtreeMatcher,46,21,22,12,2,10,0,0,2167,3,0,0.5,,1300,,,,,3,,,
CompleteGumtreeMatcher,46,21,22,12,2,10,0,0,1301,3,0,0.6,,1300,,,,,3,,,
CompleteGumtreeMatcher,46,21,22,12,2,10,0,0,1970,3,0,0.7,,1300,,,,,3,,,
CompleteGumtreeMatcher,46,21,22,12,2,10,0,0,2194,3,0,0.799,,1300,,,,,3,,,
CompleteGumtreeMatcher,46,21,22,12,2,10,0,0,1578,3,0,0.899,,1300,,,,,3,,,
CompleteGumtreeMatcher,46,21,22,12,2,10,0,0,1152,3,0,0.999,,1300,,,,,3,,,
CompleteGumtreeMatcher,40,20,20,10,2,8,0,0,1433,3,0,0.1,,1400,,,,,3,,,
CompleteGumtreeMatcher,40,20,20,10,2,8,0,0,1315,3,0,0.2,,1400,,,,,3,,,
CompleteGumtreeMatcher,40,20,20,10,2,8,0,0,1452,3,0,0.3,,1400,,,,,3,,,
CompleteGumtreeMatcher,46,21,22,12,2,10,0,0,1050,3,0,0.4,,1400,,,,,3,,,
CompleteGumtreeMatcher,46,21,22,12,2,10,0,0,1223,3,0,0.5,,1400,,,,,3,,,
CompleteGumtreeMatcher,46,21,22,12,2,10,0,0,2018,3,0,0.6,,1400,,,,,3,,,
CompleteGumtreeMatcher,46,21,22,12,2,10,0,0,1956,3,0,0.7,,1400,,,,,3,,,
CompleteGumtreeMatcher,46,21,22,12,2,10,0,0,1513,3,0,0.799,,1400,,,,,3,,,
CompleteGumtreeMatcher,46,21,22,12,2,10,0,0,1462,3,0,0.899,,1400,,,,,3,,,
CompleteGumtreeMatcher,46,21,22,12,2,10,0,0,1970,3,0,0.999,,1400,,,,,3,,,
CompleteGumtreeMatcher,40,20,20,10,2,8,0,0,2049,3,0,0.1,,1500,,,,,3,,,
CompleteGumtreeMatcher,40,20,20,10,2,8,0,0,2202,3,0,0.2,,1500,,,,,3,,,
CompleteGumtreeMatcher,40,20,20,10,2,8,0,0,1436,3,0,0.3,,1500,,,,,3,,,
CompleteGumtreeMatcher,46,21,22,12,2,10,0,0,1115,3,0,0.4,,1500,,,,,3,,,
CompleteGumtreeMatcher,46,21,22,12,2,10,0,0,1706,3,0,0.5,,1500,,,,,3,,,
CompleteGumtreeMatcher,46,21,22,12,2,10,0,0,1300,3,0,0.6,,1500,,,,,3,,,
CompleteGumtreeMatcher,46,21,22,12,2,10,0,0,2102,3,0,0.7,,1500,,,,,3,,,
CompleteGumtreeMatcher,46,21,22,12,2,10,0,0,1312,3,0,0.799,,1500,,,,,3,,,
CompleteGumtreeMatcher,46,21,22,12,2,10,0,0,2041,3,0,0.899,,1500,,,,,3,,,
CompleteGumtreeMatcher,46,21,22,12,2,10,0,0,1918,3,0,0.999,,1500,,,,,3,,,
CompleteGumtreeMatcher,40,20,20,10,2,8,0,0,1057,3,0,0.1,,1600,,,,,3,,,
CompleteGumtreeMatcher,40,20,20,10,2,8,0,0,1964,3,0,0.2,,1600,,,,,3,,,
CompleteGumtreeMatcher,40,20,20,10,2,8,0,0,2140,3,0,0.3,,1600,,,,,3,,,
CompleteGumtreeMatcher,46,21,22,12,2,10,0,0,1957,3,0,0.4,,1600,,,,,3,,,
CompleteGumtreeMatcher,46,21,22,12,2,10,0,0,2173,3,0,0.5,,1600,,,,,3,,,
CompleteGumtreeMatcher,46,21,22,12,2,10,0,0,1239,3,0,0.6,,1600,,,,,3,,,
CompleteGumtreeMatcher,46,21,22,12,2,10,0,0,1139,3,0,0.7,,1600,,,,,3,,,
CompleteGumtreeMatcher,46,21,22,12,2,10,0,0,1145,3,0,0.799,,1600,,,,,3,,,
CompleteGumtreeMatcher,46,21,22,12,2,10,0,0,1951,3,0,0.899,,1600,,,,,3,,,
CompleteGumtreeMatcher,46,21,22,12,2,10,0,0,1243,3,0,0.999,,1600,,,,,3,,,
CompleteGumtreeMatcher,40,20,20,10,2,8,0,0,1997,3,0,0.1,,1700,,,,,3,,,
CompleteGumtreeMatcher,40,20,20,10,2,8,0,0,1698,3,0,0.2,,1700,,,,,3,,,
CompleteGumtreeMatcher,40,20,20,10,2,8,0,0,1871,3,0,0.3,,1700,,,,,3,,,
CompleteGumtreeMatcher,46,21,22,12,2,10,0,0,1421,3,0,0.4,,1700,,,,,3,,,
CompleteGumtreeMatcher,46,21,22,12,2,10,0,0,1311,3,0,0.5,,1700,,,,,3,,,
CompleteGumtreeMatcher,46,21,22,12,2,10,0,0,2040,3,0,0.6,,1700,,,,,3,,,
CompleteGumtreeMatcher,46,21,22,12,2,10,0,0,2076,3,0,0.7,,1700,,,,,3,,,
CompleteGumtreeMatcher,46,21,22,12,2,10,0,0,2156,3,0,0.799,,1700,,,,,3,,,
CompleteGumtreeMatcher,46,21,22,12,2,10,0,0,1278,3,0,0.899,,1700,,,,,3,,,
CompleteGumtreeMatcher,46,21,22,12,2,10,0,0,1684,3,0,0.999,,1700,,,,,3,,,
CompleteGumtreeMatcher,40,20,20,10,2,8,0,0,5264,3,0,0.1,,1800,,,,,3,,,
CompleteGumtreeMatcher,40,20,20,10,2,8,0,0,1642,3,0,0.2,,1800,,,,,3,,,
CompleteGumtreeMatcher,40,20,20,10,2,8,0,0,1719,3,0,0.3,,1800,,,,,3,,,
CompleteGumtreeMatcher,46,21,22,12,2,10,0,0,5084,3,0,0.4,,1800,,,,,3,,,
CompleteGumtreeMatcher,46,21,22,12,2,10,0,0,1347,3,0,0.5,,1800,,,,,3,,,
CompleteGumtreeMatcher,46,21,22,12,2,10,0,0,4578,3,0,0.6,,1800,,,,,3,,,
CompleteGumtreeMatcher,46,21,22,12,2,10,0,0,4908,3,0,0.7,,1800,,,,,3,,,
CompleteGumtreeMatcher,46,21,22,12,2,10,0,0,5180,3,0,0.799,,1800,,,,,3,,,
CompleteGumtreeMatcher,46,21,22,12,2,10,0,0,4598,3,0,0.899,,1800,,,,,3,,,
CompleteGumtreeMatcher,46,21,22,12,2,10,0,0,4514,3,0,0.999,,1800,,,,,3,,,
CompleteGumtreeMatcher,40,20,20,10,2,8,0,0,5012,3,0,0.1,,1900,,,,,3,,,
CompleteGumtreeMatcher,40,20,20,10,2,8,0,0,4440,3,0,0.2,,1900,,,,,3,,,
CompleteGumtreeMatcher,40,20,20,10,2,8,0,0,4344,3,0,0.3,,1900,,,,,3,,,
CompleteGumtreeMatcher,46,21,22,12,2,10,0,0,2031,3,0,0.4,,1900,,,,,3,,,
CompleteGumtreeMatcher,46,21,22,12,2,10,0,0,1088,3,0,0.5,,1900,,,,,3,,,
CompleteGumtreeMatcher,46,21,22,12,2,10,0,0,977,3,0,0.6,,1900,,,,,3,,,
CompleteGumtreeMatcher,46,21,22,12,2,10,0,0,1402,3,0,0.7,,1900,,,,,3,,,
CompleteGumtreeMatcher,46,21,22,12,2,10,0,0,1087,3,0,0.799,,1900,,,,,3,,,
CompleteGumtreeMatcher,46,21,22,12,2,10,0,0,1126,3,0,0.899,,1900,,,,,3,,,
CompleteGumtreeMatcher,46,21,22,12,2,10,0,0,1093,3,0,0.999,,1900,,,,,3,,,
CompleteGumtreeMatcher,40,20,20,10,2,8,0,0,1221,3,0,0.1,,2000,,,,,3,,,
CompleteGumtreeMatcher,40,20,20,10,2,8,0,0,1909,3,0,0.2,,2000,,,,,3,,,
CompleteGumtreeMatcher,40,20,20,10,2,8,0,0,1072,3,0,0.3,,2000,,,,,3,,,
CompleteGumtreeMatcher,46,21,22,12,2,10,0,0,1356,3,0,0.4,,2000,,,,,3,,,
CompleteGumtreeMatcher,46,21,22,12,2,10,0,0,1936,3,0,0.5,,2000,,,,,3,,,
CompleteGumtreeMatcher,46,21,22,12,2,10,0,0,1370,3,0,0.6,,2000,,,,,3,,,
CompleteGumtreeMatcher,46,21,22,12,2,10,0,0,1349,3,0,0.7,,2000,,,,,3,,,
CompleteGumtreeMatcher,46,21,22,12,2,10,0,0,1424,3,0,0.799,,2000,,,,,3,,,
CompleteGumtreeMatcher,46,21,22,12,2,10,0,0,1873,3,0,0.899,,2000,,,,,3,,,
CompleteGumtreeMatcher,46,21,22,12,2,10,0,0,1882,3,0,0.999,,2000,,,,,3,,,
CompleteGumtreeMatcher,395,36,189,179,1,26,0,0,11,3,0,0.1,,100,,,,,4,,,
CompleteGumtreeMatcher,469,21,230,220,0,19,0,0,3,3,0,0.2,,100,,,,,4,,,
CompleteGumtreeMatcher,469,21,230,220,0,19,0,0,3,3,0,0.3,,100,,,,,4,,,
CompleteGumtreeMatcher,469,21,230,220,0,19,0,0,4,3,0,0.4,,100,,,,,4,,,
CompleteGumtreeMatcher,469,21,230,220,0,19,0,0,3,3,0,0.5,,100,,,,,4,,,
CompleteGumtreeMatcher,469,21,230,220,0,19,0,0,3,3,0,0.6,,100,,,,,4,,,
CompleteGumtreeMatcher,469,21,230,220,0,19,0,0,3,3,0,0.7,,100,,,,,4,,,
CompleteGumtreeMatcher,469,21,230,220,0,19,0,0,4,3,0,0.799,,100,,,,,4,,,
CompleteGumtreeMatcher,469,21,230,220,0,19,0,0,3,3,0,0.899,,100,,,,,4,,,
CompleteGumtreeMatcher,469,21,230,220,0,19,0,0,3,3,0,0.999,,100,,,,,4,,,
CompleteGumtreeMatcher,395,36,189,179,1,26,0,0,26,3,0,0.1,,200,,,,,4,,,
CompleteGumtreeMatcher,469,21,230,220,0,19,0,0,3,3,0,0.2,,200,,,,,4,,,
CompleteGumtreeMatcher,469,21,230,220,0,19,0,0,4,3,0,0.3,,200,,,,,4,,,
CompleteGumtreeMatcher,469,21,230,220,0,19,0,0,3,3,0,0.4,,200,,,,,4,,,
CompleteGumtreeMatcher,469,21,230,220,0,19,0,0,4,3,0,0.5,,200,,,,,4,,,
CompleteGumtreeMatcher,469,21,230,220,0,19,0,0,3,3,0,0.6,,200,,,,,4,,,
CompleteGumtreeMatcher,469,21,230,220,0,19,0,0,3,3,0,0.7,,200,,,,,4,,,
CompleteGumtreeMatcher,469,21,230,220,0,19,0,0,3,3,0,0.799,,200,,,,,4,,,
CompleteGumtreeMatcher,469,21,230,220,0,19,0,0,4,3,0,0.899,,200,,,,,4,,,
CompleteGumtreeMatcher,469,21,230,220,0,19,0,0,3,3,0,0.999,,200,,,,,4,,,
CompleteGumtreeMatcher,395,36,189,179,1,26,0,0,26,3,0,0.1,,300,,,,,4,,,
CompleteGumtreeMatcher,469,21,230,220,0,19,0,0,3,3,0,0.2,,300,,,,,4,,,
CompleteGumtreeMatcher,469,21,230,220,0,19,0,0,20,3,0,0.3,,300,,,,,4,,,
CompleteGumtreeMatcher,469,21,230,220,0,19,0,0,3,3,0,0.4,,300,,,,,4,,,
CompleteGumtreeMatcher,469,21,230,220,0,19,0,0,3,3,0,0.5,,300,,,,,4,,,
CompleteGumtreeMatcher,469,21,230,220,0,19,0,0,4,3,0,0.6,,300,,,,,4,,,
CompleteGumtreeMatcher,469,21,230,220,0,19,0,0,4,3,0,0.7,,300,,,,,4,,,
CompleteGumtreeMatcher,469,21,230,220,0,19,0,0,3,3,0,0.799,,300,,,,,4,,,
CompleteGumtreeMatcher,469,21,230,220,0,19,0,0,3,3,0,0.899,,300,,,,,4,,,
CompleteGumtreeMatcher,469,21,230,220,0,19,0,0,4,3,0,0.999,,300,,,,,4,,,
CompleteGumtreeMatcher,395,36,189,179,1,26,0,0,27,3,0,0.1,,400,,,,,4,,,
CompleteGumtreeMatcher,469,21,230,220,0,19,0,0,19,3,0,0.2,,400,,,,,4,,,
CompleteGumtreeMatcher,469,21,230,220,0,19,0,0,4,3,0,0.3,,400,,,,,4,,,
CompleteGumtreeMatcher,469,21,230,220,0,19,0,0,3,3,0,0.4,,400,,,,,4,,,
CompleteGumtreeMatcher,469,21,230,220,0,19,0,0,3,3,0,0.5,,400,,,,,4,,,
CompleteGumtreeMatcher,469,21,230,220,0,19,0,0,3,3,0,0.6,,400,,,,,4,,,
CompleteGumtreeMatcher,469,21,230,220,0,19,0,0,3,3,0,0.7,,400,,,,,4,,,
CompleteGumtreeMatcher,469,21,230,220,0,19,0,0,20,3,0,0.799,,400,,,,,4,,,
CompleteGumtreeMatcher,469,21,230,220,0,19,0,0,17,3,0,0.899,,400,,,,,4,,,
CompleteGumtreeMatcher,469,21,230,220,0,19,0,0,4,3,0,0.999,,400,,,,,4,,,
CompleteGumtreeMatcher,395,36,189,179,1,26,0,0,10,3,0,0.1,,500,,,,,4,,,
CompleteGumtreeMatcher,469,21,230,220,0,19,0,0,3,3,0,0.2,,500,,,,,4,,,
CompleteGumtreeMatcher,469,21,230,220,0,19,0,0,3,3,0,0.3,,500,,,,,4,,,
CompleteGumtreeMatcher,469,21,230,220,0,19,0,0,3,3,0,0.4,,500,,,,,4,,,
CompleteGumtreeMatcher,469,21,230,220,0,19,0,0,3,3,0,0.5,,500,,,,,4,,,
CompleteGumtreeMatcher,469,21,230,220,0,19,0,0,3,3,0,0.6,,500,,,,,4,,,
CompleteGumtreeMatcher,469,21,230,220,0,19,0,0,20,3,0,0.7,,500,,,,,4,,,
CompleteGumtreeMatcher,469,21,230,220,0,19,0,0,4,3,0,0.799,,500,,,,,4,,,
CompleteGumtreeMatcher,469,21,230,220,0,19,0,0,3,3,0,0.899,,500,,,,,4,,,
CompleteGumtreeMatcher,469,21,230,220,0,19,0,0,3,3,0,0.999,,500,,,,,4,,,
CompleteGumtreeMatcher,395,36,189,179,1,26,0,0,10,3,0,0.1,,600,,,,,4,,,
CompleteGumtreeMatcher,469,21,230,220,0,19,0,0,3,3,0,0.2,,600,,,,,4,,,
CompleteGumtreeMatcher,469,21,230,220,0,19,0,0,4,3,0,0.3,,600,,,,,4,,,
CompleteGumtreeMatcher,469,21,230,220,0,19,0,0,3,3,0,0.4,,600,,,,,4,,,
CompleteGumtreeMatcher,469,21,230,220,0,19,0,0,3,3,0,0.5,,600,,,,,4,,,
CompleteGumtreeMatcher,469,21,230,220,0,19,0,0,3,3,0,0.6,,600,,,,,4,,,
CompleteGumtreeMatcher,469,21,230,220,0,19,0,0,3,3,0,0.7,,600,,,,,4,,,
CompleteGumtreeMatcher,469,21,230,220,0,19,0,0,3,3,0,0.799,,600,,,,,4,,,
CompleteGumtreeMatcher,469,21,230,220,0,19,0,0,3,3,0,0.899,,600,,,,,4,,,
CompleteGumtreeMatcher,469,21,230,220,0,19,0,0,19,3,0,0.999,,600,,,,,4,,,
CompleteGumtreeMatcher,395,36,189,179,1,26,0,0,11,3,0,0.1,,700,,,,,4,,,
CompleteGumtreeMatcher,469,21,230,220,0,19,0,0,3,3,0,0.2,,700,,,,,4,,,
CompleteGumtreeMatcher,469,21,230,220,0,19,0,0,3,3,0,0.3,,700,,,,,4,,,
CompleteGumtreeMatcher,469,21,230,220,0,19,0,0,4,3,0,0.4,,700,,,,,4,,,
CompleteGumtreeMatcher,469,21,230,220,0,19,0,0,4,3,0,0.5,,700,,,,,4,,,
CompleteGumtreeMatcher,469,21,230,220,0,19,0,0,3,3,0,0.6,,700,,,,,4,,,
CompleteGumtreeMatcher,469,21,230,220,0,19,0,0,3,3,0,0.7,,700,,,,,4,,,
CompleteGumtreeMatcher,469,21,230,220,0,19,0,0,4,3,0,0.799,,700,,,,,4,,,
CompleteGumtreeMatcher,469,21,230,220,0,19,0,0,3,3,0,0.899,,700,,,,,4,,,
CompleteGumtreeMatcher,469,21,230,220,0,19,0,0,3,3,0,0.999,,700,,,,,4,,,
CompleteGumtreeMatcher,395,36,189,179,1,26,0,0,26,3,0,0.1,,800,,,,,4,,,
CompleteGumtreeMatcher,469,21,230,220,0,19,0,0,3,3,0,0.2,,800,,,,,4,,,
CompleteGumtreeMatcher,469,21,230,220,0,19,0,0,4,3,0,0.3,,800,,,,,4,,,
CompleteGumtreeMatcher,469,21,230,220,0,19,0,0,3,3,0,0.4,,800,,,,,4,,,
CompleteGumtreeMatcher,469,21,230,220,0,19,0,0,3,3,0,0.5,,800,,,,,4,,,
CompleteGumtreeMatcher,469,21,230,220,0,19,0,0,4,3,0,0.6,,800,,,,,4,,,
CompleteGumtreeMatcher,469,21,230,220,0,19,0,0,3,3,0,0.7,,800,,,,,4,,,
CompleteGumtreeMatcher,469,21,230,220,0,19,0,0,4,3,0,0.799,,800,,,,,4,,,
CompleteGumtreeMatcher,469,21,230,220,0,19,0,0,3,3,0,0.899,,800,,,,,4,,,
CompleteGumtreeMatcher,469,21,230,220,0,19,0,0,3,3,0,0.999,,800,,,,,4,,,
CompleteGumtreeMatcher,395,36,189,179,1,26,0,0,26,3,0,0.1,,900,,,,,4,,,
CompleteGumtreeMatcher,469,21,230,220,0,19,0,0,3,3,0,0.2,,900,,,,,4,,,
CompleteGumtreeMatcher,469,21,230,220,0,19,0,0,20,3,0,0.3,,900,,,,,4,,,
CompleteGumtreeMatcher,469,21,230,220,0,19,0,0,3,3,0,0.4,,900,,,,,4,,,
CompleteGumtreeMatcher,469,21,230,220,0,19,0,0,4,3,0,0.5,,900,,,,,4,,,
CompleteGumtreeMatcher,469,21,230,220,0,19,0,0,4,3,0,0.6,,900,,,,,4,,,
CompleteGumtreeMatcher,469,21,230,220,0,19,0,0,3,3,0,0.7,,900,,,,,4,,,
CompleteGumtreeMatcher,469,21,230,220,0,19,0,0,3,3,0,0.799,,900,,,,,4,,,
CompleteGumtreeMatcher,469,21,230,220,0,19,0,0,3,3,0,0.899,,900,,,,,4,,,
CompleteGumtreeMatcher,469,21,230,220,0,19,0,0,4,3,0,0.999,,900,,,,,4,,,
CompleteGumtreeMatcher,57,21,28,18,2,9,0,0,1443,3,0,0.1,,1000,,,,,4,,,
CompleteGumtreeMatcher,59,21,29,19,2,9,0,0,1599,3,0,0.2,,1000,,,,,4,,,
CompleteGumtreeMatcher,59,21,29,19,2,9,0,0,1815,3,0,0.3,,1000,,,,,4,,,
CompleteGumtreeMatcher,59,21,29,19,2,9,0,0,1585,3,0,0.4,,1000,,,,,4,,,
CompleteGumtreeMatcher,59,21,29,19,2,9,0,0,1472,3,0,0.5,,1000,,,,,4,,,
CompleteGumtreeMatcher,59,21,29,19,2,9,0,0,1911,3,0,0.6,,1000,,,,,4,,,
CompleteGumtreeMatcher,59,21,29,19,2,9,0,0,1721,3,0,0.7,,1000,,,,,4,,,
CompleteGumtreeMatcher,59,21,29,19,2,9,0,0,1470,3,0,0.799,,1000,,,,,4,,,
CompleteGumtreeMatcher,59,21,29,19,2,9,0,0,1477,3,0,0.899,,1000,,,,,4,,,
CompleteGumtreeMatcher,59,21,29,19,2,9,0,0,1917,3,0,0.999,,1000,,,,,4,,,
CompleteGumtreeMatcher,57,21,28,18,2,9,0,0,1995,3,0,0.1,,1100,,,,,4,,,
CompleteGumtreeMatcher,59,21,29,19,2,9,0,0,1420,3,0,0.2,,1100,,,,,4,,,
CompleteGumtreeMatcher,59,21,29,19,2,9,0,0,1477,3,0,0.3,,1100,,,,,4,,,
CompleteGumtreeMatcher,59,21,29,19,2,9,0,0,1467,3,0,0.4,,1100,,,,,4,,,
CompleteGumtreeMatcher,59,21,29,19,2,9,0,0,1414,3,0,0.5,,1100,,,,,4,,,
CompleteGumtreeMatcher,59,21,29,19,2,9,0,0,1610,3,0,0.6,,1100,,,,,4,,,
CompleteGumtreeMatcher,59,21,29,19,2,9,0,0,1561,3,0,0.7,,1100,,,,,4,,,
CompleteGumtreeMatcher,59,21,29,19,2,9,0,0,1934,3,0,0.799,,1100,,,,,4,,,
CompleteGumtreeMatcher,59,21,29,19,2,9,0,0,1733,3,0,0.899,,1100,,,,,4,,,
CompleteGumtreeMatcher,59,21,29,19,2,9,0,0,1488,3,0,0.999,,1100,,,,,4,,,
CompleteGumtreeMatcher,57,21,28,18,2,9,0,0,1499,3,0,0.1,,1200,,,,,4,,,
CompleteGumtreeMatcher,59,21,29,19,2,9,0,0,1305,3,0,0.2,,1200,,,,,4,,,
CompleteGumtreeMatcher,59,21,29,19,2,9,0,0,1513,3,0,0.3,,1200,,,,,4,,,
CompleteGumtreeMatcher,59,21,29,19,2,9,0,0,1956,3,0,0.4,,1200,,,,,4,,,
CompleteGumtreeMatcher,59,21,29,19,2,9,0,0,1511,3,0,0.5,,1200,,,,,4,,,
CompleteGumtreeMatcher,59,21,29,19,2,9,0,0,1796,3,0,0.6,,1200,,,,,4,,,
CompleteGumtreeMatcher,59,21,29,19,2,9,0,0,1241,3,0,0.7,,1200,,,,,4,,,
CompleteGumtreeMatcher,59,21,29,19,2,9,0,0,1568,3,0,0.799,,1200,,,,,4,,,
CompleteGumtreeMatcher,59,21,29,19,2,9,0,0,1795,3,0,0.899,,1200,,,,,4,,,
CompleteGumtreeMatcher,59,21,29,19,2,9,0,0,1234,3,0,0.999,,1200,,,,,4,,,
CompleteGumtreeMatcher,57,21,28,18,2,9,0,0,1933,3,0,0.1,,1300,,,,,4,,,
CompleteGumtreeMatcher,59,21,29,19,2,9,0,0,1628,3,0,0.2,,1300,,,,,4,,,
CompleteGumtreeMatcher,59,21,29,19,2,9,0,0,1613,3,0,0.3,,1300,,,,,4,,,
CompleteGumtreeMatcher,59,21,29,19,2,9,0,0,1587,3,0,0.4,,1300,,,,,4,,,
CompleteGumtreeMatcher,59,21,29,19,2,9,0,0,1829,3,0,0.5,,1300,,,,,4,,,
CompleteGumtreeMatcher,59,21,29,19,2,9,0,0,1972,3,0,0.6,,1300,,,,,4,,,
CompleteGumtreeMatcher,59,21,29,19,2,9,0,0,1573,3,0,0.7,,1300,,,,,4,,,
CompleteGumtreeMatcher,59,21,29,19,2,9,0,0,1117,3,0,0.799,,1300,,,,,4,,,
CompleteGumtreeMatcher,59,21,29,19,2,9,0,0,2126,3,0,0.899,,1300,,,,,4,,,
CompleteGumtreeMatcher,59,21,29,19,2,9,0,0,1170,3,0,0.999,,1300,,,,,4,,,
CompleteGumtreeMatcher,57,21,28,18,2,9,0,0,1644,3,0,0.1,,1400,,,,,4,,,
CompleteGumtreeMatcher,59,21,29,19,2,9,0,0,2124,3,0,0.2,,1400,,,,,4,,,
CompleteGumtreeMatcher,59,21,29,19,2,9,0,0,1940,3,0,0.3,,1400,,,,,4,,,
CompleteGumtreeMatcher,59,21,29,19,2,9,0,0,1868,3,0,0.4,,1400,,,,,4,,,
CompleteGumtreeMatcher,59,21,29,19,2,9,0,0,1560,3,0,0.5,,1400,,,,,4,,,
CompleteGumtreeMatcher,59,21,29,19,2,9,0,0,1677,3,0,0.6,,1400,,,,,4,,,
CompleteGumtreeMatcher,59,21,29,19,2,9,0,0,1959,3,0,0.7,,1400,,,,,4,,,
CompleteGumtreeMatcher,59,21,29,19,2,9,0,0,1323,3,0,0.799,,1400,,,,,4,,,
CompleteGumtreeMatcher,59,21,29,19,2,9,0,0,1866,3,0,0.899,,1400,,,,,4,,,
CompleteGumtreeMatcher,59,21,29,19,2,9,0,0,1953,3,0,0.999,,1400,,,,,4,,,
CompleteGumtreeMatcher,57,21,28,18,2,9,0,0,2089,3,0,0.1,,1500,,,,,4,,,
CompleteGumtreeMatcher,59,21,29,19,2,9,0,0,1909,3,0,0.2,,1500,,,,,4,,,
CompleteGumtreeMatcher,59,21,29,19,2,9,0,0,1466,3,0,0.3,,1500,,,,,4,,,
CompleteGumtreeMatcher,59,21,29,19,2,9,0,0,1565,3,0,0.4,,1500,,,,,4,,,
CompleteGumtreeMatcher,59,21,29,19,2,9,0,0,2066,3,0,0.5,,1500,,,,,4,,,
CompleteGumtreeMatcher,59,21,29,19,2,9,0,0,1468,3,0,0.6,,1500,,,,,4,,,
CompleteGumtreeMatcher,59,21,29,19,2,9,0,0,1502,3,0,0.7,,1500,,,,,4,,,
CompleteGumtreeMatcher,59,21,29,19,2,9,0,0,1956,3,0,0.799,,1500,,,,,4,,,
CompleteGumtreeMatcher,59,21,29,19,2,9,0,0,1834,3,0,0.899,,1500,,,,,4,,,
CompleteGumtreeMatcher,59,21,29,19,2,9,0,0,1122,3,0,0.999,,1500,,,,,4,,,
CompleteGumtreeMatcher,57,21,28,18,2,9,0,0,1772,3,0,0.1,,1600,,,,,4,,,
CompleteGumtreeMatcher,59,21,29,19,2,9,0,0,1288,3,0,0.2,,1600,,,,,4,,,
CompleteGumtreeMatcher,59,21,29,19,2,9,0,0,1913,3,0,0.3,,1600,,,,,4,,,
CompleteGumtreeMatcher,59,21,29,19,2,9,0,0,2105,3,0,0.4,,1600,,,,,4,,,
CompleteGumtreeMatcher,59,21,29,19,2,9,0,0,1269,3,0,0.5,,1600,,,,,4,,,
CompleteGumtreeMatcher,59,21,29,19,2,9,0,0,1940,3,0,0.6,,1600,,,,,4,,,
CompleteGumtreeMatcher,59,21,29,19,2,9,0,0,2114,3,0,0.7,,1600,,,,,4,,,
CompleteGumtreeMatcher,59,21,29,19,2,9,0,0,1250,3,0,0.799,,1600,,,,,4,,,
CompleteGumtreeMatcher,59,21,29,19,2,9,0,0,1430,3,0,0.899,,1600,,,,,4,,,
CompleteGumtreeMatcher,59,21,29,19,2,9,0,0,1973,3,0,0.999,,1600,,,,,4,,,
CompleteGumtreeMatcher,57,21,28,18,2,9,0,0,1580,3,0,0.1,,1700,,,,,4,,,
CompleteGumtreeMatcher,59,21,29,19,2,9,0,0,964,3,0,0.2,,1700,,,,,4,,,
CompleteGumtreeMatcher,59,21,29,19,2,9,0,0,10113,3,0,0.3,,1700,,,,,4,,,
CompleteGumtreeMatcher,59,21,29,19,2,9,0,0,9919,3,0,0.4,,1700,,,,,4,,,
CompleteGumtreeMatcher,59,21,29,19,2,9,0,0,9970,3,0,0.5,,1700,,,,,4,,,
CompleteGumtreeMatcher,59,21,29,19,2,9,0,0,10409,3,0,0.6,,1700,,,,,4,,,
CompleteGumtreeMatcher,59,21,29,19,2,9,0,0,9613,3,0,0.7,,1700,,,,,4,,,
CompleteGumtreeMatcher,59,21,29,19,2,9,0,0,10029,3,0,0.799,,1700,,,,,4,,,
CompleteGumtreeMatcher,59,21,29,19,2,9,0,0,9724,3,0,0.899,,1700,,,,,4,,,
CompleteGumtreeMatcher,59,21,29,19,2,9,0,0,9700,3,0,0.999,,1700,,,,,4,,,
CompleteGumtreeMatcher,57,21,28,18,2,9,0,0,10676,3,0,0.1,,1800,,,,,4,,,
CompleteGumtreeMatcher,59,21,29,19,2,9,0,0,9829,3,0,0.2,,1800,,,,,4,,,
CompleteGumtreeMatcher,59,21,29,19,2,9,0,0,1875,3,0,0.3,,1800,,,,,4,,,
CompleteGumtreeMatcher,59,21,29,19,2,9,0,0,976,3,0,0.4,,1800,,,,,4,,,
CompleteGumtreeMatcher,59,21,29,19,2,9,0,0,1867,3,0,0.5,,1800,,,,,4,,,
CompleteGumtreeMatcher,59,21,29,19,2,9,0,0,1480,3,0,0.6,,1800,,,,,4,,,
CompleteGumtreeMatcher,59,21,29,19,2,9,0,0,1242,3,0,0.7,,1800,,,,,4,,,
CompleteGumtreeMatcher,59,21,29,19,2,9,0,0,1789,3,0,0.799,,1800,,,,,4,,,
CompleteGumtreeMatcher,59,21,29,19,2,9,0,0,1956,3,0,0.899,,1800,,,,,4,,,
CompleteGumtreeMatcher,59,21,29,19,2,9,0,0,2017,3,0,0.999,,1800,,,,,4,,,
CompleteGumtreeMatcher,57,21,28,18,2,9,0,0,1767,3,0,0.1,,1900,,,,,4,,,
CompleteGumtreeMatcher,59,21,29,19,2,9,0,0,1495,3,0,0.2,,1900,,,,,4,,,
CompleteGumtreeMatcher,59,21,29,19,2,9,0,0,1221,3,0,0.3,,1900,,,,,4,,,
CompleteGumtreeMatcher,59,21,29,19,2,9,0,0,1419,3,0,0.4,,1900,,,,,4,,,
CompleteGumtreeMatcher,59,21,29,19,2,9,0,0,1756,3,0,0.5,,1900,,,,,4,,,
CompleteGumtreeMatcher,59,21,29,19,2,9,0,0,1939,3,0,0.6,,1900,,,,,4,,,
CompleteGumtreeMatcher,59,21,29,19,2,9,0,0,1909,3,0,0.7,,1900,,,,,4,,,
CompleteGumtreeMatcher,59,21,29,19,2,9,0,0,1808,3,0,0.799,,1900,,,,,4,,,
CompleteGumtreeMatcher,59,21,29,19,2,9,0,0,1533,3,0,0.899,,1900,,,,,4,,,
CompleteGumtreeMatcher,59,21,29,19,2,9,0,0,1883,3,0,0.999,,1900,,,,,4,,,
CompleteGumtreeMatcher,57,21,28,18,2,9,0,0,1966,3,0,0.1,,2000,,,,,4,,,
CompleteGumtreeMatcher,59,21,29,19,2,9,0,0,1478,3,0,0.2,,2000,,,,,4,,,
CompleteGumtreeMatcher,59,21,29,19,2,9,0,0,1480,3,0,0.3,,2000,,,,,4,,,
CompleteGumtreeMatcher,59,21,29,19,2,9,0,0,1132,3,0,0.4,,2000,,,,,4,,,
CompleteGumtreeMatcher,59,21,29,19,2,9,0,0,1660,3,0,0.5,,2000,,,,,4,,,
CompleteGumtreeMatcher,59,21,29,19,2,9,0,0,1587,3,0,0.6,,2000,,,,,4,,,
CompleteGumtreeMatcher,59,21,29,19,2,9,0,0,1928,3,0,0.7,,2000,,,,,4,,,
CompleteGumtreeMatcher,59,21,29,19,2,9,0,0,1374,3,0,0.799,,2000,,,,,4,,,
CompleteGumtreeMatcher,59,21,29,19,2,9,0,0,1935,3,0,0.899,,2000,,,,,4,,,
CompleteGumtreeMatcher,59,21,29,19,2,9,0,0,1970,3,0,0.999,,2000,,,,,4,,,
CompleteGumtreeMatcher,563,30,276,266,1,20,0,0,10,3,0,0.1,,100,,,,,5,,,
CompleteGumtreeMatcher,637,15,317,307,0,13,0,0,3,3,0,0.2,,100,,,,,5,,,
CompleteGumtreeMatcher,637,15,317,307,0,13,0,0,4,3,0,0.3,,100,,,,,5,,,
CompleteGumtreeMatcher,637,15,317,307,0,13,0,0,3,3,0,0.4,,100,,,,,5,,,
CompleteGumtreeMatcher,637,15,317,307,0,13,0,0,4,3,0,0.5,,100,,,,,5,,,
CompleteGumtreeMatcher,637,15,317,307,0,13,0,0,3,3,0,0.6,,100,,,,,5,,,
CompleteGumtreeMatcher,637,15,317,307,0,13,0,0,4,3,0,0.7,,100,,,,,5,,,
CompleteGumtreeMatcher,637,15,317,307,0,13,0,0,3,3,0,0.799,,100,,,,,5,,,
CompleteGumtreeMatcher,637,15,317,307,0,13,0,0,3,3,0,0.899,,100,,,,,5,,,
CompleteGumtreeMatcher,637,15,317,307,0,13,0,0,4,3,0,0.999,,100,,,,,5,,,
CompleteGumtreeMatcher,563,30,276,266,1,20,0,0,10,3,0,0.1,,200,,,,,5,,,
CompleteGumtreeMatcher,637,15,317,307,0,13,0,0,3,3,0,0.2,,200,,,,,5,,,
CompleteGumtreeMatcher,637,15,317,307,0,13,0,0,4,3,0,0.3,,200,,,,,5,,,
CompleteGumtreeMatcher,637,15,317,307,0,13,0,0,3,3,0,0.4,,200,,,,,5,,,
CompleteGumtreeMatcher,637,15,317,307,0,13,0,0,3,3,0,0.5,,200,,,,,5,,,
CompleteGumtreeMatcher,637,15,317,307,0,13,0,0,4,3,0,0.6,,200,,,,,5,,,
CompleteGumtreeMatcher,637,15,317,307,0,13,0,0,3,3,0,0.7,,200,,,,,5,,,
CompleteGumtreeMatcher,637,15,317,307,0,13,0,0,3,3,0,0.799,,200,,,,,5,,,
CompleteGumtreeMatcher,637,15,317,307,0,13,0,0,3,3,0,0.899,,200,,,,,5,,,
CompleteGumtreeMatcher,637,15,317,307,0,13,0,0,4,3,0,0.999,,200,,,,,5,,,
CompleteGumtreeMatcher,563,30,276,266,1,20,0,0,10,3,0,0.1,,300,,,,,5,,,
CompleteGumtreeMatcher,637,15,317,307,0,13,0,0,3,3,0,0.2,,300,,,,,5,,,
CompleteGumtreeMatcher,637,15,317,307,0,13,0,0,3,3,0,0.3,,300,,,,,5,,,
CompleteGumtreeMatcher,637,15,317,307,0,13,0,0,4,3,0,0.4,,300,,,,,5,,,
CompleteGumtreeMatcher,637,15,317,307,0,13,0,0,3,3,0,0.5,,300,,,,,5,,,
CompleteGumtreeMatcher,637,15,317,307,0,13,0,0,3,3,0,0.6,,300,,,,,5,,,
CompleteGumtreeMatcher,637,15,317,307,0,13,0,0,4,3,0,0.7,,300,,,,,5,,,
CompleteGumtreeMatcher,637,15,317,307,0,13,0,0,4,3,0,0.799,,300,,,,,5,,,
CompleteGumtreeMatcher,637,15,317,307,0,13,0,0,3,3,0,0.899,,300,,,,,5,,,
CompleteGumtreeMatcher,637,15,317,307,0,13,0,0,4,3,0,0.999,,300,,,,,5,,,
CompleteGumtreeMatcher,563,30,276,266,1,20,0,0,10,3,0,0.1,,400,,,,,5,,,
CompleteGumtreeMatcher,637,15,317,307,0,13,0,0,3,3,0,0.2,,400,,,,,5,,,
CompleteGumtreeMatcher,637,15,317,307,0,13,0,0,4,3,0,0.3,,400,,,,,5,,,
CompleteGumtreeMatcher,637,15,317,307,0,13,0,0,3,3,0,0.4,,400,,,,,5,,,
CompleteGumtreeMatcher,637,15,317,307,0,13,0,0,3,3,0,0.5,,400,,,,,5,,,
CompleteGumtreeMatcher,637,15,317,307,0,13,0,0,3,3,0,0.6,,400,,,,,5,,,
CompleteGumtreeMatcher,637,15,317,307,0,13,0,0,4,3,0,0.7,,400,,,,,5,,,
CompleteGumtreeMatcher,637,15,317,307,0,13,0,0,3,3,0,0.799,,400,,,,,5,,,
CompleteGumtreeMatcher,637,15,317,307,0,13,0,0,3,3,0,0.899,,400,,,,,5,,,
CompleteGumtreeMatcher,637,15,317,307,0,13,0,0,3,3,0,0.999,,400,,,,,5,,,
CompleteGumtreeMatcher,563,30,276,266,1,20,0,0,10,3,0,0.1,,500,,,,,5,,,
CompleteGumtreeMatcher,637,15,317,307,0,13,0,0,3,3,0,0.2,,500,,,,,5,,,
CompleteGumtreeMatcher,637,15,317,307,0,13,0,0,4,3,0,0.3,,500,,,,,5,,,
CompleteGumtreeMatcher,637,15,317,307,0,13,0,0,3,3,0,0.4,,500,,,,,5,,,
CompleteGumtreeMatcher,637,15,317,307,0,13,0,0,4,3,0,0.5,,500,,,,,5,,,
CompleteGumtreeMatcher,637,15,317,307,0,13,0,0,4,3,0,0.6,,500,,,,,5,,,
CompleteGumtreeMatcher,637,15,317,307,0,13,0,0,3,3,0,0.7,,500,,,,,5,,,
CompleteGumtreeMatcher,637,15,317,307,0,13,0,0,3,3,0,0.799,,500,,,,,5,,,
CompleteGumtreeMatcher,637,15,317,307,0,13,0,0,4,3,0,0.899,,500,,,,,5,,,
CompleteGumtreeMatcher,637,15,317,307,0,13,0,0,4,3,0,0.999,,500,,,,,5,,,
CompleteGumtreeMatcher,563,30,276,266,1,20,0,0,10,3,0,0.1,,600,,,,,5,,,
CompleteGumtreeMatcher,637,15,317,307,0,13,0,0,3,3,0,0.2,,600,,,,,5,,,
CompleteGumtreeMatcher,637,15,317,307,0,13,0,0,4,3,0,0.3,,600,,,,,5,,,
CompleteGumtreeMatcher,637,15,317,307,0,13,0,0,3,3,0,0.4,,600,,,,,5,,,
CompleteGumtreeMatcher,637,15,317,307,0,13,0,0,3,3,0,0.5,,600,,,,,5,,,
CompleteGumtreeMatcher,637,15,317,307,0,13,0,0,4,3,0,0.6,,600,,,,,5,,,
CompleteGumtreeMatcher,637,15,317,307,0,13,0,0,4,3,0,0.7,,600,,,,,5,,,
CompleteGumtreeMatcher,637,15,317,307,0,13,0,0,3,3,0,0.799,,600,,,,,5,,,
CompleteGumtreeMatcher,637,15,317,307,0,13,0,0,4,3,0,0.899,,600,,,,,5,,,
CompleteGumtreeMatcher,637,15,317,307,0,13,0,0,4,3,0,0.999,,600,,,,,5,,,
CompleteGumtreeMatcher,563,30,276,266,1,20,0,0,26,3,0,0.1,,700,,,,,5,,,
CompleteGumtreeMatcher,637,15,317,307,0,13,0,0,20,3,0,0.2,,700,,,,,5,,,
CompleteGumtreeMatcher,637,15,317,307,0,13,0,0,3,3,0,0.3,,700,,,,,5,,,
CompleteGumtreeMatcher,637,15,317,307,0,13,0,0,3,3,0,0.4,,700,,,,,5,,,
CompleteGumtreeMatcher,637,15,317,307,0,13,0,0,3,3,0,0.5,,700,,,,,5,,,
CompleteGumtreeMatcher,637,15,317,307,0,13,0,0,4,3,0,0.6,,700,,,,,5,,,
CompleteGumtreeMatcher,637,15,317,307,0,13,0,0,3,3,0,0.7,,700,,,,,5,,,
CompleteGumtreeMatcher,637,15,317,307,0,13,0,0,19,3,0,0.799,,700,,,,,5,,,
CompleteGumtreeMatcher,637,15,317,307,0,13,0,0,3,3,0,0.899,,700,,,,,5,,,
CompleteGumtreeMatcher,637,15,317,307,0,13,0,0,4,3,0,0.999,,700,,,,,5,,,
CompleteGumtreeMatcher,563,30,276,266,1,20,0,0,26,3,0,0.1,,800,,,,,5,,,
CompleteGumtreeMatcher,637,15,317,307,0,13,0,0,3,3,0,0.2,,800,,,,,5,,,
CompleteGumtreeMatcher,637,15,317,307,0,13,0,0,3,3,0,0.3,,800,,,,,5,,,
CompleteGumtreeMatcher,637,15,317,307,0,13,0,0,20,3,0,0.4,,800,,,,,5,,,
CompleteGumtreeMatcher,637,15,317,307,0,13,0,0,4,3,0,0.5,,800,,,,,5,,,
CompleteGumtreeMatcher,637,15,317,307,0,13,0,0,3,3,0,0.6,,800,,,,,5,,,
CompleteGumtreeMatcher,637,15,317,307,0,13,0,0,4,3,0,0.7,,800,,,,,5,,,
CompleteGumtreeMatcher,637,15,317,307,0,13,0,0,15,3,0,0.799,,800,,,,,5,,,
CompleteGumtreeMatcher,637,15,317,307,0,13,0,0,3,3,0,0.899,,800,,,,,5,,,
CompleteGumtreeMatcher,637,15,317,307,0,13,0,0,4,3,0,0.999,,800,,,,,5,,,
CompleteGumtreeMatcher,563,30,276,266,1,20,0,0,26,3,0,0.1,,900,,,,,5,,,
CompleteGumtreeMatcher,637,15,317,307,0,13,0,0,3,3,0,0.2,,900,,,,,5,,,
CompleteGumtreeMatcher,637,15,317,307,0,13,0,0,4,3,0,0.3,,900,,,,,5,,,
CompleteGumtreeMatcher,637,15,317,307,0,13,0,0,20,3,0,0.4,,900,,,,,5,,,
CompleteGumtreeMatcher,637,15,317,307,0,13,0,0,4,3,0,0.5,,900,,,,,5,,,
CompleteGumtreeMatcher,637,15,317,307,0,13,0,0,4,3,0,0.6,,900,,,,,5,,,
CompleteGumtreeMatcher,637,15,317,307,0,13,0,0,3,3,0,0.7,,900,,,,,5,,,
CompleteGumtreeMatcher,637,15,317,307,0,13,0,0,4,3,0,0.799,,900,,,,,5,,,
CompleteGumtreeMatcher,637,15,317,307,0,13,0,0,20,3,0,0.899,,900,,,,,5,,,
CompleteGumtreeMatcher,637,15,317,307,0,13,0,0,4,3,0,0.999,,900,,,,,5,,,
CompleteGumtreeMatcher,57,21,28,18,2,9,0,0,1299,3,0,0.1,,1000,,,,,5,,,
CompleteGumtreeMatcher,59,21,29,19,2,9,0,0,1259,3,0,0.2,,1000,,,,,5,,,
CompleteGumtreeMatcher,59,21,29,19,2,9,0,0,1942,3,0,0.3,,1000,,,,,5,,,
CompleteGumtreeMatcher,59,21,29,19,2,9,0,0,2071,3,0,0.4,,1000,,,,,5,,,
CompleteGumtreeMatcher,59,21,29,19,2,9,0,0,1238,3,0,0.5,,1000,,,,,5,,,
CompleteGumtreeMatcher,59,21,29,19,2,9,0,0,1621,3,0,0.6,,1000,,,,,5,,,
CompleteGumtreeMatcher,59,21,29,19,2,9,0,0,1980,3,0,0.7,,1000,,,,,5,,,
CompleteGumtreeMatcher,59,21,29,19,2,9,0,0,2053,3,0,0.799,,1000,,,,,5,,,
CompleteGumtreeMatcher,59,21,29,19,2,9,0,0,1406,3,0,0.899,,1000,,,,,5,,,
CompleteGumtreeMatcher,59,21,29,19,2,9,0,0,1595,3,0,0.999,,1000,,,,,5,,,
CompleteGumtreeMatcher,57,21,28,18,2,9,0,0,1212,3,0,0.1,,1100,,,,,5,,,
CompleteGumtreeMatcher,59,21,29,19,2,9,0,0,1911,3,0,0.2,,1100,,,,,5,,,
CompleteGumtreeMatcher,59,21,29,19,2,9,0,0,1096,3,0,0.3,,1100,,,,,5,,,
CompleteGumtreeMatcher,59,21,29,19,2,9,0,0,1401,3,0,0.4,,1100,,,,,5,,,
CompleteGumtreeMatcher,59,21,29,19,2,9,0,0,1775,3,0,0.5,,1100,,,,,5,,,
CompleteGumtreeMatcher,59,21,29,19,2,9,0,0,1773,3,0,0.6,,1100,,,,,5,,,
CompleteGumtreeMatcher,59,21,29,19,2,9,0,0,1600,3,0,0.7,,1100,,,,,5,,,
CompleteGumtreeMatcher,59,21,29,19,2,9,0,0,1281,3,0,0.799,,1100,,,,,5,,,
CompleteGumtreeMatcher,59,21,29,19,2,9,0,0,1769,3,0,0.899,,1100,,,,,5,,,
CompleteGumtreeMatcher,59,21,29,19,2,9,0,0,1308,3,0,0.999,,1100,,,,,5,,,
CompleteGumtreeMatcher,57,21,28,18,2,9,0,0,1478,3,0,0.1,,1200,,,,,5,,,
CompleteGumtreeMatcher,59,21,29,19,2,9,0,0,1666,3,0,0.2,,1200,,,,,5,,,
CompleteGumtreeMatcher,59,21,29,19,2,9,0,0,1325,3,0,0.3,,1200,,,,,5,,,
CompleteGumtreeMatcher,59,21,29,19,2,9,0,0,1695,3,0,0.4,,1200,,,,,5,,,
CompleteGumtreeMatcher,59,21,29,19,2,9,0,0,1682,3,0,0.5,,1200,,,,,5,,,
CompleteGumtreeMatcher,59,21,29,19,2,9,0,0,1158,3,0,0.6,,1200,,,,,5,,,
CompleteGumtreeMatcher,59,21,29,19,2,9,0,0,2065,3,0,0.7,,1200,,,,,5,,,
CompleteGumtreeMatcher,59,21,29,19,2,9,0,0,1957,3,0,0.799,,1200,,,,,5,,,
CompleteGumtreeMatcher,59,21,29,19,2,9,0,0,1993,3,0,0.899,,1200,,,,,5,,,
CompleteGumtreeMatcher,59,21,29,19,2,9,0,0,1563,3,0,0.999,,1200,,,,,5,,,
CompleteGumtreeMatcher,57,21,28,18,2,9,0,0,1312,3,0,0.1,,1300,,,,,5,,,
CompleteGumtreeMatcher,59,21,29,19,2,9,0,0,1109,3,0,0.2,,1300,,,,,5,,,
CompleteGumtreeMatcher,59,21,29,19,2,9,0,0,1405,3,0,0.3,,1300,,,,,5,,,
CompleteGumtreeMatcher,59,21,29,19,2,9,0,0,1192,3,0,0.4,,1300,,,,,5,,,
CompleteGumtreeMatcher,59,21,29,19,2,9,0,0,1223,3,0,0.5,,1300,,,,,5,,,
CompleteGumtreeMatcher,59,21,29,19,2,9,0,0,1758,3,0,0.6,,1300,,,,,5,,,
CompleteGumtreeMatcher,59,21,29,19,2,9,0,0,1651,3,0,0.7,,1300,,,,,5,,,
CompleteGumtreeMatcher,59,21,29,19,2,9,0,0,1386,3,0,0.799,,1300,,,,,5,,,
CompleteGumtreeMatcher,59,21,29,19,2,9,0,0,1960,3,0,0.899,,1300,,,,,5,,,
CompleteGumtreeMatcher,59,21,29,19,2,9,0,0,1543,3,0,0.999,,1300,,,,,5,,,
CompleteGumtreeMatcher,57,21,28,18,2,9,0,0,2116,3,0,0.1,,1400,,,,,5,,,
CompleteGumtreeMatcher,59,21,29,19,2,9,0,0,1980,3,0,0.2,,1400,,,,,5,,,
CompleteGumtreeMatcher,59,21,29,19,2,9,0,0,1744,3,0,0.3,,1400,,,,,5,,,
CompleteGumtreeMatcher,59,21,29,19,2,9,0,0,1440,3,0,0.4,,1400,,,,,5,,,
CompleteGumtreeMatcher,59,21,29,19,2,9,0,0,1235,3,0,0.5,,1400,,,,,5,,,
CompleteGumtreeMatcher,59,21,29,19,2,9,0,0,2041,3,0,0.6,,1400,,,,,5,,,
CompleteGumtreeMatcher,59,21,29,19,2,9,0,0,1311,3,0,0.7,,1400,,,,,5,,,
CompleteGumtreeMatcher,59,21,29,19,2,9,0,0,2169,3,0,0.799,,1400,,,,,5,,,
CompleteGumtreeMatcher,59,21,29,19,2,9,0,0,1596,3,0,0.899,,1400,,,,,5,,,
CompleteGumtreeMatcher,59,21,29,19,2,9,0,0,1435,3,0,0.999,,1400,,,,,5,,,
CompleteGumtreeMatcher,57,21,28,18,2,9,0,0,1960,3,0,0.1,,1500,,,,,5,,,
CompleteGumtreeMatcher,59,21,29,19,2,9,0,0,1701,3,0,0.2,,1500,,,,,5,,,
CompleteGumtreeMatcher,59,21,29,19,2,9,0,0,1932,3,0,0.3,,1500,,,,,5,,,
CompleteGumtreeMatcher,59,21,29,19,2,9,0,0,1961,3,0,0.4,,1500,,,,,5,,,
CompleteGumtreeMatcher,59,21,29,19,2,9,0,0,1010,3,0,0.5,,1500,,,,,5,,,
CompleteGumtreeMatcher,59,21,29,19,2,9,0,0,1006,3,0,0.6,,1500,,,,,5,,,
CompleteGumtreeMatcher,59,21,29,19,2,9,0,0,1279,3,0,0.7,,1500,,,,,5,,,
CompleteGumtreeMatcher,59,21,29,19,2,9,0,0,1617,3,0,0.799,,1500,,,,,5,,,
CompleteGumtreeMatcher,59,21,29,19,2,9,0,0,1233,3,0,0.899,,1500,,,,,5,,,
CompleteGumtreeMatcher,59,21,29,19,2,9,0,0,18864,3,0,0.999,,1500,,,,,5,,,
CompleteGumtreeMatcher,57,21,28,18,2,9,0,0,1401,3,0,0.1,,1600,,,,,5,,,
CompleteGumtreeMatcher,59,21,29,19,2,9,0,0,18778,3,0,0.2,,1600,,,,,5,,,
CompleteGumtreeMatcher,59,21,29,19,2,9,0,0,18726,3,0,0.3,,1600,,,,,5,,,
CompleteGumtreeMatcher,59,21,29,19,2,9,0,0,18824,3,0,0.4,,1600,,,,,5,,,
CompleteGumtreeMatcher,59,21,29,19,2,9,0,0,18701,3,0,0.5,,1600,,,,,5,,,
CompleteGumtreeMatcher,59,21,29,19,2,9,0,0,18409,3,0,0.6,,1600,,,,,5,,,
CompleteGumtreeMatcher,59,21,29,19,2,9,0,0,18346,3,0,0.7,,1600,,,,,5,,,
CompleteGumtreeMatcher,59,21,29,19,2,9,0,0,18385,3,0,0.799,,1600,,,,,5,,,
CompleteGumtreeMatcher,59,21,29,19,2,9,0,0,18204,3,0,0.899,,1600,,,,,5,,,
CompleteGumtreeMatcher,59,21,29,19,2,9,0,0,18950,3,0,0.999,,1600,,,,,5,,,
CompleteGumtreeMatcher,57,21,28,18,2,9,0,0,2020,3,0,0.1,,1700,,,,,5,,,
CompleteGumtreeMatcher,59,21,29,19,2,9,0,0,1085,3,0,0.2,,1700,,,,,5,,,
CompleteGumtreeMatcher,59,21,29,19,2,9,0,0,1262,3,0,0.3,,1700,,,,,5,,,
CompleteGumtreeMatcher,59,21,29,19,2,9,0,0,1508,3,0,0.4,,1700,,,,,5,,,
CompleteGumtreeMatcher,59,21,29,19,2,9,0,0,1779,3,0,0.5,,1700,,,,,5,,,
CompleteGumtreeMatcher,59,21,29,19,2,9,0,0,1495,3,0,0.6,,1700,,,,,5,,,
CompleteGumtreeMatcher,59,21,29,19,2,9,0,0,1164,3,0,0.7,,1700,,,,,5,,,
CompleteGumtreeMatcher,59,21,29,19,2,9,0,0,1088,3,0,0.799,,1700,,,,,5,,,
CompleteGumtreeMatcher,59,21,29,19,2,9,0,0,1268,3,0,0.899,,1700,,,,,5,,,
CompleteGumtreeMatcher,59,21,29,19,2,9,0,0,1202,3,0,0.999,,1700,,,,,5,,,
CompleteGumtreeMatcher,57,21,28,18,2,9,0,0,1324,3,0,0.1,,1800,,,,,5,,,
CompleteGumtreeMatcher,59,21,29,19,2,9,0,0,2020,3,0,0.2,,1800,,,,,5,,,
CompleteGumtreeMatcher,59,21,29,19,2,9,0,0,1527,3,0,0.3,,1800,,,,,5,,,
CompleteGumtreeMatcher,59,21,29,19,2,9,0,0,1358,3,0,0.4,,1800,,,,,5,,,
CompleteGumtreeMatcher,59,21,29,19,2,9,0,0,1150,3,0,0.5,,1800,,,,,5,,,
CompleteGumtreeMatcher,59,21,29,19,2,9,0,0,2074,3,0,0.6,,1800,,,,,5,,,
CompleteGumtreeMatcher,59,21,29,19,2,9,0,0,1821,3,0,0.7,,1800,,,,,5,,,
CompleteGumtreeMatcher,59,21,29,19,2,9,0,0,1635,3,0,0.799,,1800,,,,,5,,,
CompleteGumtreeMatcher,59,21,29,19,2,9,0,0,1711,3,0,0.899,,1800,,,,,5,,,
CompleteGumtreeMatcher,59,21,29,19,2,9,0,0,1799,3,0,0.999,,1800,,,,,5,,,
CompleteGumtreeMatcher,57,21,28,18,2,9,0,0,1118,3,0,0.1,,1900,,,,,5,,,
CompleteGumtreeMatcher,59,21,29,19,2,9,0,0,1880,3,0,0.2,,1900,,,,,5,,,
CompleteGumtreeMatcher,59,21,29,19,2,9,0,0,1285,3,0,0.3,,1900,,,,,5,,,
CompleteGumtreeMatcher,59,21,29,19,2,9,0,0,1065,3,0,0.4,,1900,,,,,5,,,
CompleteGumtreeMatcher,59,21,29,19,2,9,0,0,1850,3,0,0.5,,1900,,,,,5,,,
CompleteGumtreeMatcher,59,21,29,19,2,9,0,0,2058,3,0,0.6,,1900,,,,,5,,,
CompleteGumtreeMatcher,59,21,29,19,2,9,0,0,1868,3,0,0.7,,1900,,,,,5,,,
CompleteGumtreeMatcher,59,21,29,19,2,9,0,0,1198,3,0,0.799,,1900,,,,,5,,,
CompleteGumtreeMatcher,59,21,29,19,2,9,0,0,1086,3,0,0.899,,1900,,,,,5,,,
CompleteGumtreeMatcher,59,21,29,19,2,9,0,0,2016,3,0,0.999,,1900,,,,,5,,,
CompleteGumtreeMatcher,57,21,28,18,2,9,0,0,1594,3,0,0.1,,2000,,,,,5,,,
CompleteGumtreeMatcher,59,21,29,19,2,9,0,0,1008,3,0,0.2,,2000,,,,,5,,,
CompleteGumtreeMatcher,59,21,29,19,2,9,0,0,1521,3,0,0.3,,2000,,,,,5,,,
CompleteGumtreeMatcher,59,21,29,19,2,9,0,0,1736,3,0,0.4,,2000,,,,,5,,,
CompleteGumtreeMatcher,59,21,29,19,2,9,0,0,1497,3,0,0.5,,2000,,,,,5,,,
CompleteGumtreeMatcher,59,21,29,19,2,9,0,0,1785,3,0,0.6,,2000,,,,,5,,,
CompleteGumtreeMatcher,59,21,29,19,2,9,0,0,1250,3,0,0.7,,2000,,,,,5,,,
CompleteGumtreeMatcher,59,21,29,19,2,9,0,0,1340,3,0,0.799,,2000,,,,,5,,,
CompleteGumtreeMatcher,59,21,29,19,2,9,0,0,1312,3,0,0.899,,2000,,,,,5,,,
CompleteGumtreeMatcher,59,21,29,19,2,9,0,0,1311,3,0,0.999,,2000,,,,,5,,,
ChangeDistiller,900,771,120,110,323,347,0,0,5697,4,0,,,,0.1,2,0.2,0.1,,,,
ChangeDistiller,899,779,114,104,328,353,0,0,1892,4,0,,,,0.1,4,0.2,0.1,,,,
ChangeDistiller,890,776,107,97,332,354,0,0,4146,4,0,,,,0.1,6,0.2,0.1,,,,
ChangeDistiller,911,769,132,122,313,344,0,0,2167,4,0,,,,0.1,2,0.2,0.3,,,,
ChangeDistiller,912,752,146,136,299,331,0,0,3905,4,0,,,,0.1,4,0.2,0.3,,,,
ChangeDistiller,919,753,149,139,299,332,0,0,3029,4,0,,,,0.1,6,0.2,0.3,,,,
ChangeDistiller,930,771,143,133,308,346,0,0,3277,4,0,,,,0.1,2,0.2,0.5,,,,
ChangeDistiller,971,762,176,166,291,338,0,0,3771,4,0,,,,0.1,4,0.2,0.5,,,,
ChangeDistiller,997,766,186,176,291,344,0,0,4246,4,0,,,,0.1,6,0.2,0.5,,,,
ChangeDistiller,1102,877,211,201,301,389,0,0,3995,4,0,,,,0.1,2,0.2,0.7,,,,
ChangeDistiller,1245,901,281,271,282,411,0,0,2037,4,0,,,,0.1,4,0.2,0.7,,,,
ChangeDistiller,1326,916,312,302,281,431,0,0,1761,4,0,,,,0.1,6,0.2,0.7,,,,
ChangeDistiller,1102,877,211,201,301,389,0,0,5999,4,0,,,,0.1,2,0.2,0.899,,,,
ChangeDistiller,1306,939,296,286,287,437,0,0,6286,4,0,,,,0.1,4,0.2,0.899,,,,
ChangeDistiller,1397,941,336,326,283,452,0,0,6578,4,0,,,,0.1,6,0.2,0.899,,,,
ChangeDistiller,1020,776,176,166,312,366,0,0,6753,4,0,,,,0.1,2,0.4,0.1,,,,
ChangeDistiller,951,768,134,124,328,365,0,0,5960,4,0,,,,0.1,4,0.4,0.1,,,,
ChangeDistiller,919,772,116,106,332,365,0,0,5892,4,0,,,,0.1,6,0.4,0.1,,,,
ChangeDistiller,1004,738,186,176,295,347,0,0,7368,4,0,,,,0.1,2,0.4,0.3,,,,
ChangeDistiller,967,731,168,158,298,343,0,0,6557,4,0,,,,0.1,4,0.4,0.3,,,,
ChangeDistiller,959,731,164,154,299,342,0,0,6281,4,0,,,,0.1,6,0.4,0.3,,,,
ChangeDistiller,1014,735,193,183,291,347,0,0,6336,4,0,,,,0.1,2,0.4,0.5,,,,
ChangeDistiller,1020,737,195,185,291,349,0,0,2284,4,0,,,,0.1,4,0.4,0.5,,,,
ChangeDistiller,1034,739,200,190,291,353,0,0,3486,4,0,,,,0.1,6,0.4,0.5,,,,
ChangeDistiller,1208,798,275,265,282,386,0,0,2700,4,0,,,,0.1,2,0.4,0.7,,,,
ChangeDistiller,1293,839,303,293,281,416,0,0,2551,4,0,,,,0.1,4,0.4,0.7,,,,
ChangeDistiller,1358,853,327,317,280,434,0,0,2179,4,0,,,,0.1,6,0.4,0.7,,,,
ChangeDistiller,1208,798,275,265,282,386,0,0,2318,4,0,,,,0.1,2,0.4,0.899,,,,
ChangeDistiller,1348,874,318,308,284,438,0,0,3143,4,0,,,,0.1,4,0.4,0.899,,,,
ChangeDistiller,1426,874,352,342,280,452,0,0,2624,4,0,,,,0.1,6,0.4,0.899,,,,
ChangeDistiller,1161,805,218,208,314,421,0,0,2719,4,0,,,,0.1,2,0.6,0.1,,,,
ChangeDistiller,1022,802,155,145,328,394,0,0,3496,4,0,,,,0.1,4,0.6,0.1,,,,
ChangeDistiller,957,786,127,117,332,381,0,0,3498,4,0,,,,0.1,6,0.6,0.1,,,,
ChangeDistiller,1147,767,230,220,294,403,0,0,2718,4,0,,,,0.1,2,0.6,0.3,,,,
ChangeDistiller,1056,741,192,182,298,384,0,0,3217,4,0,,,,0.1,4,0.6,0.3,,,,
ChangeDistiller,1013,729,177,167,299,370,0,0,2491,4,0,,,,0.1,6,0.6,0.3,,,,
ChangeDistiller,1157,757,238,228,290,401,0,0,6724,4,0,,,,0.1,2,0.6,0.5,,,,
ChangeDistiller,1108,733,221,211,291,385,0,0,6425,4,0,,,,0.1,4,0.6,0.5,,,,
ChangeDistiller,1092,721,216,206,291,379,0,0,6514,4,0,,,,0.1,6,0.6,0.5,,,,
ChangeDistiller,1348,786,319,309,280,440,0,0,6380,4,0,,,,0.1,2,0.6,0.7,,,,
ChangeDistiller,1398,807,335,325,280,458,0,0,6732,4,0,,,,0.1,4,0.6,0.7,,,,
ChangeDistiller,1423,806,347,337,280,459,0,0,5659,4,0,,,,0.1,6,0.6,0.7,,,,
ChangeDistiller,1348,786,319,309,280,440,0,0,6899,4,0,,,,0.1,2,0.6,0.899,,,,
ChangeDistiller,1481,811,367,357,280,477,0,0,5635,4,0,,,,0.1,4,0.6,0.899,,,,
ChangeDistiller,1500,767,378,360,280,482,0,0,5808,4,0,,,,0.1,6,0.6,0.899,,,,
ChangeDistiller,1341,811,280,260,315,486,0,0,6604,4,0,,,,0.1,2,0.8,0.1,,,,
ChangeDistiller,1163,815,201,163,329,470,0,0,2771,4,0,,,,0.1,4,0.8,0.1,,,,
ChangeDistiller,1077,840,152,142,332,451,0,0,2974,4,0,,,,0.1,6,0.8,0.1,,,,
ChangeDistiller,1342,772,296,280,294,472,0,0,2874,4,0,,,,0.1,2,0.8,0.3,,,,
ChangeDistiller,1195,755,234,217,298,446,0,0,2868,4,0,,,,0.1,4,0.8,0.3,,,,
ChangeDistiller,1079,727,197,171,299,412,0,0,2050,4,0,,,,0.1,6,0.8,0.3,,,,
ChangeDistiller,1354,764,304,290,290,470,0,0,2999,4,0,,,,0.1,2,0.8,0.5,,,,
ChangeDistiller,1241,740,260,248,291,442,0,0,3784,4,0,,,,0.1,4,0.8,0.5,,,,
ChangeDistiller,1167,718,234,222,291,420,0,0,3611,4,0,,,,0.1,6,0.8,0.5,,,,
ChangeDistiller,1485,759,372,358,280,475,0,0,2914,4,0,,,,0.1,2,0.8,0.7,,,,
ChangeDistiller,1456,761,360,343,280,473,0,0,2428,4,0,,,,0.1,4,0.8,0.7,,,,
ChangeDistiller,1445,764,355,336,280,474,0,0,3113,4,0,,,,0.1,6,0.8,0.7,,,,
ChangeDistiller,1485,759,372,358,280,475,0,0,3180,4,0,,,,0.1,2,0.8,0.899,,,,
ChangeDistiller,1508,768,379,365,280,484,0,0,2653,4,0,,,,0.1,4,0.8,0.899,,,,
ChangeDistiller,1508,768,379,365,280,484,0,0,3425,4,0,,,,0.1,6,0.8,0.899,,,,
ChangeDistiller,1374,822,288,272,315,499,0,0,2711,4,0,,,,0.1,2,1.0,0.1,,,,
ChangeDistiller,1183,819,207,171,329,476,0,0,2524,4,0,,,,0.1,4,1.0,0.1,,,,
ChangeDistiller,1062,812,155,115,332,460,0,0,3723,4,0,,,,0.1,6,1.0,0.1,,,,
ChangeDistiller,1386,786,308,296,294,488,0,0,3918,4,0,,,,0.1,2,1.0,0.3,,,,
ChangeDistiller,1228,762,245,230,298,455,0,0,3637,4,0,,,,0.1,4,1.0,0.3,,,,
ChangeDistiller,1106,742,202,177,299,428,0,0,3547,4,0,,,,0.1,6,1.0,0.3,,,,
ChangeDistiller,1401,779,317,307,290,487,0,0,2900,4,0,,,,0.1,2,1.0,0.5,,,,
ChangeDistiller,1274,747,271,261,291,451,0,0,3587,4,0,,,,0.1,4,1.0,0.5,,,,
ChangeDistiller,1179,724,237,225,291,426,0,0,3866,4,0,,,,0.1,6,1.0,0.5,,,,
ChangeDistiller,1517,769,380,370,280,487,0,0,3433,4,0,,,,0.1,2,1.0,0.7,,,,
ChangeDistiller,1476,765,365,352,280,479,0,0,2863,4,0,,,,0.1,4,1.0,0.7,,,,
ChangeDistiller,1454,765,356,341,280,477,0,0,3915,4,0,,,,0.1,6,1.0,0.7,,,,
ChangeDistiller,1517,769,380,370,280,487,0,0,2712,4,0,,,,0.1,2,1.0,0.899,,,,
ChangeDistiller,1517,769,380,370,280,487,0,0,2372,4,0,,,,0.1,4,1.0,0.899,,,,
ChangeDistiller,1517,769,380,370,280,487,0,0,2798,4,0,,,,0.1,6,1.0,0.899,,,,
ChangeDistiller,509,479,42,32,198,237,0,0,1330,4,0,,,,0.3,2,0.2,0.1,,,,
ChangeDistiller,506,478,40,30,198,238,0,0,1483,4,0,,,,0.3,4,0.2,0.1,,,,
ChangeDistiller,501,476,37,27,198,239,0,0,1790,4,0,,,,0.3,6,0.2,0.1,,,,
ChangeDistiller,532,495,53,43,196,240,0,0,1868,4,0,,,,0.3,2,0.2,0.3,,,,
ChangeDistiller,515,471,60,50,187,218,0,0,2278,4,0,,,,0.3,4,0.2,0.3,,,,
ChangeDistiller,512,465,61,51,186,214,0,0,1847,4,0,,,,0.3,6,0.2,0.3,,,,
ChangeDistiller,536,494,55,45,195,241,0,0,1330,4,0,,,,0.3,2,0.2,0.5,,,,
ChangeDistiller,553,491,75,65,185,228,0,0,2006,4,0,,,,0.3,4,0.2,0.5,,,,
ChangeDistiller,575,490,85,75,184,231,0,0,2200,4,0,,,,0.3,6,0.2,0.5,,,,
ChangeDistiller,713,658,112,102,199,300,0,0,1614,4,0,,,,0.3,2,0.2,0.7,,,,
ChangeDistiller,843,668,183,173,180,307,0,0,1517,4,0,,,,0.3,4,0.2,0.7,,,,
ChangeDistiller,942,691,220,210,179,333,0,0,1967,4,0,,,,0.3,6,0.2,0.7,,,,
ChangeDistiller,715,658,113,103,199,300,0,0,1219,4,0,,,,0.3,2,0.2,0.899,,,,
ChangeDistiller,933,735,203,193,187,350,0,0,1793,4,0,,,,0.3,4,0.2,0.899,,,,
ChangeDistiller,1057,755,254,244,182,377,0,0,2403,4,0,,,,0.3,6,0.2,0.899,,,,
ChangeDistiller,596,525,78,68,194,256,0,0,1786,4,0,,,,0.3,2,0.4,0.1,,,,
ChangeDistiller,545,502,53,43,199,250,0,0,2183,4,0,,,,0.3,4,0.4,0.1,,,,
ChangeDistiller,515,485,41,31,198,245,0,0,1591,4,0,,,,0.3,6,0.4,0.1,,,,
ChangeDistiller,570,485,81,71,186,232,0,0,1363,4,0,,,,0.3,2,0.4,0.3,,,,
ChangeDistiller,544,471,71,61,186,226,0,0,1873,4,0,,,,0.3,4,0.4,0.3,,,,
ChangeDistiller,527,466,65,55,186,221,0,0,2243,4,0,,,,0.3,6,0.4,0.3,,,,
ChangeDistiller,577,484,85,75,184,233,0,0,1508,4,0,,,,0.3,2,0.4,0.5,,,,
ChangeDistiller,588,485,89,79,184,236,0,0,1649,4,0,,,,0.3,4,0.4,0.5,,,,
ChangeDistiller,596,485,92,82,184,238,0,0,2045,4,0,,,,0.3,6,0.4,0.5,,,,
ChangeDistiller,786,606,166,156,180,284,0,0,4322,4,0,,,,0.3,2,0.4,0.7,,,,
ChangeDistiller,895,652,203,193,179,320,0,0,3820,4,0,,,,0.3,4,0.4,0.7,,,,
ChangeDistiller,978,673,234,224,179,341,0,0,4051,4,0,,,,0.3,6,0.4,0.7,,,,
ChangeDistiller,788,606,167,157,180,284,0,0,1529,4,0,,,,0.3,2,0.4,0.899,,,,
ChangeDistiller,981,709,226,216,183,356,0,0,3605,4,0,,,,0.3,4,0.4,0.899,,,,
ChangeDistiller,1087,727,270,260,179,378,0,0,3506,4,0,,,,0.3,6,0.4,0.899,,,,
ChangeDistiller,746,576,134,124,191,297,0,0,4021,4,0,,,,0.3,2,0.6,0.1,,,,
ChangeDistiller,635,538,84,74,200,277,0,0,3393,4,0,,,,0.3,4,0.6,0.1,,,,
ChangeDistiller,552,495,55,45,198,254,0,0,3493,4,0,,,,0.3,6,0.6,0.1,,,,
ChangeDistiller,695,534,124,114,185,272,0,0,3525,4,0,,,,0.3,2,0.6,0.3,,,,
ChangeDistiller,592,484,86,76,186,244,0,0,3683,4,0,,,,0.3,4,0.6,0.3,,,,
ChangeDistiller,560,474,75,65,186,234,0,0,2798,4,0,,,,0.3,6,0.6,0.3,,,,
ChangeDistiller,702,531,128,118,183,273,0,0,1496,4,0,,,,0.3,2,0.6,0.5,,,,
ChangeDistiller,627,493,101,91,184,251,0,0,1232,4,0,,,,0.3,4,0.6,0.5,,,,
ChangeDistiller,619,485,99,89,184,247,0,0,1596,4,0,,,,0.3,6,0.6,0.5,,,,
ChangeDistiller,920,627,212,202,179,327,0,0,1874,4,0,,,,0.3,2,0.6,0.7,,,,
ChangeDistiller,1007,616,239,229,179,360,0,0,1493,4,0,,,,0.3,4,0.6,0.7,,,,
ChangeDistiller,1068,627,260,250,179,379,0,0,1731,4,0,,,,0.3,6,0.6,0.7,,,,
ChangeDistiller,922,626,213,203,179,327,0,0,2313,4,0,,,,0.3,2,0.6,0.899,,,,
ChangeDistiller,1122,630,280,270,179,393,0,0,1543,4,0,,,,0.3,4,0.6,0.899,,,,
ChangeDistiller,1184,648,299,289,179,417,0,0,2304,4,0,,,,0.3,6,0.6,0.899,,,,
ChangeDistiller,1040,633,220,198,196,426,0,0,1662,4,0,,,,0.3,2,0.8,0.1,,,,
ChangeDistiller,836,626,132,122,203,379,0,0,1513,4,0,,,,0.3,4,0.8,0.1,,,,
ChangeDistiller,670,573,78,68,199,325,0,0,2253,4,0,,,,0.3,6,0.8,0.1,,,,
ChangeDistiller,1028,602,225,208,185,410,0,0,1980,4,0,,,,0.3,2,0.8,0.3,,,,
ChangeDistiller,815,575,145,135,186,349,0,0,1913,4,0,,,,0.3,4,0.8,0.3,,,,
ChangeDistiller,685,541,103,93,186,303,0,0,1744,4,0,,,,0.3,6,0.8,0.3,,,,
ChangeDistiller,1036,598,229,214,183,410,0,0,1915,4,0,,,,0.3,2,0.8,0.5,,,,
ChangeDistiller,851,575,161,151,184,355,0,0,2421,4,0,,,,0.3,4,0.8,0.5,,,,
ChangeDistiller,753,541,129,119,184,321,0,0,1561,4,0,,,,0.3,6,0.8,0.5,,,,
ChangeDistiller,1152,595,288,273,179,412,0,0,2175,4,0,,,,0.3,2,0.8,0.7,,,,
ChangeDistiller,1127,594,278,261,179,409,0,0,1301,4,0,,,,0.3,4,0.8,0.7,,,,
ChangeDistiller,1119,594,274,257,179,409,0,0,2110,4,0,,,,0.3,6,0.8,0.7,,,,
ChangeDistiller,1155,595,289,275,179,412,0,0,1998,4,0,,,,0.3,2,0.8,0.899,,,,
ChangeDistiller,1199,611,303,289,179,428,0,0,1515,4,0,,,,0.3,4,0.8,0.899,,,,
ChangeDistiller,1214,620,308,291,179,436,0,0,1475,4,0,,,,0.3,6,0.8,0.899,,,,
ChangeDistiller,1100,656,236,218,196,450,0,0,1909,4,0,,,,0.3,2,1.0,0.1,,,,
ChangeDistiller,893,630,149,124,203,417,0,0,1574,4,0,,,,0.3,4,1.0,0.1,,,,
ChangeDistiller,744,600,93,66,199,386,0,0,2023,4,0,,,,0.3,6,1.0,0.1,,,,
ChangeDistiller,1110,632,248,235,185,442,0,0,1431,4,0,,,,0.3,2,1.0,0.3,,,,
ChangeDistiller,906,588,170,156,186,394,0,0,10855,4,0,,,,0.3,4,1.0,0.3,,,,
ChangeDistiller,755,561,118,91,186,360,0,0,10659,4,0,,,,0.3,6,1.0,0.3,,,,
ChangeDistiller,1118,628,252,241,183,442,0,0,10776,4,0,,,,0.3,2,1.0,0.5,,,,
ChangeDistiller,939,585,185,174,184,396,0,0,1439,4,0,,,,0.3,4,1.0,0.5,,,,
ChangeDistiller,819,554,142,129,184,364,0,0,11031,4,0,,,,0.3,6,1.0,0.5,,,,
ChangeDistiller,1228,623,309,298,179,442,0,0,10569,4,0,,,,0.3,2,1.0,0.7,,,,
ChangeDistiller,1172,609,290,277,179,426,0,0,1196,4,0,,,,0.3,4,1.0,0.7,,,,
ChangeDistiller,1138,601,277,264,179,418,0,0,10137,4,0,,,,0.3,6,1.0,0.7,,,,
ChangeDistiller,1231,623,310,300,179,442,0,0,10318,4,0,,,,0.3,2,1.0,0.899,,,,
ChangeDistiller,1231,623,310,300,179,442,0,0,10200,4,0,,,,0.3,4,1.0,0.899,,,,
ChangeDistiller,1231,623,310,300,179,442,0,0,9835,4,0,,,,0.3,6,1.0,0.899,,,,
ChangeDistiller,299,275,35,25,102,137,0,0,9713,4,0,,,,0.5,2,0.2,0.1,,,,
ChangeDistiller,297,275,34,24,102,137,0,0,690,4,0,,,,0.5,4,0.2,0.1,,,,
ChangeDistiller,293,273,32,22,102,137,0,0,1326,4,0,,,,0.5,6,0.2,0.1,,,,
ChangeDistiller,306,277,38,28,101,139,0,0,696,4,0,,,,0.5,2,0.2,0.3,,,,
ChangeDistiller,307,273,41,31,98,137,0,0,796,4,0,,,,0.5,4,0.2,0.3,,,,
ChangeDistiller,305,271,41,31,98,135,0,0,1243,4,0,,,,0.5,6,0.2,0.3,,,,
ChangeDistiller,310,277,41,31,99,139,0,0,1058,4,0,,,,0.5,2,0.2,0.5,,,,
ChangeDistiller,328,282,50,40,96,142,0,0,795,4,0,,,,0.5,4,0.2,0.5,,,,
ChangeDistiller,334,280,53,43,96,142,0,0,887,4,0,,,,0.5,6,0.2,0.5,,,,
ChangeDistiller,452,403,88,78,103,183,0,0,701,4,0,,,,0.5,2,0.2,0.7,,,,
ChangeDistiller,583,463,134,124,98,227,0,0,704,4,0,,,,0.5,4,0.2,0.7,,,,
ChangeDistiller,626,458,151,141,98,236,0,0,872,4,0,,,,0.5,6,0.2,0.7,,,,
ChangeDistiller,452,403,88,78,103,183,0,0,821,4,0,,,,0.5,2,0.2,0.899,,,,
ChangeDistiller,679,538,160,150,100,269,0,0,836,4,0,,,,0.5,4,0.2,0.899,,,,
ChangeDistiller,798,555,208,198,97,295,0,0,1147,4,0,,,,0.5,6,0.2,0.899,,,,
ChangeDistiller,344,298,51,41,102,150,0,0,967,4,0,,,,0.5,2,0.4,0.1,,,,
ChangeDistiller,301,275,36,26,102,137,0,0,694,4,0,,,,0.5,4,0.4,0.1,,,,
ChangeDistiller,298,274,34,24,102,138,0,0,1130,4,0,,,,0.5,6,0.4,0.1,,,,
ChangeDistiller,336,286,52,42,98,144,0,0,830,4,0,,,,0.5,2,0.4,0.3,,,,
ChangeDistiller,314,274,44,34,98,138,0,0,1039,4,0,,,,0.5,4,0.4,0.3,,,,
ChangeDistiller,311,273,43,33,98,137,0,0,1148,4,0,,,,0.5,6,0.4,0.3,,,,
ChangeDistiller,340,284,55,45,96,144,0,0,1024,4,0,,,,0.5,2,0.4,0.5,,,,
ChangeDistiller,342,282,56,46,96,144,0,0,918,4,0,,,,0.5,4,0.4,0.5,,,,
ChangeDistiller,347,281,58,48,96,145,0,0,821,4,0,,,,0.5,6,0.4,0.5,,,,
ChangeDistiller,497,395,113,103,96,185,0,0,1079,4,0,,,,0.5,2,0.4,0.7,,,,
ChangeDistiller,603,445,146,136,96,225,0,0,1131,4,0,,,,0.5,4,0.4,0.7,,,,
ChangeDistiller,643,446,161,151,96,235,0,0,711,4,0,,,,0.5,6,0.4,0.7,,,,
ChangeDistiller,497,395,113,103,96,185,0,0,792,4,0,,,,0.5,2,0.4,0.899,,,,
ChangeDistiller,703,503,177,167,97,262,0,0,1312,4,0,,,,0.5,4,0.4,0.899,,,,
ChangeDistiller,815,534,219,209,95,292,0,0,1130,4,0,,,,0.5,6,0.4,0.899,,,,
ChangeDistiller,434,341,79,69,102,184,0,0,1173,4,0,,,,0.5,2,0.6,0.1,,,,
ChangeDistiller,345,295,49,39,102,155,0,0,1380,4,0,,,,0.5,4,0.6,0.1,,,,
ChangeDistiller,324,283,42,32,102,148,0,0,802,4,0,,,,0.5,6,0.6,0.1,,,,
ChangeDistiller,424,323,80,70,98,176,0,0,1040,4,0,,,,0.5,2,0.6,0.3,,,,
ChangeDistiller,360,291,57,47,98,158,0,0,808,4,0,,,,0.5,4,0.6,0.3,,,,
ChangeDistiller,344,285,52,42,98,152,0,0,1130,4,0,,,,0.5,6,0.6,0.3,,,,
ChangeDistiller,427,316,83,73,96,175,0,0,826,4,0,,,,0.5,2,0.6,0.5,,,,
ChangeDistiller,381,290,67,57,96,161,0,0,1080,4,0,,,,0.5,4,0.6,0.5,,,,
ChangeDistiller,370,283,64,54,96,156,0,0,721,4,0,,,,0.5,6,0.6,0.5,,,,
ChangeDistiller,598,415,144,134,96,224,0,0,1241,4,0,,,,0.5,2,0.6,0.7,,,,
ChangeDistiller,680,440,169,159,96,256,0,0,1028,4,0,,,,0.5,4,0.6,0.7,,,,
ChangeDistiller,683,441,170,160,96,257,0,0,1362,4,0,,,,0.5,6,0.6,0.7,,,,
ChangeDistiller,598,415,144,134,96,224,0,0,936,4,0,,,,0.5,2,0.6,0.899,,,,
ChangeDistiller,773,491,200,190,95,288,0,0,1269,4,0,,,,0.5,4,0.6,0.899,,,,
ChangeDistiller,883,511,237,227,95,324,0,0,836,4,0,,,,0.5,6,0.6,0.899,,,,
ChangeDistiller,736,461,167,157,101,311,0,0,991,4,0,,,,0.5,2,0.8,0.1,,,,
ChangeDistiller,498,376,89,79,104,226,0,0,1042,4,0,,,,0.5,4,0.8,0.1,,,,
ChangeDistiller,361,302,52,42,102,165,0,0,1065,4,0,,,,0.5,6,0.8,0.1,,,,
ChangeDistiller,734,448,170,160,97,307,0,0,980,4,0,,,,0.5,2,0.8,0.3,,,,
ChangeDistiller,490,354,93,83,98,216,0,0,1244,4,0,,,,0.5,4,0.8,0.3,,,,
ChangeDistiller,376,292,62,52,98,164,0,0,1530,4,0,,,,0.5,6,0.8,0.3,,,,
ChangeDistiller,735,441,172,162,95,306,0,0,849,4,0,,,,0.5,2,0.8,0.5,,,,
ChangeDistiller,506,346,102,92,96,216,0,0,1357,4,0,,,,0.5,4,0.8,0.5,,,,
ChangeDistiller,408,292,75,65,96,172,0,0,966,4,0,,,,0.5,6,0.8,0.5,,,,
ChangeDistiller,894,450,235,215,95,349,0,0,1364,4,0,,,,0.5,2,0.8,0.7,,,,
ChangeDistiller,823,439,210,184,96,333,0,0,1244,4,0,,,,0.5,4,0.8,0.7,,,,
ChangeDistiller,780,436,194,163,96,327,0,0,1144,4,0,,,,0.5,6,0.8,0.7,,,,
ChangeDistiller,894,450,235,215,95,349,0,0,999,4,0,,,,0.5,2,0.8,0.899,,,,
ChangeDistiller,947,463,253,236,95,363,0,0,785,4,0,,,,0.5,4,0.8,0.899,,,,
ChangeDistiller,963,471,258,240,95,370,0,0,826,4,0,,,,0.5,6,0.8,0.899,,,,
ChangeDistiller,876,482,208,192,101,375,0,0,22616,4,0,,,,0.5,2,1.0,0.1,,,,
ChangeDistiller,686,445,135,116,104,331,0,0,22741,4,0,,,,0.5,4,1.0,0.1,,,,
ChangeDistiller,537,403,85,64,102,286,0,0,22439,4,0,,,,0.5,6,1.0,0.1,,,,
ChangeDistiller,878,473,211,198,97,372,0,0,22597,4,0,,,,0.5,2,1.0,0.3,,,,
ChangeDistiller,691,429,142,127,98,324,0,0,22647,4,0,,,,0.5,4,1.0,0.3,,,,
ChangeDistiller,554,392,95,77,98,284,0,0,22602,4,0,,,,0.5,6,1.0,0.3,,,,
ChangeDistiller,885,469,214,204,95,372,0,0,22643,4,0,,,,0.5,2,1.0,0.5,,,,
ChangeDistiller,712,424,151,141,96,324,0,0,22506,4,0,,,,0.5,4,1.0,0.5,,,,
ChangeDistiller,582,388,107,93,96,286,0,0,22923,4,0,,,,0.5,6,1.0,0.5,,,,
ChangeDistiller,983,471,262,252,95,374,0,0,22586,4,0,,,,0.5,2,1.0,0.7,,,,
ChangeDistiller,913,457,236,224,96,357,0,0,1309,4,0,,,,0.5,4,1.0,0.7,,,,
ChangeDistiller,829,445,206,186,96,341,0,0,763,4,0,,,,0.5,6,1.0,0.7,,,,
ChangeDistiller,983,471,262,252,95,374,0,0,968,4,0,,,,0.5,2,1.0,0.899,,,,
ChangeDistiller,983,471,262,252,95,374,0,0,714,4,0,,,,0.5,4,1.0,0.899,,,,
ChangeDistiller,983,471,262,252,95,374,0,0,912,4,0,,,,0.5,6,1.0,0.899,,,,
ChangeDistiller,154,142,24,14,38,78,0,0,567,4,0,,,,0.7,2,0.2,0.1,,,,
ChangeDistiller,154,142,24,14,38,78,0,0,660,4,0,,,,0.7,4,0.2,0.1,,,,
ChangeDistiller,150,140,22,12,38,78,0,0,738,4,0,,,,0.7,6,0.2,0.1,,,,
ChangeDistiller,151,138,24,14,38,75,0,0,602,4,0,,,,0.7,2,0.2,0.3,,,,
ChangeDistiller,151,138,24,14,38,75,0,0,1034,4,0,,,,0.7,4,0.2,0.3,,,,
ChangeDistiller,149,136,24,14,38,73,0,0,621,4,0,,,,0.7,6,0.2,0.3,,,,
ChangeDistiller,154,139,25,15,38,76,0,0,680,4,0,,,,0.7,2,0.2,0.5,,,,
ChangeDistiller,159,142,27,17,38,77,0,0,478,4,0,,,,0.7,4,0.2,0.5,,,,
ChangeDistiller,157,140,27,17,38,75,0,0,624,4,0,,,,0.7,6,0.2,0.5,,,,
ChangeDistiller,216,197,46,36,38,96,0,0,916,4,0,,,,0.7,2,0.2,0.7,,,,
ChangeDistiller,327,264,76,66,40,145,0,0,761,4,0,,,,0.7,4,0.2,0.7,,,,
ChangeDistiller,334,256,82,72,39,141,0,0,830,4,0,,,,0.7,6,0.2,0.7,,,,
ChangeDistiller,221,202,47,37,39,98,0,0,851,4,0,,,,0.7,2,0.2,0.899,,,,
ChangeDistiller,405,330,92,82,44,187,0,0,614,4,0,,,,0.7,4,0.2,0.899,,,,
ChangeDistiller,464,338,119,109,40,196,0,0,589,4,0,,,,0.7,6,0.2,0.899,,,,
ChangeDistiller,165,147,28,18,39,80,0,0,510,4,0,,,,0.7,2,0.4,0.1,,,,
ChangeDistiller,158,142,26,16,38,78,0,0,621,4,0,,,,0.7,4,0.4,0.1,,,,
ChangeDistiller,155,141,24,14,38,79,0,0,724,4,0,,,,0.7,6,0.4,0.1,,,,
ChangeDistiller,160,141,28,18,38,76,0,0,922,4,0,,,,0.7,2,0.4,0.3,,,,
ChangeDistiller,155,138,26,16,38,75,0,0,934,4,0,,,,0.7,4,0.4,0.3,,,,
ChangeDistiller,155,138,26,16,38,75,0,0,576,4,0,,,,0.7,6,0.4,0.3,,,,
ChangeDistiller,163,142,29,19,38,77,0,0,799,4,0,,,,0.7,2,0.4,0.5,,,,
ChangeDistiller,163,142,29,19,38,77,0,0,844,4,0,,,,0.7,4,0.4,0.5,,,,
ChangeDistiller,163,142,29,19,38,77,0,0,1003,4,0,,,,0.7,6,0.4,0.5,,,,
ChangeDistiller,229,198,52,42,38,97,0,0,487,4,0,,,,0.7,2,0.4,0.7,,,,
ChangeDistiller,316,248,78,68,38,132,0,0,623,4,0,,,,0.7,4,0.4,0.7,,,,
ChangeDistiller,338,245,87,77,38,136,0,0,757,4,0,,,,0.7,6,0.4,0.7,,,,
ChangeDistiller,232,201,53,43,38,98,0,0,653,4,0,,,,0.7,2,0.4,0.899,,,,
ChangeDistiller,392,298,98,88,40,166,0,0,739,4,0,,,,0.7,4,0.4,0.899,,,,
ChangeDistiller,461,315,125,115,37,184,0,0,709,4,0,,,,0.7,6,0.4,0.899,,,,
ChangeDistiller,198,164,38,28,39,93,0,0,1051,4,0,,,,0.7,2,0.6,0.1,,,,
ChangeDistiller,167,147,28,18,38,83,0,0,923,4,0,,,,0.7,4,0.6,0.1,,,,
ChangeDistiller,163,144,26,16,38,83,0,0,735,4,0,,,,0.7,6,0.6,0.1,,,,
ChangeDistiller,193,157,38,28,38,89,0,0,884,4,0,,,,0.7,2,0.6,0.3,,,,
ChangeDistiller,164,142,28,18,38,80,0,0,680,4,0,,,,0.7,4,0.6,0.3,,,,
ChangeDistiller,164,142,28,18,38,80,0,0,600,4,0,,,,0.7,6,0.6,0.3,,,,
ChangeDistiller,195,155,39,29,38,89,0,0,710,4,0,,,,0.7,2,0.6,0.5,,,,
ChangeDistiller,171,143,31,21,38,81,0,0,904,4,0,,,,0.7,4,0.6,0.5,,,,
ChangeDistiller,171,143,31,21,38,81,0,0,536,4,0,,,,0.7,6,0.6,0.5,,,,
ChangeDistiller,272,203,67,57,38,110,0,0,875,4,0,,,,0.7,2,0.6,0.7,,,,
ChangeDistiller,349,237,90,80,38,141,0,0,568,4,0,,,,0.7,4,0.6,0.7,,,,
ChangeDistiller,355,239,92,82,38,143,0,0,515,4,0,,,,0.7,6,0.6,0.7,,,,
ChangeDistiller,278,205,69,59,38,112,0,0,631,4,0,,,,0.7,2,0.6,0.899,,,,
ChangeDistiller,413,271,108,98,37,170,0,0,958,4,0,,,,0.7,4,0.6,0.899,,,,
ChangeDistiller,485,299,132,122,37,194,0,0,829,4,0,,,,0.7,6,0.6,0.899,,,,
ChangeDistiller,405,253,98,88,39,180,0,0,632,4,0,,,,0.7,2,0.8,0.1,,,,
ChangeDistiller,222,170,44,34,40,104,0,0,1081,4,0,,,,0.7,4,0.8,0.1,,,,
ChangeDistiller,183,153,32,22,38,91,0,0,567,4,0,,,,0.7,6,0.8,0.1,,,,
ChangeDistiller,402,244,99,89,37,177,0,0,833,4,0,,,,0.7,2,0.8,0.3,,,,
ChangeDistiller,217,163,45,35,38,99,0,0,651,4,0,,,,0.7,4,0.8,0.3,,,,
ChangeDistiller,184,144,34,24,38,88,0,0,560,4,0,,,,0.7,6,0.8,0.3,,,,
ChangeDistiller,404,242,100,90,37,177,0,0,907,4,0,,,,0.7,2,0.8,0.5,,,,
ChangeDistiller,223,161,48,38,38,99,0,0,746,4,0,,,,0.7,4,0.8,0.5,,,,
ChangeDistiller,190,142,37,27,38,88,0,0,558,4,0,,,,0.7,6,0.8,0.5,,,,
ChangeDistiller,471,271,126,116,37,192,0,0,889,4,0,,,,0.7,2,0.8,0.7,,,,
ChangeDistiller,446,262,117,107,38,184,0,0,833,4,0,,,,0.7,4,0.8,0.7,,,,
ChangeDistiller,417,255,106,96,38,177,0,0,993,4,0,,,,0.7,6,0.8,0.7,,,,
ChangeDistiller,473,271,127,117,37,192,0,0,615,4,0,,,,0.7,2,0.8,0.899,,,,
ChangeDistiller,534,298,146,136,37,215,0,0,618,4,0,,,,0.7,4,0.8,0.899,,,,
ChangeDistiller,569,315,154,144,37,234,0,0,651,4,0,,,,0.7,6,0.8,0.899,,,,
ChangeDistiller,578,319,139,125,39,275,0,0,789,4,0,,,,0.7,2,1.0,0.1,,,,
ChangeDistiller,454,289,94,79,41,240,0,0,512,4,0,,,,0.7,4,1.0,0.1,,,,
ChangeDistiller,357,254,64,49,38,206,0,0,597,4,0,,,,0.7,6,1.0,0.1,,,,
ChangeDistiller,579,315,140,128,37,274,0,0,984,4,0,,,,0.7,2,1.0,0.3,,,,
ChangeDistiller,445,275,95,82,38,230,0,0,1037,4,0,,,,0.7,4,1.0,0.3,,,,
ChangeDistiller,366,250,68,55,38,205,0,0,671,4,0,,,,0.7,6,1.0,0.3,,,,
ChangeDistiller,582,314,141,130,37,274,0,0,490,4,0,,,,0.7,2,1.0,0.5,,,,
ChangeDistiller,452,274,98,86,38,230,0,0,742,4,0,,,,0.7,4,1.0,0.5,,,,
ChangeDistiller,373,249,71,59,38,205,0,0,897,4,0,,,,0.7,6,1.0,0.5,,,,
ChangeDistiller,625,313,162,152,37,274,0,0,874,4,0,,,,0.7,2,1.0,0.7,,,,
ChangeDistiller,579,297,147,137,38,257,0,0,577,4,0,,,,0.7,4,1.0,0.7,,,,
ChangeDistiller,517,284,126,112,38,241,0,0,590,4,0,,,,0.7,6,1.0,0.7,,,,
ChangeDistiller,627,313,163,153,37,274,0,0,2329,4,0,,,,0.7,2,1.0,0.899,,,,
ChangeDistiller,627,313,163,153,37,274,0,0,496,4,0,,,,0.7,4,1.0,0.899,,,,
ChangeDistiller,627,313,163,153,37,274,0,0,2133,4,0,,,,0.7,6,1.0,0.899,,,,
ChangeDistiller,71,62,17,7,2,45,0,0,1953,4,0,,,,0.899,2,0.2,0.1,,,,
ChangeDistiller,71,62,17,7,2,45,0,0,1921,4,0,,,,0.899,4,0.2,0.1,,,,
ChangeDistiller,67,60,15,5,2,45,0,0,1837,4,0,,,,0.899,6,0.2,0.1,,,,
ChangeDistiller,66,57,17,7,2,40,0,0,1860,4,0,,,,0.899,2,0.2,0.3,,,,
ChangeDistiller,66,57,17,7,2,40,0,0,1880,4,0,,,,0.899,4,0.2,0.3,,,,
ChangeDistiller,66,57,17,7,2,40,0,0,1858,4,0,,,,0.899,6,0.2,0.3,,,,
ChangeDistiller,66,57,17,7,2,40,0,0,1875,4,0,,,,0.899,2,0.2,0.5,,,,
ChangeDistiller,66,57,17,7,2,40,0,0,1851,4,0,,,,0.899,4,0.2,0.5,,,,
ChangeDistiller,64,55,17,7,2,38,0,0,380,4,0,,,,0.899,6,0.2,0.5,,,,
ChangeDistiller,119,106,35,25,2,57,0,0,384,4,0,,,,0.899,2,0.2,0.7,,,,
ChangeDistiller,186,142,53,43,3,87,0,0,322,4,0,,,,0.899,4,0.2,0.7,,,,
ChangeDistiller,187,138,55,45,3,84,0,0,646,4,0,,,,0.899,6,0.2,0.7,,,,
ChangeDistiller,119,106,35,25,2,57,0,0,381,4,0,,,,0.899,2,0.2,0.899,,,,
ChangeDistiller,200,155,56,46,3,95,0,0,375,4,0,,,,0.899,4,0.2,0.899,,,,
ChangeDistiller,222,158,65,55,3,99,0,0,437,4,0,,,,0.899,6,0.2,0.899,,,,
ChangeDistiller,72,61,18,8,2,44,0,0,383,4,0,,,,0.899,2,0.4,0.1,,,,
ChangeDistiller,72,61,18,8,2,44,0,0,385,4,0,,,,0.899,4,0.4,0.1,,,,
ChangeDistiller,69,60,16,6,2,45,0,0,383,4,0,,,,0.899,6,0.4,0.1,,,,
ChangeDistiller,67,56,18,8,2,39,0,0,572,4,0,,,,0.899,2,0.4,0.3,,,,
ChangeDistiller,67,56,18,8,2,39,0,0,381,4,0,,,,0.899,4,0.4,0.3,,,,
ChangeDistiller,68,57,18,8,2,40,0,0,397,4,0,,,,0.899,6,0.4,0.3,,,,
ChangeDistiller,67,56,18,8,2,39,0,0,592,4,0,,,,0.899,2,0.4,0.5,,,,
ChangeDistiller,67,56,18,8,2,39,0,0,380,4,0,,,,0.899,4,0.4,0.5,,,,
ChangeDistiller,67,56,18,8,2,39,0,0,559,4,0,,,,0.899,6,0.4,0.5,,,,
ChangeDistiller,125,104,38,28,2,57,0,0,475,4,0,,,,0.899,2,0.4,0.7,,,,
ChangeDistiller,180,131,55,45,2,78,0,0,580,4,0,,,,0.899,4,0.4,0.7,,,,
ChangeDistiller,186,133,57,47,2,80,0,0,458,4,0,,,,0.899,6,0.4,0.7,,,,
ChangeDistiller,125,104,38,28,2,57,0,0,639,4,0,,,,0.899,2,0.4,0.899,,,,
ChangeDistiller,194,144,58,48,2,86,0,0,494,4,0,,,,0.899,4,0.4,0.899,,,,
ChangeDistiller,221,153,67,57,2,95,0,0,474,4,0,,,,0.899,6,0.4,0.899,,,,
ChangeDistiller,77,63,20,10,2,45,0,0,539,4,0,,,,0.899,2,0.6,0.1,,,,
ChangeDistiller,75,62,19,9,2,45,0,0,621,4,0,,,,0.899,4,0.6,0.1,,,,
ChangeDistiller,72,61,17,7,2,46,0,0,507,4,0,,,,0.899,6,0.6,0.1,,,,
ChangeDistiller,70,57,19,9,2,40,0,0,377,4,0,,,,0.899,2,0.6,0.3,,,,
ChangeDistiller,70,57,19,9,2,40,0,0,587,4,0,,,,0.899,4,0.6,0.3,,,,
ChangeDistiller,71,58,19,9,2,41,0,0,665,4,0,,,,0.899,6,0.6,0.3,,,,
ChangeDistiller,70,57,19,9,2,40,0,0,532,4,0,,,,0.899,2,0.6,0.5,,,,
ChangeDistiller,70,57,19,9,2,40,0,0,510,4,0,,,,0.899,4,0.6,0.5,,,,
ChangeDistiller,70,57,19,9,2,40,0,0,380,4,0,,,,0.899,6,0.6,0.5,,,,
ChangeDistiller,141,104,44,34,2,61,0,0,389,4,0,,,,0.899,2,0.6,0.7,,,,
ChangeDistiller,182,128,56,46,2,78,0,0,460,4,0,,,,0.899,4,0.6,0.7,,,,
ChangeDistiller,188,130,58,48,2,80,0,0,641,4,0,,,,0.899,6,0.6,0.7,,,,
ChangeDistiller,141,104,44,34,2,61,0,0,419,4,0,,,,0.899,2,0.6,0.899,,,,
ChangeDistiller,196,141,59,49,2,86,0,0,477,4,0,,,,0.899,4,0.6,0.899,,,,
ChangeDistiller,228,144,71,61,2,94,0,0,386,4,0,,,,0.899,6,0.6,0.899,,,,
ChangeDistiller,207,123,58,48,2,99,0,0,453,4,0,,,,0.899,2,0.8,0.1,,,,
ChangeDistiller,85,56,24,14,2,45,0,0,381,4,0,,,,0.899,4,0.8,0.1,,,,
ChangeDistiller,79,57,21,11,2,45,0,0,309,4,0,,,,0.899,6,0.8,0.1,,,,
ChangeDistiller,205,121,58,48,2,97,0,0,384,4,0,,,,0.899,2,0.8,0.3,,,,
ChangeDistiller,82,53,24,14,2,42,0,0,672,4,0,,,,0.899,4,0.8,0.3,,,,
ChangeDistiller,80,56,23,13,2,42,0,0,382,4,0,,,,0.899,6,0.8,0.3,,,,
ChangeDistiller,205,121,58,48,2,97,0,0,402,4,0,,,,0.899,2,0.8,0.5,,,,
ChangeDistiller,82,53,24,14,2,42,0,0,323,4,0,,,,0.899,4,0.8,0.5,,,,
ChangeDistiller,82,53,24,14,2,42,0,0,504,4,0,,,,0.899,6,0.8,0.5,,,,
ChangeDistiller,268,148,82,72,2,112,0,0,390,4,0,,,,0.899,2,0.8,0.7,,,,
ChangeDistiller,253,140,78,68,2,105,0,0,380,4,0,,,,0.899,4,0.8,0.7,,,,
ChangeDistiller,242,139,74,64,2,102,0,0,388,4,0,,,,0.899,6,0.8,0.7,,,,
ChangeDistiller,268,148,82,72,2,112,0,0,617,4,0,,,,0.899,2,0.8,0.899,,,,
ChangeDistiller,275,153,84,74,2,115,0,0,387,4,0,,,,0.899,4,0.8,0.899,,,,
ChangeDistiller,282,152,86,76,2,118,0,0,387,4,0,,,,0.899,6,0.8,0.899,,,,
ChangeDistiller,359,203,85,74,2,198,0,0,458,4,0,,,,0.899,2,1.0,0.1,,,,
ChangeDistiller,297,185,64,53,3,177,0,0,507,4,0,,,,0.899,4,1.0,0.1,,,,
ChangeDistiller,261,176,52,41,2,166,0,0,437,4,0,,,,0.899,6,1.0,0.1,,,,
ChangeDistiller,357,201,85,74,2,196,0,0,382,4,0,,,,0.899,2,1.0,0.3,,,,
ChangeDistiller,291,179,64,53,2,172,0,0,381,4,0,,,,0.899,4,1.0,0.3,,,,
ChangeDistiller,262,173,54,43,2,163,0,0,713,4,0,,,,0.899,6,1.0,0.3,,,,
ChangeDistiller,357,201,85,74,2,196,0,0,388,4,0,,,,0.899,2,1.0,0.5,,,,
ChangeDistiller,291,179,64,53,2,172,0,0,613,4,0,,,,0.899,4,1.0,0.5,,,,
ChangeDistiller,264,170,55,44,2,163,0,0,380,4,0,,,,0.899,6,1.0,0.5,,,,
ChangeDistiller,394,200,103,93,2,196,0,0,436,4,0,,,,0.899,2,1.0,0.7,,,,
ChangeDistiller,383,196,100,90,2,191,0,0,387,4,0,,,,0.899,4,1.0,0.7,,,,
ChangeDistiller,360,197,93,77,2,188,0,0,366,4,0,,,,0.899,6,1.0,0.7,,,,
ChangeDistiller,394,200,103,93,2,196,0,0,467,4,0,,,,0.899,2,1.0,0.899,,,,
ChangeDistiller,394,200,103,93,2,196,0,0,470,4,0,,,,0.899,4,1.0,0.899,,,,
ChangeDistiller,394,200,103,93,2,196,0,0,484,4,0,,,,0.899,6,1.0,0.899,,,,
