MATCHER,NRACTIONS,NRROOTS,NR_INSERT,NR_DELETE,NR_UPDATE,NR_MOVE,NR_TREEINSERT,NR_TREEDELETE,TIME,NROPTIONS,TIMEOUT,GT_BUM_SMT,GT_BUM_SMT_SBUP,GT_BUM_SZT,GT_CD_LSIM,GT_CD_ML,GT_CD_SSIM1,GT_CD_SSIM2,GT_STM_MH,GT_XYM_SIM,GUMTREE_MATCH_GT_MINH,
SimpleGumtree,25,10,19,2,0,4,0,0,4,2,0,,0.3,,,,,,1,,,
SimpleGumtree,25,10,19,2,0,4,0,0,3,2,0,,0.5,,,,,,1,,,
SimpleGumtree,25,10,19,2,0,4,0,0,3,2,0,,0.7,,,,,,1,,,
SimpleGumtree,25,10,19,2,0,4,0,0,2,2,0,,0.899,,,,,,1,,,
SimpleGumtree,28,9,21,4,0,3,0,0,2,2,0,,0.3,,,,,,2,,,
SimpleGumtree,28,9,21,4,0,3,0,0,3,2,0,,0.5,,,,,,2,,,
SimpleGumtree,28,9,21,4,0,3,0,0,3,2,0,,0.7,,,,,,2,,,
SimpleGumtree,28,9,21,4,0,3,0,0,4,2,0,,0.899,,,,,,2,,,
SimpleGumtree,49,9,33,16,0,0,0,0,2,2,0,,0.1,,,,,,3,,,
SimpleGumtree,49,9,33,16,0,0,0,0,2,2,0,,0.3,,,,,,3,,,
SimpleGumtree,49,9,33,16,0,0,0,0,2,2,0,,0.5,,,,,,3,,,
SimpleGumtree,49,9,33,16,0,0,0,0,2,2,0,,0.7,,,,,,3,,,
SimpleGumtree,49,9,33,16,0,0,0,0,3,2,0,,0.899,,,,,,3,,,
SimpleGumtree,49,9,33,16,0,0,0,0,3,2,0,,0.1,,,,,,4,,,
SimpleGumtree,49,9,33,16,0,0,0,0,3,2,0,,0.3,,,,,,4,,,
SimpleGumtree,49,9,33,16,0,0,0,0,4,2,0,,0.5,,,,,,4,,,
SimpleGumtree,49,9,33,16,0,0,0,0,4,2,0,,0.7,,,,,,4,,,
SimpleGumtree,49,9,33,16,0,0,0,0,3,2,0,,0.899,,,,,,4,,,
SimpleGumtree,175,2,96,79,0,0,0,0,2,2,0,,0.1,,,,,,5,,,
SimpleGumtree,175,2,96,79,0,0,0,0,3,2,0,,0.3,,,,,,5,,,
SimpleGumtree,175,2,96,79,0,0,0,0,3,2,0,,0.5,,,,,,5,,,
SimpleGumtree,175,2,96,79,0,0,0,0,3,2,0,,0.7,,,,,,5,,,
SimpleGumtree,175,2,96,79,0,0,0,0,2,2,0,,0.899,,,,,,5,,,
ClassicGumtree,26,13,19,2,0,5,0,0,14,3,0,0.1,,100,,,,,1,,,
ClassicGumtree,26,13,19,2,0,5,0,0,14,3,0,0.1,,200,,,,,1,,,
ClassicGumtree,26,13,19,2,0,5,0,0,8,3,0,0.1,,300,,,,,1,,,
ClassicGumtree,26,13,19,2,0,5,0,0,14,3,0,0.1,,400,,,,,1,,,
ClassicGumtree,24,11,18,1,0,5,0,0,282,3,0,0.1,,500,,,,,1,,,
ClassicGumtree,24,11,18,1,0,5,0,0,156,3,0,0.1,,600,,,,,1,,,
ClassicGumtree,24,11,18,1,0,5,0,0,156,3,0,0.1,,700,,,,,1,,,
ClassicGumtree,24,11,18,1,0,5,0,0,906,3,0,0.1,,800,,,,,1,,,
ClassicGumtree,24,11,18,1,0,5,0,0,1055,3,0,0.1,,900,,,,,1,,,
ClassicGumtree,24,11,18,1,0,5,0,0,800,3,0,0.1,,1000,,,,,1,,,
ClassicGumtree,24,11,18,1,0,5,0,0,904,3,0,0.1,,1100,,,,,1,,,
ClassicGumtree,24,11,18,1,0,5,0,0,926,3,0,0.1,,1200,,,,,1,,,
ClassicGumtree,24,11,18,1,0,5,0,0,889,3,0,0.1,,1300,,,,,1,,,
ClassicGumtree,24,11,18,1,0,5,0,0,931,3,0,0.1,,1400,,,,,1,,,
ClassicGumtree,24,11,18,1,0,5,0,0,907,3,0,0.1,,1500,,,,,1,,,
ClassicGumtree,24,11,18,1,0,5,0,0,886,3,0,0.1,,1600,,,,,1,,,
ClassicGumtree,24,11,18,1,0,5,0,0,903,3,0,0.1,,1700,,,,,1,,,
ClassicGumtree,24,11,18,1,0,5,0,0,845,3,0,0.1,,1800,,,,,1,,,
ClassicGumtree,24,11,18,1,0,5,0,0,827,3,0,0.1,,1900,,,,,1,,,
ClassicGumtree,24,11,18,1,0,5,0,0,839,3,0,0.1,,2000,,,,,1,,,
ClassicGumtree,90,37,51,34,0,5,0,0,7,3,0,0.1,,100,,,,,2,,,
ClassicGumtree,90,37,51,34,0,5,0,0,8,3,0,0.1,,200,,,,,2,,,
ClassicGumtree,90,37,51,34,0,5,0,0,7,3,0,0.1,,300,,,,,2,,,
ClassicGumtree,90,37,51,34,0,5,0,0,8,3,0,0.1,,400,,,,,2,,,
ClassicGumtree,28,13,20,3,0,5,0,0,140,3,0,0.1,,500,,,,,2,,,
ClassicGumtree,28,13,20,3,0,5,0,0,145,3,0,0.1,,600,,,,,2,,,
ClassicGumtree,28,13,20,3,0,5,0,0,147,3,0,0.1,,700,,,,,2,,,
ClassicGumtree,24,11,18,1,0,5,0,0,832,3,0,0.1,,800,,,,,2,,,
ClassicGumtree,24,11,18,1,0,5,0,0,850,3,0,0.1,,900,,,,,2,,,
ClassicGumtree,24,11,18,1,0,5,0,0,852,3,0,0.1,,1000,,,,,2,,,
ClassicGumtree,24,11,18,1,0,5,0,0,833,3,0,0.1,,1100,,,,,2,,,
ClassicGumtree,24,11,18,1,0,5,0,0,833,3,0,0.1,,1200,,,,,2,,,
ClassicGumtree,24,11,18,1,0,5,0,0,844,3,0,0.1,,1300,,,,,2,,,
ClassicGumtree,24,11,18,1,0,5,0,0,836,3,0,0.1,,1400,,,,,2,,,
ClassicGumtree,24,11,18,1,0,5,0,0,832,3,0,0.1,,1500,,,,,2,,,
ClassicGumtree,24,11,18,1,0,5,0,0,833,3,0,0.1,,1600,,,,,2,,,
ClassicGumtree,24,11,18,1,0,5,0,0,837,3,0,0.1,,1700,,,,,2,,,
ClassicGumtree,24,11,18,1,0,5,0,0,832,3,0,0.1,,1800,,,,,2,,,
ClassicGumtree,24,11,18,1,0,5,0,0,836,3,0,0.1,,1900,,,,,2,,,
ClassicGumtree,24,11,18,1,0,5,0,0,832,3,0,0.1,,2000,,,,,2,,,
ClassicGumtree,214,63,113,96,0,5,0,0,8,3,0,0.1,,100,,,,,3,,,
ClassicGumtree,214,63,113,96,0,5,0,0,7,3,0,0.1,,200,,,,,3,,,
ClassicGumtree,214,63,113,96,0,5,0,0,7,3,0,0.1,,300,,,,,3,,,
ClassicGumtree,214,63,113,96,0,5,0,0,8,3,0,0.1,,400,,,,,3,,,
ClassicGumtree,98,25,55,38,0,5,0,0,144,3,0,0.1,,500,,,,,3,,,
ClassicGumtree,98,25,55,38,0,5,0,0,142,3,0,0.1,,600,,,,,3,,,
ClassicGumtree,98,25,55,38,0,5,0,0,144,3,0,0.1,,700,,,,,3,,,
ClassicGumtree,24,11,18,1,0,5,0,0,839,3,0,0.1,,800,,,,,3,,,
ClassicGumtree,24,11,18,1,0,5,0,0,835,3,0,0.1,,900,,,,,3,,,
ClassicGumtree,24,11,18,1,0,5,0,0,831,3,0,0.1,,1000,,,,,3,,,
ClassicGumtree,24,11,18,1,0,5,0,0,837,3,0,0.1,,1100,,,,,3,,,
ClassicGumtree,24,11,18,1,0,5,0,0,833,3,0,0.1,,1200,,,,,3,,,
ClassicGumtree,24,11,18,1,0,5,0,0,833,3,0,0.1,,1300,,,,,3,,,
ClassicGumtree,24,11,18,1,0,5,0,0,838,3,0,0.1,,1400,,,,,3,,,
ClassicGumtree,24,11,18,1,0,5,0,0,833,3,0,0.1,,1500,,,,,3,,,
ClassicGumtree,24,11,18,1,0,5,0,0,836,3,0,0.1,,1600,,,,,3,,,
ClassicGumtree,24,11,18,1,0,5,0,0,832,3,0,0.1,,1700,,,,,3,,,
ClassicGumtree,24,11,18,1,0,5,0,0,837,3,0,0.1,,1800,,,,,3,,,
ClassicGumtree,24,11,18,1,0,5,0,0,832,3,0,0.1,,1900,,,,,3,,,
ClassicGumtree,24,11,18,1,0,5,0,0,837,3,0,0.1,,2000,,,,,3,,,
ClassicGumtree,352,75,182,165,0,5,0,0,7,3,0,0.1,,100,,,,,4,,,
ClassicGumtree,352,75,182,165,0,5,0,0,7,3,0,0.1,,200,,,,,4,,,
ClassicGumtree,352,75,182,165,0,5,0,0,7,3,0,0.1,,300,,,,,4,,,
ClassicGumtree,352,75,182,165,0,5,0,0,8,3,0,0.1,,400,,,,,4,,,
ClassicGumtree,192,31,102,85,0,5,0,0,143,3,0,0.1,,500,,,,,4,,,
ClassicGumtree,192,31,102,85,0,5,0,0,144,3,0,0.1,,600,,,,,4,,,
ClassicGumtree,192,31,102,85,0,5,0,0,145,3,0,0.1,,700,,,,,4,,,
ClassicGumtree,24,11,18,1,0,5,0,0,859,3,0,0.1,,800,,,,,4,,,
ClassicGumtree,24,11,18,1,0,5,0,0,882,3,0,0.1,,900,,,,,4,,,
ClassicGumtree,24,11,18,1,0,5,0,0,859,3,0,0.1,,1000,,,,,4,,,
ClassicGumtree,24,11,18,1,0,5,0,0,861,3,0,0.1,,1100,,,,,4,,,
ClassicGumtree,24,11,18,1,0,5,0,0,862,3,0,0.1,,1200,,,,,4,,,
ClassicGumtree,24,11,18,1,0,5,0,0,866,3,0,0.1,,1300,,,,,4,,,
ClassicGumtree,24,11,18,1,0,5,0,0,870,3,0,0.1,,1400,,,,,4,,,
ClassicGumtree,24,11,18,1,0,5,0,0,883,3,0,0.1,,1500,,,,,4,,,
ClassicGumtree,24,11,18,1,0,5,0,0,860,3,0,0.1,,1600,,,,,4,,,
ClassicGumtree,24,11,18,1,0,5,0,0,861,3,0,0.1,,1700,,,,,4,,,
ClassicGumtree,24,11,18,1,0,5,0,0,831,3,0,0.1,,1800,,,,,4,,,
ClassicGumtree,24,11,18,1,0,5,0,0,834,3,0,0.1,,1900,,,,,4,,,
ClassicGumtree,24,11,18,1,0,5,0,0,836,3,0,0.1,,2000,,,,,4,,,
ClassicGumtree,581,70,299,282,0,0,0,0,1,3,0,0.1,,100,,,,,5,,,
ClassicGumtree,581,70,299,282,0,0,0,0,2,3,0,0.1,,200,,,,,5,,,
ClassicGumtree,581,70,299,282,0,0,0,0,2,3,0,0.1,,300,,,,,5,,,
ClassicGumtree,581,70,299,282,0,0,0,0,2,3,0,0.1,,400,,,,,5,,,
ClassicGumtree,248,33,130,113,0,5,0,0,137,3,0,0.1,,500,,,,,5,,,
ClassicGumtree,248,33,130,113,0,5,0,0,137,3,0,0.1,,600,,,,,5,,,
ClassicGumtree,248,33,130,113,0,5,0,0,138,3,0,0.1,,700,,,,,5,,,
ClassicGumtree,24,11,18,1,0,5,0,0,831,3,0,0.1,,800,,,,,5,,,
ClassicGumtree,24,11,18,1,0,5,0,0,831,3,0,0.1,,900,,,,,5,,,
ClassicGumtree,24,11,18,1,0,5,0,0,826,3,0,0.1,,1000,,,,,5,,,
ClassicGumtree,24,11,18,1,0,5,0,0,831,3,0,0.1,,1100,,,,,5,,,
ClassicGumtree,24,11,18,1,0,5,0,0,830,3,0,0.1,,1200,,,,,5,,,
ClassicGumtree,24,11,18,1,0,5,0,0,826,3,0,0.1,,1300,,,,,5,,,
ClassicGumtree,24,11,18,1,0,5,0,0,829,3,0,0.1,,1400,,,,,5,,,
ClassicGumtree,24,11,18,1,0,5,0,0,825,3,0,0.1,,1500,,,,,5,,,
ClassicGumtree,24,11,18,1,0,5,0,0,825,3,0,0.1,,1600,,,,,5,,,
ClassicGumtree,24,11,18,1,0,5,0,0,830,3,0,0.1,,1700,,,,,5,,,
ClassicGumtree,24,11,18,1,0,5,0,0,825,3,0,0.1,,1800,,,,,5,,,
ClassicGumtree,24,11,18,1,0,5,0,0,830,3,0,0.1,,1900,,,,,5,,,
ClassicGumtree,24,11,18,1,0,5,0,0,825,3,0,0.1,,2000,,,,,5,,,
ClassicGumtree,26,13,19,2,0,5,0,0,7,3,0,0.2,,100,,,,,1,,,
ClassicGumtree,26,13,19,2,0,5,0,0,8,3,0,0.2,,200,,,,,1,,,
ClassicGumtree,26,13,19,2,0,5,0,0,7,3,0,0.2,,300,,,,,1,,,
ClassicGumtree,26,13,19,2,0,5,0,0,7,3,0,0.2,,400,,,,,1,,,
ClassicGumtree,24,11,18,1,0,5,0,0,143,3,0,0.2,,500,,,,,1,,,
ClassicGumtree,24,11,18,1,0,5,0,0,143,3,0,0.2,,600,,,,,1,,,
ClassicGumtree,24,11,18,1,0,5,0,0,142,3,0,0.2,,700,,,,,1,,,
ClassicGumtree,24,11,18,1,0,5,0,0,836,3,0,0.2,,800,,,,,1,,,
ClassicGumtree,24,11,18,1,0,5,0,0,838,3,0,0.2,,900,,,,,1,,,
ClassicGumtree,24,11,18,1,0,5,0,0,837,3,0,0.2,,1000,,,,,1,,,
ClassicGumtree,24,11,18,1,0,5,0,0,831,3,0,0.2,,1100,,,,,1,,,
ClassicGumtree,24,11,18,1,0,5,0,0,833,3,0,0.2,,1200,,,,,1,,,
ClassicGumtree,24,11,18,1,0,5,0,0,829,3,0,0.2,,1300,,,,,1,,,
ClassicGumtree,24,11,18,1,0,5,0,0,839,3,0,0.2,,1400,,,,,1,,,
ClassicGumtree,24,11,18,1,0,5,0,0,829,3,0,0.2,,1500,,,,,1,,,
ClassicGumtree,24,11,18,1,0,5,0,0,837,3,0,0.2,,1600,,,,,1,,,
ClassicGumtree,24,11,18,1,0,5,0,0,830,3,0,0.2,,1700,,,,,1,,,
ClassicGumtree,24,11,18,1,0,5,0,0,837,3,0,0.2,,1800,,,,,1,,,
ClassicGumtree,24,11,18,1,0,5,0,0,861,3,0,0.2,,1900,,,,,1,,,
ClassicGumtree,24,11,18,1,0,5,0,0,851,3,0,0.2,,2000,,,,,1,,,
ClassicGumtree,90,37,51,34,0,5,0,0,7,3,0,0.2,,100,,,,,2,,,
ClassicGumtree,90,37,51,34,0,5,0,0,8,3,0,0.2,,200,,,,,2,,,
ClassicGumtree,90,37,51,34,0,5,0,0,7,3,0,0.2,,300,,,,,2,,,
ClassicGumtree,90,37,51,34,0,5,0,0,7,3,0,0.2,,400,,,,,2,,,
ClassicGumtree,28,13,20,3,0,5,0,0,143,3,0,0.2,,500,,,,,2,,,
ClassicGumtree,28,13,20,3,0,5,0,0,142,3,0,0.2,,600,,,,,2,,,
ClassicGumtree,28,13,20,3,0,5,0,0,142,3,0,0.2,,700,,,,,2,,,
ClassicGumtree,24,11,18,1,0,5,0,0,864,3,0,0.2,,800,,,,,2,,,
ClassicGumtree,24,11,18,1,0,5,0,0,866,3,0,0.2,,900,,,,,2,,,
ClassicGumtree,24,11,18,1,0,5,0,0,872,3,0,0.2,,1000,,,,,2,,,
ClassicGumtree,24,11,18,1,0,5,0,0,860,3,0,0.2,,1100,,,,,2,,,
ClassicGumtree,24,11,18,1,0,5,0,0,858,3,0,0.2,,1200,,,,,2,,,
ClassicGumtree,24,11,18,1,0,5,0,0,865,3,0,0.2,,1300,,,,,2,,,
ClassicGumtree,24,11,18,1,0,5,0,0,848,3,0,0.2,,1400,,,,,2,,,
ClassicGumtree,24,11,18,1,0,5,0,0,863,3,0,0.2,,1500,,,,,2,,,
ClassicGumtree,24,11,18,1,0,5,0,0,837,3,0,0.2,,1600,,,,,2,,,
ClassicGumtree,24,11,18,1,0,5,0,0,836,3,0,0.2,,1700,,,,,2,,,
ClassicGumtree,24,11,18,1,0,5,0,0,831,3,0,0.2,,1800,,,,,2,,,
ClassicGumtree,24,11,18,1,0,5,0,0,831,3,0,0.2,,1900,,,,,2,,,
ClassicGumtree,24,11,18,1,0,5,0,0,836,3,0,0.2,,2000,,,,,2,,,
ClassicGumtree,214,63,113,96,0,5,0,0,7,3,0,0.2,,100,,,,,3,,,
ClassicGumtree,214,63,113,96,0,5,0,0,7,3,0,0.2,,200,,,,,3,,,
ClassicGumtree,214,63,113,96,0,5,0,0,7,3,0,0.2,,300,,,,,3,,,
ClassicGumtree,214,63,113,96,0,5,0,0,8,3,0,0.2,,400,,,,,3,,,
ClassicGumtree,98,25,55,38,0,5,0,0,142,3,0,0.2,,500,,,,,3,,,
ClassicGumtree,98,25,55,38,0,5,0,0,143,3,0,0.2,,600,,,,,3,,,
ClassicGumtree,98,25,55,38,0,5,0,0,143,3,0,0.2,,700,,,,,3,,,
ClassicGumtree,24,11,18,1,0,5,0,0,831,3,0,0.2,,800,,,,,3,,,
ClassicGumtree,24,11,18,1,0,5,0,0,831,3,0,0.2,,900,,,,,3,,,
ClassicGumtree,24,11,18,1,0,5,0,0,833,3,0,0.2,,1000,,,,,3,,,
ClassicGumtree,24,11,18,1,0,5,0,0,837,3,0,0.2,,1100,,,,,3,,,
ClassicGumtree,24,11,18,1,0,5,0,0,836,3,0,0.2,,1200,,,,,3,,,
ClassicGumtree,24,11,18,1,0,5,0,0,836,3,0,0.2,,1300,,,,,3,,,
ClassicGumtree,24,11,18,1,0,5,0,0,836,3,0,0.2,,1400,,,,,3,,,
ClassicGumtree,24,11,18,1,0,5,0,0,831,3,0,0.2,,1500,,,,,3,,,
ClassicGumtree,24,11,18,1,0,5,0,0,831,3,0,0.2,,1600,,,,,3,,,
ClassicGumtree,24,11,18,1,0,5,0,0,836,3,0,0.2,,1700,,,,,3,,,
ClassicGumtree,24,11,18,1,0,5,0,0,831,3,0,0.2,,1800,,,,,3,,,
ClassicGumtree,24,11,18,1,0,5,0,0,830,3,0,0.2,,1900,,,,,3,,,
ClassicGumtree,24,11,18,1,0,5,0,0,832,3,0,0.2,,2000,,,,,3,,,
ClassicGumtree,352,75,182,165,0,5,0,0,7,3,0,0.2,,100,,,,,4,,,
ClassicGumtree,352,75,182,165,0,5,0,0,8,3,0,0.2,,200,,,,,4,,,
ClassicGumtree,352,75,182,165,0,5,0,0,7,3,0,0.2,,300,,,,,4,,,
ClassicGumtree,352,75,182,165,0,5,0,0,7,3,0,0.2,,400,,,,,4,,,
ClassicGumtree,192,31,102,85,0,5,0,0,143,3,0,0.2,,500,,,,,4,,,
ClassicGumtree,192,31,102,85,0,5,0,0,144,3,0,0.2,,600,,,,,4,,,
ClassicGumtree,192,31,102,85,0,5,0,0,144,3,0,0.2,,700,,,,,4,,,
ClassicGumtree,24,11,18,1,0,5,0,0,838,3,0,0.2,,800,,,,,4,,,
ClassicGumtree,24,11,18,1,0,5,0,0,836,3,0,0.2,,900,,,,,4,,,
ClassicGumtree,24,11,18,1,0,5,0,0,837,3,0,0.2,,1000,,,,,4,,,
ClassicGumtree,24,11,18,1,0,5,0,0,839,3,0,0.2,,1100,,,,,4,,,
ClassicGumtree,24,11,18,1,0,5,0,0,830,3,0,0.2,,1200,,,,,4,,,
ClassicGumtree,24,11,18,1,0,5,0,0,830,3,0,0.2,,1300,,,,,4,,,
ClassicGumtree,24,11,18,1,0,5,0,0,838,3,0,0.2,,1400,,,,,4,,,
ClassicGumtree,24,11,18,1,0,5,0,0,845,3,0,0.2,,1500,,,,,4,,,
ClassicGumtree,24,11,18,1,0,5,0,0,851,3,0,0.2,,1600,,,,,4,,,
ClassicGumtree,24,11,18,1,0,5,0,0,849,3,0,0.2,,1700,,,,,4,,,
ClassicGumtree,24,11,18,1,0,5,0,0,848,3,0,0.2,,1800,,,,,4,,,
ClassicGumtree,24,11,18,1,0,5,0,0,864,3,0,0.2,,1900,,,,,4,,,
ClassicGumtree,24,11,18,1,0,5,0,0,860,3,0,0.2,,2000,,,,,4,,,
ClassicGumtree,581,70,299,282,0,0,0,0,1,3,0,0.2,,100,,,,,5,,,
ClassicGumtree,581,70,299,282,0,0,0,0,2,3,0,0.2,,200,,,,,5,,,
ClassicGumtree,581,70,299,282,0,0,0,0,2,3,0,0.2,,300,,,,,5,,,
ClassicGumtree,581,70,299,282,0,0,0,0,2,3,0,0.2,,400,,,,,5,,,
ClassicGumtree,248,33,130,113,0,5,0,0,137,3,0,0.2,,500,,,,,5,,,
ClassicGumtree,248,33,130,113,0,5,0,0,139,3,0,0.2,,600,,,,,5,,,
ClassicGumtree,248,33,130,113,0,5,0,0,137,3,0,0.2,,700,,,,,5,,,
ClassicGumtree,24,11,18,1,0,5,0,0,850,3,0,0.2,,800,,,,,5,,,
ClassicGumtree,24,11,18,1,0,5,0,0,852,3,0,0.2,,900,,,,,5,,,
ClassicGumtree,24,11,18,1,0,5,0,0,844,3,0,0.2,,1000,,,,,5,,,
ClassicGumtree,24,11,18,1,0,5,0,0,854,3,0,0.2,,1100,,,,,5,,,
ClassicGumtree,24,11,18,1,0,5,0,0,830,3,0,0.2,,1200,,,,,5,,,
ClassicGumtree,24,11,18,1,0,5,0,0,826,3,0,0.2,,1300,,,,,5,,,
ClassicGumtree,24,11,18,1,0,5,0,0,829,3,0,0.2,,1400,,,,,5,,,
ClassicGumtree,24,11,18,1,0,5,0,0,830,3,0,0.2,,1500,,,,,5,,,
ClassicGumtree,24,11,18,1,0,5,0,0,830,3,0,0.2,,1600,,,,,5,,,
ClassicGumtree,24,11,18,1,0,5,0,0,833,3,0,0.2,,1700,,,,,5,,,
ClassicGumtree,24,11,18,1,0,5,0,0,827,3,0,0.2,,1800,,,,,5,,,
ClassicGumtree,24,11,18,1,0,5,0,0,831,3,0,0.2,,1900,,,,,5,,,
ClassicGumtree,24,11,18,1,0,5,0,0,830,3,0,0.2,,2000,,,,,5,,,
ClassicGumtree,26,13,19,2,0,5,0,0,7,3,0,0.3,,100,,,,,1,,,
ClassicGumtree,26,13,19,2,0,5,0,0,7,3,0,0.3,,200,,,,,1,,,
ClassicGumtree,26,13,19,2,0,5,0,0,8,3,0,0.3,,300,,,,,1,,,
ClassicGumtree,26,13,19,2,0,5,0,0,7,3,0,0.3,,400,,,,,1,,,
ClassicGumtree,24,11,18,1,0,5,0,0,143,3,0,0.3,,500,,,,,1,,,
ClassicGumtree,24,11,18,1,0,5,0,0,143,3,0,0.3,,600,,,,,1,,,
ClassicGumtree,24,11,18,1,0,5,0,0,141,3,0,0.3,,700,,,,,1,,,
ClassicGumtree,24,11,18,1,0,5,0,0,832,3,0,0.3,,800,,,,,1,,,
ClassicGumtree,24,11,18,1,0,5,0,0,831,3,0,0.3,,900,,,,,1,,,
ClassicGumtree,24,11,18,1,0,5,0,0,832,3,0,0.3,,1000,,,,,1,,,
ClassicGumtree,24,11,18,1,0,5,0,0,832,3,0,0.3,,1100,,,,,1,,,
ClassicGumtree,24,11,18,1,0,5,0,0,837,3,0,0.3,,1200,,,,,1,,,
ClassicGumtree,24,11,18,1,0,5,0,0,837,3,0,0.3,,1300,,,,,1,,,
ClassicGumtree,24,11,18,1,0,5,0,0,835,3,0,0.3,,1400,,,,,1,,,
ClassicGumtree,24,11,18,1,0,5,0,0,832,3,0,0.3,,1500,,,,,1,,,
ClassicGumtree,24,11,18,1,0,5,0,0,836,3,0,0.3,,1600,,,,,1,,,
ClassicGumtree,24,11,18,1,0,5,0,0,838,3,0,0.3,,1700,,,,,1,,,
ClassicGumtree,24,11,18,1,0,5,0,0,831,3,0,0.3,,1800,,,,,1,,,
ClassicGumtree,24,11,18,1,0,5,0,0,832,3,0,0.3,,1900,,,,,1,,,
ClassicGumtree,24,11,18,1,0,5,0,0,832,3,0,0.3,,2000,,,,,1,,,
ClassicGumtree,90,37,51,34,0,5,0,0,7,3,0,0.3,,100,,,,,2,,,
ClassicGumtree,90,37,51,34,0,5,0,0,7,3,0,0.3,,200,,,,,2,,,
ClassicGumtree,90,37,51,34,0,5,0,0,7,3,0,0.3,,300,,,,,2,,,
ClassicGumtree,90,37,51,34,0,5,0,0,8,3,0,0.3,,400,,,,,2,,,
ClassicGumtree,28,13,20,3,0,5,0,0,143,3,0,0.3,,500,,,,,2,,,
ClassicGumtree,28,13,20,3,0,5,0,0,144,3,0,0.3,,600,,,,,2,,,
ClassicGumtree,28,13,20,3,0,5,0,0,143,3,0,0.3,,700,,,,,2,,,
ClassicGumtree,24,11,18,1,0,5,0,0,837,3,0,0.3,,800,,,,,2,,,
ClassicGumtree,24,11,18,1,0,5,0,0,830,3,0,0.3,,900,,,,,2,,,
ClassicGumtree,24,11,18,1,0,5,0,0,836,3,0,0.3,,1000,,,,,2,,,
ClassicGumtree,24,11,18,1,0,5,0,0,838,3,0,0.3,,1100,,,,,2,,,
ClassicGumtree,24,11,18,1,0,5,0,0,841,3,0,0.3,,1200,,,,,2,,,
ClassicGumtree,24,11,18,1,0,5,0,0,856,3,0,0.3,,1300,,,,,2,,,
ClassicGumtree,24,11,18,1,0,5,0,0,851,3,0,0.3,,1400,,,,,2,,,
ClassicGumtree,24,11,18,1,0,5,0,0,845,3,0,0.3,,1500,,,,,2,,,
ClassicGumtree,24,11,18,1,0,5,0,0,845,3,0,0.3,,1600,,,,,2,,,
ClassicGumtree,24,11,18,1,0,5,0,0,847,3,0,0.3,,1700,,,,,2,,,
ClassicGumtree,24,11,18,1,0,5,0,0,857,3,0,0.3,,1800,,,,,2,,,
ClassicGumtree,24,11,18,1,0,5,0,0,849,3,0,0.3,,1900,,,,,2,,,
ClassicGumtree,24,11,18,1,0,5,0,0,848,3,0,0.3,,2000,,,,,2,,,
ClassicGumtree,214,63,113,96,0,5,0,0,7,3,0,0.3,,100,,,,,3,,,
ClassicGumtree,214,63,113,96,0,5,0,0,7,3,0,0.3,,200,,,,,3,,,
ClassicGumtree,214,63,113,96,0,5,0,0,8,3,0,0.3,,300,,,,,3,,,
ClassicGumtree,214,63,113,96,0,5,0,0,7,3,0,0.3,,400,,,,,3,,,
ClassicGumtree,98,25,55,38,0,5,0,0,157,3,0,0.3,,500,,,,,3,,,
ClassicGumtree,98,25,55,38,0,5,0,0,145,3,0,0.3,,600,,,,,3,,,
ClassicGumtree,98,25,55,38,0,5,0,0,146,3,0,0.3,,700,,,,,3,,,
ClassicGumtree,24,11,18,1,0,5,0,0,837,3,0,0.3,,800,,,,,3,,,
ClassicGumtree,24,11,18,1,0,5,0,0,836,3,0,0.3,,900,,,,,3,,,
ClassicGumtree,24,11,18,1,0,5,0,0,831,3,0,0.3,,1000,,,,,3,,,
ClassicGumtree,24,11,18,1,0,5,0,0,839,3,0,0.3,,1100,,,,,3,,,
ClassicGumtree,24,11,18,1,0,5,0,0,832,3,0,0.3,,1200,,,,,3,,,
ClassicGumtree,24,11,18,1,0,5,0,0,832,3,0,0.3,,1300,,,,,3,,,
ClassicGumtree,24,11,18,1,0,5,0,0,831,3,0,0.3,,1400,,,,,3,,,
ClassicGumtree,24,11,18,1,0,5,0,0,835,3,0,0.3,,1500,,,,,3,,,
ClassicGumtree,24,11,18,1,0,5,0,0,831,3,0,0.3,,1600,,,,,3,,,
ClassicGumtree,24,11,18,1,0,5,0,0,836,3,0,0.3,,1700,,,,,3,,,
ClassicGumtree,24,11,18,1,0,5,0,0,836,3,0,0.3,,1800,,,,,3,,,
ClassicGumtree,24,11,18,1,0,5,0,0,836,3,0,0.3,,1900,,,,,3,,,
ClassicGumtree,24,11,18,1,0,5,0,0,833,3,0,0.3,,2000,,,,,3,,,
ClassicGumtree,352,75,182,165,0,5,0,0,8,3,0,0.3,,100,,,,,4,,,
ClassicGumtree,352,75,182,165,0,5,0,0,7,3,0,0.3,,200,,,,,4,,,
ClassicGumtree,352,75,182,165,0,5,0,0,7,3,0,0.3,,300,,,,,4,,,
ClassicGumtree,352,75,182,165,0,5,0,0,8,3,0,0.3,,400,,,,,4,,,
ClassicGumtree,192,31,102,85,0,5,0,0,143,3,0,0.3,,500,,,,,4,,,
ClassicGumtree,192,31,102,85,0,5,0,0,144,3,0,0.3,,600,,,,,4,,,
ClassicGumtree,192,31,102,85,0,5,0,0,143,3,0,0.3,,700,,,,,4,,,
ClassicGumtree,24,11,18,1,0,5,0,0,837,3,0,0.3,,800,,,,,4,,,
ClassicGumtree,24,11,18,1,0,5,0,0,832,3,0,0.3,,900,,,,,4,,,
ClassicGumtree,24,11,18,1,0,5,0,0,831,3,0,0.3,,1000,,,,,4,,,
ClassicGumtree,24,11,18,1,0,5,0,0,834,3,0,0.3,,1100,,,,,4,,,
ClassicGumtree,24,11,18,1,0,5,0,0,836,3,0,0.3,,1200,,,,,4,,,
ClassicGumtree,24,11,18,1,0,5,0,0,831,3,0,0.3,,1300,,,,,4,,,
ClassicGumtree,24,11,18,1,0,5,0,0,837,3,0,0.3,,1400,,,,,4,,,
ClassicGumtree,24,11,18,1,0,5,0,0,837,3,0,0.3,,1500,,,,,4,,,
ClassicGumtree,24,11,18,1,0,5,0,0,838,3,0,0.3,,1600,,,,,4,,,
ClassicGumtree,24,11,18,1,0,5,0,0,829,3,0,0.3,,1700,,,,,4,,,
ClassicGumtree,24,11,18,1,0,5,0,0,836,3,0,0.3,,1800,,,,,4,,,
ClassicGumtree,24,11,18,1,0,5,0,0,830,3,0,0.3,,1900,,,,,4,,,
ClassicGumtree,24,11,18,1,0,5,0,0,830,3,0,0.3,,2000,,,,,4,,,
ClassicGumtree,581,70,299,282,0,0,0,0,2,3,0,0.3,,100,,,,,5,,,
ClassicGumtree,581,70,299,282,0,0,0,0,1,3,0,0.3,,200,,,,,5,,,
ClassicGumtree,581,70,299,282,0,0,0,0,2,3,0,0.3,,300,,,,,5,,,
ClassicGumtree,581,70,299,282,0,0,0,0,2,3,0,0.3,,400,,,,,5,,,
ClassicGumtree,248,33,130,113,0,5,0,0,137,3,0,0.3,,500,,,,,5,,,
ClassicGumtree,248,33,130,113,0,5,0,0,137,3,0,0.3,,600,,,,,5,,,
ClassicGumtree,248,33,130,113,0,5,0,0,137,3,0,0.3,,700,,,,,5,,,
ClassicGumtree,24,11,18,1,0,5,0,0,837,3,0,0.3,,800,,,,,5,,,
ClassicGumtree,24,11,18,1,0,5,0,0,846,3,0,0.3,,900,,,,,5,,,
ClassicGumtree,24,11,18,1,0,5,0,0,851,3,0,0.3,,1000,,,,,5,,,
ClassicGumtree,24,11,18,1,0,5,0,0,849,3,0,0.3,,1100,,,,,5,,,
ClassicGumtree,24,11,18,1,0,5,0,0,846,3,0,0.3,,1200,,,,,5,,,
ClassicGumtree,24,11,18,1,0,5,0,0,847,3,0,0.3,,1300,,,,,5,,,
ClassicGumtree,24,11,18,1,0,5,0,0,840,3,0,0.3,,1400,,,,,5,,,
ClassicGumtree,24,11,18,1,0,5,0,0,839,3,0,0.3,,1500,,,,,5,,,
ClassicGumtree,24,11,18,1,0,5,0,0,846,3,0,0.3,,1600,,,,,5,,,
ClassicGumtree,24,11,18,1,0,5,0,0,841,3,0,0.3,,1700,,,,,5,,,
ClassicGumtree,24,11,18,1,0,5,0,0,826,3,0,0.3,,1800,,,,,5,,,
ClassicGumtree,24,11,18,1,0,5,0,0,833,3,0,0.3,,1900,,,,,5,,,
ClassicGumtree,24,11,18,1,0,5,0,0,825,3,0,0.3,,2000,,,,,5,,,
ClassicGumtree,26,13,19,2,0,5,0,0,7,3,0,0.4,,100,,,,,1,,,
ClassicGumtree,26,13,19,2,0,5,0,0,8,3,0,0.4,,200,,,,,1,,,
ClassicGumtree,26,13,19,2,0,5,0,0,7,3,0,0.4,,300,,,,,1,,,
ClassicGumtree,26,13,19,2,0,5,0,0,7,3,0,0.4,,400,,,,,1,,,
ClassicGumtree,24,11,18,1,0,5,0,0,144,3,0,0.4,,500,,,,,1,,,
ClassicGumtree,24,11,18,1,0,5,0,0,143,3,0,0.4,,600,,,,,1,,,
ClassicGumtree,24,11,18,1,0,5,0,0,143,3,0,0.4,,700,,,,,1,,,
ClassicGumtree,24,11,18,1,0,5,0,0,838,3,0,0.4,,800,,,,,1,,,
ClassicGumtree,24,11,18,1,0,5,0,0,831,3,0,0.4,,900,,,,,1,,,
ClassicGumtree,24,11,18,1,0,5,0,0,837,3,0,0.4,,1000,,,,,1,,,
ClassicGumtree,24,11,18,1,0,5,0,0,836,3,0,0.4,,1100,,,,,1,,,
ClassicGumtree,24,11,18,1,0,5,0,0,831,3,0,0.4,,1200,,,,,1,,,
ClassicGumtree,24,11,18,1,0,5,0,0,836,3,0,0.4,,1300,,,,,1,,,
ClassicGumtree,24,11,18,1,0,5,0,0,833,3,0,0.4,,1400,,,,,1,,,
ClassicGumtree,24,11,18,1,0,5,0,0,832,3,0,0.4,,1500,,,,,1,,,
ClassicGumtree,24,11,18,1,0,5,0,0,841,3,0,0.4,,1600,,,,,1,,,
ClassicGumtree,24,11,18,1,0,5,0,0,832,3,0,0.4,,1700,,,,,1,,,
ClassicGumtree,24,11,18,1,0,5,0,0,836,3,0,0.4,,1800,,,,,1,,,
ClassicGumtree,24,11,18,1,0,5,0,0,832,3,0,0.4,,1900,,,,,1,,,
ClassicGumtree,24,11,18,1,0,5,0,0,836,3,0,0.4,,2000,,,,,1,,,
ClassicGumtree,90,37,51,34,0,5,0,0,7,3,0,0.4,,100,,,,,2,,,
ClassicGumtree,90,37,51,34,0,5,0,0,8,3,0,0.4,,200,,,,,2,,,
ClassicGumtree,90,37,51,34,0,5,0,0,7,3,0,0.4,,300,,,,,2,,,
ClassicGumtree,90,37,51,34,0,5,0,0,7,3,0,0.4,,400,,,,,2,,,
ClassicGumtree,28,13,20,3,0,5,0,0,144,3,0,0.4,,500,,,,,2,,,
ClassicGumtree,28,13,20,3,0,5,0,0,144,3,0,0.4,,600,,,,,2,,,
ClassicGumtree,28,13,20,3,0,5,0,0,143,3,0,0.4,,700,,,,,2,,,
ClassicGumtree,24,11,18,1,0,5,0,0,837,3,0,0.4,,800,,,,,2,,,
ClassicGumtree,24,11,18,1,0,5,0,0,837,3,0,0.4,,900,,,,,2,,,
ClassicGumtree,24,11,18,1,0,5,0,0,842,3,0,0.4,,1000,,,,,2,,,
ClassicGumtree,24,11,18,1,0,5,0,0,836,3,0,0.4,,1100,,,,,2,,,
ClassicGumtree,24,11,18,1,0,5,0,0,841,3,0,0.4,,1200,,,,,2,,,
ClassicGumtree,24,11,18,1,0,5,0,0,838,3,0,0.4,,1300,,,,,2,,,
ClassicGumtree,24,11,18,1,0,5,0,0,842,3,0,0.4,,1400,,,,,2,,,
ClassicGumtree,24,11,18,1,0,5,0,0,839,3,0,0.4,,1500,,,,,2,,,
ClassicGumtree,24,11,18,1,0,5,0,0,842,3,0,0.4,,1600,,,,,2,,,
ClassicGumtree,24,11,18,1,0,5,0,0,837,3,0,0.4,,1700,,,,,2,,,
ClassicGumtree,24,11,18,1,0,5,0,0,852,3,0,0.4,,1800,,,,,2,,,
ClassicGumtree,24,11,18,1,0,5,0,0,850,3,0,0.4,,1900,,,,,2,,,
ClassicGumtree,24,11,18,1,0,5,0,0,844,3,0,0.4,,2000,,,,,2,,,
ClassicGumtree,214,63,113,96,0,5,0,0,7,3,0,0.4,,100,,,,,3,,,
ClassicGumtree,214,63,113,96,0,5,0,0,7,3,0,0.4,,200,,,,,3,,,
ClassicGumtree,214,63,113,96,0,5,0,0,8,3,0,0.4,,300,,,,,3,,,
ClassicGumtree,214,63,113,96,0,5,0,0,7,3,0,0.4,,400,,,,,3,,,
ClassicGumtree,98,25,55,38,0,5,0,0,144,3,0,0.4,,500,,,,,3,,,
ClassicGumtree,98,25,55,38,0,5,0,0,143,3,0,0.4,,600,,,,,3,,,
ClassicGumtree,98,25,55,38,0,5,0,0,143,3,0,0.4,,700,,,,,3,,,
ClassicGumtree,24,11,18,1,0,5,0,0,847,3,0,0.4,,800,,,,,3,,,
ClassicGumtree,24,11,18,1,0,5,0,0,843,3,0,0.4,,900,,,,,3,,,
ClassicGumtree,24,11,18,1,0,5,0,0,847,3,0,0.4,,1000,,,,,3,,,
ClassicGumtree,24,11,18,1,0,5,0,0,848,3,0,0.4,,1100,,,,,3,,,
ClassicGumtree,24,11,18,1,0,5,0,0,850,3,0,0.4,,1200,,,,,3,,,
ClassicGumtree,24,11,18,1,0,5,0,0,843,3,0,0.4,,1300,,,,,3,,,
ClassicGumtree,24,11,18,1,0,5,0,0,849,3,0,0.4,,1400,,,,,3,,,
ClassicGumtree,24,11,18,1,0,5,0,0,836,3,0,0.4,,1500,,,,,3,,,
ClassicGumtree,24,11,18,1,0,5,0,0,831,3,0,0.4,,1600,,,,,3,,,
ClassicGumtree,24,11,18,1,0,5,0,0,832,3,0,0.4,,1700,,,,,3,,,
ClassicGumtree,24,11,18,1,0,5,0,0,837,3,0,0.4,,1800,,,,,3,,,
ClassicGumtree,24,11,18,1,0,5,0,0,831,3,0,0.4,,1900,,,,,3,,,
ClassicGumtree,24,11,18,1,0,5,0,0,830,3,0,0.4,,2000,,,,,3,,,
ClassicGumtree,441,68,228,211,0,2,0,0,2,3,0,0.4,,100,,,,,4,,,
ClassicGumtree,441,68,228,211,0,2,0,0,2,3,0,0.4,,200,,,,,4,,,
ClassicGumtree,441,68,228,211,0,2,0,0,1,3,0,0.4,,300,,,,,4,,,
ClassicGumtree,441,68,228,211,0,2,0,0,2,3,0,0.4,,400,,,,,4,,,
ClassicGumtree,192,31,102,85,0,5,0,0,138,3,0,0.4,,500,,,,,4,,,
ClassicGumtree,192,31,102,85,0,5,0,0,138,3,0,0.4,,600,,,,,4,,,
ClassicGumtree,192,31,102,85,0,5,0,0,138,3,0,0.4,,700,,,,,4,,,
ClassicGumtree,24,11,18,1,0,5,0,0,827,3,0,0.4,,800,,,,,4,,,
ClassicGumtree,24,11,18,1,0,5,0,0,830,3,0,0.4,,900,,,,,4,,,
ClassicGumtree,24,11,18,1,0,5,0,0,831,3,0,0.4,,1000,,,,,4,,,
ClassicGumtree,24,11,18,1,0,5,0,0,830,3,0,0.4,,1100,,,,,4,,,
ClassicGumtree,24,11,18,1,0,5,0,0,830,3,0,0.4,,1200,,,,,4,,,
ClassicGumtree,24,11,18,1,0,5,0,0,826,3,0,0.4,,1300,,,,,4,,,
ClassicGumtree,24,11,18,1,0,5,0,0,825,3,0,0.4,,1400,,,,,4,,,
ClassicGumtree,24,11,18,1,0,5,0,0,830,3,0,0.4,,1500,,,,,4,,,
ClassicGumtree,24,11,18,1,0,5,0,0,825,3,0,0.4,,1600,,,,,4,,,
ClassicGumtree,24,11,18,1,0,5,0,0,825,3,0,0.4,,1700,,,,,4,,,
ClassicGumtree,24,11,18,1,0,5,0,0,825,3,0,0.4,,1800,,,,,4,,,
ClassicGumtree,24,11,18,1,0,5,0,0,832,3,0,0.4,,1900,,,,,4,,,
ClassicGumtree,24,11,18,1,0,5,0,0,832,3,0,0.4,,2000,,,,,4,,,
ClassicGumtree,581,70,299,282,0,0,0,0,2,3,0,0.4,,100,,,,,5,,,
ClassicGumtree,581,70,299,282,0,0,0,0,2,3,0,0.4,,200,,,,,5,,,
ClassicGumtree,581,70,299,282,0,0,0,0,2,3,0,0.4,,300,,,,,5,,,
ClassicGumtree,581,70,299,282,0,0,0,0,1,3,0,0.4,,400,,,,,5,,,
ClassicGumtree,248,33,130,113,0,5,0,0,138,3,0,0.4,,500,,,,,5,,,
ClassicGumtree,248,33,130,113,0,5,0,0,138,3,0,0.4,,600,,,,,5,,,
ClassicGumtree,248,33,130,113,0,5,0,0,138,3,0,0.4,,700,,,,,5,,,
ClassicGumtree,24,11,18,1,0,5,0,0,824,3,0,0.4,,800,,,,,5,,,
ClassicGumtree,24,11,18,1,0,5,0,0,826,3,0,0.4,,900,,,,,5,,,
ClassicGumtree,24,11,18,1,0,5,0,0,831,3,0,0.4,,1000,,,,,5,,,
ClassicGumtree,24,11,18,1,0,5,0,0,831,3,0,0.4,,1100,,,,,5,,,
ClassicGumtree,24,11,18,1,0,5,0,0,832,3,0,0.4,,1200,,,,,5,,,
ClassicGumtree,24,11,18,1,0,5,0,0,830,3,0,0.4,,1300,,,,,5,,,
ClassicGumtree,24,11,18,1,0,5,0,0,825,3,0,0.4,,1400,,,,,5,,,
ClassicGumtree,24,11,18,1,0,5,0,0,824,3,0,0.4,,1500,,,,,5,,,
ClassicGumtree,24,11,18,1,0,5,0,0,845,3,0,0.4,,1600,,,,,5,,,
ClassicGumtree,24,11,18,1,0,5,0,0,842,3,0,0.4,,1700,,,,,5,,,
ClassicGumtree,24,11,18,1,0,5,0,0,839,3,0,0.4,,1800,,,,,5,,,
ClassicGumtree,24,11,18,1,0,5,0,0,836,3,0,0.4,,1900,,,,,5,,,
ClassicGumtree,24,11,18,1,0,5,0,0,847,3,0,0.4,,2000,,,,,5,,,
ClassicGumtree,26,13,19,2,0,5,0,0,7,3,0,0.5,,100,,,,,1,,,
ClassicGumtree,26,13,19,2,0,5,0,0,7,3,0,0.5,,200,,,,,1,,,
ClassicGumtree,26,13,19,2,0,5,0,0,7,3,0,0.5,,300,,,,,1,,,
ClassicGumtree,26,13,19,2,0,5,0,0,7,3,0,0.5,,400,,,,,1,,,
ClassicGumtree,24,11,18,1,0,5,0,0,143,3,0,0.5,,500,,,,,1,,,
ClassicGumtree,24,11,18,1,0,5,0,0,143,3,0,0.5,,600,,,,,1,,,
ClassicGumtree,24,11,18,1,0,5,0,0,142,3,0,0.5,,700,,,,,1,,,
ClassicGumtree,24,11,18,1,0,5,0,0,847,3,0,0.5,,800,,,,,1,,,
ClassicGumtree,24,11,18,1,0,5,0,0,842,3,0,0.5,,900,,,,,1,,,
ClassicGumtree,24,11,18,1,0,5,0,0,847,3,0,0.5,,1000,,,,,1,,,
ClassicGumtree,24,11,18,1,0,5,0,0,844,3,0,0.5,,1100,,,,,1,,,
ClassicGumtree,24,11,18,1,0,5,0,0,843,3,0,0.5,,1200,,,,,1,,,
ClassicGumtree,24,11,18,1,0,5,0,0,836,3,0,0.5,,1300,,,,,1,,,
ClassicGumtree,24,11,18,1,0,5,0,0,835,3,0,0.5,,1400,,,,,1,,,
ClassicGumtree,24,11,18,1,0,5,0,0,829,3,0,0.5,,1500,,,,,1,,,
ClassicGumtree,24,11,18,1,0,5,0,0,830,3,0,0.5,,1600,,,,,1,,,
ClassicGumtree,24,11,18,1,0,5,0,0,836,3,0,0.5,,1700,,,,,1,,,
ClassicGumtree,24,11,18,1,0,5,0,0,837,3,0,0.5,,1800,,,,,1,,,
ClassicGumtree,24,11,18,1,0,5,0,0,831,3,0,0.5,,1900,,,,,1,,,
ClassicGumtree,24,11,18,1,0,5,0,0,847,3,0,0.5,,2000,,,,,1,,,
ClassicGumtree,90,37,51,34,0,5,0,0,7,3,0,0.5,,100,,,,,2,,,
ClassicGumtree,90,37,51,34,0,5,0,0,7,3,0,0.5,,200,,,,,2,,,
ClassicGumtree,90,37,51,34,0,5,0,0,7,3,0,0.5,,300,,,,,2,,,
ClassicGumtree,90,37,51,34,0,5,0,0,7,3,0,0.5,,400,,,,,2,,,
ClassicGumtree,28,13,20,3,0,5,0,0,143,3,0,0.5,,500,,,,,2,,,
ClassicGumtree,28,13,20,3,0,5,0,0,142,3,0,0.5,,600,,,,,2,,,
ClassicGumtree,28,13,20,3,0,5,0,0,142,3,0,0.5,,700,,,,,2,,,
ClassicGumtree,24,11,18,1,0,5,0,0,837,3,0,0.5,,800,,,,,2,,,
ClassicGumtree,24,11,18,1,0,5,0,0,832,3,0,0.5,,900,,,,,2,,,
ClassicGumtree,24,11,18,1,0,5,0,0,838,3,0,0.5,,1000,,,,,2,,,
ClassicGumtree,24,11,18,1,0,5,0,0,831,3,0,0.5,,1100,,,,,2,,,
ClassicGumtree,24,11,18,1,0,5,0,0,832,3,0,0.5,,1200,,,,,2,,,
ClassicGumtree,24,11,18,1,0,5,0,0,832,3,0,0.5,,1300,,,,,2,,,
ClassicGumtree,24,11,18,1,0,5,0,0,837,3,0,0.5,,1400,,,,,2,,,
ClassicGumtree,24,11,18,1,0,5,0,0,830,3,0,0.5,,1500,,,,,2,,,
ClassicGumtree,24,11,18,1,0,5,0,0,836,3,0,0.5,,1600,,,,,2,,,
ClassicGumtree,24,11,18,1,0,5,0,0,837,3,0,0.5,,1700,,,,,2,,,
ClassicGumtree,24,11,18,1,0,5,0,0,837,3,0,0.5,,1800,,,,,2,,,
ClassicGumtree,24,11,18,1,0,5,0,0,831,3,0,0.5,,1900,,,,,2,,,
ClassicGumtree,24,11,18,1,0,5,0,0,837,3,0,0.5,,2000,,,,,2,,,
ClassicGumtree,214,63,113,96,0,5,0,0,7,3,0,0.5,,100,,,,,3,,,
ClassicGumtree,214,63,113,96,0,5,0,0,7,3,0,0.5,,200,,,,,3,,,
ClassicGumtree,214,63,113,96,0,5,0,0,7,3,0,0.5,,300,,,,,3,,,
ClassicGumtree,214,63,113,96,0,5,0,0,7,3,0,0.5,,400,,,,,3,,,
ClassicGumtree,98,25,55,38,0,5,0,0,143,3,0,0.5,,500,,,,,3,,,
ClassicGumtree,98,25,55,38,0,5,0,0,142,3,0,0.5,,600,,,,,3,,,
ClassicGumtree,98,25,55,38,0,5,0,0,142,3,0,0.5,,700,,,,,3,,,
ClassicGumtree,24,11,18,1,0,5,0,0,829,3,0,0.5,,800,,,,,3,,,
ClassicGumtree,24,11,18,1,0,5,0,0,831,3,0,0.5,,900,,,,,3,,,
ClassicGumtree,24,11,18,1,0,5,0,0,837,3,0,0.5,,1000,,,,,3,,,
ClassicGumtree,24,11,18,1,0,5,0,0,830,3,0,0.5,,1100,,,,,3,,,
ClassicGumtree,24,11,18,1,0,5,0,0,831,3,0,0.5,,1200,,,,,3,,,
ClassicGumtree,24,11,18,1,0,5,0,0,838,3,0,0.5,,1300,,,,,3,,,
ClassicGumtree,24,11,18,1,0,5,0,0,862,3,0,0.5,,1400,,,,,3,,,
ClassicGumtree,24,11,18,1,0,5,0,0,853,3,0,0.5,,1500,,,,,3,,,
ClassicGumtree,24,11,18,1,0,5,0,0,845,3,0,0.5,,1600,,,,,3,,,
ClassicGumtree,24,11,18,1,0,5,0,0,849,3,0,0.5,,1700,,,,,3,,,
ClassicGumtree,24,11,18,1,0,5,0,0,849,3,0,0.5,,1800,,,,,3,,,
ClassicGumtree,24,11,18,1,0,5,0,0,844,3,0,0.5,,1900,,,,,3,,,
ClassicGumtree,24,11,18,1,0,5,0,0,853,3,0,0.5,,2000,,,,,3,,,
ClassicGumtree,441,68,228,211,0,2,0,0,2,3,0,0.5,,100,,,,,4,,,
ClassicGumtree,441,68,228,211,0,2,0,0,1,3,0,0.5,,200,,,,,4,,,
ClassicGumtree,441,68,228,211,0,2,0,0,2,3,0,0.5,,300,,,,,4,,,
ClassicGumtree,441,68,228,211,0,2,0,0,2,3,0,0.5,,400,,,,,4,,,
ClassicGumtree,192,31,102,85,0,5,0,0,150,3,0,0.5,,500,,,,,4,,,
ClassicGumtree,192,31,102,85,0,5,0,0,153,3,0,0.5,,600,,,,,4,,,
ClassicGumtree,192,31,102,85,0,5,0,0,153,3,0,0.5,,700,,,,,4,,,
ClassicGumtree,24,11,18,1,0,5,0,0,826,3,0,0.5,,800,,,,,4,,,
ClassicGumtree,24,11,18,1,0,5,0,0,824,3,0,0.5,,900,,,,,4,,,
ClassicGumtree,24,11,18,1,0,5,0,0,833,3,0,0.5,,1000,,,,,4,,,
ClassicGumtree,24,11,18,1,0,5,0,0,830,3,0,0.5,,1100,,,,,4,,,
ClassicGumtree,24,11,18,1,0,5,0,0,832,3,0,0.5,,1200,,,,,4,,,
ClassicGumtree,24,11,18,1,0,5,0,0,824,3,0,0.5,,1300,,,,,4,,,
ClassicGumtree,24,11,18,1,0,5,0,0,831,3,0,0.5,,1400,,,,,4,,,
ClassicGumtree,24,11,18,1,0,5,0,0,826,3,0,0.5,,1500,,,,,4,,,
ClassicGumtree,24,11,18,1,0,5,0,0,825,3,0,0.5,,1600,,,,,4,,,
ClassicGumtree,24,11,18,1,0,5,0,0,833,3,0,0.5,,1700,,,,,4,,,
ClassicGumtree,24,11,18,1,0,5,0,0,827,3,0,0.5,,1800,,,,,4,,,
ClassicGumtree,24,11,18,1,0,5,0,0,826,3,0,0.5,,1900,,,,,4,,,
ClassicGumtree,24,11,18,1,0,5,0,0,830,3,0,0.5,,2000,,,,,4,,,
ClassicGumtree,581,70,299,282,0,0,0,0,2,3,0,0.5,,100,,,,,5,,,
ClassicGumtree,581,70,299,282,0,0,0,0,2,3,0,0.5,,200,,,,,5,,,
ClassicGumtree,581,70,299,282,0,0,0,0,2,3,0,0.5,,300,,,,,5,,,
ClassicGumtree,581,70,299,282,0,0,0,0,1,3,0,0.5,,400,,,,,5,,,
ClassicGumtree,248,33,130,113,0,5,0,0,138,3,0,0.5,,500,,,,,5,,,
ClassicGumtree,248,33,130,113,0,5,0,0,138,3,0,0.5,,600,,,,,5,,,
ClassicGumtree,248,33,130,113,0,5,0,0,138,3,0,0.5,,700,,,,,5,,,
ClassicGumtree,24,11,18,1,0,5,0,0,827,3,0,0.5,,800,,,,,5,,,
ClassicGumtree,24,11,18,1,0,5,0,0,830,3,0,0.5,,900,,,,,5,,,
ClassicGumtree,24,11,18,1,0,5,0,0,831,3,0,0.5,,1000,,,,,5,,,
ClassicGumtree,24,11,18,1,0,5,0,0,830,3,0,0.5,,1100,,,,,5,,,
ClassicGumtree,24,11,18,1,0,5,0,0,827,3,0,0.5,,1200,,,,,5,,,
ClassicGumtree,24,11,18,1,0,5,0,0,826,3,0,0.5,,1300,,,,,5,,,
ClassicGumtree,24,11,18,1,0,5,0,0,831,3,0,0.5,,1400,,,,,5,,,
ClassicGumtree,24,11,18,1,0,5,0,0,825,3,0,0.5,,1500,,,,,5,,,
ClassicGumtree,24,11,18,1,0,5,0,0,829,3,0,0.5,,1600,,,,,5,,,
ClassicGumtree,24,11,18,1,0,5,0,0,834,3,0,0.5,,1700,,,,,5,,,
ClassicGumtree,24,11,18,1,0,5,0,0,825,3,0,0.5,,1800,,,,,5,,,
ClassicGumtree,24,11,18,1,0,5,0,0,832,3,0,0.5,,1900,,,,,5,,,
ClassicGumtree,24,11,18,1,0,5,0,0,830,3,0,0.5,,2000,,,,,5,,,
ClassicGumtree,26,13,19,2,0,5,0,0,8,3,0,0.6,,100,,,,,1,,,
ClassicGumtree,26,13,19,2,0,5,0,0,7,3,0,0.6,,200,,,,,1,,,
ClassicGumtree,26,13,19,2,0,5,0,0,7,3,0,0.6,,300,,,,,1,,,
ClassicGumtree,26,13,19,2,0,5,0,0,7,3,0,0.6,,400,,,,,1,,,
ClassicGumtree,24,11,18,1,0,5,0,0,144,3,0,0.6,,500,,,,,1,,,
ClassicGumtree,24,11,18,1,0,5,0,0,142,3,0,0.6,,600,,,,,1,,,
ClassicGumtree,24,11,18,1,0,5,0,0,142,3,0,0.6,,700,,,,,1,,,
ClassicGumtree,24,11,18,1,0,5,0,0,851,3,0,0.6,,800,,,,,1,,,
ClassicGumtree,24,11,18,1,0,5,0,0,857,3,0,0.6,,900,,,,,1,,,
ClassicGumtree,24,11,18,1,0,5,0,0,856,3,0,0.6,,1000,,,,,1,,,
ClassicGumtree,24,11,18,1,0,5,0,0,846,3,0,0.6,,1100,,,,,1,,,
ClassicGumtree,24,11,18,1,0,5,0,0,859,3,0,0.6,,1200,,,,,1,,,
ClassicGumtree,24,11,18,1,0,5,0,0,845,3,0,0.6,,1300,,,,,1,,,
ClassicGumtree,24,11,18,1,0,5,0,0,847,3,0,0.6,,1400,,,,,1,,,
ClassicGumtree,24,11,18,1,0,5,0,0,869,3,0,0.6,,1500,,,,,1,,,
ClassicGumtree,24,11,18,1,0,5,0,0,851,3,0,0.6,,1600,,,,,1,,,
ClassicGumtree,24,11,18,1,0,5,0,0,852,3,0,0.6,,1700,,,,,1,,,
ClassicGumtree,24,11,18,1,0,5,0,0,853,3,0,0.6,,1800,,,,,1,,,
ClassicGumtree,24,11,18,1,0,5,0,0,856,3,0,0.6,,1900,,,,,1,,,
ClassicGumtree,24,11,18,1,0,5,0,0,833,3,0,0.6,,2000,,,,,1,,,
ClassicGumtree,90,37,51,34,0,5,0,0,7,3,0,0.6,,100,,,,,2,,,
ClassicGumtree,90,37,51,34,0,5,0,0,8,3,0,0.6,,200,,,,,2,,,
ClassicGumtree,90,37,51,34,0,5,0,0,7,3,0,0.6,,300,,,,,2,,,
ClassicGumtree,90,37,51,34,0,5,0,0,7,3,0,0.6,,400,,,,,2,,,
ClassicGumtree,28,13,20,3,0,5,0,0,143,3,0,0.6,,500,,,,,2,,,
ClassicGumtree,28,13,20,3,0,5,0,0,145,3,0,0.6,,600,,,,,2,,,
ClassicGumtree,28,13,20,3,0,5,0,0,143,3,0,0.6,,700,,,,,2,,,
ClassicGumtree,24,11,18,1,0,5,0,0,830,3,0,0.6,,800,,,,,2,,,
ClassicGumtree,24,11,18,1,0,5,0,0,837,3,0,0.6,,900,,,,,2,,,
ClassicGumtree,24,11,18,1,0,5,0,0,835,3,0,0.6,,1000,,,,,2,,,
ClassicGumtree,24,11,18,1,0,5,0,0,831,3,0,0.6,,1100,,,,,2,,,
ClassicGumtree,24,11,18,1,0,5,0,0,833,3,0,0.6,,1200,,,,,2,,,
ClassicGumtree,24,11,18,1,0,5,0,0,836,3,0,0.6,,1300,,,,,2,,,
ClassicGumtree,24,11,18,1,0,5,0,0,836,3,0,0.6,,1400,,,,,2,,,
ClassicGumtree,24,11,18,1,0,5,0,0,836,3,0,0.6,,1500,,,,,2,,,
ClassicGumtree,24,11,18,1,0,5,0,0,837,3,0,0.6,,1600,,,,,2,,,
ClassicGumtree,24,11,18,1,0,5,0,0,833,3,0,0.6,,1700,,,,,2,,,
ClassicGumtree,24,11,18,1,0,5,0,0,832,3,0,0.6,,1800,,,,,2,,,
ClassicGumtree,24,11,18,1,0,5,0,0,835,3,0,0.6,,1900,,,,,2,,,
ClassicGumtree,24,11,18,1,0,5,0,0,832,3,0,0.6,,2000,,,,,2,,,
ClassicGumtree,214,63,113,96,0,5,0,0,7,3,0,0.6,,100,,,,,3,,,
ClassicGumtree,214,63,113,96,0,5,0,0,8,3,0,0.6,,200,,,,,3,,,
ClassicGumtree,214,63,113,96,0,5,0,0,7,3,0,0.6,,300,,,,,3,,,
ClassicGumtree,214,63,113,96,0,5,0,0,7,3,0,0.6,,400,,,,,3,,,
ClassicGumtree,98,25,55,38,0,5,0,0,144,3,0,0.6,,500,,,,,3,,,
ClassicGumtree,98,25,55,38,0,5,0,0,143,3,0,0.6,,600,,,,,3,,,
ClassicGumtree,98,25,55,38,0,5,0,0,144,3,0,0.6,,700,,,,,3,,,
ClassicGumtree,24,11,18,1,0,5,0,0,832,3,0,0.6,,800,,,,,3,,,
ClassicGumtree,24,11,18,1,0,5,0,0,837,3,0,0.6,,900,,,,,3,,,
ClassicGumtree,24,11,18,1,0,5,0,0,830,3,0,0.6,,1000,,,,,3,,,
ClassicGumtree,24,11,18,1,0,5,0,0,838,3,0,0.6,,1100,,,,,3,,,
ClassicGumtree,24,11,18,1,0,5,0,0,837,3,0,0.6,,1200,,,,,3,,,
ClassicGumtree,24,11,18,1,0,5,0,0,837,3,0,0.6,,1300,,,,,3,,,
ClassicGumtree,24,11,18,1,0,5,0,0,831,3,0,0.6,,1400,,,,,3,,,
ClassicGumtree,24,11,18,1,0,5,0,0,831,3,0,0.6,,1500,,,,,3,,,
ClassicGumtree,24,11,18,1,0,5,0,0,837,3,0,0.6,,1600,,,,,3,,,
ClassicGumtree,24,11,18,1,0,5,0,0,831,3,0,0.6,,1700,,,,,3,,,
ClassicGumtree,24,11,18,1,0,5,0,0,845,3,0,0.6,,1800,,,,,3,,,
ClassicGumtree,24,11,18,1,0,5,0,0,851,3,0,0.6,,1900,,,,,3,,,
ClassicGumtree,24,11,18,1,0,5,0,0,844,3,0,0.6,,2000,,,,,3,,,
ClassicGumtree,441,68,228,211,0,2,0,0,2,3,0,0.6,,100,,,,,4,,,
ClassicGumtree,441,68,228,211,0,2,0,0,1,3,0,0.6,,200,,,,,4,,,
ClassicGumtree,441,68,228,211,0,2,0,0,2,3,0,0.6,,300,,,,,4,,,
ClassicGumtree,441,68,228,211,0,2,0,0,1,3,0,0.6,,400,,,,,4,,,
ClassicGumtree,192,31,102,85,0,5,0,0,138,3,0,0.6,,500,,,,,4,,,
ClassicGumtree,192,31,102,85,0,5,0,0,138,3,0,0.6,,600,,,,,4,,,
ClassicGumtree,192,31,102,85,0,5,0,0,137,3,0,0.6,,700,,,,,4,,,
ClassicGumtree,24,11,18,1,0,5,0,0,844,3,0,0.6,,800,,,,,4,,,
ClassicGumtree,24,11,18,1,0,5,0,0,839,3,0,0.6,,900,,,,,4,,,
ClassicGumtree,24,11,18,1,0,5,0,0,842,3,0,0.6,,1000,,,,,4,,,
ClassicGumtree,24,11,18,1,0,5,0,0,845,3,0,0.6,,1100,,,,,4,,,
ClassicGumtree,24,11,18,1,0,5,0,0,840,3,0,0.6,,1200,,,,,4,,,
ClassicGumtree,24,11,18,1,0,5,0,0,844,3,0,0.6,,1300,,,,,4,,,
ClassicGumtree,24,11,18,1,0,5,0,0,839,3,0,0.6,,1400,,,,,4,,,
ClassicGumtree,24,11,18,1,0,5,0,0,827,3,0,0.6,,1500,,,,,4,,,
ClassicGumtree,24,11,18,1,0,5,0,0,833,3,0,0.6,,1600,,,,,4,,,
ClassicGumtree,24,11,18,1,0,5,0,0,826,3,0,0.6,,1700,,,,,4,,,
ClassicGumtree,24,11,18,1,0,5,0,0,834,3,0,0.6,,1800,,,,,4,,,
ClassicGumtree,24,11,18,1,0,5,0,0,827,3,0,0.6,,1900,,,,,4,,,
ClassicGumtree,24,11,18,1,0,5,0,0,833,3,0,0.6,,2000,,,,,4,,,
ClassicGumtree,593,10,301,284,0,8,0,0,2,3,0,0.6,,100,,,,,5,,,
ClassicGumtree,593,10,301,284,0,8,0,0,1,3,0,0.6,,200,,,,,5,,,
ClassicGumtree,593,10,301,284,0,8,0,0,2,3,0,0.6,,300,,,,,5,,,
ClassicGumtree,593,10,301,284,0,8,0,0,2,3,0,0.6,,400,,,,,5,,,
ClassicGumtree,593,10,301,284,0,8,0,0,2,3,0,0.6,,500,,,,,5,,,
ClassicGumtree,593,10,301,284,0,8,0,0,1,3,0,0.6,,600,,,,,5,,,
ClassicGumtree,593,10,301,284,0,8,0,0,2,3,0,0.6,,700,,,,,5,,,
ClassicGumtree,24,11,18,1,0,5,0,0,349,3,0,0.6,,800,,,,,5,,,
ClassicGumtree,24,11,18,1,0,5,0,0,347,3,0,0.6,,900,,,,,5,,,
ClassicGumtree,24,11,18,1,0,5,0,0,348,3,0,0.6,,1000,,,,,5,,,
ClassicGumtree,24,11,18,1,0,5,0,0,346,3,0,0.6,,1100,,,,,5,,,
ClassicGumtree,24,11,18,1,0,5,0,0,348,3,0,0.6,,1200,,,,,5,,,
ClassicGumtree,24,11,18,1,0,5,0,0,348,3,0,0.6,,1300,,,,,5,,,
ClassicGumtree,24,11,18,1,0,5,0,0,348,3,0,0.6,,1400,,,,,5,,,
ClassicGumtree,24,11,18,1,0,5,0,0,346,3,0,0.6,,1500,,,,,5,,,
ClassicGumtree,24,11,18,1,0,5,0,0,347,3,0,0.6,,1600,,,,,5,,,
ClassicGumtree,24,11,18,1,0,5,0,0,348,3,0,0.6,,1700,,,,,5,,,
ClassicGumtree,24,11,18,1,0,5,0,0,347,3,0,0.6,,1800,,,,,5,,,
ClassicGumtree,24,11,18,1,0,5,0,0,349,3,0,0.6,,1900,,,,,5,,,
ClassicGumtree,24,11,18,1,0,5,0,0,348,3,0,0.6,,2000,,,,,5,,,
ClassicGumtree,26,13,19,2,0,5,0,0,7,3,0,0.7,,100,,,,,1,,,
ClassicGumtree,26,13,19,2,0,5,0,0,8,3,0,0.7,,200,,,,,1,,,
ClassicGumtree,26,13,19,2,0,5,0,0,7,3,0,0.7,,300,,,,,1,,,
ClassicGumtree,26,13,19,2,0,5,0,0,7,3,0,0.7,,400,,,,,1,,,
ClassicGumtree,24,11,18,1,0,5,0,0,143,3,0,0.7,,500,,,,,1,,,
ClassicGumtree,24,11,18,1,0,5,0,0,142,3,0,0.7,,600,,,,,1,,,
ClassicGumtree,24,11,18,1,0,5,0,0,144,3,0,0.7,,700,,,,,1,,,
ClassicGumtree,24,11,18,1,0,5,0,0,835,3,0,0.7,,800,,,,,1,,,
ClassicGumtree,24,11,18,1,0,5,0,0,838,3,0,0.7,,900,,,,,1,,,
ClassicGumtree,24,11,18,1,0,5,0,0,834,3,0,0.7,,1000,,,,,1,,,
ClassicGumtree,24,11,18,1,0,5,0,0,839,3,0,0.7,,1100,,,,,1,,,
ClassicGumtree,24,11,18,1,0,5,0,0,831,3,0,0.7,,1200,,,,,1,,,
ClassicGumtree,24,11,18,1,0,5,0,0,834,3,0,0.7,,1300,,,,,1,,,
ClassicGumtree,24,11,18,1,0,5,0,0,834,3,0,0.7,,1400,,,,,1,,,
ClassicGumtree,24,11,18,1,0,5,0,0,839,3,0,0.7,,1500,,,,,1,,,
ClassicGumtree,24,11,18,1,0,5,0,0,837,3,0,0.7,,1600,,,,,1,,,
ClassicGumtree,24,11,18,1,0,5,0,0,839,3,0,0.7,,1700,,,,,1,,,
ClassicGumtree,24,11,18,1,0,5,0,0,833,3,0,0.7,,1800,,,,,1,,,
ClassicGumtree,24,11,18,1,0,5,0,0,840,3,0,0.7,,1900,,,,,1,,,
ClassicGumtree,24,11,18,1,0,5,0,0,833,3,0,0.7,,2000,,,,,1,,,
ClassicGumtree,90,37,51,34,0,5,0,0,8,3,0,0.7,,100,,,,,2,,,
ClassicGumtree,90,37,51,34,0,5,0,0,7,3,0,0.7,,200,,,,,2,,,
ClassicGumtree,90,37,51,34,0,5,0,0,7,3,0,0.7,,300,,,,,2,,,
ClassicGumtree,90,37,51,34,0,5,0,0,7,3,0,0.7,,400,,,,,2,,,
ClassicGumtree,28,13,20,3,0,5,0,0,142,3,0,0.7,,500,,,,,2,,,
ClassicGumtree,28,13,20,3,0,5,0,0,144,3,0,0.7,,600,,,,,2,,,
ClassicGumtree,28,13,20,3,0,5,0,0,143,3,0,0.7,,700,,,,,2,,,
ClassicGumtree,24,11,18,1,0,5,0,0,832,3,0,0.7,,800,,,,,2,,,
ClassicGumtree,24,11,18,1,0,5,0,0,839,3,0,0.7,,900,,,,,2,,,
ClassicGumtree,24,11,18,1,0,5,0,0,831,3,0,0.7,,1000,,,,,2,,,
ClassicGumtree,24,11,18,1,0,5,0,0,854,3,0,0.7,,1100,,,,,2,,,
ClassicGumtree,24,11,18,1,0,5,0,0,843,3,0,0.7,,1200,,,,,2,,,
ClassicGumtree,24,11,18,1,0,5,0,0,858,3,0,0.7,,1300,,,,,2,,,
ClassicGumtree,24,11,18,1,0,5,0,0,860,3,0,0.7,,1400,,,,,2,,,
ClassicGumtree,24,11,18,1,0,5,0,0,845,3,0,0.7,,1500,,,,,2,,,
ClassicGumtree,24,11,18,1,0,5,0,0,850,3,0,0.7,,1600,,,,,2,,,
ClassicGumtree,24,11,18,1,0,5,0,0,845,3,0,0.7,,1700,,,,,2,,,
ClassicGumtree,24,11,18,1,0,5,0,0,862,3,0,0.7,,1800,,,,,2,,,
ClassicGumtree,24,11,18,1,0,5,0,0,853,3,0,0.7,,1900,,,,,2,,,
ClassicGumtree,24,11,18,1,0,5,0,0,844,3,0,0.7,,2000,,,,,2,,,
ClassicGumtree,264,59,138,121,0,5,0,0,1,3,0,0.7,,100,,,,,3,,,
ClassicGumtree,264,59,138,121,0,5,0,0,2,3,0,0.7,,200,,,,,3,,,
ClassicGumtree,264,59,138,121,0,5,0,0,2,3,0,0.7,,300,,,,,3,,,
ClassicGumtree,264,59,138,121,0,5,0,0,1,3,0,0.7,,400,,,,,3,,,
ClassicGumtree,98,25,55,38,0,5,0,0,141,3,0,0.7,,500,,,,,3,,,
ClassicGumtree,98,25,55,38,0,5,0,0,138,3,0,0.7,,600,,,,,3,,,
ClassicGumtree,98,25,55,38,0,5,0,0,139,3,0,0.7,,700,,,,,3,,,
ClassicGumtree,24,11,18,1,0,5,0,0,830,3,0,0.7,,800,,,,,3,,,
ClassicGumtree,24,11,18,1,0,5,0,0,835,3,0,0.7,,900,,,,,3,,,
ClassicGumtree,24,11,18,1,0,5,0,0,826,3,0,0.7,,1000,,,,,3,,,
ClassicGumtree,24,11,18,1,0,5,0,0,836,3,0,0.7,,1100,,,,,3,,,
ClassicGumtree,24,11,18,1,0,5,0,0,824,3,0,0.7,,1200,,,,,3,,,
ClassicGumtree,24,11,18,1,0,5,0,0,830,3,0,0.7,,1300,,,,,3,,,
ClassicGumtree,24,11,18,1,0,5,0,0,827,3,0,0.7,,1400,,,,,3,,,
ClassicGumtree,24,11,18,1,0,5,0,0,826,3,0,0.7,,1500,,,,,3,,,
ClassicGumtree,24,11,18,1,0,5,0,0,832,3,0,0.7,,1600,,,,,3,,,
ClassicGumtree,24,11,18,1,0,5,0,0,827,3,0,0.7,,1700,,,,,3,,,
ClassicGumtree,24,11,18,1,0,5,0,0,831,3,0,0.7,,1800,,,,,3,,,
ClassicGumtree,24,11,18,1,0,5,0,0,826,3,0,0.7,,1900,,,,,3,,,
ClassicGumtree,24,11,18,1,0,5,0,0,830,3,0,0.7,,2000,,,,,3,,,
ClassicGumtree,455,14,230,213,0,12,0,0,2,3,0,0.7,,100,,,,,4,,,
ClassicGumtree,455,14,230,213,0,12,0,0,2,3,0,0.7,,200,,,,,4,,,
ClassicGumtree,455,14,230,213,0,12,0,0,2,3,0,0.7,,300,,,,,4,,,
ClassicGumtree,455,14,230,213,0,12,0,0,1,3,0,0.7,,400,,,,,4,,,
ClassicGumtree,455,14,230,213,0,12,0,0,2,3,0,0.7,,500,,,,,4,,,
ClassicGumtree,455,14,230,213,0,12,0,0,2,3,0,0.7,,600,,,,,4,,,
ClassicGumtree,455,14,230,213,0,12,0,0,2,3,0,0.7,,700,,,,,4,,,
ClassicGumtree,24,11,18,1,0,5,0,0,348,3,0,0.7,,800,,,,,4,,,
ClassicGumtree,24,11,18,1,0,5,0,0,348,3,0,0.7,,900,,,,,4,,,
ClassicGumtree,24,11,18,1,0,5,0,0,346,3,0,0.7,,1000,,,,,4,,,
ClassicGumtree,24,11,18,1,0,5,0,0,348,3,0,0.7,,1100,,,,,4,,,
ClassicGumtree,24,11,18,1,0,5,0,0,346,3,0,0.7,,1200,,,,,4,,,
ClassicGumtree,24,11,18,1,0,5,0,0,346,3,0,0.7,,1300,,,,,4,,,
ClassicGumtree,24,11,18,1,0,5,0,0,348,3,0,0.7,,1400,,,,,4,,,
ClassicGumtree,24,11,18,1,0,5,0,0,346,3,0,0.7,,1500,,,,,4,,,
ClassicGumtree,24,11,18,1,0,5,0,0,348,3,0,0.7,,1600,,,,,4,,,
ClassicGumtree,24,11,18,1,0,5,0,0,350,3,0,0.7,,1700,,,,,4,,,
ClassicGumtree,24,11,18,1,0,5,0,0,345,3,0,0.7,,1800,,,,,4,,,
ClassicGumtree,24,11,18,1,0,5,0,0,347,3,0,0.7,,1900,,,,,4,,,
ClassicGumtree,24,11,18,1,0,5,0,0,349,3,0,0.7,,2000,,,,,4,,,
ClassicGumtree,593,10,301,284,0,8,0,0,2,3,0,0.7,,100,,,,,5,,,
ClassicGumtree,593,10,301,284,0,8,0,0,2,3,0,0.7,,200,,,,,5,,,
ClassicGumtree,593,10,301,284,0,8,0,0,2,3,0,0.7,,300,,,,,5,,,
ClassicGumtree,593,10,301,284,0,8,0,0,2,3,0,0.7,,400,,,,,5,,,
ClassicGumtree,593,10,301,284,0,8,0,0,1,3,0,0.7,,500,,,,,5,,,
ClassicGumtree,593,10,301,284,0,8,0,0,1,3,0,0.7,,600,,,,,5,,,
ClassicGumtree,593,10,301,284,0,8,0,0,2,3,0,0.7,,700,,,,,5,,,
ClassicGumtree,24,11,18,1,0,5,0,0,346,3,0,0.7,,800,,,,,5,,,
ClassicGumtree,24,11,18,1,0,5,0,0,348,3,0,0.7,,900,,,,,5,,,
ClassicGumtree,24,11,18,1,0,5,0,0,345,3,0,0.7,,1000,,,,,5,,,
ClassicGumtree,24,11,18,1,0,5,0,0,348,3,0,0.7,,1100,,,,,5,,,
ClassicGumtree,24,11,18,1,0,5,0,0,346,3,0,0.7,,1200,,,,,5,,,
ClassicGumtree,24,11,18,1,0,5,0,0,348,3,0,0.7,,1300,,,,,5,,,
ClassicGumtree,24,11,18,1,0,5,0,0,347,3,0,0.7,,1400,,,,,5,,,
ClassicGumtree,24,11,18,1,0,5,0,0,345,3,0,0.7,,1500,,,,,5,,,
ClassicGumtree,24,11,18,1,0,5,0,0,345,3,0,0.7,,1600,,,,,5,,,
ClassicGumtree,24,11,18,1,0,5,0,0,348,3,0,0.7,,1700,,,,,5,,,
ClassicGumtree,24,11,18,1,0,5,0,0,345,3,0,0.7,,1800,,,,,5,,,
ClassicGumtree,24,11,18,1,0,5,0,0,349,3,0,0.7,,1900,,,,,5,,,
ClassicGumtree,24,11,18,1,0,5,0,0,345,3,0,0.7,,2000,,,,,5,,,
ClassicGumtree,26,13,19,2,0,5,0,0,7,3,0,0.799,,100,,,,,1,,,
ClassicGumtree,26,13,19,2,0,5,0,0,8,3,0,0.799,,200,,,,,1,,,
ClassicGumtree,26,13,19,2,0,5,0,0,7,3,0,0.799,,300,,,,,1,,,
ClassicGumtree,26,13,19,2,0,5,0,0,7,3,0,0.799,,400,,,,,1,,,
ClassicGumtree,24,11,18,1,0,5,0,0,144,3,0,0.799,,500,,,,,1,,,
ClassicGumtree,24,11,18,1,0,5,0,0,142,3,0,0.799,,600,,,,,1,,,
ClassicGumtree,24,11,18,1,0,5,0,0,144,3,0,0.799,,700,,,,,1,,,
ClassicGumtree,24,11,18,1,0,5,0,0,862,3,0,0.799,,800,,,,,1,,,
ClassicGumtree,24,11,18,1,0,5,0,0,856,3,0,0.799,,900,,,,,1,,,
ClassicGumtree,24,11,18,1,0,5,0,0,854,3,0,0.799,,1000,,,,,1,,,
ClassicGumtree,24,11,18,1,0,5,0,0,847,3,0,0.799,,1100,,,,,1,,,
ClassicGumtree,24,11,18,1,0,5,0,0,845,3,0,0.799,,1200,,,,,1,,,
ClassicGumtree,24,11,18,1,0,5,0,0,849,3,0,0.799,,1300,,,,,1,,,
ClassicGumtree,24,11,18,1,0,5,0,0,847,3,0,0.799,,1400,,,,,1,,,
ClassicGumtree,24,11,18,1,0,5,0,0,850,3,0,0.799,,1500,,,,,1,,,
ClassicGumtree,24,11,18,1,0,5,0,0,850,3,0,0.799,,1600,,,,,1,,,
ClassicGumtree,24,11,18,1,0,5,0,0,859,3,0,0.799,,1700,,,,,1,,,
ClassicGumtree,24,11,18,1,0,5,0,0,849,3,0,0.799,,1800,,,,,1,,,
ClassicGumtree,24,11,18,1,0,5,0,0,837,3,0,0.799,,1900,,,,,1,,,
ClassicGumtree,24,11,18,1,0,5,0,0,838,3,0,0.799,,2000,,,,,1,,,
ClassicGumtree,112,37,60,43,0,9,0,0,2,3,0,0.799,,100,,,,,2,,,
ClassicGumtree,112,37,60,43,0,9,0,0,1,3,0,0.799,,200,,,,,2,,,
ClassicGumtree,112,37,60,43,0,9,0,0,2,3,0,0.799,,300,,,,,2,,,
ClassicGumtree,112,37,60,43,0,9,0,0,1,3,0,0.799,,400,,,,,2,,,
ClassicGumtree,28,13,20,3,0,5,0,0,137,3,0,0.799,,500,,,,,2,,,
ClassicGumtree,28,13,20,3,0,5,0,0,136,3,0,0.799,,600,,,,,2,,,
ClassicGumtree,28,13,20,3,0,5,0,0,138,3,0,0.799,,700,,,,,2,,,
ClassicGumtree,24,11,18,1,0,5,0,0,824,3,0,0.799,,800,,,,,2,,,
ClassicGumtree,24,11,18,1,0,5,0,0,831,3,0,0.799,,900,,,,,2,,,
ClassicGumtree,24,11,18,1,0,5,0,0,832,3,0,0.799,,1000,,,,,2,,,
ClassicGumtree,24,11,18,1,0,5,0,0,829,3,0,0.799,,1100,,,,,2,,,
ClassicGumtree,24,11,18,1,0,5,0,0,827,3,0,0.799,,1200,,,,,2,,,
ClassicGumtree,24,11,18,1,0,5,0,0,825,3,0,0.799,,1300,,,,,2,,,
ClassicGumtree,24,11,18,1,0,5,0,0,832,3,0,0.799,,1400,,,,,2,,,
ClassicGumtree,24,11,18,1,0,5,0,0,830,3,0,0.799,,1500,,,,,2,,,
ClassicGumtree,24,11,18,1,0,5,0,0,832,3,0,0.799,,1600,,,,,2,,,
ClassicGumtree,24,11,18,1,0,5,0,0,828,3,0,0.799,,1700,,,,,2,,,
ClassicGumtree,24,11,18,1,0,5,0,0,827,3,0,0.799,,1800,,,,,2,,,
ClassicGumtree,24,11,18,1,0,5,0,0,831,3,0,0.799,,1900,,,,,2,,,
ClassicGumtree,24,11,18,1,0,5,0,0,831,3,0,0.799,,2000,,,,,2,,,
ClassicGumtree,274,29,139,122,0,13,0,0,2,3,0,0.799,,100,,,,,3,,,
ClassicGumtree,274,29,139,122,0,13,0,0,2,3,0,0.799,,200,,,,,3,,,
ClassicGumtree,274,29,139,122,0,13,0,0,1,3,0,0.799,,300,,,,,3,,,
ClassicGumtree,274,29,139,122,0,13,0,0,2,3,0,0.799,,400,,,,,3,,,
ClassicGumtree,274,29,139,122,0,13,0,0,1,3,0,0.799,,500,,,,,3,,,
ClassicGumtree,274,29,139,122,0,13,0,0,2,3,0,0.799,,600,,,,,3,,,
ClassicGumtree,274,29,139,122,0,13,0,0,2,3,0,0.799,,700,,,,,3,,,
ClassicGumtree,24,11,18,1,0,5,0,0,692,3,0,0.799,,800,,,,,3,,,
ClassicGumtree,24,11,18,1,0,5,0,0,691,3,0,0.799,,900,,,,,3,,,
ClassicGumtree,24,11,18,1,0,5,0,0,691,3,0,0.799,,1000,,,,,3,,,
ClassicGumtree,24,11,18,1,0,5,0,0,694,3,0,0.799,,1100,,,,,3,,,
ClassicGumtree,24,11,18,1,0,5,0,0,696,3,0,0.799,,1200,,,,,3,,,
ClassicGumtree,24,11,18,1,0,5,0,0,692,3,0,0.799,,1300,,,,,3,,,
ClassicGumtree,24,11,18,1,0,5,0,0,695,3,0,0.799,,1400,,,,,3,,,
ClassicGumtree,24,11,18,1,0,5,0,0,693,3,0,0.799,,1500,,,,,3,,,
ClassicGumtree,24,11,18,1,0,5,0,0,692,3,0,0.799,,1600,,,,,3,,,
ClassicGumtree,24,11,18,1,0,5,0,0,696,3,0,0.799,,1700,,,,,3,,,
ClassicGumtree,24,11,18,1,0,5,0,0,693,3,0,0.799,,1800,,,,,3,,,
ClassicGumtree,24,11,18,1,0,5,0,0,696,3,0,0.799,,1900,,,,,3,,,
ClassicGumtree,24,11,18,1,0,5,0,0,696,3,0,0.799,,2000,,,,,3,,,
ClassicGumtree,455,14,230,213,0,12,0,0,2,3,0,0.799,,100,,,,,4,,,
ClassicGumtree,455,14,230,213,0,12,0,0,2,3,0,0.799,,200,,,,,4,,,
ClassicGumtree,455,14,230,213,0,12,0,0,1,3,0,0.799,,300,,,,,4,,,
ClassicGumtree,455,14,230,213,0,12,0,0,2,3,0,0.799,,400,,,,,4,,,
ClassicGumtree,455,14,230,213,0,12,0,0,2,3,0,0.799,,500,,,,,4,,,
ClassicGumtree,455,14,230,213,0,12,0,0,1,3,0,0.799,,600,,,,,4,,,
ClassicGumtree,455,14,230,213,0,12,0,0,2,3,0,0.799,,700,,,,,4,,,
ClassicGumtree,24,11,18,1,0,5,0,0,349,3,0,0.799,,800,,,,,4,,,
ClassicGumtree,24,11,18,1,0,5,0,0,350,3,0,0.799,,900,,,,,4,,,
ClassicGumtree,24,11,18,1,0,5,0,0,349,3,0,0.799,,1000,,,,,4,,,
ClassicGumtree,24,11,18,1,0,5,0,0,346,3,0,0.799,,1100,,,,,4,,,
ClassicGumtree,24,11,18,1,0,5,0,0,345,3,0,0.799,,1200,,,,,4,,,
ClassicGumtree,24,11,18,1,0,5,0,0,346,3,0,0.799,,1300,,,,,4,,,
ClassicGumtree,24,11,18,1,0,5,0,0,348,3,0,0.799,,1400,,,,,4,,,
ClassicGumtree,24,11,18,1,0,5,0,0,348,3,0,0.799,,1500,,,,,4,,,
ClassicGumtree,24,11,18,1,0,5,0,0,349,3,0,0.799,,1600,,,,,4,,,
ClassicGumtree,24,11,18,1,0,5,0,0,349,3,0,0.799,,1700,,,,,4,,,
ClassicGumtree,24,11,18,1,0,5,0,0,348,3,0,0.799,,1800,,,,,4,,,
ClassicGumtree,24,11,18,1,0,5,0,0,348,3,0,0.799,,1900,,,,,4,,,
ClassicGumtree,24,11,18,1,0,5,0,0,372,3,0,0.799,,2000,,,,,4,,,
ClassicGumtree,593,10,301,284,0,8,0,0,2,3,0,0.799,,100,,,,,5,,,
ClassicGumtree,593,10,301,284,0,8,0,0,2,3,0,0.799,,200,,,,,5,,,
ClassicGumtree,593,10,301,284,0,8,0,0,2,3,0,0.799,,300,,,,,5,,,
ClassicGumtree,593,10,301,284,0,8,0,0,2,3,0,0.799,,400,,,,,5,,,
ClassicGumtree,593,10,301,284,0,8,0,0,2,3,0,0.799,,500,,,,,5,,,
ClassicGumtree,593,10,301,284,0,8,0,0,1,3,0,0.799,,600,,,,,5,,,
ClassicGumtree,593,10,301,284,0,8,0,0,1,3,0,0.799,,700,,,,,5,,,
ClassicGumtree,24,11,18,1,0,5,0,0,378,3,0,0.799,,800,,,,,5,,,
ClassicGumtree,24,11,18,1,0,5,0,0,382,3,0,0.799,,900,,,,,5,,,
ClassicGumtree,24,11,18,1,0,5,0,0,377,3,0,0.799,,1000,,,,,5,,,
ClassicGumtree,24,11,18,1,0,5,0,0,371,3,0,0.799,,1100,,,,,5,,,
ClassicGumtree,24,11,18,1,0,5,0,0,378,3,0,0.799,,1200,,,,,5,,,
ClassicGumtree,24,11,18,1,0,5,0,0,380,3,0,0.799,,1300,,,,,5,,,
ClassicGumtree,24,11,18,1,0,5,0,0,384,3,0,0.799,,1400,,,,,5,,,
ClassicGumtree,24,11,18,1,0,5,0,0,379,3,0,0.799,,1500,,,,,5,,,
ClassicGumtree,24,11,18,1,0,5,0,0,379,3,0,0.799,,1600,,,,,5,,,
ClassicGumtree,24,11,18,1,0,5,0,0,347,3,0,0.799,,1700,,,,,5,,,
ClassicGumtree,24,11,18,1,0,5,0,0,348,3,0,0.799,,1800,,,,,5,,,
ClassicGumtree,24,11,18,1,0,5,0,0,355,3,0,0.799,,1900,,,,,5,,,
ClassicGumtree,24,11,18,1,0,5,0,0,355,3,0,0.799,,2000,,,,,5,,,
ClassicGumtree,39,16,22,5,0,12,0,0,2,3,0,0.899,,100,,,,,1,,,
ClassicGumtree,39,16,22,5,0,12,0,0,2,3,0,0.899,,200,,,,,1,,,
ClassicGumtree,39,16,22,5,0,12,0,0,1,3,0,0.899,,300,,,,,1,,,
ClassicGumtree,39,16,22,5,0,12,0,0,1,3,0,0.899,,400,,,,,1,,,
ClassicGumtree,24,11,18,1,0,5,0,0,141,3,0,0.899,,500,,,,,1,,,
ClassicGumtree,24,11,18,1,0,5,0,0,140,3,0,0.899,,600,,,,,1,,,
ClassicGumtree,24,11,18,1,0,5,0,0,141,3,0,0.899,,700,,,,,1,,,
ClassicGumtree,24,11,18,1,0,5,0,0,839,3,0,0.899,,800,,,,,1,,,
ClassicGumtree,24,11,18,1,0,5,0,0,839,3,0,0.899,,900,,,,,1,,,
ClassicGumtree,24,11,18,1,0,5,0,0,838,3,0,0.899,,1000,,,,,1,,,
ClassicGumtree,24,11,18,1,0,5,0,0,838,3,0,0.899,,1100,,,,,1,,,
ClassicGumtree,24,11,18,1,0,5,0,0,831,3,0,0.899,,1200,,,,,1,,,
ClassicGumtree,24,11,18,1,0,5,0,0,837,3,0,0.899,,1300,,,,,1,,,
ClassicGumtree,24,11,18,1,0,5,0,0,837,3,0,0.899,,1400,,,,,1,,,
ClassicGumtree,24,11,18,1,0,5,0,0,831,3,0,0.899,,1500,,,,,1,,,
ClassicGumtree,24,11,18,1,0,5,0,0,839,3,0,0.899,,1600,,,,,1,,,
ClassicGumtree,24,11,18,1,0,5,0,0,832,3,0,0.899,,1700,,,,,1,,,
ClassicGumtree,24,11,18,1,0,5,0,0,831,3,0,0.899,,1800,,,,,1,,,
ClassicGumtree,24,11,18,1,0,5,0,0,825,3,0,0.899,,1900,,,,,1,,,
ClassicGumtree,24,11,18,1,0,5,0,0,827,3,0,0.899,,2000,,,,,1,,,
ClassicGumtree,129,28,61,44,0,24,0,0,1,3,0,0.899,,100,,,,,2,,,
ClassicGumtree,129,28,61,44,0,24,0,0,2,3,0,0.899,,200,,,,,2,,,
ClassicGumtree,129,28,61,44,0,24,0,0,1,3,0,0.899,,300,,,,,2,,,
ClassicGumtree,129,28,61,44,0,24,0,0,1,3,0,0.899,,400,,,,,2,,,
ClassicGumtree,129,28,61,44,0,24,0,0,1,3,0,0.899,,500,,,,,2,,,
ClassicGumtree,129,28,61,44,0,24,0,0,2,3,0,0.899,,600,,,,,2,,,
ClassicGumtree,129,28,61,44,0,24,0,0,2,3,0,0.899,,700,,,,,2,,,
ClassicGumtree,24,11,18,1,0,5,0,0,694,3,0,0.899,,800,,,,,2,,,
ClassicGumtree,24,11,18,1,0,5,0,0,690,3,0,0.899,,900,,,,,2,,,
ClassicGumtree,24,11,18,1,0,5,0,0,698,3,0,0.899,,1000,,,,,2,,,
ClassicGumtree,24,11,18,1,0,5,0,0,692,3,0,0.899,,1100,,,,,2,,,
ClassicGumtree,24,11,18,1,0,5,0,0,694,3,0,0.899,,1200,,,,,2,,,
ClassicGumtree,24,11,18,1,0,5,0,0,694,3,0,0.899,,1300,,,,,2,,,
ClassicGumtree,24,11,18,1,0,5,0,0,691,3,0,0.899,,1400,,,,,2,,,
ClassicGumtree,24,11,18,1,0,5,0,0,692,3,0,0.899,,1500,,,,,2,,,
ClassicGumtree,24,11,18,1,0,5,0,0,694,3,0,0.899,,1600,,,,,2,,,
ClassicGumtree,24,11,18,1,0,5,0,0,694,3,0,0.899,,1700,,,,,2,,,
ClassicGumtree,24,11,18,1,0,5,0,0,691,3,0,0.899,,1800,,,,,2,,,
ClassicGumtree,24,11,18,1,0,5,0,0,694,3,0,0.899,,1900,,,,,2,,,
ClassicGumtree,24,11,18,1,0,5,0,0,691,3,0,0.899,,2000,,,,,2,,,
ClassicGumtree,284,23,140,123,0,21,0,0,2,3,0,0.899,,100,,,,,3,,,
ClassicGumtree,284,23,140,123,0,21,0,0,2,3,0,0.899,,200,,,,,3,,,
ClassicGumtree,284,23,140,123,0,21,0,0,1,3,0,0.899,,300,,,,,3,,,
ClassicGumtree,284,23,140,123,0,21,0,0,2,3,0,0.899,,400,,,,,3,,,
ClassicGumtree,284,23,140,123,0,21,0,0,1,3,0,0.899,,500,,,,,3,,,
ClassicGumtree,284,23,140,123,0,21,0,0,1,3,0,0.899,,600,,,,,3,,,
ClassicGumtree,284,23,140,123,0,21,0,0,2,3,0,0.899,,700,,,,,3,,,
ClassicGumtree,24,11,18,1,0,5,0,0,346,3,0,0.899,,800,,,,,3,,,
ClassicGumtree,24,11,18,1,0,5,0,0,348,3,0,0.899,,900,,,,,3,,,
ClassicGumtree,24,11,18,1,0,5,0,0,348,3,0,0.899,,1000,,,,,3,,,
ClassicGumtree,24,11,18,1,0,5,0,0,346,3,0,0.899,,1100,,,,,3,,,
ClassicGumtree,24,11,18,1,0,5,0,0,344,3,0,0.899,,1200,,,,,3,,,
ClassicGumtree,24,11,18,1,0,5,0,0,348,3,0,0.899,,1300,,,,,3,,,
ClassicGumtree,24,11,18,1,0,5,0,0,349,3,0,0.899,,1400,,,,,3,,,
ClassicGumtree,24,11,18,1,0,5,0,0,344,3,0,0.899,,1500,,,,,3,,,
ClassicGumtree,24,11,18,1,0,5,0,0,345,3,0,0.899,,1600,,,,,3,,,
ClassicGumtree,24,11,18,1,0,5,0,0,348,3,0,0.899,,1700,,,,,3,,,
ClassicGumtree,24,11,18,1,0,5,0,0,349,3,0,0.899,,1800,,,,,3,,,
ClassicGumtree,24,11,18,1,0,5,0,0,348,3,0,0.899,,1900,,,,,3,,,
ClassicGumtree,24,11,18,1,0,5,0,0,348,3,0,0.899,,2000,,,,,3,,,
ClassicGumtree,455,14,230,213,0,12,0,0,2,3,0,0.899,,100,,,,,4,,,
ClassicGumtree,455,14,230,213,0,12,0,0,1,3,0,0.899,,200,,,,,4,,,
ClassicGumtree,455,14,230,213,0,12,0,0,2,3,0,0.899,,300,,,,,4,,,
ClassicGumtree,455,14,230,213,0,12,0,0,2,3,0,0.899,,400,,,,,4,,,
ClassicGumtree,455,14,230,213,0,12,0,0,1,3,0,0.899,,500,,,,,4,,,
ClassicGumtree,455,14,230,213,0,12,0,0,2,3,0,0.899,,600,,,,,4,,,
ClassicGumtree,455,14,230,213,0,12,0,0,2,3,0,0.899,,700,,,,,4,,,
ClassicGumtree,24,11,18,1,0,5,0,0,346,3,0,0.899,,800,,,,,4,,,
ClassicGumtree,24,11,18,1,0,5,0,0,346,3,0,0.899,,900,,,,,4,,,
ClassicGumtree,24,11,18,1,0,5,0,0,348,3,0,0.899,,1000,,,,,4,,,
ClassicGumtree,24,11,18,1,0,5,0,0,346,3,0,0.899,,1100,,,,,4,,,
ClassicGumtree,24,11,18,1,0,5,0,0,348,3,0,0.899,,1200,,,,,4,,,
ClassicGumtree,24,11,18,1,0,5,0,0,346,3,0,0.899,,1300,,,,,4,,,
ClassicGumtree,24,11,18,1,0,5,0,0,350,3,0,0.899,,1400,,,,,4,,,
ClassicGumtree,24,11,18,1,0,5,0,0,372,3,0,0.899,,1500,,,,,4,,,
ClassicGumtree,24,11,18,1,0,5,0,0,366,3,0,0.899,,1600,,,,,4,,,
ClassicGumtree,24,11,18,1,0,5,0,0,369,3,0,0.899,,1700,,,,,4,,,
ClassicGumtree,24,11,18,1,0,5,0,0,380,3,0,0.899,,1800,,,,,4,,,
ClassicGumtree,24,11,18,1,0,5,0,0,373,3,0,0.899,,1900,,,,,4,,,
ClassicGumtree,24,11,18,1,0,5,0,0,372,3,0,0.899,,2000,,,,,4,,,
ClassicGumtree,593,10,301,284,0,8,0,0,2,3,0,0.899,,100,,,,,5,,,
ClassicGumtree,593,10,301,284,0,8,0,0,2,3,0,0.899,,200,,,,,5,,,
ClassicGumtree,593,10,301,284,0,8,0,0,2,3,0,0.899,,300,,,,,5,,,
ClassicGumtree,593,10,301,284,0,8,0,0,2,3,0,0.899,,400,,,,,5,,,
ClassicGumtree,593,10,301,284,0,8,0,0,1,3,0,0.899,,500,,,,,5,,,
ClassicGumtree,593,10,301,284,0,8,0,0,2,3,0,0.899,,600,,,,,5,,,
ClassicGumtree,593,10,301,284,0,8,0,0,2,3,0,0.899,,700,,,,,5,,,
ClassicGumtree,24,11,18,1,0,5,0,0,373,3,0,0.899,,800,,,,,5,,,
ClassicGumtree,24,11,18,1,0,5,0,0,384,3,0,0.899,,900,,,,,5,,,
ClassicGumtree,24,11,18,1,0,5,0,0,372,3,0,0.899,,1000,,,,,5,,,
ClassicGumtree,24,11,18,1,0,5,0,0,374,3,0,0.899,,1100,,,,,5,,,
ClassicGumtree,24,11,18,1,0,5,0,0,348,3,0,0.899,,1200,,,,,5,,,
ClassicGumtree,24,11,18,1,0,5,0,0,349,3,0,0.899,,1300,,,,,5,,,
ClassicGumtree,24,11,18,1,0,5,0,0,351,3,0,0.899,,1400,,,,,5,,,
ClassicGumtree,24,11,18,1,0,5,0,0,347,3,0,0.899,,1500,,,,,5,,,
ClassicGumtree,24,11,18,1,0,5,0,0,346,3,0,0.899,,1600,,,,,5,,,
ClassicGumtree,24,11,18,1,0,5,0,0,349,3,0,0.899,,1700,,,,,5,,,
ClassicGumtree,24,11,18,1,0,5,0,0,348,3,0,0.899,,1800,,,,,5,,,
ClassicGumtree,24,11,18,1,0,5,0,0,345,3,0,0.899,,1900,,,,,5,,,
ClassicGumtree,24,11,18,1,0,5,0,0,346,3,0,0.899,,2000,,,,,5,,,
ClassicGumtree,84,55,24,7,0,53,0,0,2,3,0,0.999,,100,,,,,1,,,
ClassicGumtree,84,55,24,7,0,53,0,0,1,3,0,0.999,,200,,,,,1,,,
ClassicGumtree,84,55,24,7,0,53,0,0,2,3,0,0.999,,300,,,,,1,,,
ClassicGumtree,84,55,24,7,0,53,0,0,1,3,0,0.999,,400,,,,,1,,,
ClassicGumtree,84,55,24,7,0,53,0,0,2,3,0,0.999,,500,,,,,1,,,
ClassicGumtree,84,55,24,7,0,53,0,0,2,3,0,0.999,,600,,,,,1,,,
ClassicGumtree,84,55,24,7,0,53,0,0,1,3,0,0.999,,700,,,,,1,,,
ClassicGumtree,24,11,18,1,0,5,0,0,349,3,0,0.999,,800,,,,,1,,,
ClassicGumtree,24,11,18,1,0,5,0,0,348,3,0,0.999,,900,,,,,1,,,
ClassicGumtree,24,11,18,1,0,5,0,0,346,3,0,0.999,,1000,,,,,1,,,
ClassicGumtree,24,11,18,1,0,5,0,0,348,3,0,0.999,,1100,,,,,1,,,
ClassicGumtree,24,11,18,1,0,5,0,0,346,3,0,0.999,,1200,,,,,1,,,
ClassicGumtree,24,11,18,1,0,5,0,0,346,3,0,0.999,,1300,,,,,1,,,
ClassicGumtree,24,11,18,1,0,5,0,0,349,3,0,0.999,,1400,,,,,1,,,
ClassicGumtree,24,11,18,1,0,5,0,0,349,3,0,0.999,,1500,,,,,1,,,
ClassicGumtree,24,11,18,1,0,5,0,0,346,3,0,0.999,,1600,,,,,1,,,
ClassicGumtree,24,11,18,1,0,5,0,0,345,3,0,0.999,,1700,,,,,1,,,
ClassicGumtree,24,11,18,1,0,5,0,0,348,3,0,0.999,,1800,,,,,1,,,
ClassicGumtree,24,11,18,1,0,5,0,0,345,3,0,0.999,,1900,,,,,1,,,
ClassicGumtree,24,11,18,1,0,5,0,0,350,3,0,0.999,,2000,,,,,1,,,
ClassicGumtree,145,40,62,45,0,38,0,0,1,3,0,0.999,,100,,,,,2,,,
ClassicGumtree,145,40,62,45,0,38,0,0,2,3,0,0.999,,200,,,,,2,,,
ClassicGumtree,145,40,62,45,0,38,0,0,1,3,0,0.999,,300,,,,,2,,,
ClassicGumtree,145,40,62,45,0,38,0,0,2,3,0,0.999,,400,,,,,2,,,
ClassicGumtree,145,40,62,45,0,38,0,0,2,3,0,0.999,,500,,,,,2,,,
ClassicGumtree,145,40,62,45,0,38,0,0,1,3,0,0.999,,600,,,,,2,,,
ClassicGumtree,145,40,62,45,0,38,0,0,2,3,0,0.999,,700,,,,,2,,,
ClassicGumtree,24,11,18,1,0,5,0,0,349,3,0,0.999,,800,,,,,2,,,
ClassicGumtree,24,11,18,1,0,5,0,0,346,3,0,0.999,,900,,,,,2,,,
ClassicGumtree,24,11,18,1,0,5,0,0,346,3,0,0.999,,1000,,,,,2,,,
ClassicGumtree,24,11,18,1,0,5,0,0,349,3,0,0.999,,1100,,,,,2,,,
ClassicGumtree,24,11,18,1,0,5,0,0,348,3,0,0.999,,1200,,,,,2,,,
ClassicGumtree,24,11,18,1,0,5,0,0,346,3,0,0.999,,1300,,,,,2,,,
ClassicGumtree,24,11,18,1,0,5,0,0,346,3,0,0.999,,1400,,,,,2,,,
ClassicGumtree,24,11,18,1,0,5,0,0,346,3,0,0.999,,1500,,,,,2,,,
ClassicGumtree,24,11,18,1,0,5,0,0,348,3,0,0.999,,1600,,,,,2,,,
ClassicGumtree,24,11,18,1,0,5,0,0,348,3,0,0.999,,1700,,,,,2,,,
ClassicGumtree,24,11,18,1,0,5,0,0,348,3,0,0.999,,1800,,,,,2,,,
ClassicGumtree,24,11,18,1,0,5,0,0,345,3,0,0.999,,1900,,,,,2,,,
ClassicGumtree,24,11,18,1,0,5,0,0,346,3,0,0.999,,2000,,,,,2,,,
ClassicGumtree,284,23,140,123,0,21,0,0,1,3,0,0.999,,100,,,,,3,,,
ClassicGumtree,284,23,140,123,0,21,0,0,2,3,0,0.999,,200,,,,,3,,,
ClassicGumtree,284,23,140,123,0,21,0,0,2,3,0,0.999,,300,,,,,3,,,
ClassicGumtree,284,23,140,123,0,21,0,0,1,3,0,0.999,,400,,,,,3,,,
ClassicGumtree,284,23,140,123,0,21,0,0,2,3,0,0.999,,500,,,,,3,,,
ClassicGumtree,284,23,140,123,0,21,0,0,1,3,0,0.999,,600,,,,,3,,,
ClassicGumtree,284,23,140,123,0,21,0,0,2,3,0,0.999,,700,,,,,3,,,
ClassicGumtree,24,11,18,1,0,5,0,0,348,3,0,0.999,,800,,,,,3,,,
ClassicGumtree,24,11,18,1,0,5,0,0,349,3,0,0.999,,900,,,,,3,,,
ClassicGumtree,24,11,18,1,0,5,0,0,345,3,0,0.999,,1000,,,,,3,,,
ClassicGumtree,24,11,18,1,0,5,0,0,346,3,0,0.999,,1100,,,,,3,,,
ClassicGumtree,24,11,18,1,0,5,0,0,345,3,0,0.999,,1200,,,,,3,,,
ClassicGumtree,24,11,18,1,0,5,0,0,348,3,0,0.999,,1300,,,,,3,,,
ClassicGumtree,24,11,18,1,0,5,0,0,348,3,0,0.999,,1400,,,,,3,,,
ClassicGumtree,24,11,18,1,0,5,0,0,348,3,0,0.999,,1500,,,,,3,,,
ClassicGumtree,24,11,18,1,0,5,0,0,346,3,0,0.999,,1600,,,,,3,,,
ClassicGumtree,24,11,18,1,0,5,0,0,345,3,0,0.999,,1700,,,,,3,,,
ClassicGumtree,24,11,18,1,0,5,0,0,349,3,0,0.999,,1800,,,,,3,,,
ClassicGumtree,24,11,18,1,0,5,0,0,347,3,0,0.999,,1900,,,,,3,,,
ClassicGumtree,24,11,18,1,0,5,0,0,348,3,0,0.999,,2000,,,,,3,,,
ClassicGumtree,455,14,230,213,0,12,0,0,2,3,0,0.999,,100,,,,,4,,,
ClassicGumtree,455,14,230,213,0,12,0,0,2,3,0,0.999,,200,,,,,4,,,
ClassicGumtree,455,14,230,213,0,12,0,0,1,3,0,0.999,,300,,,,,4,,,
ClassicGumtree,455,14,230,213,0,12,0,0,1,3,0,0.999,,400,,,,,4,,,
ClassicGumtree,455,14,230,213,0,12,0,0,2,3,0,0.999,,500,,,,,4,,,
ClassicGumtree,455,14,230,213,0,12,0,0,2,3,0,0.999,,600,,,,,4,,,
ClassicGumtree,455,14,230,213,0,12,0,0,1,3,0,0.999,,700,,,,,4,,,
ClassicGumtree,24,11,18,1,0,5,0,0,346,3,0,0.999,,800,,,,,4,,,
ClassicGumtree,24,11,18,1,0,5,0,0,346,3,0,0.999,,900,,,,,4,,,
ClassicGumtree,24,11,18,1,0,5,0,0,347,3,0,0.999,,1000,,,,,4,,,
ClassicGumtree,24,11,18,1,0,5,0,0,348,3,0,0.999,,1100,,,,,4,,,
ClassicGumtree,24,11,18,1,0,5,0,0,349,3,0,0.999,,1200,,,,,4,,,
ClassicGumtree,24,11,18,1,0,5,0,0,345,3,0,0.999,,1300,,,,,4,,,
ClassicGumtree,24,11,18,1,0,5,0,0,349,3,0,0.999,,1400,,,,,4,,,
ClassicGumtree,24,11,18,1,0,5,0,0,348,3,0,0.999,,1500,,,,,4,,,
ClassicGumtree,24,11,18,1,0,5,0,0,346,3,0,0.999,,1600,,,,,4,,,
ClassicGumtree,24,11,18,1,0,5,0,0,349,3,0,0.999,,1700,,,,,4,,,
ClassicGumtree,24,11,18,1,0,5,0,0,345,3,0,0.999,,1800,,,,,4,,,
ClassicGumtree,24,11,18,1,0,5,0,0,345,3,0,0.999,,1900,,,,,4,,,
ClassicGumtree,24,11,18,1,0,5,0,0,349,3,0,0.999,,2000,,,,,4,,,
ClassicGumtree,593,10,301,284,0,8,0,0,2,3,0,0.999,,100,,,,,5,,,
ClassicGumtree,593,10,301,284,0,8,0,0,1,3,0,0.999,,200,,,,,5,,,
ClassicGumtree,593,10,301,284,0,8,0,0,2,3,0,0.999,,300,,,,,5,,,
ClassicGumtree,593,10,301,284,0,8,0,0,2,3,0,0.999,,400,,,,,5,,,
ClassicGumtree,593,10,301,284,0,8,0,0,2,3,0,0.999,,500,,,,,5,,,
ClassicGumtree,593,10,301,284,0,8,0,0,2,3,0,0.999,,600,,,,,5,,,
ClassicGumtree,593,10,301,284,0,8,0,0,1,3,0,0.999,,700,,,,,5,,,
ClassicGumtree,24,11,18,1,0,5,0,0,348,3,0,0.999,,800,,,,,5,,,
ClassicGumtree,24,11,18,1,0,5,0,0,349,3,0,0.999,,900,,,,,5,,,
ClassicGumtree,24,11,18,1,0,5,0,0,346,3,0,0.999,,1000,,,,,5,,,
ClassicGumtree,24,11,18,1,0,5,0,0,345,3,0,0.999,,1100,,,,,5,,,
ClassicGumtree,24,11,18,1,0,5,0,0,350,3,0,0.999,,1200,,,,,5,,,
ClassicGumtree,24,11,18,1,0,5,0,0,345,3,0,0.999,,1300,,,,,5,,,
ClassicGumtree,24,11,18,1,0,5,0,0,349,3,0,0.999,,1400,,,,,5,,,
ClassicGumtree,24,11,18,1,0,5,0,0,337,3,0,0.999,,1500,,,,,5,,,
ClassicGumtree,24,11,18,1,0,5,0,0,333,3,0,0.999,,1600,,,,,5,,,
ClassicGumtree,24,11,18,1,0,5,0,0,337,3,0,0.999,,1700,,,,,5,,,
ClassicGumtree,24,11,18,1,0,5,0,0,335,3,0,0.999,,1800,,,,,5,,,
ClassicGumtree,24,11,18,1,0,5,0,0,332,3,0,0.999,,1900,,,,,5,,,
ClassicGumtree,24,11,18,1,0,5,0,0,325,3,0,0.999,,2000,,,,,5,,,
CompleteGumtreeMatcher,84,55,24,7,0,53,0,0,2,3,0,0.1,,100,,,,,1,,,
CompleteGumtreeMatcher,84,55,24,7,0,53,0,0,2,3,0,0.1,,200,,,,,1,,,
CompleteGumtreeMatcher,84,55,24,7,0,53,0,0,1,3,0,0.1,,300,,,,,1,,,
CompleteGumtreeMatcher,84,55,24,7,0,53,0,0,1,3,0,0.1,,400,,,,,1,,,
CompleteGumtreeMatcher,84,55,24,7,0,53,0,0,1,3,0,0.1,,500,,,,,1,,,
CompleteGumtreeMatcher,84,55,24,7,0,53,0,0,1,3,0,0.1,,600,,,,,1,,,
CompleteGumtreeMatcher,84,55,24,7,0,53,0,0,2,3,0,0.1,,700,,,,,1,,,
CompleteGumtreeMatcher,24,11,18,1,0,5,0,0,348,3,0,0.1,,800,,,,,1,,,
CompleteGumtreeMatcher,24,11,18,1,0,5,0,0,372,3,0,0.1,,900,,,,,1,,,
CompleteGumtreeMatcher,24,11,18,1,0,5,0,0,307,3,0,0.1,,1000,,,,,1,,,
CompleteGumtreeMatcher,24,11,18,1,0,5,0,0,372,3,0,0.1,,1100,,,,,1,,,
CompleteGumtreeMatcher,24,11,18,1,0,5,0,0,373,3,0,0.1,,1200,,,,,1,,,
CompleteGumtreeMatcher,24,11,18,1,0,5,0,0,380,3,0,0.1,,1300,,,,,1,,,
CompleteGumtreeMatcher,24,11,18,1,0,5,0,0,371,3,0,0.1,,1400,,,,,1,,,
CompleteGumtreeMatcher,24,11,18,1,0,5,0,0,383,3,0,0.1,,1500,,,,,1,,,
CompleteGumtreeMatcher,24,11,18,1,0,5,0,0,373,3,0,0.1,,1600,,,,,1,,,
CompleteGumtreeMatcher,24,11,18,1,0,5,0,0,395,3,0,0.1,,1700,,,,,1,,,
CompleteGumtreeMatcher,24,11,18,1,0,5,0,0,360,3,0,0.1,,1800,,,,,1,,,
CompleteGumtreeMatcher,24,11,18,1,0,5,0,0,355,3,0,0.1,,1900,,,,,1,,,
CompleteGumtreeMatcher,24,11,18,1,0,5,0,0,408,3,0,0.1,,2000,,,,,1,,,
CompleteGumtreeMatcher,145,40,62,45,0,38,0,0,2,3,0,0.1,,100,,,,,2,,,
CompleteGumtreeMatcher,145,40,62,45,0,38,0,0,1,3,0,0.1,,200,,,,,2,,,
CompleteGumtreeMatcher,145,40,62,45,0,38,0,0,1,3,0,0.1,,300,,,,,2,,,
CompleteGumtreeMatcher,145,40,62,45,0,38,0,0,2,3,0,0.1,,400,,,,,2,,,
CompleteGumtreeMatcher,145,40,62,45,0,38,0,0,2,3,0,0.1,,500,,,,,2,,,
CompleteGumtreeMatcher,145,40,62,45,0,38,0,0,2,3,0,0.1,,600,,,,,2,,,
CompleteGumtreeMatcher,145,40,62,45,0,38,0,0,2,3,0,0.1,,700,,,,,2,,,
CompleteGumtreeMatcher,24,11,18,1,0,5,0,0,362,3,0,0.1,,800,,,,,2,,,
CompleteGumtreeMatcher,24,11,18,1,0,5,0,0,380,3,0,0.1,,900,,,,,2,,,
CompleteGumtreeMatcher,24,11,18,1,0,5,0,0,380,3,0,0.1,,1000,,,,,2,,,
CompleteGumtreeMatcher,24,11,18,1,0,5,0,0,380,3,0,0.1,,1100,,,,,2,,,
CompleteGumtreeMatcher,24,11,18,1,0,5,0,0,380,3,0,0.1,,1200,,,,,2,,,
CompleteGumtreeMatcher,24,11,18,1,0,5,0,0,356,3,0,0.1,,1300,,,,,2,,,
CompleteGumtreeMatcher,24,11,18,1,0,5,0,0,377,3,0,0.1,,1400,,,,,2,,,
CompleteGumtreeMatcher,24,11,18,1,0,5,0,0,379,3,0,0.1,,1500,,,,,2,,,
CompleteGumtreeMatcher,24,11,18,1,0,5,0,0,347,3,0,0.1,,1600,,,,,2,,,
CompleteGumtreeMatcher,24,11,18,1,0,5,0,0,348,3,0,0.1,,1700,,,,,2,,,
CompleteGumtreeMatcher,24,11,18,1,0,5,0,0,347,3,0,0.1,,1800,,,,,2,,,
CompleteGumtreeMatcher,24,11,18,1,0,5,0,0,346,3,0,0.1,,1900,,,,,2,,,
CompleteGumtreeMatcher,24,11,18,1,0,5,0,0,346,3,0,0.1,,2000,,,,,2,,,
CompleteGumtreeMatcher,284,23,140,123,0,21,0,0,2,3,0,0.1,,100,,,,,3,,,
CompleteGumtreeMatcher,284,23,140,123,0,21,0,0,2,3,0,0.1,,200,,,,,3,,,
CompleteGumtreeMatcher,284,23,140,123,0,21,0,0,1,3,0,0.1,,300,,,,,3,,,
CompleteGumtreeMatcher,284,23,140,123,0,21,0,0,2,3,0,0.1,,400,,,,,3,,,
CompleteGumtreeMatcher,284,23,140,123,0,21,0,0,2,3,0,0.1,,500,,,,,3,,,
CompleteGumtreeMatcher,284,23,140,123,0,21,0,0,1,3,0,0.1,,600,,,,,3,,,
CompleteGumtreeMatcher,284,23,140,123,0,21,0,0,1,3,0,0.1,,700,,,,,3,,,
CompleteGumtreeMatcher,24,11,18,1,0,5,0,0,347,3,0,0.1,,800,,,,,3,,,
CompleteGumtreeMatcher,24,11,18,1,0,5,0,0,348,3,0,0.1,,900,,,,,3,,,
CompleteGumtreeMatcher,24,11,18,1,0,5,0,0,346,3,0,0.1,,1000,,,,,3,,,
CompleteGumtreeMatcher,24,11,18,1,0,5,0,0,350,3,0,0.1,,1100,,,,,3,,,
CompleteGumtreeMatcher,24,11,18,1,0,5,0,0,346,3,0,0.1,,1200,,,,,3,,,
CompleteGumtreeMatcher,24,11,18,1,0,5,0,0,346,3,0,0.1,,1300,,,,,3,,,
CompleteGumtreeMatcher,24,11,18,1,0,5,0,0,348,3,0,0.1,,1400,,,,,3,,,
CompleteGumtreeMatcher,24,11,18,1,0,5,0,0,346,3,0,0.1,,1500,,,,,3,,,
CompleteGumtreeMatcher,24,11,18,1,0,5,0,0,346,3,0,0.1,,1600,,,,,3,,,
CompleteGumtreeMatcher,24,11,18,1,0,5,0,0,346,3,0,0.1,,1700,,,,,3,,,
CompleteGumtreeMatcher,24,11,18,1,0,5,0,0,346,3,0,0.1,,1800,,,,,3,,,
CompleteGumtreeMatcher,24,11,18,1,0,5,0,0,346,3,0,0.1,,1900,,,,,3,,,
CompleteGumtreeMatcher,24,11,18,1,0,5,0,0,346,3,0,0.1,,2000,,,,,3,,,
CompleteGumtreeMatcher,455,14,230,213,0,12,0,0,2,3,0,0.1,,100,,,,,4,,,
CompleteGumtreeMatcher,455,14,230,213,0,12,0,0,2,3,0,0.1,,200,,,,,4,,,
CompleteGumtreeMatcher,455,14,230,213,0,12,0,0,1,3,0,0.1,,300,,,,,4,,,
CompleteGumtreeMatcher,455,14,230,213,0,12,0,0,2,3,0,0.1,,400,,,,,4,,,
CompleteGumtreeMatcher,455,14,230,213,0,12,0,0,1,3,0,0.1,,500,,,,,4,,,
CompleteGumtreeMatcher,455,14,230,213,0,12,0,0,2,3,0,0.1,,600,,,,,4,,,
CompleteGumtreeMatcher,455,14,230,213,0,12,0,0,2,3,0,0.1,,700,,,,,4,,,
CompleteGumtreeMatcher,24,11,18,1,0,5,0,0,346,3,0,0.1,,800,,,,,4,,,
CompleteGumtreeMatcher,24,11,18,1,0,5,0,0,347,3,0,0.1,,900,,,,,4,,,
CompleteGumtreeMatcher,24,11,18,1,0,5,0,0,347,3,0,0.1,,1000,,,,,4,,,
CompleteGumtreeMatcher,24,11,18,1,0,5,0,0,347,3,0,0.1,,1100,,,,,4,,,
CompleteGumtreeMatcher,24,11,18,1,0,5,0,0,348,3,0,0.1,,1200,,,,,4,,,
CompleteGumtreeMatcher,24,11,18,1,0,5,0,0,346,3,0,0.1,,1300,,,,,4,,,
CompleteGumtreeMatcher,24,11,18,1,0,5,0,0,346,3,0,0.1,,1400,,,,,4,,,
CompleteGumtreeMatcher,24,11,18,1,0,5,0,0,347,3,0,0.1,,1500,,,,,4,,,
CompleteGumtreeMatcher,24,11,18,1,0,5,0,0,346,3,0,0.1,,1600,,,,,4,,,
CompleteGumtreeMatcher,24,11,18,1,0,5,0,0,346,3,0,0.1,,1700,,,,,4,,,
CompleteGumtreeMatcher,24,11,18,1,0,5,0,0,347,3,0,0.1,,1800,,,,,4,,,
CompleteGumtreeMatcher,24,11,18,1,0,5,0,0,346,3,0,0.1,,1900,,,,,4,,,
CompleteGumtreeMatcher,24,11,18,1,0,5,0,0,345,3,0,0.1,,2000,,,,,4,,,
CompleteGumtreeMatcher,593,10,301,284,0,8,0,0,2,3,0,0.1,,100,,,,,5,,,
CompleteGumtreeMatcher,593,10,301,284,0,8,0,0,1,3,0,0.1,,200,,,,,5,,,
CompleteGumtreeMatcher,593,10,301,284,0,8,0,0,2,3,0,0.1,,300,,,,,5,,,
CompleteGumtreeMatcher,593,10,301,284,0,8,0,0,2,3,0,0.1,,400,,,,,5,,,
CompleteGumtreeMatcher,593,10,301,284,0,8,0,0,2,3,0,0.1,,500,,,,,5,,,
CompleteGumtreeMatcher,593,10,301,284,0,8,0,0,2,3,0,0.1,,600,,,,,5,,,
CompleteGumtreeMatcher,593,10,301,284,0,8,0,0,1,3,0,0.1,,700,,,,,5,,,
CompleteGumtreeMatcher,24,11,18,1,0,5,0,0,349,3,0,0.1,,800,,,,,5,,,
CompleteGumtreeMatcher,24,11,18,1,0,5,0,0,347,3,0,0.1,,900,,,,,5,,,
CompleteGumtreeMatcher,24,11,18,1,0,5,0,0,346,3,0,0.1,,1000,,,,,5,,,
CompleteGumtreeMatcher,24,11,18,1,0,5,0,0,345,3,0,0.1,,1100,,,,,5,,,
CompleteGumtreeMatcher,24,11,18,1,0,5,0,0,345,3,0,0.1,,1200,,,,,5,,,
CompleteGumtreeMatcher,24,11,18,1,0,5,0,0,347,3,0,0.1,,1300,,,,,5,,,
CompleteGumtreeMatcher,24,11,18,1,0,5,0,0,346,3,0,0.1,,1400,,,,,5,,,
CompleteGumtreeMatcher,24,11,18,1,0,5,0,0,348,3,0,0.1,,1500,,,,,5,,,
CompleteGumtreeMatcher,24,11,18,1,0,5,0,0,346,3,0,0.1,,1600,,,,,5,,,
CompleteGumtreeMatcher,24,11,18,1,0,5,0,0,347,3,0,0.1,,1700,,,,,5,,,
CompleteGumtreeMatcher,24,11,18,1,0,5,0,0,348,3,0,0.1,,1800,,,,,5,,,
CompleteGumtreeMatcher,24,11,18,1,0,5,0,0,346,3,0,0.1,,1900,,,,,5,,,
CompleteGumtreeMatcher,24,11,18,1,0,5,0,0,347,3,0,0.1,,2000,,,,,5,,,
CompleteGumtreeMatcher,84,55,24,7,0,53,0,0,2,3,0,0.2,,100,,,,,1,,,
CompleteGumtreeMatcher,84,55,24,7,0,53,0,0,1,3,0,0.2,,200,,,,,1,,,
CompleteGumtreeMatcher,84,55,24,7,0,53,0,0,1,3,0,0.2,,300,,,,,1,,,
CompleteGumtreeMatcher,84,55,24,7,0,53,0,0,2,3,0,0.2,,400,,,,,1,,,
CompleteGumtreeMatcher,84,55,24,7,0,53,0,0,1,3,0,0.2,,500,,,,,1,,,
CompleteGumtreeMatcher,84,55,24,7,0,53,0,0,2,3,0,0.2,,600,,,,,1,,,
CompleteGumtreeMatcher,84,55,24,7,0,53,0,0,1,3,0,0.2,,700,,,,,1,,,
CompleteGumtreeMatcher,24,11,18,1,0,5,0,0,347,3,0,0.2,,800,,,,,1,,,
CompleteGumtreeMatcher,24,11,18,1,0,5,0,0,347,3,0,0.2,,900,,,,,1,,,
CompleteGumtreeMatcher,24,11,18,1,0,5,0,0,349,3,0,0.2,,1000,,,,,1,,,
CompleteGumtreeMatcher,24,11,18,1,0,5,0,0,345,3,0,0.2,,1100,,,,,1,,,
CompleteGumtreeMatcher,24,11,18,1,0,5,0,0,347,3,0,0.2,,1200,,,,,1,,,
CompleteGumtreeMatcher,24,11,18,1,0,5,0,0,347,3,0,0.2,,1300,,,,,1,,,
CompleteGumtreeMatcher,24,11,18,1,0,5,0,0,346,3,0,0.2,,1400,,,,,1,,,
CompleteGumtreeMatcher,24,11,18,1,0,5,0,0,347,3,0,0.2,,1500,,,,,1,,,
CompleteGumtreeMatcher,24,11,18,1,0,5,0,0,348,3,0,0.2,,1600,,,,,1,,,
CompleteGumtreeMatcher,24,11,18,1,0,5,0,0,347,3,0,0.2,,1700,,,,,1,,,
CompleteGumtreeMatcher,24,11,18,1,0,5,0,0,346,3,0,0.2,,1800,,,,,1,,,
CompleteGumtreeMatcher,24,11,18,1,0,5,0,0,346,3,0,0.2,,1900,,,,,1,,,
CompleteGumtreeMatcher,24,11,18,1,0,5,0,0,348,3,0,0.2,,2000,,,,,1,,,
CompleteGumtreeMatcher,145,40,62,45,0,38,0,0,2,3,0,0.2,,100,,,,,2,,,
CompleteGumtreeMatcher,145,40,62,45,0,38,0,0,1,3,0,0.2,,200,,,,,2,,,
CompleteGumtreeMatcher,145,40,62,45,0,38,0,0,2,3,0,0.2,,300,,,,,2,,,
CompleteGumtreeMatcher,145,40,62,45,0,38,0,0,1,3,0,0.2,,400,,,,,2,,,
CompleteGumtreeMatcher,145,40,62,45,0,38,0,0,2,3,0,0.2,,500,,,,,2,,,
CompleteGumtreeMatcher,145,40,62,45,0,38,0,0,1,3,0,0.2,,600,,,,,2,,,
CompleteGumtreeMatcher,145,40,62,45,0,38,0,0,2,3,0,0.2,,700,,,,,2,,,
CompleteGumtreeMatcher,24,11,18,1,0,5,0,0,346,3,0,0.2,,800,,,,,2,,,
CompleteGumtreeMatcher,24,11,18,1,0,5,0,0,347,3,0,0.2,,900,,,,,2,,,
CompleteGumtreeMatcher,24,11,18,1,0,5,0,0,345,3,0,0.2,,1000,,,,,2,,,
CompleteGumtreeMatcher,24,11,18,1,0,5,0,0,346,3,0,0.2,,1100,,,,,2,,,
CompleteGumtreeMatcher,24,11,18,1,0,5,0,0,345,3,0,0.2,,1200,,,,,2,,,
CompleteGumtreeMatcher,24,11,18,1,0,5,0,0,346,3,0,0.2,,1300,,,,,2,,,
CompleteGumtreeMatcher,24,11,18,1,0,5,0,0,347,3,0,0.2,,1400,,,,,2,,,
CompleteGumtreeMatcher,24,11,18,1,0,5,0,0,348,3,0,0.2,,1500,,,,,2,,,
CompleteGumtreeMatcher,24,11,18,1,0,5,0,0,347,3,0,0.2,,1600,,,,,2,,,
CompleteGumtreeMatcher,24,11,18,1,0,5,0,0,348,3,0,0.2,,1700,,,,,2,,,
CompleteGumtreeMatcher,24,11,18,1,0,5,0,0,347,3,0,0.2,,1800,,,,,2,,,
CompleteGumtreeMatcher,24,11,18,1,0,5,0,0,344,3,0,0.2,,1900,,,,,2,,,
CompleteGumtreeMatcher,24,11,18,1,0,5,0,0,346,3,0,0.2,,2000,,,,,2,,,
CompleteGumtreeMatcher,284,23,140,123,0,21,0,0,1,3,0,0.2,,100,,,,,3,,,
CompleteGumtreeMatcher,284,23,140,123,0,21,0,0,2,3,0,0.2,,200,,,,,3,,,
CompleteGumtreeMatcher,284,23,140,123,0,21,0,0,1,3,0,0.2,,300,,,,,3,,,
CompleteGumtreeMatcher,284,23,140,123,0,21,0,0,2,3,0,0.2,,400,,,,,3,,,
CompleteGumtreeMatcher,284,23,140,123,0,21,0,0,1,3,0,0.2,,500,,,,,3,,,
CompleteGumtreeMatcher,284,23,140,123,0,21,0,0,2,3,0,0.2,,600,,,,,3,,,
CompleteGumtreeMatcher,284,23,140,123,0,21,0,0,1,3,0,0.2,,700,,,,,3,,,
CompleteGumtreeMatcher,24,11,18,1,0,5,0,0,346,3,0,0.2,,800,,,,,3,,,
CompleteGumtreeMatcher,24,11,18,1,0,5,0,0,347,3,0,0.2,,900,,,,,3,,,
CompleteGumtreeMatcher,24,11,18,1,0,5,0,0,347,3,0,0.2,,1000,,,,,3,,,
CompleteGumtreeMatcher,24,11,18,1,0,5,0,0,345,3,0,0.2,,1100,,,,,3,,,
CompleteGumtreeMatcher,24,11,18,1,0,5,0,0,346,3,0,0.2,,1200,,,,,3,,,
CompleteGumtreeMatcher,24,11,18,1,0,5,0,0,346,3,0,0.2,,1300,,,,,3,,,
CompleteGumtreeMatcher,24,11,18,1,0,5,0,0,346,3,0,0.2,,1400,,,,,3,,,
CompleteGumtreeMatcher,24,11,18,1,0,5,0,0,346,3,0,0.2,,1500,,,,,3,,,
CompleteGumtreeMatcher,24,11,18,1,0,5,0,0,347,3,0,0.2,,1600,,,,,3,,,
CompleteGumtreeMatcher,24,11,18,1,0,5,0,0,379,3,0,0.2,,1700,,,,,3,,,
CompleteGumtreeMatcher,24,11,18,1,0,5,0,0,367,3,0,0.2,,1800,,,,,3,,,
CompleteGumtreeMatcher,24,11,18,1,0,5,0,0,367,3,0,0.2,,1900,,,,,3,,,
CompleteGumtreeMatcher,24,11,18,1,0,5,0,0,369,3,0,0.2,,2000,,,,,3,,,
CompleteGumtreeMatcher,455,14,230,213,0,12,0,0,2,3,0,0.2,,100,,,,,4,,,
CompleteGumtreeMatcher,455,14,230,213,0,12,0,0,2,3,0,0.2,,200,,,,,4,,,
CompleteGumtreeMatcher,455,14,230,213,0,12,0,0,1,3,0,0.2,,300,,,,,4,,,
CompleteGumtreeMatcher,455,14,230,213,0,12,0,0,2,3,0,0.2,,400,,,,,4,,,
CompleteGumtreeMatcher,455,14,230,213,0,12,0,0,2,3,0,0.2,,500,,,,,4,,,
CompleteGumtreeMatcher,455,14,230,213,0,12,0,0,1,3,0,0.2,,600,,,,,4,,,
CompleteGumtreeMatcher,455,14,230,213,0,12,0,0,1,3,0,0.2,,700,,,,,4,,,
CompleteGumtreeMatcher,24,11,18,1,0,5,0,0,377,3,0,0.2,,800,,,,,4,,,
CompleteGumtreeMatcher,24,11,18,1,0,5,0,0,379,3,0,0.2,,900,,,,,4,,,
CompleteGumtreeMatcher,24,11,18,1,0,5,0,0,365,3,0,0.2,,1000,,,,,4,,,
CompleteGumtreeMatcher,24,11,18,1,0,5,0,0,364,3,0,0.2,,1100,,,,,4,,,
CompleteGumtreeMatcher,24,11,18,1,0,5,0,0,364,3,0,0.2,,1200,,,,,4,,,
CompleteGumtreeMatcher,24,11,18,1,0,5,0,0,368,3,0,0.2,,1300,,,,,4,,,
CompleteGumtreeMatcher,24,11,18,1,0,5,0,0,356,3,0,0.2,,1400,,,,,4,,,
CompleteGumtreeMatcher,24,11,18,1,0,5,0,0,348,3,0,0.2,,1500,,,,,4,,,
CompleteGumtreeMatcher,24,11,18,1,0,5,0,0,348,3,0,0.2,,1600,,,,,4,,,
CompleteGumtreeMatcher,24,11,18,1,0,5,0,0,348,3,0,0.2,,1700,,,,,4,,,
CompleteGumtreeMatcher,24,11,18,1,0,5,0,0,346,3,0,0.2,,1800,,,,,4,,,
CompleteGumtreeMatcher,24,11,18,1,0,5,0,0,346,3,0,0.2,,1900,,,,,4,,,
CompleteGumtreeMatcher,24,11,18,1,0,5,0,0,362,3,0,0.2,,2000,,,,,4,,,
CompleteGumtreeMatcher,593,10,301,284,0,8,0,0,2,3,0,0.2,,100,,,,,5,,,
CompleteGumtreeMatcher,593,10,301,284,0,8,0,0,1,3,0,0.2,,200,,,,,5,,,
CompleteGumtreeMatcher,593,10,301,284,0,8,0,0,2,3,0,0.2,,300,,,,,5,,,
CompleteGumtreeMatcher,593,10,301,284,0,8,0,0,2,3,0,0.2,,400,,,,,5,,,
CompleteGumtreeMatcher,593,10,301,284,0,8,0,0,2,3,0,0.2,,500,,,,,5,,,
CompleteGumtreeMatcher,593,10,301,284,0,8,0,0,2,3,0,0.2,,600,,,,,5,,,
CompleteGumtreeMatcher,593,10,301,284,0,8,0,0,1,3,0,0.2,,700,,,,,5,,,
CompleteGumtreeMatcher,24,11,18,1,0,5,0,0,364,3,0,0.2,,800,,,,,5,,,
CompleteGumtreeMatcher,24,11,18,1,0,5,0,0,347,3,0,0.2,,900,,,,,5,,,
CompleteGumtreeMatcher,24,11,18,1,0,5,0,0,347,3,0,0.2,,1000,,,,,5,,,
CompleteGumtreeMatcher,24,11,18,1,0,5,0,0,346,3,0,0.2,,1100,,,,,5,,,
CompleteGumtreeMatcher,24,11,18,1,0,5,0,0,347,3,0,0.2,,1200,,,,,5,,,
CompleteGumtreeMatcher,24,11,18,1,0,5,0,0,347,3,0,0.2,,1300,,,,,5,,,
CompleteGumtreeMatcher,24,11,18,1,0,5,0,0,348,3,0,0.2,,1400,,,,,5,,,
CompleteGumtreeMatcher,24,11,18,1,0,5,0,0,347,3,0,0.2,,1500,,,,,5,,,
CompleteGumtreeMatcher,24,11,18,1,0,5,0,0,348,3,0,0.2,,1600,,,,,5,,,
CompleteGumtreeMatcher,24,11,18,1,0,5,0,0,346,3,0,0.2,,1700,,,,,5,,,
CompleteGumtreeMatcher,24,11,18,1,0,5,0,0,346,3,0,0.2,,1800,,,,,5,,,
CompleteGumtreeMatcher,24,11,18,1,0,5,0,0,346,3,0,0.2,,1900,,,,,5,,,
CompleteGumtreeMatcher,24,11,18,1,0,5,0,0,347,3,0,0.2,,2000,,,,,5,,,
CompleteGumtreeMatcher,84,55,24,7,0,53,0,0,2,3,0,0.3,,100,,,,,1,,,
CompleteGumtreeMatcher,84,55,24,7,0,53,0,0,1,3,0,0.3,,200,,,,,1,,,
CompleteGumtreeMatcher,84,55,24,7,0,53,0,0,2,3,0,0.3,,300,,,,,1,,,
CompleteGumtreeMatcher,84,55,24,7,0,53,0,0,1,3,0,0.3,,400,,,,,1,,,
CompleteGumtreeMatcher,84,55,24,7,0,53,0,0,2,3,0,0.3,,500,,,,,1,,,
CompleteGumtreeMatcher,84,55,24,7,0,53,0,0,2,3,0,0.3,,600,,,,,1,,,
CompleteGumtreeMatcher,84,55,24,7,0,53,0,0,1,3,0,0.3,,700,,,,,1,,,
CompleteGumtreeMatcher,24,11,18,1,0,5,0,0,346,3,0,0.3,,800,,,,,1,,,
CompleteGumtreeMatcher,24,11,18,1,0,5,0,0,346,3,0,0.3,,900,,,,,1,,,
CompleteGumtreeMatcher,24,11,18,1,0,5,0,0,347,3,0,0.3,,1000,,,,,1,,,
CompleteGumtreeMatcher,24,11,18,1,0,5,0,0,350,3,0,0.3,,1100,,,,,1,,,
CompleteGumtreeMatcher,24,11,18,1,0,5,0,0,346,3,0,0.3,,1200,,,,,1,,,
CompleteGumtreeMatcher,24,11,18,1,0,5,0,0,346,3,0,0.3,,1300,,,,,1,,,
CompleteGumtreeMatcher,24,11,18,1,0,5,0,0,346,3,0,0.3,,1400,,,,,1,,,
CompleteGumtreeMatcher,24,11,18,1,0,5,0,0,346,3,0,0.3,,1500,,,,,1,,,
CompleteGumtreeMatcher,24,11,18,1,0,5,0,0,346,3,0,0.3,,1600,,,,,1,,,
CompleteGumtreeMatcher,24,11,18,1,0,5,0,0,346,3,0,0.3,,1700,,,,,1,,,
CompleteGumtreeMatcher,24,11,18,1,0,5,0,0,347,3,0,0.3,,1800,,,,,1,,,
CompleteGumtreeMatcher,24,11,18,1,0,5,0,0,348,3,0,0.3,,1900,,,,,1,,,
CompleteGumtreeMatcher,24,11,18,1,0,5,0,0,347,3,0,0.3,,2000,,,,,1,,,
CompleteGumtreeMatcher,145,40,62,45,0,38,0,0,2,3,0,0.3,,100,,,,,2,,,
CompleteGumtreeMatcher,145,40,62,45,0,38,0,0,1,3,0,0.3,,200,,,,,2,,,
CompleteGumtreeMatcher,145,40,62,45,0,38,0,0,1,3,0,0.3,,300,,,,,2,,,
CompleteGumtreeMatcher,145,40,62,45,0,38,0,0,1,3,0,0.3,,400,,,,,2,,,
CompleteGumtreeMatcher,145,40,62,45,0,38,0,0,2,3,0,0.3,,500,,,,,2,,,
CompleteGumtreeMatcher,145,40,62,45,0,38,0,0,2,3,0,0.3,,600,,,,,2,,,
CompleteGumtreeMatcher,145,40,62,45,0,38,0,0,1,3,0,0.3,,700,,,,,2,,,
CompleteGumtreeMatcher,24,11,18,1,0,5,0,0,347,3,0,0.3,,800,,,,,2,,,
CompleteGumtreeMatcher,24,11,18,1,0,5,0,0,346,3,0,0.3,,900,,,,,2,,,
CompleteGumtreeMatcher,24,11,18,1,0,5,0,0,346,3,0,0.3,,1000,,,,,2,,,
CompleteGumtreeMatcher,24,11,18,1,0,5,0,0,346,3,0,0.3,,1100,,,,,2,,,
CompleteGumtreeMatcher,24,11,18,1,0,5,0,0,346,3,0,0.3,,1200,,,,,2,,,
CompleteGumtreeMatcher,24,11,18,1,0,5,0,0,347,3,0,0.3,,1300,,,,,2,,,
CompleteGumtreeMatcher,24,11,18,1,0,5,0,0,346,3,0,0.3,,1400,,,,,2,,,
CompleteGumtreeMatcher,24,11,18,1,0,5,0,0,347,3,0,0.3,,1500,,,,,2,,,
CompleteGumtreeMatcher,24,11,18,1,0,5,0,0,347,3,0,0.3,,1600,,,,,2,,,
CompleteGumtreeMatcher,24,11,18,1,0,5,0,0,346,3,0,0.3,,1700,,,,,2,,,
CompleteGumtreeMatcher,24,11,18,1,0,5,0,0,346,3,0,0.3,,1800,,,,,2,,,
CompleteGumtreeMatcher,24,11,18,1,0,5,0,0,348,3,0,0.3,,1900,,,,,2,,,
CompleteGumtreeMatcher,24,11,18,1,0,5,0,0,346,3,0,0.3,,2000,,,,,2,,,
CompleteGumtreeMatcher,284,23,140,123,0,21,0,0,1,3,0,0.3,,100,,,,,3,,,
CompleteGumtreeMatcher,284,23,140,123,0,21,0,0,2,3,0,0.3,,200,,,,,3,,,
CompleteGumtreeMatcher,284,23,140,123,0,21,0,0,1,3,0,0.3,,300,,,,,3,,,
CompleteGumtreeMatcher,284,23,140,123,0,21,0,0,2,3,0,0.3,,400,,,,,3,,,
CompleteGumtreeMatcher,284,23,140,123,0,21,0,0,2,3,0,0.3,,500,,,,,3,,,
CompleteGumtreeMatcher,284,23,140,123,0,21,0,0,1,3,0,0.3,,600,,,,,3,,,
CompleteGumtreeMatcher,284,23,140,123,0,21,0,0,1,3,0,0.3,,700,,,,,3,,,
CompleteGumtreeMatcher,24,11,18,1,0,5,0,0,346,3,0,0.3,,800,,,,,3,,,
CompleteGumtreeMatcher,24,11,18,1,0,5,0,0,346,3,0,0.3,,900,,,,,3,,,
CompleteGumtreeMatcher,24,11,18,1,0,5,0,0,347,3,0,0.3,,1000,,,,,3,,,
CompleteGumtreeMatcher,24,11,18,1,0,5,0,0,346,3,0,0.3,,1100,,,,,3,,,
CompleteGumtreeMatcher,24,11,18,1,0,5,0,0,347,3,0,0.3,,1200,,,,,3,,,
CompleteGumtreeMatcher,24,11,18,1,0,5,0,0,346,3,0,0.3,,1300,,,,,3,,,
CompleteGumtreeMatcher,24,11,18,1,0,5,0,0,346,3,0,0.3,,1400,,,,,3,,,
CompleteGumtreeMatcher,24,11,18,1,0,5,0,0,346,3,0,0.3,,1500,,,,,3,,,
CompleteGumtreeMatcher,24,11,18,1,0,5,0,0,346,3,0,0.3,,1600,,,,,3,,,
CompleteGumtreeMatcher,24,11,18,1,0,5,0,0,347,3,0,0.3,,1700,,,,,3,,,
CompleteGumtreeMatcher,24,11,18,1,0,5,0,0,346,3,0,0.3,,1800,,,,,3,,,
CompleteGumtreeMatcher,24,11,18,1,0,5,0,0,346,3,0,0.3,,1900,,,,,3,,,
CompleteGumtreeMatcher,24,11,18,1,0,5,0,0,346,3,0,0.3,,2000,,,,,3,,,
CompleteGumtreeMatcher,455,14,230,213,0,12,0,0,2,3,0,0.3,,100,,,,,4,,,
CompleteGumtreeMatcher,455,14,230,213,0,12,0,0,1,3,0,0.3,,200,,,,,4,,,
CompleteGumtreeMatcher,455,14,230,213,0,12,0,0,2,3,0,0.3,,300,,,,,4,,,
CompleteGumtreeMatcher,455,14,230,213,0,12,0,0,1,3,0,0.3,,400,,,,,4,,,
CompleteGumtreeMatcher,455,14,230,213,0,12,0,0,2,3,0,0.3,,500,,,,,4,,,
CompleteGumtreeMatcher,455,14,230,213,0,12,0,0,2,3,0,0.3,,600,,,,,4,,,
CompleteGumtreeMatcher,455,14,230,213,0,12,0,0,1,3,0,0.3,,700,,,,,4,,,
CompleteGumtreeMatcher,24,11,18,1,0,5,0,0,347,3,0,0.3,,800,,,,,4,,,
CompleteGumtreeMatcher,24,11,18,1,0,5,0,0,345,3,0,0.3,,900,,,,,4,,,
CompleteGumtreeMatcher,24,11,18,1,0,5,0,0,346,3,0,0.3,,1000,,,,,4,,,
CompleteGumtreeMatcher,24,11,18,1,0,5,0,0,345,3,0,0.3,,1100,,,,,4,,,
CompleteGumtreeMatcher,24,11,18,1,0,5,0,0,347,3,0,0.3,,1200,,,,,4,,,
CompleteGumtreeMatcher,24,11,18,1,0,5,0,0,346,3,0,0.3,,1300,,,,,4,,,
CompleteGumtreeMatcher,24,11,18,1,0,5,0,0,347,3,0,0.3,,1400,,,,,4,,,
CompleteGumtreeMatcher,24,11,18,1,0,5,0,0,347,3,0,0.3,,1500,,,,,4,,,
CompleteGumtreeMatcher,24,11,18,1,0,5,0,0,347,3,0,0.3,,1600,,,,,4,,,
CompleteGumtreeMatcher,24,11,18,1,0,5,0,0,345,3,0,0.3,,1700,,,,,4,,,
CompleteGumtreeMatcher,24,11,18,1,0,5,0,0,345,3,0,0.3,,1800,,,,,4,,,
CompleteGumtreeMatcher,24,11,18,1,0,5,0,0,346,3,0,0.3,,1900,,,,,4,,,
CompleteGumtreeMatcher,24,11,18,1,0,5,0,0,346,3,0,0.3,,2000,,,,,4,,,
CompleteGumtreeMatcher,593,10,301,284,0,8,0,0,2,3,0,0.3,,100,,,,,5,,,
CompleteGumtreeMatcher,593,10,301,284,0,8,0,0,2,3,0,0.3,,200,,,,,5,,,
CompleteGumtreeMatcher,593,10,301,284,0,8,0,0,1,3,0,0.3,,300,,,,,5,,,
CompleteGumtreeMatcher,593,10,301,284,0,8,0,0,2,3,0,0.3,,400,,,,,5,,,
CompleteGumtreeMatcher,593,10,301,284,0,8,0,0,2,3,0,0.3,,500,,,,,5,,,
CompleteGumtreeMatcher,593,10,301,284,0,8,0,0,1,3,0,0.3,,600,,,,,5,,,
CompleteGumtreeMatcher,593,10,301,284,0,8,0,0,2,3,0,0.3,,700,,,,,5,,,
CompleteGumtreeMatcher,24,11,18,1,0,5,0,0,347,3,0,0.3,,800,,,,,5,,,
CompleteGumtreeMatcher,24,11,18,1,0,5,0,0,346,3,0,0.3,,900,,,,,5,,,
CompleteGumtreeMatcher,24,11,18,1,0,5,0,0,347,3,0,0.3,,1000,,,,,5,,,
CompleteGumtreeMatcher,24,11,18,1,0,5,0,0,345,3,0,0.3,,1100,,,,,5,,,
CompleteGumtreeMatcher,24,11,18,1,0,5,0,0,347,3,0,0.3,,1200,,,,,5,,,
CompleteGumtreeMatcher,24,11,18,1,0,5,0,0,347,3,0,0.3,,1300,,,,,5,,,
CompleteGumtreeMatcher,24,11,18,1,0,5,0,0,347,3,0,0.3,,1400,,,,,5,,,
CompleteGumtreeMatcher,24,11,18,1,0,5,0,0,346,3,0,0.3,,1500,,,,,5,,,
CompleteGumtreeMatcher,24,11,18,1,0,5,0,0,377,3,0,0.3,,1600,,,,,5,,,
CompleteGumtreeMatcher,24,11,18,1,0,5,0,0,365,3,0,0.3,,1700,,,,,5,,,
CompleteGumtreeMatcher,24,11,18,1,0,5,0,0,377,3,0,0.3,,1800,,,,,5,,,
CompleteGumtreeMatcher,24,11,18,1,0,5,0,0,376,3,0,0.3,,1900,,,,,5,,,
CompleteGumtreeMatcher,24,11,18,1,0,5,0,0,366,3,0,0.3,,2000,,,,,5,,,
CompleteGumtreeMatcher,84,55,24,7,0,53,0,0,2,3,0,0.4,,100,,,,,1,,,
CompleteGumtreeMatcher,84,55,24,7,0,53,0,0,1,3,0,0.4,,200,,,,,1,,,
CompleteGumtreeMatcher,84,55,24,7,0,53,0,0,2,3,0,0.4,,300,,,,,1,,,
CompleteGumtreeMatcher,84,55,24,7,0,53,0,0,1,3,0,0.4,,400,,,,,1,,,
CompleteGumtreeMatcher,84,55,24,7,0,53,0,0,2,3,0,0.4,,500,,,,,1,,,
CompleteGumtreeMatcher,84,55,24,7,0,53,0,0,1,3,0,0.4,,600,,,,,1,,,
CompleteGumtreeMatcher,84,55,24,7,0,53,0,0,2,3,0,0.4,,700,,,,,1,,,
CompleteGumtreeMatcher,24,11,18,1,0,5,0,0,366,3,0,0.4,,800,,,,,1,,,
CompleteGumtreeMatcher,24,11,18,1,0,5,0,0,365,3,0,0.4,,900,,,,,1,,,
CompleteGumtreeMatcher,24,11,18,1,0,5,0,0,378,3,0,0.4,,1000,,,,,1,,,
CompleteGumtreeMatcher,24,11,18,1,0,5,0,0,376,3,0,0.4,,1100,,,,,1,,,
CompleteGumtreeMatcher,24,11,18,1,0,5,0,0,379,3,0,0.4,,1200,,,,,1,,,
CompleteGumtreeMatcher,24,11,18,1,0,5,0,0,346,3,0,0.4,,1300,,,,,1,,,
CompleteGumtreeMatcher,24,11,18,1,0,5,0,0,349,3,0,0.4,,1400,,,,,1,,,
CompleteGumtreeMatcher,24,11,18,1,0,5,0,0,346,3,0,0.4,,1500,,,,,1,,,
CompleteGumtreeMatcher,24,11,18,1,0,5,0,0,356,3,0,0.4,,1600,,,,,1,,,
CompleteGumtreeMatcher,24,11,18,1,0,5,0,0,346,3,0,0.4,,1700,,,,,1,,,
CompleteGumtreeMatcher,24,11,18,1,0,5,0,0,347,3,0,0.4,,1800,,,,,1,,,
CompleteGumtreeMatcher,24,11,18,1,0,5,0,0,345,3,0,0.4,,1900,,,,,1,,,
CompleteGumtreeMatcher,24,11,18,1,0,5,0,0,357,3,0,0.4,,2000,,,,,1,,,
CompleteGumtreeMatcher,145,40,62,45,0,38,0,0,1,3,0,0.4,,100,,,,,2,,,
CompleteGumtreeMatcher,145,40,62,45,0,38,0,0,2,3,0,0.4,,200,,,,,2,,,
CompleteGumtreeMatcher,145,40,62,45,0,38,0,0,1,3,0,0.4,,300,,,,,2,,,
CompleteGumtreeMatcher,145,40,62,45,0,38,0,0,2,3,0,0.4,,400,,,,,2,,,
CompleteGumtreeMatcher,145,40,62,45,0,38,0,0,1,3,0,0.4,,500,,,,,2,,,
CompleteGumtreeMatcher,145,40,62,45,0,38,0,0,2,3,0,0.4,,600,,,,,2,,,
CompleteGumtreeMatcher,145,40,62,45,0,38,0,0,1,3,0,0.4,,700,,,,,2,,,
CompleteGumtreeMatcher,24,11,18,1,0,5,0,0,350,3,0,0.4,,800,,,,,2,,,
CompleteGumtreeMatcher,24,11,18,1,0,5,0,0,357,3,0,0.4,,900,,,,,2,,,
CompleteGumtreeMatcher,24,11,18,1,0,5,0,0,346,3,0,0.4,,1000,,,,,2,,,
CompleteGumtreeMatcher,24,11,18,1,0,5,0,0,345,3,0,0.4,,1100,,,,,2,,,
CompleteGumtreeMatcher,24,11,18,1,0,5,0,0,347,3,0,0.4,,1200,,,,,2,,,
CompleteGumtreeMatcher,24,11,18,1,0,5,0,0,345,3,0,0.4,,1300,,,,,2,,,
CompleteGumtreeMatcher,24,11,18,1,0,5,0,0,346,3,0,0.4,,1400,,,,,2,,,
CompleteGumtreeMatcher,24,11,18,1,0,5,0,0,346,3,0,0.4,,1500,,,,,2,,,
CompleteGumtreeMatcher,24,11,18,1,0,5,0,0,346,3,0,0.4,,1600,,,,,2,,,
CompleteGumtreeMatcher,24,11,18,1,0,5,0,0,346,3,0,0.4,,1700,,,,,2,,,
CompleteGumtreeMatcher,24,11,18,1,0,5,0,0,346,3,0,0.4,,1800,,,,,2,,,
CompleteGumtreeMatcher,24,11,18,1,0,5,0,0,347,3,0,0.4,,1900,,,,,2,,,
CompleteGumtreeMatcher,24,11,18,1,0,5,0,0,347,3,0,0.4,,2000,,,,,2,,,
CompleteGumtreeMatcher,284,23,140,123,0,21,0,0,2,3,0,0.4,,100,,,,,3,,,
CompleteGumtreeMatcher,284,23,140,123,0,21,0,0,1,3,0,0.4,,200,,,,,3,,,
CompleteGumtreeMatcher,284,23,140,123,0,21,0,0,2,3,0,0.4,,300,,,,,3,,,
CompleteGumtreeMatcher,284,23,140,123,0,21,0,0,1,3,0,0.4,,400,,,,,3,,,
CompleteGumtreeMatcher,284,23,140,123,0,21,0,0,2,3,0,0.4,,500,,,,,3,,,
CompleteGumtreeMatcher,284,23,140,123,0,21,0,0,1,3,0,0.4,,600,,,,,3,,,
CompleteGumtreeMatcher,284,23,140,123,0,21,0,0,2,3,0,0.4,,700,,,,,3,,,
CompleteGumtreeMatcher,24,11,18,1,0,5,0,0,346,3,0,0.4,,800,,,,,3,,,
CompleteGumtreeMatcher,24,11,18,1,0,5,0,0,347,3,0,0.4,,900,,,,,3,,,
CompleteGumtreeMatcher,24,11,18,1,0,5,0,0,346,3,0,0.4,,1000,,,,,3,,,
CompleteGumtreeMatcher,24,11,18,1,0,5,0,0,346,3,0,0.4,,1100,,,,,3,,,
CompleteGumtreeMatcher,24,11,18,1,0,5,0,0,346,3,0,0.4,,1200,,,,,3,,,
CompleteGumtreeMatcher,24,11,18,1,0,5,0,0,345,3,0,0.4,,1300,,,,,3,,,
CompleteGumtreeMatcher,24,11,18,1,0,5,0,0,345,3,0,0.4,,1400,,,,,3,,,
CompleteGumtreeMatcher,24,11,18,1,0,5,0,0,346,3,0,0.4,,1500,,,,,3,,,
CompleteGumtreeMatcher,24,11,18,1,0,5,0,0,346,3,0,0.4,,1600,,,,,3,,,
CompleteGumtreeMatcher,24,11,18,1,0,5,0,0,347,3,0,0.4,,1700,,,,,3,,,
CompleteGumtreeMatcher,24,11,18,1,0,5,0,0,347,3,0,0.4,,1800,,,,,3,,,
CompleteGumtreeMatcher,24,11,18,1,0,5,0,0,348,3,0,0.4,,1900,,,,,3,,,
CompleteGumtreeMatcher,24,11,18,1,0,5,0,0,346,3,0,0.4,,2000,,,,,3,,,
CompleteGumtreeMatcher,455,14,230,213,0,12,0,0,1,3,0,0.4,,100,,,,,4,,,
CompleteGumtreeMatcher,455,14,230,213,0,12,0,0,2,3,0,0.4,,200,,,,,4,,,
CompleteGumtreeMatcher,455,14,230,213,0,12,0,0,2,3,0,0.4,,300,,,,,4,,,
CompleteGumtreeMatcher,455,14,230,213,0,12,0,0,2,3,0,0.4,,400,,,,,4,,,
CompleteGumtreeMatcher,455,14,230,213,0,12,0,0,1,3,0,0.4,,500,,,,,4,,,
CompleteGumtreeMatcher,455,14,230,213,0,12,0,0,1,3,0,0.4,,600,,,,,4,,,
CompleteGumtreeMatcher,455,14,230,213,0,12,0,0,2,3,0,0.4,,700,,,,,4,,,
CompleteGumtreeMatcher,24,11,18,1,0,5,0,0,348,3,0,0.4,,800,,,,,4,,,
CompleteGumtreeMatcher,24,11,18,1,0,5,0,0,346,3,0,0.4,,900,,,,,4,,,
CompleteGumtreeMatcher,24,11,18,1,0,5,0,0,346,3,0,0.4,,1000,,,,,4,,,
CompleteGumtreeMatcher,24,11,18,1,0,5,0,0,346,3,0,0.4,,1100,,,,,4,,,
CompleteGumtreeMatcher,24,11,18,1,0,5,0,0,346,3,0,0.4,,1200,,,,,4,,,
CompleteGumtreeMatcher,24,11,18,1,0,5,0,0,345,3,0,0.4,,1300,,,,,4,,,
CompleteGumtreeMatcher,24,11,18,1,0,5,0,0,346,3,0,0.4,,1400,,,,,4,,,
CompleteGumtreeMatcher,24,11,18,1,0,5,0,0,346,3,0,0.4,,1500,,,,,4,,,
CompleteGumtreeMatcher,24,11,18,1,0,5,0,0,348,3,0,0.4,,1600,,,,,4,,,
CompleteGumtreeMatcher,24,11,18,1,0,5,0,0,346,3,0,0.4,,1700,,,,,4,,,
CompleteGumtreeMatcher,24,11,18,1,0,5,0,0,347,3,0,0.4,,1800,,,,,4,,,
CompleteGumtreeMatcher,24,11,18,1,0,5,0,0,347,3,0,0.4,,1900,,,,,4,,,
CompleteGumtreeMatcher,24,11,18,1,0,5,0,0,349,3,0,0.4,,2000,,,,,4,,,
CompleteGumtreeMatcher,593,10,301,284,0,8,0,0,1,3,0,0.4,,100,,,,,5,,,
CompleteGumtreeMatcher,593,10,301,284,0,8,0,0,2,3,0,0.4,,200,,,,,5,,,
CompleteGumtreeMatcher,593,10,301,284,0,8,0,0,2,3,0,0.4,,300,,,,,5,,,
CompleteGumtreeMatcher,593,10,301,284,0,8,0,0,2,3,0,0.4,,400,,,,,5,,,
CompleteGumtreeMatcher,593,10,301,284,0,8,0,0,1,3,0,0.4,,500,,,,,5,,,
CompleteGumtreeMatcher,593,10,301,284,0,8,0,0,2,3,0,0.4,,600,,,,,5,,,
CompleteGumtreeMatcher,593,10,301,284,0,8,0,0,2,3,0,0.4,,700,,,,,5,,,
CompleteGumtreeMatcher,24,11,18,1,0,5,0,0,346,3,0,0.4,,800,,,,,5,,,
CompleteGumtreeMatcher,24,11,18,1,0,5,0,0,346,3,0,0.4,,900,,,,,5,,,
CompleteGumtreeMatcher,24,11,18,1,0,5,0,0,345,3,0,0.4,,1000,,,,,5,,,
CompleteGumtreeMatcher,24,11,18,1,0,5,0,0,346,3,0,0.4,,1100,,,,,5,,,
CompleteGumtreeMatcher,24,11,18,1,0,5,0,0,347,3,0,0.4,,1200,,,,,5,,,
CompleteGumtreeMatcher,24,11,18,1,0,5,0,0,347,3,0,0.4,,1300,,,,,5,,,
CompleteGumtreeMatcher,24,11,18,1,0,5,0,0,346,3,0,0.4,,1400,,,,,5,,,
CompleteGumtreeMatcher,24,11,18,1,0,5,0,0,347,3,0,0.4,,1500,,,,,5,,,
CompleteGumtreeMatcher,24,11,18,1,0,5,0,0,346,3,0,0.4,,1600,,,,,5,,,
CompleteGumtreeMatcher,24,11,18,1,0,5,0,0,346,3,0,0.4,,1700,,,,,5,,,
CompleteGumtreeMatcher,24,11,18,1,0,5,0,0,346,3,0,0.4,,1800,,,,,5,,,
CompleteGumtreeMatcher,24,11,18,1,0,5,0,0,346,3,0,0.4,,1900,,,,,5,,,
CompleteGumtreeMatcher,24,11,18,1,0,5,0,0,346,3,0,0.4,,2000,,,,,5,,,
CompleteGumtreeMatcher,84,55,24,7,0,53,0,0,2,3,0,0.5,,100,,,,,1,,,
CompleteGumtreeMatcher,84,55,24,7,0,53,0,0,1,3,0,0.5,,200,,,,,1,,,
CompleteGumtreeMatcher,84,55,24,7,0,53,0,0,2,3,0,0.5,,300,,,,,1,,,
CompleteGumtreeMatcher,84,55,24,7,0,53,0,0,1,3,0,0.5,,400,,,,,1,,,
CompleteGumtreeMatcher,84,55,24,7,0,53,0,0,1,3,0,0.5,,500,,,,,1,,,
CompleteGumtreeMatcher,84,55,24,7,0,53,0,0,1,3,0,0.5,,600,,,,,1,,,
CompleteGumtreeMatcher,84,55,24,7,0,53,0,0,1,3,0,0.5,,700,,,,,1,,,
CompleteGumtreeMatcher,24,11,18,1,0,5,0,0,347,3,0,0.5,,800,,,,,1,,,
CompleteGumtreeMatcher,24,11,18,1,0,5,0,0,346,3,0,0.5,,900,,,,,1,,,
CompleteGumtreeMatcher,24,11,18,1,0,5,0,0,346,3,0,0.5,,1000,,,,,1,,,
CompleteGumtreeMatcher,24,11,18,1,0,5,0,0,346,3,0,0.5,,1100,,,,,1,,,
CompleteGumtreeMatcher,24,11,18,1,0,5,0,0,346,3,0,0.5,,1200,,,,,1,,,
CompleteGumtreeMatcher,24,11,18,1,0,5,0,0,348,3,0,0.5,,1300,,,,,1,,,
CompleteGumtreeMatcher,24,11,18,1,0,5,0,0,347,3,0,0.5,,1400,,,,,1,,,
CompleteGumtreeMatcher,24,11,18,1,0,5,0,0,345,3,0,0.5,,1500,,,,,1,,,
CompleteGumtreeMatcher,24,11,18,1,0,5,0,0,348,3,0,0.5,,1600,,,,,1,,,
CompleteGumtreeMatcher,24,11,18,1,0,5,0,0,347,3,0,0.5,,1700,,,,,1,,,
CompleteGumtreeMatcher,24,11,18,1,0,5,0,0,346,3,0,0.5,,1800,,,,,1,,,
CompleteGumtreeMatcher,24,11,18,1,0,5,0,0,346,3,0,0.5,,1900,,,,,1,,,
CompleteGumtreeMatcher,24,11,18,1,0,5,0,0,346,3,0,0.5,,2000,,,,,1,,,
CompleteGumtreeMatcher,145,40,62,45,0,38,0,0,1,3,0,0.5,,100,,,,,2,,,
CompleteGumtreeMatcher,145,40,62,45,0,38,0,0,2,3,0,0.5,,200,,,,,2,,,
CompleteGumtreeMatcher,145,40,62,45,0,38,0,0,1,3,0,0.5,,300,,,,,2,,,
CompleteGumtreeMatcher,145,40,62,45,0,38,0,0,2,3,0,0.5,,400,,,,,2,,,
CompleteGumtreeMatcher,145,40,62,45,0,38,0,0,1,3,0,0.5,,500,,,,,2,,,
CompleteGumtreeMatcher,145,40,62,45,0,38,0,0,1,3,0,0.5,,600,,,,,2,,,
CompleteGumtreeMatcher,145,40,62,45,0,38,0,0,2,3,0,0.5,,700,,,,,2,,,
CompleteGumtreeMatcher,24,11,18,1,0,5,0,0,347,3,0,0.5,,800,,,,,2,,,
CompleteGumtreeMatcher,24,11,18,1,0,5,0,0,345,3,0,0.5,,900,,,,,2,,,
CompleteGumtreeMatcher,24,11,18,1,0,5,0,0,346,3,0,0.5,,1000,,,,,2,,,
CompleteGumtreeMatcher,24,11,18,1,0,5,0,0,347,3,0,0.5,,1100,,,,,2,,,
CompleteGumtreeMatcher,24,11,18,1,0,5,0,0,347,3,0,0.5,,1200,,,,,2,,,
CompleteGumtreeMatcher,24,11,18,1,0,5,0,0,347,3,0,0.5,,1300,,,,,2,,,
CompleteGumtreeMatcher,24,11,18,1,0,5,0,0,347,3,0,0.5,,1400,,,,,2,,,
CompleteGumtreeMatcher,24,11,18,1,0,5,0,0,364,3,0,0.5,,1500,,,,,2,,,
CompleteGumtreeMatcher,24,11,18,1,0,5,0,0,366,3,0,0.5,,1600,,,,,2,,,
CompleteGumtreeMatcher,24,11,18,1,0,5,0,0,368,3,0,0.5,,1700,,,,,2,,,
CompleteGumtreeMatcher,24,11,18,1,0,5,0,0,361,3,0,0.5,,1800,,,,,2,,,
CompleteGumtreeMatcher,24,11,18,1,0,5,0,0,373,3,0,0.5,,1900,,,,,2,,,
CompleteGumtreeMatcher,24,11,18,1,0,5,0,0,369,3,0,0.5,,2000,,,,,2,,,
CompleteGumtreeMatcher,284,23,140,123,0,21,0,0,1,3,0,0.5,,100,,,,,3,,,
CompleteGumtreeMatcher,284,23,140,123,0,21,0,0,2,3,0,0.5,,200,,,,,3,,,
CompleteGumtreeMatcher,284,23,140,123,0,21,0,0,1,3,0,0.5,,300,,,,,3,,,
CompleteGumtreeMatcher,284,23,140,123,0,21,0,0,2,3,0,0.5,,400,,,,,3,,,
CompleteGumtreeMatcher,284,23,140,123,0,21,0,0,1,3,0,0.5,,500,,,,,3,,,
CompleteGumtreeMatcher,284,23,140,123,0,21,0,0,2,3,0,0.5,,600,,,,,3,,,
CompleteGumtreeMatcher,284,23,140,123,0,21,0,0,1,3,0,0.5,,700,,,,,3,,,
CompleteGumtreeMatcher,24,11,18,1,0,5,0,0,370,3,0,0.5,,800,,,,,3,,,
CompleteGumtreeMatcher,24,11,18,1,0,5,0,0,370,3,0,0.5,,900,,,,,3,,,
CompleteGumtreeMatcher,24,11,18,1,0,5,0,0,357,3,0,0.5,,1000,,,,,3,,,
CompleteGumtreeMatcher,24,11,18,1,0,5,0,0,369,3,0,0.5,,1100,,,,,3,,,
CompleteGumtreeMatcher,24,11,18,1,0,5,0,0,347,3,0,0.5,,1200,,,,,3,,,
CompleteGumtreeMatcher,24,11,18,1,0,5,0,0,347,3,0,0.5,,1300,,,,,3,,,
CompleteGumtreeMatcher,24,11,18,1,0,5,0,0,348,3,0,0.5,,1400,,,,,3,,,
CompleteGumtreeMatcher,24,11,18,1,0,5,0,0,346,3,0,0.5,,1500,,,,,3,,,
CompleteGumtreeMatcher,24,11,18,1,0,5,0,0,349,3,0,0.5,,1600,,,,,3,,,
CompleteGumtreeMatcher,24,11,18,1,0,5,0,0,347,3,0,0.5,,1700,,,,,3,,,
CompleteGumtreeMatcher,24,11,18,1,0,5,0,0,346,3,0,0.5,,1800,,,,,3,,,
CompleteGumtreeMatcher,24,11,18,1,0,5,0,0,348,3,0,0.5,,1900,,,,,3,,,
CompleteGumtreeMatcher,24,11,18,1,0,5,0,0,346,3,0,0.5,,2000,,,,,3,,,
CompleteGumtreeMatcher,455,14,230,213,0,12,0,0,2,3,0,0.5,,100,,,,,4,,,
CompleteGumtreeMatcher,455,14,230,213,0,12,0,0,1,3,0,0.5,,200,,,,,4,,,
CompleteGumtreeMatcher,455,14,230,213,0,12,0,0,2,3,0,0.5,,300,,,,,4,,,
CompleteGumtreeMatcher,455,14,230,213,0,12,0,0,2,3,0,0.5,,400,,,,,4,,,
CompleteGumtreeMatcher,455,14,230,213,0,12,0,0,1,3,0,0.5,,500,,,,,4,,,
CompleteGumtreeMatcher,455,14,230,213,0,12,0,0,2,3,0,0.5,,600,,,,,4,,,
CompleteGumtreeMatcher,455,14,230,213,0,12,0,0,1,3,0,0.5,,700,,,,,4,,,
CompleteGumtreeMatcher,24,11,18,1,0,5,0,0,346,3,0,0.5,,800,,,,,4,,,
CompleteGumtreeMatcher,24,11,18,1,0,5,0,0,346,3,0,0.5,,900,,,,,4,,,
CompleteGumtreeMatcher,24,11,18,1,0,5,0,0,346,3,0,0.5,,1000,,,,,4,,,
CompleteGumtreeMatcher,24,11,18,1,0,5,0,0,345,3,0,0.5,,1100,,,,,4,,,
CompleteGumtreeMatcher,24,11,18,1,0,5,0,0,348,3,0,0.5,,1200,,,,,4,,,
CompleteGumtreeMatcher,24,11,18,1,0,5,0,0,346,3,0,0.5,,1300,,,,,4,,,
CompleteGumtreeMatcher,24,11,18,1,0,5,0,0,346,3,0,0.5,,1400,,,,,4,,,
CompleteGumtreeMatcher,24,11,18,1,0,5,0,0,346,3,0,0.5,,1500,,,,,4,,,
CompleteGumtreeMatcher,24,11,18,1,0,5,0,0,347,3,0,0.5,,1600,,,,,4,,,
CompleteGumtreeMatcher,24,11,18,1,0,5,0,0,346,3,0,0.5,,1700,,,,,4,,,
CompleteGumtreeMatcher,24,11,18,1,0,5,0,0,346,3,0,0.5,,1800,,,,,4,,,
CompleteGumtreeMatcher,24,11,18,1,0,5,0,0,346,3,0,0.5,,1900,,,,,4,,,
CompleteGumtreeMatcher,24,11,18,1,0,5,0,0,348,3,0,0.5,,2000,,,,,4,,,
CompleteGumtreeMatcher,593,10,301,284,0,8,0,0,2,3,0,0.5,,100,,,,,5,,,
CompleteGumtreeMatcher,593,10,301,284,0,8,0,0,2,3,0,0.5,,200,,,,,5,,,
CompleteGumtreeMatcher,593,10,301,284,0,8,0,0,2,3,0,0.5,,300,,,,,5,,,
CompleteGumtreeMatcher,593,10,301,284,0,8,0,0,2,3,0,0.5,,400,,,,,5,,,
CompleteGumtreeMatcher,593,10,301,284,0,8,0,0,1,3,0,0.5,,500,,,,,5,,,
CompleteGumtreeMatcher,593,10,301,284,0,8,0,0,1,3,0,0.5,,600,,,,,5,,,
CompleteGumtreeMatcher,593,10,301,284,0,8,0,0,1,3,0,0.5,,700,,,,,5,,,
CompleteGumtreeMatcher,24,11,18,1,0,5,0,0,348,3,0,0.5,,800,,,,,5,,,
CompleteGumtreeMatcher,24,11,18,1,0,5,0,0,346,3,0,0.5,,900,,,,,5,,,
CompleteGumtreeMatcher,24,11,18,1,0,5,0,0,346,3,0,0.5,,1000,,,,,5,,,
CompleteGumtreeMatcher,24,11,18,1,0,5,0,0,345,3,0,0.5,,1100,,,,,5,,,
CompleteGumtreeMatcher,24,11,18,1,0,5,0,0,346,3,0,0.5,,1200,,,,,5,,,
CompleteGumtreeMatcher,24,11,18,1,0,5,0,0,345,3,0,0.5,,1300,,,,,5,,,
CompleteGumtreeMatcher,24,11,18,1,0,5,0,0,347,3,0,0.5,,1400,,,,,5,,,
CompleteGumtreeMatcher,24,11,18,1,0,5,0,0,346,3,0,0.5,,1500,,,,,5,,,
CompleteGumtreeMatcher,24,11,18,1,0,5,0,0,348,3,0,0.5,,1600,,,,,5,,,
CompleteGumtreeMatcher,24,11,18,1,0,5,0,0,348,3,0,0.5,,1700,,,,,5,,,
CompleteGumtreeMatcher,24,11,18,1,0,5,0,0,346,3,0,0.5,,1800,,,,,5,,,
CompleteGumtreeMatcher,24,11,18,1,0,5,0,0,349,3,0,0.5,,1900,,,,,5,,,
CompleteGumtreeMatcher,24,11,18,1,0,5,0,0,349,3,0,0.5,,2000,,,,,5,,,
CompleteGumtreeMatcher,84,55,24,7,0,53,0,0,2,3,0,0.6,,100,,,,,1,,,
CompleteGumtreeMatcher,84,55,24,7,0,53,0,0,1,3,0,0.6,,200,,,,,1,,,
CompleteGumtreeMatcher,84,55,24,7,0,53,0,0,2,3,0,0.6,,300,,,,,1,,,
CompleteGumtreeMatcher,84,55,24,7,0,53,0,0,1,3,0,0.6,,400,,,,,1,,,
CompleteGumtreeMatcher,84,55,24,7,0,53,0,0,1,3,0,0.6,,500,,,,,1,,,
CompleteGumtreeMatcher,84,55,24,7,0,53,0,0,2,3,0,0.6,,600,,,,,1,,,
CompleteGumtreeMatcher,84,55,24,7,0,53,0,0,1,3,0,0.6,,700,,,,,1,,,
CompleteGumtreeMatcher,24,11,18,1,0,5,0,0,347,3,0,0.6,,800,,,,,1,,,
CompleteGumtreeMatcher,24,11,18,1,0,5,0,0,345,3,0,0.6,,900,,,,,1,,,
CompleteGumtreeMatcher,24,11,18,1,0,5,0,0,347,3,0,0.6,,1000,,,,,1,,,
CompleteGumtreeMatcher,24,11,18,1,0,5,0,0,347,3,0,0.6,,1100,,,,,1,,,
CompleteGumtreeMatcher,24,11,18,1,0,5,0,0,346,3,0,0.6,,1200,,,,,1,,,
CompleteGumtreeMatcher,24,11,18,1,0,5,0,0,346,3,0,0.6,,1300,,,,,1,,,
CompleteGumtreeMatcher,24,11,18,1,0,5,0,0,347,3,0,0.6,,1400,,,,,1,,,
CompleteGumtreeMatcher,24,11,18,1,0,5,0,0,345,3,0,0.6,,1500,,,,,1,,,
CompleteGumtreeMatcher,24,11,18,1,0,5,0,0,347,3,0,0.6,,1600,,,,,1,,,
CompleteGumtreeMatcher,24,11,18,1,0,5,0,0,346,3,0,0.6,,1700,,,,,1,,,
CompleteGumtreeMatcher,24,11,18,1,0,5,0,0,348,3,0,0.6,,1800,,,,,1,,,
CompleteGumtreeMatcher,24,11,18,1,0,5,0,0,347,3,0,0.6,,1900,,,,,1,,,
CompleteGumtreeMatcher,24,11,18,1,0,5,0,0,346,3,0,0.6,,2000,,,,,1,,,
CompleteGumtreeMatcher,145,40,62,45,0,38,0,0,2,3,0,0.6,,100,,,,,2,,,
CompleteGumtreeMatcher,145,40,62,45,0,38,0,0,1,3,0,0.6,,200,,,,,2,,,
CompleteGumtreeMatcher,145,40,62,45,0,38,0,0,2,3,0,0.6,,300,,,,,2,,,
CompleteGumtreeMatcher,145,40,62,45,0,38,0,0,1,3,0,0.6,,400,,,,,2,,,
CompleteGumtreeMatcher,145,40,62,45,0,38,0,0,2,3,0,0.6,,500,,,,,2,,,
CompleteGumtreeMatcher,145,40,62,45,0,38,0,0,1,3,0,0.6,,600,,,,,2,,,
CompleteGumtreeMatcher,145,40,62,45,0,38,0,0,2,3,0,0.6,,700,,,,,2,,,
CompleteGumtreeMatcher,24,11,18,1,0,5,0,0,346,3,0,0.6,,800,,,,,2,,,
CompleteGumtreeMatcher,24,11,18,1,0,5,0,0,346,3,0,0.6,,900,,,,,2,,,
CompleteGumtreeMatcher,24,11,18,1,0,5,0,0,346,3,0,0.6,,1000,,,,,2,,,
CompleteGumtreeMatcher,24,11,18,1,0,5,0,0,346,3,0,0.6,,1100,,,,,2,,,
CompleteGumtreeMatcher,24,11,18,1,0,5,0,0,348,3,0,0.6,,1200,,,,,2,,,
CompleteGumtreeMatcher,24,11,18,1,0,5,0,0,347,3,0,0.6,,1300,,,,,2,,,
CompleteGumtreeMatcher,24,11,18,1,0,5,0,0,346,3,0,0.6,,1400,,,,,2,,,
CompleteGumtreeMatcher,24,11,18,1,0,5,0,0,346,3,0,0.6,,1500,,,,,2,,,
CompleteGumtreeMatcher,24,11,18,1,0,5,0,0,348,3,0,0.6,,1600,,,,,2,,,
CompleteGumtreeMatcher,24,11,18,1,0,5,0,0,345,3,0,0.6,,1700,,,,,2,,,
CompleteGumtreeMatcher,24,11,18,1,0,5,0,0,346,3,0,0.6,,1800,,,,,2,,,
CompleteGumtreeMatcher,24,11,18,1,0,5,0,0,345,3,0,0.6,,1900,,,,,2,,,
CompleteGumtreeMatcher,24,11,18,1,0,5,0,0,346,3,0,0.6,,2000,,,,,2,,,
CompleteGumtreeMatcher,284,23,140,123,0,21,0,0,2,3,0,0.6,,100,,,,,3,,,
CompleteGumtreeMatcher,284,23,140,123,0,21,0,0,1,3,0,0.6,,200,,,,,3,,,
CompleteGumtreeMatcher,284,23,140,123,0,21,0,0,2,3,0,0.6,,300,,,,,3,,,
CompleteGumtreeMatcher,284,23,140,123,0,21,0,0,1,3,0,0.6,,400,,,,,3,,,
CompleteGumtreeMatcher,284,23,140,123,0,21,0,0,2,3,0,0.6,,500,,,,,3,,,
CompleteGumtreeMatcher,284,23,140,123,0,21,0,0,1,3,0,0.6,,600,,,,,3,,,
CompleteGumtreeMatcher,284,23,140,123,0,21,0,0,2,3,0,0.6,,700,,,,,3,,,
CompleteGumtreeMatcher,24,11,18,1,0,5,0,0,346,3,0,0.6,,800,,,,,3,,,
CompleteGumtreeMatcher,24,11,18,1,0,5,0,0,345,3,0,0.6,,900,,,,,3,,,
CompleteGumtreeMatcher,24,11,18,1,0,5,0,0,347,3,0,0.6,,1000,,,,,3,,,
CompleteGumtreeMatcher,24,11,18,1,0,5,0,0,347,3,0,0.6,,1100,,,,,3,,,
CompleteGumtreeMatcher,24,11,18,1,0,5,0,0,346,3,0,0.6,,1200,,,,,3,,,
CompleteGumtreeMatcher,24,11,18,1,0,5,0,0,346,3,0,0.6,,1300,,,,,3,,,
CompleteGumtreeMatcher,24,11,18,1,0,5,0,0,347,3,0,0.6,,1400,,,,,3,,,
CompleteGumtreeMatcher,24,11,18,1,0,5,0,0,345,3,0,0.6,,1500,,,,,3,,,
CompleteGumtreeMatcher,24,11,18,1,0,5,0,0,346,3,0,0.6,,1600,,,,,3,,,
CompleteGumtreeMatcher,24,11,18,1,0,5,0,0,346,3,0,0.6,,1700,,,,,3,,,
CompleteGumtreeMatcher,24,11,18,1,0,5,0,0,348,3,0,0.6,,1800,,,,,3,,,
CompleteGumtreeMatcher,24,11,18,1,0,5,0,0,347,3,0,0.6,,1900,,,,,3,,,
CompleteGumtreeMatcher,24,11,18,1,0,5,0,0,348,3,0,0.6,,2000,,,,,3,,,
CompleteGumtreeMatcher,455,14,230,213,0,12,0,0,2,3,0,0.6,,100,,,,,4,,,
CompleteGumtreeMatcher,455,14,230,213,0,12,0,0,1,3,0,0.6,,200,,,,,4,,,
CompleteGumtreeMatcher,455,14,230,213,0,12,0,0,2,3,0,0.6,,300,,,,,4,,,
CompleteGumtreeMatcher,455,14,230,213,0,12,0,0,2,3,0,0.6,,400,,,,,4,,,
CompleteGumtreeMatcher,455,14,230,213,0,12,0,0,1,3,0,0.6,,500,,,,,4,,,
CompleteGumtreeMatcher,455,14,230,213,0,12,0,0,2,3,0,0.6,,600,,,,,4,,,
CompleteGumtreeMatcher,455,14,230,213,0,12,0,0,2,3,0,0.6,,700,,,,,4,,,
CompleteGumtreeMatcher,24,11,18,1,0,5,0,0,346,3,0,0.6,,800,,,,,4,,,
CompleteGumtreeMatcher,24,11,18,1,0,5,0,0,347,3,0,0.6,,900,,,,,4,,,
CompleteGumtreeMatcher,24,11,18,1,0,5,0,0,349,3,0,0.6,,1000,,,,,4,,,
CompleteGumtreeMatcher,24,11,18,1,0,5,0,0,346,3,0,0.6,,1100,,,,,4,,,
CompleteGumtreeMatcher,24,11,18,1,0,5,0,0,345,3,0,0.6,,1200,,,,,4,,,
CompleteGumtreeMatcher,24,11,18,1,0,5,0,0,347,3,0,0.6,,1300,,,,,4,,,
CompleteGumtreeMatcher,24,11,18,1,0,5,0,0,346,3,0,0.6,,1400,,,,,4,,,
CompleteGumtreeMatcher,24,11,18,1,0,5,0,0,346,3,0,0.6,,1500,,,,,4,,,
CompleteGumtreeMatcher,24,11,18,1,0,5,0,0,360,3,0,0.6,,1600,,,,,4,,,
CompleteGumtreeMatcher,24,11,18,1,0,5,0,0,359,3,0,0.6,,1700,,,,,4,,,
CompleteGumtreeMatcher,24,11,18,1,0,5,0,0,366,3,0,0.6,,1800,,,,,4,,,
CompleteGumtreeMatcher,24,11,18,1,0,5,0,0,365,3,0,0.6,,1900,,,,,4,,,
CompleteGumtreeMatcher,24,11,18,1,0,5,0,0,366,3,0,0.6,,2000,,,,,4,,,
CompleteGumtreeMatcher,593,10,301,284,0,8,0,0,2,3,0,0.6,,100,,,,,5,,,
CompleteGumtreeMatcher,593,10,301,284,0,8,0,0,2,3,0,0.6,,200,,,,,5,,,
CompleteGumtreeMatcher,593,10,301,284,0,8,0,0,1,3,0,0.6,,300,,,,,5,,,
CompleteGumtreeMatcher,593,10,301,284,0,8,0,0,2,3,0,0.6,,400,,,,,5,,,
CompleteGumtreeMatcher,593,10,301,284,0,8,0,0,2,3,0,0.6,,500,,,,,5,,,
CompleteGumtreeMatcher,593,10,301,284,0,8,0,0,1,3,0,0.6,,600,,,,,5,,,
CompleteGumtreeMatcher,593,10,301,284,0,8,0,0,2,3,0,0.6,,700,,,,,5,,,
CompleteGumtreeMatcher,24,11,18,1,0,5,0,0,369,3,0,0.6,,800,,,,,5,,,
CompleteGumtreeMatcher,24,11,18,1,0,5,0,0,369,3,0,0.6,,900,,,,,5,,,
CompleteGumtreeMatcher,24,11,18,1,0,5,0,0,368,3,0,0.6,,1000,,,,,5,,,
CompleteGumtreeMatcher,24,11,18,1,0,5,0,0,359,3,0,0.6,,1100,,,,,5,,,
CompleteGumtreeMatcher,24,11,18,1,0,5,0,0,359,3,0,0.6,,1200,,,,,5,,,
CompleteGumtreeMatcher,24,11,18,1,0,5,0,0,347,3,0,0.6,,1300,,,,,5,,,
CompleteGumtreeMatcher,24,11,18,1,0,5,0,0,347,3,0,0.6,,1400,,,,,5,,,
CompleteGumtreeMatcher,24,11,18,1,0,5,0,0,348,3,0,0.6,,1500,,,,,5,,,
CompleteGumtreeMatcher,24,11,18,1,0,5,0,0,348,3,0,0.6,,1600,,,,,5,,,
CompleteGumtreeMatcher,24,11,18,1,0,5,0,0,346,3,0,0.6,,1700,,,,,5,,,
CompleteGumtreeMatcher,24,11,18,1,0,5,0,0,347,3,0,0.6,,1800,,,,,5,,,
CompleteGumtreeMatcher,24,11,18,1,0,5,0,0,349,3,0,0.6,,1900,,,,,5,,,
CompleteGumtreeMatcher,24,11,18,1,0,5,0,0,349,3,0,0.6,,2000,,,,,5,,,
CompleteGumtreeMatcher,84,55,24,7,0,53,0,0,2,3,0,0.7,,100,,,,,1,,,
CompleteGumtreeMatcher,84,55,24,7,0,53,0,0,1,3,0,0.7,,200,,,,,1,,,
CompleteGumtreeMatcher,84,55,24,7,0,53,0,0,1,3,0,0.7,,300,,,,,1,,,
CompleteGumtreeMatcher,84,55,24,7,0,53,0,0,2,3,0,0.7,,400,,,,,1,,,
CompleteGumtreeMatcher,84,55,24,7,0,53,0,0,1,3,0,0.7,,500,,,,,1,,,
CompleteGumtreeMatcher,84,55,24,7,0,53,0,0,2,3,0,0.7,,600,,,,,1,,,
CompleteGumtreeMatcher,84,55,24,7,0,53,0,0,1,3,0,0.7,,700,,,,,1,,,
CompleteGumtreeMatcher,24,11,18,1,0,5,0,0,346,3,0,0.7,,800,,,,,1,,,
CompleteGumtreeMatcher,24,11,18,1,0,5,0,0,346,3,0,0.7,,900,,,,,1,,,
CompleteGumtreeMatcher,24,11,18,1,0,5,0,0,347,3,0,0.7,,1000,,,,,1,,,
CompleteGumtreeMatcher,24,11,18,1,0,5,0,0,348,3,0,0.7,,1100,,,,,1,,,
CompleteGumtreeMatcher,24,11,18,1,0,5,0,0,346,3,0,0.7,,1200,,,,,1,,,
CompleteGumtreeMatcher,24,11,18,1,0,5,0,0,347,3,0,0.7,,1300,,,,,1,,,
CompleteGumtreeMatcher,24,11,18,1,0,5,0,0,345,3,0,0.7,,1400,,,,,1,,,
CompleteGumtreeMatcher,24,11,18,1,0,5,0,0,347,3,0,0.7,,1500,,,,,1,,,
CompleteGumtreeMatcher,24,11,18,1,0,5,0,0,346,3,0,0.7,,1600,,,,,1,,,
CompleteGumtreeMatcher,24,11,18,1,0,5,0,0,346,3,0,0.7,,1700,,,,,1,,,
CompleteGumtreeMatcher,24,11,18,1,0,5,0,0,346,3,0,0.7,,1800,,,,,1,,,
CompleteGumtreeMatcher,24,11,18,1,0,5,0,0,348,3,0,0.7,,1900,,,,,1,,,
CompleteGumtreeMatcher,24,11,18,1,0,5,0,0,346,3,0,0.7,,2000,,,,,1,,,
CompleteGumtreeMatcher,145,40,62,45,0,38,0,0,1,3,0,0.7,,100,,,,,2,,,
CompleteGumtreeMatcher,145,40,62,45,0,38,0,0,2,3,0,0.7,,200,,,,,2,,,
CompleteGumtreeMatcher,145,40,62,45,0,38,0,0,1,3,0,0.7,,300,,,,,2,,,
CompleteGumtreeMatcher,145,40,62,45,0,38,0,0,2,3,0,0.7,,400,,,,,2,,,
CompleteGumtreeMatcher,145,40,62,45,0,38,0,0,1,3,0,0.7,,500,,,,,2,,,
CompleteGumtreeMatcher,145,40,62,45,0,38,0,0,1,3,0,0.7,,600,,,,,2,,,
CompleteGumtreeMatcher,145,40,62,45,0,38,0,0,2,3,0,0.7,,700,,,,,2,,,
CompleteGumtreeMatcher,24,11,18,1,0,5,0,0,348,3,0,0.7,,800,,,,,2,,,
CompleteGumtreeMatcher,24,11,18,1,0,5,0,0,346,3,0,0.7,,900,,,,,2,,,
CompleteGumtreeMatcher,24,11,18,1,0,5,0,0,350,3,0,0.7,,1000,,,,,2,,,
CompleteGumtreeMatcher,24,11,18,1,0,5,0,0,346,3,0,0.7,,1100,,,,,2,,,
CompleteGumtreeMatcher,24,11,18,1,0,5,0,0,346,3,0,0.7,,1200,,,,,2,,,
CompleteGumtreeMatcher,24,11,18,1,0,5,0,0,347,3,0,0.7,,1300,,,,,2,,,
CompleteGumtreeMatcher,24,11,18,1,0,5,0,0,346,3,0,0.7,,1400,,,,,2,,,
CompleteGumtreeMatcher,24,11,18,1,0,5,0,0,345,3,0,0.7,,1500,,,,,2,,,
CompleteGumtreeMatcher,24,11,18,1,0,5,0,0,346,3,0,0.7,,1600,,,,,2,,,
CompleteGumtreeMatcher,24,11,18,1,0,5,0,0,345,3,0,0.7,,1700,,,,,2,,,
CompleteGumtreeMatcher,24,11,18,1,0,5,0,0,347,3,0,0.7,,1800,,,,,2,,,
CompleteGumtreeMatcher,24,11,18,1,0,5,0,0,346,3,0,0.7,,1900,,,,,2,,,
CompleteGumtreeMatcher,24,11,18,1,0,5,0,0,346,3,0,0.7,,2000,,,,,2,,,
CompleteGumtreeMatcher,284,23,140,123,0,21,0,0,2,3,0,0.7,,100,,,,,3,,,
CompleteGumtreeMatcher,284,23,140,123,0,21,0,0,1,3,0,0.7,,200,,,,,3,,,
CompleteGumtreeMatcher,284,23,140,123,0,21,0,0,2,3,0,0.7,,300,,,,,3,,,
CompleteGumtreeMatcher,284,23,140,123,0,21,0,0,1,3,0,0.7,,400,,,,,3,,,
CompleteGumtreeMatcher,284,23,140,123,0,21,0,0,2,3,0,0.7,,500,,,,,3,,,
CompleteGumtreeMatcher,284,23,140,123,0,21,0,0,1,3,0,0.7,,600,,,,,3,,,
CompleteGumtreeMatcher,284,23,140,123,0,21,0,0,2,3,0,0.7,,700,,,,,3,,,
CompleteGumtreeMatcher,24,11,18,1,0,5,0,0,345,3,0,0.7,,800,,,,,3,,,
CompleteGumtreeMatcher,24,11,18,1,0,5,0,0,346,3,0,0.7,,900,,,,,3,,,
CompleteGumtreeMatcher,24,11,18,1,0,5,0,0,345,3,0,0.7,,1000,,,,,3,,,
CompleteGumtreeMatcher,24,11,18,1,0,5,0,0,346,3,0,0.7,,1100,,,,,3,,,
CompleteGumtreeMatcher,24,11,18,1,0,5,0,0,347,3,0,0.7,,1200,,,,,3,,,
CompleteGumtreeMatcher,24,11,18,1,0,5,0,0,346,3,0,0.7,,1300,,,,,3,,,
CompleteGumtreeMatcher,24,11,18,1,0,5,0,0,346,3,0,0.7,,1400,,,,,3,,,
CompleteGumtreeMatcher,24,11,18,1,0,5,0,0,347,3,0,0.7,,1500,,,,,3,,,
CompleteGumtreeMatcher,24,11,18,1,0,5,0,0,349,3,0,0.7,,1600,,,,,3,,,
CompleteGumtreeMatcher,24,11,18,1,0,5,0,0,347,3,0,0.7,,1700,,,,,3,,,
CompleteGumtreeMatcher,24,11,18,1,0,5,0,0,347,3,0,0.7,,1800,,,,,3,,,
CompleteGumtreeMatcher,24,11,18,1,0,5,0,0,347,3,0,0.7,,1900,,,,,3,,,
CompleteGumtreeMatcher,24,11,18,1,0,5,0,0,347,3,0,0.7,,2000,,,,,3,,,
CompleteGumtreeMatcher,455,14,230,213,0,12,0,0,2,3,0,0.7,,100,,,,,4,,,
CompleteGumtreeMatcher,455,14,230,213,0,12,0,0,1,3,0,0.7,,200,,,,,4,,,
CompleteGumtreeMatcher,455,14,230,213,0,12,0,0,1,3,0,0.7,,300,,,,,4,,,
CompleteGumtreeMatcher,455,14,230,213,0,12,0,0,2,3,0,0.7,,400,,,,,4,,,
CompleteGumtreeMatcher,455,14,230,213,0,12,0,0,1,3,0,0.7,,500,,,,,4,,,
CompleteGumtreeMatcher,455,14,230,213,0,12,0,0,2,3,0,0.7,,600,,,,,4,,,
CompleteGumtreeMatcher,455,14,230,213,0,12,0,0,2,3,0,0.7,,700,,,,,4,,,
CompleteGumtreeMatcher,24,11,18,1,0,5,0,0,348,3,0,0.7,,800,,,,,4,,,
CompleteGumtreeMatcher,24,11,18,1,0,5,0,0,346,3,0,0.7,,900,,,,,4,,,
CompleteGumtreeMatcher,24,11,18,1,0,5,0,0,345,3,0,0.7,,1000,,,,,4,,,
CompleteGumtreeMatcher,24,11,18,1,0,5,0,0,346,3,0,0.7,,1100,,,,,4,,,
CompleteGumtreeMatcher,24,11,18,1,0,5,0,0,346,3,0,0.7,,1200,,,,,4,,,
CompleteGumtreeMatcher,24,11,18,1,0,5,0,0,346,3,0,0.7,,1300,,,,,4,,,
CompleteGumtreeMatcher,24,11,18,1,0,5,0,0,347,3,0,0.7,,1400,,,,,4,,,
CompleteGumtreeMatcher,24,11,18,1,0,5,0,0,345,3,0,0.7,,1500,,,,,4,,,
CompleteGumtreeMatcher,24,11,18,1,0,5,0,0,346,3,0,0.7,,1600,,,,,4,,,
CompleteGumtreeMatcher,24,11,18,1,0,5,0,0,346,3,0,0.7,,1700,,,,,4,,,
CompleteGumtreeMatcher,24,11,18,1,0,5,0,0,345,3,0,0.7,,1800,,,,,4,,,
CompleteGumtreeMatcher,24,11,18,1,0,5,0,0,346,3,0,0.7,,1900,,,,,4,,,
CompleteGumtreeMatcher,24,11,18,1,0,5,0,0,347,3,0,0.7,,2000,,,,,4,,,
CompleteGumtreeMatcher,593,10,301,284,0,8,0,0,2,3,0,0.7,,100,,,,,5,,,
CompleteGumtreeMatcher,593,10,301,284,0,8,0,0,1,3,0,0.7,,200,,,,,5,,,
CompleteGumtreeMatcher,593,10,301,284,0,8,0,0,2,3,0,0.7,,300,,,,,5,,,
CompleteGumtreeMatcher,593,10,301,284,0,8,0,0,2,3,0,0.7,,400,,,,,5,,,
CompleteGumtreeMatcher,593,10,301,284,0,8,0,0,2,3,0,0.7,,500,,,,,5,,,
CompleteGumtreeMatcher,593,10,301,284,0,8,0,0,1,3,0,0.7,,600,,,,,5,,,
CompleteGumtreeMatcher,593,10,301,284,0,8,0,0,2,3,0,0.7,,700,,,,,5,,,
CompleteGumtreeMatcher,24,11,18,1,0,5,0,0,346,3,0,0.7,,800,,,,,5,,,
CompleteGumtreeMatcher,24,11,18,1,0,5,0,0,347,3,0,0.7,,900,,,,,5,,,
CompleteGumtreeMatcher,24,11,18,1,0,5,0,0,349,3,0,0.7,,1000,,,,,5,,,
CompleteGumtreeMatcher,24,11,18,1,0,5,0,0,345,3,0,0.7,,1100,,,,,5,,,
CompleteGumtreeMatcher,24,11,18,1,0,5,0,0,347,3,0,0.7,,1200,,,,,5,,,
CompleteGumtreeMatcher,24,11,18,1,0,5,0,0,345,3,0,0.7,,1300,,,,,5,,,
CompleteGumtreeMatcher,24,11,18,1,0,5,0,0,363,3,0,0.7,,1400,,,,,5,,,
CompleteGumtreeMatcher,24,11,18,1,0,5,0,0,346,3,0,0.7,,1500,,,,,5,,,
CompleteGumtreeMatcher,24,11,18,1,0,5,0,0,345,3,0,0.7,,1600,,,,,5,,,
CompleteGumtreeMatcher,24,11,18,1,0,5,0,0,346,3,0,0.7,,1700,,,,,5,,,
CompleteGumtreeMatcher,24,11,18,1,0,5,0,0,347,3,0,0.7,,1800,,,,,5,,,
CompleteGumtreeMatcher,24,11,18,1,0,5,0,0,347,3,0,0.7,,1900,,,,,5,,,
CompleteGumtreeMatcher,24,11,18,1,0,5,0,0,347,3,0,0.7,,2000,,,,,5,,,
CompleteGumtreeMatcher,84,55,24,7,0,53,0,0,1,3,0,0.799,,100,,,,,1,,,
CompleteGumtreeMatcher,84,55,24,7,0,53,0,0,2,3,0,0.799,,200,,,,,1,,,
CompleteGumtreeMatcher,84,55,24,7,0,53,0,0,1,3,0,0.799,,300,,,,,1,,,
CompleteGumtreeMatcher,84,55,24,7,0,53,0,0,1,3,0,0.799,,400,,,,,1,,,
CompleteGumtreeMatcher,84,55,24,7,0,53,0,0,1,3,0,0.799,,500,,,,,1,,,
CompleteGumtreeMatcher,84,55,24,7,0,53,0,0,1,3,0,0.799,,600,,,,,1,,,
CompleteGumtreeMatcher,84,55,24,7,0,53,0,0,2,3,0,0.799,,700,,,,,1,,,
CompleteGumtreeMatcher,24,11,18,1,0,5,0,0,347,3,0,0.799,,800,,,,,1,,,
CompleteGumtreeMatcher,24,11,18,1,0,5,0,0,347,3,0,0.799,,900,,,,,1,,,
CompleteGumtreeMatcher,24,11,18,1,0,5,0,0,347,3,0,0.799,,1000,,,,,1,,,
CompleteGumtreeMatcher,24,11,18,1,0,5,0,0,346,3,0,0.799,,1100,,,,,1,,,
CompleteGumtreeMatcher,24,11,18,1,0,5,0,0,346,3,0,0.799,,1200,,,,,1,,,
CompleteGumtreeMatcher,24,11,18,1,0,5,0,0,347,3,0,0.799,,1300,,,,,1,,,
CompleteGumtreeMatcher,24,11,18,1,0,5,0,0,347,3,0,0.799,,1400,,,,,1,,,
CompleteGumtreeMatcher,24,11,18,1,0,5,0,0,346,3,0,0.799,,1500,,,,,1,,,
CompleteGumtreeMatcher,24,11,18,1,0,5,0,0,348,3,0,0.799,,1600,,,,,1,,,
CompleteGumtreeMatcher,24,11,18,1,0,5,0,0,348,3,0,0.799,,1700,,,,,1,,,
CompleteGumtreeMatcher,24,11,18,1,0,5,0,0,347,3,0,0.799,,1800,,,,,1,,,
CompleteGumtreeMatcher,24,11,18,1,0,5,0,0,347,3,0,0.799,,1900,,,,,1,,,
CompleteGumtreeMatcher,24,11,18,1,0,5,0,0,347,3,0,0.799,,2000,,,,,1,,,
CompleteGumtreeMatcher,145,40,62,45,0,38,0,0,1,3,0,0.799,,100,,,,,2,,,
CompleteGumtreeMatcher,145,40,62,45,0,38,0,0,2,3,0,0.799,,200,,,,,2,,,
CompleteGumtreeMatcher,145,40,62,45,0,38,0,0,1,3,0,0.799,,300,,,,,2,,,
CompleteGumtreeMatcher,145,40,62,45,0,38,0,0,2,3,0,0.799,,400,,,,,2,,,
CompleteGumtreeMatcher,145,40,62,45,0,38,0,0,2,3,0,0.799,,500,,,,,2,,,
CompleteGumtreeMatcher,145,40,62,45,0,38,0,0,1,3,0,0.799,,600,,,,,2,,,
CompleteGumtreeMatcher,145,40,62,45,0,38,0,0,1,3,0,0.799,,700,,,,,2,,,
CompleteGumtreeMatcher,24,11,18,1,0,5,0,0,360,3,0,0.799,,800,,,,,2,,,
CompleteGumtreeMatcher,24,11,18,1,0,5,0,0,359,3,0,0.799,,900,,,,,2,,,
CompleteGumtreeMatcher,24,11,18,1,0,5,0,0,356,3,0,0.799,,1000,,,,,2,,,
CompleteGumtreeMatcher,24,11,18,1,0,5,0,0,367,3,0,0.799,,1100,,,,,2,,,
CompleteGumtreeMatcher,24,11,18,1,0,5,0,0,359,3,0,0.799,,1200,,,,,2,,,
CompleteGumtreeMatcher,24,11,18,1,0,5,0,0,359,3,0,0.799,,1300,,,,,2,,,
CompleteGumtreeMatcher,24,11,18,1,0,5,0,0,357,3,0,0.799,,1400,,,,,2,,,
CompleteGumtreeMatcher,24,11,18,1,0,5,0,0,359,3,0,0.799,,1500,,,,,2,,,
CompleteGumtreeMatcher,24,11,18,1,0,5,0,0,359,3,0,0.799,,1600,,,,,2,,,
CompleteGumtreeMatcher,24,11,18,1,0,5,0,0,358,3,0,0.799,,1700,,,,,2,,,
CompleteGumtreeMatcher,24,11,18,1,0,5,0,0,348,3,0,0.799,,1800,,,,,2,,,
CompleteGumtreeMatcher,24,11,18,1,0,5,0,0,348,3,0,0.799,,1900,,,,,2,,,
CompleteGumtreeMatcher,24,11,18,1,0,5,0,0,345,3,0,0.799,,2000,,,,,2,,,
CompleteGumtreeMatcher,284,23,140,123,0,21,0,0,2,3,0,0.799,,100,,,,,3,,,
CompleteGumtreeMatcher,284,23,140,123,0,21,0,0,1,3,0,0.799,,200,,,,,3,,,
CompleteGumtreeMatcher,284,23,140,123,0,21,0,0,2,3,0,0.799,,300,,,,,3,,,
CompleteGumtreeMatcher,284,23,140,123,0,21,0,0,1,3,0,0.799,,400,,,,,3,,,
CompleteGumtreeMatcher,284,23,140,123,0,21,0,0,2,3,0,0.799,,500,,,,,3,,,
CompleteGumtreeMatcher,284,23,140,123,0,21,0,0,1,3,0,0.799,,600,,,,,3,,,
CompleteGumtreeMatcher,284,23,140,123,0,21,0,0,2,3,0,0.799,,700,,,,,3,,,
CompleteGumtreeMatcher,24,11,18,1,0,5,0,0,345,3,0,0.799,,800,,,,,3,,,
CompleteGumtreeMatcher,24,11,18,1,0,5,0,0,345,3,0,0.799,,900,,,,,3,,,
CompleteGumtreeMatcher,24,11,18,1,0,5,0,0,347,3,0,0.799,,1000,,,,,3,,,
CompleteGumtreeMatcher,24,11,18,1,0,5,0,0,346,3,0,0.799,,1100,,,,,3,,,
CompleteGumtreeMatcher,24,11,18,1,0,5,0,0,347,3,0,0.799,,1200,,,,,3,,,
CompleteGumtreeMatcher,24,11,18,1,0,5,0,0,347,3,0,0.799,,1300,,,,,3,,,
CompleteGumtreeMatcher,24,11,18,1,0,5,0,0,347,3,0,0.799,,1400,,,,,3,,,
CompleteGumtreeMatcher,24,11,18,1,0,5,0,0,347,3,0,0.799,,1500,,,,,3,,,
CompleteGumtreeMatcher,24,11,18,1,0,5,0,0,347,3,0,0.799,,1600,,,,,3,,,
CompleteGumtreeMatcher,24,11,18,1,0,5,0,0,347,3,0,0.799,,1700,,,,,3,,,
CompleteGumtreeMatcher,24,11,18,1,0,5,0,0,346,3,0,0.799,,1800,,,,,3,,,
CompleteGumtreeMatcher,24,11,18,1,0,5,0,0,347,3,0,0.799,,1900,,,,,3,,,
CompleteGumtreeMatcher,24,11,18,1,0,5,0,0,347,3,0,0.799,,2000,,,,,3,,,
CompleteGumtreeMatcher,455,14,230,213,0,12,0,0,2,3,0,0.799,,100,,,,,4,,,
CompleteGumtreeMatcher,455,14,230,213,0,12,0,0,1,3,0,0.799,,200,,,,,4,,,
CompleteGumtreeMatcher,455,14,230,213,0,12,0,0,2,3,0,0.799,,300,,,,,4,,,
CompleteGumtreeMatcher,455,14,230,213,0,12,0,0,1,3,0,0.799,,400,,,,,4,,,
CompleteGumtreeMatcher,455,14,230,213,0,12,0,0,2,3,0,0.799,,500,,,,,4,,,
CompleteGumtreeMatcher,455,14,230,213,0,12,0,0,2,3,0,0.799,,600,,,,,4,,,
CompleteGumtreeMatcher,455,14,230,213,0,12,0,0,1,3,0,0.799,,700,,,,,4,,,
CompleteGumtreeMatcher,24,11,18,1,0,5,0,0,347,3,0,0.799,,800,,,,,4,,,
CompleteGumtreeMatcher,24,11,18,1,0,5,0,0,346,3,0,0.799,,900,,,,,4,,,
CompleteGumtreeMatcher,24,11,18,1,0,5,0,0,346,3,0,0.799,,1000,,,,,4,,,
CompleteGumtreeMatcher,24,11,18,1,0,5,0,0,346,3,0,0.799,,1100,,,,,4,,,
CompleteGumtreeMatcher,24,11,18,1,0,5,0,0,347,3,0,0.799,,1200,,,,,4,,,
CompleteGumtreeMatcher,24,11,18,1,0,5,0,0,346,3,0,0.799,,1300,,,,,4,,,
CompleteGumtreeMatcher,24,11,18,1,0,5,0,0,346,3,0,0.799,,1400,,,,,4,,,
CompleteGumtreeMatcher,24,11,18,1,0,5,0,0,346,3,0,0.799,,1500,,,,,4,,,
CompleteGumtreeMatcher,24,11,18,1,0,5,0,0,346,3,0,0.799,,1600,,,,,4,,,
CompleteGumtreeMatcher,24,11,18,1,0,5,0,0,346,3,0,0.799,,1700,,,,,4,,,
CompleteGumtreeMatcher,24,11,18,1,0,5,0,0,347,3,0,0.799,,1800,,,,,4,,,
CompleteGumtreeMatcher,24,11,18,1,0,5,0,0,348,3,0,0.799,,1900,,,,,4,,,
CompleteGumtreeMatcher,24,11,18,1,0,5,0,0,346,3,0,0.799,,2000,,,,,4,,,
CompleteGumtreeMatcher,593,10,301,284,0,8,0,0,2,3,0,0.799,,100,,,,,5,,,
CompleteGumtreeMatcher,593,10,301,284,0,8,0,0,2,3,0,0.799,,200,,,,,5,,,
CompleteGumtreeMatcher,593,10,301,284,0,8,0,0,1,3,0,0.799,,300,,,,,5,,,
CompleteGumtreeMatcher,593,10,301,284,0,8,0,0,2,3,0,0.799,,400,,,,,5,,,
CompleteGumtreeMatcher,593,10,301,284,0,8,0,0,2,3,0,0.799,,500,,,,,5,,,
CompleteGumtreeMatcher,593,10,301,284,0,8,0,0,1,3,0,0.799,,600,,,,,5,,,
CompleteGumtreeMatcher,593,10,301,284,0,8,0,0,2,3,0,0.799,,700,,,,,5,,,
CompleteGumtreeMatcher,24,11,18,1,0,5,0,0,345,3,0,0.799,,800,,,,,5,,,
CompleteGumtreeMatcher,24,11,18,1,0,5,0,0,347,3,0,0.799,,900,,,,,5,,,
CompleteGumtreeMatcher,24,11,18,1,0,5,0,0,346,3,0,0.799,,1000,,,,,5,,,
CompleteGumtreeMatcher,24,11,18,1,0,5,0,0,355,3,0,0.799,,1100,,,,,5,,,
CompleteGumtreeMatcher,24,11,18,1,0,5,0,0,355,3,0,0.799,,1200,,,,,5,,,
CompleteGumtreeMatcher,24,11,18,1,0,5,0,0,347,3,0,0.799,,1300,,,,,5,,,
CompleteGumtreeMatcher,24,11,18,1,0,5,0,0,357,3,0,0.799,,1400,,,,,5,,,
CompleteGumtreeMatcher,24,11,18,1,0,5,0,0,346,3,0,0.799,,1500,,,,,5,,,
CompleteGumtreeMatcher,24,11,18,1,0,5,0,0,356,3,0,0.799,,1600,,,,,5,,,
CompleteGumtreeMatcher,24,11,18,1,0,5,0,0,347,3,0,0.799,,1700,,,,,5,,,
CompleteGumtreeMatcher,24,11,18,1,0,5,0,0,346,3,0,0.799,,1800,,,,,5,,,
CompleteGumtreeMatcher,24,11,18,1,0,5,0,0,347,3,0,0.799,,1900,,,,,5,,,
CompleteGumtreeMatcher,24,11,18,1,0,5,0,0,356,3,0,0.799,,2000,,,,,5,,,
CompleteGumtreeMatcher,84,55,24,7,0,53,0,0,2,3,0,0.899,,100,,,,,1,,,
CompleteGumtreeMatcher,84,55,24,7,0,53,0,0,1,3,0,0.899,,200,,,,,1,,,
CompleteGumtreeMatcher,84,55,24,7,0,53,0,0,2,3,0,0.899,,300,,,,,1,,,
CompleteGumtreeMatcher,84,55,24,7,0,53,0,0,1,3,0,0.899,,400,,,,,1,,,
CompleteGumtreeMatcher,84,55,24,7,0,53,0,0,1,3,0,0.899,,500,,,,,1,,,
CompleteGumtreeMatcher,84,55,24,7,0,53,0,0,2,3,0,0.899,,600,,,,,1,,,
CompleteGumtreeMatcher,84,55,24,7,0,53,0,0,1,3,0,0.899,,700,,,,,1,,,
CompleteGumtreeMatcher,24,11,18,1,0,5,0,0,346,3,0,0.899,,800,,,,,1,,,
CompleteGumtreeMatcher,24,11,18,1,0,5,0,0,347,3,0,0.899,,900,,,,,1,,,
CompleteGumtreeMatcher,24,11,18,1,0,5,0,0,346,3,0,0.899,,1000,,,,,1,,,
CompleteGumtreeMatcher,24,11,18,1,0,5,0,0,347,3,0,0.899,,1100,,,,,1,,,
CompleteGumtreeMatcher,24,11,18,1,0,5,0,0,346,3,0,0.899,,1200,,,,,1,,,
CompleteGumtreeMatcher,24,11,18,1,0,5,0,0,346,3,0,0.899,,1300,,,,,1,,,
CompleteGumtreeMatcher,24,11,18,1,0,5,0,0,346,3,0,0.899,,1400,,,,,1,,,
CompleteGumtreeMatcher,24,11,18,1,0,5,0,0,346,3,0,0.899,,1500,,,,,1,,,
CompleteGumtreeMatcher,24,11,18,1,0,5,0,0,346,3,0,0.899,,1600,,,,,1,,,
CompleteGumtreeMatcher,24,11,18,1,0,5,0,0,345,3,0,0.899,,1700,,,,,1,,,
CompleteGumtreeMatcher,24,11,18,1,0,5,0,0,346,3,0,0.899,,1800,,,,,1,,,
CompleteGumtreeMatcher,24,11,18,1,0,5,0,0,346,3,0,0.899,,1900,,,,,1,,,
CompleteGumtreeMatcher,24,11,18,1,0,5,0,0,346,3,0,0.899,,2000,,,,,1,,,
CompleteGumtreeMatcher,145,40,62,45,0,38,0,0,1,3,0,0.899,,100,,,,,2,,,
CompleteGumtreeMatcher,145,40,62,45,0,38,0,0,2,3,0,0.899,,200,,,,,2,,,
CompleteGumtreeMatcher,145,40,62,45,0,38,0,0,1,3,0,0.899,,300,,,,,2,,,
CompleteGumtreeMatcher,145,40,62,45,0,38,0,0,2,3,0,0.899,,400,,,,,2,,,
CompleteGumtreeMatcher,145,40,62,45,0,38,0,0,2,3,0,0.899,,500,,,,,2,,,
CompleteGumtreeMatcher,145,40,62,45,0,38,0,0,1,3,0,0.899,,600,,,,,2,,,
CompleteGumtreeMatcher,145,40,62,45,0,38,0,0,1,3,0,0.899,,700,,,,,2,,,
CompleteGumtreeMatcher,24,11,18,1,0,5,0,0,347,3,0,0.899,,800,,,,,2,,,
CompleteGumtreeMatcher,24,11,18,1,0,5,0,0,347,3,0,0.899,,900,,,,,2,,,
CompleteGumtreeMatcher,24,11,18,1,0,5,0,0,348,3,0,0.899,,1000,,,,,2,,,
CompleteGumtreeMatcher,24,11,18,1,0,5,0,0,346,3,0,0.899,,1100,,,,,2,,,
CompleteGumtreeMatcher,24,11,18,1,0,5,0,0,347,3,0,0.899,,1200,,,,,2,,,
CompleteGumtreeMatcher,24,11,18,1,0,5,0,0,347,3,0,0.899,,1300,,,,,2,,,
CompleteGumtreeMatcher,24,11,18,1,0,5,0,0,346,3,0,0.899,,1400,,,,,2,,,
CompleteGumtreeMatcher,24,11,18,1,0,5,0,0,345,3,0,0.899,,1500,,,,,2,,,
CompleteGumtreeMatcher,24,11,18,1,0,5,0,0,346,3,0,0.899,,1600,,,,,2,,,
CompleteGumtreeMatcher,24,11,18,1,0,5,0,0,345,3,0,0.899,,1700,,,,,2,,,
CompleteGumtreeMatcher,24,11,18,1,0,5,0,0,347,3,0,0.899,,1800,,,,,2,,,
CompleteGumtreeMatcher,24,11,18,1,0,5,0,0,347,3,0,0.899,,1900,,,,,2,,,
CompleteGumtreeMatcher,24,11,18,1,0,5,0,0,346,3,0,0.899,,2000,,,,,2,,,
CompleteGumtreeMatcher,284,23,140,123,0,21,0,0,2,3,0,0.899,,100,,,,,3,,,
CompleteGumtreeMatcher,284,23,140,123,0,21,0,0,1,3,0,0.899,,200,,,,,3,,,
CompleteGumtreeMatcher,284,23,140,123,0,21,0,0,2,3,0,0.899,,300,,,,,3,,,
CompleteGumtreeMatcher,284,23,140,123,0,21,0,0,1,3,0,0.899,,400,,,,,3,,,
CompleteGumtreeMatcher,284,23,140,123,0,21,0,0,2,3,0,0.899,,500,,,,,3,,,
CompleteGumtreeMatcher,284,23,140,123,0,21,0,0,1,3,0,0.899,,600,,,,,3,,,
CompleteGumtreeMatcher,284,23,140,123,0,21,0,0,2,3,0,0.899,,700,,,,,3,,,
CompleteGumtreeMatcher,24,11,18,1,0,5,0,0,347,3,0,0.899,,800,,,,,3,,,
CompleteGumtreeMatcher,24,11,18,1,0,5,0,0,347,3,0,0.899,,900,,,,,3,,,
CompleteGumtreeMatcher,24,11,18,1,0,5,0,0,346,3,0,0.899,,1000,,,,,3,,,
CompleteGumtreeMatcher,24,11,18,1,0,5,0,0,345,3,0,0.899,,1100,,,,,3,,,
CompleteGumtreeMatcher,24,11,18,1,0,5,0,0,347,3,0,0.899,,1200,,,,,3,,,
CompleteGumtreeMatcher,24,11,18,1,0,5,0,0,346,3,0,0.899,,1300,,,,,3,,,
CompleteGumtreeMatcher,24,11,18,1,0,5,0,0,347,3,0,0.899,,1400,,,,,3,,,
CompleteGumtreeMatcher,24,11,18,1,0,5,0,0,347,3,0,0.899,,1500,,,,,3,,,
CompleteGumtreeMatcher,24,11,18,1,0,5,0,0,348,3,0,0.899,,1600,,,,,3,,,
CompleteGumtreeMatcher,24,11,18,1,0,5,0,0,348,3,0,0.899,,1700,,,,,3,,,
CompleteGumtreeMatcher,24,11,18,1,0,5,0,0,346,3,0,0.899,,1800,,,,,3,,,
CompleteGumtreeMatcher,24,11,18,1,0,5,0,0,346,3,0,0.899,,1900,,,,,3,,,
CompleteGumtreeMatcher,24,11,18,1,0,5,0,0,345,3,0,0.899,,2000,,,,,3,,,
CompleteGumtreeMatcher,455,14,230,213,0,12,0,0,2,3,0,0.899,,100,,,,,4,,,
CompleteGumtreeMatcher,455,14,230,213,0,12,0,0,1,3,0,0.899,,200,,,,,4,,,
CompleteGumtreeMatcher,455,14,230,213,0,12,0,0,2,3,0,0.899,,300,,,,,4,,,
CompleteGumtreeMatcher,455,14,230,213,0,12,0,0,1,3,0,0.899,,400,,,,,4,,,
CompleteGumtreeMatcher,455,14,230,213,0,12,0,0,2,3,0,0.899,,500,,,,,4,,,
CompleteGumtreeMatcher,455,14,230,213,0,12,0,0,2,3,0,0.899,,600,,,,,4,,,
CompleteGumtreeMatcher,455,14,230,213,0,12,0,0,1,3,0,0.899,,700,,,,,4,,,
CompleteGumtreeMatcher,24,11,18,1,0,5,0,0,346,3,0,0.899,,800,,,,,4,,,
CompleteGumtreeMatcher,24,11,18,1,0,5,0,0,370,3,0,0.899,,900,,,,,4,,,
CompleteGumtreeMatcher,24,11,18,1,0,5,0,0,358,3,0,0.899,,1000,,,,,4,,,
CompleteGumtreeMatcher,24,11,18,1,0,5,0,0,358,3,0,0.899,,1100,,,,,4,,,
CompleteGumtreeMatcher,24,11,18,1,0,5,0,0,373,3,0,0.899,,1200,,,,,4,,,
CompleteGumtreeMatcher,24,11,18,1,0,5,0,0,358,3,0,0.899,,1300,,,,,4,,,
CompleteGumtreeMatcher,24,11,18,1,0,5,0,0,372,3,0,0.899,,1400,,,,,4,,,
CompleteGumtreeMatcher,24,11,18,1,0,5,0,0,372,3,0,0.899,,1500,,,,,4,,,
CompleteGumtreeMatcher,24,11,18,1,0,5,0,0,359,3,0,0.899,,1600,,,,,4,,,
CompleteGumtreeMatcher,24,11,18,1,0,5,0,0,368,3,0,0.899,,1700,,,,,4,,,
CompleteGumtreeMatcher,24,11,18,1,0,5,0,0,357,3,0,0.899,,1800,,,,,4,,,
CompleteGumtreeMatcher,24,11,18,1,0,5,0,0,355,3,0,0.899,,1900,,,,,4,,,
CompleteGumtreeMatcher,24,11,18,1,0,5,0,0,348,3,0,0.899,,2000,,,,,4,,,
CompleteGumtreeMatcher,593,10,301,284,0,8,0,0,2,3,0,0.899,,100,,,,,5,,,
CompleteGumtreeMatcher,593,10,301,284,0,8,0,0,1,3,0,0.899,,200,,,,,5,,,
CompleteGumtreeMatcher,593,10,301,284,0,8,0,0,2,3,0,0.899,,300,,,,,5,,,
CompleteGumtreeMatcher,593,10,301,284,0,8,0,0,2,3,0,0.899,,400,,,,,5,,,
CompleteGumtreeMatcher,593,10,301,284,0,8,0,0,1,3,0,0.899,,500,,,,,5,,,
CompleteGumtreeMatcher,593,10,301,284,0,8,0,0,2,3,0,0.899,,600,,,,,5,,,
CompleteGumtreeMatcher,593,10,301,284,0,8,0,0,2,3,0,0.899,,700,,,,,5,,,
CompleteGumtreeMatcher,24,11,18,1,0,5,0,0,346,3,0,0.899,,800,,,,,5,,,
CompleteGumtreeMatcher,24,11,18,1,0,5,0,0,346,3,0,0.899,,900,,,,,5,,,
CompleteGumtreeMatcher,24,11,18,1,0,5,0,0,346,3,0,0.899,,1000,,,,,5,,,
CompleteGumtreeMatcher,24,11,18,1,0,5,0,0,345,3,0,0.899,,1100,,,,,5,,,
CompleteGumtreeMatcher,24,11,18,1,0,5,0,0,345,3,0,0.899,,1200,,,,,5,,,
CompleteGumtreeMatcher,24,11,18,1,0,5,0,0,350,3,0,0.899,,1300,,,,,5,,,
CompleteGumtreeMatcher,24,11,18,1,0,5,0,0,364,3,0,0.899,,1400,,,,,5,,,
CompleteGumtreeMatcher,24,11,18,1,0,5,0,0,346,3,0,0.899,,1500,,,,,5,,,
CompleteGumtreeMatcher,24,11,18,1,0,5,0,0,346,3,0,0.899,,1600,,,,,5,,,
CompleteGumtreeMatcher,24,11,18,1,0,5,0,0,346,3,0,0.899,,1700,,,,,5,,,
CompleteGumtreeMatcher,24,11,18,1,0,5,0,0,347,3,0,0.899,,1800,,,,,5,,,
CompleteGumtreeMatcher,24,11,18,1,0,5,0,0,346,3,0,0.899,,1900,,,,,5,,,
CompleteGumtreeMatcher,24,11,18,1,0,5,0,0,347,3,0,0.899,,2000,,,,,5,,,
CompleteGumtreeMatcher,84,55,24,7,0,53,0,0,2,3,0,0.999,,100,,,,,1,,,
CompleteGumtreeMatcher,84,55,24,7,0,53,0,0,1,3,0,0.999,,200,,,,,1,,,
CompleteGumtreeMatcher,84,55,24,7,0,53,0,0,1,3,0,0.999,,300,,,,,1,,,
CompleteGumtreeMatcher,84,55,24,7,0,53,0,0,2,3,0,0.999,,400,,,,,1,,,
CompleteGumtreeMatcher,84,55,24,7,0,53,0,0,2,3,0,0.999,,500,,,,,1,,,
CompleteGumtreeMatcher,84,55,24,7,0,53,0,0,1,3,0,0.999,,600,,,,,1,,,
CompleteGumtreeMatcher,84,55,24,7,0,53,0,0,1,3,0,0.999,,700,,,,,1,,,
CompleteGumtreeMatcher,24,11,18,1,0,5,0,0,346,3,0,0.999,,800,,,,,1,,,
CompleteGumtreeMatcher,24,11,18,1,0,5,0,0,347,3,0,0.999,,900,,,,,1,,,
CompleteGumtreeMatcher,24,11,18,1,0,5,0,0,345,3,0,0.999,,1000,,,,,1,,,
CompleteGumtreeMatcher,24,11,18,1,0,5,0,0,347,3,0,0.999,,1100,,,,,1,,,
CompleteGumtreeMatcher,24,11,18,1,0,5,0,0,345,3,0,0.999,,1200,,,,,1,,,
CompleteGumtreeMatcher,24,11,18,1,0,5,0,0,347,3,0,0.999,,1300,,,,,1,,,
CompleteGumtreeMatcher,24,11,18,1,0,5,0,0,347,3,0,0.999,,1400,,,,,1,,,
CompleteGumtreeMatcher,24,11,18,1,0,5,0,0,346,3,0,0.999,,1500,,,,,1,,,
CompleteGumtreeMatcher,24,11,18,1,0,5,0,0,348,3,0,0.999,,1600,,,,,1,,,
CompleteGumtreeMatcher,24,11,18,1,0,5,0,0,346,3,0,0.999,,1700,,,,,1,,,
CompleteGumtreeMatcher,24,11,18,1,0,5,0,0,348,3,0,0.999,,1800,,,,,1,,,
CompleteGumtreeMatcher,24,11,18,1,0,5,0,0,347,3,0,0.999,,1900,,,,,1,,,
CompleteGumtreeMatcher,24,11,18,1,0,5,0,0,346,3,0,0.999,,2000,,,,,1,,,
CompleteGumtreeMatcher,145,40,62,45,0,38,0,0,2,3,0,0.999,,100,,,,,2,,,
CompleteGumtreeMatcher,145,40,62,45,0,38,0,0,1,3,0,0.999,,200,,,,,2,,,
CompleteGumtreeMatcher,145,40,62,45,0,38,0,0,2,3,0,0.999,,300,,,,,2,,,
CompleteGumtreeMatcher,145,40,62,45,0,38,0,0,1,3,0,0.999,,400,,,,,2,,,
CompleteGumtreeMatcher,145,40,62,45,0,38,0,0,2,3,0,0.999,,500,,,,,2,,,
CompleteGumtreeMatcher,145,40,62,45,0,38,0,0,1,3,0,0.999,,600,,,,,2,,,
CompleteGumtreeMatcher,145,40,62,45,0,38,0,0,2,3,0,0.999,,700,,,,,2,,,
CompleteGumtreeMatcher,24,11,18,1,0,5,0,0,347,3,0,0.999,,800,,,,,2,,,
CompleteGumtreeMatcher,24,11,18,1,0,5,0,0,346,3,0,0.999,,900,,,,,2,,,
CompleteGumtreeMatcher,24,11,18,1,0,5,0,0,347,3,0,0.999,,1000,,,,,2,,,
CompleteGumtreeMatcher,24,11,18,1,0,5,0,0,346,3,0,0.999,,1100,,,,,2,,,
CompleteGumtreeMatcher,24,11,18,1,0,5,0,0,345,3,0,0.999,,1200,,,,,2,,,
CompleteGumtreeMatcher,24,11,18,1,0,5,0,0,347,3,0,0.999,,1300,,,,,2,,,
CompleteGumtreeMatcher,24,11,18,1,0,5,0,0,347,3,0,0.999,,1400,,,,,2,,,
CompleteGumtreeMatcher,24,11,18,1,0,5,0,0,346,3,0,0.999,,1500,,,,,2,,,
CompleteGumtreeMatcher,24,11,18,1,0,5,0,0,347,3,0,0.999,,1600,,,,,2,,,
CompleteGumtreeMatcher,24,11,18,1,0,5,0,0,346,3,0,0.999,,1700,,,,,2,,,
CompleteGumtreeMatcher,24,11,18,1,0,5,0,0,346,3,0,0.999,,1800,,,,,2,,,
CompleteGumtreeMatcher,24,11,18,1,0,5,0,0,346,3,0,0.999,,1900,,,,,2,,,
CompleteGumtreeMatcher,24,11,18,1,0,5,0,0,346,3,0,0.999,,2000,,,,,2,,,
CompleteGumtreeMatcher,284,23,140,123,0,21,0,0,2,3,0,0.999,,100,,,,,3,,,
CompleteGumtreeMatcher,284,23,140,123,0,21,0,0,1,3,0,0.999,,200,,,,,3,,,
CompleteGumtreeMatcher,284,23,140,123,0,21,0,0,1,3,0,0.999,,300,,,,,3,,,
CompleteGumtreeMatcher,284,23,140,123,0,21,0,0,1,3,0,0.999,,400,,,,,3,,,
CompleteGumtreeMatcher,284,23,140,123,0,21,0,0,2,3,0,0.999,,500,,,,,3,,,
CompleteGumtreeMatcher,284,23,140,123,0,21,0,0,1,3,0,0.999,,600,,,,,3,,,
CompleteGumtreeMatcher,284,23,140,123,0,21,0,0,1,3,0,0.999,,700,,,,,3,,,
CompleteGumtreeMatcher,24,11,18,1,0,5,0,0,347,3,0,0.999,,800,,,,,3,,,
CompleteGumtreeMatcher,24,11,18,1,0,5,0,0,346,3,0,0.999,,900,,,,,3,,,
CompleteGumtreeMatcher,24,11,18,1,0,5,0,0,350,3,0,0.999,,1000,,,,,3,,,
CompleteGumtreeMatcher,24,11,18,1,0,5,0,0,346,3,0,0.999,,1100,,,,,3,,,
CompleteGumtreeMatcher,24,11,18,1,0,5,0,0,345,3,0,0.999,,1200,,,,,3,,,
CompleteGumtreeMatcher,24,11,18,1,0,5,0,0,345,3,0,0.999,,1300,,,,,3,,,
CompleteGumtreeMatcher,24,11,18,1,0,5,0,0,346,3,0,0.999,,1400,,,,,3,,,
CompleteGumtreeMatcher,24,11,18,1,0,5,0,0,346,3,0,0.999,,1500,,,,,3,,,
CompleteGumtreeMatcher,24,11,18,1,0,5,0,0,346,3,0,0.999,,1600,,,,,3,,,
CompleteGumtreeMatcher,24,11,18,1,0,5,0,0,346,3,0,0.999,,1700,,,,,3,,,
CompleteGumtreeMatcher,24,11,18,1,0,5,0,0,346,3,0,0.999,,1800,,,,,3,,,
CompleteGumtreeMatcher,24,11,18,1,0,5,0,0,346,3,0,0.999,,1900,,,,,3,,,
CompleteGumtreeMatcher,24,11,18,1,0,5,0,0,346,3,0,0.999,,2000,,,,,3,,,
CompleteGumtreeMatcher,455,14,230,213,0,12,0,0,2,3,0,0.999,,100,,,,,4,,,
CompleteGumtreeMatcher,455,14,230,213,0,12,0,0,2,3,0,0.999,,200,,,,,4,,,
CompleteGumtreeMatcher,455,14,230,213,0,12,0,0,1,3,0,0.999,,300,,,,,4,,,
CompleteGumtreeMatcher,455,14,230,213,0,12,0,0,2,3,0,0.999,,400,,,,,4,,,
CompleteGumtreeMatcher,455,14,230,213,0,12,0,0,2,3,0,0.999,,500,,,,,4,,,
CompleteGumtreeMatcher,455,14,230,213,0,12,0,0,1,3,0,0.999,,600,,,,,4,,,
CompleteGumtreeMatcher,455,14,230,213,0,12,0,0,1,3,0,0.999,,700,,,,,4,,,
CompleteGumtreeMatcher,24,11,18,1,0,5,0,0,346,3,0,0.999,,800,,,,,4,,,
CompleteGumtreeMatcher,24,11,18,1,0,5,0,0,347,3,0,0.999,,900,,,,,4,,,
CompleteGumtreeMatcher,24,11,18,1,0,5,0,0,348,3,0,0.999,,1000,,,,,4,,,
CompleteGumtreeMatcher,24,11,18,1,0,5,0,0,346,3,0,0.999,,1100,,,,,4,,,
CompleteGumtreeMatcher,24,11,18,1,0,5,0,0,345,3,0,0.999,,1200,,,,,4,,,
CompleteGumtreeMatcher,24,11,18,1,0,5,0,0,348,3,0,0.999,,1300,,,,,4,,,
CompleteGumtreeMatcher,24,11,18,1,0,5,0,0,345,3,0,0.999,,1400,,,,,4,,,
CompleteGumtreeMatcher,24,11,18,1,0,5,0,0,345,3,0,0.999,,1500,,,,,4,,,
CompleteGumtreeMatcher,24,11,18,1,0,5,0,0,346,3,0,0.999,,1600,,,,,4,,,
CompleteGumtreeMatcher,24,11,18,1,0,5,0,0,346,3,0,0.999,,1700,,,,,4,,,
CompleteGumtreeMatcher,24,11,18,1,0,5,0,0,347,3,0,0.999,,1800,,,,,4,,,
CompleteGumtreeMatcher,24,11,18,1,0,5,0,0,347,3,0,0.999,,1900,,,,,4,,,
CompleteGumtreeMatcher,24,11,18,1,0,5,0,0,347,3,0,0.999,,2000,,,,,4,,,
CompleteGumtreeMatcher,593,10,301,284,0,8,0,0,2,3,0,0.999,,100,,,,,5,,,
CompleteGumtreeMatcher,593,10,301,284,0,8,0,0,2,3,0,0.999,,200,,,,,5,,,
CompleteGumtreeMatcher,593,10,301,284,0,8,0,0,1,3,0,0.999,,300,,,,,5,,,
CompleteGumtreeMatcher,593,10,301,284,0,8,0,0,2,3,0,0.999,,400,,,,,5,,,
CompleteGumtreeMatcher,593,10,301,284,0,8,0,0,2,3,0,0.999,,500,,,,,5,,,
CompleteGumtreeMatcher,593,10,301,284,0,8,0,0,2,3,0,0.999,,600,,,,,5,,,
CompleteGumtreeMatcher,593,10,301,284,0,8,0,0,1,3,0,0.999,,700,,,,,5,,,
CompleteGumtreeMatcher,24,11,18,1,0,5,0,0,347,3,0,0.999,,800,,,,,5,,,
CompleteGumtreeMatcher,24,11,18,1,0,5,0,0,346,3,0,0.999,,900,,,,,5,,,
CompleteGumtreeMatcher,24,11,18,1,0,5,0,0,347,3,0,0.999,,1000,,,,,5,,,
CompleteGumtreeMatcher,24,11,18,1,0,5,0,0,347,3,0,0.999,,1100,,,,,5,,,
CompleteGumtreeMatcher,24,11,18,1,0,5,0,0,346,3,0,0.999,,1200,,,,,5,,,
CompleteGumtreeMatcher,24,11,18,1,0,5,0,0,345,3,0,0.999,,1300,,,,,5,,,
CompleteGumtreeMatcher,24,11,18,1,0,5,0,0,344,3,0,0.999,,1400,,,,,5,,,
CompleteGumtreeMatcher,24,11,18,1,0,5,0,0,341,3,0,0.999,,1500,,,,,5,,,
CompleteGumtreeMatcher,24,11,18,1,0,5,0,0,343,3,0,0.999,,1600,,,,,5,,,
CompleteGumtreeMatcher,24,11,18,1,0,5,0,0,345,3,0,0.999,,1700,,,,,5,,,
CompleteGumtreeMatcher,24,11,18,1,0,5,0,0,342,3,0,0.999,,1800,,,,,5,,,
CompleteGumtreeMatcher,24,11,18,1,0,5,0,0,335,3,0,0.999,,1900,,,,,5,,,
CompleteGumtreeMatcher,24,11,18,1,0,5,0,0,338,3,0,0.999,,2000,,,,,5,,,
ChangeDistiller,535,501,71,54,204,206,0,0,509,4,0,,,,0.1,2,0.2,0.1,,,,
ChangeDistiller,531,500,70,53,204,204,0,0,469,4,0,,,,0.1,4,0.2,0.1,,,,
ChangeDistiller,531,500,70,53,204,204,0,0,436,4,0,,,,0.1,6,0.2,0.1,,,,
ChangeDistiller,533,493,77,60,199,197,0,0,635,4,0,,,,0.1,2,0.2,0.3,,,,
ChangeDistiller,540,487,84,67,196,193,0,0,509,4,0,,,,0.1,4,0.2,0.3,,,,
ChangeDistiller,547,482,87,70,196,194,0,0,511,4,0,,,,0.1,6,0.2,0.3,,,,
ChangeDistiller,569,510,95,78,190,206,0,0,593,4,0,,,,0.1,2,0.2,0.5,,,,
ChangeDistiller,589,505,109,92,185,203,0,0,662,4,0,,,,0.1,4,0.2,0.5,,,,
ChangeDistiller,597,503,112,95,185,205,0,0,509,4,0,,,,0.1,6,0.2,0.5,,,,
ChangeDistiller,747,640,163,146,186,252,0,0,592,4,0,,,,0.1,2,0.2,0.7,,,,
ChangeDistiller,853,657,208,191,182,272,0,0,447,4,0,,,,0.1,4,0.2,0.7,,,,
ChangeDistiller,885,649,223,206,180,276,0,0,451,4,0,,,,0.1,6,0.2,0.7,,,,
ChangeDistiller,747,640,163,146,186,252,0,0,488,4,0,,,,0.1,2,0.2,0.899,,,,
ChangeDistiller,873,666,215,198,182,278,0,0,489,4,0,,,,0.1,4,0.2,0.899,,,,
ChangeDistiller,909,662,231,214,180,284,0,0,490,4,0,,,,0.1,6,0.2,0.899,,,,
ChangeDistiller,310,291,41,24,118,127,0,0,323,4,0,,,,0.3,2,0.2,0.1,,,,
ChangeDistiller,309,292,41,24,118,126,0,0,304,4,0,,,,0.3,4,0.2,0.1,,,,
ChangeDistiller,309,292,41,24,118,126,0,0,318,4,0,,,,0.3,6,0.2,0.1,,,,
ChangeDistiller,311,290,45,28,115,123,0,0,298,4,0,,,,0.3,2,0.2,0.3,,,,
ChangeDistiller,311,286,48,31,113,119,0,0,314,4,0,,,,0.3,4,0.2,0.3,,,,
ChangeDistiller,316,287,50,33,113,120,0,0,308,4,0,,,,0.3,6,0.2,0.3,,,,
ChangeDistiller,331,301,56,39,108,128,0,0,306,4,0,,,,0.3,2,0.2,0.5,,,,
ChangeDistiller,332,288,62,45,104,121,0,0,305,4,0,,,,0.3,4,0.2,0.5,,,,
ChangeDistiller,335,289,63,46,104,122,0,0,308,4,0,,,,0.3,6,0.2,0.5,,,,
ChangeDistiller,462,401,105,88,106,163,0,0,307,4,0,,,,0.3,2,0.2,0.7,,,,
ChangeDistiller,529,411,133,116,103,177,0,0,308,4,0,,,,0.3,4,0.2,0.7,,,,
ChangeDistiller,542,403,140,123,102,177,0,0,309,4,0,,,,0.3,6,0.2,0.7,,,,
ChangeDistiller,462,401,105,88,106,163,0,0,309,4,0,,,,0.3,2,0.2,0.899,,,,
ChangeDistiller,557,427,142,125,104,186,0,0,307,4,0,,,,0.3,4,0.2,0.899,,,,
ChangeDistiller,587,430,154,137,103,193,0,0,309,4,0,,,,0.3,6,0.2,0.899,,,,
ChangeDistiller,197,174,32,15,72,78,0,0,239,4,0,,,,0.5,2,0.2,0.1,,,,
ChangeDistiller,197,174,32,15,72,78,0,0,238,4,0,,,,0.5,4,0.2,0.1,,,,
ChangeDistiller,197,174,32,15,72,78,0,0,237,4,0,,,,0.5,6,0.2,0.1,,,,
ChangeDistiller,197,174,32,15,72,78,0,0,239,4,0,,,,0.5,2,0.2,0.3,,,,
ChangeDistiller,197,174,32,15,72,78,0,0,237,4,0,,,,0.5,4,0.2,0.3,,,,
ChangeDistiller,197,174,32,15,72,78,0,0,237,4,0,,,,0.5,6,0.2,0.3,,,,
ChangeDistiller,216,185,42,25,65,84,0,0,241,4,0,,,,0.5,2,0.2,0.5,,,,
ChangeDistiller,221,186,45,28,64,84,0,0,237,4,0,,,,0.5,4,0.2,0.5,,,,
ChangeDistiller,223,184,46,29,64,84,0,0,240,4,0,,,,0.5,6,0.2,0.5,,,,
ChangeDistiller,321,269,81,64,63,113,0,0,241,4,0,,,,0.5,2,0.2,0.7,,,,
ChangeDistiller,373,282,101,84,62,126,0,0,241,4,0,,,,0.5,4,0.2,0.7,,,,
ChangeDistiller,378,281,103,86,62,127,0,0,238,4,0,,,,0.5,6,0.2,0.7,,,,
ChangeDistiller,321,269,81,64,63,113,0,0,239,4,0,,,,0.5,2,0.2,0.899,,,,
ChangeDistiller,407,306,111,94,62,140,0,0,240,4,0,,,,0.5,4,0.2,0.899,,,,
ChangeDistiller,436,321,119,102,62,153,0,0,239,4,0,,,,0.5,6,0.2,0.899,,,,
ChangeDistiller,75,63,18,1,24,32,0,0,203,4,0,,,,0.7,2,0.2,0.1,,,,
ChangeDistiller,75,63,18,1,24,32,0,0,203,4,0,,,,0.7,4,0.2,0.1,,,,
ChangeDistiller,75,63,18,1,24,32,0,0,202,4,0,,,,0.7,6,0.2,0.1,,,,
ChangeDistiller,75,63,18,1,24,32,0,0,202,4,0,,,,0.7,2,0.2,0.3,,,,
ChangeDistiller,75,63,18,1,24,32,0,0,203,4,0,,,,0.7,4,0.2,0.3,,,,
ChangeDistiller,75,63,18,1,24,32,0,0,203,4,0,,,,0.7,6,0.2,0.3,,,,
ChangeDistiller,80,68,21,4,20,35,0,0,202,4,0,,,,0.7,2,0.2,0.5,,,,
ChangeDistiller,80,68,21,4,20,35,0,0,201,4,0,,,,0.7,4,0.2,0.5,,,,
ChangeDistiller,80,68,21,4,20,35,0,0,212,4,0,,,,0.7,6,0.2,0.5,,,,
ChangeDistiller,145,130,43,26,20,56,0,0,215,4,0,,,,0.7,2,0.2,0.7,,,,
ChangeDistiller,186,146,56,39,20,71,0,0,213,4,0,,,,0.7,4,0.2,0.7,,,,
ChangeDistiller,186,141,57,40,20,69,0,0,215,4,0,,,,0.7,6,0.2,0.7,,,,
ChangeDistiller,145,130,43,26,20,56,0,0,212,4,0,,,,0.7,2,0.2,0.899,,,,
ChangeDistiller,203,157,61,44,20,78,0,0,216,4,0,,,,0.7,4,0.2,0.899,,,,
ChangeDistiller,227,168,69,52,20,86,0,0,215,4,0,,,,0.7,6,0.2,0.899,,,,
ChangeDistiller,31,19,17,0,0,14,0,0,167,4,0,,,,0.899,2,0.2,0.1,,,,
ChangeDistiller,31,19,17,0,0,14,0,0,165,4,0,,,,0.899,4,0.2,0.1,,,,
ChangeDistiller,31,19,17,0,0,14,0,0,165,4,0,,,,0.899,6,0.2,0.1,,,,
ChangeDistiller,31,19,17,0,0,14,0,0,154,4,0,,,,0.899,2,0.2,0.3,,,,
ChangeDistiller,31,19,17,0,0,14,0,0,156,4,0,,,,0.899,4,0.2,0.3,,,,
ChangeDistiller,31,19,17,0,0,14,0,0,154,4,0,,,,0.899,6,0.2,0.3,,,,
ChangeDistiller,34,22,18,1,0,15,0,0,156,4,0,,,,0.899,2,0.2,0.5,,,,
ChangeDistiller,34,22,18,1,0,15,0,0,154,4,0,,,,0.899,4,0.2,0.5,,,,
ChangeDistiller,34,22,18,1,0,15,0,0,155,4,0,,,,0.899,6,0.2,0.5,,,,
ChangeDistiller,57,42,26,9,0,22,0,0,156,4,0,,,,0.899,2,0.2,0.7,,,,
ChangeDistiller,71,49,30,13,0,28,0,0,155,4,0,,,,0.899,4,0.2,0.7,,,,
ChangeDistiller,69,46,30,13,0,26,0,0,155,4,0,,,,0.899,6,0.2,0.7,,,,
ChangeDistiller,57,42,26,9,0,22,0,0,155,4,0,,,,0.899,2,0.2,0.899,,,,
ChangeDistiller,82,56,33,16,0,33,0,0,154,4,0,,,,0.899,4,0.2,0.899,,,,
ChangeDistiller,96,61,38,21,0,37,0,0,155,4,0,,,,0.899,6,0.2,0.899,,,,
ChangeDistiller,597,504,96,79,200,222,0,0,471,4,0,,,,0.1,2,0.4,0.1,,,,
ChangeDistiller,557,504,78,61,205,213,0,0,469,4,0,,,,0.1,4,0.4,0.1,,,,
ChangeDistiller,544,506,73,56,204,211,0,0,468,4,0,,,,0.1,6,0.4,0.1,,,,
ChangeDistiller,582,481,98,81,195,208,0,0,471,4,0,,,,0.1,2,0.4,0.3,,,,
ChangeDistiller,565,485,92,75,196,202,0,0,469,4,0,,,,0.1,4,0.4,0.3,,,,
ChangeDistiller,559,481,90,73,196,200,0,0,471,4,0,,,,0.1,6,0.4,0.3,,,,
ChangeDistiller,612,482,116,99,185,212,0,0,469,4,0,,,,0.1,2,0.4,0.5,,,,
ChangeDistiller,618,487,118,101,185,214,0,0,469,4,0,,,,0.1,4,0.4,0.5,,,,
ChangeDistiller,618,487,118,101,185,214,0,0,469,4,0,,,,0.1,6,0.4,0.5,,,,
ChangeDistiller,839,586,205,188,179,267,0,0,472,4,0,,,,0.1,2,0.4,0.7,,,,
ChangeDistiller,913,594,229,212,181,291,0,0,474,4,0,,,,0.1,4,0.4,0.7,,,,
ChangeDistiller,933,584,240,223,179,291,0,0,475,4,0,,,,0.1,6,0.4,0.7,,,,
ChangeDistiller,839,586,205,188,179,267,0,0,471,4,0,,,,0.1,2,0.4,0.899,,,,
ChangeDistiller,932,598,238,221,179,294,0,0,475,4,0,,,,0.1,4,0.4,0.899,,,,
ChangeDistiller,957,597,248,231,179,299,0,0,475,4,0,,,,0.1,6,0.4,0.899,,,,
ChangeDistiller,338,298,54,37,117,130,0,0,308,4,0,,,,0.3,2,0.4,0.1,,,,
ChangeDistiller,324,298,45,28,119,132,0,0,306,4,0,,,,0.3,4,0.4,0.1,,,,
ChangeDistiller,317,295,43,26,118,130,0,0,305,4,0,,,,0.3,6,0.4,0.1,,,,
ChangeDistiller,327,281,55,38,113,121,0,0,306,4,0,,,,0.3,2,0.4,0.3,,,,
ChangeDistiller,325,286,53,36,113,123,0,0,306,4,0,,,,0.3,4,0.4,0.3,,,,
ChangeDistiller,319,284,51,34,113,121,0,0,309,4,0,,,,0.3,6,0.4,0.3,,,,
ChangeDistiller,338,286,64,47,104,123,0,0,305,4,0,,,,0.3,2,0.4,0.5,,,,
ChangeDistiller,338,286,64,47,104,123,0,0,305,4,0,,,,0.3,4,0.4,0.5,,,,
ChangeDistiller,338,286,64,47,104,123,0,0,305,4,0,,,,0.3,6,0.4,0.5,,,,
ChangeDistiller,482,391,118,101,102,161,0,0,306,4,0,,,,0.3,2,0.4,0.7,,,,
ChangeDistiller,552,393,144,127,102,179,0,0,311,4,0,,,,0.3,4,0.4,0.7,,,,
ChangeDistiller,560,376,147,130,102,181,0,0,311,4,0,,,,0.3,6,0.4,0.7,,,,
ChangeDistiller,482,391,118,101,102,161,0,0,306,4,0,,,,0.3,2,0.4,0.899,,,,
ChangeDistiller,584,394,154,137,103,190,0,0,311,4,0,,,,0.3,4,0.4,0.899,,,,
ChangeDistiller,604,400,161,144,103,196,0,0,311,4,0,,,,0.3,6,0.4,0.899,,,,
ChangeDistiller,203,178,34,17,72,80,0,0,238,4,0,,,,0.5,2,0.4,0.1,,,,
ChangeDistiller,197,174,32,15,72,78,0,0,238,4,0,,,,0.5,4,0.4,0.1,,,,
ChangeDistiller,197,174,32,15,72,78,0,0,238,4,0,,,,0.5,6,0.4,0.1,,,,
ChangeDistiller,203,178,34,17,72,80,0,0,237,4,0,,,,0.5,2,0.4,0.3,,,,
ChangeDistiller,197,174,32,15,72,78,0,0,238,4,0,,,,0.5,4,0.4,0.3,,,,
ChangeDistiller,197,174,32,15,72,78,0,0,238,4,0,,,,0.5,6,0.4,0.3,,,,
ChangeDistiller,220,181,45,28,64,83,0,0,239,4,0,,,,0.5,2,0.4,0.5,,,,
ChangeDistiller,226,185,47,30,64,85,0,0,239,4,0,,,,0.5,4,0.4,0.5,,,,
ChangeDistiller,226,185,47,30,64,85,0,0,239,4,0,,,,0.5,6,0.4,0.5,,,,
ChangeDistiller,326,265,85,68,62,111,0,0,239,4,0,,,,0.5,2,0.4,0.7,,,,
ChangeDistiller,375,280,102,85,62,126,0,0,245,4,0,,,,0.5,4,0.4,0.7,,,,
ChangeDistiller,378,281,103,86,62,127,0,0,243,4,0,,,,0.5,6,0.4,0.7,,,,
ChangeDistiller,326,265,85,68,62,111,0,0,243,4,0,,,,0.5,2,0.4,0.899,,,,
ChangeDistiller,409,304,112,95,62,140,0,0,243,4,0,,,,0.5,4,0.4,0.899,,,,
ChangeDistiller,431,316,119,102,62,148,0,0,243,4,0,,,,0.5,6,0.4,0.899,,,,
ChangeDistiller,75,63,18,1,24,32,0,0,208,4,0,,,,0.7,2,0.4,0.1,,,,
ChangeDistiller,75,63,18,1,24,32,0,0,208,4,0,,,,0.7,4,0.4,0.1,,,,
ChangeDistiller,75,63,18,1,24,32,0,0,206,4,0,,,,0.7,6,0.4,0.1,,,,
ChangeDistiller,75,63,18,1,24,32,0,0,209,4,0,,,,0.7,2,0.4,0.3,,,,
ChangeDistiller,75,63,18,1,24,32,0,0,208,4,0,,,,0.7,4,0.4,0.3,,,,
ChangeDistiller,75,63,18,1,24,32,0,0,203,4,0,,,,0.7,6,0.4,0.3,,,,
ChangeDistiller,80,68,21,4,20,35,0,0,202,4,0,,,,0.7,2,0.4,0.5,,,,
ChangeDistiller,80,68,21,4,20,35,0,0,201,4,0,,,,0.7,4,0.4,0.5,,,,
ChangeDistiller,80,68,21,4,20,35,0,0,202,4,0,,,,0.7,6,0.4,0.5,,,,
ChangeDistiller,145,130,43,26,20,56,0,0,204,4,0,,,,0.7,2,0.4,0.7,,,,
ChangeDistiller,186,141,57,40,20,69,0,0,203,4,0,,,,0.7,4,0.4,0.7,,,,
ChangeDistiller,186,141,57,40,20,69,0,0,204,4,0,,,,0.7,6,0.4,0.7,,,,
ChangeDistiller,145,130,43,26,20,56,0,0,202,4,0,,,,0.7,2,0.4,0.899,,,,
ChangeDistiller,203,152,62,45,20,76,0,0,204,4,0,,,,0.7,4,0.4,0.899,,,,
ChangeDistiller,227,168,69,52,20,86,0,0,204,4,0,,,,0.7,6,0.4,0.899,,,,
ChangeDistiller,31,19,17,0,0,14,0,0,156,4,0,,,,0.899,2,0.4,0.1,,,,
ChangeDistiller,31,19,17,0,0,14,0,0,154,4,0,,,,0.899,4,0.4,0.1,,,,
ChangeDistiller,31,19,17,0,0,14,0,0,155,4,0,,,,0.899,6,0.4,0.1,,,,
ChangeDistiller,31,19,17,0,0,14,0,0,154,4,0,,,,0.899,2,0.4,0.3,,,,
ChangeDistiller,31,19,17,0,0,14,0,0,155,4,0,,,,0.899,4,0.4,0.3,,,,
ChangeDistiller,31,19,17,0,0,14,0,0,154,4,0,,,,0.899,6,0.4,0.3,,,,
ChangeDistiller,34,22,18,1,0,15,0,0,155,4,0,,,,0.899,2,0.4,0.5,,,,
ChangeDistiller,34,22,18,1,0,15,0,0,155,4,0,,,,0.899,4,0.4,0.5,,,,
ChangeDistiller,34,22,18,1,0,15,0,0,155,4,0,,,,0.899,6,0.4,0.5,,,,
ChangeDistiller,57,42,26,9,0,22,0,0,156,4,0,,,,0.899,2,0.4,0.7,,,,
ChangeDistiller,69,46,30,13,0,26,0,0,155,4,0,,,,0.899,4,0.4,0.7,,,,
ChangeDistiller,69,46,30,13,0,26,0,0,155,4,0,,,,0.899,6,0.4,0.7,,,,
ChangeDistiller,57,42,26,9,0,22,0,0,154,4,0,,,,0.899,2,0.4,0.899,,,,
ChangeDistiller,80,53,33,16,0,31,0,0,155,4,0,,,,0.899,4,0.4,0.899,,,,
ChangeDistiller,96,61,38,21,0,37,0,0,156,4,0,,,,0.899,6,0.4,0.899,,,,
ChangeDistiller,691,542,124,107,200,260,0,0,470,4,0,,,,0.1,2,0.6,0.1,,,,
ChangeDistiller,609,521,91,74,205,239,0,0,469,4,0,,,,0.1,4,0.6,0.1,,,,
ChangeDistiller,595,528,85,68,204,238,0,0,470,4,0,,,,0.1,6,0.6,0.1,,,,
ChangeDistiller,677,519,126,109,195,247,0,0,472,4,0,,,,0.1,2,0.6,0.3,,,,
ChangeDistiller,619,495,105,88,196,230,0,0,471,4,0,,,,0.1,4,0.6,0.3,,,,
ChangeDistiller,613,499,102,85,196,230,0,0,472,4,0,,,,0.1,6,0.6,0.3,,,,
ChangeDistiller,708,515,145,128,185,250,0,0,471,4,0,,,,0.1,2,0.6,0.5,,,,
ChangeDistiller,664,495,130,113,185,236,0,0,471,4,0,,,,0.1,4,0.6,0.5,,,,
ChangeDistiller,659,496,128,111,185,235,0,0,469,4,0,,,,0.1,6,0.6,0.5,,,,
ChangeDistiller,928,522,233,216,179,300,0,0,474,4,0,,,,0.1,2,0.6,0.7,,,,
ChangeDistiller,961,529,246,229,179,307,0,0,472,4,0,,,,0.1,4,0.6,0.7,,,,
ChangeDistiller,967,529,248,231,179,309,0,0,473,4,0,,,,0.1,6,0.6,0.7,,,,
ChangeDistiller,928,522,233,216,179,300,0,0,475,4,0,,,,0.1,2,0.6,0.899,,,,
ChangeDistiller,984,531,254,237,179,314,0,0,476,4,0,,,,0.1,4,0.6,0.899,,,,
ChangeDistiller,994,535,257,240,179,318,0,0,476,4,0,,,,0.1,6,0.6,0.899,,,,
ChangeDistiller,368,300,64,47,117,140,0,0,309,4,0,,,,0.3,2,0.6,0.1,,,,
ChangeDistiller,349,303,52,35,119,143,0,0,306,4,0,,,,0.3,4,0.6,0.1,,,,
ChangeDistiller,339,300,49,32,118,140,0,0,305,4,0,,,,0.3,6,0.6,0.1,,,,
ChangeDistiller,351,283,62,45,113,131,0,0,306,4,0,,,,0.3,2,0.6,0.3,,,,
ChangeDistiller,342,282,58,41,113,130,0,0,310,4,0,,,,0.3,4,0.6,0.3,,,,
ChangeDistiller,332,286,54,37,113,128,0,0,307,4,0,,,,0.3,6,0.6,0.3,,,,
ChangeDistiller,372,286,75,58,104,135,0,0,306,4,0,,,,0.3,2,0.6,0.5,,,,
ChangeDistiller,355,281,69,52,104,130,0,0,306,4,0,,,,0.3,4,0.6,0.5,,,,
ChangeDistiller,346,278,66,49,104,127,0,0,306,4,0,,,,0.3,6,0.6,0.5,,,,
ChangeDistiller,557,361,145,128,102,182,0,0,318,4,0,,,,0.3,2,0.6,0.7,,,,
ChangeDistiller,571,363,150,133,102,186,0,0,316,4,0,,,,0.3,4,0.6,0.7,,,,
ChangeDistiller,571,363,150,133,102,186,0,0,316,4,0,,,,0.3,6,0.6,0.7,,,,
ChangeDistiller,557,361,145,128,102,182,0,0,319,4,0,,,,0.3,2,0.6,0.899,,,,
ChangeDistiller,594,371,159,142,102,191,0,0,319,4,0,,,,0.3,4,0.6,0.899,,,,
ChangeDistiller,614,384,164,147,103,200,0,0,319,4,0,,,,0.3,6,0.6,0.899,,,,
ChangeDistiller,220,188,39,22,72,87,0,0,248,4,0,,,,0.5,2,0.6,0.1,,,,
ChangeDistiller,203,180,33,16,72,82,0,0,246,4,0,,,,0.5,4,0.6,0.1,,,,
ChangeDistiller,200,178,32,15,72,81,0,0,245,4,0,,,,0.5,6,0.6,0.1,,,,
ChangeDistiller,224,187,41,24,72,87,0,0,245,4,0,,,,0.5,2,0.6,0.3,,,,
ChangeDistiller,204,179,34,17,72,81,0,0,239,4,0,,,,0.5,4,0.6,0.3,,,,
ChangeDistiller,201,178,33,16,72,80,0,0,237,4,0,,,,0.5,6,0.6,0.3,,,,
ChangeDistiller,238,189,51,34,64,89,0,0,237,4,0,,,,0.5,2,0.6,0.5,,,,
ChangeDistiller,231,186,48,31,64,88,0,0,239,4,0,,,,0.5,4,0.6,0.5,,,,
ChangeDistiller,231,186,48,31,64,88,0,0,239,4,0,,,,0.5,6,0.6,0.5,,,,
ChangeDistiller,393,258,107,90,62,134,0,0,240,4,0,,,,0.5,2,0.6,0.7,,,,
ChangeDistiller,397,262,108,91,62,136,0,0,240,4,0,,,,0.5,4,0.6,0.7,,,,
ChangeDistiller,400,263,109,92,62,137,0,0,239,4,0,,,,0.5,6,0.6,0.7,,,,
ChangeDistiller,393,258,107,90,62,134,0,0,239,4,0,,,,0.5,2,0.6,0.899,,,,
ChangeDistiller,434,277,119,102,62,151,0,0,240,4,0,,,,0.5,4,0.6,0.899,,,,
ChangeDistiller,457,284,127,110,62,158,0,0,240,4,0,,,,0.5,6,0.6,0.899,,,,
ChangeDistiller,75,63,18,1,24,32,0,0,202,4,0,,,,0.7,2,0.6,0.1,,,,
ChangeDistiller,75,63,18,1,24,32,0,0,202,4,0,,,,0.7,4,0.6,0.1,,,,
ChangeDistiller,75,63,18,1,24,32,0,0,203,4,0,,,,0.7,6,0.6,0.1,,,,
ChangeDistiller,75,63,18,1,24,32,0,0,204,4,0,,,,0.7,2,0.6,0.3,,,,
ChangeDistiller,75,63,18,1,24,32,0,0,203,4,0,,,,0.7,4,0.6,0.3,,,,
ChangeDistiller,75,63,18,1,24,32,0,0,203,4,0,,,,0.7,6,0.6,0.3,,,,
ChangeDistiller,80,68,21,4,20,35,0,0,203,4,0,,,,0.7,2,0.6,0.5,,,,
ChangeDistiller,80,68,21,4,20,35,0,0,201,4,0,,,,0.7,4,0.6,0.5,,,,
ChangeDistiller,80,68,21,4,20,35,0,0,202,4,0,,,,0.7,6,0.6,0.5,,,,
ChangeDistiller,173,134,52,35,20,66,0,0,202,4,0,,,,0.7,2,0.6,0.7,,,,
ChangeDistiller,191,140,58,41,20,72,0,0,203,4,0,,,,0.7,4,0.6,0.7,,,,
ChangeDistiller,191,140,58,41,20,72,0,0,204,4,0,,,,0.7,6,0.6,0.7,,,,
ChangeDistiller,173,134,52,35,20,66,0,0,203,4,0,,,,0.7,2,0.6,0.899,,,,
ChangeDistiller,208,151,63,46,20,79,0,0,203,4,0,,,,0.7,4,0.6,0.899,,,,
ChangeDistiller,232,167,70,53,20,89,0,0,204,4,0,,,,0.7,6,0.6,0.899,,,,
ChangeDistiller,31,19,17,0,0,14,0,0,155,4,0,,,,0.899,2,0.6,0.1,,,,
ChangeDistiller,31,19,17,0,0,14,0,0,154,4,0,,,,0.899,4,0.6,0.1,,,,
ChangeDistiller,31,19,17,0,0,14,0,0,154,4,0,,,,0.899,6,0.6,0.1,,,,
ChangeDistiller,31,19,17,0,0,14,0,0,154,4,0,,,,0.899,2,0.6,0.3,,,,
ChangeDistiller,31,19,17,0,0,14,0,0,155,4,0,,,,0.899,4,0.6,0.3,,,,
ChangeDistiller,31,19,17,0,0,14,0,0,155,4,0,,,,0.899,6,0.6,0.3,,,,
ChangeDistiller,34,22,18,1,0,15,0,0,155,4,0,,,,0.899,2,0.6,0.5,,,,
ChangeDistiller,34,22,18,1,0,15,0,0,155,4,0,,,,0.899,4,0.6,0.5,,,,
ChangeDistiller,34,22,18,1,0,15,0,0,156,4,0,,,,0.899,6,0.6,0.5,,,,
ChangeDistiller,57,42,26,9,0,22,0,0,155,4,0,,,,0.899,2,0.6,0.7,,,,
ChangeDistiller,69,46,30,13,0,26,0,0,156,4,0,,,,0.899,4,0.6,0.7,,,,
ChangeDistiller,69,46,30,13,0,26,0,0,156,4,0,,,,0.899,6,0.6,0.7,,,,
ChangeDistiller,57,42,26,9,0,22,0,0,155,4,0,,,,0.899,2,0.6,0.899,,,,
ChangeDistiller,80,53,33,16,0,31,0,0,155,4,0,,,,0.899,4,0.6,0.899,,,,
ChangeDistiller,96,61,38,21,0,37,0,0,155,4,0,,,,0.899,6,0.6,0.899,,,,
ChangeDistiller,821,548,164,129,203,325,0,0,469,4,0,,,,0.1,2,0.8,0.1,,,,
ChangeDistiller,717,565,112,95,207,303,0,0,473,4,0,,,,0.1,4,0.8,0.1,,,,
ChangeDistiller,674,557,98,81,204,291,0,0,472,4,0,,,,0.1,6,0.8,0.1,,,,
ChangeDistiller,819,526,172,137,195,315,0,0,474,4,0,,,,0.1,2,0.8,0.3,,,,
ChangeDistiller,711,528,125,108,196,282,0,0,474,4,0,,,,0.1,4,0.8,0.3,,,,
ChangeDistiller,677,522,112,95,196,274,0,0,473,4,0,,,,0.1,6,0.8,0.3,,,,
ChangeDistiller,851,506,189,165,185,312,0,0,471,4,0,,,,0.1,2,0.8,0.5,,,,
ChangeDistiller,754,485,151,129,185,289,0,0,469,4,0,,,,0.1,4,0.8,0.5,,,,
ChangeDistiller,720,497,138,121,185,276,0,0,469,4,0,,,,0.1,6,0.8,0.5,,,,
ChangeDistiller,999,503,259,240,179,321,0,0,472,4,0,,,,0.1,2,0.8,0.7,,,,
ChangeDistiller,988,504,254,235,179,320,0,0,488,4,0,,,,0.1,4,0.8,0.7,,,,
ChangeDistiller,988,504,254,235,179,320,0,0,493,4,0,,,,0.1,6,0.8,0.7,,,,
ChangeDistiller,999,503,259,240,179,321,0,0,492,4,0,,,,0.1,2,0.8,0.899,,,,
ChangeDistiller,1005,505,261,242,179,323,0,0,493,4,0,,,,0.1,4,0.8,0.899,,,,
ChangeDistiller,1008,506,262,243,179,324,0,0,492,4,0,,,,0.1,6,0.8,0.899,,,,
ChangeDistiller,510,369,95,78,118,219,0,0,310,4,0,,,,0.3,2,0.8,0.1,,,,
ChangeDistiller,384,327,59,42,119,164,0,0,322,4,0,,,,0.3,4,0.8,0.1,,,,
ChangeDistiller,355,311,51,34,118,152,0,0,322,4,0,,,,0.3,6,0.8,0.1,,,,
ChangeDistiller,506,354,99,82,113,212,0,0,323,4,0,,,,0.3,2,0.8,0.3,,,,
ChangeDistiller,379,303,67,50,113,149,0,0,322,4,0,,,,0.3,4,0.8,0.3,,,,
ChangeDistiller,361,302,60,43,113,145,0,0,325,4,0,,,,0.3,6,0.8,0.3,,,,
ChangeDistiller,515,333,110,93,104,208,0,0,307,4,0,,,,0.3,2,0.8,0.5,,,,
ChangeDistiller,399,294,80,63,104,152,0,0,306,4,0,,,,0.3,4,0.8,0.5,,,,
ChangeDistiller,383,291,74,57,104,148,0,0,306,4,0,,,,0.3,6,0.8,0.5,,,,
ChangeDistiller,654,349,171,142,102,239,0,0,307,4,0,,,,0.3,2,0.8,0.7,,,,
ChangeDistiller,641,348,165,137,102,237,0,0,308,4,0,,,,0.3,4,0.8,0.7,,,,
ChangeDistiller,637,348,164,135,102,236,0,0,310,4,0,,,,0.3,6,0.8,0.7,,,,
ChangeDistiller,654,349,171,142,102,239,0,0,310,4,0,,,,0.3,2,0.8,0.899,,,,
ChangeDistiller,661,350,174,145,102,240,0,0,310,4,0,,,,0.3,4,0.8,0.899,,,,
ChangeDistiller,672,354,179,147,102,244,0,0,310,4,0,,,,0.3,6,0.8,0.899,,,,
ChangeDistiller,349,247,73,56,73,147,0,0,240,4,0,,,,0.5,2,0.8,0.1,,,,
ChangeDistiller,263,222,45,28,72,118,0,0,238,4,0,,,,0.5,4,0.8,0.1,,,,
ChangeDistiller,231,197,38,21,72,100,0,0,237,4,0,,,,0.5,6,0.8,0.1,,,,
ChangeDistiller,349,242,75,58,72,144,0,0,238,4,0,,,,0.5,2,0.8,0.3,,,,
ChangeDistiller,262,215,46,29,72,115,0,0,238,4,0,,,,0.5,4,0.8,0.3,,,,
ChangeDistiller,232,195,39,22,72,99,0,0,238,4,0,,,,0.5,6,0.8,0.3,,,,
ChangeDistiller,357,232,84,67,64,142,0,0,240,4,0,,,,0.5,2,0.8,0.5,,,,
ChangeDistiller,290,213,61,44,64,121,0,0,239,4,0,,,,0.5,4,0.8,0.5,,,,
ChangeDistiller,258,197,54,37,64,103,0,0,239,4,0,,,,0.5,6,0.8,0.5,,,,
ChangeDistiller,476,249,128,111,62,175,0,0,241,4,0,,,,0.5,2,0.8,0.7,,,,
ChangeDistiller,456,245,121,104,62,169,0,0,241,4,0,,,,0.5,4,0.8,0.7,,,,
ChangeDistiller,451,244,119,102,62,168,0,0,240,4,0,,,,0.5,6,0.8,0.7,,,,
ChangeDistiller,476,249,128,111,62,175,0,0,240,4,0,,,,0.5,2,0.8,0.899,,,,
ChangeDistiller,489,258,132,115,62,180,0,0,240,4,0,,,,0.5,4,0.8,0.899,,,,
ChangeDistiller,499,264,135,118,62,184,0,0,239,4,0,,,,0.5,6,0.8,0.899,,,,
ChangeDistiller,110,88,27,10,24,49,0,0,203,4,0,,,,0.7,2,0.8,0.1,,,,
ChangeDistiller,79,67,19,2,24,34,0,0,203,4,0,,,,0.7,4,0.8,0.1,,,,
ChangeDistiller,75,63,18,1,24,32,0,0,202,4,0,,,,0.7,6,0.8,0.1,,,,
ChangeDistiller,110,88,27,10,24,49,0,0,203,4,0,,,,0.7,2,0.8,0.3,,,,
ChangeDistiller,79,67,19,2,24,34,0,0,203,4,0,,,,0.7,4,0.8,0.3,,,,
ChangeDistiller,75,63,18,1,24,32,0,0,203,4,0,,,,0.7,6,0.8,0.3,,,,
ChangeDistiller,125,95,31,14,20,60,0,0,202,4,0,,,,0.7,2,0.8,0.5,,,,
ChangeDistiller,94,74,23,6,20,45,0,0,201,4,0,,,,0.7,4,0.8,0.5,,,,
ChangeDistiller,90,70,22,5,20,43,0,0,202,4,0,,,,0.7,6,0.8,0.5,,,,
ChangeDistiller,240,143,70,53,20,97,0,0,203,4,0,,,,0.7,2,0.8,0.7,,,,
ChangeDistiller,217,136,65,48,20,84,0,0,203,4,0,,,,0.7,4,0.8,0.7,,,,
ChangeDistiller,209,136,62,45,20,82,0,0,204,4,0,,,,0.7,6,0.8,0.7,,,,
ChangeDistiller,240,143,70,53,20,97,0,0,204,4,0,,,,0.7,2,0.8,0.899,,,,
ChangeDistiller,250,151,73,56,20,101,0,0,204,4,0,,,,0.7,4,0.8,0.899,,,,
ChangeDistiller,267,162,78,61,20,108,0,0,203,4,0,,,,0.7,6,0.8,0.899,,,,
ChangeDistiller,31,19,17,0,0,14,0,0,155,4,0,,,,0.899,2,0.8,0.1,,,,
ChangeDistiller,31,19,17,0,0,14,0,0,154,4,0,,,,0.899,4,0.8,0.1,,,,
ChangeDistiller,31,19,17,0,0,14,0,0,153,4,0,,,,0.899,6,0.8,0.1,,,,
ChangeDistiller,31,19,17,0,0,14,0,0,153,4,0,,,,0.899,2,0.8,0.3,,,,
ChangeDistiller,31,19,17,0,0,14,0,0,154,4,0,,,,0.899,4,0.8,0.3,,,,
ChangeDistiller,31,19,17,0,0,14,0,0,154,4,0,,,,0.899,6,0.8,0.3,,,,
ChangeDistiller,34,22,18,1,0,15,0,0,155,4,0,,,,0.899,2,0.8,0.5,,,,
ChangeDistiller,34,22,18,1,0,15,0,0,156,4,0,,,,0.899,4,0.8,0.5,,,,
ChangeDistiller,34,22,18,1,0,15,0,0,155,4,0,,,,0.899,6,0.8,0.5,,,,
ChangeDistiller,91,50,35,18,0,38,0,0,156,4,0,,,,0.899,2,0.8,0.7,,,,
ChangeDistiller,88,51,34,17,0,37,0,0,157,4,0,,,,0.899,4,0.8,0.7,,,,
ChangeDistiller,80,51,31,14,0,35,0,0,155,4,0,,,,0.899,6,0.8,0.7,,,,
ChangeDistiller,91,50,35,18,0,38,0,0,155,4,0,,,,0.899,2,0.8,0.899,,,,
ChangeDistiller,98,55,37,20,0,41,0,0,155,4,0,,,,0.899,4,0.8,0.899,,,,
ChangeDistiller,107,58,40,23,0,44,0,0,154,4,0,,,,0.899,6,0.8,0.899,,,,
ChangeDistiller,852,557,172,140,203,337,0,0,470,4,0,,,,0.1,2,1.0,0.1,,,,
ChangeDistiller,741,557,122,84,207,328,0,0,473,4,0,,,,0.1,4,1.0,0.1,,,,
ChangeDistiller,682,542,105,60,204,313,0,0,472,4,0,,,,0.1,6,1.0,0.1,,,,
ChangeDistiller,853,536,181,149,195,328,0,0,476,4,0,,,,0.1,2,1.0,0.3,,,,
ChangeDistiller,745,526,136,102,196,311,0,0,474,4,0,,,,0.1,4,1.0,0.3,,,,
ChangeDistiller,702,518,121,84,196,301,0,0,508,4,0,,,,0.1,6,1.0,0.3,,,,
ChangeDistiller,888,517,199,178,185,326,0,0,486,4,0,,,,0.1,2,1.0,0.5,,,,
ChangeDistiller,789,504,159,137,185,308,0,0,485,4,0,,,,0.1,4,1.0,0.5,,,,
ChangeDistiller,1014,507,263,246,179,326,0,0,488,4,0,,,,0.1,2,1.0,0.7,,,,
ChangeDistiller,996,508,256,237,179,324,0,0,488,4,0,,,,0.1,4,1.0,0.7,,,,
ChangeDistiller,993,507,255,236,179,323,0,0,488,4,0,,,,0.1,6,1.0,0.7,,,,
ChangeDistiller,1014,507,263,246,179,326,0,0,526,4,0,,,,0.1,2,1.0,0.899,,,,
ChangeDistiller,1014,507,263,246,179,326,0,0,489,4,0,,,,0.1,4,1.0,0.899,,,,
ChangeDistiller,1014,507,263,246,179,326,0,0,488,4,0,,,,0.1,6,1.0,0.899,,,,
ChangeDistiller,615,406,122,99,119,275,0,0,308,4,0,,,,0.3,2,1.0,0.1,,,,
ChangeDistiller,531,400,86,61,121,263,0,0,306,4,0,,,,0.3,4,1.0,0.1,,,,
ChangeDistiller,490,383,74,48,118,250,0,0,306,4,0,,,,0.3,6,1.0,0.1,,,,
ChangeDistiller,610,390,126,103,113,268,0,0,308,4,0,,,,0.3,2,1.0,0.3,,,,
ChangeDistiller,528,377,95,70,113,250,0,0,325,4,0,,,,0.3,4,1.0,0.3,,,,
ChangeDistiller,492,371,83,54,113,242,0,0,308,4,0,,,,0.3,6,1.0,0.3,,,,
ChangeDistiller,626,374,138,119,104,265,0,0,309,4,0,,,,0.3,2,1.0,0.5,,,,
ChangeDistiller,511,349,96,75,104,236,0,0,308,4,0,,,,0.3,6,1.0,0.5,,,,
ChangeDistiller,724,369,187,170,102,265,0,0,311,4,0,,,,0.3,2,1.0,0.7,,,,
ChangeDistiller,703,371,178,159,102,264,0,0,311,4,0,,,,0.3,4,1.0,0.7,,,,
ChangeDistiller,688,368,173,153,102,260,0,0,310,4,0,,,,0.3,6,1.0,0.7,,,,
ChangeDistiller,724,369,187,170,102,265,0,0,311,4,0,,,,0.3,4,1.0,0.899,,,,
ChangeDistiller,724,369,187,170,102,265,0,0,311,4,0,,,,0.3,6,1.0,0.899,,,,
ChangeDistiller,460,304,93,70,73,224,0,0,239,4,0,,,,0.5,2,1.0,0.1,,,,
ChangeDistiller,352,276,55,29,72,196,0,0,239,4,0,,,,0.5,6,1.0,0.1,,,,
ChangeDistiller,461,299,95,73,72,221,0,0,239,4,0,,,,0.5,2,1.0,0.3,,,,
ChangeDistiller,380,280,65,42,72,201,0,0,238,4,0,,,,0.5,4,1.0,0.3,,,,
ChangeDistiller,354,272,56,33,72,193,0,0,239,4,0,,,,0.5,6,1.0,0.3,,,,
ChangeDistiller,474,287,105,86,64,219,0,0,240,4,0,,,,0.5,2,1.0,0.5,,,,
ChangeDistiller,399,266,78,59,64,198,0,0,240,4,0,,,,0.5,4,1.0,0.5,,,,
ChangeDistiller,376,259,70,51,64,191,0,0,240,4,0,,,,0.5,6,1.0,0.5,,,,
ChangeDistiller,548,283,142,125,62,219,0,0,241,4,0,,,,0.5,2,1.0,0.7,,,,
ChangeDistiller,519,278,132,113,62,212,0,0,239,4,0,,,,0.5,4,1.0,0.7,,,,
ChangeDistiller,502,275,126,106,62,208,0,0,239,4,0,,,,0.5,6,1.0,0.7,,,,
ChangeDistiller,548,283,142,125,62,219,0,0,239,4,0,,,,0.5,2,1.0,0.899,,,,
ChangeDistiller,548,283,142,125,62,219,0,0,239,4,0,,,,0.5,4,1.0,0.899,,,,
ChangeDistiller,548,283,142,125,62,219,0,0,240,4,0,,,,0.5,6,1.0,0.899,,,,
ChangeDistiller,303,195,65,48,24,166,0,0,205,4,0,,,,0.7,2,1.0,0.1,,,,
ChangeDistiller,252,180,47,30,24,151,0,0,204,4,0,,,,0.7,4,1.0,0.1,,,,
ChangeDistiller,225,168,39,22,24,140,0,0,203,4,0,,,,0.7,6,1.0,0.1,,,,
ChangeDistiller,301,191,65,48,24,164,0,0,204,4,0,,,,0.7,2,1.0,0.3,,,,
ChangeDistiller,247,173,47,30,24,146,0,0,204,4,0,,,,0.7,4,1.0,0.3,,,,
ChangeDistiller,223,165,39,22,24,138,0,0,203,4,0,,,,0.7,6,1.0,0.3,,,,
ChangeDistiller,303,187,68,51,20,164,0,0,203,4,0,,,,0.7,2,1.0,0.5,,,,
ChangeDistiller,249,169,50,33,20,146,0,0,203,4,0,,,,0.7,4,1.0,0.5,,,,
ChangeDistiller,225,161,42,25,20,138,0,0,205,4,0,,,,0.7,6,1.0,0.5,,,,
ChangeDistiller,347,186,90,73,20,164,0,0,205,4,0,,,,0.7,2,1.0,0.7,,,,
ChangeDistiller,332,185,85,66,20,161,0,0,203,4,0,,,,0.7,4,1.0,0.7,,,,
ChangeDistiller,310,182,78,56,20,156,0,0,203,4,0,,,,0.7,6,1.0,0.7,,,,
ChangeDistiller,347,186,90,73,20,164,0,0,206,4,0,,,,0.7,2,1.0,0.899,,,,
ChangeDistiller,347,186,90,73,20,164,0,0,205,4,0,,,,0.7,4,1.0,0.899,,,,
ChangeDistiller,347,186,90,73,20,164,0,0,206,4,0,,,,0.7,6,1.0,0.899,,,,
ChangeDistiller,184,118,44,27,0,113,0,0,155,4,0,,,,0.899,2,1.0,0.1,,,,
ChangeDistiller,165,113,37,20,0,108,0,0,155,4,0,,,,0.899,4,1.0,0.1,,,,
ChangeDistiller,147,104,32,15,0,100,0,0,155,4,0,,,,0.899,6,1.0,0.1,,,,
ChangeDistiller,182,114,44,27,0,111,0,0,157,4,0,,,,0.899,2,1.0,0.3,,,,
ChangeDistiller,160,106,37,20,0,103,0,0,155,4,0,,,,0.899,4,1.0,0.3,,,,
ChangeDistiller,145,101,32,15,0,98,0,0,156,4,0,,,,0.899,6,1.0,0.3,,,,
ChangeDistiller,184,114,45,28,0,111,0,0,156,4,0,,,,0.899,2,1.0,0.5,,,,
ChangeDistiller,162,106,38,21,0,103,0,0,154,4,0,,,,0.899,4,1.0,0.5,,,,
ChangeDistiller,147,101,33,16,0,98,0,0,155,4,0,,,,0.899,6,1.0,0.5,,,,
ChangeDistiller,200,113,53,36,0,111,0,0,154,4,0,,,,0.899,2,1.0,0.7,,,,
ChangeDistiller,190,111,50,32,0,108,0,0,151,4,0,,,,0.899,4,1.0,0.7,,,,
ChangeDistiller,174,110,45,24,0,105,0,0,151,4,0,,,,0.899,6,1.0,0.7,,,,
ChangeDistiller,200,113,53,36,0,111,0,0,151,4,0,,,,0.899,2,1.0,0.899,,,,
ChangeDistiller,200,113,53,36,0,111,0,0,150,4,0,,,,0.899,4,1.0,0.899,,,,
ChangeDistiller,200,113,53,36,0,111,0,0,139,4,0,,,,0.899,6,1.0,0.899,,,,
