MATCHER,NRACTIONS,NRROOTS,NR_INSERT,NR_DELETE,NR_UPDATE,NR_MOVE,NR_TREEINSERT,NR_TREEDELETE,TIME,NROPTIONS,TIMEOUT,GT_BUM_SMT,GT_BUM_SMT_SBUP,GT_BUM_SZT,GT_CD_LSIM,GT_CD_ML,GT_CD_SSIM1,GT_CD_SSIM2,GT_STM_MH,GT_XYM_SIM,GUMTREE_MATCH_GT_MINH,
SimpleGumtree,22,9,16,2,0,4,0,0,3,2,0,,0.1,,,,,,1,,,
SimpleGumtree,30,8,21,7,0,2,0,0,3,2,0,,0.1,,,,,,2,,,
SimpleGumtree,36,7,24,10,1,1,0,0,3,2,0,,0.1,,,,,,3,,,
SimpleGumtree,81,5,47,33,1,0,0,0,3,2,0,,0.1,,,,,,4,,,
SimpleGumtree,146,6,80,66,0,0,0,0,4,2,0,,0.1,,,,,,5,,,
SimpleGumtree,22,9,16,2,0,4,0,0,3,2,0,,0.3,,,,,,1,,,
SimpleGumtree,30,8,21,7,0,2,0,0,2,2,0,,0.3,,,,,,2,,,
SimpleGumtree,36,7,24,10,1,1,0,0,3,2,0,,0.3,,,,,,3,,,
SimpleGumtree,81,5,47,33,1,0,0,0,3,2,0,,0.3,,,,,,4,,,
SimpleGumtree,146,6,80,66,0,0,0,0,3,2,0,,0.3,,,,,,5,,,
SimpleGumtree,22,9,16,2,0,4,0,0,8,2,0,,0.5,,,,,,1,,,
SimpleGumtree,30,8,21,7,0,2,0,0,9,2,0,,0.5,,,,,,2,,,
SimpleGumtree,36,7,24,10,1,1,0,0,3,2,0,,0.5,,,,,,3,,,
SimpleGumtree,81,5,47,33,1,0,0,0,3,2,0,,0.5,,,,,,4,,,
SimpleGumtree,146,6,80,66,0,0,0,0,3,2,0,,0.5,,,,,,5,,,
SimpleGumtree,22,9,16,2,0,4,0,0,3,2,0,,0.7,,,,,,1,,,
SimpleGumtree,30,8,21,7,0,2,0,0,3,2,0,,0.7,,,,,,2,,,
SimpleGumtree,36,7,24,10,1,1,0,0,4,2,0,,0.7,,,,,,3,,,
SimpleGumtree,81,5,47,33,1,0,0,0,3,2,0,,0.7,,,,,,4,,,
SimpleGumtree,146,6,80,66,0,0,0,0,3,2,0,,0.7,,,,,,5,,,
SimpleGumtree,22,9,16,2,0,4,0,0,3,2,0,,0.899,,,,,,1,,,
SimpleGumtree,30,8,21,7,0,2,0,0,3,2,0,,0.899,,,,,,2,,,
SimpleGumtree,36,7,24,10,1,1,0,0,3,2,0,,0.899,,,,,,3,,,
SimpleGumtree,81,5,47,33,1,0,0,0,3,2,0,,0.899,,,,,,4,,,
SimpleGumtree,146,6,80,66,0,0,0,0,2,2,0,,0.899,,,,,,5,,,
ClassicGumtree,20,10,15,1,0,4,0,0,21,3,0,0.1,,100,,,,,1,,,
ClassicGumtree,18,8,14,0,0,4,0,0,85,3,0,0.1,,200,,,,,1,,,
ClassicGumtree,18,8,14,0,0,4,0,0,85,3,0,0.1,,300,,,,,1,,,
ClassicGumtree,18,8,14,0,0,4,0,0,85,3,0,0.1,,400,,,,,1,,,
ClassicGumtree,18,8,14,0,0,4,0,0,79,3,0,0.1,,500,,,,,1,,,
ClassicGumtree,18,8,14,0,0,4,0,0,75,3,0,0.1,,600,,,,,1,,,
ClassicGumtree,18,8,14,0,0,4,0,0,1776,3,0,0.1,,700,,,,,1,,,
ClassicGumtree,18,8,14,0,0,4,0,0,1851,3,0,0.1,,800,,,,,1,,,
ClassicGumtree,18,8,14,0,0,4,0,0,1008,3,0,0.1,,900,,,,,1,,,
ClassicGumtree,18,8,14,0,0,4,0,0,1402,3,0,0.1,,1000,,,,,1,,,
ClassicGumtree,18,8,14,0,0,4,0,0,1358,3,0,0.1,,1100,,,,,1,,,
ClassicGumtree,18,8,14,0,0,4,0,0,1012,3,0,0.1,,1200,,,,,1,,,
ClassicGumtree,18,8,14,0,0,4,0,0,1124,3,0,0.1,,1300,,,,,1,,,
ClassicGumtree,18,8,14,0,0,4,0,0,1855,3,0,0.1,,1400,,,,,1,,,
ClassicGumtree,18,8,14,0,0,4,0,0,1851,3,0,0.1,,1500,,,,,1,,,
ClassicGumtree,18,8,14,0,0,4,0,0,1244,3,0,0.1,,1600,,,,,1,,,
ClassicGumtree,18,8,14,0,0,4,0,0,1085,3,0,0.1,,1700,,,,,1,,,
ClassicGumtree,18,8,14,0,0,4,0,0,1089,3,0,0.1,,1800,,,,,1,,,
ClassicGumtree,18,8,14,0,0,4,0,0,1032,3,0,0.1,,1900,,,,,1,,,
ClassicGumtree,18,8,14,0,0,4,0,0,1039,3,0,0.1,,2000,,,,,1,,,
ClassicGumtree,20,10,15,1,0,4,0,0,12,3,0,0.2,,100,,,,,1,,,
ClassicGumtree,18,8,14,0,0,4,0,0,47,3,0,0.2,,200,,,,,1,,,
ClassicGumtree,18,8,14,0,0,4,0,0,84,3,0,0.2,,300,,,,,1,,,
ClassicGumtree,18,8,14,0,0,4,0,0,47,3,0,0.2,,400,,,,,1,,,
ClassicGumtree,18,8,14,0,0,4,0,0,46,3,0,0.2,,500,,,,,1,,,
ClassicGumtree,18,8,14,0,0,4,0,0,137,3,0,0.2,,600,,,,,1,,,
ClassicGumtree,18,8,14,0,0,4,0,0,1103,3,0,0.2,,700,,,,,1,,,
ClassicGumtree,18,8,14,0,0,4,0,0,1824,3,0,0.2,,800,,,,,1,,,
ClassicGumtree,18,8,14,0,0,4,0,0,1847,3,0,0.2,,900,,,,,1,,,
ClassicGumtree,18,8,14,0,0,4,0,0,1847,3,0,0.2,,1000,,,,,1,,,
ClassicGumtree,18,8,14,0,0,4,0,0,1847,3,0,0.2,,1100,,,,,1,,,
ClassicGumtree,18,8,14,0,0,4,0,0,1850,3,0,0.2,,1200,,,,,1,,,
ClassicGumtree,18,8,14,0,0,4,0,0,984,3,0,0.2,,1300,,,,,1,,,
ClassicGumtree,18,8,14,0,0,4,0,0,987,3,0,0.2,,1400,,,,,1,,,
ClassicGumtree,18,8,14,0,0,4,0,0,1003,3,0,0.2,,1500,,,,,1,,,
ClassicGumtree,18,8,14,0,0,4,0,0,1004,3,0,0.2,,1600,,,,,1,,,
ClassicGumtree,18,8,14,0,0,4,0,0,978,3,0,0.2,,1700,,,,,1,,,
ClassicGumtree,18,8,14,0,0,4,0,0,990,3,0,0.2,,1800,,,,,1,,,
ClassicGumtree,18,8,14,0,0,4,0,0,987,3,0,0.2,,1900,,,,,1,,,
ClassicGumtree,18,8,14,0,0,4,0,0,965,3,0,0.2,,2000,,,,,1,,,
ClassicGumtree,20,10,15,1,0,4,0,0,12,3,0,0.3,,100,,,,,1,,,
ClassicGumtree,18,8,14,0,0,4,0,0,47,3,0,0.3,,200,,,,,1,,,
ClassicGumtree,18,8,14,0,0,4,0,0,47,3,0,0.3,,300,,,,,1,,,
ClassicGumtree,18,8,14,0,0,4,0,0,84,3,0,0.3,,400,,,,,1,,,
ClassicGumtree,18,8,14,0,0,4,0,0,47,3,0,0.3,,500,,,,,1,,,
ClassicGumtree,18,8,14,0,0,4,0,0,66,3,0,0.3,,600,,,,,1,,,
ClassicGumtree,18,8,14,0,0,4,0,0,1812,3,0,0.3,,700,,,,,1,,,
ClassicGumtree,18,8,14,0,0,4,0,0,970,3,0,0.3,,800,,,,,1,,,
ClassicGumtree,18,8,14,0,0,4,0,0,975,3,0,0.3,,900,,,,,1,,,
ClassicGumtree,18,8,14,0,0,4,0,0,1793,3,0,0.3,,1000,,,,,1,,,
ClassicGumtree,18,8,14,0,0,4,0,0,1794,3,0,0.3,,1100,,,,,1,,,
ClassicGumtree,18,8,14,0,0,4,0,0,1824,3,0,0.3,,1200,,,,,1,,,
ClassicGumtree,18,8,14,0,0,4,0,0,1828,3,0,0.3,,1300,,,,,1,,,
ClassicGumtree,18,8,14,0,0,4,0,0,954,3,0,0.3,,1400,,,,,1,,,
ClassicGumtree,18,8,14,0,0,4,0,0,1025,3,0,0.3,,1500,,,,,1,,,
ClassicGumtree,18,8,14,0,0,4,0,0,1006,3,0,0.3,,1600,,,,,1,,,
ClassicGumtree,18,8,14,0,0,4,0,0,1021,3,0,0.3,,1700,,,,,1,,,
ClassicGumtree,18,8,14,0,0,4,0,0,1027,3,0,0.3,,1800,,,,,1,,,
ClassicGumtree,18,8,14,0,0,4,0,0,1029,3,0,0.3,,1900,,,,,1,,,
ClassicGumtree,18,8,14,0,0,4,0,0,978,3,0,0.3,,2000,,,,,1,,,
ClassicGumtree,20,10,15,1,0,4,0,0,11,3,0,0.4,,100,,,,,1,,,
ClassicGumtree,18,8,14,0,0,4,0,0,47,3,0,0.4,,200,,,,,1,,,
ClassicGumtree,18,8,14,0,0,4,0,0,46,3,0,0.4,,300,,,,,1,,,
ClassicGumtree,18,8,14,0,0,4,0,0,46,3,0,0.4,,400,,,,,1,,,
ClassicGumtree,18,8,14,0,0,4,0,0,47,3,0,0.4,,500,,,,,1,,,
ClassicGumtree,18,8,14,0,0,4,0,0,83,3,0,0.4,,600,,,,,1,,,
ClassicGumtree,18,8,14,0,0,4,0,0,986,3,0,0.4,,700,,,,,1,,,
ClassicGumtree,18,8,14,0,0,4,0,0,1855,3,0,0.4,,800,,,,,1,,,
ClassicGumtree,18,8,14,0,0,4,0,0,1856,3,0,0.4,,900,,,,,1,,,
ClassicGumtree,18,8,14,0,0,4,0,0,1857,3,0,0.4,,1000,,,,,1,,,
ClassicGumtree,18,8,14,0,0,4,0,0,967,3,0,0.4,,1100,,,,,1,,,
ClassicGumtree,18,8,14,0,0,4,0,0,1827,3,0,0.4,,1200,,,,,1,,,
ClassicGumtree,18,8,14,0,0,4,0,0,965,3,0,0.4,,1300,,,,,1,,,
ClassicGumtree,18,8,14,0,0,4,0,0,1832,3,0,0.4,,1400,,,,,1,,,
ClassicGumtree,18,8,14,0,0,4,0,0,983,3,0,0.4,,1500,,,,,1,,,
ClassicGumtree,18,8,14,0,0,4,0,0,1057,3,0,0.4,,1600,,,,,1,,,
ClassicGumtree,18,8,14,0,0,4,0,0,1016,3,0,0.4,,1700,,,,,1,,,
ClassicGumtree,18,8,14,0,0,4,0,0,1055,3,0,0.4,,1800,,,,,1,,,
ClassicGumtree,18,8,14,0,0,4,0,0,1059,3,0,0.4,,1900,,,,,1,,,
ClassicGumtree,18,8,14,0,0,4,0,0,1042,3,0,0.4,,2000,,,,,1,,,
ClassicGumtree,20,10,15,1,0,4,0,0,11,3,0,0.5,,100,,,,,1,,,
ClassicGumtree,18,8,14,0,0,4,0,0,48,3,0,0.5,,200,,,,,1,,,
ClassicGumtree,18,8,14,0,0,4,0,0,47,3,0,0.5,,300,,,,,1,,,
ClassicGumtree,18,8,14,0,0,4,0,0,84,3,0,0.5,,400,,,,,1,,,
ClassicGumtree,18,8,14,0,0,4,0,0,84,3,0,0.5,,500,,,,,1,,,
ClassicGumtree,18,8,14,0,0,4,0,0,47,3,0,0.5,,600,,,,,1,,,
ClassicGumtree,18,8,14,0,0,4,0,0,1830,3,0,0.5,,700,,,,,1,,,
ClassicGumtree,18,8,14,0,0,4,0,0,1829,3,0,0.5,,800,,,,,1,,,
ClassicGumtree,18,8,14,0,0,4,0,0,1037,3,0,0.5,,900,,,,,1,,,
ClassicGumtree,18,8,14,0,0,4,0,0,1826,3,0,0.5,,1000,,,,,1,,,
ClassicGumtree,18,8,14,0,0,4,0,0,1028,3,0,0.5,,1100,,,,,1,,,
ClassicGumtree,18,8,14,0,0,4,0,0,1831,3,0,0.5,,1200,,,,,1,,,
ClassicGumtree,18,8,14,0,0,4,0,0,1834,3,0,0.5,,1300,,,,,1,,,
ClassicGumtree,18,8,14,0,0,4,0,0,1003,3,0,0.5,,1400,,,,,1,,,
ClassicGumtree,18,8,14,0,0,4,0,0,1003,3,0,0.5,,1500,,,,,1,,,
ClassicGumtree,18,8,14,0,0,4,0,0,1005,3,0,0.5,,1600,,,,,1,,,
ClassicGumtree,18,8,14,0,0,4,0,0,962,3,0,0.5,,1700,,,,,1,,,
ClassicGumtree,18,8,14,0,0,4,0,0,954,3,0,0.5,,1800,,,,,1,,,
ClassicGumtree,18,8,14,0,0,4,0,0,1072,3,0,0.5,,1900,,,,,1,,,
ClassicGumtree,18,8,14,0,0,4,0,0,1080,3,0,0.5,,2000,,,,,1,,,
ClassicGumtree,20,10,15,1,0,4,0,0,12,3,0,0.6,,100,,,,,1,,,
ClassicGumtree,18,8,14,0,0,4,0,0,47,3,0,0.6,,200,,,,,1,,,
ClassicGumtree,18,8,14,0,0,4,0,0,46,3,0,0.6,,300,,,,,1,,,
ClassicGumtree,18,8,14,0,0,4,0,0,83,3,0,0.6,,400,,,,,1,,,
ClassicGumtree,18,8,14,0,0,4,0,0,83,3,0,0.6,,500,,,,,1,,,
ClassicGumtree,18,8,14,0,0,4,0,0,47,3,0,0.6,,600,,,,,1,,,
ClassicGumtree,18,8,14,0,0,4,0,0,2300,3,0,0.6,,700,,,,,1,,,
ClassicGumtree,18,8,14,0,0,4,0,0,1410,3,0,0.6,,800,,,,,1,,,
ClassicGumtree,18,8,14,0,0,4,0,0,2297,3,0,0.6,,900,,,,,1,,,
ClassicGumtree,18,8,14,0,0,4,0,0,2306,3,0,0.6,,1000,,,,,1,,,
ClassicGumtree,18,8,14,0,0,4,0,0,2301,3,0,0.6,,1100,,,,,1,,,
ClassicGumtree,18,8,14,0,0,4,0,0,2308,3,0,0.6,,1200,,,,,1,,,
ClassicGumtree,18,8,14,0,0,4,0,0,1409,3,0,0.6,,1300,,,,,1,,,
ClassicGumtree,18,8,14,0,0,4,0,0,1396,3,0,0.6,,1400,,,,,1,,,
ClassicGumtree,18,8,14,0,0,4,0,0,1378,3,0,0.6,,1500,,,,,1,,,
ClassicGumtree,18,8,14,0,0,4,0,0,1383,3,0,0.6,,1600,,,,,1,,,
ClassicGumtree,18,8,14,0,0,4,0,0,1059,3,0,0.6,,1700,,,,,1,,,
ClassicGumtree,18,8,14,0,0,4,0,0,1106,3,0,0.6,,1800,,,,,1,,,
ClassicGumtree,18,8,14,0,0,4,0,0,1087,3,0,0.6,,1900,,,,,1,,,
ClassicGumtree,18,8,14,0,0,4,0,0,1013,3,0,0.6,,2000,,,,,1,,,
ClassicGumtree,20,10,15,1,0,4,0,0,12,3,0,0.7,,100,,,,,1,,,
ClassicGumtree,18,8,14,0,0,4,0,0,47,3,0,0.7,,200,,,,,1,,,
ClassicGumtree,18,8,14,0,0,4,0,0,47,3,0,0.7,,300,,,,,1,,,
ClassicGumtree,18,8,14,0,0,4,0,0,48,3,0,0.7,,400,,,,,1,,,
ClassicGumtree,18,8,14,0,0,4,0,0,47,3,0,0.7,,500,,,,,1,,,
ClassicGumtree,18,8,14,0,0,4,0,0,47,3,0,0.7,,600,,,,,1,,,
ClassicGumtree,18,8,14,0,0,4,0,0,1071,3,0,0.7,,700,,,,,1,,,
ClassicGumtree,18,8,14,0,0,4,0,0,1802,3,0,0.7,,800,,,,,1,,,
ClassicGumtree,18,8,14,0,0,4,0,0,1812,3,0,0.7,,900,,,,,1,,,
ClassicGumtree,18,8,14,0,0,4,0,0,1803,3,0,0.7,,1000,,,,,1,,,
ClassicGumtree,18,8,14,0,0,4,0,0,1823,3,0,0.7,,1100,,,,,1,,,
ClassicGumtree,18,8,14,0,0,4,0,0,1838,3,0,0.7,,1200,,,,,1,,,
ClassicGumtree,18,8,14,0,0,4,0,0,1029,3,0,0.7,,1300,,,,,1,,,
ClassicGumtree,18,8,14,0,0,4,0,0,991,3,0,0.7,,1400,,,,,1,,,
ClassicGumtree,18,8,14,0,0,4,0,0,1002,3,0,0.7,,1500,,,,,1,,,
ClassicGumtree,18,8,14,0,0,4,0,0,1032,3,0,0.7,,1600,,,,,1,,,
ClassicGumtree,18,8,14,0,0,4,0,0,1013,3,0,0.7,,1700,,,,,1,,,
ClassicGumtree,18,8,14,0,0,4,0,0,951,3,0,0.7,,1800,,,,,1,,,
ClassicGumtree,18,8,14,0,0,4,0,0,964,3,0,0.7,,1900,,,,,1,,,
ClassicGumtree,18,8,14,0,0,4,0,0,975,3,0,0.7,,2000,,,,,1,,,
ClassicGumtree,20,10,15,1,0,4,0,0,12,3,0,0.799,,100,,,,,1,,,
ClassicGumtree,18,8,14,0,0,4,0,0,47,3,0,0.799,,200,,,,,1,,,
ClassicGumtree,18,8,14,0,0,4,0,0,47,3,0,0.799,,300,,,,,1,,,
ClassicGumtree,18,8,14,0,0,4,0,0,47,3,0,0.799,,400,,,,,1,,,
ClassicGumtree,18,8,14,0,0,4,0,0,46,3,0,0.799,,500,,,,,1,,,
ClassicGumtree,18,8,14,0,0,4,0,0,47,3,0,0.799,,600,,,,,1,,,
ClassicGumtree,18,8,14,0,0,4,0,0,1845,3,0,0.799,,700,,,,,1,,,
ClassicGumtree,18,8,14,0,0,4,0,0,989,3,0,0.799,,800,,,,,1,,,
ClassicGumtree,18,8,14,0,0,4,0,0,1853,3,0,0.799,,900,,,,,1,,,
ClassicGumtree,18,8,14,0,0,4,0,0,1845,3,0,0.799,,1000,,,,,1,,,
ClassicGumtree,18,8,14,0,0,4,0,0,1839,3,0,0.799,,1100,,,,,1,,,
ClassicGumtree,18,8,14,0,0,4,0,0,1780,3,0,0.799,,1200,,,,,1,,,
ClassicGumtree,18,8,14,0,0,4,0,0,984,3,0,0.799,,1300,,,,,1,,,
ClassicGumtree,18,8,14,0,0,4,0,0,1036,3,0,0.799,,1400,,,,,1,,,
ClassicGumtree,18,8,14,0,0,4,0,0,1016,3,0,0.799,,1500,,,,,1,,,
ClassicGumtree,18,8,14,0,0,4,0,0,1026,3,0,0.799,,1600,,,,,1,,,
ClassicGumtree,18,8,14,0,0,4,0,0,1027,3,0,0.799,,1700,,,,,1,,,
ClassicGumtree,18,8,14,0,0,4,0,0,1075,3,0,0.799,,1800,,,,,1,,,
ClassicGumtree,18,8,14,0,0,4,0,0,1004,3,0,0.799,,1900,,,,,1,,,
ClassicGumtree,18,8,14,0,0,4,0,0,1019,3,0,0.799,,2000,,,,,1,,,
ClassicGumtree,46,17,25,11,0,10,0,0,2,3,0,0.899,,100,,,,,1,,,
ClassicGumtree,18,8,14,0,0,4,0,0,37,3,0,0.899,,200,,,,,1,,,
ClassicGumtree,18,8,14,0,0,4,0,0,36,3,0,0.899,,300,,,,,1,,,
ClassicGumtree,18,8,14,0,0,4,0,0,96,3,0,0.899,,400,,,,,1,,,
ClassicGumtree,18,8,14,0,0,4,0,0,38,3,0,0.899,,500,,,,,1,,,
ClassicGumtree,18,8,14,0,0,4,0,0,36,3,0,0.899,,600,,,,,1,,,
ClassicGumtree,18,8,14,0,0,4,0,0,956,3,0,0.899,,700,,,,,1,,,
ClassicGumtree,18,8,14,0,0,4,0,0,1754,3,0,0.899,,800,,,,,1,,,
ClassicGumtree,18,8,14,0,0,4,0,0,1654,3,0,0.899,,900,,,,,1,,,
ClassicGumtree,18,8,14,0,0,4,0,0,1756,3,0,0.899,,1000,,,,,1,,,
ClassicGumtree,18,8,14,0,0,4,0,0,1789,3,0,0.899,,1100,,,,,1,,,
ClassicGumtree,18,8,14,0,0,4,0,0,1780,3,0,0.899,,1200,,,,,1,,,
ClassicGumtree,18,8,14,0,0,4,0,0,1004,3,0,0.899,,1300,,,,,1,,,
ClassicGumtree,18,8,14,0,0,4,0,0,969,3,0,0.899,,1400,,,,,1,,,
ClassicGumtree,18,8,14,0,0,4,0,0,982,3,0,0.899,,1500,,,,,1,,,
ClassicGumtree,18,8,14,0,0,4,0,0,953,3,0,0.899,,1600,,,,,1,,,
ClassicGumtree,18,8,14,0,0,4,0,0,991,3,0,0.899,,1700,,,,,1,,,
ClassicGumtree,18,8,14,0,0,4,0,0,946,3,0,0.899,,1800,,,,,1,,,
ClassicGumtree,18,8,14,0,0,4,0,0,957,3,0,0.899,,1900,,,,,1,,,
ClassicGumtree,18,8,14,0,0,4,0,0,934,3,0,0.899,,2000,,,,,1,,,
ClassicGumtree,89,51,27,13,0,49,0,0,2,3,0,0.999,,100,,,,,1,,,
ClassicGumtree,89,51,27,13,0,49,0,0,1,3,0,0.999,,200,,,,,1,,,
ClassicGumtree,89,51,27,13,0,49,0,0,2,3,0,0.999,,300,,,,,1,,,
ClassicGumtree,89,51,27,13,0,49,0,0,2,3,0,0.999,,400,,,,,1,,,
ClassicGumtree,89,51,27,13,0,49,0,0,1,3,0,0.999,,500,,,,,1,,,
ClassicGumtree,89,51,27,13,0,49,0,0,2,3,0,0.999,,600,,,,,1,,,
ClassicGumtree,18,8,14,0,0,4,0,0,453,3,0,0.999,,700,,,,,1,,,
ClassicGumtree,18,8,14,0,0,4,0,0,775,3,0,0.999,,800,,,,,1,,,
ClassicGumtree,18,8,14,0,0,4,0,0,821,3,0,0.999,,900,,,,,1,,,
ClassicGumtree,18,8,14,0,0,4,0,0,839,3,0,0.999,,1000,,,,,1,,,
ClassicGumtree,18,8,14,0,0,4,0,0,826,3,0,0.999,,1100,,,,,1,,,
ClassicGumtree,18,8,14,0,0,4,0,0,826,3,0,0.999,,1200,,,,,1,,,
ClassicGumtree,18,8,14,0,0,4,0,0,446,3,0,0.999,,1300,,,,,1,,,
ClassicGumtree,18,8,14,0,0,4,0,0,439,3,0,0.999,,1400,,,,,1,,,
ClassicGumtree,18,8,14,0,0,4,0,0,459,3,0,0.999,,1500,,,,,1,,,
ClassicGumtree,18,8,14,0,0,4,0,0,447,3,0,0.999,,1600,,,,,1,,,
ClassicGumtree,18,8,14,0,0,4,0,0,448,3,0,0.999,,1700,,,,,1,,,
ClassicGumtree,18,8,14,0,0,4,0,0,814,3,0,0.999,,1800,,,,,1,,,
ClassicGumtree,18,8,14,0,0,4,0,0,463,3,0,0.999,,1900,,,,,1,,,
ClassicGumtree,18,8,14,0,0,4,0,0,461,3,0,0.999,,2000,,,,,1,,,
ClassicGumtree,46,19,28,14,1,3,0,0,21,3,0,0.1,,100,,,,,2,,,
ClassicGumtree,25,11,17,3,1,4,0,0,99,3,0,0.1,,200,,,,,2,,,
ClassicGumtree,25,11,17,3,1,4,0,0,47,3,0,0.1,,300,,,,,2,,,
ClassicGumtree,25,11,17,3,1,4,0,0,83,3,0,0.1,,400,,,,,2,,,
ClassicGumtree,25,11,17,3,1,4,0,0,46,3,0,0.1,,500,,,,,2,,,
ClassicGumtree,25,11,17,3,1,4,0,0,85,3,0,0.1,,600,,,,,2,,,
ClassicGumtree,21,9,15,1,1,4,0,0,1882,3,0,0.1,,700,,,,,2,,,
ClassicGumtree,21,9,15,1,1,4,0,0,1875,3,0,0.1,,800,,,,,2,,,
ClassicGumtree,21,9,15,1,1,4,0,0,995,3,0,0.1,,900,,,,,2,,,
ClassicGumtree,21,9,15,1,1,4,0,0,998,3,0,0.1,,1000,,,,,2,,,
ClassicGumtree,21,9,15,1,1,4,0,0,1874,3,0,0.1,,1100,,,,,2,,,
ClassicGumtree,21,9,15,1,1,4,0,0,1880,3,0,0.1,,1200,,,,,2,,,
ClassicGumtree,21,9,15,1,1,4,0,0,1001,3,0,0.1,,1300,,,,,2,,,
ClassicGumtree,21,9,15,1,1,4,0,0,971,3,0,0.1,,1400,,,,,2,,,
ClassicGumtree,21,9,15,1,1,4,0,0,964,3,0,0.1,,1500,,,,,2,,,
ClassicGumtree,21,9,15,1,1,4,0,0,1092,3,0,0.1,,1600,,,,,2,,,
ClassicGumtree,21,9,15,1,1,4,0,0,1053,3,0,0.1,,1700,,,,,2,,,
ClassicGumtree,21,9,15,1,1,4,0,0,1062,3,0,0.1,,1800,,,,,2,,,
ClassicGumtree,21,9,15,1,1,4,0,0,1160,3,0,0.1,,1900,,,,,2,,,
ClassicGumtree,21,9,15,1,1,4,0,0,1160,3,0,0.1,,2000,,,,,2,,,
ClassicGumtree,46,19,28,14,1,3,0,0,12,3,0,0.2,,100,,,,,2,,,
ClassicGumtree,25,11,17,3,1,4,0,0,102,3,0,0.2,,200,,,,,2,,,
ClassicGumtree,25,11,17,3,1,4,0,0,46,3,0,0.2,,300,,,,,2,,,
ClassicGumtree,25,11,17,3,1,4,0,0,46,3,0,0.2,,400,,,,,2,,,
ClassicGumtree,25,11,17,3,1,4,0,0,47,3,0,0.2,,500,,,,,2,,,
ClassicGumtree,25,11,17,3,1,4,0,0,46,3,0,0.2,,600,,,,,2,,,
ClassicGumtree,21,9,15,1,1,4,0,0,1128,3,0,0.2,,700,,,,,2,,,
ClassicGumtree,21,9,15,1,1,4,0,0,1139,3,0,0.2,,800,,,,,2,,,
ClassicGumtree,21,9,15,1,1,4,0,0,1930,3,0,0.2,,900,,,,,2,,,
ClassicGumtree,21,9,15,1,1,4,0,0,1925,3,0,0.2,,1000,,,,,2,,,
ClassicGumtree,21,9,15,1,1,4,0,0,1927,3,0,0.2,,1100,,,,,2,,,
ClassicGumtree,21,9,15,1,1,4,0,0,1931,3,0,0.2,,1200,,,,,2,,,
ClassicGumtree,21,9,15,1,1,4,0,0,1071,3,0,0.2,,1300,,,,,2,,,
ClassicGumtree,21,9,15,1,1,4,0,0,1079,3,0,0.2,,1400,,,,,2,,,
ClassicGumtree,21,9,15,1,1,4,0,0,975,3,0,0.2,,1500,,,,,2,,,
ClassicGumtree,21,9,15,1,1,4,0,0,1067,3,0,0.2,,1600,,,,,2,,,
ClassicGumtree,21,9,15,1,1,4,0,0,1043,3,0,0.2,,1700,,,,,2,,,
ClassicGumtree,21,9,15,1,1,4,0,0,1056,3,0,0.2,,1800,,,,,2,,,
ClassicGumtree,21,9,15,1,1,4,0,0,1118,3,0,0.2,,1900,,,,,2,,,
ClassicGumtree,21,9,15,1,1,4,0,0,1115,3,0,0.2,,2000,,,,,2,,,
ClassicGumtree,46,19,28,14,1,3,0,0,12,3,0,0.3,,100,,,,,2,,,
ClassicGumtree,25,11,17,3,1,4,0,0,144,3,0,0.3,,200,,,,,2,,,
ClassicGumtree,25,11,17,3,1,4,0,0,47,3,0,0.3,,300,,,,,2,,,
ClassicGumtree,25,11,17,3,1,4,0,0,48,3,0,0.3,,400,,,,,2,,,
ClassicGumtree,25,11,17,3,1,4,0,0,47,3,0,0.3,,500,,,,,2,,,
ClassicGumtree,25,11,17,3,1,4,0,0,46,3,0,0.3,,600,,,,,2,,,
ClassicGumtree,21,9,15,1,1,4,0,0,1141,3,0,0.3,,700,,,,,2,,,
ClassicGumtree,21,9,15,1,1,4,0,0,1137,3,0,0.3,,800,,,,,2,,,
ClassicGumtree,21,9,15,1,1,4,0,0,1110,3,0,0.3,,900,,,,,2,,,
ClassicGumtree,21,9,15,1,1,4,0,0,2100,3,0,0.3,,1000,,,,,2,,,
ClassicGumtree,21,9,15,1,1,4,0,0,2096,3,0,0.3,,1100,,,,,2,,,
ClassicGumtree,21,9,15,1,1,4,0,0,2097,3,0,0.3,,1200,,,,,2,,,
ClassicGumtree,21,9,15,1,1,4,0,0,2170,3,0,0.3,,1300,,,,,2,,,
ClassicGumtree,21,9,15,1,1,4,0,0,1283,3,0,0.3,,1400,,,,,2,,,
ClassicGumtree,21,9,15,1,1,4,0,0,1188,3,0,0.3,,1500,,,,,2,,,
ClassicGumtree,21,9,15,1,1,4,0,0,1197,3,0,0.3,,1600,,,,,2,,,
ClassicGumtree,21,9,15,1,1,4,0,0,1158,3,0,0.3,,1700,,,,,2,,,
ClassicGumtree,21,9,15,1,1,4,0,0,1145,3,0,0.3,,1800,,,,,2,,,
ClassicGumtree,21,9,15,1,1,4,0,0,1212,3,0,0.3,,1900,,,,,2,,,
ClassicGumtree,21,9,15,1,1,4,0,0,1062,3,0,0.3,,2000,,,,,2,,,
ClassicGumtree,46,19,28,14,1,3,0,0,12,3,0,0.4,,100,,,,,2,,,
ClassicGumtree,25,11,17,3,1,4,0,0,47,3,0,0.4,,200,,,,,2,,,
ClassicGumtree,25,11,17,3,1,4,0,0,46,3,0,0.4,,300,,,,,2,,,
ClassicGumtree,25,11,17,3,1,4,0,0,127,3,0,0.4,,400,,,,,2,,,
ClassicGumtree,25,11,17,3,1,4,0,0,127,3,0,0.4,,500,,,,,2,,,
ClassicGumtree,25,11,17,3,1,4,0,0,47,3,0,0.4,,600,,,,,2,,,
ClassicGumtree,21,9,15,1,1,4,0,0,1061,3,0,0.4,,700,,,,,2,,,
ClassicGumtree,21,9,15,1,1,4,0,0,1053,3,0,0.4,,800,,,,,2,,,
ClassicGumtree,21,9,15,1,1,4,0,0,1060,3,0,0.4,,900,,,,,2,,,
ClassicGumtree,21,9,15,1,1,4,0,0,1051,3,0,0.4,,1000,,,,,2,,,
ClassicGumtree,21,9,15,1,1,4,0,0,1988,3,0,0.4,,1100,,,,,2,,,
ClassicGumtree,21,9,15,1,1,4,0,0,1992,3,0,0.4,,1200,,,,,2,,,
ClassicGumtree,21,9,15,1,1,4,0,0,1988,3,0,0.4,,1300,,,,,2,,,
ClassicGumtree,21,9,15,1,1,4,0,0,1921,3,0,0.4,,1400,,,,,2,,,
ClassicGumtree,21,9,15,1,1,4,0,0,1037,3,0,0.4,,1500,,,,,2,,,
ClassicGumtree,21,9,15,1,1,4,0,0,1040,3,0,0.4,,1600,,,,,2,,,
ClassicGumtree,21,9,15,1,1,4,0,0,1047,3,0,0.4,,1700,,,,,2,,,
ClassicGumtree,21,9,15,1,1,4,0,0,1050,3,0,0.4,,1800,,,,,2,,,
ClassicGumtree,21,9,15,1,1,4,0,0,1102,3,0,0.4,,1900,,,,,2,,,
ClassicGumtree,21,9,15,1,1,4,0,0,1102,3,0,0.4,,2000,,,,,2,,,
ClassicGumtree,46,19,28,14,1,3,0,0,11,3,0,0.5,,100,,,,,2,,,
ClassicGumtree,25,11,17,3,1,4,0,0,47,3,0,0.5,,200,,,,,2,,,
ClassicGumtree,25,11,17,3,1,4,0,0,46,3,0,0.5,,300,,,,,2,,,
ClassicGumtree,25,11,17,3,1,4,0,0,46,3,0,0.5,,400,,,,,2,,,
ClassicGumtree,25,11,17,3,1,4,0,0,134,3,0,0.5,,500,,,,,2,,,
ClassicGumtree,25,11,17,3,1,4,0,0,133,3,0,0.5,,600,,,,,2,,,
ClassicGumtree,21,9,15,1,1,4,0,0,997,3,0,0.5,,700,,,,,2,,,
ClassicGumtree,21,9,15,1,1,4,0,0,1001,3,0,0.5,,800,,,,,2,,,
ClassicGumtree,21,9,15,1,1,4,0,0,1089,3,0,0.5,,900,,,,,2,,,
ClassicGumtree,21,9,15,1,1,4,0,0,1091,3,0,0.5,,1000,,,,,2,,,
ClassicGumtree,21,9,15,1,1,4,0,0,2298,3,0,0.5,,1100,,,,,2,,,
ClassicGumtree,21,9,15,1,1,4,0,0,2303,3,0,0.5,,1200,,,,,2,,,
ClassicGumtree,21,9,15,1,1,4,0,0,2299,3,0,0.5,,1300,,,,,2,,,
ClassicGumtree,21,9,15,1,1,4,0,0,1052,3,0,0.5,,1400,,,,,2,,,
ClassicGumtree,21,9,15,1,1,4,0,0,2301,3,0,0.5,,1500,,,,,2,,,
ClassicGumtree,21,9,15,1,1,4,0,0,1038,3,0,0.5,,1600,,,,,2,,,
ClassicGumtree,21,9,15,1,1,4,0,0,1094,3,0,0.5,,1700,,,,,2,,,
ClassicGumtree,21,9,15,1,1,4,0,0,1094,3,0,0.5,,1800,,,,,2,,,
ClassicGumtree,21,9,15,1,1,4,0,0,1426,3,0,0.5,,1900,,,,,2,,,
ClassicGumtree,21,9,15,1,1,4,0,0,1427,3,0,0.5,,2000,,,,,2,,,
ClassicGumtree,46,19,28,14,1,3,0,0,11,3,0,0.6,,100,,,,,2,,,
ClassicGumtree,25,11,17,3,1,4,0,0,46,3,0,0.6,,200,,,,,2,,,
ClassicGumtree,25,11,17,3,1,4,0,0,47,3,0,0.6,,300,,,,,2,,,
ClassicGumtree,25,11,17,3,1,4,0,0,141,3,0,0.6,,400,,,,,2,,,
ClassicGumtree,25,11,17,3,1,4,0,0,141,3,0,0.6,,500,,,,,2,,,
ClassicGumtree,25,11,17,3,1,4,0,0,46,3,0,0.6,,600,,,,,2,,,
ClassicGumtree,21,9,15,1,1,4,0,0,1400,3,0,0.6,,700,,,,,2,,,
ClassicGumtree,21,9,15,1,1,4,0,0,1389,3,0,0.6,,800,,,,,2,,,
ClassicGumtree,21,9,15,1,1,4,0,0,1436,3,0,0.6,,900,,,,,2,,,
ClassicGumtree,21,9,15,1,1,4,0,0,1436,3,0,0.6,,1000,,,,,2,,,
ClassicGumtree,21,9,15,1,1,4,0,0,2005,3,0,0.6,,1100,,,,,2,,,
ClassicGumtree,21,9,15,1,1,4,0,0,2010,3,0,0.6,,1200,,,,,2,,,
ClassicGumtree,21,9,15,1,1,4,0,0,2019,3,0,0.6,,1300,,,,,2,,,
ClassicGumtree,21,9,15,1,1,4,0,0,1107,3,0,0.6,,1400,,,,,2,,,
ClassicGumtree,21,9,15,1,1,4,0,0,2020,3,0,0.6,,1500,,,,,2,,,
ClassicGumtree,21,9,15,1,1,4,0,0,1109,3,0,0.6,,1600,,,,,2,,,
ClassicGumtree,21,9,15,1,1,4,0,0,1055,3,0,0.6,,1700,,,,,2,,,
ClassicGumtree,21,9,15,1,1,4,0,0,1048,3,0,0.6,,1800,,,,,2,,,
ClassicGumtree,21,9,15,1,1,4,0,0,1172,3,0,0.6,,1900,,,,,2,,,
ClassicGumtree,21,9,15,1,1,4,0,0,1172,3,0,0.6,,2000,,,,,2,,,
ClassicGumtree,46,19,28,14,1,3,0,0,11,3,0,0.7,,100,,,,,2,,,
ClassicGumtree,25,11,17,3,1,4,0,0,47,3,0,0.7,,200,,,,,2,,,
ClassicGumtree,25,11,17,3,1,4,0,0,47,3,0,0.7,,300,,,,,2,,,
ClassicGumtree,25,11,17,3,1,4,0,0,47,3,0,0.7,,400,,,,,2,,,
ClassicGumtree,25,11,17,3,1,4,0,0,47,3,0,0.7,,500,,,,,2,,,
ClassicGumtree,25,11,17,3,1,4,0,0,47,3,0,0.7,,600,,,,,2,,,
ClassicGumtree,21,9,15,1,1,4,0,0,1076,3,0,0.7,,700,,,,,2,,,
ClassicGumtree,21,9,15,1,1,4,0,0,1075,3,0,0.7,,800,,,,,2,,,
ClassicGumtree,21,9,15,1,1,4,0,0,1100,3,0,0.7,,900,,,,,2,,,
ClassicGumtree,21,9,15,1,1,4,0,0,1093,3,0,0.7,,1000,,,,,2,,,
ClassicGumtree,21,9,15,1,1,4,0,0,985,3,0,0.7,,1100,,,,,2,,,
ClassicGumtree,21,9,15,1,1,4,0,0,991,3,0,0.7,,1200,,,,,2,,,
ClassicGumtree,21,9,15,1,1,4,0,0,1912,3,0,0.7,,1300,,,,,2,,,
ClassicGumtree,21,9,15,1,1,4,0,0,2000,3,0,0.7,,1400,,,,,2,,,
ClassicGumtree,21,9,15,1,1,4,0,0,1990,3,0,0.7,,1500,,,,,2,,,
ClassicGumtree,21,9,15,1,1,4,0,0,1992,3,0,0.7,,1600,,,,,2,,,
ClassicGumtree,21,9,15,1,1,4,0,0,1164,3,0,0.7,,1700,,,,,2,,,
ClassicGumtree,21,9,15,1,1,4,0,0,1160,3,0,0.7,,1800,,,,,2,,,
ClassicGumtree,21,9,15,1,1,4,0,0,1145,3,0,0.7,,1900,,,,,2,,,
ClassicGumtree,21,9,15,1,1,4,0,0,1143,3,0,0.7,,2000,,,,,2,,,
ClassicGumtree,46,19,28,14,1,3,0,0,12,3,0,0.799,,100,,,,,2,,,
ClassicGumtree,25,11,17,3,1,4,0,0,47,3,0,0.799,,200,,,,,2,,,
ClassicGumtree,25,11,17,3,1,4,0,0,48,3,0,0.799,,300,,,,,2,,,
ClassicGumtree,25,11,17,3,1,4,0,0,46,3,0,0.799,,400,,,,,2,,,
ClassicGumtree,25,11,17,3,1,4,0,0,47,3,0,0.799,,500,,,,,2,,,
ClassicGumtree,25,11,17,3,1,4,0,0,47,3,0,0.799,,600,,,,,2,,,
ClassicGumtree,21,9,15,1,1,4,0,0,1181,3,0,0.799,,700,,,,,2,,,
ClassicGumtree,21,9,15,1,1,4,0,0,1174,3,0,0.799,,800,,,,,2,,,
ClassicGumtree,21,9,15,1,1,4,0,0,1074,3,0,0.799,,900,,,,,2,,,
ClassicGumtree,21,9,15,1,1,4,0,0,1072,3,0,0.799,,1000,,,,,2,,,
ClassicGumtree,21,9,15,1,1,4,0,0,1081,3,0,0.799,,1100,,,,,2,,,
ClassicGumtree,21,9,15,1,1,4,0,0,1078,3,0,0.799,,1200,,,,,2,,,
ClassicGumtree,21,9,15,1,1,4,0,0,2054,3,0,0.799,,1300,,,,,2,,,
ClassicGumtree,21,9,15,1,1,4,0,0,1970,3,0,0.799,,1400,,,,,2,,,
ClassicGumtree,21,9,15,1,1,4,0,0,2002,3,0,0.799,,1500,,,,,2,,,
ClassicGumtree,21,9,15,1,1,4,0,0,2003,3,0,0.799,,1600,,,,,2,,,
ClassicGumtree,21,9,15,1,1,4,0,0,1095,3,0,0.799,,1700,,,,,2,,,
ClassicGumtree,21,9,15,1,1,4,0,0,1099,3,0,0.799,,1800,,,,,2,,,
ClassicGumtree,21,9,15,1,1,4,0,0,1148,3,0,0.799,,1900,,,,,2,,,
ClassicGumtree,21,9,15,1,1,4,0,0,1146,3,0,0.799,,2000,,,,,2,,,
ClassicGumtree,91,21,44,30,0,17,0,0,1,3,0,0.899,,100,,,,,2,,,
ClassicGumtree,91,21,44,30,0,17,0,0,2,3,0,0.899,,200,,,,,2,,,
ClassicGumtree,91,21,44,30,0,17,0,0,2,3,0,0.899,,300,,,,,2,,,
ClassicGumtree,91,21,44,30,0,17,0,0,1,3,0,0.899,,400,,,,,2,,,
ClassicGumtree,91,21,44,30,0,17,0,0,2,3,0,0.899,,500,,,,,2,,,
ClassicGumtree,91,21,44,30,0,17,0,0,1,3,0,0.899,,600,,,,,2,,,
ClassicGumtree,21,9,15,1,1,4,0,0,1110,3,0,0.899,,700,,,,,2,,,
ClassicGumtree,21,9,15,1,1,4,0,0,1103,3,0,0.899,,800,,,,,2,,,
ClassicGumtree,21,9,15,1,1,4,0,0,1028,3,0,0.899,,900,,,,,2,,,
ClassicGumtree,21,9,15,1,1,4,0,0,1025,3,0,0.899,,1000,,,,,2,,,
ClassicGumtree,21,9,15,1,1,4,0,0,1039,3,0,0.899,,1100,,,,,2,,,
ClassicGumtree,21,9,15,1,1,4,0,0,1038,3,0,0.899,,1200,,,,,2,,,
ClassicGumtree,21,9,15,1,1,4,0,0,1036,3,0,0.899,,1300,,,,,2,,,
ClassicGumtree,21,9,15,1,1,4,0,0,1045,3,0,0.899,,1400,,,,,2,,,
ClassicGumtree,21,9,15,1,1,4,0,0,1991,3,0,0.899,,1500,,,,,2,,,
ClassicGumtree,21,9,15,1,1,4,0,0,1996,3,0,0.899,,1600,,,,,2,,,
ClassicGumtree,21,9,15,1,1,4,0,0,1960,3,0,0.899,,1700,,,,,2,,,
ClassicGumtree,21,9,15,1,1,4,0,0,1962,3,0,0.899,,1800,,,,,2,,,
ClassicGumtree,21,9,15,1,1,4,0,0,1062,3,0,0.899,,1900,,,,,2,,,
ClassicGumtree,21,9,15,1,1,4,0,0,1053,3,0,0.899,,2000,,,,,2,,,
ClassicGumtree,117,43,45,31,0,41,0,0,2,3,0,0.999,,100,,,,,2,,,
ClassicGumtree,117,43,45,31,0,41,0,0,1,3,0,0.999,,200,,,,,2,,,
ClassicGumtree,117,43,45,31,0,41,0,0,2,3,0,0.999,,300,,,,,2,,,
ClassicGumtree,117,43,45,31,0,41,0,0,2,3,0,0.999,,400,,,,,2,,,
ClassicGumtree,117,43,45,31,0,41,0,0,2,3,0,0.999,,500,,,,,2,,,
ClassicGumtree,117,43,45,31,0,41,0,0,1,3,0,0.999,,600,,,,,2,,,
ClassicGumtree,21,9,15,1,1,4,0,0,474,3,0,0.999,,700,,,,,2,,,
ClassicGumtree,21,9,15,1,1,4,0,0,474,3,0,0.999,,800,,,,,2,,,
ClassicGumtree,21,9,15,1,1,4,0,0,475,3,0,0.999,,900,,,,,2,,,
ClassicGumtree,21,9,15,1,1,4,0,0,472,3,0,0.999,,1000,,,,,2,,,
ClassicGumtree,21,9,15,1,1,4,0,0,640,3,0,0.999,,1100,,,,,2,,,
ClassicGumtree,21,9,15,1,1,4,0,0,638,3,0,0.999,,1200,,,,,2,,,
ClassicGumtree,21,9,15,1,1,4,0,0,638,3,0,0.999,,1300,,,,,2,,,
ClassicGumtree,21,9,15,1,1,4,0,0,635,3,0,0.999,,1400,,,,,2,,,
ClassicGumtree,21,9,15,1,1,4,0,0,636,3,0,0.999,,1500,,,,,2,,,
ClassicGumtree,21,9,15,1,1,4,0,0,770,3,0,0.999,,1600,,,,,2,,,
ClassicGumtree,21,9,15,1,1,4,0,0,562,3,0,0.999,,1700,,,,,2,,,
ClassicGumtree,21,9,15,1,1,4,0,0,562,3,0,0.999,,1800,,,,,2,,,
ClassicGumtree,21,9,15,1,1,4,0,0,1120,3,0,0.999,,1900,,,,,2,,,
ClassicGumtree,21,9,15,1,1,4,0,0,1121,3,0,0.999,,2000,,,,,2,,,
ClassicGumtree,242,55,126,112,1,3,0,0,12,3,0,0.1,,100,,,,,3,,,
ClassicGumtree,169,37,89,75,1,4,0,0,216,3,0,0.1,,200,,,,,3,,,
ClassicGumtree,169,37,89,75,1,4,0,0,47,3,0,0.1,,300,,,,,3,,,
ClassicGumtree,169,37,89,75,1,4,0,0,179,3,0,0.1,,400,,,,,3,,,
ClassicGumtree,169,37,89,75,1,4,0,0,216,3,0,0.1,,500,,,,,3,,,
ClassicGumtree,169,37,89,75,1,4,0,0,178,3,0,0.1,,600,,,,,3,,,
ClassicGumtree,21,9,15,1,1,4,0,0,1330,3,0,0.1,,700,,,,,3,,,
ClassicGumtree,21,9,15,1,1,4,0,0,1199,3,0,0.1,,800,,,,,3,,,
ClassicGumtree,21,9,15,1,1,4,0,0,1197,3,0,0.1,,900,,,,,3,,,
ClassicGumtree,21,9,15,1,1,4,0,0,2290,3,0,0.1,,1000,,,,,3,,,
ClassicGumtree,21,9,15,1,1,4,0,0,1197,3,0,0.1,,1100,,,,,3,,,
ClassicGumtree,21,9,15,1,1,4,0,0,2291,3,0,0.1,,1200,,,,,3,,,
ClassicGumtree,21,9,15,1,1,4,0,0,1198,3,0,0.1,,1300,,,,,3,,,
ClassicGumtree,21,9,15,1,1,4,0,0,1197,3,0,0.1,,1400,,,,,3,,,
ClassicGumtree,21,9,15,1,1,4,0,0,2273,3,0,0.1,,1500,,,,,3,,,
ClassicGumtree,21,9,15,1,1,4,0,0,1979,3,0,0.1,,1600,,,,,3,,,
ClassicGumtree,21,9,15,1,1,4,0,0,1255,3,0,0.1,,1700,,,,,3,,,
ClassicGumtree,21,9,15,1,1,4,0,0,1254,3,0,0.1,,1800,,,,,3,,,
ClassicGumtree,21,9,15,1,1,4,0,0,1257,3,0,0.1,,1900,,,,,3,,,
ClassicGumtree,21,9,15,1,1,4,0,0,1256,3,0,0.1,,2000,,,,,3,,,
ClassicGumtree,242,55,126,112,1,3,0,0,12,3,0,0.2,,100,,,,,3,,,
ClassicGumtree,169,37,89,75,1,4,0,0,124,3,0,0.2,,200,,,,,3,,,
ClassicGumtree,169,37,89,75,1,4,0,0,122,3,0,0.2,,300,,,,,3,,,
ClassicGumtree,169,37,89,75,1,4,0,0,47,3,0,0.2,,400,,,,,3,,,
ClassicGumtree,169,37,89,75,1,4,0,0,47,3,0,0.2,,500,,,,,3,,,
ClassicGumtree,169,37,89,75,1,4,0,0,47,3,0,0.2,,600,,,,,3,,,
ClassicGumtree,21,9,15,1,1,4,0,0,1302,3,0,0.2,,700,,,,,3,,,
ClassicGumtree,21,9,15,1,1,4,0,0,1302,3,0,0.2,,800,,,,,3,,,
ClassicGumtree,21,9,15,1,1,4,0,0,2018,3,0,0.2,,900,,,,,3,,,
ClassicGumtree,21,9,15,1,1,4,0,0,1150,3,0,0.2,,1000,,,,,3,,,
ClassicGumtree,21,9,15,1,1,4,0,0,1102,3,0,0.2,,1100,,,,,3,,,
ClassicGumtree,21,9,15,1,1,4,0,0,1100,3,0,0.2,,1200,,,,,3,,,
ClassicGumtree,21,9,15,1,1,4,0,0,1093,3,0,0.2,,1300,,,,,3,,,
ClassicGumtree,21,9,15,1,1,4,0,0,1197,3,0,0.2,,1400,,,,,3,,,
ClassicGumtree,21,9,15,1,1,4,0,0,1079,3,0,0.2,,1500,,,,,3,,,
ClassicGumtree,21,9,15,1,1,4,0,0,1072,3,0,0.2,,1600,,,,,3,,,
ClassicGumtree,21,9,15,1,1,4,0,0,1076,3,0,0.2,,1700,,,,,3,,,
ClassicGumtree,21,9,15,1,1,4,0,0,1938,3,0,0.2,,1800,,,,,3,,,
ClassicGumtree,21,9,15,1,1,4,0,0,1076,3,0,0.2,,1900,,,,,3,,,
ClassicGumtree,21,9,15,1,1,4,0,0,1078,3,0,0.2,,2000,,,,,3,,,
ClassicGumtree,242,55,126,112,1,3,0,0,107,3,0,0.3,,100,,,,,3,,,
ClassicGumtree,169,37,89,75,1,4,0,0,142,3,0,0.3,,200,,,,,3,,,
ClassicGumtree,169,37,89,75,1,4,0,0,46,3,0,0.3,,300,,,,,3,,,
ClassicGumtree,169,37,89,75,1,4,0,0,46,3,0,0.3,,400,,,,,3,,,
ClassicGumtree,169,37,89,75,1,4,0,0,46,3,0,0.3,,500,,,,,3,,,
ClassicGumtree,169,37,89,75,1,4,0,0,46,3,0,0.3,,600,,,,,3,,,
ClassicGumtree,21,9,15,1,1,4,0,0,1105,3,0,0.3,,700,,,,,3,,,
ClassicGumtree,21,9,15,1,1,4,0,0,1104,3,0,0.3,,800,,,,,3,,,
ClassicGumtree,21,9,15,1,1,4,0,0,1103,3,0,0.3,,900,,,,,3,,,
ClassicGumtree,21,9,15,1,1,4,0,0,1110,3,0,0.3,,1000,,,,,3,,,
ClassicGumtree,21,9,15,1,1,4,0,0,1104,3,0,0.3,,1100,,,,,3,,,
ClassicGumtree,21,9,15,1,1,4,0,0,1101,3,0,0.3,,1200,,,,,3,,,
ClassicGumtree,21,9,15,1,1,4,0,0,1936,3,0,0.3,,1300,,,,,3,,,
ClassicGumtree,21,9,15,1,1,4,0,0,1084,3,0,0.3,,1400,,,,,3,,,
ClassicGumtree,21,9,15,1,1,4,0,0,1082,3,0,0.3,,1500,,,,,3,,,
ClassicGumtree,21,9,15,1,1,4,0,0,960,3,0,0.3,,1600,,,,,3,,,
ClassicGumtree,21,9,15,1,1,4,0,0,962,3,0,0.3,,1700,,,,,3,,,
ClassicGumtree,21,9,15,1,1,4,0,0,959,3,0,0.3,,1800,,,,,3,,,
ClassicGumtree,21,9,15,1,1,4,0,0,1085,3,0,0.3,,1900,,,,,3,,,
ClassicGumtree,21,9,15,1,1,4,0,0,1848,3,0,0.3,,2000,,,,,3,,,
ClassicGumtree,242,55,126,112,1,3,0,0,12,3,0,0.4,,100,,,,,3,,,
ClassicGumtree,169,37,89,75,1,4,0,0,46,3,0,0.4,,200,,,,,3,,,
ClassicGumtree,169,37,89,75,1,4,0,0,47,3,0,0.4,,300,,,,,3,,,
ClassicGumtree,169,37,89,75,1,4,0,0,47,3,0,0.4,,400,,,,,3,,,
ClassicGumtree,169,37,89,75,1,4,0,0,46,3,0,0.4,,500,,,,,3,,,
ClassicGumtree,169,37,89,75,1,4,0,0,47,3,0,0.4,,600,,,,,3,,,
ClassicGumtree,21,9,15,1,1,4,0,0,1077,3,0,0.4,,700,,,,,3,,,
ClassicGumtree,21,9,15,1,1,4,0,0,1077,3,0,0.4,,800,,,,,3,,,
ClassicGumtree,21,9,15,1,1,4,0,0,1044,3,0,0.4,,900,,,,,3,,,
ClassicGumtree,21,9,15,1,1,4,0,0,1044,3,0,0.4,,1000,,,,,3,,,
ClassicGumtree,21,9,15,1,1,4,0,0,1043,3,0,0.4,,1100,,,,,3,,,
ClassicGumtree,21,9,15,1,1,4,0,0,1044,3,0,0.4,,1200,,,,,3,,,
ClassicGumtree,21,9,15,1,1,4,0,0,1042,3,0,0.4,,1300,,,,,3,,,
ClassicGumtree,21,9,15,1,1,4,0,0,999,3,0,0.4,,1400,,,,,3,,,
ClassicGumtree,21,9,15,1,1,4,0,0,1767,3,0,0.4,,1500,,,,,3,,,
ClassicGumtree,21,9,15,1,1,4,0,0,988,3,0,0.4,,1600,,,,,3,,,
ClassicGumtree,21,9,15,1,1,4,0,0,990,3,0,0.4,,1700,,,,,3,,,
ClassicGumtree,21,9,15,1,1,4,0,0,995,3,0,0.4,,1800,,,,,3,,,
ClassicGumtree,21,9,15,1,1,4,0,0,993,3,0,0.4,,1900,,,,,3,,,
ClassicGumtree,21,9,15,1,1,4,0,0,1001,3,0,0.4,,2000,,,,,3,,,
ClassicGumtree,242,55,126,112,1,3,0,0,12,3,0,0.5,,100,,,,,3,,,
ClassicGumtree,169,37,89,75,1,4,0,0,47,3,0,0.5,,200,,,,,3,,,
ClassicGumtree,169,37,89,75,1,4,0,0,46,3,0,0.5,,300,,,,,3,,,
ClassicGumtree,169,37,89,75,1,4,0,0,46,3,0,0.5,,400,,,,,3,,,
ClassicGumtree,169,37,89,75,1,4,0,0,47,3,0,0.5,,500,,,,,3,,,
ClassicGumtree,169,37,89,75,1,4,0,0,139,3,0,0.5,,600,,,,,3,,,
ClassicGumtree,21,9,15,1,1,4,0,0,997,3,0,0.5,,700,,,,,3,,,
ClassicGumtree,21,9,15,1,1,4,0,0,992,3,0,0.5,,800,,,,,3,,,
ClassicGumtree,21,9,15,1,1,4,0,0,1871,3,0,0.5,,900,,,,,3,,,
ClassicGumtree,21,9,15,1,1,4,0,0,1096,3,0,0.5,,1000,,,,,3,,,
ClassicGumtree,21,9,15,1,1,4,0,0,1096,3,0,0.5,,1100,,,,,3,,,
ClassicGumtree,21,9,15,1,1,4,0,0,1090,3,0,0.5,,1200,,,,,3,,,
ClassicGumtree,21,9,15,1,1,4,0,0,1095,3,0,0.5,,1300,,,,,3,,,
ClassicGumtree,21,9,15,1,1,4,0,0,1092,3,0,0.5,,1400,,,,,3,,,
ClassicGumtree,21,9,15,1,1,4,0,0,1090,3,0,0.5,,1500,,,,,3,,,
ClassicGumtree,21,9,15,1,1,4,0,0,1089,3,0,0.5,,1600,,,,,3,,,
ClassicGumtree,21,9,15,1,1,4,0,0,1092,3,0,0.5,,1700,,,,,3,,,
ClassicGumtree,21,9,15,1,1,4,0,0,1920,3,0,0.5,,1800,,,,,3,,,
ClassicGumtree,21,9,15,1,1,4,0,0,942,3,0,0.5,,1900,,,,,3,,,
ClassicGumtree,21,9,15,1,1,4,0,0,982,3,0,0.5,,2000,,,,,3,,,
ClassicGumtree,281,58,145,131,1,4,0,0,3,3,0,0.6,,100,,,,,3,,,
ClassicGumtree,169,37,89,75,1,4,0,0,39,3,0,0.6,,200,,,,,3,,,
ClassicGumtree,169,37,89,75,1,4,0,0,38,3,0,0.6,,300,,,,,3,,,
ClassicGumtree,169,37,89,75,1,4,0,0,38,3,0,0.6,,400,,,,,3,,,
ClassicGumtree,169,37,89,75,1,4,0,0,39,3,0,0.6,,500,,,,,3,,,
ClassicGumtree,169,37,89,75,1,4,0,0,38,3,0,0.6,,600,,,,,3,,,
ClassicGumtree,21,9,15,1,1,4,0,0,967,3,0,0.6,,700,,,,,3,,,
ClassicGumtree,21,9,15,1,1,4,0,0,920,3,0,0.6,,800,,,,,3,,,
ClassicGumtree,21,9,15,1,1,4,0,0,984,3,0,0.6,,900,,,,,3,,,
ClassicGumtree,21,9,15,1,1,4,0,0,984,3,0,0.6,,1000,,,,,3,,,
ClassicGumtree,21,9,15,1,1,4,0,0,1802,3,0,0.6,,1100,,,,,3,,,
ClassicGumtree,21,9,15,1,1,4,0,0,974,3,0,0.6,,1200,,,,,3,,,
ClassicGumtree,21,9,15,1,1,4,0,0,976,3,0,0.6,,1300,,,,,3,,,
ClassicGumtree,21,9,15,1,1,4,0,0,979,3,0,0.6,,1400,,,,,3,,,
ClassicGumtree,21,9,15,1,1,4,0,0,1034,3,0,0.6,,1500,,,,,3,,,
ClassicGumtree,21,9,15,1,1,4,0,0,1036,3,0,0.6,,1600,,,,,3,,,
ClassicGumtree,21,9,15,1,1,4,0,0,1030,3,0,0.6,,1700,,,,,3,,,
ClassicGumtree,21,9,15,1,1,4,0,0,981,3,0,0.6,,1800,,,,,3,,,
ClassicGumtree,21,9,15,1,1,4,0,0,1106,3,0,0.6,,1900,,,,,3,,,
ClassicGumtree,21,9,15,1,1,4,0,0,1986,3,0,0.6,,2000,,,,,3,,,
ClassicGumtree,298,41,151,137,1,9,0,0,3,3,0,0.7,,100,,,,,3,,,
ClassicGumtree,298,41,151,137,1,9,0,0,2,3,0,0.7,,200,,,,,3,,,
ClassicGumtree,298,41,151,137,1,9,0,0,3,3,0,0.7,,300,,,,,3,,,
ClassicGumtree,298,41,151,137,1,9,0,0,3,3,0,0.7,,400,,,,,3,,,
ClassicGumtree,298,41,151,137,1,9,0,0,3,3,0,0.7,,500,,,,,3,,,
ClassicGumtree,298,41,151,137,1,9,0,0,2,3,0,0.7,,600,,,,,3,,,
ClassicGumtree,21,9,15,1,1,4,0,0,1063,3,0,0.7,,700,,,,,3,,,
ClassicGumtree,21,9,15,1,1,4,0,0,1067,3,0,0.7,,800,,,,,3,,,
ClassicGumtree,21,9,15,1,1,4,0,0,1075,3,0,0.7,,900,,,,,3,,,
ClassicGumtree,21,9,15,1,1,4,0,0,988,3,0,0.7,,1000,,,,,3,,,
ClassicGumtree,21,9,15,1,1,4,0,0,1126,3,0,0.7,,1100,,,,,3,,,
ClassicGumtree,21,9,15,1,1,4,0,0,1638,3,0,0.7,,1200,,,,,3,,,
ClassicGumtree,21,9,15,1,1,4,0,0,1128,3,0,0.7,,1300,,,,,3,,,
ClassicGumtree,21,9,15,1,1,4,0,0,1124,3,0,0.7,,1400,,,,,3,,,
ClassicGumtree,21,9,15,1,1,4,0,0,1012,3,0,0.7,,1500,,,,,3,,,
ClassicGumtree,21,9,15,1,1,4,0,0,1086,3,0,0.7,,1600,,,,,3,,,
ClassicGumtree,21,9,15,1,1,4,0,0,1082,3,0,0.7,,1700,,,,,3,,,
ClassicGumtree,21,9,15,1,1,4,0,0,1088,3,0,0.7,,1800,,,,,3,,,
ClassicGumtree,21,9,15,1,1,4,0,0,1084,3,0,0.7,,1900,,,,,3,,,
ClassicGumtree,21,9,15,1,1,4,0,0,996,3,0,0.7,,2000,,,,,3,,,
ClassicGumtree,311,24,152,138,1,20,0,0,3,3,0,0.799,,100,,,,,3,,,
ClassicGumtree,311,24,152,138,1,20,0,0,3,3,0,0.799,,200,,,,,3,,,
ClassicGumtree,311,24,152,138,1,20,0,0,3,3,0,0.799,,300,,,,,3,,,
ClassicGumtree,311,24,152,138,1,20,0,0,3,3,0,0.799,,400,,,,,3,,,
ClassicGumtree,311,24,152,138,1,20,0,0,2,3,0,0.799,,500,,,,,3,,,
ClassicGumtree,311,24,152,138,1,20,0,0,3,3,0,0.799,,600,,,,,3,,,
ClassicGumtree,21,9,15,1,1,4,0,0,869,3,0,0.799,,700,,,,,3,,,
ClassicGumtree,21,9,15,1,1,4,0,0,509,3,0,0.799,,800,,,,,3,,,
ClassicGumtree,21,9,15,1,1,4,0,0,522,3,0,0.799,,900,,,,,3,,,
ClassicGumtree,21,9,15,1,1,4,0,0,506,3,0,0.799,,1000,,,,,3,,,
ClassicGumtree,21,9,15,1,1,4,0,0,427,3,0,0.799,,1100,,,,,3,,,
ClassicGumtree,21,9,15,1,1,4,0,0,430,3,0,0.799,,1200,,,,,3,,,
ClassicGumtree,21,9,15,1,1,4,0,0,494,3,0,0.799,,1300,,,,,3,,,
ClassicGumtree,21,9,15,1,1,4,0,0,486,3,0,0.799,,1400,,,,,3,,,
ClassicGumtree,21,9,15,1,1,4,0,0,488,3,0,0.799,,1500,,,,,3,,,
ClassicGumtree,21,9,15,1,1,4,0,0,486,3,0,0.799,,1600,,,,,3,,,
ClassicGumtree,21,9,15,1,1,4,0,0,490,3,0,0.799,,1700,,,,,3,,,
ClassicGumtree,21,9,15,1,1,4,0,0,486,3,0,0.799,,1800,,,,,3,,,
ClassicGumtree,21,9,15,1,1,4,0,0,486,3,0,0.799,,1900,,,,,3,,,
ClassicGumtree,21,9,15,1,1,4,0,0,487,3,0,0.799,,2000,,,,,3,,,
ClassicGumtree,318,22,156,142,0,20,0,0,3,3,0,0.899,,100,,,,,3,,,
ClassicGumtree,318,22,156,142,0,20,0,0,2,3,0,0.899,,200,,,,,3,,,
ClassicGumtree,318,22,156,142,0,20,0,0,4,3,0,0.899,,300,,,,,3,,,
ClassicGumtree,318,22,156,142,0,20,0,0,2,3,0,0.899,,400,,,,,3,,,
ClassicGumtree,318,22,156,142,0,20,0,0,1,3,0,0.899,,500,,,,,3,,,
ClassicGumtree,318,22,156,142,0,20,0,0,4,3,0,0.899,,600,,,,,3,,,
ClassicGumtree,21,9,15,1,1,4,0,0,671,3,0,0.899,,700,,,,,3,,,
ClassicGumtree,21,9,15,1,1,4,0,0,946,3,0,0.899,,800,,,,,3,,,
ClassicGumtree,21,9,15,1,1,4,0,0,650,3,0,0.899,,900,,,,,3,,,
ClassicGumtree,21,9,15,1,1,4,0,0,648,3,0,0.899,,1000,,,,,3,,,
ClassicGumtree,21,9,15,1,1,4,0,0,671,3,0,0.899,,1100,,,,,3,,,
ClassicGumtree,21,9,15,1,1,4,0,0,647,3,0,0.899,,1200,,,,,3,,,
ClassicGumtree,21,9,15,1,1,4,0,0,643,3,0,0.899,,1300,,,,,3,,,
ClassicGumtree,21,9,15,1,1,4,0,0,644,3,0,0.899,,1400,,,,,3,,,
ClassicGumtree,21,9,15,1,1,4,0,0,643,3,0,0.899,,1500,,,,,3,,,
ClassicGumtree,21,9,15,1,1,4,0,0,644,3,0,0.899,,1600,,,,,3,,,
ClassicGumtree,21,9,15,1,1,4,0,0,679,3,0,0.899,,1700,,,,,3,,,
ClassicGumtree,21,9,15,1,1,4,0,0,679,3,0,0.899,,1800,,,,,3,,,
ClassicGumtree,21,9,15,1,1,4,0,0,681,3,0,0.899,,1900,,,,,3,,,
ClassicGumtree,21,9,15,1,1,4,0,0,681,3,0,0.899,,2000,,,,,3,,,
ClassicGumtree,318,22,156,142,0,20,0,0,2,3,0,0.999,,100,,,,,3,,,
ClassicGumtree,318,22,156,142,0,20,0,0,2,3,0,0.999,,200,,,,,3,,,
ClassicGumtree,318,22,156,142,0,20,0,0,2,3,0,0.999,,300,,,,,3,,,
ClassicGumtree,318,22,156,142,0,20,0,0,1,3,0,0.999,,400,,,,,3,,,
ClassicGumtree,318,22,156,142,0,20,0,0,2,3,0,0.999,,500,,,,,3,,,
ClassicGumtree,318,22,156,142,0,20,0,0,2,3,0,0.999,,600,,,,,3,,,
ClassicGumtree,21,9,15,1,1,4,0,0,678,3,0,0.999,,700,,,,,3,,,
ClassicGumtree,21,9,15,1,1,4,0,0,678,3,0,0.999,,800,,,,,3,,,
ClassicGumtree,21,9,15,1,1,4,0,0,677,3,0,0.999,,900,,,,,3,,,
ClassicGumtree,21,9,15,1,1,4,0,0,1019,3,0,0.999,,1000,,,,,3,,,
ClassicGumtree,21,9,15,1,1,4,0,0,677,3,0,0.999,,1100,,,,,3,,,
ClassicGumtree,21,9,15,1,1,4,0,0,678,3,0,0.999,,1200,,,,,3,,,
ClassicGumtree,21,9,15,1,1,4,0,0,468,3,0,0.999,,1300,,,,,3,,,
ClassicGumtree,21,9,15,1,1,4,0,0,473,3,0,0.999,,1400,,,,,3,,,
ClassicGumtree,21,9,15,1,1,4,0,0,470,3,0,0.999,,1500,,,,,3,,,
ClassicGumtree,21,9,15,1,1,4,0,0,471,3,0,0.999,,1600,,,,,3,,,
ClassicGumtree,21,9,15,1,1,4,0,0,467,3,0,0.999,,1700,,,,,3,,,
ClassicGumtree,21,9,15,1,1,4,0,0,467,3,0,0.999,,1800,,,,,3,,,
ClassicGumtree,21,9,15,1,1,4,0,0,471,3,0,0.999,,1900,,,,,3,,,
ClassicGumtree,21,9,15,1,1,4,0,0,468,3,0,0.999,,2000,,,,,3,,,
ClassicGumtree,405,66,209,195,0,1,0,0,11,3,0,0.1,,100,,,,,4,,,
ClassicGumtree,247,45,128,114,1,4,0,0,45,3,0,0.1,,200,,,,,4,,,
ClassicGumtree,247,45,128,114,1,4,0,0,84,3,0,0.1,,300,,,,,4,,,
ClassicGumtree,247,45,128,114,1,4,0,0,47,3,0,0.1,,400,,,,,4,,,
ClassicGumtree,247,45,128,114,1,4,0,0,46,3,0,0.1,,500,,,,,4,,,
ClassicGumtree,247,45,128,114,1,4,0,0,46,3,0,0.1,,600,,,,,4,,,
ClassicGumtree,21,9,15,1,1,4,0,0,1202,3,0,0.1,,700,,,,,4,,,
ClassicGumtree,21,9,15,1,1,4,0,0,1195,3,0,0.1,,800,,,,,4,,,
ClassicGumtree,21,9,15,1,1,4,0,0,1205,3,0,0.1,,900,,,,,4,,,
ClassicGumtree,21,9,15,1,1,4,0,0,1200,3,0,0.1,,1000,,,,,4,,,
ClassicGumtree,21,9,15,1,1,4,0,0,1199,3,0,0.1,,1100,,,,,4,,,
ClassicGumtree,21,9,15,1,1,4,0,0,1876,3,0,0.1,,1200,,,,,4,,,
ClassicGumtree,21,9,15,1,1,4,0,0,1196,3,0,0.1,,1300,,,,,4,,,
ClassicGumtree,21,9,15,1,1,4,0,0,1202,3,0,0.1,,1400,,,,,4,,,
ClassicGumtree,21,9,15,1,1,4,0,0,1201,3,0,0.1,,1500,,,,,4,,,
ClassicGumtree,21,9,15,1,1,4,0,0,1196,3,0,0.1,,1600,,,,,4,,,
ClassicGumtree,21,9,15,1,1,4,0,0,1029,3,0,0.1,,1700,,,,,4,,,
ClassicGumtree,21,9,15,1,1,4,0,0,1031,3,0,0.1,,1800,,,,,4,,,
ClassicGumtree,21,9,15,1,1,4,0,0,1030,3,0,0.1,,1900,,,,,4,,,
ClassicGumtree,21,9,15,1,1,4,0,0,1026,3,0,0.1,,2000,,,,,4,,,
ClassicGumtree,405,66,209,195,0,1,0,0,11,3,0,0.2,,100,,,,,4,,,
ClassicGumtree,247,45,128,114,1,4,0,0,46,3,0,0.2,,200,,,,,4,,,
ClassicGumtree,247,45,128,114,1,4,0,0,45,3,0,0.2,,300,,,,,4,,,
ClassicGumtree,247,45,128,114,1,4,0,0,45,3,0,0.2,,400,,,,,4,,,
ClassicGumtree,247,45,128,114,1,4,0,0,46,3,0,0.2,,500,,,,,4,,,
ClassicGumtree,247,45,128,114,1,4,0,0,46,3,0,0.2,,600,,,,,4,,,
ClassicGumtree,21,9,15,1,1,4,0,0,1023,3,0,0.2,,700,,,,,4,,,
ClassicGumtree,21,9,15,1,1,4,0,0,1024,3,0,0.2,,800,,,,,4,,,
ClassicGumtree,21,9,15,1,1,4,0,0,1023,3,0,0.2,,900,,,,,4,,,
ClassicGumtree,21,9,15,1,1,4,0,0,1022,3,0,0.2,,1000,,,,,4,,,
ClassicGumtree,21,9,15,1,1,4,0,0,1022,3,0,0.2,,1100,,,,,4,,,
ClassicGumtree,21,9,15,1,1,4,0,0,2177,3,0,0.2,,1200,,,,,4,,,
ClassicGumtree,21,9,15,1,1,4,0,0,1027,3,0,0.2,,1300,,,,,4,,,
ClassicGumtree,21,9,15,1,1,4,0,0,1023,3,0,0.2,,1400,,,,,4,,,
ClassicGumtree,21,9,15,1,1,4,0,0,1028,3,0,0.2,,1500,,,,,4,,,
ClassicGumtree,21,9,15,1,1,4,0,0,1026,3,0,0.2,,1600,,,,,4,,,
ClassicGumtree,21,9,15,1,1,4,0,0,1027,3,0,0.2,,1700,,,,,4,,,
ClassicGumtree,21,9,15,1,1,4,0,0,1025,3,0,0.2,,1800,,,,,4,,,
ClassicGumtree,21,9,15,1,1,4,0,0,1026,3,0,0.2,,1900,,,,,4,,,
ClassicGumtree,21,9,15,1,1,4,0,0,1015,3,0,0.2,,2000,,,,,4,,,
ClassicGumtree,405,66,209,195,0,1,0,0,11,3,0,0.3,,100,,,,,4,,,
ClassicGumtree,247,45,128,114,1,4,0,0,45,3,0,0.3,,200,,,,,4,,,
ClassicGumtree,247,45,128,114,1,4,0,0,46,3,0,0.3,,300,,,,,4,,,
ClassicGumtree,247,45,128,114,1,4,0,0,95,3,0,0.3,,400,,,,,4,,,
ClassicGumtree,247,45,128,114,1,4,0,0,45,3,0,0.3,,500,,,,,4,,,
ClassicGumtree,247,45,128,114,1,4,0,0,45,3,0,0.3,,600,,,,,4,,,
ClassicGumtree,21,9,15,1,1,4,0,0,1424,3,0,0.3,,700,,,,,4,,,
ClassicGumtree,21,9,15,1,1,4,0,0,1444,3,0,0.3,,800,,,,,4,,,
ClassicGumtree,21,9,15,1,1,4,0,0,1440,3,0,0.3,,900,,,,,4,,,
ClassicGumtree,21,9,15,1,1,4,0,0,1452,3,0,0.3,,1000,,,,,4,,,
ClassicGumtree,21,9,15,1,1,4,0,0,1445,3,0,0.3,,1100,,,,,4,,,
ClassicGumtree,21,9,15,1,1,4,0,0,1435,3,0,0.3,,1200,,,,,4,,,
ClassicGumtree,21,9,15,1,1,4,0,0,1439,3,0,0.3,,1300,,,,,4,,,
ClassicGumtree,21,9,15,1,1,4,0,0,1433,3,0,0.3,,1400,,,,,4,,,
ClassicGumtree,21,9,15,1,1,4,0,0,1439,3,0,0.3,,1500,,,,,4,,,
ClassicGumtree,21,9,15,1,1,4,0,0,1800,3,0,0.3,,1600,,,,,4,,,
ClassicGumtree,21,9,15,1,1,4,0,0,1077,3,0,0.3,,1700,,,,,4,,,
ClassicGumtree,21,9,15,1,1,4,0,0,1083,3,0,0.3,,1800,,,,,4,,,
ClassicGumtree,21,9,15,1,1,4,0,0,1078,3,0,0.3,,1900,,,,,4,,,
ClassicGumtree,21,9,15,1,1,4,0,0,1080,3,0,0.3,,2000,,,,,4,,,
ClassicGumtree,405,66,209,195,0,1,0,0,11,3,0,0.4,,100,,,,,4,,,
ClassicGumtree,247,45,128,114,1,4,0,0,46,3,0,0.4,,200,,,,,4,,,
ClassicGumtree,247,45,128,114,1,4,0,0,47,3,0,0.4,,300,,,,,4,,,
ClassicGumtree,247,45,128,114,1,4,0,0,45,3,0,0.4,,400,,,,,4,,,
ClassicGumtree,247,45,128,114,1,4,0,0,45,3,0,0.4,,500,,,,,4,,,
ClassicGumtree,247,45,128,114,1,4,0,0,46,3,0,0.4,,600,,,,,4,,,
ClassicGumtree,21,9,15,1,1,4,0,0,1074,3,0,0.4,,700,,,,,4,,,
ClassicGumtree,21,9,15,1,1,4,0,0,1081,3,0,0.4,,800,,,,,4,,,
ClassicGumtree,21,9,15,1,1,4,0,0,1080,3,0,0.4,,900,,,,,4,,,
ClassicGumtree,21,9,15,1,1,4,0,0,1074,3,0,0.4,,1000,,,,,4,,,
ClassicGumtree,21,9,15,1,1,4,0,0,1078,3,0,0.4,,1100,,,,,4,,,
ClassicGumtree,21,9,15,1,1,4,0,0,1103,3,0,0.4,,1200,,,,,4,,,
ClassicGumtree,21,9,15,1,1,4,0,0,1119,3,0,0.4,,1300,,,,,4,,,
ClassicGumtree,21,9,15,1,1,4,0,0,1107,3,0,0.4,,1400,,,,,4,,,
ClassicGumtree,21,9,15,1,1,4,0,0,1110,3,0,0.4,,1500,,,,,4,,,
ClassicGumtree,21,9,15,1,1,4,0,0,1099,3,0,0.4,,1600,,,,,4,,,
ClassicGumtree,21,9,15,1,1,4,0,0,1907,3,0,0.4,,1700,,,,,4,,,
ClassicGumtree,21,9,15,1,1,4,0,0,1107,3,0,0.4,,1800,,,,,4,,,
ClassicGumtree,21,9,15,1,1,4,0,0,1104,3,0,0.4,,1900,,,,,4,,,
ClassicGumtree,21,9,15,1,1,4,0,0,1108,3,0,0.4,,2000,,,,,4,,,
ClassicGumtree,405,66,209,195,0,1,0,0,11,3,0,0.5,,100,,,,,4,,,
ClassicGumtree,247,45,128,114,1,4,0,0,45,3,0,0.5,,200,,,,,4,,,
ClassicGumtree,247,45,128,114,1,4,0,0,46,3,0,0.5,,300,,,,,4,,,
ClassicGumtree,247,45,128,114,1,4,0,0,155,3,0,0.5,,400,,,,,4,,,
ClassicGumtree,247,45,128,114,1,4,0,0,46,3,0,0.5,,500,,,,,4,,,
ClassicGumtree,247,45,128,114,1,4,0,0,46,3,0,0.5,,600,,,,,4,,,
ClassicGumtree,21,9,15,1,1,4,0,0,1170,3,0,0.5,,700,,,,,4,,,
ClassicGumtree,21,9,15,1,1,4,0,0,1172,3,0,0.5,,800,,,,,4,,,
ClassicGumtree,21,9,15,1,1,4,0,0,1157,3,0,0.5,,900,,,,,4,,,
ClassicGumtree,21,9,15,1,1,4,0,0,1166,3,0,0.5,,1000,,,,,4,,,
ClassicGumtree,21,9,15,1,1,4,0,0,1159,3,0,0.5,,1100,,,,,4,,,
ClassicGumtree,21,9,15,1,1,4,0,0,1152,3,0,0.5,,1200,,,,,4,,,
ClassicGumtree,21,9,15,1,1,4,0,0,1151,3,0,0.5,,1300,,,,,4,,,
ClassicGumtree,21,9,15,1,1,4,0,0,1158,3,0,0.5,,1400,,,,,4,,,
ClassicGumtree,21,9,15,1,1,4,0,0,1157,3,0,0.5,,1500,,,,,4,,,
ClassicGumtree,21,9,15,1,1,4,0,0,1051,3,0,0.5,,1600,,,,,4,,,
ClassicGumtree,21,9,15,1,1,4,0,0,1061,3,0,0.5,,1700,,,,,4,,,
ClassicGumtree,21,9,15,1,1,4,0,0,1820,3,0,0.5,,1800,,,,,4,,,
ClassicGumtree,21,9,15,1,1,4,0,0,1028,3,0,0.5,,1900,,,,,4,,,
ClassicGumtree,21,9,15,1,1,4,0,0,1042,3,0,0.5,,2000,,,,,4,,,
ClassicGumtree,449,44,229,215,0,5,0,0,2,3,0,0.6,,100,,,,,4,,,
ClassicGumtree,449,44,229,215,0,5,0,0,3,3,0,0.6,,200,,,,,4,,,
ClassicGumtree,449,44,229,215,0,5,0,0,2,3,0,0.6,,300,,,,,4,,,
ClassicGumtree,449,44,229,215,0,5,0,0,3,3,0,0.6,,400,,,,,4,,,
ClassicGumtree,449,44,229,215,0,5,0,0,2,3,0,0.6,,500,,,,,4,,,
ClassicGumtree,449,44,229,215,0,5,0,0,2,3,0,0.6,,600,,,,,4,,,
ClassicGumtree,21,9,15,1,1,4,0,0,988,3,0,0.6,,700,,,,,4,,,
ClassicGumtree,21,9,15,1,1,4,0,0,980,3,0,0.6,,800,,,,,4,,,
ClassicGumtree,21,9,15,1,1,4,0,0,985,3,0,0.6,,900,,,,,4,,,
ClassicGumtree,21,9,15,1,1,4,0,0,989,3,0,0.6,,1000,,,,,4,,,
ClassicGumtree,21,9,15,1,1,4,0,0,989,3,0,0.6,,1100,,,,,4,,,
ClassicGumtree,21,9,15,1,1,4,0,0,916,3,0,0.6,,1200,,,,,4,,,
ClassicGumtree,21,9,15,1,1,4,0,0,1005,3,0,0.6,,1300,,,,,4,,,
ClassicGumtree,21,9,15,1,1,4,0,0,937,3,0,0.6,,1400,,,,,4,,,
ClassicGumtree,21,9,15,1,1,4,0,0,933,3,0,0.6,,1500,,,,,4,,,
ClassicGumtree,21,9,15,1,1,4,0,0,1001,3,0,0.6,,1600,,,,,4,,,
ClassicGumtree,21,9,15,1,1,4,0,0,993,3,0,0.6,,1700,,,,,4,,,
ClassicGumtree,21,9,15,1,1,4,0,0,995,3,0,0.6,,1800,,,,,4,,,
ClassicGumtree,21,9,15,1,1,4,0,0,1000,3,0,0.6,,1900,,,,,4,,,
ClassicGumtree,21,9,15,1,1,4,0,0,994,3,0,0.6,,2000,,,,,4,,,
ClassicGumtree,467,13,235,221,0,11,0,0,2,3,0,0.7,,100,,,,,4,,,
ClassicGumtree,467,13,235,221,0,11,0,0,2,3,0,0.7,,200,,,,,4,,,
ClassicGumtree,467,13,235,221,0,11,0,0,1,3,0,0.7,,300,,,,,4,,,
ClassicGumtree,467,13,235,221,0,11,0,0,2,3,0,0.7,,400,,,,,4,,,
ClassicGumtree,467,13,235,221,0,11,0,0,2,3,0,0.7,,500,,,,,4,,,
ClassicGumtree,467,13,235,221,0,11,0,0,2,3,0,0.7,,600,,,,,4,,,
ClassicGumtree,21,9,15,1,1,4,0,0,504,3,0,0.7,,700,,,,,4,,,
ClassicGumtree,21,9,15,1,1,4,0,0,429,3,0,0.7,,800,,,,,4,,,
ClassicGumtree,21,9,15,1,1,4,0,0,793,3,0,0.7,,900,,,,,4,,,
ClassicGumtree,21,9,15,1,1,4,0,0,491,3,0,0.7,,1000,,,,,4,,,
ClassicGumtree,21,9,15,1,1,4,0,0,493,3,0,0.7,,1100,,,,,4,,,
ClassicGumtree,21,9,15,1,1,4,0,0,489,3,0,0.7,,1200,,,,,4,,,
ClassicGumtree,21,9,15,1,1,4,0,0,492,3,0,0.7,,1300,,,,,4,,,
ClassicGumtree,21,9,15,1,1,4,0,0,429,3,0,0.7,,1400,,,,,4,,,
ClassicGumtree,21,9,15,1,1,4,0,0,503,3,0,0.7,,1500,,,,,4,,,
ClassicGumtree,21,9,15,1,1,4,0,0,507,3,0,0.7,,1600,,,,,4,,,
ClassicGumtree,21,9,15,1,1,4,0,0,508,3,0,0.7,,1700,,,,,4,,,
ClassicGumtree,21,9,15,1,1,4,0,0,508,3,0,0.7,,1800,,,,,4,,,
ClassicGumtree,21,9,15,1,1,4,0,0,867,3,0,0.7,,1900,,,,,4,,,
ClassicGumtree,21,9,15,1,1,4,0,0,502,3,0,0.7,,2000,,,,,4,,,
ClassicGumtree,467,13,235,221,0,11,0,0,2,3,0,0.799,,100,,,,,4,,,
ClassicGumtree,467,13,235,221,0,11,0,0,2,3,0,0.799,,200,,,,,4,,,
ClassicGumtree,467,13,235,221,0,11,0,0,2,3,0,0.799,,300,,,,,4,,,
ClassicGumtree,467,13,235,221,0,11,0,0,2,3,0,0.799,,400,,,,,4,,,
ClassicGumtree,467,13,235,221,0,11,0,0,1,3,0,0.799,,500,,,,,4,,,
ClassicGumtree,467,13,235,221,0,11,0,0,2,3,0,0.799,,600,,,,,4,,,
ClassicGumtree,21,9,15,1,1,4,0,0,508,3,0,0.799,,700,,,,,4,,,
ClassicGumtree,21,9,15,1,1,4,0,0,506,3,0,0.799,,800,,,,,4,,,
ClassicGumtree,21,9,15,1,1,4,0,0,506,3,0,0.799,,900,,,,,4,,,
ClassicGumtree,21,9,15,1,1,4,0,0,506,3,0,0.799,,1000,,,,,4,,,
ClassicGumtree,21,9,15,1,1,4,0,0,485,3,0,0.799,,1100,,,,,4,,,
ClassicGumtree,21,9,15,1,1,4,0,0,487,3,0,0.799,,1200,,,,,4,,,
ClassicGumtree,21,9,15,1,1,4,0,0,487,3,0,0.799,,1300,,,,,4,,,
ClassicGumtree,21,9,15,1,1,4,0,0,487,3,0,0.799,,1400,,,,,4,,,
ClassicGumtree,21,9,15,1,1,4,0,0,486,3,0,0.799,,1500,,,,,4,,,
ClassicGumtree,21,9,15,1,1,4,0,0,488,3,0,0.799,,1600,,,,,4,,,
ClassicGumtree,21,9,15,1,1,4,0,0,486,3,0,0.799,,1700,,,,,4,,,
ClassicGumtree,21,9,15,1,1,4,0,0,487,3,0,0.799,,1800,,,,,4,,,
ClassicGumtree,21,9,15,1,1,4,0,0,487,3,0,0.799,,1900,,,,,4,,,
ClassicGumtree,21,9,15,1,1,4,0,0,518,3,0,0.799,,2000,,,,,4,,,
ClassicGumtree,467,13,235,221,0,11,0,0,2,3,0,0.899,,100,,,,,4,,,
ClassicGumtree,467,13,235,221,0,11,0,0,1,3,0,0.899,,200,,,,,4,,,
ClassicGumtree,467,13,235,221,0,11,0,0,2,3,0,0.899,,300,,,,,4,,,
ClassicGumtree,467,13,235,221,0,11,0,0,2,3,0,0.899,,400,,,,,4,,,
ClassicGumtree,467,13,235,221,0,11,0,0,2,3,0,0.899,,500,,,,,4,,,
ClassicGumtree,467,13,235,221,0,11,0,0,1,3,0,0.899,,600,,,,,4,,,
ClassicGumtree,21,9,15,1,1,4,0,0,519,3,0,0.899,,700,,,,,4,,,
ClassicGumtree,21,9,15,1,1,4,0,0,516,3,0,0.899,,800,,,,,4,,,
ClassicGumtree,21,9,15,1,1,4,0,0,516,3,0,0.899,,900,,,,,4,,,
ClassicGumtree,21,9,15,1,1,4,0,0,881,3,0,0.899,,1000,,,,,4,,,
ClassicGumtree,21,9,15,1,1,4,0,0,515,3,0,0.899,,1100,,,,,4,,,
ClassicGumtree,21,9,15,1,1,4,0,0,516,3,0,0.899,,1200,,,,,4,,,
ClassicGumtree,21,9,15,1,1,4,0,0,519,3,0,0.899,,1300,,,,,4,,,
ClassicGumtree,21,9,15,1,1,4,0,0,517,3,0,0.899,,1400,,,,,4,,,
ClassicGumtree,21,9,15,1,1,4,0,0,517,3,0,0.899,,1500,,,,,4,,,
ClassicGumtree,21,9,15,1,1,4,0,0,487,3,0,0.899,,1600,,,,,4,,,
ClassicGumtree,21,9,15,1,1,4,0,0,490,3,0,0.899,,1700,,,,,4,,,
ClassicGumtree,21,9,15,1,1,4,0,0,490,3,0,0.899,,1800,,,,,4,,,
ClassicGumtree,21,9,15,1,1,4,0,0,492,3,0,0.899,,1900,,,,,4,,,
ClassicGumtree,21,9,15,1,1,4,0,0,489,3,0,0.899,,2000,,,,,4,,,
ClassicGumtree,467,13,235,221,0,11,0,0,2,3,0,0.999,,100,,,,,4,,,
ClassicGumtree,467,13,235,221,0,11,0,0,1,3,0,0.999,,200,,,,,4,,,
ClassicGumtree,467,13,235,221,0,11,0,0,2,3,0,0.999,,300,,,,,4,,,
ClassicGumtree,467,13,235,221,0,11,0,0,2,3,0,0.999,,400,,,,,4,,,
ClassicGumtree,467,13,235,221,0,11,0,0,2,3,0,0.999,,500,,,,,4,,,
ClassicGumtree,467,13,235,221,0,11,0,0,2,3,0,0.999,,600,,,,,4,,,
ClassicGumtree,21,9,15,1,1,4,0,0,490,3,0,0.999,,700,,,,,4,,,
ClassicGumtree,21,9,15,1,1,4,0,0,491,3,0,0.999,,800,,,,,4,,,
ClassicGumtree,21,9,15,1,1,4,0,0,488,3,0,0.999,,900,,,,,4,,,
ClassicGumtree,21,9,15,1,1,4,0,0,490,3,0,0.999,,1000,,,,,4,,,
ClassicGumtree,21,9,15,1,1,4,0,0,426,3,0,0.999,,1100,,,,,4,,,
ClassicGumtree,21,9,15,1,1,4,0,0,486,3,0,0.999,,1200,,,,,4,,,
ClassicGumtree,21,9,15,1,1,4,0,0,487,3,0,0.999,,1300,,,,,4,,,
ClassicGumtree,21,9,15,1,1,4,0,0,790,3,0,0.999,,1400,,,,,4,,,
ClassicGumtree,21,9,15,1,1,4,0,0,487,3,0,0.999,,1500,,,,,4,,,
ClassicGumtree,21,9,15,1,1,4,0,0,488,3,0,0.999,,1600,,,,,4,,,
ClassicGumtree,21,9,15,1,1,4,0,0,489,3,0,0.999,,1700,,,,,4,,,
ClassicGumtree,21,9,15,1,1,4,0,0,486,3,0,0.999,,1800,,,,,4,,,
ClassicGumtree,21,9,15,1,1,4,0,0,487,3,0,0.999,,1900,,,,,4,,,
ClassicGumtree,21,9,15,1,1,4,0,0,488,3,0,0.999,,2000,,,,,4,,,
ClassicGumtree,560,70,287,273,0,0,0,0,2,3,0,0.1,,100,,,,,5,,,
ClassicGumtree,309,47,159,145,1,4,0,0,95,3,0,0.1,,200,,,,,5,,,
ClassicGumtree,309,47,159,145,1,4,0,0,36,3,0,0.1,,300,,,,,5,,,
ClassicGumtree,309,47,159,145,1,4,0,0,36,3,0,0.1,,400,,,,,5,,,
ClassicGumtree,309,47,159,145,1,4,0,0,36,3,0,0.1,,500,,,,,5,,,
ClassicGumtree,309,47,159,145,1,4,0,0,37,3,0,0.1,,600,,,,,5,,,
ClassicGumtree,21,9,15,1,1,4,0,0,1210,3,0,0.1,,700,,,,,5,,,
ClassicGumtree,21,9,15,1,1,4,0,0,1216,3,0,0.1,,800,,,,,5,,,
ClassicGumtree,21,9,15,1,1,4,0,0,1213,3,0,0.1,,900,,,,,5,,,
ClassicGumtree,21,9,15,1,1,4,0,0,1216,3,0,0.1,,1000,,,,,5,,,
ClassicGumtree,21,9,15,1,1,4,0,0,1214,3,0,0.1,,1100,,,,,5,,,
ClassicGumtree,21,9,15,1,1,4,0,0,1209,3,0,0.1,,1200,,,,,5,,,
ClassicGumtree,21,9,15,1,1,4,0,0,1212,3,0,0.1,,1300,,,,,5,,,
ClassicGumtree,21,9,15,1,1,4,0,0,1218,3,0,0.1,,1400,,,,,5,,,
ClassicGumtree,21,9,15,1,1,4,0,0,1226,3,0,0.1,,1500,,,,,5,,,
ClassicGumtree,21,9,15,1,1,4,0,0,2023,3,0,0.1,,1600,,,,,5,,,
ClassicGumtree,21,9,15,1,1,4,0,0,1080,3,0,0.1,,1700,,,,,5,,,
ClassicGumtree,21,9,15,1,1,4,0,0,1082,3,0,0.1,,1800,,,,,5,,,
ClassicGumtree,21,9,15,1,1,4,0,0,1082,3,0,0.1,,1900,,,,,5,,,
ClassicGumtree,21,9,15,1,1,4,0,0,1085,3,0,0.1,,2000,,,,,5,,,
ClassicGumtree,560,70,287,273,0,0,0,0,2,3,0,0.2,,100,,,,,5,,,
ClassicGumtree,309,47,159,145,1,4,0,0,37,3,0,0.2,,200,,,,,5,,,
ClassicGumtree,309,47,159,145,1,4,0,0,37,3,0,0.2,,300,,,,,5,,,
ClassicGumtree,309,47,159,145,1,4,0,0,36,3,0,0.2,,400,,,,,5,,,
ClassicGumtree,309,47,159,145,1,4,0,0,37,3,0,0.2,,500,,,,,5,,,
ClassicGumtree,309,47,159,145,1,4,0,0,36,3,0,0.2,,600,,,,,5,,,
ClassicGumtree,21,9,15,1,1,4,0,0,1077,3,0,0.2,,700,,,,,5,,,
ClassicGumtree,21,9,15,1,1,4,0,0,1079,3,0,0.2,,800,,,,,5,,,
ClassicGumtree,21,9,15,1,1,4,0,0,1080,3,0,0.2,,900,,,,,5,,,
ClassicGumtree,21,9,15,1,1,4,0,0,1074,3,0,0.2,,1000,,,,,5,,,
ClassicGumtree,21,9,15,1,1,4,0,0,1075,3,0,0.2,,1100,,,,,5,,,
ClassicGumtree,21,9,15,1,1,4,0,0,1050,3,0,0.2,,1200,,,,,5,,,
ClassicGumtree,21,9,15,1,1,4,0,0,1052,3,0,0.2,,1300,,,,,5,,,
ClassicGumtree,21,9,15,1,1,4,0,0,1758,3,0,0.2,,1400,,,,,5,,,
ClassicGumtree,21,9,15,1,1,4,0,0,1053,3,0,0.2,,1500,,,,,5,,,
ClassicGumtree,21,9,15,1,1,4,0,0,1052,3,0,0.2,,1600,,,,,5,,,
ClassicGumtree,21,9,15,1,1,4,0,0,1048,3,0,0.2,,1700,,,,,5,,,
ClassicGumtree,21,9,15,1,1,4,0,0,1054,3,0,0.2,,1800,,,,,5,,,
ClassicGumtree,21,9,15,1,1,4,0,0,1051,3,0,0.2,,1900,,,,,5,,,
ClassicGumtree,21,9,15,1,1,4,0,0,1048,3,0,0.2,,2000,,,,,5,,,
ClassicGumtree,564,42,288,274,0,2,0,0,1,3,0,0.3,,100,,,,,5,,,
ClassicGumtree,564,42,288,274,0,2,0,0,2,3,0,0.3,,200,,,,,5,,,
ClassicGumtree,564,42,288,274,0,2,0,0,2,3,0,0.3,,300,,,,,5,,,
ClassicGumtree,564,42,288,274,0,2,0,0,1,3,0,0.3,,400,,,,,5,,,
ClassicGumtree,564,42,288,274,0,2,0,0,2,3,0,0.3,,500,,,,,5,,,
ClassicGumtree,564,42,288,274,0,2,0,0,1,3,0,0.3,,600,,,,,5,,,
ClassicGumtree,21,9,15,1,1,4,0,0,1014,3,0,0.3,,700,,,,,5,,,
ClassicGumtree,21,9,15,1,1,4,0,0,934,3,0,0.3,,800,,,,,5,,,
ClassicGumtree,21,9,15,1,1,4,0,0,933,3,0,0.3,,900,,,,,5,,,
ClassicGumtree,21,9,15,1,1,4,0,0,939,3,0,0.3,,1000,,,,,5,,,
ClassicGumtree,21,9,15,1,1,4,0,0,1171,3,0,0.3,,1100,,,,,5,,,
ClassicGumtree,21,9,15,1,1,4,0,0,1169,3,0,0.3,,1200,,,,,5,,,
ClassicGumtree,21,9,15,1,1,4,0,0,1167,3,0,0.3,,1300,,,,,5,,,
ClassicGumtree,21,9,15,1,1,4,0,0,1178,3,0,0.3,,1400,,,,,5,,,
ClassicGumtree,21,9,15,1,1,4,0,0,1169,3,0,0.3,,1500,,,,,5,,,
ClassicGumtree,21,9,15,1,1,4,0,0,1169,3,0,0.3,,1600,,,,,5,,,
ClassicGumtree,21,9,15,1,1,4,0,0,1999,3,0,0.3,,1700,,,,,5,,,
ClassicGumtree,21,9,15,1,1,4,0,0,1154,3,0,0.3,,1800,,,,,5,,,
ClassicGumtree,21,9,15,1,1,4,0,0,1156,3,0,0.3,,1900,,,,,5,,,
ClassicGumtree,21,9,15,1,1,4,0,0,1158,3,0,0.3,,2000,,,,,5,,,
ClassicGumtree,564,42,288,274,0,2,0,0,2,3,0,0.4,,100,,,,,5,,,
ClassicGumtree,564,42,288,274,0,2,0,0,1,3,0,0.4,,200,,,,,5,,,
ClassicGumtree,564,42,288,274,0,2,0,0,2,3,0,0.4,,300,,,,,5,,,
ClassicGumtree,564,42,288,274,0,2,0,0,2,3,0,0.4,,400,,,,,5,,,
ClassicGumtree,564,42,288,274,0,2,0,0,1,3,0,0.4,,500,,,,,5,,,
ClassicGumtree,564,42,288,274,0,2,0,0,2,3,0,0.4,,600,,,,,5,,,
ClassicGumtree,21,9,15,1,1,4,0,0,926,3,0,0.4,,700,,,,,5,,,
ClassicGumtree,21,9,15,1,1,4,0,0,1165,3,0,0.4,,800,,,,,5,,,
ClassicGumtree,21,9,15,1,1,4,0,0,1169,3,0,0.4,,900,,,,,5,,,
ClassicGumtree,21,9,15,1,1,4,0,0,1171,3,0,0.4,,1000,,,,,5,,,
ClassicGumtree,21,9,15,1,1,4,0,0,1168,3,0,0.4,,1100,,,,,5,,,
ClassicGumtree,21,9,15,1,1,4,0,0,1165,3,0,0.4,,1200,,,,,5,,,
ClassicGumtree,21,9,15,1,1,4,0,0,1169,3,0,0.4,,1300,,,,,5,,,
ClassicGumtree,21,9,15,1,1,4,0,0,1168,3,0,0.4,,1400,,,,,5,,,
ClassicGumtree,21,9,15,1,1,4,0,0,1167,3,0,0.4,,1500,,,,,5,,,
ClassicGumtree,21,9,15,1,1,4,0,0,1167,3,0,0.4,,1600,,,,,5,,,
ClassicGumtree,21,9,15,1,1,4,0,0,997,3,0,0.4,,1700,,,,,5,,,
ClassicGumtree,21,9,15,1,1,4,0,0,1005,3,0,0.4,,1800,,,,,5,,,
ClassicGumtree,21,9,15,1,1,4,0,0,1001,3,0,0.4,,1900,,,,,5,,,
ClassicGumtree,21,9,15,1,1,4,0,0,998,3,0,0.4,,2000,,,,,5,,,
ClassicGumtree,564,42,288,274,0,2,0,0,2,3,0,0.5,,100,,,,,5,,,
ClassicGumtree,564,42,288,274,0,2,0,0,1,3,0,0.5,,200,,,,,5,,,
ClassicGumtree,564,42,288,274,0,2,0,0,1,3,0,0.5,,300,,,,,5,,,
ClassicGumtree,564,42,288,274,0,2,0,0,2,3,0,0.5,,400,,,,,5,,,
ClassicGumtree,564,42,288,274,0,2,0,0,1,3,0,0.5,,500,,,,,5,,,
ClassicGumtree,564,42,288,274,0,2,0,0,2,3,0,0.5,,600,,,,,5,,,
ClassicGumtree,21,9,15,1,1,4,0,0,1000,3,0,0.5,,700,,,,,5,,,
ClassicGumtree,21,9,15,1,1,4,0,0,1749,3,0,0.5,,800,,,,,5,,,
ClassicGumtree,21,9,15,1,1,4,0,0,1072,3,0,0.5,,900,,,,,5,,,
ClassicGumtree,21,9,15,1,1,4,0,0,1072,3,0,0.5,,1000,,,,,5,,,
ClassicGumtree,21,9,15,1,1,4,0,0,1075,3,0,0.5,,1100,,,,,5,,,
ClassicGumtree,21,9,15,1,1,4,0,0,1073,3,0,0.5,,1200,,,,,5,,,
ClassicGumtree,21,9,15,1,1,4,0,0,1068,3,0,0.5,,1300,,,,,5,,,
ClassicGumtree,21,9,15,1,1,4,0,0,1065,3,0,0.5,,1400,,,,,5,,,
ClassicGumtree,21,9,15,1,1,4,0,0,1078,3,0,0.5,,1500,,,,,5,,,
ClassicGumtree,21,9,15,1,1,4,0,0,1064,3,0,0.5,,1600,,,,,5,,,
ClassicGumtree,21,9,15,1,1,4,0,0,1063,3,0,0.5,,1700,,,,,5,,,
ClassicGumtree,21,9,15,1,1,4,0,0,971,3,0,0.5,,1800,,,,,5,,,
ClassicGumtree,21,9,15,1,1,4,0,0,970,3,0,0.5,,1900,,,,,5,,,
ClassicGumtree,21,9,15,1,1,4,0,0,978,3,0,0.5,,2000,,,,,5,,,
ClassicGumtree,572,10,289,275,0,8,0,0,2,3,0,0.6,,100,,,,,5,,,
ClassicGumtree,572,10,289,275,0,8,0,0,1,3,0,0.6,,200,,,,,5,,,
ClassicGumtree,572,10,289,275,0,8,0,0,2,3,0,0.6,,300,,,,,5,,,
ClassicGumtree,572,10,289,275,0,8,0,0,2,3,0,0.6,,400,,,,,5,,,
ClassicGumtree,572,10,289,275,0,8,0,0,1,3,0,0.6,,500,,,,,5,,,
ClassicGumtree,572,10,289,275,0,8,0,0,2,3,0,0.6,,600,,,,,5,,,
ClassicGumtree,21,9,15,1,1,4,0,0,490,3,0,0.6,,700,,,,,5,,,
ClassicGumtree,21,9,15,1,1,4,0,0,844,3,0,0.6,,800,,,,,5,,,
ClassicGumtree,21,9,15,1,1,4,0,0,483,3,0,0.6,,900,,,,,5,,,
ClassicGumtree,21,9,15,1,1,4,0,0,485,3,0,0.6,,1000,,,,,5,,,
ClassicGumtree,21,9,15,1,1,4,0,0,485,3,0,0.6,,1100,,,,,5,,,
ClassicGumtree,21,9,15,1,1,4,0,0,482,3,0,0.6,,1200,,,,,5,,,
ClassicGumtree,21,9,15,1,1,4,0,0,491,3,0,0.6,,1300,,,,,5,,,
ClassicGumtree,21,9,15,1,1,4,0,0,488,3,0,0.6,,1400,,,,,5,,,
ClassicGumtree,21,9,15,1,1,4,0,0,500,3,0,0.6,,1500,,,,,5,,,
ClassicGumtree,21,9,15,1,1,4,0,0,498,3,0,0.6,,1600,,,,,5,,,
ClassicGumtree,21,9,15,1,1,4,0,0,500,3,0,0.6,,1700,,,,,5,,,
ClassicGumtree,21,9,15,1,1,4,0,0,501,3,0,0.6,,1800,,,,,5,,,
ClassicGumtree,21,9,15,1,1,4,0,0,508,3,0,0.6,,1900,,,,,5,,,
ClassicGumtree,21,9,15,1,1,4,0,0,499,3,0,0.6,,2000,,,,,5,,,
ClassicGumtree,572,10,289,275,0,8,0,0,2,3,0,0.7,,100,,,,,5,,,
ClassicGumtree,572,10,289,275,0,8,0,0,3,3,0,0.7,,200,,,,,5,,,
ClassicGumtree,572,10,289,275,0,8,0,0,1,3,0,0.7,,300,,,,,5,,,
ClassicGumtree,572,10,289,275,0,8,0,0,2,3,0,0.7,,400,,,,,5,,,
ClassicGumtree,572,10,289,275,0,8,0,0,4,3,0,0.7,,500,,,,,5,,,
ClassicGumtree,572,10,289,275,0,8,0,0,2,3,0,0.7,,600,,,,,5,,,
ClassicGumtree,21,9,15,1,1,4,0,0,498,3,0,0.7,,700,,,,,5,,,
ClassicGumtree,21,9,15,1,1,4,0,0,856,3,0,0.7,,800,,,,,5,,,
ClassicGumtree,21,9,15,1,1,4,0,0,497,3,0,0.7,,900,,,,,5,,,
ClassicGumtree,21,9,15,1,1,4,0,0,498,3,0,0.7,,1000,,,,,5,,,
ClassicGumtree,21,9,15,1,1,4,0,0,485,3,0,0.7,,1100,,,,,5,,,
ClassicGumtree,21,9,15,1,1,4,0,0,483,3,0,0.7,,1200,,,,,5,,,
ClassicGumtree,21,9,15,1,1,4,0,0,484,3,0,0.7,,1300,,,,,5,,,
ClassicGumtree,21,9,15,1,1,4,0,0,482,3,0,0.7,,1400,,,,,5,,,
ClassicGumtree,21,9,15,1,1,4,0,0,488,3,0,0.7,,1500,,,,,5,,,
ClassicGumtree,21,9,15,1,1,4,0,0,487,3,0,0.7,,1600,,,,,5,,,
ClassicGumtree,21,9,15,1,1,4,0,0,486,3,0,0.7,,1700,,,,,5,,,
ClassicGumtree,21,9,15,1,1,4,0,0,483,3,0,0.7,,1800,,,,,5,,,
ClassicGumtree,21,9,15,1,1,4,0,0,483,3,0,0.7,,1900,,,,,5,,,
ClassicGumtree,21,9,15,1,1,4,0,0,501,3,0,0.7,,2000,,,,,5,,,
ClassicGumtree,572,10,289,275,0,8,0,0,2,3,0,0.799,,100,,,,,5,,,
ClassicGumtree,572,10,289,275,0,8,0,0,2,3,0,0.799,,200,,,,,5,,,
ClassicGumtree,572,10,289,275,0,8,0,0,1,3,0,0.799,,300,,,,,5,,,
ClassicGumtree,572,10,289,275,0,8,0,0,2,3,0,0.799,,400,,,,,5,,,
ClassicGumtree,572,10,289,275,0,8,0,0,2,3,0,0.799,,500,,,,,5,,,
ClassicGumtree,572,10,289,275,0,8,0,0,1,3,0,0.799,,600,,,,,5,,,
ClassicGumtree,21,9,15,1,1,4,0,0,506,3,0,0.799,,700,,,,,5,,,
ClassicGumtree,21,9,15,1,1,4,0,0,504,3,0,0.799,,800,,,,,5,,,
ClassicGumtree,21,9,15,1,1,4,0,0,501,3,0,0.799,,900,,,,,5,,,
ClassicGumtree,21,9,15,1,1,4,0,0,804,3,0,0.799,,1000,,,,,5,,,
ClassicGumtree,21,9,15,1,1,4,0,0,509,3,0,0.799,,1100,,,,,5,,,
ClassicGumtree,21,9,15,1,1,4,0,0,503,3,0,0.799,,1200,,,,,5,,,
ClassicGumtree,21,9,15,1,1,4,0,0,506,3,0,0.799,,1300,,,,,5,,,
ClassicGumtree,21,9,15,1,1,4,0,0,505,3,0,0.799,,1400,,,,,5,,,
ClassicGumtree,21,9,15,1,1,4,0,0,506,3,0,0.799,,1500,,,,,5,,,
ClassicGumtree,21,9,15,1,1,4,0,0,425,3,0,0.799,,1600,,,,,5,,,
ClassicGumtree,21,9,15,1,1,4,0,0,497,3,0,0.799,,1700,,,,,5,,,
ClassicGumtree,21,9,15,1,1,4,0,0,496,3,0,0.799,,1800,,,,,5,,,
ClassicGumtree,21,9,15,1,1,4,0,0,493,3,0,0.799,,1900,,,,,5,,,
ClassicGumtree,21,9,15,1,1,4,0,0,500,3,0,0.799,,2000,,,,,5,,,
ClassicGumtree,572,10,289,275,0,8,0,0,1,3,0,0.899,,100,,,,,5,,,
ClassicGumtree,572,10,289,275,0,8,0,0,2,3,0,0.899,,200,,,,,5,,,
ClassicGumtree,572,10,289,275,0,8,0,0,2,3,0,0.899,,300,,,,,5,,,
ClassicGumtree,572,10,289,275,0,8,0,0,1,3,0,0.899,,400,,,,,5,,,
ClassicGumtree,572,10,289,275,0,8,0,0,2,3,0,0.899,,500,,,,,5,,,
ClassicGumtree,572,10,289,275,0,8,0,0,2,3,0,0.899,,600,,,,,5,,,
ClassicGumtree,21,9,15,1,1,4,0,0,497,3,0,0.899,,700,,,,,5,,,
ClassicGumtree,21,9,15,1,1,4,0,0,499,3,0,0.899,,800,,,,,5,,,
ClassicGumtree,21,9,15,1,1,4,0,0,499,3,0,0.899,,900,,,,,5,,,
ClassicGumtree,21,9,15,1,1,4,0,0,498,3,0,0.899,,1000,,,,,5,,,
ClassicGumtree,21,9,15,1,1,4,0,0,895,3,0,0.899,,1100,,,,,5,,,
ClassicGumtree,21,9,15,1,1,4,0,0,500,3,0,0.899,,1200,,,,,5,,,
ClassicGumtree,21,9,15,1,1,4,0,0,529,3,0,0.899,,1300,,,,,5,,,
ClassicGumtree,21,9,15,1,1,4,0,0,427,3,0,0.899,,1400,,,,,5,,,
ClassicGumtree,21,9,15,1,1,4,0,0,526,3,0,0.899,,1500,,,,,5,,,
ClassicGumtree,21,9,15,1,1,4,0,0,530,3,0,0.899,,1600,,,,,5,,,
ClassicGumtree,21,9,15,1,1,4,0,0,525,3,0,0.899,,1700,,,,,5,,,
ClassicGumtree,21,9,15,1,1,4,0,0,525,3,0,0.899,,1800,,,,,5,,,
ClassicGumtree,21,9,15,1,1,4,0,0,524,3,0,0.899,,1900,,,,,5,,,
ClassicGumtree,21,9,15,1,1,4,0,0,525,3,0,0.899,,2000,,,,,5,,,
ClassicGumtree,572,10,289,275,0,8,0,0,1,3,0,0.999,,100,,,,,5,,,
ClassicGumtree,572,10,289,275,0,8,0,0,2,3,0,0.999,,200,,,,,5,,,
ClassicGumtree,572,10,289,275,0,8,0,0,2,3,0,0.999,,300,,,,,5,,,
ClassicGumtree,572,10,289,275,0,8,0,0,1,3,0,0.999,,400,,,,,5,,,
ClassicGumtree,572,10,289,275,0,8,0,0,2,3,0,0.999,,500,,,,,5,,,
ClassicGumtree,572,10,289,275,0,8,0,0,2,3,0,0.999,,600,,,,,5,,,
ClassicGumtree,21,9,15,1,1,4,0,0,523,3,0,0.999,,700,,,,,5,,,
ClassicGumtree,21,9,15,1,1,4,0,0,526,3,0,0.999,,800,,,,,5,,,
ClassicGumtree,21,9,15,1,1,4,0,0,428,3,0,0.999,,900,,,,,5,,,
ClassicGumtree,21,9,15,1,1,4,0,0,425,3,0,0.999,,1000,,,,,5,,,
ClassicGumtree,21,9,15,1,1,4,0,0,512,3,0,0.999,,1100,,,,,5,,,
ClassicGumtree,21,9,15,1,1,4,0,0,511,3,0,0.999,,1200,,,,,5,,,
ClassicGumtree,21,9,15,1,1,4,0,0,512,3,0,0.999,,1300,,,,,5,,,
ClassicGumtree,21,9,15,1,1,4,0,0,511,3,0,0.999,,1400,,,,,5,,,
ClassicGumtree,21,9,15,1,1,4,0,0,655,3,0,0.999,,1500,,,,,5,,,
ClassicGumtree,21,9,15,1,1,4,0,0,508,3,0,0.999,,1600,,,,,5,,,
ClassicGumtree,21,9,15,1,1,4,0,0,488,3,0,0.999,,1700,,,,,5,,,
ClassicGumtree,21,9,15,1,1,4,0,0,486,3,0,0.999,,1800,,,,,5,,,
ClassicGumtree,21,9,15,1,1,4,0,0,507,3,0,0.999,,1900,,,,,5,,,
ClassicGumtree,21,9,15,1,1,4,0,0,509,3,0,0.999,,2000,,,,,5,,,
CompleteGumtreeMatcher,46,17,25,11,0,10,0,0,2,3,0,0.1,,100,,,,,1,,,
CompleteGumtreeMatcher,46,36,15,1,0,30,0,0,66,3,0,0.1,,200,,,,,1,,,
CompleteGumtreeMatcher,46,36,15,1,0,30,0,0,65,3,0,0.1,,300,,,,,1,,,
CompleteGumtreeMatcher,46,36,15,1,0,30,0,0,66,3,0,0.1,,400,,,,,1,,,
CompleteGumtreeMatcher,46,36,15,1,0,30,0,0,66,3,0,0.1,,500,,,,,1,,,
CompleteGumtreeMatcher,46,36,15,1,0,30,0,0,66,3,0,0.1,,600,,,,,1,,,
CompleteGumtreeMatcher,18,8,14,0,0,4,0,0,869,3,0,0.1,,700,,,,,1,,,
CompleteGumtreeMatcher,18,8,14,0,0,4,0,0,760,3,0,0.1,,800,,,,,1,,,
CompleteGumtreeMatcher,18,8,14,0,0,4,0,0,556,3,0,0.1,,900,,,,,1,,,
CompleteGumtreeMatcher,18,8,14,0,0,4,0,0,870,3,0,0.1,,1000,,,,,1,,,
CompleteGumtreeMatcher,18,8,14,0,0,4,0,0,541,3,0,0.1,,1100,,,,,1,,,
CompleteGumtreeMatcher,18,8,14,0,0,4,0,0,790,3,0,0.1,,1200,,,,,1,,,
CompleteGumtreeMatcher,18,8,14,0,0,4,0,0,733,3,0,0.1,,1300,,,,,1,,,
CompleteGumtreeMatcher,18,8,14,0,0,4,0,0,986,3,0,0.1,,1400,,,,,1,,,
CompleteGumtreeMatcher,18,8,14,0,0,4,0,0,791,3,0,0.1,,1500,,,,,1,,,
CompleteGumtreeMatcher,18,8,14,0,0,4,0,0,986,3,0,0.1,,1600,,,,,1,,,
CompleteGumtreeMatcher,18,8,14,0,0,4,0,0,514,3,0,0.1,,1700,,,,,1,,,
CompleteGumtreeMatcher,18,8,14,0,0,4,0,0,494,3,0,0.1,,1800,,,,,1,,,
CompleteGumtreeMatcher,18,8,14,0,0,4,0,0,514,3,0,0.1,,1900,,,,,1,,,
CompleteGumtreeMatcher,18,8,14,0,0,4,0,0,516,3,0,0.1,,2000,,,,,1,,,
CompleteGumtreeMatcher,46,17,25,11,0,10,0,0,2,3,0,0.2,,100,,,,,1,,,
CompleteGumtreeMatcher,46,36,15,1,0,30,0,0,35,3,0,0.2,,200,,,,,1,,,
CompleteGumtreeMatcher,46,36,15,1,0,30,0,0,36,3,0,0.2,,300,,,,,1,,,
CompleteGumtreeMatcher,46,36,15,1,0,30,0,0,62,3,0,0.2,,400,,,,,1,,,
CompleteGumtreeMatcher,46,36,15,1,0,30,0,0,40,3,0,0.2,,500,,,,,1,,,
CompleteGumtreeMatcher,46,36,15,1,0,30,0,0,36,3,0,0.2,,600,,,,,1,,,
CompleteGumtreeMatcher,18,8,14,0,0,4,0,0,515,3,0,0.2,,700,,,,,1,,,
CompleteGumtreeMatcher,18,8,14,0,0,4,0,0,511,3,0,0.2,,800,,,,,1,,,
CompleteGumtreeMatcher,18,8,14,0,0,4,0,0,511,3,0,0.2,,900,,,,,1,,,
CompleteGumtreeMatcher,18,8,14,0,0,4,0,0,928,3,0,0.2,,1000,,,,,1,,,
CompleteGumtreeMatcher,18,8,14,0,0,4,0,0,548,3,0,0.2,,1100,,,,,1,,,
CompleteGumtreeMatcher,18,8,14,0,0,4,0,0,611,3,0,0.2,,1200,,,,,1,,,
CompleteGumtreeMatcher,18,8,14,0,0,4,0,0,610,3,0,0.2,,1300,,,,,1,,,
CompleteGumtreeMatcher,18,8,14,0,0,4,0,0,551,3,0,0.2,,1400,,,,,1,,,
CompleteGumtreeMatcher,18,8,14,0,0,4,0,0,552,3,0,0.2,,1500,,,,,1,,,
CompleteGumtreeMatcher,18,8,14,0,0,4,0,0,552,3,0,0.2,,1600,,,,,1,,,
CompleteGumtreeMatcher,18,8,14,0,0,4,0,0,551,3,0,0.2,,1700,,,,,1,,,
CompleteGumtreeMatcher,18,8,14,0,0,4,0,0,550,3,0,0.2,,1800,,,,,1,,,
CompleteGumtreeMatcher,18,8,14,0,0,4,0,0,549,3,0,0.2,,1900,,,,,1,,,
CompleteGumtreeMatcher,18,8,14,0,0,4,0,0,532,3,0,0.2,,2000,,,,,1,,,
CompleteGumtreeMatcher,46,17,25,11,0,10,0,0,2,3,0,0.3,,100,,,,,1,,,
CompleteGumtreeMatcher,46,36,15,1,0,30,0,0,36,3,0,0.3,,200,,,,,1,,,
CompleteGumtreeMatcher,46,36,15,1,0,30,0,0,36,3,0,0.3,,300,,,,,1,,,
CompleteGumtreeMatcher,46,36,15,1,0,30,0,0,36,3,0,0.3,,400,,,,,1,,,
CompleteGumtreeMatcher,46,36,15,1,0,30,0,0,36,3,0,0.3,,500,,,,,1,,,
CompleteGumtreeMatcher,46,36,15,1,0,30,0,0,37,3,0,0.3,,600,,,,,1,,,
CompleteGumtreeMatcher,18,8,14,0,0,4,0,0,538,3,0,0.3,,700,,,,,1,,,
CompleteGumtreeMatcher,18,8,14,0,0,4,0,0,537,3,0,0.3,,800,,,,,1,,,
CompleteGumtreeMatcher,18,8,14,0,0,4,0,0,535,3,0,0.3,,900,,,,,1,,,
CompleteGumtreeMatcher,18,8,14,0,0,4,0,0,536,3,0,0.3,,1000,,,,,1,,,
CompleteGumtreeMatcher,18,8,14,0,0,4,0,0,923,3,0,0.3,,1100,,,,,1,,,
CompleteGumtreeMatcher,18,8,14,0,0,4,0,0,536,3,0,0.3,,1200,,,,,1,,,
CompleteGumtreeMatcher,18,8,14,0,0,4,0,0,535,3,0,0.3,,1300,,,,,1,,,
CompleteGumtreeMatcher,18,8,14,0,0,4,0,0,592,3,0,0.3,,1400,,,,,1,,,
CompleteGumtreeMatcher,18,8,14,0,0,4,0,0,595,3,0,0.3,,1500,,,,,1,,,
CompleteGumtreeMatcher,18,8,14,0,0,4,0,0,519,3,0,0.3,,1600,,,,,1,,,
CompleteGumtreeMatcher,18,8,14,0,0,4,0,0,526,3,0,0.3,,1700,,,,,1,,,
CompleteGumtreeMatcher,18,8,14,0,0,4,0,0,531,3,0,0.3,,1800,,,,,1,,,
CompleteGumtreeMatcher,18,8,14,0,0,4,0,0,525,3,0,0.3,,1900,,,,,1,,,
CompleteGumtreeMatcher,18,8,14,0,0,4,0,0,525,3,0,0.3,,2000,,,,,1,,,
CompleteGumtreeMatcher,46,17,25,11,0,10,0,0,1,3,0,0.4,,100,,,,,1,,,
CompleteGumtreeMatcher,46,36,15,1,0,30,0,0,37,3,0,0.4,,200,,,,,1,,,
CompleteGumtreeMatcher,46,36,15,1,0,30,0,0,36,3,0,0.4,,300,,,,,1,,,
CompleteGumtreeMatcher,46,36,15,1,0,30,0,0,97,3,0,0.4,,400,,,,,1,,,
CompleteGumtreeMatcher,46,36,15,1,0,30,0,0,97,3,0,0.4,,500,,,,,1,,,
CompleteGumtreeMatcher,46,36,15,1,0,30,0,0,37,3,0,0.4,,600,,,,,1,,,
CompleteGumtreeMatcher,18,8,14,0,0,4,0,0,679,3,0,0.4,,700,,,,,1,,,
CompleteGumtreeMatcher,18,8,14,0,0,4,0,0,676,3,0,0.4,,800,,,,,1,,,
CompleteGumtreeMatcher,18,8,14,0,0,4,0,0,680,3,0,0.4,,900,,,,,1,,,
CompleteGumtreeMatcher,18,8,14,0,0,4,0,0,676,3,0,0.4,,1000,,,,,1,,,
CompleteGumtreeMatcher,18,8,14,0,0,4,0,0,675,3,0,0.4,,1100,,,,,1,,,
CompleteGumtreeMatcher,18,8,14,0,0,4,0,0,675,3,0,0.4,,1200,,,,,1,,,
CompleteGumtreeMatcher,18,8,14,0,0,4,0,0,680,3,0,0.4,,1300,,,,,1,,,
CompleteGumtreeMatcher,18,8,14,0,0,4,0,0,680,3,0,0.4,,1400,,,,,1,,,
CompleteGumtreeMatcher,18,8,14,0,0,4,0,0,964,3,0,0.4,,1500,,,,,1,,,
CompleteGumtreeMatcher,18,8,14,0,0,4,0,0,750,3,0,0.4,,1600,,,,,1,,,
CompleteGumtreeMatcher,18,8,14,0,0,4,0,0,537,3,0,0.4,,1700,,,,,1,,,
CompleteGumtreeMatcher,18,8,14,0,0,4,0,0,532,3,0,0.4,,1800,,,,,1,,,
CompleteGumtreeMatcher,18,8,14,0,0,4,0,0,535,3,0,0.4,,1900,,,,,1,,,
CompleteGumtreeMatcher,18,8,14,0,0,4,0,0,530,3,0,0.4,,2000,,,,,1,,,
CompleteGumtreeMatcher,46,17,25,11,0,10,0,0,2,3,0,0.5,,100,,,,,1,,,
CompleteGumtreeMatcher,46,36,15,1,0,30,0,0,36,3,0,0.5,,200,,,,,1,,,
CompleteGumtreeMatcher,46,36,15,1,0,30,0,0,36,3,0,0.5,,300,,,,,1,,,
CompleteGumtreeMatcher,46,36,15,1,0,30,0,0,36,3,0,0.5,,400,,,,,1,,,
CompleteGumtreeMatcher,46,36,15,1,0,30,0,0,37,3,0,0.5,,500,,,,,1,,,
CompleteGumtreeMatcher,46,36,15,1,0,30,0,0,36,3,0,0.5,,600,,,,,1,,,
CompleteGumtreeMatcher,18,8,14,0,0,4,0,0,534,3,0,0.5,,700,,,,,1,,,
CompleteGumtreeMatcher,18,8,14,0,0,4,0,0,533,3,0,0.5,,800,,,,,1,,,
CompleteGumtreeMatcher,18,8,14,0,0,4,0,0,532,3,0,0.5,,900,,,,,1,,,
CompleteGumtreeMatcher,18,8,14,0,0,4,0,0,531,3,0,0.5,,1000,,,,,1,,,
CompleteGumtreeMatcher,18,8,14,0,0,4,0,0,573,3,0,0.5,,1100,,,,,1,,,
CompleteGumtreeMatcher,18,8,14,0,0,4,0,0,576,3,0,0.5,,1200,,,,,1,,,
CompleteGumtreeMatcher,18,8,14,0,0,4,0,0,570,3,0,0.5,,1300,,,,,1,,,
CompleteGumtreeMatcher,18,8,14,0,0,4,0,0,572,3,0,0.5,,1400,,,,,1,,,
CompleteGumtreeMatcher,18,8,14,0,0,4,0,0,570,3,0,0.5,,1500,,,,,1,,,
CompleteGumtreeMatcher,18,8,14,0,0,4,0,0,574,3,0,0.5,,1600,,,,,1,,,
CompleteGumtreeMatcher,18,8,14,0,0,4,0,0,570,3,0,0.5,,1700,,,,,1,,,
CompleteGumtreeMatcher,18,8,14,0,0,4,0,0,648,3,0,0.5,,1800,,,,,1,,,
CompleteGumtreeMatcher,18,8,14,0,0,4,0,0,645,3,0,0.5,,1900,,,,,1,,,
CompleteGumtreeMatcher,18,8,14,0,0,4,0,0,644,3,0,0.5,,2000,,,,,1,,,
CompleteGumtreeMatcher,46,17,25,11,0,10,0,0,1,3,0,0.6,,100,,,,,1,,,
CompleteGumtreeMatcher,46,36,15,1,0,30,0,0,37,3,0,0.6,,200,,,,,1,,,
CompleteGumtreeMatcher,46,36,15,1,0,30,0,0,36,3,0,0.6,,300,,,,,1,,,
CompleteGumtreeMatcher,46,36,15,1,0,30,0,0,37,3,0,0.6,,400,,,,,1,,,
CompleteGumtreeMatcher,46,36,15,1,0,30,0,0,36,3,0,0.6,,500,,,,,1,,,
CompleteGumtreeMatcher,46,36,15,1,0,30,0,0,37,3,0,0.6,,600,,,,,1,,,
CompleteGumtreeMatcher,18,8,14,0,0,4,0,0,542,3,0,0.6,,700,,,,,1,,,
CompleteGumtreeMatcher,18,8,14,0,0,4,0,0,541,3,0,0.6,,800,,,,,1,,,
CompleteGumtreeMatcher,18,8,14,0,0,4,0,0,542,3,0,0.6,,900,,,,,1,,,
CompleteGumtreeMatcher,18,8,14,0,0,4,0,0,543,3,0,0.6,,1000,,,,,1,,,
CompleteGumtreeMatcher,18,8,14,0,0,4,0,0,541,3,0,0.6,,1100,,,,,1,,,
CompleteGumtreeMatcher,18,8,14,0,0,4,0,0,542,3,0,0.6,,1200,,,,,1,,,
CompleteGumtreeMatcher,18,8,14,0,0,4,0,0,672,3,0,0.6,,1300,,,,,1,,,
CompleteGumtreeMatcher,18,8,14,0,0,4,0,0,597,3,0,0.6,,1400,,,,,1,,,
CompleteGumtreeMatcher,18,8,14,0,0,4,0,0,592,3,0,0.6,,1500,,,,,1,,,
CompleteGumtreeMatcher,18,8,14,0,0,4,0,0,597,3,0,0.6,,1600,,,,,1,,,
CompleteGumtreeMatcher,18,8,14,0,0,4,0,0,594,3,0,0.6,,1700,,,,,1,,,
CompleteGumtreeMatcher,18,8,14,0,0,4,0,0,593,3,0,0.6,,1800,,,,,1,,,
CompleteGumtreeMatcher,18,8,14,0,0,4,0,0,594,3,0,0.6,,1900,,,,,1,,,
CompleteGumtreeMatcher,18,8,14,0,0,4,0,0,590,3,0,0.6,,2000,,,,,1,,,
CompleteGumtreeMatcher,46,17,25,11,0,10,0,0,1,3,0,0.7,,100,,,,,1,,,
CompleteGumtreeMatcher,46,36,15,1,0,30,0,0,37,3,0,0.7,,200,,,,,1,,,
CompleteGumtreeMatcher,46,36,15,1,0,30,0,0,37,3,0,0.7,,300,,,,,1,,,
CompleteGumtreeMatcher,46,36,15,1,0,30,0,0,36,3,0,0.7,,400,,,,,1,,,
CompleteGumtreeMatcher,46,36,15,1,0,30,0,0,36,3,0,0.7,,500,,,,,1,,,
CompleteGumtreeMatcher,46,36,15,1,0,30,0,0,37,3,0,0.7,,600,,,,,1,,,
CompleteGumtreeMatcher,18,8,14,0,0,4,0,0,590,3,0,0.7,,700,,,,,1,,,
CompleteGumtreeMatcher,18,8,14,0,0,4,0,0,592,3,0,0.7,,800,,,,,1,,,
CompleteGumtreeMatcher,18,8,14,0,0,4,0,0,512,3,0,0.7,,900,,,,,1,,,
CompleteGumtreeMatcher,18,8,14,0,0,4,0,0,511,3,0,0.7,,1000,,,,,1,,,
CompleteGumtreeMatcher,18,8,14,0,0,4,0,0,508,3,0,0.7,,1100,,,,,1,,,
CompleteGumtreeMatcher,18,8,14,0,0,4,0,0,508,3,0,0.7,,1200,,,,,1,,,
CompleteGumtreeMatcher,18,8,14,0,0,4,0,0,511,3,0,0.7,,1300,,,,,1,,,
CompleteGumtreeMatcher,18,8,14,0,0,4,0,0,513,3,0,0.7,,1400,,,,,1,,,
CompleteGumtreeMatcher,18,8,14,0,0,4,0,0,512,3,0,0.7,,1500,,,,,1,,,
CompleteGumtreeMatcher,18,8,14,0,0,4,0,0,508,3,0,0.7,,1600,,,,,1,,,
CompleteGumtreeMatcher,18,8,14,0,0,4,0,0,508,3,0,0.7,,1700,,,,,1,,,
CompleteGumtreeMatcher,18,8,14,0,0,4,0,0,706,3,0,0.7,,1800,,,,,1,,,
CompleteGumtreeMatcher,18,8,14,0,0,4,0,0,663,3,0,0.7,,1900,,,,,1,,,
CompleteGumtreeMatcher,18,8,14,0,0,4,0,0,657,3,0,0.7,,2000,,,,,1,,,
CompleteGumtreeMatcher,46,17,25,11,0,10,0,0,1,3,0,0.799,,100,,,,,1,,,
CompleteGumtreeMatcher,46,36,15,1,0,30,0,0,36,3,0,0.799,,200,,,,,1,,,
CompleteGumtreeMatcher,46,36,15,1,0,30,0,0,36,3,0,0.799,,300,,,,,1,,,
CompleteGumtreeMatcher,46,36,15,1,0,30,0,0,37,3,0,0.799,,400,,,,,1,,,
CompleteGumtreeMatcher,46,36,15,1,0,30,0,0,36,3,0,0.799,,500,,,,,1,,,
CompleteGumtreeMatcher,46,36,15,1,0,30,0,0,36,3,0,0.799,,600,,,,,1,,,
CompleteGumtreeMatcher,18,8,14,0,0,4,0,0,659,3,0,0.799,,700,,,,,1,,,
CompleteGumtreeMatcher,18,8,14,0,0,4,0,0,654,3,0,0.799,,800,,,,,1,,,
CompleteGumtreeMatcher,18,8,14,0,0,4,0,0,655,3,0,0.799,,900,,,,,1,,,
CompleteGumtreeMatcher,18,8,14,0,0,4,0,0,660,3,0,0.799,,1000,,,,,1,,,
CompleteGumtreeMatcher,18,8,14,0,0,4,0,0,658,3,0,0.799,,1100,,,,,1,,,
CompleteGumtreeMatcher,18,8,14,0,0,4,0,0,661,3,0,0.799,,1200,,,,,1,,,
CompleteGumtreeMatcher,18,8,14,0,0,4,0,0,720,3,0,0.799,,1300,,,,,1,,,
CompleteGumtreeMatcher,18,8,14,0,0,4,0,0,533,3,0,0.799,,1400,,,,,1,,,
CompleteGumtreeMatcher,18,8,14,0,0,4,0,0,537,3,0,0.799,,1500,,,,,1,,,
CompleteGumtreeMatcher,18,8,14,0,0,4,0,0,531,3,0,0.799,,1600,,,,,1,,,
CompleteGumtreeMatcher,18,8,14,0,0,4,0,0,533,3,0,0.799,,1700,,,,,1,,,
CompleteGumtreeMatcher,18,8,14,0,0,4,0,0,533,3,0,0.799,,1800,,,,,1,,,
CompleteGumtreeMatcher,18,8,14,0,0,4,0,0,528,3,0,0.799,,1900,,,,,1,,,
CompleteGumtreeMatcher,18,8,14,0,0,4,0,0,533,3,0,0.799,,2000,,,,,1,,,
CompleteGumtreeMatcher,62,26,26,12,0,24,0,0,1,3,0,0.899,,100,,,,,1,,,
CompleteGumtreeMatcher,62,26,26,12,0,24,0,0,2,3,0,0.899,,200,,,,,1,,,
CompleteGumtreeMatcher,62,26,26,12,0,24,0,0,1,3,0,0.899,,300,,,,,1,,,
CompleteGumtreeMatcher,62,26,26,12,0,24,0,0,1,3,0,0.899,,400,,,,,1,,,
CompleteGumtreeMatcher,62,26,26,12,0,24,0,0,2,3,0,0.899,,500,,,,,1,,,
CompleteGumtreeMatcher,62,26,26,12,0,24,0,0,2,3,0,0.899,,600,,,,,1,,,
CompleteGumtreeMatcher,18,8,14,0,0,4,0,0,999,3,0,0.899,,700,,,,,1,,,
CompleteGumtreeMatcher,18,8,14,0,0,4,0,0,1006,3,0,0.899,,800,,,,,1,,,
CompleteGumtreeMatcher,18,8,14,0,0,4,0,0,925,3,0,0.899,,900,,,,,1,,,
CompleteGumtreeMatcher,18,8,14,0,0,4,0,0,970,3,0,0.899,,1000,,,,,1,,,
CompleteGumtreeMatcher,18,8,14,0,0,4,0,0,975,3,0,0.899,,1100,,,,,1,,,
CompleteGumtreeMatcher,18,8,14,0,0,4,0,0,967,3,0,0.899,,1200,,,,,1,,,
CompleteGumtreeMatcher,18,8,14,0,0,4,0,0,967,3,0,0.899,,1300,,,,,1,,,
CompleteGumtreeMatcher,18,8,14,0,0,4,0,0,961,3,0,0.899,,1400,,,,,1,,,
CompleteGumtreeMatcher,18,8,14,0,0,4,0,0,962,3,0,0.899,,1500,,,,,1,,,
CompleteGumtreeMatcher,18,8,14,0,0,4,0,0,967,3,0,0.899,,1600,,,,,1,,,
CompleteGumtreeMatcher,18,8,14,0,0,4,0,0,955,3,0,0.899,,1700,,,,,1,,,
CompleteGumtreeMatcher,18,8,14,0,0,4,0,0,967,3,0,0.899,,1800,,,,,1,,,
CompleteGumtreeMatcher,18,8,14,0,0,4,0,0,951,3,0,0.899,,1900,,,,,1,,,
CompleteGumtreeMatcher,18,8,14,0,0,4,0,0,955,3,0,0.899,,2000,,,,,1,,,
CompleteGumtreeMatcher,89,51,27,13,0,49,0,0,2,3,0,0.999,,100,,,,,1,,,
CompleteGumtreeMatcher,89,51,27,13,0,49,0,0,2,3,0,0.999,,200,,,,,1,,,
CompleteGumtreeMatcher,89,51,27,13,0,49,0,0,1,3,0,0.999,,300,,,,,1,,,
CompleteGumtreeMatcher,89,51,27,13,0,49,0,0,2,3,0,0.999,,400,,,,,1,,,
CompleteGumtreeMatcher,89,51,27,13,0,49,0,0,1,3,0,0.999,,500,,,,,1,,,
CompleteGumtreeMatcher,89,51,27,13,0,49,0,0,2,3,0,0.999,,600,,,,,1,,,
CompleteGumtreeMatcher,18,8,14,0,0,4,0,0,501,3,0,0.999,,700,,,,,1,,,
CompleteGumtreeMatcher,18,8,14,0,0,4,0,0,497,3,0,0.999,,800,,,,,1,,,
CompleteGumtreeMatcher,18,8,14,0,0,4,0,0,494,3,0,0.999,,900,,,,,1,,,
CompleteGumtreeMatcher,18,8,14,0,0,4,0,0,490,3,0,0.999,,1000,,,,,1,,,
CompleteGumtreeMatcher,18,8,14,0,0,4,0,0,492,3,0,0.999,,1100,,,,,1,,,
CompleteGumtreeMatcher,18,8,14,0,0,4,0,0,495,3,0,0.999,,1200,,,,,1,,,
CompleteGumtreeMatcher,18,8,14,0,0,4,0,0,460,3,0,0.999,,1300,,,,,1,,,
CompleteGumtreeMatcher,18,8,14,0,0,4,0,0,456,3,0,0.999,,1400,,,,,1,,,
CompleteGumtreeMatcher,18,8,14,0,0,4,0,0,457,3,0,0.999,,1500,,,,,1,,,
CompleteGumtreeMatcher,18,8,14,0,0,4,0,0,451,3,0,0.999,,1600,,,,,1,,,
CompleteGumtreeMatcher,18,8,14,0,0,4,0,0,454,3,0,0.999,,1700,,,,,1,,,
CompleteGumtreeMatcher,18,8,14,0,0,4,0,0,452,3,0,0.999,,1800,,,,,1,,,
CompleteGumtreeMatcher,18,8,14,0,0,4,0,0,461,3,0,0.999,,1900,,,,,1,,,
CompleteGumtreeMatcher,18,8,14,0,0,4,0,0,454,3,0,0.999,,2000,,,,,1,,,
CompleteGumtreeMatcher,78,22,43,29,0,6,0,0,2,3,0,0.1,,100,,,,,2,,,
CompleteGumtreeMatcher,52,36,18,4,1,29,0,0,62,3,0,0.1,,200,,,,,2,,,
CompleteGumtreeMatcher,52,36,18,4,1,29,0,0,36,3,0,0.1,,300,,,,,2,,,
CompleteGumtreeMatcher,52,36,18,4,1,29,0,0,37,3,0,0.1,,400,,,,,2,,,
CompleteGumtreeMatcher,52,36,18,4,1,29,0,0,37,3,0,0.1,,500,,,,,2,,,
CompleteGumtreeMatcher,52,36,18,4,1,29,0,0,37,3,0,0.1,,600,,,,,2,,,
CompleteGumtreeMatcher,21,9,15,1,1,4,0,0,538,3,0,0.1,,700,,,,,2,,,
CompleteGumtreeMatcher,21,9,15,1,1,4,0,0,543,3,0,0.1,,800,,,,,2,,,
CompleteGumtreeMatcher,21,9,15,1,1,4,0,0,538,3,0,0.1,,900,,,,,2,,,
CompleteGumtreeMatcher,21,9,15,1,1,4,0,0,544,3,0,0.1,,1000,,,,,2,,,
CompleteGumtreeMatcher,21,9,15,1,1,4,0,0,537,3,0,0.1,,1100,,,,,2,,,
CompleteGumtreeMatcher,21,9,15,1,1,4,0,0,536,3,0,0.1,,1200,,,,,2,,,
CompleteGumtreeMatcher,21,9,15,1,1,4,0,0,539,3,0,0.1,,1300,,,,,2,,,
CompleteGumtreeMatcher,21,9,15,1,1,4,0,0,536,3,0,0.1,,1400,,,,,2,,,
CompleteGumtreeMatcher,21,9,15,1,1,4,0,0,540,3,0,0.1,,1500,,,,,2,,,
CompleteGumtreeMatcher,21,9,15,1,1,4,0,0,540,3,0,0.1,,1600,,,,,2,,,
CompleteGumtreeMatcher,21,9,15,1,1,4,0,0,593,3,0,0.1,,1700,,,,,2,,,
CompleteGumtreeMatcher,21,9,15,1,1,4,0,0,596,3,0,0.1,,1800,,,,,2,,,
CompleteGumtreeMatcher,21,9,15,1,1,4,0,0,596,3,0,0.1,,1900,,,,,2,,,
CompleteGumtreeMatcher,21,9,15,1,1,4,0,0,596,3,0,0.1,,2000,,,,,2,,,
CompleteGumtreeMatcher,78,22,43,29,0,6,0,0,2,3,0,0.2,,100,,,,,2,,,
CompleteGumtreeMatcher,52,36,18,4,1,29,0,0,36,3,0,0.2,,200,,,,,2,,,
CompleteGumtreeMatcher,52,36,18,4,1,29,0,0,36,3,0,0.2,,300,,,,,2,,,
CompleteGumtreeMatcher,52,36,18,4,1,29,0,0,36,3,0,0.2,,400,,,,,2,,,
CompleteGumtreeMatcher,52,36,18,4,1,29,0,0,36,3,0,0.2,,500,,,,,2,,,
CompleteGumtreeMatcher,52,36,18,4,1,29,0,0,36,3,0,0.2,,600,,,,,2,,,
CompleteGumtreeMatcher,21,9,15,1,1,4,0,0,593,3,0,0.2,,700,,,,,2,,,
CompleteGumtreeMatcher,21,9,15,1,1,4,0,0,594,3,0,0.2,,800,,,,,2,,,
CompleteGumtreeMatcher,21,9,15,1,1,4,0,0,596,3,0,0.2,,900,,,,,2,,,
CompleteGumtreeMatcher,21,9,15,1,1,4,0,0,594,3,0,0.2,,1000,,,,,2,,,
CompleteGumtreeMatcher,21,9,15,1,1,4,0,0,620,3,0,0.2,,1100,,,,,2,,,
CompleteGumtreeMatcher,21,9,15,1,1,4,0,0,622,3,0,0.2,,1200,,,,,2,,,
CompleteGumtreeMatcher,21,9,15,1,1,4,0,0,485,3,0,0.2,,1300,,,,,2,,,
CompleteGumtreeMatcher,21,9,15,1,1,4,0,0,495,3,0,0.2,,1400,,,,,2,,,
CompleteGumtreeMatcher,21,9,15,1,1,4,0,0,486,3,0,0.2,,1500,,,,,2,,,
CompleteGumtreeMatcher,21,9,15,1,1,4,0,0,488,3,0,0.2,,1600,,,,,2,,,
CompleteGumtreeMatcher,21,9,15,1,1,4,0,0,483,3,0,0.2,,1700,,,,,2,,,
CompleteGumtreeMatcher,21,9,15,1,1,4,0,0,484,3,0,0.2,,1800,,,,,2,,,
CompleteGumtreeMatcher,21,9,15,1,1,4,0,0,547,3,0,0.2,,1900,,,,,2,,,
CompleteGumtreeMatcher,21,9,15,1,1,4,0,0,545,3,0,0.2,,2000,,,,,2,,,
CompleteGumtreeMatcher,78,22,43,29,0,6,0,0,1,3,0,0.3,,100,,,,,2,,,
CompleteGumtreeMatcher,52,36,18,4,1,29,0,0,37,3,0,0.3,,200,,,,,2,,,
CompleteGumtreeMatcher,52,36,18,4,1,29,0,0,36,3,0,0.3,,300,,,,,2,,,
CompleteGumtreeMatcher,52,36,18,4,1,29,0,0,37,3,0,0.3,,400,,,,,2,,,
CompleteGumtreeMatcher,52,36,18,4,1,29,0,0,37,3,0,0.3,,500,,,,,2,,,
CompleteGumtreeMatcher,52,36,18,4,1,29,0,0,37,3,0,0.3,,600,,,,,2,,,
CompleteGumtreeMatcher,21,9,15,1,1,4,0,0,524,3,0,0.3,,700,,,,,2,,,
CompleteGumtreeMatcher,21,9,15,1,1,4,0,0,530,3,0,0.3,,800,,,,,2,,,
CompleteGumtreeMatcher,21,9,15,1,1,4,0,0,525,3,0,0.3,,900,,,,,2,,,
CompleteGumtreeMatcher,21,9,15,1,1,4,0,0,522,3,0,0.3,,1000,,,,,2,,,
CompleteGumtreeMatcher,21,9,15,1,1,4,0,0,531,3,0,0.3,,1100,,,,,2,,,
CompleteGumtreeMatcher,21,9,15,1,1,4,0,0,523,3,0,0.3,,1200,,,,,2,,,
CompleteGumtreeMatcher,21,9,15,1,1,4,0,0,519,3,0,0.3,,1300,,,,,2,,,
CompleteGumtreeMatcher,21,9,15,1,1,4,0,0,590,3,0,0.3,,1400,,,,,2,,,
CompleteGumtreeMatcher,21,9,15,1,1,4,0,0,537,3,0,0.3,,1500,,,,,2,,,
CompleteGumtreeMatcher,21,9,15,1,1,4,0,0,533,3,0,0.3,,1600,,,,,2,,,
CompleteGumtreeMatcher,21,9,15,1,1,4,0,0,533,3,0,0.3,,1700,,,,,2,,,
CompleteGumtreeMatcher,21,9,15,1,1,4,0,0,536,3,0,0.3,,1800,,,,,2,,,
CompleteGumtreeMatcher,21,9,15,1,1,4,0,0,530,3,0,0.3,,1900,,,,,2,,,
CompleteGumtreeMatcher,21,9,15,1,1,4,0,0,532,3,0,0.3,,2000,,,,,2,,,
CompleteGumtreeMatcher,78,22,43,29,0,6,0,0,1,3,0,0.4,,100,,,,,2,,,
CompleteGumtreeMatcher,52,36,18,4,1,29,0,0,37,3,0,0.4,,200,,,,,2,,,
CompleteGumtreeMatcher,52,36,18,4,1,29,0,0,36,3,0,0.4,,300,,,,,2,,,
CompleteGumtreeMatcher,52,36,18,4,1,29,0,0,36,3,0,0.4,,400,,,,,2,,,
CompleteGumtreeMatcher,52,36,18,4,1,29,0,0,37,3,0,0.4,,500,,,,,2,,,
CompleteGumtreeMatcher,52,36,18,4,1,29,0,0,36,3,0,0.4,,600,,,,,2,,,
CompleteGumtreeMatcher,21,9,15,1,1,4,0,0,533,3,0,0.4,,700,,,,,2,,,
CompleteGumtreeMatcher,21,9,15,1,1,4,0,0,533,3,0,0.4,,800,,,,,2,,,
CompleteGumtreeMatcher,21,9,15,1,1,4,0,0,579,3,0,0.4,,900,,,,,2,,,
CompleteGumtreeMatcher,21,9,15,1,1,4,0,0,513,3,0,0.4,,1000,,,,,2,,,
CompleteGumtreeMatcher,21,9,15,1,1,4,0,0,513,3,0,0.4,,1100,,,,,2,,,
CompleteGumtreeMatcher,21,9,15,1,1,4,0,0,510,3,0,0.4,,1200,,,,,2,,,
CompleteGumtreeMatcher,21,9,15,1,1,4,0,0,514,3,0,0.4,,1300,,,,,2,,,
CompleteGumtreeMatcher,21,9,15,1,1,4,0,0,513,3,0,0.4,,1400,,,,,2,,,
CompleteGumtreeMatcher,21,9,15,1,1,4,0,0,511,3,0,0.4,,1500,,,,,2,,,
CompleteGumtreeMatcher,21,9,15,1,1,4,0,0,513,3,0,0.4,,1600,,,,,2,,,
CompleteGumtreeMatcher,21,9,15,1,1,4,0,0,513,3,0,0.4,,1700,,,,,2,,,
CompleteGumtreeMatcher,21,9,15,1,1,4,0,0,562,3,0,0.4,,1800,,,,,2,,,
CompleteGumtreeMatcher,21,9,15,1,1,4,0,0,504,3,0,0.4,,1900,,,,,2,,,
CompleteGumtreeMatcher,21,9,15,1,1,4,0,0,508,3,0,0.4,,2000,,,,,2,,,
CompleteGumtreeMatcher,78,22,43,29,0,6,0,0,2,3,0,0.5,,100,,,,,2,,,
CompleteGumtreeMatcher,52,36,18,4,1,29,0,0,37,3,0,0.5,,200,,,,,2,,,
CompleteGumtreeMatcher,52,36,18,4,1,29,0,0,36,3,0,0.5,,300,,,,,2,,,
CompleteGumtreeMatcher,52,36,18,4,1,29,0,0,36,3,0,0.5,,400,,,,,2,,,
CompleteGumtreeMatcher,52,36,18,4,1,29,0,0,36,3,0,0.5,,500,,,,,2,,,
CompleteGumtreeMatcher,52,36,18,4,1,29,0,0,36,3,0,0.5,,600,,,,,2,,,
CompleteGumtreeMatcher,21,9,15,1,1,4,0,0,509,3,0,0.5,,700,,,,,2,,,
CompleteGumtreeMatcher,21,9,15,1,1,4,0,0,509,3,0,0.5,,800,,,,,2,,,
CompleteGumtreeMatcher,21,9,15,1,1,4,0,0,505,3,0,0.5,,900,,,,,2,,,
CompleteGumtreeMatcher,21,9,15,1,1,4,0,0,517,3,0,0.5,,1000,,,,,2,,,
CompleteGumtreeMatcher,21,9,15,1,1,4,0,0,506,3,0,0.5,,1100,,,,,2,,,
CompleteGumtreeMatcher,21,9,15,1,1,4,0,0,507,3,0,0.5,,1200,,,,,2,,,
CompleteGumtreeMatcher,21,9,15,1,1,4,0,0,533,3,0,0.5,,1300,,,,,2,,,
CompleteGumtreeMatcher,21,9,15,1,1,4,0,0,491,3,0,0.5,,1400,,,,,2,,,
CompleteGumtreeMatcher,21,9,15,1,1,4,0,0,481,3,0,0.5,,1500,,,,,2,,,
CompleteGumtreeMatcher,21,9,15,1,1,4,0,0,487,3,0,0.5,,1600,,,,,2,,,
CompleteGumtreeMatcher,21,9,15,1,1,4,0,0,484,3,0,0.5,,1700,,,,,2,,,
CompleteGumtreeMatcher,21,9,15,1,1,4,0,0,481,3,0,0.5,,1800,,,,,2,,,
CompleteGumtreeMatcher,21,9,15,1,1,4,0,0,485,3,0,0.5,,1900,,,,,2,,,
CompleteGumtreeMatcher,21,9,15,1,1,4,0,0,491,3,0,0.5,,2000,,,,,2,,,
CompleteGumtreeMatcher,78,22,43,29,0,6,0,0,1,3,0,0.6,,100,,,,,2,,,
CompleteGumtreeMatcher,52,36,18,4,1,29,0,0,36,3,0,0.6,,200,,,,,2,,,
CompleteGumtreeMatcher,52,36,18,4,1,29,0,0,36,3,0,0.6,,300,,,,,2,,,
CompleteGumtreeMatcher,52,36,18,4,1,29,0,0,37,3,0,0.6,,400,,,,,2,,,
CompleteGumtreeMatcher,52,36,18,4,1,29,0,0,37,3,0,0.6,,500,,,,,2,,,
CompleteGumtreeMatcher,52,36,18,4,1,29,0,0,56,3,0,0.6,,600,,,,,2,,,
CompleteGumtreeMatcher,21,9,15,1,1,4,0,0,604,3,0,0.6,,700,,,,,2,,,
CompleteGumtreeMatcher,21,9,15,1,1,4,0,0,584,3,0,0.6,,800,,,,,2,,,
CompleteGumtreeMatcher,21,9,15,1,1,4,0,0,583,3,0,0.6,,900,,,,,2,,,
CompleteGumtreeMatcher,21,9,15,1,1,4,0,0,582,3,0,0.6,,1000,,,,,2,,,
CompleteGumtreeMatcher,21,9,15,1,1,4,0,0,586,3,0,0.6,,1100,,,,,2,,,
CompleteGumtreeMatcher,21,9,15,1,1,4,0,0,582,3,0,0.6,,1200,,,,,2,,,
CompleteGumtreeMatcher,21,9,15,1,1,4,0,0,583,3,0,0.6,,1300,,,,,2,,,
CompleteGumtreeMatcher,21,9,15,1,1,4,0,0,581,3,0,0.6,,1400,,,,,2,,,
CompleteGumtreeMatcher,21,9,15,1,1,4,0,0,584,3,0,0.6,,1500,,,,,2,,,
CompleteGumtreeMatcher,21,9,15,1,1,4,0,0,584,3,0,0.6,,1600,,,,,2,,,
CompleteGumtreeMatcher,21,9,15,1,1,4,0,0,484,3,0,0.6,,1700,,,,,2,,,
CompleteGumtreeMatcher,21,9,15,1,1,4,0,0,487,3,0,0.6,,1800,,,,,2,,,
CompleteGumtreeMatcher,21,9,15,1,1,4,0,0,483,3,0,0.6,,1900,,,,,2,,,
CompleteGumtreeMatcher,21,9,15,1,1,4,0,0,480,3,0,0.6,,2000,,,,,2,,,
CompleteGumtreeMatcher,78,22,43,29,0,6,0,0,1,3,0,0.7,,100,,,,,2,,,
CompleteGumtreeMatcher,52,36,18,4,1,29,0,0,37,3,0,0.7,,200,,,,,2,,,
CompleteGumtreeMatcher,52,36,18,4,1,29,0,0,36,3,0,0.7,,300,,,,,2,,,
CompleteGumtreeMatcher,52,36,18,4,1,29,0,0,36,3,0,0.7,,400,,,,,2,,,
CompleteGumtreeMatcher,52,36,18,4,1,29,0,0,37,3,0,0.7,,500,,,,,2,,,
CompleteGumtreeMatcher,52,36,18,4,1,29,0,0,36,3,0,0.7,,600,,,,,2,,,
CompleteGumtreeMatcher,21,9,15,1,1,4,0,0,483,3,0,0.7,,700,,,,,2,,,
CompleteGumtreeMatcher,21,9,15,1,1,4,0,0,481,3,0,0.7,,800,,,,,2,,,
CompleteGumtreeMatcher,21,9,15,1,1,4,0,0,482,3,0,0.7,,900,,,,,2,,,
CompleteGumtreeMatcher,21,9,15,1,1,4,0,0,480,3,0,0.7,,1000,,,,,2,,,
CompleteGumtreeMatcher,21,9,15,1,1,4,0,0,484,3,0,0.7,,1100,,,,,2,,,
CompleteGumtreeMatcher,21,9,15,1,1,4,0,0,482,3,0,0.7,,1200,,,,,2,,,
CompleteGumtreeMatcher,21,9,15,1,1,4,0,0,650,3,0,0.7,,1300,,,,,2,,,
CompleteGumtreeMatcher,21,9,15,1,1,4,0,0,649,3,0,0.7,,1400,,,,,2,,,
CompleteGumtreeMatcher,21,9,15,1,1,4,0,0,656,3,0,0.7,,1500,,,,,2,,,
CompleteGumtreeMatcher,21,9,15,1,1,4,0,0,645,3,0,0.7,,1600,,,,,2,,,
CompleteGumtreeMatcher,21,9,15,1,1,4,0,0,652,3,0,0.7,,1700,,,,,2,,,
CompleteGumtreeMatcher,21,9,15,1,1,4,0,0,650,3,0,0.7,,1800,,,,,2,,,
CompleteGumtreeMatcher,21,9,15,1,1,4,0,0,649,3,0,0.7,,1900,,,,,2,,,
CompleteGumtreeMatcher,21,9,15,1,1,4,0,0,648,3,0,0.7,,2000,,,,,2,,,
CompleteGumtreeMatcher,91,21,44,30,0,17,0,0,1,3,0,0.799,,100,,,,,2,,,
CompleteGumtreeMatcher,91,21,44,30,0,17,0,0,2,3,0,0.799,,200,,,,,2,,,
CompleteGumtreeMatcher,91,21,44,30,0,17,0,0,1,3,0,0.799,,300,,,,,2,,,
CompleteGumtreeMatcher,91,21,44,30,0,17,0,0,2,3,0,0.799,,400,,,,,2,,,
CompleteGumtreeMatcher,91,21,44,30,0,17,0,0,1,3,0,0.799,,500,,,,,2,,,
CompleteGumtreeMatcher,91,21,44,30,0,17,0,0,2,3,0,0.799,,600,,,,,2,,,
CompleteGumtreeMatcher,21,9,15,1,1,4,0,0,1074,3,0,0.799,,700,,,,,2,,,
CompleteGumtreeMatcher,21,9,15,1,1,4,0,0,1075,3,0,0.799,,800,,,,,2,,,
CompleteGumtreeMatcher,21,9,15,1,1,4,0,0,1079,3,0,0.799,,900,,,,,2,,,
CompleteGumtreeMatcher,21,9,15,1,1,4,0,0,1080,3,0,0.799,,1000,,,,,2,,,
CompleteGumtreeMatcher,21,9,15,1,1,4,0,0,1080,3,0,0.799,,1100,,,,,2,,,
CompleteGumtreeMatcher,21,9,15,1,1,4,0,0,1079,3,0,0.799,,1200,,,,,2,,,
CompleteGumtreeMatcher,21,9,15,1,1,4,0,0,1079,3,0,0.799,,1300,,,,,2,,,
CompleteGumtreeMatcher,21,9,15,1,1,4,0,0,1079,3,0,0.799,,1400,,,,,2,,,
CompleteGumtreeMatcher,21,9,15,1,1,4,0,0,1079,3,0,0.799,,1500,,,,,2,,,
CompleteGumtreeMatcher,21,9,15,1,1,4,0,0,1075,3,0,0.799,,1600,,,,,2,,,
CompleteGumtreeMatcher,21,9,15,1,1,4,0,0,1090,3,0,0.799,,1700,,,,,2,,,
CompleteGumtreeMatcher,21,9,15,1,1,4,0,0,1088,3,0,0.799,,1800,,,,,2,,,
CompleteGumtreeMatcher,21,9,15,1,1,4,0,0,913,3,0,0.799,,1900,,,,,2,,,
CompleteGumtreeMatcher,21,9,15,1,1,4,0,0,915,3,0,0.799,,2000,,,,,2,,,
CompleteGumtreeMatcher,117,43,45,31,0,41,0,0,2,3,0,0.899,,100,,,,,2,,,
CompleteGumtreeMatcher,117,43,45,31,0,41,0,0,1,3,0,0.899,,200,,,,,2,,,
CompleteGumtreeMatcher,117,43,45,31,0,41,0,0,2,3,0,0.899,,300,,,,,2,,,
CompleteGumtreeMatcher,117,43,45,31,0,41,0,0,2,3,0,0.899,,400,,,,,2,,,
CompleteGumtreeMatcher,117,43,45,31,0,41,0,0,1,3,0,0.899,,500,,,,,2,,,
CompleteGumtreeMatcher,117,43,45,31,0,41,0,0,2,3,0,0.899,,600,,,,,2,,,
CompleteGumtreeMatcher,21,9,15,1,1,4,0,0,468,3,0,0.899,,700,,,,,2,,,
CompleteGumtreeMatcher,21,9,15,1,1,4,0,0,465,3,0,0.899,,800,,,,,2,,,
CompleteGumtreeMatcher,21,9,15,1,1,4,0,0,465,3,0,0.899,,900,,,,,2,,,
CompleteGumtreeMatcher,21,9,15,1,1,4,0,0,468,3,0,0.899,,1000,,,,,2,,,
CompleteGumtreeMatcher,21,9,15,1,1,4,0,0,468,3,0,0.899,,1100,,,,,2,,,
CompleteGumtreeMatcher,21,9,15,1,1,4,0,0,466,3,0,0.899,,1200,,,,,2,,,
CompleteGumtreeMatcher,21,9,15,1,1,4,0,0,455,3,0,0.899,,1300,,,,,2,,,
CompleteGumtreeMatcher,21,9,15,1,1,4,0,0,445,3,0,0.899,,1400,,,,,2,,,
CompleteGumtreeMatcher,21,9,15,1,1,4,0,0,451,3,0,0.899,,1500,,,,,2,,,
CompleteGumtreeMatcher,21,9,15,1,1,4,0,0,449,3,0,0.899,,1600,,,,,2,,,
CompleteGumtreeMatcher,21,9,15,1,1,4,0,0,448,3,0,0.899,,1700,,,,,2,,,
CompleteGumtreeMatcher,21,9,15,1,1,4,0,0,449,3,0,0.899,,1800,,,,,2,,,
CompleteGumtreeMatcher,21,9,15,1,1,4,0,0,445,3,0,0.899,,1900,,,,,2,,,
CompleteGumtreeMatcher,21,9,15,1,1,4,0,0,452,3,0,0.899,,2000,,,,,2,,,
CompleteGumtreeMatcher,117,43,45,31,0,41,0,0,2,3,0,0.999,,100,,,,,2,,,
CompleteGumtreeMatcher,117,43,45,31,0,41,0,0,2,3,0,0.999,,200,,,,,2,,,
CompleteGumtreeMatcher,117,43,45,31,0,41,0,0,1,3,0,0.999,,300,,,,,2,,,
CompleteGumtreeMatcher,117,43,45,31,0,41,0,0,2,3,0,0.999,,400,,,,,2,,,
CompleteGumtreeMatcher,117,43,45,31,0,41,0,0,1,3,0,0.999,,500,,,,,2,,,
CompleteGumtreeMatcher,117,43,45,31,0,41,0,0,2,3,0,0.999,,600,,,,,2,,,
CompleteGumtreeMatcher,21,9,15,1,1,4,0,0,467,3,0,0.999,,700,,,,,2,,,
CompleteGumtreeMatcher,21,9,15,1,1,4,0,0,473,3,0,0.999,,800,,,,,2,,,
CompleteGumtreeMatcher,21,9,15,1,1,4,0,0,462,3,0,0.999,,900,,,,,2,,,
CompleteGumtreeMatcher,21,9,15,1,1,4,0,0,466,3,0,0.999,,1000,,,,,2,,,
CompleteGumtreeMatcher,21,9,15,1,1,4,0,0,462,3,0,0.999,,1100,,,,,2,,,
CompleteGumtreeMatcher,21,9,15,1,1,4,0,0,472,3,0,0.999,,1200,,,,,2,,,
CompleteGumtreeMatcher,21,9,15,1,1,4,0,0,465,3,0,0.999,,1300,,,,,2,,,
CompleteGumtreeMatcher,21,9,15,1,1,4,0,0,517,3,0,0.999,,1400,,,,,2,,,
CompleteGumtreeMatcher,21,9,15,1,1,4,0,0,520,3,0,0.999,,1500,,,,,2,,,
CompleteGumtreeMatcher,21,9,15,1,1,4,0,0,524,3,0,0.999,,1600,,,,,2,,,
CompleteGumtreeMatcher,21,9,15,1,1,4,0,0,482,3,0,0.999,,1700,,,,,2,,,
CompleteGumtreeMatcher,21,9,15,1,1,4,0,0,482,3,0,0.999,,1800,,,,,2,,,
CompleteGumtreeMatcher,21,9,15,1,1,4,0,0,480,3,0,0.999,,1900,,,,,2,,,
CompleteGumtreeMatcher,21,9,15,1,1,4,0,0,483,3,0,0.999,,2000,,,,,2,,,
CompleteGumtreeMatcher,297,55,154,140,0,3,0,0,2,3,0,0.1,,100,,,,,3,,,
CompleteGumtreeMatcher,183,23,90,76,1,16,0,0,36,3,0,0.1,,200,,,,,3,,,
CompleteGumtreeMatcher,183,23,90,76,1,16,0,0,36,3,0,0.1,,300,,,,,3,,,
CompleteGumtreeMatcher,183,23,90,76,1,16,0,0,91,3,0,0.1,,400,,,,,3,,,
CompleteGumtreeMatcher,183,23,90,76,1,16,0,0,91,3,0,0.1,,500,,,,,3,,,
CompleteGumtreeMatcher,183,23,90,76,1,16,0,0,91,3,0,0.1,,600,,,,,3,,,
CompleteGumtreeMatcher,21,9,15,1,1,4,0,0,495,3,0,0.1,,700,,,,,3,,,
CompleteGumtreeMatcher,21,9,15,1,1,4,0,0,499,3,0,0.1,,800,,,,,3,,,
CompleteGumtreeMatcher,21,9,15,1,1,4,0,0,500,3,0,0.1,,900,,,,,3,,,
CompleteGumtreeMatcher,21,9,15,1,1,4,0,0,505,3,0,0.1,,1000,,,,,3,,,
CompleteGumtreeMatcher,21,9,15,1,1,4,0,0,498,3,0,0.1,,1100,,,,,3,,,
CompleteGumtreeMatcher,21,9,15,1,1,4,0,0,505,3,0,0.1,,1200,,,,,3,,,
CompleteGumtreeMatcher,21,9,15,1,1,4,0,0,500,3,0,0.1,,1300,,,,,3,,,
CompleteGumtreeMatcher,21,9,15,1,1,4,0,0,497,3,0,0.1,,1400,,,,,3,,,
CompleteGumtreeMatcher,21,9,15,1,1,4,0,0,494,3,0,0.1,,1500,,,,,3,,,
CompleteGumtreeMatcher,21,9,15,1,1,4,0,0,496,3,0,0.1,,1600,,,,,3,,,
CompleteGumtreeMatcher,21,9,15,1,1,4,0,0,493,3,0,0.1,,1700,,,,,3,,,
CompleteGumtreeMatcher,21,9,15,1,1,4,0,0,497,3,0,0.1,,1800,,,,,3,,,
CompleteGumtreeMatcher,21,9,15,1,1,4,0,0,494,3,0,0.1,,1900,,,,,3,,,
CompleteGumtreeMatcher,21,9,15,1,1,4,0,0,498,3,0,0.1,,2000,,,,,3,,,
CompleteGumtreeMatcher,297,55,154,140,0,3,0,0,1,3,0,0.2,,100,,,,,3,,,
CompleteGumtreeMatcher,183,23,90,76,1,16,0,0,37,3,0,0.2,,200,,,,,3,,,
CompleteGumtreeMatcher,183,23,90,76,1,16,0,0,37,3,0,0.2,,300,,,,,3,,,
CompleteGumtreeMatcher,183,23,90,76,1,16,0,0,37,3,0,0.2,,400,,,,,3,,,
CompleteGumtreeMatcher,183,23,90,76,1,16,0,0,37,3,0,0.2,,500,,,,,3,,,
CompleteGumtreeMatcher,183,23,90,76,1,16,0,0,37,3,0,0.2,,600,,,,,3,,,
CompleteGumtreeMatcher,21,9,15,1,1,4,0,0,497,3,0,0.2,,700,,,,,3,,,
CompleteGumtreeMatcher,21,9,15,1,1,4,0,0,500,3,0,0.2,,800,,,,,3,,,
CompleteGumtreeMatcher,21,9,15,1,1,4,0,0,493,3,0,0.2,,900,,,,,3,,,
CompleteGumtreeMatcher,21,9,15,1,1,4,0,0,498,3,0,0.2,,1000,,,,,3,,,
CompleteGumtreeMatcher,21,9,15,1,1,4,0,0,493,3,0,0.2,,1100,,,,,3,,,
CompleteGumtreeMatcher,21,9,15,1,1,4,0,0,496,3,0,0.2,,1200,,,,,3,,,
CompleteGumtreeMatcher,21,9,15,1,1,4,0,0,489,3,0,0.2,,1300,,,,,3,,,
CompleteGumtreeMatcher,21,9,15,1,1,4,0,0,493,3,0,0.2,,1400,,,,,3,,,
CompleteGumtreeMatcher,21,9,15,1,1,4,0,0,489,3,0,0.2,,1500,,,,,3,,,
CompleteGumtreeMatcher,21,9,15,1,1,4,0,0,492,3,0,0.2,,1600,,,,,3,,,
CompleteGumtreeMatcher,21,9,15,1,1,4,0,0,491,3,0,0.2,,1700,,,,,3,,,
CompleteGumtreeMatcher,21,9,15,1,1,4,0,0,491,3,0,0.2,,1800,,,,,3,,,
CompleteGumtreeMatcher,21,9,15,1,1,4,0,0,489,3,0,0.2,,1900,,,,,3,,,
CompleteGumtreeMatcher,21,9,15,1,1,4,0,0,492,3,0,0.2,,2000,,,,,3,,,
CompleteGumtreeMatcher,297,55,154,140,0,3,0,0,1,3,0,0.3,,100,,,,,3,,,
CompleteGumtreeMatcher,183,23,90,76,1,16,0,0,65,3,0,0.3,,200,,,,,3,,,
CompleteGumtreeMatcher,183,23,90,76,1,16,0,0,65,3,0,0.3,,300,,,,,3,,,
CompleteGumtreeMatcher,183,23,90,76,1,16,0,0,36,3,0,0.3,,400,,,,,3,,,
CompleteGumtreeMatcher,183,23,90,76,1,16,0,0,37,3,0,0.3,,500,,,,,3,,,
CompleteGumtreeMatcher,183,23,90,76,1,16,0,0,36,3,0,0.3,,600,,,,,3,,,
CompleteGumtreeMatcher,21,9,15,1,1,4,0,0,507,3,0,0.3,,700,,,,,3,,,
CompleteGumtreeMatcher,21,9,15,1,1,4,0,0,494,3,0,0.3,,800,,,,,3,,,
CompleteGumtreeMatcher,21,9,15,1,1,4,0,0,494,3,0,0.3,,900,,,,,3,,,
CompleteGumtreeMatcher,21,9,15,1,1,4,0,0,499,3,0,0.3,,1000,,,,,3,,,
CompleteGumtreeMatcher,21,9,15,1,1,4,0,0,499,3,0,0.3,,1100,,,,,3,,,
CompleteGumtreeMatcher,21,9,15,1,1,4,0,0,498,3,0,0.3,,1200,,,,,3,,,
CompleteGumtreeMatcher,21,9,15,1,1,4,0,0,508,3,0,0.3,,1300,,,,,3,,,
CompleteGumtreeMatcher,21,9,15,1,1,4,0,0,498,3,0,0.3,,1400,,,,,3,,,
CompleteGumtreeMatcher,21,9,15,1,1,4,0,0,533,3,0,0.3,,1500,,,,,3,,,
CompleteGumtreeMatcher,21,9,15,1,1,4,0,0,537,3,0,0.3,,1600,,,,,3,,,
CompleteGumtreeMatcher,21,9,15,1,1,4,0,0,505,3,0,0.3,,1700,,,,,3,,,
CompleteGumtreeMatcher,21,9,15,1,1,4,0,0,498,3,0,0.3,,1800,,,,,3,,,
CompleteGumtreeMatcher,21,9,15,1,1,4,0,0,500,3,0,0.3,,1900,,,,,3,,,
CompleteGumtreeMatcher,21,9,15,1,1,4,0,0,502,3,0,0.3,,2000,,,,,3,,,
CompleteGumtreeMatcher,297,55,154,140,0,3,0,0,2,3,0,0.4,,100,,,,,3,,,
CompleteGumtreeMatcher,183,23,90,76,1,16,0,0,36,3,0,0.4,,200,,,,,3,,,
CompleteGumtreeMatcher,183,23,90,76,1,16,0,0,37,3,0,0.4,,300,,,,,3,,,
CompleteGumtreeMatcher,183,23,90,76,1,16,0,0,37,3,0,0.4,,400,,,,,3,,,
CompleteGumtreeMatcher,183,23,90,76,1,16,0,0,36,3,0,0.4,,500,,,,,3,,,
CompleteGumtreeMatcher,183,23,90,76,1,16,0,0,36,3,0,0.4,,600,,,,,3,,,
CompleteGumtreeMatcher,21,9,15,1,1,4,0,0,502,3,0,0.4,,700,,,,,3,,,
CompleteGumtreeMatcher,21,9,15,1,1,4,0,0,499,3,0,0.4,,800,,,,,3,,,
CompleteGumtreeMatcher,21,9,15,1,1,4,0,0,502,3,0,0.4,,900,,,,,3,,,
CompleteGumtreeMatcher,21,9,15,1,1,4,0,0,501,3,0,0.4,,1000,,,,,3,,,
CompleteGumtreeMatcher,21,9,15,1,1,4,0,0,512,3,0,0.4,,1100,,,,,3,,,
CompleteGumtreeMatcher,21,9,15,1,1,4,0,0,513,3,0,0.4,,1200,,,,,3,,,
CompleteGumtreeMatcher,21,9,15,1,1,4,0,0,514,3,0,0.4,,1300,,,,,3,,,
CompleteGumtreeMatcher,21,9,15,1,1,4,0,0,511,3,0,0.4,,1400,,,,,3,,,
CompleteGumtreeMatcher,21,9,15,1,1,4,0,0,511,3,0,0.4,,1500,,,,,3,,,
CompleteGumtreeMatcher,21,9,15,1,1,4,0,0,515,3,0,0.4,,1600,,,,,3,,,
CompleteGumtreeMatcher,21,9,15,1,1,4,0,0,513,3,0,0.4,,1700,,,,,3,,,
CompleteGumtreeMatcher,21,9,15,1,1,4,0,0,511,3,0,0.4,,1800,,,,,3,,,
CompleteGumtreeMatcher,21,9,15,1,1,4,0,0,536,3,0,0.4,,1900,,,,,3,,,
CompleteGumtreeMatcher,21,9,15,1,1,4,0,0,537,3,0,0.4,,2000,,,,,3,,,
CompleteGumtreeMatcher,305,39,155,141,0,9,0,0,2,3,0,0.5,,100,,,,,3,,,
CompleteGumtreeMatcher,305,39,155,141,0,9,0,0,2,3,0,0.5,,200,,,,,3,,,
CompleteGumtreeMatcher,305,39,155,141,0,9,0,0,1,3,0,0.5,,300,,,,,3,,,
CompleteGumtreeMatcher,305,39,155,141,0,9,0,0,2,3,0,0.5,,400,,,,,3,,,
CompleteGumtreeMatcher,305,39,155,141,0,9,0,0,1,3,0,0.5,,500,,,,,3,,,
CompleteGumtreeMatcher,305,39,155,141,0,9,0,0,2,3,0,0.5,,600,,,,,3,,,
CompleteGumtreeMatcher,21,9,15,1,1,4,0,0,890,3,0,0.5,,700,,,,,3,,,
CompleteGumtreeMatcher,21,9,15,1,1,4,0,0,899,3,0,0.5,,800,,,,,3,,,
CompleteGumtreeMatcher,21,9,15,1,1,4,0,0,895,3,0,0.5,,900,,,,,3,,,
CompleteGumtreeMatcher,21,9,15,1,1,4,0,0,895,3,0,0.5,,1000,,,,,3,,,
CompleteGumtreeMatcher,21,9,15,1,1,4,0,0,897,3,0,0.5,,1100,,,,,3,,,
CompleteGumtreeMatcher,21,9,15,1,1,4,0,0,898,3,0,0.5,,1200,,,,,3,,,
CompleteGumtreeMatcher,21,9,15,1,1,4,0,0,945,3,0,0.5,,1300,,,,,3,,,
CompleteGumtreeMatcher,21,9,15,1,1,4,0,0,947,3,0,0.5,,1400,,,,,3,,,
CompleteGumtreeMatcher,21,9,15,1,1,4,0,0,933,3,0,0.5,,1500,,,,,3,,,
CompleteGumtreeMatcher,21,9,15,1,1,4,0,0,931,3,0,0.5,,1600,,,,,3,,,
CompleteGumtreeMatcher,21,9,15,1,1,4,0,0,947,3,0,0.5,,1700,,,,,3,,,
CompleteGumtreeMatcher,21,9,15,1,1,4,0,0,946,3,0,0.5,,1800,,,,,3,,,
CompleteGumtreeMatcher,21,9,15,1,1,4,0,0,950,3,0,0.5,,1900,,,,,3,,,
CompleteGumtreeMatcher,21,9,15,1,1,4,0,0,936,3,0,0.5,,2000,,,,,3,,,
CompleteGumtreeMatcher,305,39,155,141,0,9,0,0,2,3,0,0.6,,100,,,,,3,,,
CompleteGumtreeMatcher,305,39,155,141,0,9,0,0,2,3,0,0.6,,200,,,,,3,,,
CompleteGumtreeMatcher,305,39,155,141,0,9,0,0,1,3,0,0.6,,300,,,,,3,,,
CompleteGumtreeMatcher,305,39,155,141,0,9,0,0,2,3,0,0.6,,400,,,,,3,,,
CompleteGumtreeMatcher,305,39,155,141,0,9,0,0,1,3,0,0.6,,500,,,,,3,,,
CompleteGumtreeMatcher,305,39,155,141,0,9,0,0,2,3,0,0.6,,600,,,,,3,,,
CompleteGumtreeMatcher,21,9,15,1,1,4,0,0,937,3,0,0.6,,700,,,,,3,,,
CompleteGumtreeMatcher,21,9,15,1,1,4,0,0,942,3,0,0.6,,800,,,,,3,,,
CompleteGumtreeMatcher,21,9,15,1,1,4,0,0,906,3,0,0.6,,900,,,,,3,,,
CompleteGumtreeMatcher,21,9,15,1,1,4,0,0,907,3,0,0.6,,1000,,,,,3,,,
CompleteGumtreeMatcher,21,9,15,1,1,4,0,0,920,3,0,0.6,,1100,,,,,3,,,
CompleteGumtreeMatcher,21,9,15,1,1,4,0,0,920,3,0,0.6,,1200,,,,,3,,,
CompleteGumtreeMatcher,21,9,15,1,1,4,0,0,891,3,0,0.6,,1300,,,,,3,,,
CompleteGumtreeMatcher,21,9,15,1,1,4,0,0,892,3,0,0.6,,1400,,,,,3,,,
CompleteGumtreeMatcher,21,9,15,1,1,4,0,0,884,3,0,0.6,,1500,,,,,3,,,
CompleteGumtreeMatcher,21,9,15,1,1,4,0,0,888,3,0,0.6,,1600,,,,,3,,,
CompleteGumtreeMatcher,21,9,15,1,1,4,0,0,890,3,0,0.6,,1700,,,,,3,,,
CompleteGumtreeMatcher,21,9,15,1,1,4,0,0,891,3,0,0.6,,1800,,,,,3,,,
CompleteGumtreeMatcher,21,9,15,1,1,4,0,0,871,3,0,0.6,,1900,,,,,3,,,
CompleteGumtreeMatcher,21,9,15,1,1,4,0,0,909,3,0,0.6,,2000,,,,,3,,,
CompleteGumtreeMatcher,318,22,156,142,0,20,0,0,2,3,0,0.7,,100,,,,,3,,,
CompleteGumtreeMatcher,318,22,156,142,0,20,0,0,1,3,0,0.7,,200,,,,,3,,,
CompleteGumtreeMatcher,318,22,156,142,0,20,0,0,2,3,0,0.7,,300,,,,,3,,,
CompleteGumtreeMatcher,318,22,156,142,0,20,0,0,2,3,0,0.7,,400,,,,,3,,,
CompleteGumtreeMatcher,318,22,156,142,0,20,0,0,2,3,0,0.7,,500,,,,,3,,,
CompleteGumtreeMatcher,318,22,156,142,0,20,0,0,2,3,0,0.7,,600,,,,,3,,,
CompleteGumtreeMatcher,21,9,15,1,1,4,0,0,450,3,0,0.7,,700,,,,,3,,,
CompleteGumtreeMatcher,21,9,15,1,1,4,0,0,450,3,0,0.7,,800,,,,,3,,,
CompleteGumtreeMatcher,21,9,15,1,1,4,0,0,469,3,0,0.7,,900,,,,,3,,,
CompleteGumtreeMatcher,21,9,15,1,1,4,0,0,472,3,0,0.7,,1000,,,,,3,,,
CompleteGumtreeMatcher,21,9,15,1,1,4,0,0,473,3,0,0.7,,1100,,,,,3,,,
CompleteGumtreeMatcher,21,9,15,1,1,4,0,0,467,3,0,0.7,,1200,,,,,3,,,
CompleteGumtreeMatcher,21,9,15,1,1,4,0,0,470,3,0,0.7,,1300,,,,,3,,,
CompleteGumtreeMatcher,21,9,15,1,1,4,0,0,472,3,0,0.7,,1400,,,,,3,,,
CompleteGumtreeMatcher,21,9,15,1,1,4,0,0,468,3,0,0.7,,1500,,,,,3,,,
CompleteGumtreeMatcher,21,9,15,1,1,4,0,0,467,3,0,0.7,,1600,,,,,3,,,
CompleteGumtreeMatcher,21,9,15,1,1,4,0,0,467,3,0,0.7,,1700,,,,,3,,,
CompleteGumtreeMatcher,21,9,15,1,1,4,0,0,456,3,0,0.7,,1800,,,,,3,,,
CompleteGumtreeMatcher,21,9,15,1,1,4,0,0,455,3,0,0.7,,1900,,,,,3,,,
CompleteGumtreeMatcher,21,9,15,1,1,4,0,0,460,3,0,0.7,,2000,,,,,3,,,
CompleteGumtreeMatcher,318,22,156,142,0,20,0,0,2,3,0,0.799,,100,,,,,3,,,
CompleteGumtreeMatcher,318,22,156,142,0,20,0,0,2,3,0,0.799,,200,,,,,3,,,
CompleteGumtreeMatcher,318,22,156,142,0,20,0,0,2,3,0,0.799,,300,,,,,3,,,
CompleteGumtreeMatcher,318,22,156,142,0,20,0,0,2,3,0,0.799,,400,,,,,3,,,
CompleteGumtreeMatcher,318,22,156,142,0,20,0,0,1,3,0,0.799,,500,,,,,3,,,
CompleteGumtreeMatcher,318,22,156,142,0,20,0,0,1,3,0,0.799,,600,,,,,3,,,
CompleteGumtreeMatcher,21,9,15,1,1,4,0,0,458,3,0,0.799,,700,,,,,3,,,
CompleteGumtreeMatcher,21,9,15,1,1,4,0,0,459,3,0,0.799,,800,,,,,3,,,
CompleteGumtreeMatcher,21,9,15,1,1,4,0,0,454,3,0,0.799,,900,,,,,3,,,
CompleteGumtreeMatcher,21,9,15,1,1,4,0,0,457,3,0,0.799,,1000,,,,,3,,,
CompleteGumtreeMatcher,21,9,15,1,1,4,0,0,455,3,0,0.799,,1100,,,,,3,,,
CompleteGumtreeMatcher,21,9,15,1,1,4,0,0,459,3,0,0.799,,1200,,,,,3,,,
CompleteGumtreeMatcher,21,9,15,1,1,4,0,0,457,3,0,0.799,,1300,,,,,3,,,
CompleteGumtreeMatcher,21,9,15,1,1,4,0,0,450,3,0,0.799,,1400,,,,,3,,,
CompleteGumtreeMatcher,21,9,15,1,1,4,0,0,457,3,0,0.799,,1500,,,,,3,,,
CompleteGumtreeMatcher,21,9,15,1,1,4,0,0,460,3,0,0.799,,1600,,,,,3,,,
CompleteGumtreeMatcher,21,9,15,1,1,4,0,0,456,3,0,0.799,,1700,,,,,3,,,
CompleteGumtreeMatcher,21,9,15,1,1,4,0,0,461,3,0,0.799,,1800,,,,,3,,,
CompleteGumtreeMatcher,21,9,15,1,1,4,0,0,454,3,0,0.799,,1900,,,,,3,,,
CompleteGumtreeMatcher,21,9,15,1,1,4,0,0,455,3,0,0.799,,2000,,,,,3,,,
CompleteGumtreeMatcher,318,22,156,142,0,20,0,0,2,3,0,0.899,,100,,,,,3,,,
CompleteGumtreeMatcher,318,22,156,142,0,20,0,0,1,3,0,0.899,,200,,,,,3,,,
CompleteGumtreeMatcher,318,22,156,142,0,20,0,0,2,3,0,0.899,,300,,,,,3,,,
CompleteGumtreeMatcher,318,22,156,142,0,20,0,0,2,3,0,0.899,,400,,,,,3,,,
CompleteGumtreeMatcher,318,22,156,142,0,20,0,0,1,3,0,0.899,,500,,,,,3,,,
CompleteGumtreeMatcher,318,22,156,142,0,20,0,0,2,3,0,0.899,,600,,,,,3,,,
CompleteGumtreeMatcher,21,9,15,1,1,4,0,0,453,3,0,0.899,,700,,,,,3,,,
CompleteGumtreeMatcher,21,9,15,1,1,4,0,0,457,3,0,0.899,,800,,,,,3,,,
CompleteGumtreeMatcher,21,9,15,1,1,4,0,0,458,3,0,0.899,,900,,,,,3,,,
CompleteGumtreeMatcher,21,9,15,1,1,4,0,0,441,3,0,0.899,,1000,,,,,3,,,
CompleteGumtreeMatcher,21,9,15,1,1,4,0,0,441,3,0,0.899,,1100,,,,,3,,,
CompleteGumtreeMatcher,21,9,15,1,1,4,0,0,448,3,0,0.899,,1200,,,,,3,,,
CompleteGumtreeMatcher,21,9,15,1,1,4,0,0,440,3,0,0.899,,1300,,,,,3,,,
CompleteGumtreeMatcher,21,9,15,1,1,4,0,0,441,3,0,0.899,,1400,,,,,3,,,
CompleteGumtreeMatcher,21,9,15,1,1,4,0,0,437,3,0,0.899,,1500,,,,,3,,,
CompleteGumtreeMatcher,21,9,15,1,1,4,0,0,447,3,0,0.899,,1600,,,,,3,,,
CompleteGumtreeMatcher,21,9,15,1,1,4,0,0,440,3,0,0.899,,1700,,,,,3,,,
CompleteGumtreeMatcher,21,9,15,1,1,4,0,0,441,3,0,0.899,,1800,,,,,3,,,
CompleteGumtreeMatcher,21,9,15,1,1,4,0,0,439,3,0,0.899,,1900,,,,,3,,,
CompleteGumtreeMatcher,21,9,15,1,1,4,0,0,426,3,0,0.899,,2000,,,,,3,,,
CompleteGumtreeMatcher,318,22,156,142,0,20,0,0,1,3,0,0.999,,100,,,,,3,,,
CompleteGumtreeMatcher,318,22,156,142,0,20,0,0,2,3,0,0.999,,200,,,,,3,,,
CompleteGumtreeMatcher,318,22,156,142,0,20,0,0,2,3,0,0.999,,300,,,,,3,,,
CompleteGumtreeMatcher,318,22,156,142,0,20,0,0,1,3,0,0.999,,400,,,,,3,,,
CompleteGumtreeMatcher,318,22,156,142,0,20,0,0,2,3,0,0.999,,500,,,,,3,,,
CompleteGumtreeMatcher,318,22,156,142,0,20,0,0,2,3,0,0.999,,600,,,,,3,,,
CompleteGumtreeMatcher,21,9,15,1,1,4,0,0,460,3,0,0.999,,700,,,,,3,,,
CompleteGumtreeMatcher,21,9,15,1,1,4,0,0,459,3,0,0.999,,800,,,,,3,,,
CompleteGumtreeMatcher,21,9,15,1,1,4,0,0,461,3,0,0.999,,900,,,,,3,,,
CompleteGumtreeMatcher,21,9,15,1,1,4,0,0,460,3,0,0.999,,1000,,,,,3,,,
CompleteGumtreeMatcher,21,9,15,1,1,4,0,0,456,3,0,0.999,,1100,,,,,3,,,
CompleteGumtreeMatcher,21,9,15,1,1,4,0,0,459,3,0,0.999,,1200,,,,,3,,,
CompleteGumtreeMatcher,21,9,15,1,1,4,0,0,457,3,0,0.999,,1300,,,,,3,,,
CompleteGumtreeMatcher,21,9,15,1,1,4,0,0,461,3,0,0.999,,1400,,,,,3,,,
CompleteGumtreeMatcher,21,9,15,1,1,4,0,0,459,3,0,0.999,,1500,,,,,3,,,
CompleteGumtreeMatcher,21,9,15,1,1,4,0,0,512,3,0,0.999,,1600,,,,,3,,,
CompleteGumtreeMatcher,21,9,15,1,1,4,0,0,474,3,0,0.999,,1700,,,,,3,,,
CompleteGumtreeMatcher,21,9,15,1,1,4,0,0,477,3,0,0.999,,1800,,,,,3,,,
CompleteGumtreeMatcher,21,9,15,1,1,4,0,0,477,3,0,0.999,,1900,,,,,3,,,
CompleteGumtreeMatcher,21,9,15,1,1,4,0,0,477,3,0,0.999,,2000,,,,,3,,,
CompleteGumtreeMatcher,453,67,233,219,0,1,0,0,2,3,0,0.1,,100,,,,,4,,,
CompleteGumtreeMatcher,257,19,129,115,1,12,0,0,36,3,0,0.1,,200,,,,,4,,,
CompleteGumtreeMatcher,257,19,129,115,1,12,0,0,36,3,0,0.1,,300,,,,,4,,,
CompleteGumtreeMatcher,257,19,129,115,1,12,0,0,37,3,0,0.1,,400,,,,,4,,,
CompleteGumtreeMatcher,257,19,129,115,1,12,0,0,37,3,0,0.1,,500,,,,,4,,,
CompleteGumtreeMatcher,257,19,129,115,1,12,0,0,36,3,0,0.1,,600,,,,,4,,,
CompleteGumtreeMatcher,21,9,15,1,1,4,0,0,511,3,0,0.1,,700,,,,,4,,,
CompleteGumtreeMatcher,21,9,15,1,1,4,0,0,509,3,0,0.1,,800,,,,,4,,,
CompleteGumtreeMatcher,21,9,15,1,1,4,0,0,509,3,0,0.1,,900,,,,,4,,,
CompleteGumtreeMatcher,21,9,15,1,1,4,0,0,512,3,0,0.1,,1000,,,,,4,,,
CompleteGumtreeMatcher,21,9,15,1,1,4,0,0,540,3,0,0.1,,1100,,,,,4,,,
CompleteGumtreeMatcher,21,9,15,1,1,4,0,0,490,3,0,0.1,,1200,,,,,4,,,
CompleteGumtreeMatcher,21,9,15,1,1,4,0,0,491,3,0,0.1,,1300,,,,,4,,,
CompleteGumtreeMatcher,21,9,15,1,1,4,0,0,491,3,0,0.1,,1400,,,,,4,,,
CompleteGumtreeMatcher,21,9,15,1,1,4,0,0,496,3,0,0.1,,1500,,,,,4,,,
CompleteGumtreeMatcher,21,9,15,1,1,4,0,0,491,3,0,0.1,,1600,,,,,4,,,
CompleteGumtreeMatcher,21,9,15,1,1,4,0,0,489,3,0,0.1,,1700,,,,,4,,,
CompleteGumtreeMatcher,21,9,15,1,1,4,0,0,488,3,0,0.1,,1800,,,,,4,,,
CompleteGumtreeMatcher,21,9,15,1,1,4,0,0,487,3,0,0.1,,1900,,,,,4,,,
CompleteGumtreeMatcher,21,9,15,1,1,4,0,0,491,3,0,0.1,,2000,,,,,4,,,
CompleteGumtreeMatcher,453,67,233,219,0,1,0,0,2,3,0,0.2,,100,,,,,4,,,
CompleteGumtreeMatcher,257,19,129,115,1,12,0,0,37,3,0,0.2,,200,,,,,4,,,
CompleteGumtreeMatcher,257,19,129,115,1,12,0,0,36,3,0,0.2,,300,,,,,4,,,
CompleteGumtreeMatcher,257,19,129,115,1,12,0,0,36,3,0,0.2,,400,,,,,4,,,
CompleteGumtreeMatcher,257,19,129,115,1,12,0,0,37,3,0,0.2,,500,,,,,4,,,
CompleteGumtreeMatcher,257,19,129,115,1,12,0,0,37,3,0,0.2,,600,,,,,4,,,
CompleteGumtreeMatcher,21,9,15,1,1,4,0,0,486,3,0,0.2,,700,,,,,4,,,
CompleteGumtreeMatcher,21,9,15,1,1,4,0,0,484,3,0,0.2,,800,,,,,4,,,
CompleteGumtreeMatcher,21,9,15,1,1,4,0,0,484,3,0,0.2,,900,,,,,4,,,
CompleteGumtreeMatcher,21,9,15,1,1,4,0,0,482,3,0,0.2,,1000,,,,,4,,,
CompleteGumtreeMatcher,21,9,15,1,1,4,0,0,491,3,0,0.2,,1100,,,,,4,,,
CompleteGumtreeMatcher,21,9,15,1,1,4,0,0,483,3,0,0.2,,1200,,,,,4,,,
CompleteGumtreeMatcher,21,9,15,1,1,4,0,0,480,3,0,0.2,,1300,,,,,4,,,
CompleteGumtreeMatcher,21,9,15,1,1,4,0,0,492,3,0,0.2,,1400,,,,,4,,,
CompleteGumtreeMatcher,21,9,15,1,1,4,0,0,480,3,0,0.2,,1500,,,,,4,,,
CompleteGumtreeMatcher,21,9,15,1,1,4,0,0,505,3,0,0.2,,1600,,,,,4,,,
CompleteGumtreeMatcher,21,9,15,1,1,4,0,0,480,3,0,0.2,,1700,,,,,4,,,
CompleteGumtreeMatcher,21,9,15,1,1,4,0,0,482,3,0,0.2,,1800,,,,,4,,,
CompleteGumtreeMatcher,21,9,15,1,1,4,0,0,483,3,0,0.2,,1900,,,,,4,,,
CompleteGumtreeMatcher,21,9,15,1,1,4,0,0,483,3,0,0.2,,2000,,,,,4,,,
CompleteGumtreeMatcher,458,42,234,220,0,4,0,0,1,3,0,0.3,,100,,,,,4,,,
CompleteGumtreeMatcher,458,42,234,220,0,4,0,0,2,3,0,0.3,,200,,,,,4,,,
CompleteGumtreeMatcher,458,42,234,220,0,4,0,0,1,3,0,0.3,,300,,,,,4,,,
CompleteGumtreeMatcher,458,42,234,220,0,4,0,0,2,3,0,0.3,,400,,,,,4,,,
CompleteGumtreeMatcher,458,42,234,220,0,4,0,0,2,3,0,0.3,,500,,,,,4,,,
CompleteGumtreeMatcher,458,42,234,220,0,4,0,0,1,3,0,0.3,,600,,,,,4,,,
CompleteGumtreeMatcher,21,9,15,1,1,4,0,0,909,3,0,0.3,,700,,,,,4,,,
CompleteGumtreeMatcher,21,9,15,1,1,4,0,0,900,3,0,0.3,,800,,,,,4,,,
CompleteGumtreeMatcher,21,9,15,1,1,4,0,0,892,3,0,0.3,,900,,,,,4,,,
CompleteGumtreeMatcher,21,9,15,1,1,4,0,0,896,3,0,0.3,,1000,,,,,4,,,
CompleteGumtreeMatcher,21,9,15,1,1,4,0,0,892,3,0,0.3,,1100,,,,,4,,,
CompleteGumtreeMatcher,21,9,15,1,1,4,0,0,912,3,0,0.3,,1200,,,,,4,,,
CompleteGumtreeMatcher,21,9,15,1,1,4,0,0,913,3,0,0.3,,1300,,,,,4,,,
CompleteGumtreeMatcher,21,9,15,1,1,4,0,0,913,3,0,0.3,,1400,,,,,4,,,
CompleteGumtreeMatcher,21,9,15,1,1,4,0,0,910,3,0,0.3,,1500,,,,,4,,,
CompleteGumtreeMatcher,21,9,15,1,1,4,0,0,910,3,0,0.3,,1600,,,,,4,,,
CompleteGumtreeMatcher,21,9,15,1,1,4,0,0,950,3,0,0.3,,1700,,,,,4,,,
CompleteGumtreeMatcher,21,9,15,1,1,4,0,0,950,3,0,0.3,,1800,,,,,4,,,
CompleteGumtreeMatcher,21,9,15,1,1,4,0,0,932,3,0,0.3,,1900,,,,,4,,,
CompleteGumtreeMatcher,21,9,15,1,1,4,0,0,941,3,0,0.3,,2000,,,,,4,,,
CompleteGumtreeMatcher,458,42,234,220,0,4,0,0,1,3,0,0.4,,100,,,,,4,,,
CompleteGumtreeMatcher,458,42,234,220,0,4,0,0,2,3,0,0.4,,200,,,,,4,,,
CompleteGumtreeMatcher,458,42,234,220,0,4,0,0,2,3,0,0.4,,300,,,,,4,,,
CompleteGumtreeMatcher,458,42,234,220,0,4,0,0,1,3,0,0.4,,400,,,,,4,,,
CompleteGumtreeMatcher,458,42,234,220,0,4,0,0,2,3,0,0.4,,500,,,,,4,,,
CompleteGumtreeMatcher,458,42,234,220,0,4,0,0,2,3,0,0.4,,600,,,,,4,,,
CompleteGumtreeMatcher,21,9,15,1,1,4,0,0,938,3,0,0.4,,700,,,,,4,,,
CompleteGumtreeMatcher,21,9,15,1,1,4,0,0,904,3,0,0.4,,800,,,,,4,,,
CompleteGumtreeMatcher,21,9,15,1,1,4,0,0,936,3,0,0.4,,900,,,,,4,,,
CompleteGumtreeMatcher,21,9,15,1,1,4,0,0,936,3,0,0.4,,1000,,,,,4,,,
CompleteGumtreeMatcher,21,9,15,1,1,4,0,0,934,3,0,0.4,,1100,,,,,4,,,
CompleteGumtreeMatcher,21,9,15,1,1,4,0,0,932,3,0,0.4,,1200,,,,,4,,,
CompleteGumtreeMatcher,21,9,15,1,1,4,0,0,905,3,0,0.4,,1300,,,,,4,,,
CompleteGumtreeMatcher,21,9,15,1,1,4,0,0,910,3,0,0.4,,1400,,,,,4,,,
CompleteGumtreeMatcher,21,9,15,1,1,4,0,0,892,3,0,0.4,,1500,,,,,4,,,
CompleteGumtreeMatcher,21,9,15,1,1,4,0,0,901,3,0,0.4,,1600,,,,,4,,,
CompleteGumtreeMatcher,21,9,15,1,1,4,0,0,893,3,0,0.4,,1700,,,,,4,,,
CompleteGumtreeMatcher,21,9,15,1,1,4,0,0,900,3,0,0.4,,1800,,,,,4,,,
CompleteGumtreeMatcher,21,9,15,1,1,4,0,0,884,3,0,0.4,,1900,,,,,4,,,
CompleteGumtreeMatcher,21,9,15,1,1,4,0,0,889,3,0,0.4,,2000,,,,,4,,,
CompleteGumtreeMatcher,467,13,235,221,0,11,0,0,2,3,0,0.5,,100,,,,,4,,,
CompleteGumtreeMatcher,467,13,235,221,0,11,0,0,2,3,0,0.5,,200,,,,,4,,,
CompleteGumtreeMatcher,467,13,235,221,0,11,0,0,1,3,0,0.5,,300,,,,,4,,,
CompleteGumtreeMatcher,467,13,235,221,0,11,0,0,2,3,0,0.5,,400,,,,,4,,,
CompleteGumtreeMatcher,467,13,235,221,0,11,0,0,2,3,0,0.5,,500,,,,,4,,,
CompleteGumtreeMatcher,467,13,235,221,0,11,0,0,2,3,0,0.5,,600,,,,,4,,,
CompleteGumtreeMatcher,21,9,15,1,1,4,0,0,445,3,0,0.5,,700,,,,,4,,,
CompleteGumtreeMatcher,21,9,15,1,1,4,0,0,445,3,0,0.5,,800,,,,,4,,,
CompleteGumtreeMatcher,21,9,15,1,1,4,0,0,448,3,0,0.5,,900,,,,,4,,,
CompleteGumtreeMatcher,21,9,15,1,1,4,0,0,448,3,0,0.5,,1000,,,,,4,,,
CompleteGumtreeMatcher,21,9,15,1,1,4,0,0,446,3,0,0.5,,1100,,,,,4,,,
CompleteGumtreeMatcher,21,9,15,1,1,4,0,0,449,3,0,0.5,,1200,,,,,4,,,
CompleteGumtreeMatcher,21,9,15,1,1,4,0,0,442,3,0,0.5,,1300,,,,,4,,,
CompleteGumtreeMatcher,21,9,15,1,1,4,0,0,446,3,0,0.5,,1400,,,,,4,,,
CompleteGumtreeMatcher,21,9,15,1,1,4,0,0,443,3,0,0.5,,1500,,,,,4,,,
CompleteGumtreeMatcher,21,9,15,1,1,4,0,0,447,3,0,0.5,,1600,,,,,4,,,
CompleteGumtreeMatcher,21,9,15,1,1,4,0,0,462,3,0,0.5,,1700,,,,,4,,,
CompleteGumtreeMatcher,21,9,15,1,1,4,0,0,461,3,0,0.5,,1800,,,,,4,,,
CompleteGumtreeMatcher,21,9,15,1,1,4,0,0,467,3,0,0.5,,1900,,,,,4,,,
CompleteGumtreeMatcher,21,9,15,1,1,4,0,0,465,3,0,0.5,,2000,,,,,4,,,
CompleteGumtreeMatcher,467,13,235,221,0,11,0,0,2,3,0,0.6,,100,,,,,4,,,
CompleteGumtreeMatcher,467,13,235,221,0,11,0,0,2,3,0,0.6,,200,,,,,4,,,
CompleteGumtreeMatcher,467,13,235,221,0,11,0,0,2,3,0,0.6,,300,,,,,4,,,
CompleteGumtreeMatcher,467,13,235,221,0,11,0,0,2,3,0,0.6,,400,,,,,4,,,
CompleteGumtreeMatcher,467,13,235,221,0,11,0,0,1,3,0,0.6,,500,,,,,4,,,
CompleteGumtreeMatcher,467,13,235,221,0,11,0,0,2,3,0,0.6,,600,,,,,4,,,
CompleteGumtreeMatcher,21,9,15,1,1,4,0,0,465,3,0,0.6,,700,,,,,4,,,
CompleteGumtreeMatcher,21,9,15,1,1,4,0,0,467,3,0,0.6,,800,,,,,4,,,
CompleteGumtreeMatcher,21,9,15,1,1,4,0,0,462,3,0,0.6,,900,,,,,4,,,
CompleteGumtreeMatcher,21,9,15,1,1,4,0,0,464,3,0,0.6,,1000,,,,,4,,,
CompleteGumtreeMatcher,21,9,15,1,1,4,0,0,462,3,0,0.6,,1100,,,,,4,,,
CompleteGumtreeMatcher,21,9,15,1,1,4,0,0,465,3,0,0.6,,1200,,,,,4,,,
CompleteGumtreeMatcher,21,9,15,1,1,4,0,0,463,3,0,0.6,,1300,,,,,4,,,
CompleteGumtreeMatcher,21,9,15,1,1,4,0,0,467,3,0,0.6,,1400,,,,,4,,,
CompleteGumtreeMatcher,21,9,15,1,1,4,0,0,464,3,0,0.6,,1500,,,,,4,,,
CompleteGumtreeMatcher,21,9,15,1,1,4,0,0,465,3,0,0.6,,1600,,,,,4,,,
CompleteGumtreeMatcher,21,9,15,1,1,4,0,0,467,3,0,0.6,,1700,,,,,4,,,
CompleteGumtreeMatcher,21,9,15,1,1,4,0,0,472,3,0,0.6,,1800,,,,,4,,,
CompleteGumtreeMatcher,21,9,15,1,1,4,0,0,461,3,0,0.6,,1900,,,,,4,,,
CompleteGumtreeMatcher,21,9,15,1,1,4,0,0,472,3,0,0.6,,2000,,,,,4,,,
CompleteGumtreeMatcher,467,13,235,221,0,11,0,0,2,3,0,0.7,,100,,,,,4,,,
CompleteGumtreeMatcher,467,13,235,221,0,11,0,0,1,3,0,0.7,,200,,,,,4,,,
CompleteGumtreeMatcher,467,13,235,221,0,11,0,0,2,3,0,0.7,,300,,,,,4,,,
CompleteGumtreeMatcher,467,13,235,221,0,11,0,0,2,3,0,0.7,,400,,,,,4,,,
CompleteGumtreeMatcher,467,13,235,221,0,11,0,0,2,3,0,0.7,,500,,,,,4,,,
CompleteGumtreeMatcher,467,13,235,221,0,11,0,0,1,3,0,0.7,,600,,,,,4,,,
CompleteGumtreeMatcher,21,9,15,1,1,4,0,0,463,3,0,0.7,,700,,,,,4,,,
CompleteGumtreeMatcher,21,9,15,1,1,4,0,0,466,3,0,0.7,,800,,,,,4,,,
CompleteGumtreeMatcher,21,9,15,1,1,4,0,0,453,3,0,0.7,,900,,,,,4,,,
CompleteGumtreeMatcher,21,9,15,1,1,4,0,0,454,3,0,0.7,,1000,,,,,4,,,
CompleteGumtreeMatcher,21,9,15,1,1,4,0,0,459,3,0,0.7,,1100,,,,,4,,,
CompleteGumtreeMatcher,21,9,15,1,1,4,0,0,458,3,0,0.7,,1200,,,,,4,,,
CompleteGumtreeMatcher,21,9,15,1,1,4,0,0,453,3,0,0.7,,1300,,,,,4,,,
CompleteGumtreeMatcher,21,9,15,1,1,4,0,0,453,3,0,0.7,,1400,,,,,4,,,
CompleteGumtreeMatcher,21,9,15,1,1,4,0,0,450,3,0,0.7,,1500,,,,,4,,,
CompleteGumtreeMatcher,21,9,15,1,1,4,0,0,452,3,0,0.7,,1600,,,,,4,,,
CompleteGumtreeMatcher,21,9,15,1,1,4,0,0,449,3,0,0.7,,1700,,,,,4,,,
CompleteGumtreeMatcher,21,9,15,1,1,4,0,0,453,3,0,0.7,,1800,,,,,4,,,
CompleteGumtreeMatcher,21,9,15,1,1,4,0,0,455,3,0,0.7,,1900,,,,,4,,,
CompleteGumtreeMatcher,21,9,15,1,1,4,0,0,454,3,0,0.7,,2000,,,,,4,,,
CompleteGumtreeMatcher,467,13,235,221,0,11,0,0,1,3,0,0.799,,100,,,,,4,,,
CompleteGumtreeMatcher,467,13,235,221,0,11,0,0,2,3,0,0.799,,200,,,,,4,,,
CompleteGumtreeMatcher,467,13,235,221,0,11,0,0,2,3,0,0.799,,300,,,,,4,,,
CompleteGumtreeMatcher,467,13,235,221,0,11,0,0,2,3,0,0.799,,400,,,,,4,,,
CompleteGumtreeMatcher,467,13,235,221,0,11,0,0,2,3,0,0.799,,500,,,,,4,,,
CompleteGumtreeMatcher,467,13,235,221,0,11,0,0,2,3,0,0.799,,600,,,,,4,,,
CompleteGumtreeMatcher,21,9,15,1,1,4,0,0,457,3,0,0.799,,700,,,,,4,,,
CompleteGumtreeMatcher,21,9,15,1,1,4,0,0,459,3,0,0.799,,800,,,,,4,,,
CompleteGumtreeMatcher,21,9,15,1,1,4,0,0,457,3,0,0.799,,900,,,,,4,,,
CompleteGumtreeMatcher,21,9,15,1,1,4,0,0,456,3,0,0.799,,1000,,,,,4,,,
CompleteGumtreeMatcher,21,9,15,1,1,4,0,0,452,3,0,0.799,,1100,,,,,4,,,
CompleteGumtreeMatcher,21,9,15,1,1,4,0,0,455,3,0,0.799,,1200,,,,,4,,,
CompleteGumtreeMatcher,21,9,15,1,1,4,0,0,453,3,0,0.799,,1300,,,,,4,,,
CompleteGumtreeMatcher,21,9,15,1,1,4,0,0,456,3,0,0.799,,1400,,,,,4,,,
CompleteGumtreeMatcher,21,9,15,1,1,4,0,0,441,3,0,0.799,,1500,,,,,4,,,
CompleteGumtreeMatcher,21,9,15,1,1,4,0,0,444,3,0,0.799,,1600,,,,,4,,,
CompleteGumtreeMatcher,21,9,15,1,1,4,0,0,443,3,0,0.799,,1700,,,,,4,,,
CompleteGumtreeMatcher,21,9,15,1,1,4,0,0,443,3,0,0.799,,1800,,,,,4,,,
CompleteGumtreeMatcher,21,9,15,1,1,4,0,0,451,3,0,0.799,,1900,,,,,4,,,
CompleteGumtreeMatcher,21,9,15,1,1,4,0,0,445,3,0,0.799,,2000,,,,,4,,,
CompleteGumtreeMatcher,467,13,235,221,0,11,0,0,1,3,0,0.899,,100,,,,,4,,,
CompleteGumtreeMatcher,467,13,235,221,0,11,0,0,2,3,0,0.899,,200,,,,,4,,,
CompleteGumtreeMatcher,467,13,235,221,0,11,0,0,2,3,0,0.899,,300,,,,,4,,,
CompleteGumtreeMatcher,467,13,235,221,0,11,0,0,2,3,0,0.899,,400,,,,,4,,,
CompleteGumtreeMatcher,467,13,235,221,0,11,0,0,1,3,0,0.899,,500,,,,,4,,,
CompleteGumtreeMatcher,467,13,235,221,0,11,0,0,2,3,0,0.899,,600,,,,,4,,,
CompleteGumtreeMatcher,21,9,15,1,1,4,0,0,440,3,0,0.899,,700,,,,,4,,,
CompleteGumtreeMatcher,21,9,15,1,1,4,0,0,444,3,0,0.899,,800,,,,,4,,,
CompleteGumtreeMatcher,21,9,15,1,1,4,0,0,440,3,0,0.899,,900,,,,,4,,,
CompleteGumtreeMatcher,21,9,15,1,1,4,0,0,444,3,0,0.899,,1000,,,,,4,,,
CompleteGumtreeMatcher,21,9,15,1,1,4,0,0,447,3,0,0.899,,1100,,,,,4,,,
CompleteGumtreeMatcher,21,9,15,1,1,4,0,0,442,3,0,0.899,,1200,,,,,4,,,
CompleteGumtreeMatcher,21,9,15,1,1,4,0,0,454,3,0,0.899,,1300,,,,,4,,,
CompleteGumtreeMatcher,21,9,15,1,1,4,0,0,446,3,0,0.899,,1400,,,,,4,,,
CompleteGumtreeMatcher,21,9,15,1,1,4,0,0,444,3,0,0.899,,1500,,,,,4,,,
CompleteGumtreeMatcher,21,9,15,1,1,4,0,0,445,3,0,0.899,,1600,,,,,4,,,
CompleteGumtreeMatcher,21,9,15,1,1,4,0,0,441,3,0,0.899,,1700,,,,,4,,,
CompleteGumtreeMatcher,21,9,15,1,1,4,0,0,444,3,0,0.899,,1800,,,,,4,,,
CompleteGumtreeMatcher,21,9,15,1,1,4,0,0,441,3,0,0.899,,1900,,,,,4,,,
CompleteGumtreeMatcher,21,9,15,1,1,4,0,0,445,3,0,0.899,,2000,,,,,4,,,
CompleteGumtreeMatcher,467,13,235,221,0,11,0,0,2,3,0,0.999,,100,,,,,4,,,
CompleteGumtreeMatcher,467,13,235,221,0,11,0,0,2,3,0,0.999,,200,,,,,4,,,
CompleteGumtreeMatcher,467,13,235,221,0,11,0,0,2,3,0,0.999,,300,,,,,4,,,
CompleteGumtreeMatcher,467,13,235,221,0,11,0,0,2,3,0,0.999,,400,,,,,4,,,
CompleteGumtreeMatcher,467,13,235,221,0,11,0,0,1,3,0,0.999,,500,,,,,4,,,
CompleteGumtreeMatcher,467,13,235,221,0,11,0,0,2,3,0,0.999,,600,,,,,4,,,
CompleteGumtreeMatcher,21,9,15,1,1,4,0,0,446,3,0,0.999,,700,,,,,4,,,
CompleteGumtreeMatcher,21,9,15,1,1,4,0,0,444,3,0,0.999,,800,,,,,4,,,
CompleteGumtreeMatcher,21,9,15,1,1,4,0,0,448,3,0,0.999,,900,,,,,4,,,
CompleteGumtreeMatcher,21,9,15,1,1,4,0,0,447,3,0,0.999,,1000,,,,,4,,,
CompleteGumtreeMatcher,21,9,15,1,1,4,0,0,447,3,0,0.999,,1100,,,,,4,,,
CompleteGumtreeMatcher,21,9,15,1,1,4,0,0,448,3,0,0.999,,1200,,,,,4,,,
CompleteGumtreeMatcher,21,9,15,1,1,4,0,0,443,3,0,0.999,,1300,,,,,4,,,
CompleteGumtreeMatcher,21,9,15,1,1,4,0,0,446,3,0,0.999,,1400,,,,,4,,,
CompleteGumtreeMatcher,21,9,15,1,1,4,0,0,443,3,0,0.999,,1500,,,,,4,,,
CompleteGumtreeMatcher,21,9,15,1,1,4,0,0,457,3,0,0.999,,1600,,,,,4,,,
CompleteGumtreeMatcher,21,9,15,1,1,4,0,0,440,3,0,0.999,,1700,,,,,4,,,
CompleteGumtreeMatcher,21,9,15,1,1,4,0,0,442,3,0,0.999,,1800,,,,,4,,,
CompleteGumtreeMatcher,21,9,15,1,1,4,0,0,438,3,0,0.999,,1900,,,,,4,,,
CompleteGumtreeMatcher,21,9,15,1,1,4,0,0,444,3,0,0.999,,2000,,,,,4,,,
CompleteGumtreeMatcher,572,10,289,275,0,8,0,0,1,3,0,0.1,,100,,,,,5,,,
CompleteGumtreeMatcher,572,10,289,275,0,8,0,0,2,3,0,0.1,,200,,,,,5,,,
CompleteGumtreeMatcher,572,10,289,275,0,8,0,0,2,3,0,0.1,,300,,,,,5,,,
CompleteGumtreeMatcher,572,10,289,275,0,8,0,0,1,3,0,0.1,,400,,,,,5,,,
CompleteGumtreeMatcher,572,10,289,275,0,8,0,0,1,3,0,0.1,,500,,,,,5,,,
CompleteGumtreeMatcher,572,10,289,275,0,8,0,0,1,3,0,0.1,,600,,,,,5,,,
CompleteGumtreeMatcher,21,9,15,1,1,4,0,0,444,3,0,0.1,,700,,,,,5,,,
CompleteGumtreeMatcher,21,9,15,1,1,4,0,0,446,3,0,0.1,,800,,,,,5,,,
CompleteGumtreeMatcher,21,9,15,1,1,4,0,0,435,3,0,0.1,,900,,,,,5,,,
CompleteGumtreeMatcher,21,9,15,1,1,4,0,0,493,3,0,0.1,,1000,,,,,5,,,
CompleteGumtreeMatcher,21,9,15,1,1,4,0,0,485,3,0,0.1,,1100,,,,,5,,,
CompleteGumtreeMatcher,21,9,15,1,1,4,0,0,476,3,0,0.1,,1200,,,,,5,,,
CompleteGumtreeMatcher,21,9,15,1,1,4,0,0,473,3,0,0.1,,1300,,,,,5,,,
CompleteGumtreeMatcher,21,9,15,1,1,4,0,0,474,3,0,0.1,,1400,,,,,5,,,
CompleteGumtreeMatcher,21,9,15,1,1,4,0,0,476,3,0,0.1,,1500,,,,,5,,,
CompleteGumtreeMatcher,21,9,15,1,1,4,0,0,476,3,0,0.1,,1600,,,,,5,,,
CompleteGumtreeMatcher,21,9,15,1,1,4,0,0,475,3,0,0.1,,1700,,,,,5,,,
CompleteGumtreeMatcher,21,9,15,1,1,4,0,0,474,3,0,0.1,,1800,,,,,5,,,
CompleteGumtreeMatcher,21,9,15,1,1,4,0,0,501,3,0,0.1,,1900,,,,,5,,,
CompleteGumtreeMatcher,21,9,15,1,1,4,0,0,458,3,0,0.1,,2000,,,,,5,,,
CompleteGumtreeMatcher,572,10,289,275,0,8,0,0,1,3,0,0.2,,100,,,,,5,,,
CompleteGumtreeMatcher,572,10,289,275,0,8,0,0,1,3,0,0.2,,200,,,,,5,,,
CompleteGumtreeMatcher,572,10,289,275,0,8,0,0,2,3,0,0.2,,300,,,,,5,,,
CompleteGumtreeMatcher,572,10,289,275,0,8,0,0,1,3,0,0.2,,400,,,,,5,,,
CompleteGumtreeMatcher,572,10,289,275,0,8,0,0,2,3,0,0.2,,500,,,,,5,,,
CompleteGumtreeMatcher,572,10,289,275,0,8,0,0,2,3,0,0.2,,600,,,,,5,,,
CompleteGumtreeMatcher,21,9,15,1,1,4,0,0,452,3,0,0.2,,700,,,,,5,,,
CompleteGumtreeMatcher,21,9,15,1,1,4,0,0,449,3,0,0.2,,800,,,,,5,,,
CompleteGumtreeMatcher,21,9,15,1,1,4,0,0,455,3,0,0.2,,900,,,,,5,,,
CompleteGumtreeMatcher,21,9,15,1,1,4,0,0,456,3,0,0.2,,1000,,,,,5,,,
CompleteGumtreeMatcher,21,9,15,1,1,4,0,0,455,3,0,0.2,,1100,,,,,5,,,
CompleteGumtreeMatcher,21,9,15,1,1,4,0,0,443,3,0,0.2,,1200,,,,,5,,,
CompleteGumtreeMatcher,21,9,15,1,1,4,0,0,442,3,0,0.2,,1300,,,,,5,,,
CompleteGumtreeMatcher,21,9,15,1,1,4,0,0,443,3,0,0.2,,1400,,,,,5,,,
CompleteGumtreeMatcher,21,9,15,1,1,4,0,0,465,3,0,0.2,,1500,,,,,5,,,
CompleteGumtreeMatcher,21,9,15,1,1,4,0,0,470,3,0,0.2,,1600,,,,,5,,,
CompleteGumtreeMatcher,21,9,15,1,1,4,0,0,453,3,0,0.2,,1700,,,,,5,,,
CompleteGumtreeMatcher,21,9,15,1,1,4,0,0,454,3,0,0.2,,1800,,,,,5,,,
CompleteGumtreeMatcher,21,9,15,1,1,4,0,0,467,3,0,0.2,,1900,,,,,5,,,
CompleteGumtreeMatcher,21,9,15,1,1,4,0,0,471,3,0,0.2,,2000,,,,,5,,,
CompleteGumtreeMatcher,572,10,289,275,0,8,0,0,2,3,0,0.3,,100,,,,,5,,,
CompleteGumtreeMatcher,572,10,289,275,0,8,0,0,1,3,0,0.3,,200,,,,,5,,,
CompleteGumtreeMatcher,572,10,289,275,0,8,0,0,1,3,0,0.3,,300,,,,,5,,,
CompleteGumtreeMatcher,572,10,289,275,0,8,0,0,2,3,0,0.3,,400,,,,,5,,,
CompleteGumtreeMatcher,572,10,289,275,0,8,0,0,2,3,0,0.3,,500,,,,,5,,,
CompleteGumtreeMatcher,572,10,289,275,0,8,0,0,2,3,0,0.3,,600,,,,,5,,,
CompleteGumtreeMatcher,21,9,15,1,1,4,0,0,454,3,0,0.3,,700,,,,,5,,,
CompleteGumtreeMatcher,21,9,15,1,1,4,0,0,471,3,0,0.3,,800,,,,,5,,,
CompleteGumtreeMatcher,21,9,15,1,1,4,0,0,455,3,0,0.3,,900,,,,,5,,,
CompleteGumtreeMatcher,21,9,15,1,1,4,0,0,461,3,0,0.3,,1000,,,,,5,,,
CompleteGumtreeMatcher,21,9,15,1,1,4,0,0,459,3,0,0.3,,1100,,,,,5,,,
CompleteGumtreeMatcher,21,9,15,1,1,4,0,0,446,3,0,0.3,,1200,,,,,5,,,
CompleteGumtreeMatcher,21,9,15,1,1,4,0,0,460,3,0,0.3,,1300,,,,,5,,,
CompleteGumtreeMatcher,21,9,15,1,1,4,0,0,447,3,0,0.3,,1400,,,,,5,,,
CompleteGumtreeMatcher,21,9,15,1,1,4,0,0,460,3,0,0.3,,1500,,,,,5,,,
CompleteGumtreeMatcher,21,9,15,1,1,4,0,0,460,3,0,0.3,,1600,,,,,5,,,
CompleteGumtreeMatcher,21,9,15,1,1,4,0,0,447,3,0,0.3,,1700,,,,,5,,,
CompleteGumtreeMatcher,21,9,15,1,1,4,0,0,446,3,0,0.3,,1800,,,,,5,,,
CompleteGumtreeMatcher,21,9,15,1,1,4,0,0,447,3,0,0.3,,1900,,,,,5,,,
CompleteGumtreeMatcher,21,9,15,1,1,4,0,0,459,3,0,0.3,,2000,,,,,5,,,
CompleteGumtreeMatcher,572,10,289,275,0,8,0,0,1,3,0,0.4,,100,,,,,5,,,
CompleteGumtreeMatcher,572,10,289,275,0,8,0,0,2,3,0,0.4,,200,,,,,5,,,
CompleteGumtreeMatcher,572,10,289,275,0,8,0,0,2,3,0,0.4,,300,,,,,5,,,
CompleteGumtreeMatcher,572,10,289,275,0,8,0,0,1,3,0,0.4,,400,,,,,5,,,
CompleteGumtreeMatcher,572,10,289,275,0,8,0,0,2,3,0,0.4,,500,,,,,5,,,
CompleteGumtreeMatcher,572,10,289,275,0,8,0,0,1,3,0,0.4,,600,,,,,5,,,
CompleteGumtreeMatcher,21,9,15,1,1,4,0,0,458,3,0,0.4,,700,,,,,5,,,
CompleteGumtreeMatcher,21,9,15,1,1,4,0,0,452,3,0,0.4,,800,,,,,5,,,
CompleteGumtreeMatcher,21,9,15,1,1,4,0,0,458,3,0,0.4,,900,,,,,5,,,
CompleteGumtreeMatcher,21,9,15,1,1,4,0,0,447,3,0,0.4,,1000,,,,,5,,,
CompleteGumtreeMatcher,21,9,15,1,1,4,0,0,460,3,0,0.4,,1100,,,,,5,,,
CompleteGumtreeMatcher,21,9,15,1,1,4,0,0,459,3,0,0.4,,1200,,,,,5,,,
CompleteGumtreeMatcher,21,9,15,1,1,4,0,0,448,3,0,0.4,,1300,,,,,5,,,
CompleteGumtreeMatcher,21,9,15,1,1,4,0,0,445,3,0,0.4,,1400,,,,,5,,,
CompleteGumtreeMatcher,21,9,15,1,1,4,0,0,481,3,0,0.4,,1500,,,,,5,,,
CompleteGumtreeMatcher,21,9,15,1,1,4,0,0,495,3,0,0.4,,1600,,,,,5,,,
CompleteGumtreeMatcher,21,9,15,1,1,4,0,0,458,3,0,0.4,,1700,,,,,5,,,
CompleteGumtreeMatcher,21,9,15,1,1,4,0,0,443,3,0,0.4,,1800,,,,,5,,,
CompleteGumtreeMatcher,21,9,15,1,1,4,0,0,458,3,0,0.4,,1900,,,,,5,,,
CompleteGumtreeMatcher,21,9,15,1,1,4,0,0,448,3,0,0.4,,2000,,,,,5,,,
CompleteGumtreeMatcher,572,10,289,275,0,8,0,0,2,3,0,0.5,,100,,,,,5,,,
CompleteGumtreeMatcher,572,10,289,275,0,8,0,0,1,3,0,0.5,,200,,,,,5,,,
CompleteGumtreeMatcher,572,10,289,275,0,8,0,0,2,3,0,0.5,,300,,,,,5,,,
CompleteGumtreeMatcher,572,10,289,275,0,8,0,0,2,3,0,0.5,,400,,,,,5,,,
CompleteGumtreeMatcher,572,10,289,275,0,8,0,0,2,3,0,0.5,,500,,,,,5,,,
CompleteGumtreeMatcher,572,10,289,275,0,8,0,0,1,3,0,0.5,,600,,,,,5,,,
CompleteGumtreeMatcher,21,9,15,1,1,4,0,0,440,3,0,0.5,,700,,,,,5,,,
CompleteGumtreeMatcher,21,9,15,1,1,4,0,0,440,3,0,0.5,,800,,,,,5,,,
CompleteGumtreeMatcher,21,9,15,1,1,4,0,0,452,3,0,0.5,,900,,,,,5,,,
CompleteGumtreeMatcher,21,9,15,1,1,4,0,0,452,3,0,0.5,,1000,,,,,5,,,
CompleteGumtreeMatcher,21,9,15,1,1,4,0,0,406,3,0,0.5,,1100,,,,,5,,,
CompleteGumtreeMatcher,21,9,15,1,1,4,0,0,429,3,0,0.5,,1200,,,,,5,,,
CompleteGumtreeMatcher,21,9,15,1,1,4,0,0,453,3,0,0.5,,1300,,,,,5,,,
CompleteGumtreeMatcher,21,9,15,1,1,4,0,0,420,3,0,0.5,,1400,,,,,5,,,
CompleteGumtreeMatcher,21,9,15,1,1,4,0,0,424,3,0,0.5,,1500,,,,,5,,,
CompleteGumtreeMatcher,21,9,15,1,1,4,0,0,445,3,0,0.5,,1600,,,,,5,,,
CompleteGumtreeMatcher,21,9,15,1,1,4,0,0,424,3,0,0.5,,1700,,,,,5,,,
CompleteGumtreeMatcher,21,9,15,1,1,4,0,0,424,3,0,0.5,,1800,,,,,5,,,
CompleteGumtreeMatcher,21,9,15,1,1,4,0,0,424,3,0,0.5,,1900,,,,,5,,,
CompleteGumtreeMatcher,21,9,15,1,1,4,0,0,424,3,0,0.5,,2000,,,,,5,,,
CompleteGumtreeMatcher,572,10,289,275,0,8,0,0,12,3,0,0.6,,100,,,,,5,,,
CompleteGumtreeMatcher,572,10,289,275,0,8,0,0,1,3,0,0.6,,200,,,,,5,,,
CompleteGumtreeMatcher,572,10,289,275,0,8,0,0,2,3,0,0.6,,300,,,,,5,,,
CompleteGumtreeMatcher,572,10,289,275,0,8,0,0,1,3,0,0.6,,400,,,,,5,,,
CompleteGumtreeMatcher,572,10,289,275,0,8,0,0,2,3,0,0.6,,500,,,,,5,,,
CompleteGumtreeMatcher,572,10,289,275,0,8,0,0,2,3,0,0.6,,600,,,,,5,,,
CompleteGumtreeMatcher,21,9,15,1,1,4,0,0,425,3,0,0.6,,700,,,,,5,,,
CompleteGumtreeMatcher,21,9,15,1,1,4,0,0,428,3,0,0.6,,800,,,,,5,,,
CompleteGumtreeMatcher,21,9,15,1,1,4,0,0,431,3,0,0.6,,900,,,,,5,,,
CompleteGumtreeMatcher,21,9,15,1,1,4,0,0,432,3,0,0.6,,1000,,,,,5,,,
CompleteGumtreeMatcher,21,9,15,1,1,4,0,0,429,3,0,0.6,,1100,,,,,5,,,
CompleteGumtreeMatcher,21,9,15,1,1,4,0,0,426,3,0,0.6,,1200,,,,,5,,,
CompleteGumtreeMatcher,21,9,15,1,1,4,0,0,430,3,0,0.6,,1300,,,,,5,,,
CompleteGumtreeMatcher,21,9,15,1,1,4,0,0,428,3,0,0.6,,1400,,,,,5,,,
CompleteGumtreeMatcher,21,9,15,1,1,4,0,0,428,3,0,0.6,,1500,,,,,5,,,
CompleteGumtreeMatcher,21,9,15,1,1,4,0,0,425,3,0,0.6,,1600,,,,,5,,,
CompleteGumtreeMatcher,21,9,15,1,1,4,0,0,424,3,0,0.6,,1700,,,,,5,,,
CompleteGumtreeMatcher,21,9,15,1,1,4,0,0,427,3,0,0.6,,1800,,,,,5,,,
CompleteGumtreeMatcher,21,9,15,1,1,4,0,0,432,3,0,0.6,,1900,,,,,5,,,
CompleteGumtreeMatcher,21,9,15,1,1,4,0,0,433,3,0,0.6,,2000,,,,,5,,,
CompleteGumtreeMatcher,572,10,289,275,0,8,0,0,2,3,0,0.7,,100,,,,,5,,,
CompleteGumtreeMatcher,572,10,289,275,0,8,0,0,2,3,0,0.7,,200,,,,,5,,,
CompleteGumtreeMatcher,572,10,289,275,0,8,0,0,1,3,0,0.7,,300,,,,,5,,,
CompleteGumtreeMatcher,572,10,289,275,0,8,0,0,2,3,0,0.7,,400,,,,,5,,,
CompleteGumtreeMatcher,572,10,289,275,0,8,0,0,1,3,0,0.7,,500,,,,,5,,,
CompleteGumtreeMatcher,572,10,289,275,0,8,0,0,2,3,0,0.7,,600,,,,,5,,,
CompleteGumtreeMatcher,21,9,15,1,1,4,0,0,424,3,0,0.7,,700,,,,,5,,,
CompleteGumtreeMatcher,21,9,15,1,1,4,0,0,423,3,0,0.7,,800,,,,,5,,,
CompleteGumtreeMatcher,21,9,15,1,1,4,0,0,432,3,0,0.7,,900,,,,,5,,,
CompleteGumtreeMatcher,21,9,15,1,1,4,0,0,424,3,0,0.7,,1000,,,,,5,,,
CompleteGumtreeMatcher,21,9,15,1,1,4,0,0,432,3,0,0.7,,1100,,,,,5,,,
CompleteGumtreeMatcher,21,9,15,1,1,4,0,0,424,3,0,0.7,,1200,,,,,5,,,
CompleteGumtreeMatcher,21,9,15,1,1,4,0,0,436,3,0,0.7,,1300,,,,,5,,,
CompleteGumtreeMatcher,21,9,15,1,1,4,0,0,436,3,0,0.7,,1400,,,,,5,,,
CompleteGumtreeMatcher,21,9,15,1,1,4,0,0,439,3,0,0.7,,1500,,,,,5,,,
CompleteGumtreeMatcher,21,9,15,1,1,4,0,0,438,3,0,0.7,,1600,,,,,5,,,
CompleteGumtreeMatcher,21,9,15,1,1,4,0,0,432,3,0,0.7,,1700,,,,,5,,,
CompleteGumtreeMatcher,21,9,15,1,1,4,0,0,431,3,0,0.7,,1800,,,,,5,,,
CompleteGumtreeMatcher,21,9,15,1,1,4,0,0,432,3,0,0.7,,1900,,,,,5,,,
CompleteGumtreeMatcher,21,9,15,1,1,4,0,0,433,3,0,0.7,,2000,,,,,5,,,
CompleteGumtreeMatcher,572,10,289,275,0,8,0,0,2,3,0,0.799,,100,,,,,5,,,
CompleteGumtreeMatcher,572,10,289,275,0,8,0,0,1,3,0,0.799,,200,,,,,5,,,
CompleteGumtreeMatcher,572,10,289,275,0,8,0,0,2,3,0,0.799,,300,,,,,5,,,
CompleteGumtreeMatcher,572,10,289,275,0,8,0,0,1,3,0,0.799,,400,,,,,5,,,
CompleteGumtreeMatcher,572,10,289,275,0,8,0,0,2,3,0,0.799,,500,,,,,5,,,
CompleteGumtreeMatcher,572,10,289,275,0,8,0,0,1,3,0,0.799,,600,,,,,5,,,
CompleteGumtreeMatcher,21,9,15,1,1,4,0,0,432,3,0,0.799,,700,,,,,5,,,
CompleteGumtreeMatcher,21,9,15,1,1,4,0,0,431,3,0,0.799,,800,,,,,5,,,
CompleteGumtreeMatcher,21,9,15,1,1,4,0,0,427,3,0,0.799,,900,,,,,5,,,
CompleteGumtreeMatcher,21,9,15,1,1,4,0,0,431,3,0,0.799,,1000,,,,,5,,,
CompleteGumtreeMatcher,21,9,15,1,1,4,0,0,434,3,0,0.799,,1100,,,,,5,,,
CompleteGumtreeMatcher,21,9,15,1,1,4,0,0,436,3,0,0.799,,1200,,,,,5,,,
CompleteGumtreeMatcher,21,9,15,1,1,4,0,0,431,3,0,0.799,,1300,,,,,5,,,
CompleteGumtreeMatcher,21,9,15,1,1,4,0,0,429,3,0,0.799,,1400,,,,,5,,,
CompleteGumtreeMatcher,21,9,15,1,1,4,0,0,428,3,0,0.799,,1500,,,,,5,,,
CompleteGumtreeMatcher,21,9,15,1,1,4,0,0,429,3,0,0.799,,1600,,,,,5,,,
CompleteGumtreeMatcher,21,9,15,1,1,4,0,0,430,3,0,0.799,,1700,,,,,5,,,
CompleteGumtreeMatcher,21,9,15,1,1,4,0,0,428,3,0,0.799,,1800,,,,,5,,,
CompleteGumtreeMatcher,21,9,15,1,1,4,0,0,449,3,0,0.799,,1900,,,,,5,,,
CompleteGumtreeMatcher,21,9,15,1,1,4,0,0,452,3,0,0.799,,2000,,,,,5,,,
CompleteGumtreeMatcher,572,10,289,275,0,8,0,0,2,3,0,0.899,,100,,,,,5,,,
CompleteGumtreeMatcher,572,10,289,275,0,8,0,0,1,3,0,0.899,,200,,,,,5,,,
CompleteGumtreeMatcher,572,10,289,275,0,8,0,0,2,3,0,0.899,,300,,,,,5,,,
CompleteGumtreeMatcher,572,10,289,275,0,8,0,0,1,3,0,0.899,,400,,,,,5,,,
CompleteGumtreeMatcher,572,10,289,275,0,8,0,0,2,3,0,0.899,,500,,,,,5,,,
CompleteGumtreeMatcher,572,10,289,275,0,8,0,0,2,3,0,0.899,,600,,,,,5,,,
CompleteGumtreeMatcher,21,9,15,1,1,4,0,0,448,3,0,0.899,,700,,,,,5,,,
CompleteGumtreeMatcher,21,9,15,1,1,4,0,0,458,3,0,0.899,,800,,,,,5,,,
CompleteGumtreeMatcher,21,9,15,1,1,4,0,0,449,3,0,0.899,,900,,,,,5,,,
CompleteGumtreeMatcher,21,9,15,1,1,4,0,0,449,3,0,0.899,,1000,,,,,5,,,
CompleteGumtreeMatcher,21,9,15,1,1,4,0,0,449,3,0,0.899,,1100,,,,,5,,,
CompleteGumtreeMatcher,21,9,15,1,1,4,0,0,449,3,0,0.899,,1200,,,,,5,,,
CompleteGumtreeMatcher,21,9,15,1,1,4,0,0,450,3,0,0.899,,1300,,,,,5,,,
CompleteGumtreeMatcher,21,9,15,1,1,4,0,0,448,3,0,0.899,,1400,,,,,5,,,
CompleteGumtreeMatcher,21,9,15,1,1,4,0,0,428,3,0,0.899,,1500,,,,,5,,,
CompleteGumtreeMatcher,21,9,15,1,1,4,0,0,433,3,0,0.899,,1600,,,,,5,,,
CompleteGumtreeMatcher,21,9,15,1,1,4,0,0,436,3,0,0.899,,1700,,,,,5,,,
CompleteGumtreeMatcher,21,9,15,1,1,4,0,0,437,3,0,0.899,,1800,,,,,5,,,
CompleteGumtreeMatcher,21,9,15,1,1,4,0,0,429,3,0,0.899,,1900,,,,,5,,,
CompleteGumtreeMatcher,21,9,15,1,1,4,0,0,430,3,0,0.899,,2000,,,,,5,,,
CompleteGumtreeMatcher,572,10,289,275,0,8,0,0,1,3,0,0.999,,100,,,,,5,,,
CompleteGumtreeMatcher,572,10,289,275,0,8,0,0,2,3,0,0.999,,200,,,,,5,,,
CompleteGumtreeMatcher,572,10,289,275,0,8,0,0,2,3,0,0.999,,300,,,,,5,,,
CompleteGumtreeMatcher,572,10,289,275,0,8,0,0,1,3,0,0.999,,400,,,,,5,,,
CompleteGumtreeMatcher,572,10,289,275,0,8,0,0,2,3,0,0.999,,500,,,,,5,,,
CompleteGumtreeMatcher,572,10,289,275,0,8,0,0,1,3,0,0.999,,600,,,,,5,,,
CompleteGumtreeMatcher,21,9,15,1,1,4,0,0,431,3,0,0.999,,700,,,,,5,,,
CompleteGumtreeMatcher,21,9,15,1,1,4,0,0,431,3,0,0.999,,800,,,,,5,,,
CompleteGumtreeMatcher,21,9,15,1,1,4,0,0,430,3,0,0.999,,900,,,,,5,,,
CompleteGumtreeMatcher,21,9,15,1,1,4,0,0,429,3,0,0.999,,1000,,,,,5,,,
CompleteGumtreeMatcher,21,9,15,1,1,4,0,0,413,3,0,0.999,,1100,,,,,5,,,
CompleteGumtreeMatcher,21,9,15,1,1,4,0,0,446,3,0,0.999,,1200,,,,,5,,,
CompleteGumtreeMatcher,21,9,15,1,1,4,0,0,445,3,0,0.999,,1300,,,,,5,,,
CompleteGumtreeMatcher,21,9,15,1,1,4,0,0,451,3,0,0.999,,1400,,,,,5,,,
CompleteGumtreeMatcher,21,9,15,1,1,4,0,0,437,3,0,0.999,,1500,,,,,5,,,
CompleteGumtreeMatcher,21,9,15,1,1,4,0,0,443,3,0,0.999,,1600,,,,,5,,,
CompleteGumtreeMatcher,21,9,15,1,1,4,0,0,427,3,0,0.999,,1700,,,,,5,,,
CompleteGumtreeMatcher,21,9,15,1,1,4,0,0,425,3,0,0.999,,1800,,,,,5,,,
CompleteGumtreeMatcher,21,9,15,1,1,4,0,0,416,3,0,0.999,,1900,,,,,5,,,
CompleteGumtreeMatcher,21,9,15,1,1,4,0,0,431,3,0,0.999,,2000,,,,,5,,,
ChangeDistiller,642,534,110,96,228,208,0,0,2836,4,0,,,,0.1,2,0.2,0.1,,,,
ChangeDistiller,639,531,109,95,228,207,0,0,2829,4,0,,,,0.1,4,0.2,0.1,,,,
ChangeDistiller,630,534,107,93,226,204,0,0,2752,4,0,,,,0.1,6,0.2,0.1,,,,
ChangeDistiller,658,536,119,105,225,209,0,0,2864,4,0,,,,0.1,2,0.2,0.3,,,,
ChangeDistiller,660,526,126,112,218,204,0,0,2918,4,0,,,,0.1,4,0.2,0.3,,,,
ChangeDistiller,665,527,129,115,216,205,0,0,2960,4,0,,,,0.1,6,0.2,0.3,,,,
ChangeDistiller,677,544,129,115,220,213,0,0,2864,4,0,,,,0.1,2,0.2,0.5,,,,
ChangeDistiller,698,540,147,133,207,211,0,0,3020,4,0,,,,0.1,4,0.2,0.5,,,,
ChangeDistiller,725,544,157,143,205,220,0,0,3045,4,0,,,,0.1,6,0.2,0.5,,,,
ChangeDistiller,748,599,158,144,214,232,0,0,2821,4,0,,,,0.1,2,0.2,0.7,,,,
ChangeDistiller,827,609,198,184,199,246,0,0,2780,4,0,,,,0.1,4,0.2,0.7,,,,
ChangeDistiller,860,604,211,197,197,255,0,0,2781,4,0,,,,0.1,6,0.2,0.7,,,,
ChangeDistiller,751,602,159,145,214,233,0,0,2750,4,0,,,,0.1,2,0.2,0.899,,,,
ChangeDistiller,833,615,200,186,199,248,0,0,2756,4,0,,,,0.1,4,0.2,0.899,,,,
ChangeDistiller,872,614,214,200,197,261,0,0,2790,4,0,,,,0.1,6,0.2,0.899,,,,
ChangeDistiller,697,545,136,122,219,220,0,0,2748,4,0,,,,0.1,2,0.4,0.1,,,,
ChangeDistiller,661,529,117,103,226,215,0,0,2777,4,0,,,,0.1,4,0.4,0.1,,,,
ChangeDistiller,642,534,109,95,226,212,0,0,2744,4,0,,,,0.1,6,0.4,0.1,,,,
ChangeDistiller,686,523,138,124,213,211,0,0,2780,4,0,,,,0.1,2,0.4,0.3,,,,
ChangeDistiller,676,520,132,118,216,210,0,0,2741,4,0,,,,0.1,4,0.4,0.3,,,,
ChangeDistiller,669,517,130,116,216,207,0,0,2777,4,0,,,,0.1,6,0.4,0.3,,,,
ChangeDistiller,709,517,152,138,205,214,0,0,2693,4,0,,,,0.1,2,0.4,0.5,,,,
ChangeDistiller,716,518,155,141,205,215,0,0,2701,4,0,,,,0.1,4,0.4,0.5,,,,
ChangeDistiller,730,522,160,146,205,219,0,0,2777,4,0,,,,0.1,6,0.4,0.5,,,,
ChangeDistiller,811,546,195,181,198,237,0,0,2696,4,0,,,,0.1,2,0.4,0.7,,,,
ChangeDistiller,864,561,213,199,197,255,0,0,2780,4,0,,,,0.1,4,0.4,0.7,,,,
ChangeDistiller,881,562,219,205,197,260,0,0,2780,4,0,,,,0.1,6,0.4,0.7,,,,
ChangeDistiller,814,549,196,182,198,238,0,0,2693,4,0,,,,0.1,2,0.4,0.899,,,,
ChangeDistiller,870,567,215,201,197,257,0,0,2695,4,0,,,,0.1,4,0.4,0.899,,,,
ChangeDistiller,893,572,222,208,197,266,0,0,2795,4,0,,,,0.1,6,0.4,0.899,,,,
ChangeDistiller,808,543,171,157,219,261,0,0,2684,4,0,,,,0.1,2,0.6,0.1,,,,
ChangeDistiller,757,545,143,129,226,259,0,0,2730,4,0,,,,0.1,4,0.6,0.1,,,,
ChangeDistiller,700,549,126,112,226,236,0,0,2684,4,0,,,,0.1,6,0.6,0.1,,,,
ChangeDistiller,817,530,180,166,213,258,0,0,2777,4,0,,,,0.1,2,0.6,0.3,,,,
ChangeDistiller,771,520,159,145,216,251,0,0,2775,4,0,,,,0.1,4,0.6,0.3,,,,
ChangeDistiller,727,523,147,133,216,231,0,0,2688,4,0,,,,0.1,6,0.6,0.3,,,,
ChangeDistiller,836,520,193,179,205,259,0,0,2777,4,0,,,,0.1,2,0.6,0.5,,,,
ChangeDistiller,801,511,179,165,205,252,0,0,2777,4,0,,,,0.1,4,0.6,0.5,,,,
ChangeDistiller,794,510,177,163,205,249,0,0,2725,4,0,,,,0.1,6,0.6,0.5,,,,
ChangeDistiller,919,523,232,218,198,271,0,0,2763,4,0,,,,0.1,2,0.6,0.7,,,,
ChangeDistiller,925,519,235,221,197,272,0,0,2683,4,0,,,,0.1,4,0.6,0.7,,,,
ChangeDistiller,928,520,236,222,197,273,0,0,2683,4,0,,,,0.1,6,0.6,0.7,,,,
ChangeDistiller,921,523,233,219,198,271,0,0,2688,4,0,,,,0.1,2,0.6,0.899,,,,
ChangeDistiller,929,519,237,223,197,272,0,0,2681,4,0,,,,0.1,4,0.6,0.899,,,,
ChangeDistiller,938,524,239,225,197,277,0,0,2685,4,0,,,,0.1,6,0.6,0.899,,,,
ChangeDistiller,858,513,190,165,218,285,0,0,2680,4,0,,,,0.1,2,0.8,0.1,,,,
ChangeDistiller,771,515,150,119,226,276,0,0,2683,4,0,,,,0.1,4,0.8,0.1,,,,
ChangeDistiller,708,523,132,81,226,269,0,0,2681,4,0,,,,0.1,6,0.8,0.1,,,,
ChangeDistiller,872,502,199,179,212,282,0,0,2681,4,0,,,,0.1,2,0.8,0.3,,,,
ChangeDistiller,794,494,166,144,216,268,0,0,2677,4,0,,,,0.1,4,0.8,0.3,,,,
ChangeDistiller,747,495,153,118,216,260,0,0,2677,4,0,,,,0.1,6,0.8,0.3,,,,
ChangeDistiller,892,491,211,195,204,282,0,0,2684,4,0,,,,0.1,2,0.8,0.5,,,,
ChangeDistiller,825,483,186,165,205,269,0,0,2690,4,0,,,,0.1,4,0.8,0.5,,,,
ChangeDistiller,804,480,181,156,205,262,0,0,2683,4,0,,,,0.1,6,0.8,0.5,,,,
ChangeDistiller,948,482,241,227,197,283,0,0,2667,4,0,,,,0.1,2,0.8,0.7,,,,
ChangeDistiller,948,482,241,227,197,283,0,0,2668,4,0,,,,0.1,4,0.8,0.7,,,,
ChangeDistiller,942,480,240,225,197,280,0,0,2677,4,0,,,,0.1,6,0.8,0.7,,,,
ChangeDistiller,950,482,242,228,197,283,0,0,2663,4,0,,,,0.1,2,0.8,0.899,,,,
ChangeDistiller,952,482,243,229,197,283,0,0,2663,4,0,,,,0.1,4,0.8,0.899,,,,
ChangeDistiller,952,482,243,229,197,283,0,0,2664,4,0,,,,0.1,6,0.8,0.899,,,,
ChangeDistiller,863,514,192,167,218,286,0,0,2693,4,0,,,,0.1,2,1.0,0.1,,,,
ChangeDistiller,786,520,155,124,226,281,0,0,2682,4,0,,,,0.1,4,1.0,0.1,,,,
ChangeDistiller,723,528,137,86,226,274,0,0,2688,4,0,,,,0.1,6,1.0,0.1,,,,
ChangeDistiller,877,503,201,181,212,283,0,0,2679,4,0,,,,0.1,2,1.0,0.3,,,,
ChangeDistiller,809,499,171,149,216,273,0,0,2690,4,0,,,,0.1,4,1.0,0.3,,,,
ChangeDistiller,762,500,158,123,216,265,0,0,2675,4,0,,,,0.1,6,1.0,0.3,,,,
ChangeDistiller,897,492,213,197,204,283,0,0,2677,4,0,,,,0.1,2,1.0,0.5,,,,
ChangeDistiller,841,487,191,171,205,274,0,0,2686,4,0,,,,0.1,4,1.0,0.5,,,,
ChangeDistiller,820,484,186,162,205,267,0,0,2676,4,0,,,,0.1,6,1.0,0.5,,,,
ChangeDistiller,950,482,242,228,197,283,0,0,2679,4,0,,,,0.1,2,1.0,0.7,,,,
ChangeDistiller,948,482,241,227,197,283,0,0,2674,4,0,,,,0.1,4,1.0,0.7,,,,
ChangeDistiller,942,480,240,225,197,280,0,0,2673,4,0,,,,0.1,6,1.0,0.7,,,,
ChangeDistiller,952,482,243,229,197,283,0,0,2682,4,0,,,,0.1,2,1.0,0.899,,,,
ChangeDistiller,952,482,243,229,197,283,0,0,2663,4,0,,,,0.1,4,1.0,0.899,,,,
ChangeDistiller,952,482,243,229,197,283,0,0,2674,4,0,,,,0.1,6,1.0,0.899,,,,
ChangeDistiller,337,294,57,43,124,113,0,0,1762,4,0,,,,0.3,2,0.2,0.1,,,,
ChangeDistiller,339,296,56,42,125,116,0,0,1762,4,0,,,,0.3,4,0.2,0.1,,,,
ChangeDistiller,338,297,55,41,125,117,0,0,1768,4,0,,,,0.3,6,0.2,0.1,,,,
ChangeDistiller,343,292,61,47,123,112,0,0,1762,4,0,,,,0.3,2,0.2,0.3,,,,
ChangeDistiller,351,298,64,50,123,114,0,0,1758,4,0,,,,0.3,4,0.2,0.3,,,,
ChangeDistiller,351,298,64,50,123,114,0,0,1756,4,0,,,,0.3,6,0.2,0.3,,,,
ChangeDistiller,377,307,74,60,121,122,0,0,1757,4,0,,,,0.3,2,0.2,0.5,,,,
ChangeDistiller,407,325,86,72,119,130,0,0,1764,4,0,,,,0.3,4,0.2,0.5,,,,
ChangeDistiller,419,325,90,76,119,134,0,0,1757,4,0,,,,0.3,6,0.2,0.5,,,,
ChangeDistiller,454,375,97,83,122,152,0,0,1761,4,0,,,,0.3,2,0.2,0.7,,,,
ChangeDistiller,516,395,125,111,114,166,0,0,1766,4,0,,,,0.3,4,0.2,0.7,,,,
ChangeDistiller,565,414,138,124,114,189,0,0,1768,4,0,,,,0.3,6,0.2,0.7,,,,
ChangeDistiller,457,378,98,84,122,153,0,0,1770,4,0,,,,0.3,2,0.2,0.899,,,,
ChangeDistiller,551,428,135,121,114,181,0,0,1761,4,0,,,,0.3,4,0.2,0.899,,,,
ChangeDistiller,605,444,151,137,114,203,0,0,1768,4,0,,,,0.3,6,0.2,0.899,,,,
ChangeDistiller,372,311,69,55,123,125,0,0,1762,4,0,,,,0.3,2,0.4,0.1,,,,
ChangeDistiller,349,299,58,44,125,122,0,0,1762,4,0,,,,0.3,4,0.4,0.1,,,,
ChangeDistiller,348,301,57,43,125,123,0,0,1769,4,0,,,,0.3,6,0.4,0.1,,,,
ChangeDistiller,378,309,73,59,122,124,0,0,1762,4,0,,,,0.3,2,0.4,0.3,,,,
ChangeDistiller,371,304,70,56,123,122,0,0,1759,4,0,,,,0.3,4,0.4,0.3,,,,
ChangeDistiller,368,303,69,55,123,121,0,0,1767,4,0,,,,0.3,6,0.4,0.3,,,,
ChangeDistiller,409,321,86,72,119,132,0,0,1768,4,0,,,,0.3,2,0.4,0.5,,,,
ChangeDistiller,430,324,94,80,119,137,0,0,1760,4,0,,,,0.3,4,0.4,0.5,,,,
ChangeDistiller,444,322,97,83,119,145,0,0,1772,4,0,,,,0.3,6,0.4,0.5,,,,
ChangeDistiller,474,363,109,95,117,153,0,0,1771,4,0,,,,0.3,2,0.4,0.7,,,,
ChangeDistiller,546,383,135,121,114,176,0,0,1758,4,0,,,,0.3,4,0.4,0.7,,,,
ChangeDistiller,585,400,145,131,114,195,0,0,1758,4,0,,,,0.3,6,0.4,0.7,,,,
ChangeDistiller,477,366,110,96,117,154,0,0,1757,4,0,,,,0.3,2,0.4,0.899,,,,
ChangeDistiller,585,414,147,133,114,191,0,0,1766,4,0,,,,0.3,4,0.4,0.899,,,,
ChangeDistiller,626,429,158,144,114,210,0,0,1762,4,0,,,,0.3,6,0.4,0.899,,,,
ChangeDistiller,441,351,85,71,125,160,0,0,1767,4,0,,,,0.3,2,0.6,0.1,,,,
ChangeDistiller,386,322,66,52,126,142,0,0,1767,4,0,,,,0.3,4,0.6,0.1,,,,
ChangeDistiller,363,306,61,47,125,130,0,0,1760,4,0,,,,0.3,6,0.6,0.1,,,,
ChangeDistiller,455,348,93,79,122,161,0,0,1772,4,0,,,,0.3,2,0.6,0.3,,,,
ChangeDistiller,406,321,78,64,123,141,0,0,1764,4,0,,,,0.3,4,0.6,0.3,,,,
ChangeDistiller,377,306,70,56,123,128,0,0,1759,4,0,,,,0.3,6,0.6,0.3,,,,
ChangeDistiller,496,340,111,97,119,169,0,0,1760,4,0,,,,0.3,2,0.6,0.5,,,,
ChangeDistiller,477,327,105,91,119,162,0,0,1760,4,0,,,,0.3,4,0.6,0.5,,,,
ChangeDistiller,461,323,100,86,119,156,0,0,1767,4,0,,,,0.3,6,0.6,0.5,,,,
ChangeDistiller,564,373,139,125,115,185,0,0,1759,4,0,,,,0.3,2,0.6,0.7,,,,
ChangeDistiller,584,383,145,131,114,194,0,0,1766,4,0,,,,0.3,4,0.6,0.7,,,,
ChangeDistiller,607,388,152,138,114,203,0,0,1766,4,0,,,,0.3,6,0.6,0.7,,,,
ChangeDistiller,567,376,140,126,115,186,0,0,1758,4,0,,,,0.3,2,0.6,0.899,,,,
ChangeDistiller,619,410,156,142,114,207,0,0,1773,4,0,,,,0.3,4,0.6,0.899,,,,
ChangeDistiller,657,396,167,153,114,223,0,0,1769,4,0,,,,0.3,6,0.6,0.899,,,,
ChangeDistiller,610,384,134,106,126,244,0,0,1758,4,0,,,,0.3,2,0.8,0.1,,,,
ChangeDistiller,515,384,96,82,126,211,0,0,1757,4,0,,,,0.3,4,0.8,0.1,,,,
ChangeDistiller,439,345,78,64,125,172,0,0,1755,4,0,,,,0.3,6,0.8,0.1,,,,
ChangeDistiller,612,372,138,114,122,238,0,0,1769,4,0,,,,0.3,2,0.8,0.3,,,,
ChangeDistiller,522,370,105,91,123,203,0,0,1760,4,0,,,,0.3,4,0.8,0.3,,,,
ChangeDistiller,461,345,88,74,123,176,0,0,1769,4,0,,,,0.3,6,0.8,0.3,,,,
ChangeDistiller,641,358,151,136,118,236,0,0,1770,4,0,,,,0.3,2,0.8,0.5,,,,
ChangeDistiller,566,359,127,113,119,207,0,0,1762,4,0,,,,0.3,4,0.8,0.5,,,,
ChangeDistiller,529,350,116,102,119,192,0,0,1772,4,0,,,,0.3,6,0.8,0.5,,,,
ChangeDistiller,692,360,177,159,114,242,0,0,1767,4,0,,,,0.3,2,0.8,0.7,,,,
ChangeDistiller,674,356,170,152,114,238,0,0,1762,4,0,,,,0.3,4,0.8,0.7,,,,
ChangeDistiller,669,357,168,149,114,238,0,0,1761,4,0,,,,0.3,6,0.8,0.7,,,,
ChangeDistiller,694,360,178,160,114,242,0,0,1762,4,0,,,,0.3,2,0.8,0.899,,,,
ChangeDistiller,700,364,180,161,114,245,0,0,1768,4,0,,,,0.3,4,0.8,0.899,,,,
ChangeDistiller,703,363,181,163,114,245,0,0,1760,4,0,,,,0.3,6,0.8,0.899,,,,
ChangeDistiller,640,393,143,117,127,253,0,0,1765,4,0,,,,0.3,2,1.0,0.1,,,,
ChangeDistiller,546,377,107,77,126,236,0,0,1765,4,0,,,,0.3,4,1.0,0.1,,,,
ChangeDistiller,485,357,90,57,125,213,0,0,1760,4,0,,,,0.3,6,1.0,0.1,,,,
ChangeDistiller,647,385,149,125,122,251,0,0,1773,4,0,,,,0.3,2,1.0,0.3,,,,
ChangeDistiller,555,366,116,87,123,229,0,0,1768,4,0,,,,0.3,4,1.0,0.3,,,,
ChangeDistiller,493,351,99,62,123,209,0,0,1757,4,0,,,,0.3,6,1.0,0.3,,,,
ChangeDistiller,676,371,162,147,118,249,0,0,1758,4,0,,,,0.3,2,1.0,0.5,,,,
ChangeDistiller,605,358,138,116,119,232,0,0,1761,4,0,,,,0.3,4,1.0,0.5,,,,
ChangeDistiller,554,350,125,92,119,218,0,0,1769,4,0,,,,0.3,6,1.0,0.5,,,,
ChangeDistiller,719,365,185,171,114,249,0,0,1763,4,0,,,,0.3,2,1.0,0.7,,,,
ChangeDistiller,695,359,176,162,114,243,0,0,1770,4,0,,,,0.3,4,1.0,0.7,,,,
ChangeDistiller,687,359,173,158,114,242,0,0,1772,4,0,,,,0.3,6,1.0,0.7,,,,
ChangeDistiller,721,365,186,172,114,249,0,0,1763,4,0,,,,0.3,2,1.0,0.899,,,,
ChangeDistiller,721,365,186,172,114,249,0,0,1773,4,0,,,,0.3,4,1.0,0.899,,,,
ChangeDistiller,721,365,186,172,114,249,0,0,1767,4,0,,,,0.3,6,1.0,0.899,,,,
ChangeDistiller,260,229,46,32,94,88,0,0,1545,4,0,,,,0.5,2,0.2,0.1,,,,
ChangeDistiller,260,229,45,31,95,89,0,0,1549,4,0,,,,0.5,4,0.2,0.1,,,,
ChangeDistiller,260,229,45,31,95,89,0,0,1544,4,0,,,,0.5,6,0.2,0.1,,,,
ChangeDistiller,266,227,50,36,93,87,0,0,1552,4,0,,,,0.5,2,0.2,0.3,,,,
ChangeDistiller,266,227,50,36,93,87,0,0,1545,4,0,,,,0.5,4,0.2,0.3,,,,
ChangeDistiller,266,227,50,36,93,87,0,0,1560,4,0,,,,0.5,6,0.2,0.3,,,,
ChangeDistiller,305,248,62,48,94,101,0,0,1560,4,0,,,,0.5,2,0.2,0.5,,,,
ChangeDistiller,320,252,68,54,93,105,0,0,1553,4,0,,,,0.5,4,0.2,0.5,,,,
ChangeDistiller,326,252,70,56,93,107,0,0,1564,4,0,,,,0.5,6,0.2,0.5,,,,
ChangeDistiller,390,324,87,73,95,135,0,0,1560,4,0,,,,0.5,2,0.2,0.7,,,,
ChangeDistiller,469,354,117,103,90,159,0,0,1557,4,0,,,,0.5,4,0.2,0.7,,,,
ChangeDistiller,513,368,130,116,90,177,0,0,1555,4,0,,,,0.5,6,0.2,0.7,,,,
ChangeDistiller,393,327,88,74,95,136,0,0,1553,4,0,,,,0.5,2,0.2,0.899,,,,
ChangeDistiller,496,377,125,111,90,170,0,0,1561,4,0,,,,0.5,4,0.2,0.899,,,,
ChangeDistiller,554,399,142,128,90,194,0,0,1555,4,0,,,,0.5,6,0.2,0.899,,,,
ChangeDistiller,264,231,47,33,94,90,0,0,1555,4,0,,,,0.5,2,0.4,0.1,,,,
ChangeDistiller,264,231,46,32,95,91,0,0,1556,4,0,,,,0.5,4,0.4,0.1,,,,
ChangeDistiller,264,231,46,32,95,91,0,0,1545,4,0,,,,0.5,6,0.4,0.1,,,,
ChangeDistiller,270,229,51,37,93,89,0,0,1562,4,0,,,,0.5,2,0.4,0.3,,,,
ChangeDistiller,270,229,51,37,93,89,0,0,1559,4,0,,,,0.5,4,0.4,0.3,,,,
ChangeDistiller,270,229,51,37,93,89,0,0,1546,4,0,,,,0.5,6,0.4,0.3,,,,
ChangeDistiller,306,248,63,49,93,101,0,0,1544,4,0,,,,0.5,2,0.4,0.5,,,,
ChangeDistiller,328,250,71,57,93,107,0,0,1546,4,0,,,,0.5,4,0.4,0.5,,,,
ChangeDistiller,332,252,72,58,93,109,0,0,1559,4,0,,,,0.5,6,0.4,0.5,,,,
ChangeDistiller,385,306,91,77,91,126,0,0,1547,4,0,,,,0.5,2,0.4,0.7,,,,
ChangeDistiller,480,339,123,109,90,158,0,0,1557,4,0,,,,0.5,4,0.4,0.7,,,,
ChangeDistiller,515,354,133,119,90,173,0,0,1548,4,0,,,,0.5,6,0.4,0.7,,,,
ChangeDistiller,388,309,92,78,91,127,0,0,1555,4,0,,,,0.5,2,0.4,0.899,,,,
ChangeDistiller,511,360,133,119,90,169,0,0,1562,4,0,,,,0.5,4,0.4,0.899,,,,
ChangeDistiller,558,387,145,131,90,192,0,0,1558,4,0,,,,0.5,6,0.4,0.899,,,,
ChangeDistiller,308,259,59,45,95,109,0,0,1544,4,0,,,,0.5,2,0.6,0.1,,,,
ChangeDistiller,276,241,48,34,95,99,0,0,1545,4,0,,,,0.5,4,0.6,0.1,,,,
ChangeDistiller,271,236,47,33,95,96,0,0,1544,4,0,,,,0.5,6,0.6,0.1,,,,
ChangeDistiller,324,259,67,53,93,111,0,0,1552,4,0,,,,0.5,2,0.6,0.3,,,,
ChangeDistiller,291,242,56,42,93,100,0,0,1545,4,0,,,,0.5,4,0.6,0.3,,,,
ChangeDistiller,277,234,52,38,93,94,0,0,1551,4,0,,,,0.5,6,0.6,0.3,,,,
ChangeDistiller,366,264,83,69,93,121,0,0,1550,4,0,,,,0.5,2,0.6,0.5,,,,
ChangeDistiller,348,252,77,63,93,115,0,0,1554,4,0,,,,0.5,4,0.6,0.5,,,,
ChangeDistiller,341,253,74,60,93,114,0,0,1554,4,0,,,,0.5,6,0.6,0.5,,,,
ChangeDistiller,459,316,117,103,91,148,0,0,1558,4,0,,,,0.5,2,0.6,0.7,,,,
ChangeDistiller,512,336,134,120,90,168,0,0,1566,4,0,,,,0.5,4,0.6,0.7,,,,
ChangeDistiller,542,339,142,128,90,182,0,0,1566,4,0,,,,0.5,6,0.6,0.7,,,,
ChangeDistiller,462,319,118,104,91,149,0,0,1566,4,0,,,,0.5,2,0.6,0.899,,,,
ChangeDistiller,547,351,144,130,90,183,0,0,1575,4,0,,,,0.5,4,0.6,0.899,,,,
ChangeDistiller,584,369,154,140,90,200,0,0,1567,4,0,,,,0.5,6,0.6,0.899,,,,
ChangeDistiller,524,361,115,101,97,211,0,0,1585,4,0,,,,0.5,2,0.8,0.1,,,,
ChangeDistiller,404,316,78,64,95,167,0,0,1576,4,0,,,,0.5,4,0.8,0.1,,,,
ChangeDistiller,336,278,63,49,95,129,0,0,1583,4,0,,,,0.5,6,0.8,0.1,,,,
ChangeDistiller,527,351,121,107,92,207,0,0,1582,4,0,,,,0.5,2,0.8,0.3,,,,
ChangeDistiller,417,319,83,69,93,172,0,0,1585,4,0,,,,0.5,4,0.8,0.3,,,,
ChangeDistiller,356,280,69,55,93,139,0,0,1554,4,0,,,,0.5,6,0.8,0.3,,,,
ChangeDistiller,564,315,135,119,92,218,0,0,1556,4,0,,,,0.5,2,0.8,0.5,,,,
ChangeDistiller,459,308,101,87,93,178,0,0,1555,4,0,,,,0.5,4,0.8,0.5,,,,
ChangeDistiller,418,289,90,76,93,159,0,0,1561,4,0,,,,0.5,6,0.8,0.5,,,,
ChangeDistiller,638,328,166,148,90,234,0,0,1557,4,0,,,,0.5,2,0.8,0.7,,,,
ChangeDistiller,622,326,160,141,90,231,0,0,1569,4,0,,,,0.5,4,0.8,0.7,,,,
ChangeDistiller,606,320,156,136,90,224,0,0,1561,4,0,,,,0.5,6,0.8,0.7,,,,
ChangeDistiller,640,328,167,149,90,234,0,0,1570,4,0,,,,0.5,2,0.8,0.899,,,,
ChangeDistiller,643,329,168,150,90,235,0,0,1570,4,0,,,,0.5,4,0.8,0.899,,,,
ChangeDistiller,645,329,169,151,90,235,0,0,1573,4,0,,,,0.5,6,0.8,0.899,,,,
ChangeDistiller,577,355,131,105,98,243,0,0,1561,4,0,,,,0.5,2,1.0,0.1,,,,
ChangeDistiller,468,329,95,63,96,214,0,0,1559,4,0,,,,0.5,4,1.0,0.1,,,,
ChangeDistiller,409,306,78,45,95,191,0,0,1559,4,0,,,,0.5,6,1.0,0.1,,,,
ChangeDistiller,581,344,137,113,92,239,0,0,1575,4,0,,,,0.5,2,1.0,0.3,,,,
ChangeDistiller,472,324,100,67,93,212,0,0,1560,4,0,,,,0.5,4,1.0,0.3,,,,
ChangeDistiller,410,303,83,45,93,189,0,0,1568,4,0,,,,0.5,6,1.0,0.3,,,,
ChangeDistiller,614,335,149,134,92,239,0,0,1548,4,0,,,,0.5,2,1.0,0.5,,,,
ChangeDistiller,523,319,118,95,93,217,0,0,1568,4,0,,,,0.5,4,1.0,0.5,,,,
ChangeDistiller,466,305,103,71,93,199,0,0,1568,4,0,,,,0.5,6,1.0,0.5,,,,
ChangeDistiller,663,331,174,160,90,239,0,0,1570,4,0,,,,0.5,2,1.0,0.7,,,,
ChangeDistiller,644,328,167,152,90,235,0,0,1549,4,0,,,,0.5,4,1.0,0.7,,,,
ChangeDistiller,629,323,163,147,90,229,0,0,1548,4,0,,,,0.5,6,1.0,0.7,,,,
ChangeDistiller,665,331,175,161,90,239,0,0,1549,4,0,,,,0.5,2,1.0,0.899,,,,
ChangeDistiller,665,331,175,161,90,239,0,0,1572,4,0,,,,0.5,4,1.0,0.899,,,,
ChangeDistiller,665,331,175,161,90,239,0,0,1553,4,0,,,,0.5,6,1.0,0.899,,,,
ChangeDistiller,86,77,19,5,29,33,0,0,581,4,0,,,,0.7,2,0.2,0.1,,,,
ChangeDistiller,86,77,19,5,29,33,0,0,588,4,0,,,,0.7,4,0.2,0.1,,,,
ChangeDistiller,86,77,19,5,29,33,0,0,589,4,0,,,,0.7,6,0.2,0.1,,,,
ChangeDistiller,86,77,19,5,29,33,0,0,589,4,0,,,,0.7,2,0.2,0.3,,,,
ChangeDistiller,86,77,19,5,29,33,0,0,588,4,0,,,,0.7,4,0.2,0.3,,,,
ChangeDistiller,86,77,19,5,29,33,0,0,581,4,0,,,,0.7,6,0.2,0.3,,,,
ChangeDistiller,89,79,20,6,29,34,0,0,589,4,0,,,,0.7,2,0.2,0.5,,,,
ChangeDistiller,92,80,21,7,29,35,0,0,588,4,0,,,,0.7,4,0.2,0.5,,,,
ChangeDistiller,92,80,21,7,29,35,0,0,580,4,0,,,,0.7,6,0.2,0.5,,,,
ChangeDistiller,137,123,32,18,32,55,0,0,592,4,0,,,,0.7,2,0.2,0.7,,,,
ChangeDistiller,169,137,44,30,28,67,0,0,584,4,0,,,,0.7,4,0.2,0.7,,,,
ChangeDistiller,179,139,47,33,28,71,0,0,592,4,0,,,,0.7,6,0.2,0.7,,,,
ChangeDistiller,140,126,33,19,32,56,0,0,584,4,0,,,,0.7,2,0.2,0.899,,,,
ChangeDistiller,192,158,51,37,28,76,0,0,581,4,0,,,,0.7,4,0.2,0.899,,,,
ChangeDistiller,222,171,59,45,28,90,0,0,590,4,0,,,,0.7,6,0.2,0.899,,,,
ChangeDistiller,86,77,19,5,29,33,0,0,586,4,0,,,,0.7,2,0.4,0.1,,,,
ChangeDistiller,86,77,19,5,29,33,0,0,594,4,0,,,,0.7,4,0.4,0.1,,,,
ChangeDistiller,86,77,19,5,29,33,0,0,594,4,0,,,,0.7,6,0.4,0.1,,,,
ChangeDistiller,86,77,19,5,29,33,0,0,586,4,0,,,,0.7,2,0.4,0.3,,,,
ChangeDistiller,86,77,19,5,29,33,0,0,584,4,0,,,,0.7,4,0.4,0.3,,,,
ChangeDistiller,86,77,19,5,29,33,0,0,591,4,0,,,,0.7,6,0.4,0.3,,,,
ChangeDistiller,89,79,20,6,29,34,0,0,592,4,0,,,,0.7,2,0.4,0.5,,,,
ChangeDistiller,92,80,21,7,29,35,0,0,583,4,0,,,,0.7,4,0.4,0.5,,,,
ChangeDistiller,92,80,21,7,29,35,0,0,584,4,0,,,,0.7,6,0.4,0.5,,,,
ChangeDistiller,127,112,33,19,29,46,0,0,592,4,0,,,,0.7,2,0.4,0.7,,,,
ChangeDistiller,163,130,44,30,28,61,0,0,582,4,0,,,,0.7,4,0.4,0.7,,,,
ChangeDistiller,173,132,47,33,28,65,0,0,590,4,0,,,,0.7,6,0.4,0.7,,,,
ChangeDistiller,130,115,34,20,29,47,0,0,590,4,0,,,,0.7,2,0.4,0.899,,,,
ChangeDistiller,186,151,51,37,28,70,0,0,582,4,0,,,,0.7,4,0.4,0.899,,,,
ChangeDistiller,216,164,59,45,28,84,0,0,582,4,0,,,,0.7,6,0.4,0.899,,,,
ChangeDistiller,89,78,20,6,29,34,0,0,588,4,0,,,,0.7,2,0.6,0.1,,,,
ChangeDistiller,86,77,19,5,29,33,0,0,588,4,0,,,,0.7,4,0.6,0.1,,,,
ChangeDistiller,86,77,19,5,29,33,0,0,581,4,0,,,,0.7,6,0.6,0.1,,,,
ChangeDistiller,89,78,20,6,29,34,0,0,585,4,0,,,,0.7,2,0.6,0.3,,,,
ChangeDistiller,86,77,19,5,29,33,0,0,593,4,0,,,,0.7,4,0.6,0.3,,,,
ChangeDistiller,86,77,19,5,29,33,0,0,582,4,0,,,,0.7,6,0.6,0.3,,,,
ChangeDistiller,92,80,21,7,29,35,0,0,590,4,0,,,,0.7,2,0.6,0.5,,,,
ChangeDistiller,92,80,21,7,29,35,0,0,589,4,0,,,,0.7,4,0.6,0.5,,,,
ChangeDistiller,92,80,21,7,29,35,0,0,582,4,0,,,,0.7,6,0.6,0.5,,,,
ChangeDistiller,136,115,36,22,29,49,0,0,582,4,0,,,,0.7,2,0.6,0.7,,,,
ChangeDistiller,179,127,50,36,28,65,0,0,594,4,0,,,,0.7,4,0.6,0.7,,,,
ChangeDistiller,184,126,52,38,28,66,0,0,594,4,0,,,,0.7,6,0.6,0.7,,,,
ChangeDistiller,139,118,37,23,29,50,0,0,585,4,0,,,,0.7,2,0.6,0.899,,,,
ChangeDistiller,202,148,57,43,28,74,0,0,582,4,0,,,,0.7,4,0.6,0.899,,,,
ChangeDistiller,224,154,64,50,28,82,0,0,591,4,0,,,,0.7,6,0.6,0.899,,,,
ChangeDistiller,177,123,46,32,30,69,0,0,582,4,0,,,,0.7,2,0.8,0.1,,,,
ChangeDistiller,110,92,26,12,29,43,0,0,598,4,0,,,,0.7,4,0.8,0.1,,,,
ChangeDistiller,98,84,23,9,29,37,0,0,596,4,0,,,,0.7,6,0.8,0.1,,,,
ChangeDistiller,174,121,46,32,28,68,0,0,589,4,0,,,,0.7,2,0.8,0.3,,,,
ChangeDistiller,110,92,26,12,29,43,0,0,589,4,0,,,,0.7,4,0.8,0.3,,,,
ChangeDistiller,98,84,23,9,29,37,0,0,594,4,0,,,,0.7,6,0.8,0.3,,,,
ChangeDistiller,176,120,47,33,28,68,0,0,586,4,0,,,,0.7,2,0.8,0.5,,,,
ChangeDistiller,116,95,28,14,29,45,0,0,594,4,0,,,,0.7,4,0.8,0.5,,,,
ChangeDistiller,104,87,25,11,29,39,0,0,585,4,0,,,,0.7,6,0.8,0.5,,,,
ChangeDistiller,237,152,68,54,28,87,0,0,595,4,0,,,,0.7,2,0.8,0.7,,,,
ChangeDistiller,213,138,60,46,28,79,0,0,591,4,0,,,,0.7,4,0.8,0.7,,,,
ChangeDistiller,209,134,59,45,28,77,0,0,591,4,0,,,,0.7,6,0.8,0.7,,,,
ChangeDistiller,240,155,69,55,28,88,0,0,592,4,0,,,,0.7,2,0.8,0.899,,,,
ChangeDistiller,269,159,75,61,28,105,0,0,584,4,0,,,,0.7,4,0.8,0.899,,,,
ChangeDistiller,288,164,81,67,28,112,0,0,584,4,0,,,,0.7,6,0.8,0.899,,,,
ChangeDistiller,330,197,75,61,30,164,0,0,584,4,0,,,,0.7,2,1.0,0.1,,,,
ChangeDistiller,259,179,52,35,29,143,0,0,591,4,0,,,,0.7,4,1.0,0.1,,,,
ChangeDistiller,231,169,44,26,29,132,0,0,591,4,0,,,,0.7,6,1.0,0.1,,,,
ChangeDistiller,327,195,75,61,28,163,0,0,585,4,0,,,,0.7,2,1.0,0.3,,,,
ChangeDistiller,259,179,52,35,29,143,0,0,595,4,0,,,,0.7,4,1.0,0.3,,,,
ChangeDistiller,231,169,44,26,29,132,0,0,583,4,0,,,,0.7,6,1.0,0.3,,,,
ChangeDistiller,329,194,76,62,28,163,0,0,592,4,0,,,,0.7,2,1.0,0.5,,,,
ChangeDistiller,264,177,54,38,29,143,0,0,591,4,0,,,,0.7,4,1.0,0.5,,,,
ChangeDistiller,236,167,46,29,29,132,0,0,582,4,0,,,,0.7,6,1.0,0.5,,,,
ChangeDistiller,353,193,88,74,28,163,0,0,583,4,0,,,,0.7,2,1.0,0.7,,,,
ChangeDistiller,338,190,82,68,28,160,0,0,584,4,0,,,,0.7,4,1.0,0.7,,,,
ChangeDistiller,321,185,77,62,28,154,0,0,593,4,0,,,,0.7,6,1.0,0.7,,,,
ChangeDistiller,355,193,89,75,28,163,0,0,592,4,0,,,,0.7,2,1.0,0.899,,,,
ChangeDistiller,355,193,89,75,28,163,0,0,589,4,0,,,,0.7,4,1.0,0.899,,,,
ChangeDistiller,355,193,89,75,28,163,0,0,594,4,0,,,,0.7,6,1.0,0.899,,,,
ChangeDistiller,34,25,16,2,5,11,0,0,499,4,0,,,,0.899,2,0.2,0.1,,,,
ChangeDistiller,34,25,16,2,5,11,0,0,506,4,0,,,,0.899,4,0.2,0.1,,,,
ChangeDistiller,34,25,16,2,5,11,0,0,500,4,0,,,,0.899,6,0.2,0.1,,,,
ChangeDistiller,34,25,16,2,5,11,0,0,506,4,0,,,,0.899,2,0.2,0.3,,,,
ChangeDistiller,34,25,16,2,5,11,0,0,500,4,0,,,,0.899,4,0.2,0.3,,,,
ChangeDistiller,34,25,16,2,5,11,0,0,500,4,0,,,,0.899,6,0.2,0.3,,,,
ChangeDistiller,37,27,17,3,5,12,0,0,513,4,0,,,,0.899,2,0.2,0.5,,,,
ChangeDistiller,37,27,17,3,5,12,0,0,513,4,0,,,,0.899,4,0.2,0.5,,,,
ChangeDistiller,37,27,17,3,5,12,0,0,502,4,0,,,,0.899,6,0.2,0.5,,,,
ChangeDistiller,47,35,19,5,6,17,0,0,509,4,0,,,,0.899,2,0.2,0.7,,,,
ChangeDistiller,62,43,25,11,4,22,0,0,502,4,0,,,,0.899,4,0.2,0.7,,,,
ChangeDistiller,62,43,25,11,4,22,0,0,510,4,0,,,,0.899,6,0.2,0.7,,,,
ChangeDistiller,47,35,19,5,6,17,0,0,501,4,0,,,,0.899,2,0.2,0.899,,,,
ChangeDistiller,65,46,26,12,4,23,0,0,510,4,0,,,,0.899,4,0.2,0.899,,,,
ChangeDistiller,80,55,29,15,4,32,0,0,510,4,0,,,,0.899,6,0.2,0.899,,,,
ChangeDistiller,34,25,16,2,5,11,0,0,509,4,0,,,,0.899,2,0.4,0.1,,,,
ChangeDistiller,34,25,16,2,5,11,0,0,510,4,0,,,,0.899,4,0.4,0.1,,,,
ChangeDistiller,34,25,16,2,5,11,0,0,509,4,0,,,,0.899,6,0.4,0.1,,,,
ChangeDistiller,34,25,16,2,5,11,0,0,503,4,0,,,,0.899,2,0.4,0.3,,,,
ChangeDistiller,34,25,16,2,5,11,0,0,510,4,0,,,,0.899,4,0.4,0.3,,,,
ChangeDistiller,34,25,16,2,5,11,0,0,503,4,0,,,,0.899,6,0.4,0.3,,,,
ChangeDistiller,37,27,17,3,5,12,0,0,510,4,0,,,,0.899,2,0.4,0.5,,,,
ChangeDistiller,37,27,17,3,5,12,0,0,504,4,0,,,,0.899,4,0.4,0.5,,,,
ChangeDistiller,37,27,17,3,5,12,0,0,519,4,0,,,,0.899,6,0.4,0.5,,,,
ChangeDistiller,43,32,19,5,5,14,0,0,506,4,0,,,,0.899,2,0.4,0.7,,,,
ChangeDistiller,62,43,25,11,4,22,0,0,506,4,0,,,,0.899,4,0.4,0.7,,,,
ChangeDistiller,62,43,25,11,4,22,0,0,512,4,0,,,,0.899,6,0.4,0.7,,,,
ChangeDistiller,43,32,19,5,5,14,0,0,512,4,0,,,,0.899,2,0.4,0.899,,,,
ChangeDistiller,65,46,26,12,4,23,0,0,505,4,0,,,,0.899,4,0.4,0.899,,,,
ChangeDistiller,80,55,29,15,4,32,0,0,512,4,0,,,,0.899,6,0.4,0.899,,,,
ChangeDistiller,34,25,16,2,5,11,0,0,505,4,0,,,,0.899,2,0.6,0.1,,,,
ChangeDistiller,34,25,16,2,5,11,0,0,519,4,0,,,,0.899,4,0.6,0.1,,,,
ChangeDistiller,34,25,16,2,5,11,0,0,512,4,0,,,,0.899,6,0.6,0.1,,,,
ChangeDistiller,34,25,16,2,5,11,0,0,509,4,0,,,,0.899,2,0.6,0.3,,,,
ChangeDistiller,34,25,16,2,5,11,0,0,503,4,0,,,,0.899,4,0.6,0.3,,,,
ChangeDistiller,34,25,16,2,5,11,0,0,503,4,0,,,,0.899,6,0.6,0.3,,,,
ChangeDistiller,37,27,17,3,5,12,0,0,509,4,0,,,,0.899,2,0.6,0.5,,,,
ChangeDistiller,37,27,17,3,5,12,0,0,509,4,0,,,,0.899,4,0.6,0.5,,,,
ChangeDistiller,37,27,17,3,5,12,0,0,503,4,0,,,,0.899,6,0.6,0.5,,,,
ChangeDistiller,43,32,19,5,5,14,0,0,510,4,0,,,,0.899,2,0.6,0.7,,,,
ChangeDistiller,62,43,25,11,4,22,0,0,503,4,0,,,,0.899,4,0.6,0.7,,,,
ChangeDistiller,62,43,25,11,4,22,0,0,499,4,0,,,,0.899,6,0.6,0.7,,,,
ChangeDistiller,43,32,19,5,5,14,0,0,505,4,0,,,,0.899,2,0.6,0.899,,,,
ChangeDistiller,65,46,26,12,4,23,0,0,505,4,0,,,,0.899,4,0.6,0.899,,,,
ChangeDistiller,80,55,29,15,4,32,0,0,498,4,0,,,,0.899,6,0.6,0.899,,,,
ChangeDistiller,71,46,27,13,5,26,0,0,498,4,0,,,,0.899,2,0.8,0.1,,,,
ChangeDistiller,34,25,16,2,5,11,0,0,505,4,0,,,,0.899,4,0.8,0.1,,,,
ChangeDistiller,34,25,16,2,5,11,0,0,505,4,0,,,,0.899,6,0.8,0.1,,,,
ChangeDistiller,69,44,27,13,4,25,0,0,499,4,0,,,,0.899,2,0.8,0.3,,,,
ChangeDistiller,34,25,16,2,5,11,0,0,505,4,0,,,,0.899,4,0.8,0.3,,,,
ChangeDistiller,34,25,16,2,5,11,0,0,499,4,0,,,,0.899,6,0.8,0.3,,,,
ChangeDistiller,72,46,28,14,4,26,0,0,505,4,0,,,,0.899,2,0.8,0.5,,,,
ChangeDistiller,37,27,17,3,5,12,0,0,512,4,0,,,,0.899,4,0.8,0.5,,,,
ChangeDistiller,37,27,17,3,5,12,0,0,512,4,0,,,,0.899,6,0.8,0.5,,,,
ChangeDistiller,87,51,33,19,4,31,0,0,505,4,0,,,,0.899,2,0.8,0.7,,,,
ChangeDistiller,80,46,31,17,4,28,0,0,506,4,0,,,,0.899,4,0.8,0.7,,,,
ChangeDistiller,76,46,30,16,4,26,0,0,512,4,0,,,,0.899,6,0.8,0.7,,,,
ChangeDistiller,87,51,33,19,4,31,0,0,511,4,0,,,,0.899,2,0.8,0.899,,,,
ChangeDistiller,87,51,33,19,4,31,0,0,506,4,0,,,,0.899,4,0.8,0.899,,,,
ChangeDistiller,104,58,38,24,4,38,0,0,513,4,0,,,,0.899,6,0.8,0.899,,,,
ChangeDistiller,181,106,46,32,5,98,0,0,509,4,0,,,,0.899,2,1.0,0.1,,,,
ChangeDistiller,161,105,39,23,5,94,0,0,500,4,0,,,,0.899,4,1.0,0.1,,,,
ChangeDistiller,146,96,36,20,5,85,0,0,506,4,0,,,,0.899,6,1.0,0.1,,,,
ChangeDistiller,180,106,46,32,4,98,0,0,506,4,0,,,,0.899,2,1.0,0.3,,,,
ChangeDistiller,161,105,39,23,5,94,0,0,499,4,0,,,,0.899,4,1.0,0.3,,,,
ChangeDistiller,146,96,36,20,5,85,0,0,499,4,0,,,,0.899,6,1.0,0.3,,,,
ChangeDistiller,182,105,47,33,4,98,0,0,506,4,0,,,,0.899,2,1.0,0.5,,,,
ChangeDistiller,163,104,40,24,5,94,0,0,506,4,0,,,,0.899,4,1.0,0.5,,,,
ChangeDistiller,148,95,37,21,5,85,0,0,496,4,0,,,,0.899,6,1.0,0.5,,,,
ChangeDistiller,186,104,49,35,4,98,0,0,495,4,0,,,,0.899,2,1.0,0.7,,,,
ChangeDistiller,184,104,48,34,4,98,0,0,481,4,0,,,,0.899,4,1.0,0.7,,,,
ChangeDistiller,168,99,45,28,4,91,0,0,475,4,0,,,,0.899,6,1.0,0.7,,,,
ChangeDistiller,186,104,49,35,4,98,0,0,475,4,0,,,,0.899,2,1.0,0.899,,,,
ChangeDistiller,186,104,49,35,4,98,0,0,470,4,0,,,,0.899,4,1.0,0.899,,,,
ChangeDistiller,186,104,49,35,4,98,0,0,467,4,0,,,,0.899,6,1.0,0.899,,,,
